Name,Team,Position.X,Position.Y,Position.Z,ActiveWeapon,HP,Armour,Velocity.X,Velocity.Y,Velocity.Z,IsDucking,HasHelmet,HasDefuseKit,ViewDirectionX,ViewDirectionY,Map = de_inferno
device ;M;,CounterTerrorist,2440,2032,123.4813,Knife,100,100,0,0,0,False,True,True,169.4531,8.789063
device ;M;,CounterTerrorist,2440,2032,123.4813,Knife,100,100,0,0,0,False,True,True,169.4531,8.789063
device ;M;,CounterTerrorist,2440,2032,123.4813,Knife,100,100,0,0,0,False,True,True,169.4531,8.789063
device ;M;,CounterTerrorist,2440,2032,123.4813,Knife,100,100,0,0,0,False,True,True,144.8438,0
device ;M;,CounterTerrorist,2440,2032,123.4813,Knife,100,100,0,0,0,False,True,True,144.8438,0
device ;M;,CounterTerrorist,2440,2032,123.4813,Knife,100,100,0,0,0,False,True,True,144.8438,0
device ;M;,CounterTerrorist,2440,2032,123.4813,Knife,100,100,0,0,0,False,True,True,144.8438,0
device ;M;,CounterTerrorist,2440,2032,123.4813,Knife,100,100,0,0,0,False,True,True,144.8438,0
device ;M;,CounterTerrorist,2440,2032,123.4813,Knife,100,100,0,0,0,False,True,True,144.8438,0
device ;M;,CounterTerrorist,2440,2032,123.4813,Knife,100,100,0,0,0,False,True,True,144.8438,0
device ;M;,CounterTerrorist,2440,2032,123.4813,Knife,100,100,0,0,0,False,True,True,144.8438,0
device ;M;,CounterTerrorist,2440,2032,123.4813,Knife,100,100,0,0,0,False,True,True,144.8438,0
device ;M;,CounterTerrorist,2440,2032,123.4813,Knife,100,100,0,0,0,False,True,True,144.8438,0
device ;M;,CounterTerrorist,2440,2032,123.4813,Knife,100,100,0,0,0,False,True,True,151.5234,0.703125
device ;M;,CounterTerrorist,2440,2032,123.4813,Knife,100,100,0,0,0,False,True,True,187.3828,2.109375
device ;M;,CounterTerrorist,2440,2032,123.4813,Knife,100,100,0,0,0,False,True,True,223.9453,1.054688
device ;M;,CounterTerrorist,2440,2032,123.4813,Knife,100,100,0,0,0,False,True,True,228.8672,0.703125
device ;M;,CounterTerrorist,2440,2032,123.4813,Knife,100,100,0,0,0,False,True,True,228.8672,0.703125
device ;M;,CounterTerrorist,2440,2032,123.4813,Knife,100,100,0,0,0,False,True,True,228.8672,0.703125
device ;M;,CounterTerrorist,2440,2032,123.4813,Knife,100,100,0,0,0,False,True,True,228.8672,0.703125
device ;M;,CounterTerrorist,2440,2032,123.4813,Knife,100,100,0,0,0,False,True,True,228.8672,0.703125
device ;M;,CounterTerrorist,2440,2032,123.4813,Knife,100,100,0,0,0,False,True,True,228.8672,0.703125
device ;M;,CounterTerrorist,2440,2032,123.4813,Knife,100,100,0,0,0,False,True,True,228.8672,0.703125
device ;M;,CounterTerrorist,2440,2032,123.4813,Knife,100,100,0,0,0,False,True,True,228.8672,0.703125
device ;M;,CounterTerrorist,2440,2032,123.4813,Knife,100,100,0,0,0,False,True,True,228.8672,0.703125
device ;M;,CounterTerrorist,2440,2032,123.4813,HE,100,100,0,0,0,False,True,True,228.8672,0.703125
device ;M;,CounterTerrorist,2440,2032,123.4813,HE,100,100,0,0,0,False,True,True,228.8672,0.703125
device ;M;,CounterTerrorist,2440,2032,123.4813,HE,100,100,0,0,0,False,True,True,228.8672,0.703125
device ;M;,CounterTerrorist,2440,2032,123.4813,HE,100,100,0,0,0,False,True,True,228.8672,0.703125
device ;M;,CounterTerrorist,2440,2032,123.4813,HE,100,100,0,0,0,False,True,True,228.8672,0.703125
device ;M;,CounterTerrorist,2440,2032,123.4813,HE,100,100,0,0,0,False,True,True,228.1641,0
device ;M;,CounterTerrorist,2440,2032,123.4813,HE,100,100,0,0,0,False,True,True,228.5156,0
device ;M;,CounterTerrorist,2440,2032,123.4813,HE,100,100,0,0,0,False,True,True,228.5156,0
device ;M;,CounterTerrorist,2440,2032,123.4813,CZ,100,100,0,0,0,False,True,True,228.1641,0
device ;M;,CounterTerrorist,2440,2032,123.4813,AWP,100,100,0,0,0,False,True,True,227.4609,0
device ;M;,CounterTerrorist,2440,2032,123.4813,AWP,100,100,0,0,0,False,True,True,226.4063,0.3515625
device ;M;,CounterTerrorist,2440,2032,123.4813,AWP,100,100,0,0,0,False,True,True,220.7813,1.054688
device ;M;,CounterTerrorist,2440,2032,123.4813,AWP,100,100,0,0,0,False,True,True,210.9375,1.757813
device ;M;,CounterTerrorist,2440,2032,123.4813,AWP,100,100,0,0,0,False,True,True,197.5781,1.757813
device ;M;,CounterTerrorist,2440,2032,123.4813,AWP,100,100,0,0,0,False,True,True,194.0625,1.40625
device ;M;,CounterTerrorist,2440,2032,123.4813,Knife,100,100,0,0,0,False,True,True,194.0625,1.40625
device ;M;,CounterTerrorist,2440,2032,123.4813,Knife,100,100,0,0,0,False,True,True,194.0625,1.40625
device ;M;,CounterTerrorist,2440,2032,123.4813,Knife,100,100,0,0,0,False,True,True,192.3047,0.703125
device ;M;,CounterTerrorist,2440,2032,123.4813,Knife,100,100,0,0,0,False,True,True,172.9688,0.3515625
device ;M;,CounterTerrorist,2440,2032,123.4813,Knife,100,100,0,0,0,True,True,True,144.4922,0.3515625
device ;M;,CounterTerrorist,2440,2032,123.4813,Knife,100,100,0,0,0,True,True,True,119.8828,359.6484
device ;M;,CounterTerrorist,2440,2032,123.4813,Knife,100,100,0,0,0,True,True,True,110.3906,359.6484
device ;M;,CounterTerrorist,2440,2032,123.4813,Knife,100,100,0,0,0,True,True,True,106.875,359.6484
device ;M;,CounterTerrorist,2440,2032,123.4813,Knife,100,100,0,0,0,True,True,True,105.1172,359.6484
device ;M;,CounterTerrorist,2440,2032,123.4813,Knife,100,100,0,0,0,True,True,True,104.7656,359.2969
device ;M;,CounterTerrorist,2440,2032,123.4813,Knife,100,100,0,0,0,True,True,True,104.7656,359.2969
device ;M;,CounterTerrorist,2440,2032,123.4813,Knife,100,100,0,0,0,True,True,True,104.7656,359.2969
device ;M;,CounterTerrorist,2440,2032,123.4813,Knife,100,100,0,0,0,True,True,True,104.7656,359.2969
device ;M;,CounterTerrorist,2440,2032,123.4813,Knife,100,100,0,0,0,True,True,True,104.7656,359.2969
device ;M;,CounterTerrorist,2440,2032,123.4813,Knife,100,100,0,0,0,True,True,True,104.7656,359.2969
device ;M;,CounterTerrorist,2440,2032,123.4813,Knife,100,100,0,0,0,True,True,True,103.7109,359.2969
device ;M;,CounterTerrorist,2440,2032,123.4813,Knife,100,100,0,0,0,True,True,True,102.6563,359.2969
device ;M;,CounterTerrorist,2440,2032,123.4813,Knife,100,100,0,0,0,False,True,True,101.9531,359.2969
device ;M;,CounterTerrorist,2440,2032,123.4813,Knife,100,100,0,0,0,False,True,True,101.9531,359.2969
device ;M;,CounterTerrorist,2440,2032,123.4813,Knife,100,100,0,0,0,False,True,True,101.9531,359.2969
device ;M;,CounterTerrorist,2440,2032,123.4813,Knife,100,100,0,0,0,False,True,True,101.9531,359.2969
device ;M;,CounterTerrorist,2440,2032,123.4813,Knife,100,100,0,0,0,False,True,True,101.25,358.9453
device ;M;,CounterTerrorist,2440,2032,123.4813,Knife,100,100,0,0,0,False,True,True,99.14063,358.9453
device ;M;,CounterTerrorist,2440,2032,123.4813,Knife,100,100,0,0,0,False,True,True,99.14063,358.9453
device ;M;,CounterTerrorist,2440,2032,123.4813,Knife,100,100,0,0,0,False,True,True,115.6641,1.054688
device ;M;,CounterTerrorist,2440,2032,123.4813,Knife,100,100,0,0,0,False,True,True,149.7656,3.164063
device ;M;,CounterTerrorist,2440,2032,123.4813,Knife,100,100,0,0,0,False,True,True,207.4219,4.570313
device ;M;,CounterTerrorist,2440,2032,123.4813,Knife,100,100,0,0,0,False,True,True,233.0859,4.570313
device ;M;,CounterTerrorist,2440,2032,123.4813,Knife,100,100,0,0,0,False,True,True,233.0859,4.570313
device ;M;,CounterTerrorist,2440,2032,123.4813,Knife,100,100,0,0,0,False,True,True,233.0859,4.570313
device ;M;,CounterTerrorist,2440,2032,123.4813,Knife,100,100,0,0,0,False,True,True,233.0859,4.570313
device ;M;,CounterTerrorist,2440,2032,123.4813,Knife,100,100,0,0,0,False,True,True,233.0859,4.570313
device ;M;,CounterTerrorist,2440,2032,123.4813,Knife,100,100,0,0,0,False,True,True,236.25,4.570313
device ;M;,CounterTerrorist,2440,2032,123.4813,Knife,100,100,0,0,0,False,True,True,240.4688,4.570313
device ;M;,CounterTerrorist,2440,2032,123.4813,Knife,100,100,0,0,0,False,True,True,243.2813,4.570313
device ;M;,CounterTerrorist,2440,2032,123.4813,Knife,100,100,0,0,0,False,True,True,244.3359,4.21875
device ;M;,CounterTerrorist,2440,2032,123.4813,Knife,100,100,0,0,0,False,True,True,245.3906,4.21875
device ;M;,CounterTerrorist,2440,2032,123.4813,Knife,100,100,0,0,0,False,True,True,246.4453,4.21875
device ;M;,CounterTerrorist,2440,2032,123.4813,Knife,100,100,0,0,0,False,True,True,248.5547,3.867188
device ;M;,CounterTerrorist,2440,2032,123.4813,Knife,100,100,0,0,0,False,True,True,250.3125,3.867188
device ;M;,CounterTerrorist,2440,2032,123.4813,Knife,100,100,0,0,0,False,True,True,251.7188,3.867188
device ;M;,CounterTerrorist,2440,2032,123.4813,Knife,100,100,0,0,0,False,True,True,252.7734,3.867188
device ;M;,CounterTerrorist,2440,2032,123.4813,Knife,100,100,0,0,0,False,True,True,254.1797,3.867188
device ;M;,CounterTerrorist,2440,2032,123.4813,Knife,100,100,0,0,0,False,True,True,254.8828,3.867188
device ;M;,CounterTerrorist,2440,2032,123.4813,Knife,100,100,0,0,0,False,True,True,254.8828,3.867188
device ;M;,CounterTerrorist,2440,2032,123.4813,Knife,100,100,0,0,0,False,True,True,254.8828,3.867188
device ;M;,CounterTerrorist,2440,2032,123.4813,Knife,100,100,0,0,0,False,True,True,254.8828,3.867188
device ;M;,CounterTerrorist,2440,2032,123.4813,Knife,100,100,0,0,0,False,True,True,254.8828,3.867188
device ;M;,CounterTerrorist,2440,2032,123.4813,Knife,100,100,0,0,0,False,True,True,254.8828,3.867188
device ;M;,CounterTerrorist,2440,2032,123.4813,Knife,100,100,0,0,0,False,True,True,254.8828,3.867188
device ;M;,CounterTerrorist,2440,2032,123.4813,Knife,100,100,0,0,0,False,True,True,254.8828,3.867188
device ;M;,CounterTerrorist,2440,2032,123.4813,Knife,100,100,0,0,0,False,True,True,254.8828,3.867188
device ;M;,CounterTerrorist,2440,2032,123.4813,Knife,100,100,0,0,0,False,True,True,254.8828,3.867188
device ;M;,CounterTerrorist,2440,2032,123.4813,Knife,100,100,0,0,0,False,True,True,254.8828,3.867188
device ;M;,CounterTerrorist,2440,2032,123.4813,Knife,100,100,0,0,0,False,True,True,254.8828,3.867188
device ;M;,CounterTerrorist,2440,2032,123.4813,Knife,100,100,0,0,0,False,True,True,254.8828,3.867188
device ;M;,CounterTerrorist,2440,2032,123.4813,Knife,100,100,0,0,0,False,True,True,254.8828,3.867188
device ;M;,CounterTerrorist,2440,2032,123.4813,Knife,100,100,0,0,0,False,True,True,254.8828,3.867188
device ;M;,CounterTerrorist,2440,2032,123.4813,Knife,100,100,0,0,0,False,True,True,254.8828,3.867188
device ;M;,CounterTerrorist,2440,2032,123.4813,Knife,100,100,0,0,0,False,True,True,254.8828,3.867188
device ;M;,CounterTerrorist,2440,2032,123.4813,Knife,100,100,0,0,0,False,True,True,254.8828,3.867188
device ;M;,CounterTerrorist,2440,2032,123.4813,Knife,100,100,0,0,0,False,True,True,254.8828,3.867188
device ;M;,CounterTerrorist,2440,2032,123.4813,Knife,100,100,0,0,0,False,True,True,254.8828,3.867188
device ;M;,CounterTerrorist,2440,2032,123.4813,Knife,100,100,0,0,0,False,True,True,254.8828,3.867188
device ;M;,CounterTerrorist,2440,2032,123.4813,Knife,100,100,0,0,0,False,True,True,254.8828,3.867188
device ;M;,CounterTerrorist,2440,2032,123.4813,Knife,100,100,0,0,0,False,True,True,254.8828,3.867188
device ;M;,CounterTerrorist,2440,2032,123.4813,Knife,100,100,0,0,0,False,True,True,254.8828,3.867188
device ;M;,CounterTerrorist,2440,2032,123.4813,Knife,100,100,0,0,0,False,True,True,254.8828,3.867188
device ;M;,CounterTerrorist,2440,2032,123.4813,Knife,100,100,0,0,0,False,True,True,254.8828,3.867188
device ;M;,CounterTerrorist,2440,2032,123.4813,Knife,100,100,0,0,0,False,True,True,254.8828,3.867188
device ;M;,CounterTerrorist,2440,2032,123.4813,Knife,100,100,0,0,0,False,True,True,254.8828,3.867188
device ;M;,CounterTerrorist,2440,2032,123.4813,Knife,100,100,0,0,0,False,True,True,254.8828,3.867188
device ;M;,CounterTerrorist,2440,2032,123.4813,Knife,100,100,0,0,0,False,True,True,254.8828,3.867188
device ;M;,CounterTerrorist,2440,2032,123.4813,Knife,100,100,0,0,0,False,True,True,254.8828,3.867188
device ;M;,CounterTerrorist,2440,2032,123.4813,Knife,100,100,0,0,0,False,True,True,254.8828,3.867188
device ;M;,CounterTerrorist,2440,2032,123.4813,Knife,100,100,0,0,0,False,True,True,254.8828,3.867188
device ;M;,CounterTerrorist,2440,2032,123.4813,Knife,100,100,0,0,0,False,True,True,254.8828,3.867188
device ;M;,CounterTerrorist,2440,2032,123.4813,Knife,100,100,0,0,0,False,True,True,254.8828,3.867188
device ;M;,CounterTerrorist,2440,2032,123.4813,Knife,100,100,0,0,0,False,True,True,254.8828,3.867188
device ;M;,CounterTerrorist,2440,2032,123.4813,Knife,100,100,0,0,0,False,True,True,254.8828,3.867188
device ;M;,CounterTerrorist,2440,2032,123.4813,Knife,100,100,0,0,0,False,True,True,255.2344,3.867188
device ;M;,CounterTerrorist,2440,2032,123.4813,Knife,100,100,0,0,0,False,True,True,255.5859,3.867188
device ;M;,CounterTerrorist,2440,2032,123.4813,Knife,100,100,0,0,0,False,True,True,255.5859,3.867188
device ;M;,CounterTerrorist,2440,2032,123.4813,Knife,100,100,0,0,0,False,True,True,255.2344,3.867188
device ;M;,CounterTerrorist,2440,2032,123.4813,Knife,100,100,0,0,0,False,True,True,255.2344,4.21875
device ;M;,CounterTerrorist,2440,2032,123.4813,Knife,100,100,0,0,0,False,True,True,255.2344,4.21875
device ;M;,CounterTerrorist,2440,2032,123.4813,Knife,100,100,0,0,0,False,True,True,255.2344,4.21875
device ;M;,CounterTerrorist,2440,2032,123.4813,Knife,100,100,0,0,0,False,True,True,255.2344,4.21875
device ;M;,CounterTerrorist,2440,2032,123.4813,Knife,100,100,0,0,0,False,True,True,254.8828,4.21875
device ;M;,CounterTerrorist,2440,2032,123.4813,Knife,100,100,0,0,0,False,True,True,254.8828,4.21875
device ;M;,CounterTerrorist,2440,2032,123.4813,Knife,100,100,0,0,0,False,True,True,254.8828,4.21875
device ;M;,CounterTerrorist,2440,2032,123.4813,Knife,100,100,0,0,0,False,True,True,254.8828,4.21875
device ;M;,CounterTerrorist,2440,2032,123.4813,Knife,100,100,0,0,0,False,True,True,254.8828,4.21875
device ;M;,CounterTerrorist,2440,2032,123.4813,Knife,100,100,0,0,0,False,True,True,254.8828,4.21875
device ;M;,CounterTerrorist,2440,2032,123.4813,Knife,100,100,0,0,0,False,True,True,254.8828,4.21875
device ;M;,CounterTerrorist,2440,2032,123.4813,Knife,100,100,0,0,0,False,True,True,254.8828,4.21875
device ;M;,CounterTerrorist,2440,2032,123.4813,Knife,100,100,0,0,0,False,True,True,254.8828,4.21875
device ;M;,CounterTerrorist,2440,2032,123.4813,Knife,100,100,0,0,0,False,True,True,254.8828,4.21875
device ;M;,CounterTerrorist,2440,2032,123.4813,Knife,100,100,0,0,0,False,True,True,254.8828,4.21875
device ;M;,CounterTerrorist,2440,2032,123.4813,Knife,100,100,0,0,0,False,True,True,254.8828,4.21875
device ;M;,CounterTerrorist,2440,2032,123.4813,Knife,100,100,0,0,0,False,True,True,254.8828,4.21875
device ;M;,CounterTerrorist,2440,2032,123.4813,Knife,100,100,0,0,0,False,True,True,254.8828,4.21875
device ;M;,CounterTerrorist,2440,2032,123.4813,Knife,100,100,0,0,0,False,True,True,254.8828,4.21875
device ;M;,CounterTerrorist,2440,2032,123.4813,Knife,100,100,0,0,0,False,True,True,254.8828,4.21875
device ;M;,CounterTerrorist,2440,2032,123.4813,Knife,100,100,0,0,0,False,True,True,254.8828,4.21875
device ;M;,CounterTerrorist,2440,2032,123.4813,Knife,100,100,0,0,0,False,True,True,254.8828,4.21875
device ;M;,CounterTerrorist,2440,2032,123.4813,Knife,100,100,0,0,0,False,True,True,254.8828,4.21875
device ;M;,CounterTerrorist,2440,2032,123.4813,Knife,100,100,0,0,0,False,True,True,254.8828,4.21875
device ;M;,CounterTerrorist,2440,2032,123.4813,Knife,100,100,0,0,0,False,True,True,254.8828,4.21875
device ;M;,CounterTerrorist,2440,2032,123.4813,Knife,100,100,0,0,0,False,True,True,254.8828,4.21875
device ;M;,CounterTerrorist,2440,2032,123.4813,Knife,100,100,0,0,0,False,True,True,254.8828,4.21875
device ;M;,CounterTerrorist,2440,2032,123.4813,Knife,100,100,0,0,0,False,True,True,254.8828,4.21875
device ;M;,CounterTerrorist,2440,2032,123.4813,Knife,100,100,0,0,0,False,True,True,254.8828,4.21875
device ;M;,CounterTerrorist,2440,2032,123.4813,Knife,100,100,0,0,0,False,True,True,254.8828,4.21875
device ;M;,CounterTerrorist,2440,2032,123.4813,Knife,100,100,0,0,0,False,True,True,254.8828,4.21875
device ;M;,CounterTerrorist,2440,2032,123.4813,Knife,100,100,0,0,0,False,True,True,254.8828,4.21875
device ;M;,CounterTerrorist,2440,2032,123.4813,Knife,100,100,0,0,0,False,True,True,254.8828,4.21875
device ;M;,CounterTerrorist,2440,2032,123.4813,Knife,100,100,0,0,0,False,True,True,254.8828,3.867188
device ;M;,CounterTerrorist,2440,2032,123.4813,Knife,100,100,0,0,0,False,True,True,254.5313,3.867188
device ;M;,CounterTerrorist,2440,2032,123.4813,Knife,100,100,0,0,0,False,True,True,254.5313,3.867188
device ;M;,CounterTerrorist,2440,2032,123.4813,Knife,100,100,0,0,0,False,True,True,254.5313,3.867188
device ;M;,CounterTerrorist,2440,2032,123.4813,Knife,100,100,0,0,0,False,True,True,254.5313,3.867188
device ;M;,CounterTerrorist,2440,2032,123.4813,Knife,100,100,0,0,0,False,True,True,254.5313,3.867188
device ;M;,CounterTerrorist,2440,2032,123.4813,Knife,100,100,0,0,0,False,True,True,254.5313,3.867188
device ;M;,CounterTerrorist,2440,2032,123.4813,Knife,100,100,0,0,0,False,True,True,254.5313,3.867188
device ;M;,CounterTerrorist,2440,2032,123.4813,Knife,100,100,0,0,0,False,True,True,254.5313,3.867188
device ;M;,CounterTerrorist,2440,2032,123.4813,Knife,100,100,0,0,0,False,True,True,254.5313,3.515625
device ;M;,CounterTerrorist,2440,2032,123.4813,Knife,100,100,0,0,0,False,True,True,254.5313,3.515625
device ;M;,CounterTerrorist,2440,2032,123.4813,Knife,100,100,0,0,0,False,True,True,254.5313,3.515625
device ;M;,CounterTerrorist,2440,2032,123.4813,Knife,100,100,0,0,0,False,True,True,254.5313,3.515625
device ;M;,CounterTerrorist,2440,2032,123.4813,Knife,100,100,0,0,0,False,True,True,254.5313,3.515625
device ;M;,CounterTerrorist,2440,2032,123.4813,Knife,100,100,0,0,0,False,True,True,254.5313,3.515625
device ;M;,CounterTerrorist,2440,2032,123.4813,Knife,100,100,0,0,0,False,True,True,254.5313,3.515625
device ;M;,CounterTerrorist,2440,2032,123.4813,Knife,100,100,0,0,0,False,True,True,254.5313,3.515625
device ;M;,CounterTerrorist,2440,2032,123.4813,Knife,100,100,0,0,0,False,True,True,254.5313,3.515625
device ;M;,CounterTerrorist,2440,2032,123.4813,Knife,100,100,0,0,0,False,True,True,254.5313,3.515625
device ;M;,CounterTerrorist,2440,2032,123.4813,Knife,100,100,0,0,0,False,True,True,254.5313,3.515625
device ;M;,CounterTerrorist,2440,2032,123.4813,Knife,100,100,0,0,0,False,True,True,254.5313,3.515625
device ;M;,CounterTerrorist,2440,2032,123.4813,Knife,100,100,0,0,0,False,True,True,254.5313,3.515625
device ;M;,CounterTerrorist,2440,2032,123.4813,Knife,100,100,0,0,0,False,True,True,254.5313,3.515625
device ;M;,CounterTerrorist,2440,2032,123.4813,Knife,100,100,0,0,0,False,True,True,254.5313,3.515625
device ;M;,CounterTerrorist,2440,2032,123.4813,Knife,100,100,0,0,0,False,True,True,254.5313,3.515625
device ;M;,CounterTerrorist,2440,2032,123.4813,Knife,100,100,0,0,0,False,True,True,254.5313,3.515625
device ;M;,CounterTerrorist,2440,2032,123.4813,Knife,100,100,0,0,0,False,True,True,254.5313,3.164063
device ;M;,CounterTerrorist,2440,2032,123.4813,Knife,100,100,0,0,0,False,True,True,254.5313,3.164063
device ;M;,CounterTerrorist,2440,2032,123.4813,Knife,100,100,0,0,0,False,True,True,254.5313,3.164063
device ;M;,CounterTerrorist,2440,2032,123.4813,Knife,100,100,0,0,0,False,True,True,254.5313,3.164063
device ;M;,CounterTerrorist,2440,2032,123.4813,Knife,100,100,0,0,0,False,True,True,254.5313,3.164063
device ;M;,CounterTerrorist,2440,2032,123.4813,Knife,100,100,0,0,0,False,True,True,254.5313,3.164063
device ;M;,CounterTerrorist,2440,2032,123.4813,Knife,100,100,0,0,0,False,True,True,254.5313,3.164063
device ;M;,CounterTerrorist,2440,2032,123.4813,Knife,100,100,0,0,0,False,True,True,254.5313,3.164063
device ;M;,CounterTerrorist,2439.881,2031.569,123.4707,Knife,100,100,-7.212958,-26.21323,0,False,True,True,254.5313,3.164063
device ;M;,CounterTerrorist,2438.619,2026.983,123.3585,Knife,100,100,-26.34691,-95.74957,0,False,True,True,254.5313,3.164063
device ;M;,CounterTerrorist,2436.479,2019.204,123.1681,Knife,100,100,-39.79137,-144.6092,0,False,True,True,254.5313,3.164063
device ;M;,CounterTerrorist,2433.628,2008.845,123.0487,Knife,100,100,-49.69396,-180.597,0,False,True,True,254.5313,3.164063
device ;M;,CounterTerrorist,2430.7,1998.202,123.0397,Knife,100,100,-56.19325,-204.2167,0,False,True,True,254.5313,3.164063
device ;M;,CounterTerrorist,2426.983,1984.693,123.0283,Knife,100,100,-61.77486,-224.5013,0,False,True,True,254.5313,3.164063
device ;M;,CounterTerrorist,2422.453,1968.231,123.1426,Knife,100,100,-66.31707,-241.0086,0,False,True,True,254.5313,3.164063
device ;M;,CounterTerrorist,2418.308,1953.165,123.2631,Knife,100,100,-66.32605,-241.0412,0,False,True,True,254.5313,3.164063
device ;M;,CounterTerrorist,2414.682,1939.983,123.2242,Knife,100,100,-66.31794,-241.0434,0,False,True,True,254.5313,3.164063
device ;M;,CounterTerrorist,2410.556,1924.913,123.0574,Knife,100,100,-65.65514,-241.2248,0,False,True,True,255.5859,3.164063
device ;M;,CounterTerrorist,2405.98,1907.941,123.0133,Knife,100,100,-64.66349,-241.4925,0,False,True,True,255.5859,3.164063
device ;M;,CounterTerrorist,2401.945,1892.845,123.7621,Knife,100,100,-64.70903,-241.4803,0,False,True,True,254.5313,2.8125
device ;M;,CounterTerrorist,2398.389,1879.644,124.4955,Knife,100,100,-65.24181,-241.3369,0,False,True,True,254.5313,2.8125
device ;M;,CounterTerrorist,2393.781,1862.681,125.4238,Knife,100,100,-65.74675,-241.1998,0,False,True,True,254.5313,2.8125
device ;M;,CounterTerrorist,2389.66,1847.609,126.0968,Knife,100,100,-66.07048,-241.1114,0,False,True,True,254.5313,2.8125
device ;M;,CounterTerrorist,2385.522,1832.542,127.1648,Knife,100,100,-66.3088,-241.0459,0,False,True,True,254.5313,2.8125
device ;M;,CounterTerrorist,2381.889,1819.362,128.0988,Knife,100,100,-66.5821,-240.9706,0,False,True,True,254.1797,2.8125
device ;M;,CounterTerrorist,2377.19,1802.424,129.2989,Knife,100,100,-67.01113,-240.8516,0,False,True,True,254.1797,2.8125
device ;M;,CounterTerrorist,2373.517,1789.254,137.4086,Knife,100,100,-67.25626,-240.7833,0,False,True,True,254.1797,2.8125
device ;M;,CounterTerrorist,2368.78,1772.327,145.8725,Knife,100,100,-67.45002,-240.7291,0,False,True,True,254.1797,2.8125
device ;M;,CounterTerrorist,2365.095,1759.161,152.4554,Knife,100,100,-67.26318,-240.7814,0,False,True,True,254.8828,2.8125
device ;M;,CounterTerrorist,2360.931,1744.101,159.9855,Knife,100,100,-65.90832,-241.1557,0,False,True,True,256.2891,3.164063
device ;M;,CounterTerrorist,2356.406,1727.115,160.0313,Knife,100,100,-62.82172,-241.9781,0,False,True,True,258.0469,3.515625
device ;M;,CounterTerrorist,2352.63,1711.953,160.0313,Knife,100,100,-58.35917,-243.093,0,False,True,True,260.1563,4.21875
device ;M;,CounterTerrorist,2349.186,1696.713,160.0313,Knife,100,100,-52.35538,-244.4564,0,False,True,True,262.2656,5.273438
device ;M;,CounterTerrorist,2346.516,1683.305,160.0313,Knife,100,100,-46.14278,-245.7048,0,False,True,True,264.375,6.328125
device ;M;,CounterTerrorist,2343.578,1665.974,160.0313,Knife,100,100,-38.44158,-247.0268,0,False,True,True,265.4297,7.382813
device ;M;,CounterTerrorist,2341.383,1650.505,160.0313,Knife,100,100,-32.72569,-247.8488,0,False,True,True,266.1328,8.085938
device ;M;,CounterTerrorist,2339.508,1634.993,160.0313,Knife,100,100,-28.06443,-248.4198,0,False,True,True,266.4844,8.4375
device ;M;,CounterTerrorist,2337.885,1619.453,160.0313,Knife,100,100,-24.4389,-248.8026,0,False,True,True,266.8359,8.4375
device ;M;,CounterTerrorist,2336.458,1603.893,160.0313,Knife,100,100,-21.70162,-249.0563,0,False,True,True,266.8359,8.4375
device ;M;,CounterTerrorist,2337.197,1588.637,160.0313,Knife,100,100,35.48684,-240.4935,0,False,True,True,267.5391,8.789063
device ;M;,CounterTerrorist,2341.023,1573.895,160.0313,Knife,100,100,79.84621,-232.0678,0,False,True,True,271.0547,8.789063
device ;M;,CounterTerrorist,2346.445,1561.5,160.0313,Knife,100,100,113.1232,-222.0584,0,False,True,True,277.0313,9.140625
device ;M;,CounterTerrorist,2355.865,1546.686,160.0313,Knife,100,100,149.4875,-200.3833,0,False,True,True,285.4688,9.84375
device ;M;,CounterTerrorist,2366.176,1534.963,160.0313,Knife,100,100,176.1676,-177.3837,0,False,True,True,291.4453,10.19531
device ;M;,CounterTerrorist,2377.925,1524.677,160.0313,Knife,100,100,196.1661,-154.9802,0,False,True,True,293.9063,10.19531
device ;M;,CounterTerrorist,2390.689,1515.673,160.0313,Knife,100,100,209.6124,-136.2448,0,False,True,True,294.6094,10.19531
device ;M;,CounterTerrorist,2404.109,1507.675,160.0313,Knife,100,100,218.1065,-122.1865,0,False,True,True,294.6094,10.19531
device ;M;,CounterTerrorist,2417.943,1500.414,160.0313,Knife,100,100,223.521,-111.9749,0,False,True,True,294.6094,10.19531
device ;M;,CounterTerrorist,2432.04,1493.678,160.0313,Knife,100,100,226.9084,-104.9409,0,False,True,True,294.6094,10.19531
device ;M;,CounterTerrorist,2446.297,1487.284,160.0313,Knife,100,100,228.8532,-100.629,0,False,True,True,293.5547,10.19531
device ;M;,CounterTerrorist,2459.49,1479.371,160.0313,Knife,100,100,198.2777,-144.9752,0,False,True,True,291.7969,9.84375
device ;M;,CounterTerrorist,2469.853,1470.671,160.0313,Knife,100,100,191.3496,-160.8892,0,False,True,True,289.6875,9.492188
device ;M;,CounterTerrorist,2483.786,1459.959,160.0313,Knife,100,100,202.1585,-147.0779,0,False,True,True,285.4688,9.140625
device ;M;,CounterTerrorist,2496.502,1450.897,160.0313,Knife,100,100,199.4916,-148.5402,0,False,True,True,281.9531,9.140625
device ;M;,CounterTerrorist,2506.308,1441.723,160.0313,Knife,100,100,165.0419,-181.0053,0,False,True,True,279.4922,9.140625
device ;M;,CounterTerrorist,2515.458,1429.381,160.0313,Knife,100,100,136.3611,-207.8062,0,False,True,True,276.3281,8.789063
device ;M;,CounterTerrorist,2525.844,1415.211,160.0313,Knife,100,100,148.9271,-200.3683,0,False,True,True,272.8125,8.4375
device ;M;,CounterTerrorist,2532.93,1403.561,160.0313,Knife,100,100,115.8289,-221.5483,0,False,True,True,270.7031,8.4375
device ;M;,CounterTerrorist,2538.979,1389.168,160.0313,Knife,100,100,82.7805,-235.897,0,False,True,True,268.5938,8.4375
device ;M;,CounterTerrorist,2543.167,1374.124,160.0313,Knife,100,100,55.59004,-243.7411,0,False,True,True,266.4844,8.085938
device ;M;,CounterTerrorist,2546.086,1356.797,160.0313,Knife,100,100,31.10441,-248.0575,0,False,True,True,264.7266,8.085938
device ;M;,CounterTerrorist,2547.287,1343.18,160.0313,Knife,100,100,15.41696,-249.5242,0,False,True,True,262.6172,8.085938
device ;M;,CounterTerrorist,2550.07,1325.849,160.0313,Knife,100,100,58.36011,-243.0928,0,False,True,True,260.1563,7.734375
device ;M;,CounterTerrorist,2553.4,1312.594,160.0313,Knife,100,100,50.30651,-244.8862,0,False,True,True,257.3438,7.734375
device ;M;,CounterTerrorist,2555.431,1295.15,160.0313,Knife,100,100,12.71111,-249.6767,0,False,True,True,253.125,7.734375
device ;M;,CounterTerrorist,2555.318,1281.484,160.0313,Knife,100,100,-12.70217,-249.6771,0,False,True,True,249.6094,7.734375
device ;M;,CounterTerrorist,2553.278,1264.034,160.0313,Knife,100,100,-41.51778,-246.5284,0,False,True,True,244.6875,7.03125
device ;M;,CounterTerrorist,2551.865,1250.444,160.0313,Knife,100,100,-13.38346,-249.6415,0,False,True,True,241.1719,6.679688
device ;M;,CounterTerrorist,2550.996,1232.898,160.0313,Knife,100,100,-28.72054,-248.3448,0,False,True,True,235.5469,6.328125
device ;M;,CounterTerrorist,2547.831,1217.612,160.0313,Knife,100,100,-66.48739,-240.9967,0,False,True,True,231.6797,6.328125
device ;M;,CounterTerrorist,2543.354,1204.701,160.0313,Knife,100,100,-92.45449,-232.2761,0,False,True,True,230.2734,6.328125
device ;M;,CounterTerrorist,2536.763,1190.54,160.0313,Knife,100,100,-114.5329,-222.2211,0,False,True,True,228.8672,6.328125
device ;M;,CounterTerrorist,2527.965,1175.328,160.0313,Knife,100,100,-132.8289,-211.7935,0,False,True,True,227.1094,6.328125
device ;M;,CounterTerrorist,2519.194,1162.4,160.0313,Knife,100,100,-145.8702,-203.0317,0,False,True,True,224.6484,6.328125
device ;M;,CounterTerrorist,2510.887,1151.543,160.0313,Knife,100,100,-156.4095,-195.0284,0,False,True,True,221.4844,6.328125
device ;M;,CounterTerrorist,2499.327,1138.307,160.0313,Knife,100,100,-171.1399,-182.2393,0,False,True,True,214.8047,6.328125
device ;M;,CounterTerrorist,2489.416,1129.311,160.0313,Knife,100,100,-191.2967,-140.304,0,False,True,True,207.0703,5.625
device ;M;,CounterTerrorist,2474.996,1122.363,160.0313,Knife,100,100,-214.3557,-67.83664,0,False,True,True,201.0938,4.921875
device ;M;,CounterTerrorist,2461.101,1119.941,160.0313,Knife,100,100,-227.9279,-18.37387,0,False,True,True,200.7422,4.921875
device ;M;,CounterTerrorist,2448.334,1119.766,160.0313,Knife,100,100,-237.3667,-3.560888,0,False,True,True,202.5,5.273438
device ;M;,CounterTerrorist,2431.3,1118.135,160.0313,Knife,100,100,-245.3616,-38.05538,0,False,True,True,206.3672,5.273438
device ;M;,CounterTerrorist,2416.039,1114.835,160.0313,Knife,100,100,-241.7807,-63.57753,0,False,True,True,210.5859,5.976563
device ;M;,CounterTerrorist,2403.027,1110.687,157.5521,Knife,100,100,-232.8602,-87.65134,0,False,True,True,214.8047,6.328125
device ;M;,CounterTerrorist,2390.362,1103.26,156.5266,Knife,100,100,-180.0589,-140.8812,0,False,True,True,221.1328,6.679688
device ;M;,CounterTerrorist,2379.829,1091.555,155.7246,Knife,100,100,-126.2502,-184.6898,0,False,True,True,229.5703,7.03125
device ;M;,CounterTerrorist,2372.937,1080.971,155.4025,Knife,100,100,-130.427,-198.675,0,False,True,True,236.9531,7.03125
device ;M;,CounterTerrorist,2364.646,1068.044,154.8455,Knife,100,100,-131.8988,-212.3739,0,False,True,True,245.0391,6.679688
device ;M;,CounterTerrorist,2355.934,1052.782,153.8354,Knife,100,100,-116.5327,-221.179,0,False,True,True,253.4766,6.328125
device ;M;,CounterTerrorist,2349.255,1038.661,153.5221,Knife,100,100,-99.26949,-229.4462,0,False,True,True,258.3984,5.976563
device ;M;,CounterTerrorist,2343.598,1024.098,153.081,Knife,100,100,-84.24468,-235.3781,0,False,True,True,259.1016,5.976563
device ;M;,CounterTerrorist,2338.745,1009.247,152.7352,Knife,100,100,-73.0702,-239.0831,0,False,True,True,259.4531,5.976563
device ;M;,CounterTerrorist,2334.98,996.1046,152.3247,Knife,100,100,-65.97423,-241.1377,0,False,True,True,259.8047,5.976563
device ;M;,CounterTerrorist,2330.627,979.0747,151.83,Knife,100,100,-58.89388,-242.964,0,False,True,True,260.5078,5.625
device ;M;,CounterTerrorist,2327.551,965.7537,151.1826,Knife,100,100,-54.38537,-244.0128,0,False,True,True,260.8594,5.625
device ;M;,CounterTerrorist,2323.928,948.5532,150.271,Knife,100,100,-49.41993,-245.0667,0,False,True,True,261.2109,5.273438
device ;M;,CounterTerrorist,2320.962,933.2124,149.4881,Knife,100,100,-46.01004,-245.7297,0,False,True,True,261.5625,5.273438
device ;M;,CounterTerrorist,2318.182,917.8368,148.7253,Knife,100,100,-43.40863,-246.2025,0,False,True,True,261.5625,5.273438
device ;M;,CounterTerrorist,2315.87,904.362,148.0709,Knife,100,100,-41.44851,-246.5401,0,False,True,True,261.9141,4.921875
device ;M;,CounterTerrorist,2313.036,887.0137,147.2447,Knife,100,100,-39.47994,-246.863,0,False,True,True,261.9141,4.921875
device ;M;,CounterTerrorist,2310.914,873.5077,146.9507,Knife,100,100,-38.35878,-247.0397,0,False,True,True,261.9141,4.921875
device ;M;,CounterTerrorist,2308.26,856.131,146.9013,Knife,100,100,-37.29695,-247.2022,0,False,True,True,261.9141,4.921875
device ;M;,CounterTerrorist,2305.954,840.677,147.0358,Knife,100,100,-36.61625,-247.304,0,False,True,True,261.9141,4.921875
device ;M;,CounterTerrorist,2303.966,827.1505,147.1516,Knife,100,100,-36.16966,-247.3697,0,False,True,True,261.9141,4.921875
device ;M;,CounterTerrorist,2301.72,811.6878,147.2821,Knife,100,100,-35.76982,-247.4278,0,False,True,True,261.9141,4.921875
device ;M;,CounterTerrorist,2299.224,794.2877,147.4269,Knife,100,100,-35.28098,-247.498,0,False,True,True,262.2656,4.921875
device ;M;,CounterTerrorist,2297.031,778.8173,147.554,Knife,100,100,-34.95601,-247.5441,0,False,True,True,262.2656,4.921875
device ;M;,CounterTerrorist,2295.126,765.2789,147.5923,Knife,100,100,-34.74272,-247.5741,0,False,True,True,262.2656,4.921875
device ;M;,CounterTerrorist,2292.691,747.8702,147.2727,Knife,100,100,-34.54034,-247.6024,0,False,True,True,262.2656,4.921875
device ;M;,CounterTerrorist,2290.537,732.3944,146.9879,Knife,100,100,-34.4105,-247.6205,0,False,True,True,262.2656,4.921875
device ;M;,CounterTerrorist,2288.39,716.9176,146.7027,Knife,100,100,-34.31484,-247.6338,0,False,True,True,262.2656,4.921875
device ;M;,CounterTerrorist,2286.248,701.4402,146.417,Knife,100,100,-34.26074,-247.6413,0,False,True,True,262.2656,4.921875
device ;M;,CounterTerrorist,2284.104,685.9629,146.1315,Knife,100,100,-34.32161,-247.6328,0,False,True,True,261.9141,4.921875
device ;M;,CounterTerrorist,2282.225,672.4209,145.882,Knife,100,100,-34.41374,-247.6201,0,False,True,True,261.9141,4.921875
device ;M;,CounterTerrorist,2279.801,655.0106,146.0227,Knife,100,100,-34.50114,-247.6079,0,False,True,True,261.9141,4.921875
device ;M;,CounterTerrorist,2277.911,641.47,146.1747,Knife,100,100,-34.60327,-247.5936,0,False,True,True,261.9141,4.921875
device ;M;,CounterTerrorist,2275.745,625.9958,146.3491,Knife,100,100,-34.69097,-247.5814,0,False,True,True,261.9141,4.921875
device ;M;,CounterTerrorist,2273.575,610.5223,146.5241,Knife,100,100,-34.75557,-247.5723,0,False,True,True,261.9141,4.921875
device ;M;,CounterTerrorist,2271.401,595.0493,146.6996,Knife,100,100,-34.80313,-247.5656,0,False,True,True,261.9141,4.921875
device ;M;,CounterTerrorist,2268.952,577.6426,146.8974,Knife,100,100,-34.84183,-247.5602,0,False,True,True,261.9141,4.921875
device ;M;,CounterTerrorist,2266.774,562.1702,147.0736,Knife,100,100,-34.86667,-247.5567,0,False,True,True,261.9141,4.921875
device ;M;,CounterTerrorist,2264.594,546.6981,146.2136,Knife,100,100,-34.88497,-247.5541,0,False,True,True,261.9141,4.921875
device ;M;,CounterTerrorist,2262.413,531.2259,145.1847,Knife,100,100,-34.89845,-247.5522,0,False,True,True,261.9141,4.921875
device ;M;,CounterTerrorist,2260.231,515.7537,144.1558,Knife,100,100,-34.90837,-247.5508,0,False,True,True,261.9141,4.921875
device ;M;,CounterTerrorist,2258.046,500.2823,143.1275,Knife,100,100,-35.08131,-247.5264,0,False,True,True,261.5625,5.273438
device ;M;,CounterTerrorist,2256.104,486.7491,142.2321,Knife,100,100,-35.97357,-247.3983,0,False,True,True,260.5078,5.625
device ;M;,CounterTerrorist,2255.344,469.3748,140.8527,Knife,100,100,14.29853,-246.4027,0,False,True,True,258.3984,5.976563
device ;M;,CounterTerrorist,2256.82,455.8536,139.5052,Knife,100,100,22.86311,-248.9524,0,False,True,True,255.5859,5.976563
device ;M;,CounterTerrorist,2257.172,438.29,137.9622,Knife,100,100,-8.299729,-249.8622,0,False,True,True,252.0703,6.328125
device ;M;,CounterTerrorist,2256.638,422.6808,136.7032,Knife,100,100,4.563782,-249.9583,0,False,True,True,249.9609,6.328125
device ;M;,CounterTerrorist,2257.745,409.0596,135.3961,Knife,100,100,30.61576,-248.1183,0,False,True,True,248.2031,6.328125
device ;M;,CounterTerrorist,2259.482,393.5416,133.8438,Knife,100,100,12.35112,-249.6947,0,False,True,True,246.7969,6.328125
device ;M;,CounterTerrorist,2258.786,375.9937,132.4412,Knife,100,100,-25.97393,-248.647,0,False,True,True,245.0391,6.328125
device ;M;,CounterTerrorist,2258.144,362.3444,131.4525,Knife,100,100,0.1839138,-249.9999,0,False,True,True,243.6328,6.328125
device ;M;,CounterTerrorist,2258.648,346.7306,130.6037,Knife,100,100,-0.3487739,-249.9998,0,False,True,True,242.5781,6.328125
device ;M;,CounterTerrorist,2257.014,329.2458,129.9495,Knife,100,100,-39.49896,-246.8599,0,False,True,True,241.875,6.328125
device ;M;,CounterTerrorist,2255.257,315.6949,129.4198,Knife,100,100,-19.71688,-249.2213,0,False,True,True,241.1719,6.328125
device ;M;,CounterTerrorist,2254.861,298.1261,128.6724,Knife,100,100,-7.576607,-249.8852,0,False,True,True,239.7656,6.328125
device ;M;,CounterTerrorist,2253.387,284.5432,128.2192,Knife,100,100,-40.24253,-246.7398,0,False,True,True,239.0625,6.328125
device ;M;,CounterTerrorist,2250.361,269.2172,128.0807,Knife,100,100,-40.37223,-246.7186,0,False,True,True,238.3594,6.328125
device ;M;,CounterTerrorist,2248.885,253.67,127.664,Knife,100,100,-12.11016,-249.7065,0,False,True,True,237.3047,5.976563
device ;M;,CounterTerrorist,2247.571,238.1148,127.2188,Knife,100,100,-37.83434,-247.1205,0,False,True,True,236.6016,5.976563
device ;M;,CounterTerrorist,2243.768,220.9588,127.1357,Knife,100,100,-52.44699,-244.4367,0,False,True,True,235.5469,5.976563
device ;M;,CounterTerrorist,2241.663,207.4539,126.9165,Knife,100,100,-35.39881,-247.4812,0,False,True,True,234.8437,5.976563
device ;M;,CounterTerrorist,2237.599,190.3698,126.8819,Knife,100,100,-73.76506,-238.8697,0,False,True,True,233.4375,5.976563
device ;M;,CounterTerrorist,2232.085,175.757,127.2055,Knife,100,100,-98.36362,-229.836,0,False,True,True,232.0313,5.625
device ;M;,CounterTerrorist,2226.18,163.4292,127.6961,Knife,100,100,-114.5914,-222.1909,0,False,True,True,230.9766,5.273438
device ;M;,CounterTerrorist,2217.478,148.1606,128.5443,Knife,100,100,-130.389,-213.3043,0,False,True,True,229.5703,4.921875
device ;M;,CounterTerrorist,2208.957,135.0649,129.5003,Knife,100,100,-140.4167,-206.8409,0,False,True,True,229.2188,4.921875
device ;M;,CounterTerrorist,2200.015,122.2629,128.9218,Knife,100,100,-145.2992,-203.4408,0,False,True,True,229.2188,4.921875
device ;M;,CounterTerrorist,2190.747,109.6837,126.9529,Knife,100,100,-150.3205,-199.7592,0,False,True,True,229.2188,4.921875
device ;M;,CounterTerrorist,2181.224,97.29623,124.9198,Knife,100,100,-153.7785,-197.1096,0,False,True,True,229.2188,4.921875
device ;M;,CounterTerrorist,2171.523,85.04803,122.9117,Knife,100,100,-156.2288,-195.1732,0,False,True,True,229.2188,4.921875
device ;M;,CounterTerrorist,2162.98,74.37452,138.0597,Knife,100,100,-156.2288,-195.1732,255.1184,False,True,True,229.5703,5.273438
device ;M;,CounterTerrorist,2151.592,63.56735,152.4422,Knife,100,100,-185.3176,-170.2601,205.1184,False,True,True,229.5703,5.976563
device ;M;,CounterTerrorist,2138.562,51.59592,164.8871,Knife,100,100,-185.3176,-170.2601,148.8684,False,True,True,229.9219,6.679688
device ;M;,CounterTerrorist,2126.98,40.95466,172.6289,Knife,100,100,-185.3176,-170.2601,98.86838,False,True,True,230.2734,7.03125
device ;M;,CounterTerrorist,2115.398,30.3134,177.2457,Knife,100,100,-185.3176,-170.2601,48.86838,False,True,True,230.625,7.03125
device ;M;,CounterTerrorist,2104.981,18.72506,178.7375,Knife,100,100,-151.7417,-197.469,-1.131622,False,True,True,230.9766,7.03125
device ;M;,CounterTerrorist,2097.64,7.159748,177.4794,Knife,100,100,-132.0055,-213.2735,-44.88162,False,True,True,231.3281,7.03125
device ;M;,CounterTerrorist,2088.546,-7.474648,172.4797,Knife,100,100,-126.1862,-198.9934,0,False,True,True,231.3281,7.03125
device ;M;,CounterTerrorist,2080.327,-20.08341,182.7753,Knife,100,100,-132.2397,-202.1212,266.0483,False,True,True,231.3281,7.03125
device ;M;,CounterTerrorist,2073.094,-31.13691,196.1285,Knife,100,100,-132.2397,-202.1212,222.2983,False,True,True,231.3281,7.03125
device ;M;,CounterTerrorist,2064.829,-43.76947,208.4597,Knife,100,100,-132.2397,-202.1212,172.2983,False,True,True,231.3281,6.679688
device ;M;,CounterTerrorist,2054.342,-54.63332,217.6659,Knife,100,100,-173.2546,-169.4706,122.2983,False,True,True,231.3281,6.679688
device ;M;,CounterTerrorist,2042.16,-66.54922,224.2874,Knife,100,100,-173.2546,-169.4706,66.04834,False,True,True,231.3281,6.679688
device ;M;,CounterTerrorist,2031.332,-77.14114,226.8529,Knife,100,100,-173.2546,-169.4706,16.04834,False,True,True,231.3281,6.679688
device ;M;,CounterTerrorist,2021.858,-86.40907,226.5341,Knife,100,100,-173.2546,-169.4706,-27.70166,False,True,True,231.3281,6.679688
device ;M;,CounterTerrorist,2013.657,-99.09296,223.2402,Knife,100,100,-126.3125,-206.8396,-77.70166,False,True,True,231.3281,6.679688
device ;M;,CounterTerrorist,2005.763,-111.9688,231.7916,Knife,100,100,-126.3125,0,255.5401,False,True,True,231.3281,6.679688
device ;M;,CounterTerrorist,2000.585,-111.9688,246.2003,Knife,100,100,-62.68449,0,205.5401,False,True,True,230.9766,7.03125
device ;M;,CounterTerrorist,1996.177,-111.9688,258.6747,Knife,100,100,-62.68449,0,149.2901,False,True,True,229.5703,7.734375
device ;M;,CounterTerrorist,1992.259,-111.9688,266.4428,Knife,100,100,-62.68449,0,99.2901,False,True,True,227.8125,8.789063
device ;M;,CounterTerrorist,1988.331,-112.0042,271.0859,Knife,100,100,-64.02362,-4.541219,49.2901,False,True,True,227.1094,9.140625
device ;M;,CounterTerrorist,1984.367,-112.9975,272.6039,Knife,100,100,-63.07992,0,-0.7098999,False,True,True,226.4063,9.140625
device ;M;,CounterTerrorist,1983.448,-112.9975,271.3688,Knife,100,100,28.71657,0,-44.4599,False,True,True,226.4063,9.140625
device ;M;,CounterTerrorist,1985.934,-112.9975,266.2651,Knife,100,100,35.36212,0,-100.7099,False,True,True,226.4063,9.140625
device ;M;,CounterTerrorist,1987.868,-112.9975,259.5612,Knife,100,100,35.36212,0,-144.4599,False,True,True,226.4063,9.140625
device ;M;,CounterTerrorist,1989.594,-112.9975,266.3251,Knife,100,100,12.36322,0,247.899,False,True,True,226.4063,9.140625
device ;M;,CounterTerrorist,1990.582,-112.9975,281.778,Knife,100,100,15.44773,0,191.649,False,True,True,226.4063,9.492188
device ;M;,CounterTerrorist,1991.512,-112.9975,291.0624,Knife,100,100,18.22834,0,147.899,False,True,True,226.7578,9.84375
device ;M;,CounterTerrorist,1992.516,-114.2654,293.0313,Knife,100,100,12.60072,-48.54854,0,False,True,True,226.7578,10.54688
device ;M;,CounterTerrorist,1993.253,-119.5549,293.0313,Knife,100,100,11.49071,-111.0681,0,False,True,True,226.7578,10.54688
device ;M;,CounterTerrorist,1991.545,-128.5839,293.0313,Knife,100,100,-49.78604,-140.7951,0,False,True,True,227.1094,10.54688
device ;M;,CounterTerrorist,1986.994,-138.0881,293.0313,Knife,100,100,-88.97876,-159.9872,0,False,True,True,227.1094,10.54688
device ;M;,CounterTerrorist,1981.294,-147.2463,293.0313,Knife,100,100,-114.6919,-172.5928,-3.125,False,True,True,227.1094,10.54688
device ;M;,CounterTerrorist,1974.126,-158.0334,291.2734,Knife,100,100,-114.6919,-172.5928,-53.125,False,True,True,227.1094,10.54688
device ;M;,CounterTerrorist,1966.958,-168.8205,286.3906,Knife,100,100,-114.6919,-172.5928,-103.125,False,True,True,225.7031,10.19531
device ;M;,CounterTerrorist,1958.177,-180.1232,277.1621,Knife,100,100,-160.2654,-119.0572,-159.375,False,True,True,219.7266,9.84375
device ;M;,CounterTerrorist,1946.703,-185.6102,265.6387,Knife,100,100,-191.5023,-75.23737,-209.375,False,True,True,209.8828,9.140625
device ;M;,CounterTerrorist,1936.062,-188.7328,256.0313,Knife,100,100,-186.8108,-33.3871,0,False,True,True,203.5547,8.789063
device ;M;,CounterTerrorist,1922.034,-189.4093,256.0313,Knife,100,100,-209.6109,-6.957477,0,False,True,True,204.6094,9.140625
device ;M;,CounterTerrorist,1910.186,-190.7392,256.0313,Knife,100,100,-221.0343,-37.08445,0,False,True,True,209.8828,9.84375
device ;M;,CounterTerrorist,1895.999,-195.9407,256.0313,Knife,100,100,-179.3419,-105.0662,0,False,True,True,217.6172,10.54688
device ;M;,CounterTerrorist,1887.39,-203.1005,256.0313,Knife,100,100,-141.2449,-148.7201,0,False,True,True,223.9453,10.89844
device ;M;,CounterTerrorist,1879.428,-213.5762,256.0313,Knife,100,100,-130.0978,-176.4413,0,False,True,True,230.625,10.89844
device ;M;,CounterTerrorist,1869.75,-226.6646,256.0313,Knife,100,100,-141.6431,-194.0546,0,False,True,True,237.3047,10.89844
device ;M;,CounterTerrorist,1860.933,-239.3531,256.0313,Knife,100,100,-137.8331,-208.5714,0,False,True,True,246.4453,10.54688
device ;M;,CounterTerrorist,1853.84,-251.0376,256.0313,Knife,100,100,-122.9099,-217.6997,0,False,True,True,254.5313,9.84375
device ;M;,CounterTerrorist,1845.573,-266.5469,260.6034,Knife,100,100,-121.2014,-218.6423,286.3684,False,True,True,254.5313,9.84375
device ;M;,CounterTerrorist,1837.337,-279.8829,276.9388,Knife,100,100,-154.2532,-201.4141,236.3684,False,True,True,239.4141,11.25
device ;M;,CounterTerrorist,1825.661,-290.9113,290.1493,Knife,100,100,-207.9401,-156.9865,186.3684,False,True,True,223.5938,12.30469
device ;M;,CounterTerrorist,1811.473,-299.2429,300.2347,Knife,100,100,-237.7316,-118.1621,136.3684,False,True,True,213.0469,13.00781
device ;M;,CounterTerrorist,1798.078,-305.0384,306.496,Knife,100,100,-249.8065,-97.12889,92.61838,False,True,True,207.7734,13.35938
device ;M;,CounterTerrorist,1780.207,-311.2405,311.0306,Knife,100,100,-257.4573,-81.11615,36.36838,False,True,True,203.9063,13.35938
device ;M;,CounterTerrorist,1763.857,-315.6727,311.7411,Knife,100,100,-264.5533,-63.13802,-13.63162,False,True,True,199.6875,13.35938
device ;M;,CounterTerrorist,1749.178,-318.465,309.7993,Knife,100,100,-270.9929,-42.18683,-57.38162,False,True,True,195.1172,13.35938
device ;M;,CounterTerrorist,1732.087,-320.4587,304.6503,Knife,100,100,-275.1582,-24.00291,-107.3816,False,True,True,191.25,13.00781
device ;M;,CounterTerrorist,1712.646,-321.6208,295.1224,Knife,100,100,-276.8717,-14.2793,-163.6316,False,True,True,188.4375,11.95313
device ;M;,CounterTerrorist,1697.505,-322.4018,284.9775,Knife,100,100,-276.8717,-14.2793,-207.3816,False,True,True,186.6797,10.19531
device ;M;,CounterTerrorist,1678.037,-323.4059,268.4183,Knife,100,100,-276.8717,-14.2793,-263.6316,False,True,True,185.2734,8.4375
device ;M;,CounterTerrorist,1662.89,-324.1944,256.0313,Knife,100,100,-186.8012,-10.24286,0,False,True,True,184.9219,7.382813
device ;M;,CounterTerrorist,1650.641,-324.9334,256.0313,Knife,100,100,-203.2409,-12.95365,0,False,True,True,184.5703,6.679688
device ;M;,CounterTerrorist,1637.339,-325.825,256.0313,Knife,100,100,-220.4016,-15.23891,0,False,True,True,184.5703,6.679688
device ;M;,CounterTerrorist,1622.944,-326.851,256.0313,Knife,100,100,-237.9081,-17.2901,0,False,True,True,184.5703,6.679688
device ;M;,CounterTerrorist,1607.592,-328.0025,256.0313,Knife,100,100,-249.2542,-19.29706,0,False,True,True,185.625,6.679688
device ;M;,CounterTerrorist,1593.968,-329.1454,256.0313,Knife,100,100,-248.9586,-22.79454,0,False,True,True,190.1953,6.679688
device ;M;,CounterTerrorist,1578.453,-330.9782,256.0313,Knife,100,100,-247.3695,-36.17111,0,False,True,True,200.0391,7.03125
device ;M;,CounterTerrorist,1563.036,-333.5197,269.1617,Knife,100,100,-246.6209,-40.96529,261.3684,False,True,True,202.5,8.085938
device ;M;,CounterTerrorist,1545.695,-336.4,285.5616,Knife,100,100,-246.6209,-40.96529,205.1184,False,True,True,196.875,9.140625
device ;M;,CounterTerrorist,1532.075,-338.1222,295.5826,Knife,100,100,-251.116,-22.6722,161.3684,False,True,True,191.9531,9.84375
device ;M;,CounterTerrorist,1514.28,-338.9363,304.9512,Knife,100,100,-254.3753,-3.087852,105.1184,False,True,True,187.3828,10.19531
device ;M;,CounterTerrorist,1500.339,-338.8516,309.5035,Knife,100,100,-255.1531,3.678493,61.36838,False,True,True,185.9766,10.19531
device ;M;,CounterTerrorist,1484.367,-338.3472,311.7765,Knife,100,100,-255.7694,10.7119,11.36838,False,True,True,184.2188,10.54688
device ;M;,CounterTerrorist,1468.369,-337.4926,310.9244,Knife,100,100,-256.0919,15.72597,-38.63162,False,True,True,182.8125,10.54688
device ;M;,CounterTerrorist,1452.363,-336.5096,306.9474,Knife,100,100,-256.0919,15.72597,-88.63162,False,True,True,182.4609,10.54688
device ;M;,CounterTerrorist,1436.357,-335.5267,299.8453,Knife,100,100,-256.0919,15.72597,-138.6316,False,True,True,182.4609,10.54688
device ;M;,CounterTerrorist,1418.35,-334.421,288.1202,Knife,100,100,-256.0919,15.72597,-194.8816,False,True,True,182.8125,9.84375
device ;M;,CounterTerrorist,1402.344,-333.438,274.3775,Knife,100,100,-256.0919,15.72597,-244.8816,False,True,True,183.1641,9.140625
device ;M;,CounterTerrorist,1388.339,-332.578,259.7892,Knife,100,100,-256.0919,15.72597,-288.6316,False,True,True,183.8672,9.140625
device ;M;,CounterTerrorist,1372.418,-332.809,270.3757,Knife,100,100,-252.4135,-36.55515,213.3879,False,True,True,184.2188,9.492188
device ;M;,CounterTerrorist,1356.698,-335.8419,282.1499,Knife,100,100,-251.517,-48.67923,163.3879,False,True,True,184.2188,10.54688
device ;M;,CounterTerrorist,1339.013,-339.2647,291.6605,AWP,100,100,-251.517,-48.67923,107.1379,False,True,True,183.8672,12.30469
device ;M;,CounterTerrorist,1325.259,-341.9269,296.3232,AWP,100,100,-251.517,-48.67923,63.38788,False,True,True,183.8672,14.41406
device ;M;,CounterTerrorist,1307.574,-345.3497,298.8026,AWP,100,100,-251.517,-48.67923,7.137878,False,True,True,183.8672,16.52344
device ;M;,CounterTerrorist,1291.869,-348.5647,297.6861,AWP,100,100,-250.8503,-55.96662,-42.86212,False,True,True,185.9766,19.33594
device ;M;,CounterTerrorist,1276.276,-352.6976,293.4446,AWP,100,100,-248.1375,-74.62697,-92.86212,False,True,True,190.1953,22.85156
device ;M;,CounterTerrorist,1262.895,-357.6143,287.1699,AWP,100,100,-241.5629,-101.7038,-136.6121,False,True,True,196.1719,26.36719
device ;M;,CounterTerrorist,1246.774,-366.9269,275.5867,AWP,100,100,-216.6875,-158.02,-192.8621,False,True,True,209.5313,30.23438
device ;M;,CounterTerrorist,1235.73,-376.7685,263.8432,AWP,100,100,-199.4416,-183.4941,-236.6121,False,True,True,225.3516,32.69531
device ;M;,CounterTerrorist,1225.754,-386.9771,256.0313,AWP,100,100,-82.57137,-122.3445,0,False,True,True,247.1484,33.75
device ;M;,CounterTerrorist,1222.504,-395.3992,256.0313,AWP,100,100,-28.54456,-142.2684,0,False,True,True,261.5625,31.99219
device ;M;,CounterTerrorist,1222.283,-403.4737,256.0313,AWP,100,100,13.01631,-151.115,0,False,True,True,265.0781,30.9375
device ;M;,CounterTerrorist,1224.373,-413.2245,255.2212,AWP,100,100,46.78204,-160.1925,0,False,True,True,258.3984,29.53125
device ;M;,CounterTerrorist,1227.9,-423.6777,248.2524,AWP,100,100,61.20708,-173.1942,0,False,True,True,245.7422,28.82813
device ;M;,CounterTerrorist,1231.866,-434.9617,240.7297,AWP,100,100,64.98441,-185.7263,0,False,True,True,243.6328,28.47656
device ;M;,CounterTerrorist,1236.484,-448.2246,231.8878,AWP,100,100,65.55158,-188.9523,0,False,True,True,243.6328,28.47656
device ;M;,CounterTerrorist,1240.059,-458.5613,224.9967,AWP,100,100,65.2174,-189.068,0,False,True,True,243.6328,28.47656
device ;M;,CounterTerrorist,1244.553,-471.8859,216.1136,AWP,100,100,61.87301,-190.1887,0,False,True,True,237.6563,27.42188
device ;M;,CounterTerrorist,1247.969,-483.864,208.1282,AWP,100,100,0,-192.911,0,False,True,True,231.3281,26.01563
device ;M;,CounterTerrorist,1247.997,-496.2532,199.8687,AWP,100,100,0.005265058,-200,0,False,True,True,224.6484,24.60938
device ;M;,CounterTerrorist,1247.917,-507.1903,192.5773,AWP,100,100,-3.335329,-199.9722,0,False,True,True,218.6719,22.85156
device ;M;,CounterTerrorist,1247.969,-521.2188,183.225,AWP,100,100,0,-199.0238,0,False,True,True,211.6406,19.6875
device ;M;,CounterTerrorist,1247.999,-533.6978,174.9057,AWP,100,100,0,-199.9699,0,False,True,True,203.5547,15.46875
device ;M;,CounterTerrorist,1247.999,-545.0247,167.3544,AWP,100,100,0,-149.9857,0,False,True,True,198.6328,11.95313
device ;M;,CounterTerrorist,1247.999,-552.3598,162.4643,AWP,100,100,0,-119.2493,0,False,True,True,196.5234,10.19531
device ;M;,CounterTerrorist,1247.999,-558.7964,158.1733,AWP,100,100,0,-77.98921,0,False,True,True,194.4141,9.140625
device ;M;,CounterTerrorist,1247.999,-563.0616,155.3298,AWP,100,100,0,-77.99179,0,False,True,True,193.3594,9.140625
device ;M;,CounterTerrorist,1247.999,-567.9361,152.0801,AWP,100,100,0,-77.99453,0,False,True,True,191.9531,8.789063
device ;M;,CounterTerrorist,1247.999,-573.4199,148.4243,AWP,100,100,0,-77.996,0,False,True,True,190.8984,8.4375
device ;M;,CounterTerrorist,1247.999,-577.6855,145.5805,AWP,100,100,0,-77.99696,0,False,True,True,189.8437,8.4375
device ;M;,CounterTerrorist,1247.815,-580.5369,143.6796,AWP,100,100,-5.252444,-16.22681,0,False,True,True,189.4922,8.085938
device ;M;,CounterTerrorist,1247.564,-579.8101,144.1641,AWP,100,100,-4.149092,23.03339,0,False,True,True,189.4922,8.085938
device ;M;,CounterTerrorist,1247.241,-577.929,145.4182,AWP,100,100,-7.247784,42.92006,0,False,True,True,189.1406,7.734375
device ;M;,CounterTerrorist,1246.831,-575.4916,147.0431,AWP,100,100,-3.962554,23.57188,0,False,True,True,189.1406,7.734375
device ;M;,CounterTerrorist,1246.822,-575.4703,147.0573,AWP,100,100,1.965066,-12.88489,0,False,True,True,188.789,7.734375
device ;M;,CounterTerrorist,1247.101,-577.377,145.7862,AWP,100,100,5.497229,-38.51786,0,False,True,True,187.7344,7.03125
device ;M;,CounterTerrorist,1247.484,-580.1467,143.9397,AWP,100,100,5.320148,-38.79382,0,False,True,True,186.6797,6.328125
device ;M;,CounterTerrorist,1247.725,-581.92,142.7575,AWP,100,100,3.641113,-27.79354,0,False,True,True,187.0313,5.976563
device ;M;,CounterTerrorist,1247.99,-584.0208,141.357,AWP,100,100,5.25958,-42.14093,0,False,True,True,187.0313,5.976563
device ;M;,CounterTerrorist,1247.99,-585.865,140.1275,AWP,100,100,0,-19.66258,0,False,True,True,187.0313,5.976563
device ;M;,CounterTerrorist,1247.99,-586.3253,139.8207,AWP,100,100,0,0,0,False,True,True,186.6797,5.976563
device ;M;,CounterTerrorist,1247.916,-585.7057,140.2337,AWP,100,100,-2.582602,21.65907,0,False,True,True,186.6797,5.625
device ;M;,CounterTerrorist,1247.727,-584.0987,141.3051,AWP,100,100,-3.37367,28.86596,0,True,True,True,186.6797,4.921875
device ;M;,CounterTerrorist,1247.489,-582.0411,142.6768,AWP,100,100,-4.140726,36.0755,0,True,True,True,186.3281,4.921875
device ;M;,CounterTerrorist,1247.212,-579.6196,144.2912,AWP,100,100,-4.093333,35.89217,0,False,True,True,186.3281,4.570313
device ;M;,CounterTerrorist,1247.037,-578.0783,145.3187,AWP,100,100,-1.225154,10.7427,0,False,True,True,186.3281,4.570313
device ;M;,CounterTerrorist,1247.03,-578.0223,145.356,AWP,100,100,0.5284041,-4.594716,0,False,True,True,186.6797,4.570313
device ;M;,CounterTerrorist,1247.092,-578.5627,144.9957,AWP,100,100,1.35763,-11.79714,0,False,True,True,186.6797,4.21875
device ;M;,CounterTerrorist,1247.224,-579.7087,144.2318,AWP,100,100,2.285911,-19.90039,0,False,True,True,186.3281,3.515625
device ;M;,CounterTerrorist,1247.339,-580.7053,143.5673,AWP,100,100,1.308726,-11.42528,0,False,True,True,186.3281,3.164063
device ;M;,CounterTerrorist,1247.354,-580.8421,143.4761,AWP,100,100,0,0,0,False,True,True,186.3281,2.8125
device ;M;,CounterTerrorist,1247.354,-580.8421,143.4761,AWP,100,100,0,0,0,False,True,True,186.3281,2.8125
device ;M;,CounterTerrorist,1247.354,-580.8421,143.4761,AWP,100,100,0,0,0,False,True,True,186.3281,2.8125
device ;M;,CounterTerrorist,1247.354,-580.8421,143.4761,AWP,100,100,0,0,0,False,True,True,186.3281,2.8125
device ;M;,CounterTerrorist,1247.354,-580.8421,143.4761,AWP,100,100,0,0,0,False,True,True,186.3281,2.8125
device ;M;,CounterTerrorist,1247.354,-580.8421,143.4761,AWP,100,100,0,0,0,False,True,True,186.3281,2.8125
device ;M;,CounterTerrorist,1247.354,-580.8421,143.4761,AWP,100,100,0,0,0,False,True,True,186.3281,2.8125
device ;M;,CounterTerrorist,1247.354,-580.8421,143.4761,AWP,100,100,0,0,0,False,True,True,186.3281,2.8125
device ;M;,CounterTerrorist,1247.362,-580.9069,143.433,AWP,100,100,0.5250971,-4.595095,0,False,True,True,186.3281,2.8125
device ;M;,CounterTerrorist,1247.403,-581.2685,143.1919,AWP,100,100,0,0,0,False,True,True,186.3281,2.8125
device ;M;,CounterTerrorist,1247.403,-581.2685,143.1919,AWP,100,100,0,0,0,False,True,True,186.3281,2.8125
device ;M;,CounterTerrorist,1247.403,-581.2685,143.1919,AWP,100,100,0,0,0,False,True,True,186.3281,2.8125
device ;M;,CounterTerrorist,1247.403,-581.2685,143.1919,AWP,100,100,0,0,0,False,True,True,186.3281,2.8125
device ;M;,CounterTerrorist,1247.403,-581.2685,143.1919,AWP,100,100,0,0,0,False,True,True,186.3281,2.8125
device ;M;,CounterTerrorist,1247.403,-581.2685,143.1919,AWP,100,100,0,0,0,False,True,True,186.3281,2.8125
device ;M;,CounterTerrorist,1247.403,-581.2685,143.1919,AWP,100,100,0,0,0,False,True,True,186.3281,2.8125
device ;M;,CounterTerrorist,1247.403,-581.2685,143.1919,AWP,100,100,0,0,0,False,True,True,186.3281,2.8125
device ;M;,CounterTerrorist,1247.403,-581.2685,143.1919,AWP,100,100,0,0,0,False,True,True,186.3281,2.8125
device ;M;,CounterTerrorist,1247.403,-581.2685,143.1919,AWP,100,100,0,0,0,False,True,True,186.6797,3.515625
device ;M;,CounterTerrorist,1247.403,-581.2685,143.1919,AWP,100,100,0,0,0,True,True,True,186.3281,4.570313
device ;M;,CounterTerrorist,1247.415,-581.3762,143.1201,AWP,100,100,0.6170247,-5.496727,0,True,True,True,186.3281,5.273438
device ;M;,CounterTerrorist,1247.462,-581.7999,142.8376,AWP,100,100,0.179906,-1.615008,0,False,True,True,186.3281,5.273438
device ;M;,CounterTerrorist,1247.462,-581.7999,142.8376,AWP,100,100,0,0,0,False,True,True,186.3281,5.273438
device ;M;,CounterTerrorist,1247.462,-581.7999,142.8376,AWP,100,100,0,0,0,False,True,True,186.3281,4.921875
device ;M;,CounterTerrorist,1247.462,-581.7999,142.8376,AWP,100,100,0,0,0,False,True,True,186.3281,4.570313
device ;M;,CounterTerrorist,1247.462,-581.7999,142.8376,AWP,100,100,0,0,0,False,True,True,186.3281,4.570313
device ;M;,CounterTerrorist,1247.467,-581.8441,142.8082,AWP,100,100,0.6231793,-5.653256,0,False,True,True,186.3281,4.570313
device ;M;,CounterTerrorist,1247.58,-582.8687,142.1251,AWP,100,100,1.895228,-17.20844,0,False,True,True,186.3281,4.570313
device ;M;,CounterTerrorist,1247.618,-583.2132,141.8954,AWP,100,100,0,0,0,False,True,True,186.3281,4.570313
device ;M;,CounterTerrorist,1247.618,-583.2132,141.8954,AWP,100,100,0,0,0,False,True,True,186.3281,4.570313
device ;M;,CounterTerrorist,1247.618,-583.2132,141.8954,AWP,100,100,0,0,0,False,True,True,186.3281,4.570313
device ;M;,CounterTerrorist,1247.618,-583.2132,141.8954,AWP,100,100,0,0,0,False,True,True,186.3281,4.570313
device ;M;,CounterTerrorist,1247.618,-583.2132,141.8954,AWP,100,100,0,0,0,False,True,True,186.3281,4.570313
device ;M;,CounterTerrorist,1247.618,-583.2132,141.8954,AWP,100,100,0,0,0,False,True,True,186.3281,4.570313
device ;M;,CounterTerrorist,1247.584,-582.9026,142.1025,AWP,100,100,-1.556869,14.22757,0,False,True,True,186.3281,4.570313
device ;M;,CounterTerrorist,1247.532,-582.4294,142.418,AWP,100,100,0,0,0,False,True,True,186.3281,4.570313
device ;M;,CounterTerrorist,1247.532,-582.4294,142.418,AWP,100,100,0,0,0,False,True,True,186.3281,4.570313
device ;M;,CounterTerrorist,1247.532,-582.4294,142.418,AWP,100,100,0,0,0,False,True,True,186.3281,4.570313
device ;M;,CounterTerrorist,1247.532,-582.4294,142.418,AWP,100,100,0,0,0,False,True,True,186.3281,4.570313
device ;M;,CounterTerrorist,1247.532,-582.4294,142.418,AWP,100,100,0,0,0,False,True,True,186.3281,4.570313
device ;M;,CounterTerrorist,1247.532,-582.4294,142.418,AWP,100,100,0,0,0,False,True,True,186.3281,4.570313
device ;M;,CounterTerrorist,1247.532,-582.4294,142.418,AWP,100,100,0,0,0,False,True,True,186.3281,4.570313
device ;M;,CounterTerrorist,1247.532,-582.4294,142.418,AWP,100,100,0,0,0,False,True,True,186.3281,4.570313
device ;M;,CounterTerrorist,1247.532,-582.4294,142.418,AWP,100,100,0,0,0,False,True,True,186.3281,4.570313
device ;M;,CounterTerrorist,1247.532,-582.4294,142.418,AWP,100,100,0,0,0,False,True,True,186.3281,4.570313
device ;M;,CounterTerrorist,1247.532,-582.4294,142.418,AWP,100,100,0,0,0,False,True,True,186.3281,4.570313
device ;M;,CounterTerrorist,1247.532,-582.4294,142.418,AWP,100,100,0,0,0,False,True,True,186.3281,4.570313
device ;M;,CounterTerrorist,1247.532,-582.4294,142.418,AWP,100,100,0,0,0,False,True,True,186.3281,4.570313
device ;M;,CounterTerrorist,1247.532,-582.4294,142.418,AWP,100,100,0,0,0,False,True,True,186.3281,4.570313
device ;M;,CounterTerrorist,1247.532,-582.4294,142.418,AWP,100,100,0,0,0,False,True,True,186.3281,4.570313
device ;M;,CounterTerrorist,1247.976,-582.3806,142.4407,AWP,100,100,17.08476,1.876419,0,False,True,True,186.3281,4.570313
device ;M;,CounterTerrorist,1247.976,-582.3298,142.4779,AWP,100,100,0,0.6209241,0,False,True,True,186.3281,4.570313
device ;M;,CounterTerrorist,1247.976,-582.3057,142.494,AWP,100,100,0,0,0,False,True,True,186.3281,4.570313
device ;M;,CounterTerrorist,1247.976,-582.3057,142.494,AWP,100,100,0,0,0,False,True,True,186.3281,4.570313
device ;M;,CounterTerrorist,1247.976,-582.3057,142.494,AWP,100,100,0,0,0,False,True,True,186.3281,4.570313
device ;M;,CounterTerrorist,1247.976,-582.3057,142.494,AWP,100,100,0,0,0,False,True,True,186.3281,4.570313
device ;M;,CounterTerrorist,1247.976,-582.3057,142.494,AWP,100,100,0,0,0,False,True,True,186.3281,4.570313
device ;M;,CounterTerrorist,1247.976,-582.3057,142.494,AWP,100,100,0,0,0,False,True,True,186.3281,4.570313
device ;M;,CounterTerrorist,1247.976,-582.3057,142.494,AWP,100,100,0,0,0,False,True,True,186.3281,4.570313
device ;M;,CounterTerrorist,1247.976,-582.3057,142.494,AWP,100,100,0,0,0,False,True,True,186.3281,4.570313
device ;M;,CounterTerrorist,1247.976,-582.3057,142.494,AWP,100,100,0,0,0,False,True,True,186.3281,4.570313
device ;M;,CounterTerrorist,1247.976,-582.3057,142.494,AWP,100,100,0,0,0,False,True,True,186.3281,4.570313
device ;M;,CounterTerrorist,1247.976,-582.3057,142.494,AWP,100,100,0,0,0,False,True,True,186.3281,4.570313
device ;M;,CounterTerrorist,1247.976,-582.3057,142.494,AWP,100,100,0,0,0,False,True,True,186.3281,4.570313
device ;M;,CounterTerrorist,1247.976,-582.3057,142.494,AWP,100,100,0,0,0,False,True,True,186.3281,4.570313
device ;M;,CounterTerrorist,1247.976,-582.3057,142.494,AWP,100,100,0,0,0,False,True,True,186.3281,4.570313
device ;M;,CounterTerrorist,1247.976,-582.3057,142.494,AWP,100,100,0,0,0,False,True,True,186.3281,4.570313
device ;M;,CounterTerrorist,1247.976,-582.3057,142.494,AWP,100,100,0,0,0,False,True,True,186.3281,4.570313
device ;M;,CounterTerrorist,1247.976,-582.3057,142.494,AWP,100,100,0,0,0,False,True,True,186.3281,4.570313
device ;M;,CounterTerrorist,1247.976,-582.3057,142.494,AWP,100,100,0,0,0,False,True,True,186.3281,4.570313
device ;M;,CounterTerrorist,1247.976,-582.3057,142.494,AWP,100,100,0,0,0,False,True,True,186.3281,4.570313
device ;M;,CounterTerrorist,1247.976,-582.3057,142.494,AWP,100,100,0,0,0,False,True,True,186.3281,4.570313
device ;M;,CounterTerrorist,1247.976,-582.3057,142.494,AWP,100,100,0,0,0,False,True,True,186.3281,4.570313
device ;M;,CounterTerrorist,1247.976,-582.3057,142.494,AWP,100,100,0,0,0,False,True,True,186.3281,4.570313
device ;M;,CounterTerrorist,1247.976,-582.3057,142.494,AWP,100,100,0,0,0,False,True,True,186.3281,4.570313
device ;M;,CounterTerrorist,1247.976,-582.3057,142.494,AWP,100,100,0,0,0,False,True,True,186.3281,4.570313
device ;M;,CounterTerrorist,1247.976,-582.3057,142.494,AWP,100,100,0,0,0,False,True,True,186.3281,4.570313
device ;M;,CounterTerrorist,1247.976,-582.3057,142.494,AWP,100,100,0,0,0,False,True,True,186.3281,4.570313
device ;M;,CounterTerrorist,1247.976,-582.3057,142.494,AWP,100,100,0,0,0,False,True,True,185.9766,4.570313
device ;M;,CounterTerrorist,1247.196,-582.3608,142.4636,AWP,100,100,-22.89973,-1.161566,0,False,True,True,181.0547,4.570313
device ;M;,CounterTerrorist,1245.322,-582.3075,142.4992,AWP,100,100,-42.59639,3.784453,0,False,True,True,165.9375,3.867188
device ;M;,CounterTerrorist,1241.49,-581.3756,143.1205,AWP,100,100,-62.8908,22.42888,0,False,True,True,144.1406,2.109375
device ;M;,CounterTerrorist,1237.201,-579.3876,144.4458,AWP,100,100,-69.1108,36.16209,0,False,True,True,141.6797,1.40625
device ;M;,CounterTerrorist,1232.969,-576.9694,146.0579,AWP,100,100,-66.78783,40.29124,0,False,True,True,141.6797,1.40625
device ;M;,CounterTerrorist,1229.361,-574.6941,147.5748,AWP,100,100,-65.42711,42.46519,0,False,True,True,141.6797,1.40625
device ;M;,CounterTerrorist,1224.782,-571.6762,149.5867,AWP,100,100,-67.04788,39.85701,0,False,True,True,137.4609,1.054688
device ;M;,CounterTerrorist,1220.898,-569.9236,150.7551,AWP,100,100,-72.64251,28.40891,0,False,True,True,123.3984,359.2969
device ;M;,CounterTerrorist,1215.537,-568.9233,151.4066,AWP,100,100,-77.94445,2.943291,0,False,True,True,110.3906,356.4844
device ;M;,CounterTerrorist,1211.278,-569.1172,151.2927,AWP,100,100,-77.68675,-6.983458,0,False,True,True,105.8203,355.4297
device ;M;,CounterTerrorist,1206.439,-569.7069,150.8996,AWP,100,100,-77.24503,-10.82619,0,False,True,True,103.3594,355.0781
device ;M;,CounterTerrorist,1201.621,-570.4455,150.4072,AWP,100,100,-77.00764,-12.40254,0,False,True,True,101.6016,354.375
device ;M;,CounterTerrorist,1196.691,-571.2637,149.8617,AWP,100,100,-81.20546,-13.59294,0,True,True,True,99.14063,352.9688
device ;M;,CounterTerrorist,1191.465,-572.1093,149.298,AWP,100,100,-83.88796,-13.07175,0,True,True,True,95.62501,350.1563
device ;M;,CounterTerrorist,1187.278,-572.357,149.1329,AWP,100,100,-46.55694,9.427577,0,False,True,True,92.10938,347.6953
device ;M;,CounterTerrorist,1185.288,-571.2425,149.8759,AWP,100,100,-29.33449,27.18617,0,True,True,True,90.35156,347.3438
device ;M;,CounterTerrorist,1184.031,-569.108,151.2989,AWP,100,100,0,38.74481,0,True,True,True,91.05469,347.3438
device ;M;,CounterTerrorist,1184.014,-566.0653,153.3273,AWP,100,100,-0.4074294,46.89733,0,True,True,True,91.05469,347.3438
device ;M;,CounterTerrorist,1184.003,-563.3043,155.168,AWP,100,100,0,53.53989,0,False,True,True,91.05469,347.3438
device ;M;,CounterTerrorist,1184,-558.7589,158.1983,AWP,100,100,-0.02767138,75.95303,0,False,True,True,90.35156,347.6953
device ;M;,CounterTerrorist,1184,-553.8839,161.4483,AWP,100,100,0.01809203,78,0,False,True,True,90,348.3984
device ;M;,CounterTerrorist,1184.001,-549.0089,164.6983,AWP,100,100,0.004855021,78,0,False,True,True,90,349.4531
device ;M;,CounterTerrorist,1184.001,-544.1339,167.9483,AWP,100,100,0.01364529,78,0,False,True,True,90,350.1563
device ;M;,CounterTerrorist,1184.006,-539.2589,171.1983,AWP,100,100,0.1478694,77.99986,0,False,True,True,89.64844,351.2109
device ;M;,CounterTerrorist,1184.019,-534.9932,174.0421,AWP,100,100,0.303422,77.9994,0,False,True,True,89.29688,351.9141
device ;M;,CounterTerrorist,1184.052,-529.5089,177.6983,AWP,100,100,0.6253893,77.99749,0,False,True,True,88.59375,352.6172
device ;M;,CounterTerrorist,1184.102,-524.6342,180.9481,AWP,100,100,0.9379751,77.99436,0,False,True,True,88.59375,352.9688
device ;M;,CounterTerrorist,1184.146,-520.9902,183.3774,AWP,100,100,0.6998399,58.19298,0,False,True,True,88.59375,353.3203
device ;M;,CounterTerrorist,1184.183,-517.8871,185.4461,AWP,100,100,0.3954489,32.8823,0,False,True,True,88.59375,353.6719
device ;M;,CounterTerrorist,1184.198,-516.6229,186.2889,AWP,100,100,0.1248791,10.38393,0,False,True,True,88.59375,354.0234
device ;M;,CounterTerrorist,1184.2,-516.5114,186.3531,AWP,100,100,0,0,0,False,True,True,88.59375,354.375
device ;M;,CounterTerrorist,1184.2,-516.5114,186.3531,AWP,100,100,0,0,0,False,True,True,88.59375,354.7266
device ;M;,CounterTerrorist,1184.2,-516.5114,186.3531,AWP,100,100,0,0,0,False,True,True,88.24219,354.7266
device ;M;,CounterTerrorist,1184.2,-516.5114,186.3531,AWP,100,100,0,0,0,False,True,True,88.24219,354.7266
device ;M;,CounterTerrorist,1184.2,-516.5114,186.3531,AWP,100,100,0,0,0,False,True,True,88.24219,354.7266
device ;M;,CounterTerrorist,1184.2,-516.5114,186.3531,AWP,100,100,0,0,0,False,True,True,88.24219,354.7266
device ;M;,CounterTerrorist,1184.173,-517.4954,185.7072,AWP,100,100,-0.7081586,-25.80278,0,False,True,True,88.24219,354.7266
device ;M;,CounterTerrorist,1184.095,-520.32,183.8242,AWP,100,100,-1.424442,-51.66785,0,False,True,True,88.24219,354.7266
device ;M;,CounterTerrorist,1184.014,-524.3575,181.1325,AWP,100,100,-0.1628369,-74.65714,0,False,True,True,88.24219,354.375
device ;M;,CounterTerrorist,1184,-528.6194,178.2912,AWP,100,100,0,-77.99995,0,False,True,True,88.24219,354.0234
device ;M;,CounterTerrorist,1184,-533.2711,175.1901,AWP,100,100,0,-66.63464,0,False,True,True,88.24219,353.3203
device ;M;,CounterTerrorist,1184,-536.9675,172.7259,AWP,100,100,0,-41.32214,0,False,True,True,88.24219,352.9688
device ;M;,CounterTerrorist,1184,-538.6119,171.6296,AWP,100,100,0,-21.63464,0,True,True,True,88.24219,352.2656
device ;M;,CounterTerrorist,1184,-539.1797,171.251,AWP,100,100,0,0,0,True,True,True,88.24219,351.5625
device ;M;,CounterTerrorist,1184,-539.1797,171.251,AWP,100,100,0,0,0,False,True,True,88.59375,350.8594
device ;M;,CounterTerrorist,1184,-539.1797,171.251,AWP,100,100,0,0,0,False,True,True,88.59375,350.1563
device ;M;,CounterTerrorist,1184,-539.1797,171.251,AWP,100,100,0,0,0,False,True,True,88.94531,349.4531
device ;M;,CounterTerrorist,1184,-539.1797,171.251,AWP,100,100,0,0,0,False,True,True,88.94531,349.4531
device ;M;,CounterTerrorist,1184.006,-538.8992,171.438,AWP,100,100,0.1671303,8.248306,0,False,True,True,88.94531,349.4531
device ;M;,CounterTerrorist,1184.021,-538.1287,171.9517,AWP,100,100,0.3140025,15.49682,0,False,True,True,88.94531,349.4531
device ;M;,CounterTerrorist,1184.05,-536.7206,172.8904,AWP,100,100,0.4859301,23.65126,0,False,True,True,88.94531,349.4531
device ;M;,CounterTerrorist,1184.086,-534.9877,174.0457,AWP,100,100,0.6478375,30.89945,0,False,True,True,88.94531,349.8047
device ;M;,CounterTerrorist,1184.132,-532.8017,175.5031,AWP,100,100,0.8019463,38.14782,0,False,True,True,88.94531,350.5078
device ;M;,CounterTerrorist,1184.18,-530.5172,177.0261,AWP,100,100,0.9360924,44.49015,0,False,True,True,88.94531,350.8594
device ;M;,CounterTerrorist,1184.253,-527.0703,179.324,AWP,100,100,1.105313,52.64464,0,True,True,True,88.94531,351.5625
device ;M;,CounterTerrorist,1184.317,-523.9932,181.3754,AWP,100,100,1.230971,58.98715,0,True,True,True,88.94531,352.2656
device ;M;,CounterTerrorist,1184.409,-519.5273,184.3527,AWP,100,100,1.364237,67.14236,0,True,True,True,88.94531,353.6719
device ;M;,CounterTerrorist,1184.491,-515.3819,187.1163,AWP,100,100,1.523654,77.98512,0,False,True,True,88.94531,354.7266
device ;M;,CounterTerrorist,1184.581,-510.7311,190.2168,AWP,100,100,1.288742,66.62222,0,False,True,True,88.94531,355.0781
device ;M;,CounterTerrorist,1184.647,-507.3581,192.4655,AWP,100,100,0.8535828,44.12643,0,False,True,True,88.59375,355.0781
device ;M;,CounterTerrorist,1184.685,-505.3911,193.7768,AWP,100,100,0.4184237,21.63065,0,False,True,True,88.59375,355.4297
device ;M;,CounterTerrorist,1184.696,-504.8232,194.1452,AWP,100,100,0,0,0,False,True,True,88.59375,355.7813
device ;M;,CounterTerrorist,1184.696,-504.8232,194.1452,AWP,100,100,0,0,0,False,True,True,88.59375,355.7813
device ;M;,CounterTerrorist,1184.696,-504.8232,194.1452,AWP,100,100,0,0,0,False,True,True,88.59375,355.7813
device ;M;,CounterTerrorist,1184.696,-504.8232,194.1452,AWP,100,100,0,0,0,False,True,True,88.59375,355.7813
device ;M;,CounterTerrorist,1184.696,-504.8232,194.1452,AWP,100,100,0,0,0,False,True,True,88.59375,355.7813
device ;M;,CounterTerrorist,1184.696,-504.8232,194.1452,AWP,100,100,0,0,0,False,True,True,88.59375,355.7813
device ;M;,CounterTerrorist,1184.696,-504.8232,194.1452,CZ,100,100,0,0,0,False,True,True,88.59375,355.7813
device ;M;,CounterTerrorist,1184.696,-504.8232,194.1452,CZ,100,100,0,0,0,False,True,True,88.59375,355.7813
device ;M;,CounterTerrorist,1184.696,-504.8232,194.1452,CZ,100,100,0,0,0,False,True,True,88.94531,355.7813
device ;M;,CounterTerrorist,1185.299,-504.8218,194.1452,CZ,100,100,20.06016,0.2104973,0,False,True,True,91.40625,355.7813
device ;M;,CounterTerrorist,1187.357,-504.7205,194.2239,CZ,100,100,42.86744,3.396199,0,False,True,True,98.78906,357.1875
device ;M;,CounterTerrorist,1191.005,-504.122,194.6229,CZ,100,100,45.7691,6.753065,0,False,True,True,132.1875,2.8125
device ;M;,CounterTerrorist,1192.476,-504.9696,194.0578,CZ,100,100,13.84855,-27.05464,0,False,True,True,184.9219,8.789063
device ;M;,CounterTerrorist,1193.437,-507.0372,192.6794,CZ,100,100,22.49608,-44.91569,0,False,True,True,213.0469,10.89844
device ;M;,CounterTerrorist,1195.348,-510.4844,190.3812,CZ,100,100,36.67482,-63.22047,0,False,True,True,213.0469,10.89844
device ;M;,CounterTerrorist,1198.478,-515.6871,186.9128,CZ,100,100,50.13383,-81.72007,0,False,True,True,213.0469,10.89844
device ;M;,CounterTerrorist,1201.47,-520.5005,183.7039,CZ,100,100,57.85058,-92.33433,0,False,True,True,213.0469,10.89844
device ;M;,CounterTerrorist,1205.331,-526.605,179.6342,CZ,100,100,64.55767,-101.3974,0,False,True,True,213.3984,11.25
device ;M;,CounterTerrorist,1208.867,-533.3097,175.1644,CZ,100,100,45.18662,-112.3369,0,False,True,True,210.2344,13.00781
device ;M;,CounterTerrorist,1210.824,-540.6462,170.2734,CZ,100,100,20.95219,-120.731,0,False,True,True,204.6094,14.0625
device ;M;,CounterTerrorist,1211.35,-549.3451,164.4741,CZ,100,100,-2.735488,-124.77,0,False,True,True,199.3359,13.71094
device ;M;,CounterTerrorist,1210.699,-556.1346,159.9478,CZ,100,100,-18.41388,-123.4341,0,False,True,True,195.8203,12.30469
device ;M;,CounterTerrorist,1210.096,-563.9072,154.7661,CZ,100,100,-3.927784,-124.7382,0,False,True,True,192.3047,10.19531
device ;M;,CounterTerrorist,1210.179,-571.7052,149.5674,CZ,100,100,4.816553,-124.707,0,False,True,True,190.8984,8.085938
device ;M;,CounterTerrorist,1210.763,-580.46,143.7309,CZ,100,100,10.44575,-124.3621,0,False,True,True,189.4922,6.328125
device ;M;,CounterTerrorist,1211.351,-586.9061,139.4335,CZ,100,100,9.856225,-106.6525,0,False,True,True,188.4375,5.273438
device ;M;,CounterTerrorist,1211.668,-591.0495,136.6712,CZ,100,100,1.765288,-36.45568,0,False,True,True,187.0313,4.570313
device ;M;,CounterTerrorist,1211.624,-591.22,136.5575,CZ,100,100,-1.774148,14.1445,0,False,True,True,187.0313,4.21875
device ;M;,CounterTerrorist,1211.414,-589.5333,137.682,CZ,100,100,-4.49896,36.98236,0,False,True,True,186.3281,4.21875
device ;M;,CounterTerrorist,1211.132,-586.4152,139.7607,CZ,100,100,-4.981389,59.68841,0,False,True,True,172.2656,4.921875
device ;M;,CounterTerrorist,1210.221,-581.3646,143.1278,CZ,100,100,-13.56483,82.70783,0,False,True,True,131.1328,2.460938
device ;M;,CounterTerrorist,1209.499,-575.5866,146.9798,CZ,100,100,-14.30121,99.28547,0,False,True,True,101.9531,358.9453
device ;M;,CounterTerrorist,1208.512,-568.893,151.4422,CZ,100,100,-16.86836,112.579,0,False,True,True,99.14063,357.5391
device ;M;,CounterTerrorist,1207.532,-562.4536,155.7351,CZ,100,100,-18.63057,121.2918,0,False,True,True,99.14063,357.5391
device ;M;,CounterTerrorist,1206.187,-553.7902,161.5107,CZ,100,100,-19.28381,123.3011,0,False,True,True,99.14063,357.5391
device ;M;,CounterTerrorist,1205.126,-547.0482,166.0054,CZ,100,100,-19.46552,123.2726,0,False,True,True,99.14063,357.5391
device ;M;,CounterTerrorist,1203.925,-539.3412,171.1434,CZ,100,100,-18.72477,123.3873,0,False,True,True,96.32813,357.1875
device ;M;,CounterTerrorist,1202.702,-530.6519,176.9362,CZ,100,100,-16.24023,123.7388,0,False,True,True,94.21874,356.4844
device ;M;,CounterTerrorist,1201.874,-523.8774,181.4526,CZ,100,100,-14.36081,123.971,0,False,True,True,93.86719,356.4844
device ;M;,CounterTerrorist,1200.948,-515.1516,187.2698,CZ,100,100,-12.24444,124.1979,0,False,True,True,93.16406,357.1875
device ;M;,CounterTerrorist,1200.331,-508.3546,191.8011,CZ,100,100,-10.5527,124.353,0,False,True,True,92.10938,357.8906
device ;M;,CounterTerrorist,1199.737,-500.5773,196.986,CZ,100,100,-8.755774,124.4925,0,False,True,True,91.75781,358.5938
device ;M;,CounterTerrorist,1199.24,-492.7932,202.1754,CZ,100,100,-7.381131,124.5815,0,False,True,True,91.40625,359.2969
device ;M;,CounterTerrorist,1198.817,-485.0048,207.3677,CZ,100,100,-6.348092,124.6384,0,False,True,True,91.75781,359.6484
device ;M;,CounterTerrorist,1198.404,-476.2395,213.2112,CZ,100,100,-5.536547,124.6771,0,False,True,True,91.75781,0
device ;M;,CounterTerrorist,1198.116,-469.4206,217.7571,CZ,100,100,-5.089908,124.6962,0,False,True,True,91.75781,0.3515625
device ;M;,CounterTerrorist,1197.811,-461.6265,222.9532,CZ,100,100,-4.722794,124.7106,0,False,True,True,91.75781,0.703125
device ;M;,CounterTerrorist,1197.916,-453.8671,228.1262,CZ,100,100,12.76412,122.8968,0,False,True,True,92.46094,1.757813
device ;M;,CounterTerrorist,1199.874,-445.3681,233.7921,CZ,100,100,38.31402,118.7732,0,False,True,True,93.16406,3.164063
device ;M;,CounterTerrorist,1202.3,-438.9902,238.0441,CZ,100,100,43.28375,117.0536,0,False,True,True,94.5703,4.570313
device ;M;,CounterTerrorist,1204.617,-430.5345,243.6812,CZ,100,100,25.45965,122.1755,0,False,True,True,95.62501,6.328125
device ;M;,CounterTerrorist,1205.673,-423.7936,248.1751,CZ,100,100,15.12473,123.8801,0,False,True,True,95.62501,7.03125
device ;M;,CounterTerrorist,1206.346,-415.0465,254.0065,CZ,100,100,5.657642,124.6717,0,False,True,True,95.97657,7.03125
device ;M;,CounterTerrorist,1206.483,-407.2484,256.0313,CZ,100,100,-0.2553135,124.7997,0,False,True,True,96.6797,7.734375
device ;M;,CounterTerrorist,1206.313,-400.426,256.0313,CZ,100,100,-5.411477,124.6826,0,False,True,True,100.5469,9.140625
device ;M;,CounterTerrorist,1205.672,-392.6543,256.0313,CZ,100,100,-14.81819,123.9172,0,False,True,True,111.0938,13.35938
device ;M;,CounterTerrorist,1204.578,-383.9509,256.0313,CZ,100,100,-10.00192,124.3986,0,False,True,True,125.1563,19.33594
device ;M;,CounterTerrorist,1204.238,-377.1348,256.0313,CZ,100,100,-4.445914,124.7208,0,False,True,True,133.5938,22.85156
device ;M;,CounterTerrorist,1203.967,-369.3395,256.0313,CZ,100,100,-5.008953,124.6994,0,False,True,True,141.3281,24.96094
device ;M;,CounterTerrorist,1203.184,-361.6817,256.0313,CZ,100,100,-24.95708,117.8706,0,False,True,True,150.8203,26.36719
device ;M;,CounterTerrorist,1200.064,-354.0911,256.0313,CZ,100,100,-58.80025,99.42535,0,False,True,True,163.8281,27.07031
device ;M;,CounterTerrorist,1196.196,-349.113,256.0313,CZ,100,100,-76.99081,88.51299,0,False,True,True,173.3203,27.07031
device ;M;,CounterTerrorist,1191.1,-343.4137,256.0313,CZ,100,100,-85.25009,91.14527,0,False,True,True,189.4922,27.42188
device ;M;,CounterTerrorist,1185.419,-338.2444,256.0313,CZ,100,100,-97.27194,70.20419,0,False,True,True,193.3594,27.07031
device ;M;,CounterTerrorist,1177.978,-334.5618,256.0313,CZ,100,100,-111.9321,39.66486,0,False,True,True,193.3594,27.07031
device ;M;,CounterTerrorist,1170.636,-332.8023,256.0313,CZ,100,100,-121.339,20.069,0,False,True,True,193.3594,27.07031
device ;M;,CounterTerrorist,1164.003,-331.265,256.0313,CZ,100,100,-120.2815,33.27763,0,False,True,True,194.4141,27.07031
device ;M;,CounterTerrorist,1156.536,-329.0092,256.0313,CZ,100,100,-119.7126,35.26939,0,False,True,True,219.0234,27.77344
device ;M;,CounterTerrorist,1148.938,-327.2642,256.0313,CZ,100,100,-122.3688,24.51352,0,False,True,True,252.7734,27.77344
device ;M;,CounterTerrorist,1141.261,-326.0313,256.0313,CZ,100,100,-123.36,0,0,False,True,True,270,27.07031
device ;M;,CounterTerrorist,1135.905,-326.0304,256.0313,CZ,100,100,-54.69644,0.02817098,0,False,True,True,270,27.07031
device ;M;,CounterTerrorist,1134.744,-326.2304,256.0313,CZ,100,100,4.029894,-9.224913,0,False,True,True,270,27.07031
device ;M;,CounterTerrorist,1135.72,-327.2418,256.0313,CZ,100,100,24.9508,-20.56332,0,False,True,True,286.875,26.71875
device ;M;,CounterTerrorist,1138.045,-328.731,256.0313,CZ,100,100,46.08683,-27.85382,0,False,True,True,340.3125,23.90625
device ;M;,CounterTerrorist,1141.793,-330.1128,256.0313,CZ,100,100,70.01012,-14.54942,0,False,True,True,18.63281,20.74219
device ;M;,CounterTerrorist,1146.872,-330.4083,256.0313,CZ,100,100,89.26716,2.143904,0,False,True,True,18.63281,20.74219
device ;M;,CounterTerrorist,1152.977,-329.8238,256.0313,CZ,100,100,103.5889,14.41244,0,False,True,True,18.63281,20.74219
device ;M;,CounterTerrorist,1159.838,-328.5918,256.0313,CZ,100,100,114.1633,23.37139,0,False,True,True,17.92969,20.39063
device ;M;,CounterTerrorist,1167.273,-327.1163,256.0313,CZ,100,100,122.487,18.46276,0,False,True,True,34.10156,20.39063
device ;M;,CounterTerrorist,1174.996,-326.0327,256.0313,CZ,100,100,123.074,20.68385,0,False,True,True,72.77344,17.57813
device ;M;,CounterTerrorist,1183.549,-325.8151,256.0313,CZ,100,100,119.395,12.16921,0,False,True,True,93.51563,15.46875
device ;M;,CounterTerrorist,1189.931,-324.3744,256.0313,CZ,100,100,114.8642,36.06122,0,False,True,True,93.51563,15.46875
device ;M;,CounterTerrorist,1196.657,-321.2616,256.0313,CZ,100,100,95.39793,61.8812,0,False,True,True,93.51563,15.46875
device ;M;,CounterTerrorist,1202.108,-315.8416,256.0313,CZ,100,100,64.78487,87.92274,0,False,True,True,93.51563,15.46875
device ;M;,CounterTerrorist,1205.435,-309.7329,256.0313,CZ,100,100,45.14171,104.6325,0,False,True,True,93.51563,15.46875
device ;M;,CounterTerrorist,1207.726,-302.7413,256.0313,CZ,100,100,30.70267,116.9421,0,False,True,True,93.51563,15.11719
device ;M;,CounterTerrorist,1209.104,-296.1133,256.0313,CZ,100,100,21.43268,122.9458,0,False,True,True,91.75781,13.35938
device ;M;,CounterTerrorist,1210.187,-288.3896,256.0313,CZ,100,100,14.68299,123.9333,0,False,True,True,89.64844,11.95313
device ;M;,CounterTerrorist,1211.927,-280.8042,256.0313,CZ,100,100,38.18604,118.8144,0,False,True,True,88.59375,11.95313
device ;M;,CounterTerrorist,1215.43,-272.7703,256.0313,CZ,100,100,57.92854,110.541,0,False,True,True,87.53906,12.30469
device ;M;,CounterTerrorist,1218.515,-266.6862,256.0313,CZ,100,100,50.73199,114.0233,0,False,True,True,87.53906,12.30469
device ;M;,CounterTerrorist,1221.478,-258.4325,256.0313,CZ,100,100,36.03224,119.4852,0,False,True,True,87.53906,12.30469
device ;M;,CounterTerrorist,1223.181,-251.8245,256.0313,CZ,100,100,27.80884,121.6623,0,False,True,True,87.53906,12.30469
device ;M;,CounterTerrorist,1224.67,-244.1689,256.0313,CZ,100,100,21.07925,123.0069,0,False,True,True,87.1875,12.30469
device ;M;,CounterTerrorist,1225.82,-236.4546,256.0313,CZ,100,100,16.61494,123.6891,0,False,True,True,87.1875,12.65625
device ;M;,CounterTerrorist,1226.746,-228.7099,256.0313,CZ,100,100,13.54094,124.0632,0,False,True,True,87.53906,13.00781
device ;M;,CounterTerrorist,1227.51,-220.9475,256.0313,CZ,100,100,11.32187,124.2854,0,False,True,True,87.53906,13.00781
device ;M;,CounterTerrorist,1228.14,-212.2137,256.0313,CZ,100,100,1.629382,123.4767,0,False,True,True,87.53906,13.00781
device ;M;,CounterTerrorist,1227.436,-205.5502,256.0313,CZ,100,100,-22.81859,120.7292,0,False,True,True,87.53906,13.00781
device ;M;,CounterTerrorist,1225.201,-197.1054,256.0313,CZ,100,100,-29.84336,121.1793,0,False,True,True,87.53906,13.35938
device ;M;,CounterTerrorist,1223.885,-190.4101,256.0313,CZ,100,100,-20.08966,123.1724,0,False,True,True,86.83594,13.35938
device ;M;,CounterTerrorist,1222.778,-181.7065,256.0313,CZ,100,100,-17.62418,123.5493,0,False,True,True,86.83594,13.35938
device ;M;,CounterTerrorist,1220.886,-174.1491,256.0313,CZ,100,100,-38.93412,118.5714,0,False,True,True,86.48438,13.35938
device ;M;,CounterTerrorist,1219.135,-169.5039,256.0313,CZ,73,96,-13.74846,36.48186,0,False,True,True,84.72656,11.60156
device ;M;,CounterTerrorist,1219.98,-168.1868,256.0313,CZ,73,96,40.2414,16.13108,0,False,True,True,86.83594,11.25
