Name,Team,Position.X,Position.Y,Position.Z,ActiveWeapon,HP,Armour,Velocity.X,Velocity.Y,Velocity.Z,IsDucking,HasHelmet,HasDefuseKit,ViewDirectionX,ViewDirectionY,Map = de_inferno
Xyp9x,CounterTerrorist,2361,2008,126.0593,USP,100,0,0,0,0,False,False,False,274.5703,4.570313
Xyp9x,CounterTerrorist,2361,2008,126.0593,USP,100,0,0,0,0,False,False,False,274.5703,4.570313
Xyp9x,CounterTerrorist,2361,2008,126.0593,USP,100,0,0,0,0,False,False,False,274.5703,4.570313
Xyp9x,CounterTerrorist,2361,2008,126.0593,USP,100,0,0,0,0,False,False,False,274.5703,4.570313
Xyp9x,CounterTerrorist,2361,2008,126.0593,USP,100,0,0,0,0,False,False,False,274.5703,4.570313
Xyp9x,CounterTerrorist,2361,2008,126.0593,USP,100,0,0,0,0,False,False,False,274.5703,4.570313
Xyp9x,CounterTerrorist,2361,2008,126.0593,USP,100,0,0,0,0,False,False,False,117.4219,0
Xyp9x,CounterTerrorist,2361,2008,126.0593,USP,100,0,0,0,0,False,False,False,117.4219,0
Xyp9x,CounterTerrorist,2361,2008,126.0593,USP,100,0,0,0,0,False,False,False,117.4219,0
Xyp9x,CounterTerrorist,2361,2008,126.0593,USP,100,0,0,0,0,False,False,False,117.4219,0
Xyp9x,CounterTerrorist,2361,2008,126.0593,USP,100,0,0,0,0,False,False,False,117.4219,0
Xyp9x,CounterTerrorist,2361,2008,126.0593,USP,100,0,0,0,0,False,False,False,117.4219,0
Xyp9x,CounterTerrorist,2361,2008,126.0593,Knife,100,0,0,0,0,False,False,False,117.4219,0
Xyp9x,CounterTerrorist,2361,2008,126.0593,Knife,100,0,0,0,0,False,False,False,117.4219,0
Xyp9x,CounterTerrorist,2361,2008,126.0593,Knife,100,0,0,0,0,False,False,False,117.4219,0
Xyp9x,CounterTerrorist,2361,2008,126.0593,Knife,100,0,0,0,0,False,False,False,117.4219,0
Xyp9x,CounterTerrorist,2361,2008,126.0593,Knife,100,0,0,0,0,False,False,False,117.4219,0
Xyp9x,CounterTerrorist,2361,2008,126.0593,Knife,100,0,0,0,0,False,False,False,117.4219,0
Xyp9x,CounterTerrorist,2361,2008,126.0593,Knife,100,0,0,0,0,False,False,False,117.4219,0
Xyp9x,CounterTerrorist,2361,2008,126.0593,Knife,100,0,0,0,0,False,False,False,117.4219,0
Xyp9x,CounterTerrorist,2361,2008,126.0593,Knife,100,0,0,0,0,False,False,False,117.4219,0
Xyp9x,CounterTerrorist,2361,2008,126.0593,Knife,100,0,0,0,0,False,False,False,117.4219,0
Xyp9x,CounterTerrorist,2361,2008,126.0593,Knife,100,0,0,0,0,False,False,False,117.4219,0
Xyp9x,CounterTerrorist,2361,2008,126.0593,Knife,100,0,0,0,0,False,False,False,117.4219,0
Xyp9x,CounterTerrorist,2361,2008,126.0593,Knife,100,0,0,0,0,False,False,False,117.4219,0
Xyp9x,CounterTerrorist,2361,2008,126.0593,Knife,100,0,0,0,0,False,False,False,117.4219,0
Xyp9x,CounterTerrorist,2361,2008,126.0593,Knife,100,0,0,0,0,False,False,False,117.4219,0
Xyp9x,CounterTerrorist,2361,2008,126.0593,Knife,100,0,0,0,0,False,False,False,117.4219,0
Xyp9x,CounterTerrorist,2361,2008,126.0593,Knife,100,0,0,0,0,False,False,False,117.4219,0
Xyp9x,CounterTerrorist,2361,2008,126.0593,Knife,100,0,0,0,0,False,False,False,117.4219,0
Xyp9x,CounterTerrorist,2361,2008,126.0593,Knife,100,0,0,0,0,False,False,False,117.4219,0
Xyp9x,CounterTerrorist,2361,2008,126.0593,Knife,100,0,0,0,0,False,False,False,117.4219,0
Xyp9x,CounterTerrorist,2361,2008,126.0593,Knife,100,0,0,0,0,False,False,False,117.4219,0
Xyp9x,CounterTerrorist,2361,2008,126.0593,Knife,100,0,0,0,0,False,False,False,117.4219,0
Xyp9x,CounterTerrorist,2361,2008,126.0593,Knife,100,0,0,0,0,False,False,False,117.4219,0
Xyp9x,CounterTerrorist,2361,2008,126.0593,Knife,100,0,0,0,0,False,False,False,117.4219,0
Xyp9x,CounterTerrorist,2361,2008,126.0593,Knife,100,0,0,0,0,False,False,False,117.4219,0
Xyp9x,CounterTerrorist,2361,2008,126.0593,Knife,100,0,0,0,0,False,False,False,117.4219,0
Xyp9x,CounterTerrorist,2361,2008,126.0593,Knife,100,0,0,0,0,False,False,False,117.4219,0
Xyp9x,CounterTerrorist,2361,2008,126.0593,Knife,100,0,0,0,0,False,False,False,117.4219,0
Xyp9x,CounterTerrorist,2361,2008,126.0593,Knife,100,0,0,0,0,False,False,False,117.4219,0
Xyp9x,CounterTerrorist,2361,2008,126.0593,Knife,100,0,0,0,0,False,False,False,117.4219,0
Xyp9x,CounterTerrorist,2361,2008,126.0593,Knife,100,0,0,0,0,False,False,False,117.4219,0
Xyp9x,CounterTerrorist,2361,2008,126.0593,Knife,100,0,0,0,0,False,False,False,117.4219,0
Xyp9x,CounterTerrorist,2361,2008,126.0593,Knife,100,0,0,0,0,False,False,False,117.4219,0
Xyp9x,CounterTerrorist,2361,2008,126.0593,Knife,100,0,0,0,0,False,False,False,117.4219,0
Xyp9x,CounterTerrorist,2361,2008,126.0593,Knife,100,0,0,0,0,False,False,False,117.4219,0
Xyp9x,CounterTerrorist,2361,2008,126.0593,Knife,100,0,0,0,0,False,False,False,117.4219,0
Xyp9x,CounterTerrorist,2361,2008,126.0593,Knife,100,0,0,0,0,False,False,False,117.4219,0
Xyp9x,CounterTerrorist,2361,2008,126.0593,Knife,100,0,0,0,0,False,False,False,117.4219,0
Xyp9x,CounterTerrorist,2361,2008,126.0593,Knife,100,0,0,0,0,False,False,False,117.4219,0
Xyp9x,CounterTerrorist,2361,2008,126.0593,Knife,100,0,0,0,0,False,False,False,117.4219,0
Xyp9x,CounterTerrorist,2361,2008,126.0593,Knife,100,0,0,0,0,False,False,False,117.4219,0
Xyp9x,CounterTerrorist,2361,2008,126.0593,Knife,100,0,0,0,0,False,False,False,117.4219,0
Xyp9x,CounterTerrorist,2361,2008,126.0593,Knife,100,0,0,0,0,False,False,False,117.4219,0
Xyp9x,CounterTerrorist,2361,2008,126.0593,Knife,100,0,0,0,0,False,False,False,117.4219,0
Xyp9x,CounterTerrorist,2361,2008,126.0593,Knife,100,0,0,0,0,False,False,False,117.4219,0
Xyp9x,CounterTerrorist,2361,2008,126.0593,Knife,100,0,0,0,0,False,False,False,117.4219,0
Xyp9x,CounterTerrorist,2361,2008,126.0593,Knife,100,0,0,0,0,False,False,False,117.4219,0
Xyp9x,CounterTerrorist,2361,2008,126.0593,Knife,100,0,0,0,0,False,False,False,117.4219,0
Xyp9x,CounterTerrorist,2361,2008,126.0593,Knife,100,0,0,0,0,False,False,False,117.4219,0
Xyp9x,CounterTerrorist,2361,2008,126.0593,Knife,100,0,0,0,0,False,False,False,117.4219,0
Xyp9x,CounterTerrorist,2361,2008,126.0593,Knife,100,0,0,0,0,False,False,False,115.6641,359.6484
Xyp9x,CounterTerrorist,2361,2008,126.0593,Knife,100,0,0,0,0,False,False,False,104.0625,0.3515625
Xyp9x,CounterTerrorist,2361,2008,126.0593,Knife,100,0,0,0,0,False,False,False,87.89063,2.8125
Xyp9x,CounterTerrorist,2361,2008,126.0593,Knife,100,0,0,0,0,False,False,False,73.47656,6.679688
Xyp9x,CounterTerrorist,2361,2008,126.0593,Knife,100,0,0,0,0,False,False,False,73.47656,6.679688
Xyp9x,CounterTerrorist,2361,2008,126.0593,Knife,100,0,0,0,0,False,False,False,73.47656,6.679688
Xyp9x,CounterTerrorist,2361,2008,126.0593,Knife,100,0,0,0,0,False,False,False,73.47656,6.679688
Xyp9x,CounterTerrorist,2361,2008,126.0593,Knife,100,0,0,0,0,False,False,False,73.47656,6.679688
Xyp9x,CounterTerrorist,2361,2008,126.0593,Knife,100,0,0,0,0,False,False,False,73.47656,6.679688
Xyp9x,CounterTerrorist,2361,2008,126.0593,Knife,100,0,0,0,0,False,False,False,73.47656,6.679688
Xyp9x,CounterTerrorist,2361,2008,126.0593,Knife,100,0,0,0,0,False,False,False,73.47656,6.679688
Xyp9x,CounterTerrorist,2361,2008,126.0593,Knife,100,0,0,0,0,False,False,False,73.125,5.976563
Xyp9x,CounterTerrorist,2361,2008,126.0593,Knife,100,0,0,0,0,False,False,False,65.39063,5.273438
Xyp9x,CounterTerrorist,2361,2008,126.0593,Knife,100,0,0,0,0,False,False,False,50.97656,5.273438
Xyp9x,CounterTerrorist,2361,2008,126.0593,Knife,100,0,0,0,0,False,False,False,44.29688,4.921875
Xyp9x,CounterTerrorist,2361,2008,126.0593,Knife,100,0,0,0,0,False,False,False,43.24219,4.921875
Xyp9x,CounterTerrorist,2361,2008,126.0593,Knife,100,0,0,0,0,False,False,False,43.24219,4.921875
Xyp9x,CounterTerrorist,2361,2008,126.0593,Knife,100,0,0,0,0,False,False,False,43.24219,4.921875
Xyp9x,CounterTerrorist,2361,2008,126.0593,Knife,100,0,0,0,0,False,False,False,42.89063,5.273438
Xyp9x,CounterTerrorist,2361,2008,126.0593,Knife,100,0,0,0,0,False,False,False,42.53906,6.328125
Xyp9x,CounterTerrorist,2361,2008,126.0593,Knife,100,0,0,0,0,False,False,False,41.83594,8.085938
Xyp9x,CounterTerrorist,2361,2008,126.0593,Knife,100,0,0,0,0,False,False,False,41.48438,9.140625
Xyp9x,CounterTerrorist,2361,2008,126.0593,Knife,100,0,0,0,0,False,False,False,41.13281,9.84375
Xyp9x,CounterTerrorist,2361,2008,126.0593,Knife,100,0,0,0,0,False,False,False,40.07813,10.89844
Xyp9x,CounterTerrorist,2361,2008,126.0593,Knife,100,0,0,0,0,False,False,False,39.72656,10.89844
Xyp9x,CounterTerrorist,2361,2008,126.0593,Knife,100,0,0,0,0,False,False,False,39.72656,10.89844
Xyp9x,CounterTerrorist,2361,2008,126.0593,M4A4,100,0,0,0,0,False,False,False,39.72656,10.89844
Xyp9x,CounterTerrorist,2361,2008,126.0593,M4A4,100,0,0,0,0,False,False,False,39.72656,10.89844
Xyp9x,CounterTerrorist,2361,2008,126.0593,M4A4,100,0,0,0,0,False,False,False,34.45313,12.65625
Xyp9x,CounterTerrorist,2361,2008,126.0593,M4A4,100,0,0,0,0,False,False,False,26.36719,14.41406
Xyp9x,CounterTerrorist,2361,2008,126.0593,M4A4,100,0,0,0,0,False,False,False,21.79688,16.17188
Xyp9x,CounterTerrorist,2361,2008,126.0593,USP,100,0,0,0,0,False,False,False,22.14844,16.52344
Xyp9x,CounterTerrorist,2361,2008,126.0593,USP,100,0,0,0,0,False,False,False,27.77344,16.875
Xyp9x,CounterTerrorist,2361,2008,126.0593,Knife,100,0,0,0,0,False,False,False,43.94531,16.875
Xyp9x,CounterTerrorist,2361,2008,126.0593,Knife,100,0,0,0,0,False,False,False,69.60938,15.46875
Xyp9x,CounterTerrorist,2361,2008,126.0593,Knife,100,0,0,0,0,False,False,False,92.10938,13.71094
Xyp9x,CounterTerrorist,2361,2008,126.0593,Knife,100,0,0,0,0,False,False,False,107.5781,12.65625
Xyp9x,CounterTerrorist,2361,2008,126.0593,Knife,100,0,0,0,0,False,False,False,108.6328,12.65625
Xyp9x,CounterTerrorist,2361,2008,126.0593,Knife,100,0,0,0,0,False,False,False,108.6328,12.65625
Xyp9x,CounterTerrorist,2361,2008,126.0593,Knife,100,0,0,0,0,False,False,False,108.6328,12.65625
Xyp9x,CounterTerrorist,2361,2008,126.0593,Knife,100,0,0,0,0,False,False,False,108.6328,12.65625
Xyp9x,CounterTerrorist,2361,2008,126.0593,Knife,100,0,0,0,0,False,False,False,108.6328,12.65625
Xyp9x,CounterTerrorist,2361,2008,126.0593,Knife,100,0,0,0,0,False,False,False,108.6328,12.65625
Xyp9x,CounterTerrorist,2361,2008,126.0593,M4A4,100,0,0,0,0,False,False,False,108.6328,12.65625
Xyp9x,CounterTerrorist,2361,2008,126.0593,M4A4,100,0,0,0,0,False,False,False,108.6328,12.65625
Xyp9x,CounterTerrorist,2361,2008,126.0593,M4A4,100,0,0,0,0,False,False,False,108.6328,12.65625
Xyp9x,CounterTerrorist,2361,2008,126.0593,M4A4,100,0,0,0,0,False,False,False,108.6328,12.65625
Xyp9x,CounterTerrorist,2361,2008,126.0593,M4A4,100,0,0,0,0,False,False,False,108.6328,12.65625
Xyp9x,CounterTerrorist,2361,2008,126.0593,M4A4,100,0,0,0,0,False,False,False,108.6328,12.65625
Xyp9x,CounterTerrorist,2361,2008,126.0593,M4A4,100,100,0,0,0,False,True,False,108.6328,12.65625
Xyp9x,CounterTerrorist,2361,2008,126.0593,M4A4,100,100,0,0,0,False,True,False,108.6328,12.65625
Xyp9x,CounterTerrorist,2361,2008,126.0593,M4A4,100,100,0,0,0,False,True,False,108.6328,12.65625
Xyp9x,CounterTerrorist,2361,2008,126.0593,M4A4,100,100,0,0,0,False,True,False,108.6328,12.65625
Xyp9x,CounterTerrorist,2361,2008,126.0593,M4A4,100,100,0,0,0,False,True,False,108.6328,12.65625
Xyp9x,CounterTerrorist,2361,2008,126.0593,M4A4,100,100,0,0,0,False,True,False,108.6328,12.65625
Xyp9x,CounterTerrorist,2361,2008,126.0593,M4A4,100,100,0,0,0,False,True,False,108.6328,12.65625
Xyp9x,CounterTerrorist,2361,2008,126.0593,M4A4,100,100,0,0,0,False,True,False,108.6328,12.65625
Xyp9x,CounterTerrorist,2361,2008,126.0593,M4A4,100,100,0,0,0,False,True,False,108.6328,12.65625
Xyp9x,CounterTerrorist,2361,2008,126.0593,M4A4,100,100,0,0,0,False,True,False,108.6328,12.65625
Xyp9x,CounterTerrorist,2361,2008,126.0593,M4A4,100,100,0,0,0,False,True,False,108.6328,12.65625
Xyp9x,CounterTerrorist,2361,2008,126.0593,M4A4,100,100,0,0,0,False,True,False,108.6328,12.65625
Xyp9x,CounterTerrorist,2361,2008,126.0593,M4A4,100,100,0,0,0,False,True,False,108.6328,12.65625
Xyp9x,CounterTerrorist,2361,2008,126.0593,M4A4,100,100,0,0,0,False,True,False,108.6328,12.65625
Xyp9x,CounterTerrorist,2361,2008,126.0593,M4A4,100,100,0,0,0,False,True,False,108.6328,12.65625
Xyp9x,CounterTerrorist,2361,2008,126.0593,M4A4,100,100,0,0,0,False,True,False,108.6328,12.65625
Xyp9x,CounterTerrorist,2361,2008,126.0593,M4A4,100,100,0,0,0,False,True,False,108.6328,12.65625
Xyp9x,CounterTerrorist,2361,2008,126.0593,M4A4,100,100,0,0,0,False,True,False,108.6328,12.65625
Xyp9x,CounterTerrorist,2361,2008,126.0593,M4A4,100,100,0,0,0,False,True,False,108.6328,12.65625
Xyp9x,CounterTerrorist,2361,2008,126.0593,M4A4,100,100,0,0,0,False,True,False,108.6328,12.65625
Xyp9x,CounterTerrorist,2361,2008,126.0593,M4A4,100,100,0,0,0,False,True,False,108.6328,12.65625
Xyp9x,CounterTerrorist,2361,2008,126.0593,M4A4,100,100,0,0,0,False,True,False,108.6328,12.65625
Xyp9x,CounterTerrorist,2361,2008,126.0593,M4A4,100,100,0,0,0,False,True,True,108.6328,12.65625
Xyp9x,CounterTerrorist,2361,2008,126.0593,M4A4,100,100,0,0,0,False,True,True,108.6328,12.65625
Xyp9x,CounterTerrorist,2361,2008,126.0593,M4A4,100,100,0,0,0,False,True,True,108.6328,12.65625
Xyp9x,CounterTerrorist,2361,2008,126.0593,M4A4,100,100,0,0,0,False,True,True,108.6328,12.65625
Xyp9x,CounterTerrorist,2361,2008,126.0593,M4A4,100,100,0,0,0,False,True,True,111.7969,12.65625
Xyp9x,CounterTerrorist,2361,2008,126.0593,Knife,100,100,0,0,0,False,True,True,122.3438,11.60156
Xyp9x,CounterTerrorist,2361,2008,126.0593,Knife,100,100,0,0,0,False,True,True,124.4531,10.54688
Xyp9x,CounterTerrorist,2361,2008,126.0593,Knife,100,100,0,0,0,False,True,True,124.4531,10.54688
Xyp9x,CounterTerrorist,2361,2008,126.0593,Knife,100,100,0,0,0,False,True,True,124.4531,10.54688
Xyp9x,CounterTerrorist,2361,2008,126.0593,M4A4,100,100,0,0,0,False,True,True,124.4531,10.54688
Xyp9x,CounterTerrorist,2361,2008,126.0593,M4A4,100,100,0,0,0,False,True,True,124.4531,10.54688
Xyp9x,CounterTerrorist,2361,2008,126.0593,M4A4,100,100,0,0,0,False,True,True,124.4531,10.54688
Xyp9x,CounterTerrorist,2361,2008,126.0593,M4A4,100,100,0,0,0,False,True,True,124.4531,10.54688
Xyp9x,CounterTerrorist,2361,2008,126.0593,Knife,100,100,0,0,0,False,True,True,124.4531,10.54688
Xyp9x,CounterTerrorist,2361,2008,126.0593,Knife,100,100,0,0,0,False,True,True,124.4531,10.54688
Xyp9x,CounterTerrorist,2361,2008,126.0593,Knife,100,100,0,0,0,False,True,True,124.4531,10.54688
Xyp9x,CounterTerrorist,2361,2008,126.0593,M4A4,100,100,0,0,0,False,True,True,124.4531,10.54688
Xyp9x,CounterTerrorist,2361,2008,126.0593,M4A4,100,100,0,0,0,False,True,True,124.4531,10.54688
Xyp9x,CounterTerrorist,2361,2008,126.0593,M4A4,100,100,0,0,0,False,True,True,124.4531,10.54688
Xyp9x,CounterTerrorist,2361,2008,126.0593,M4A4,100,100,0,0,0,False,True,True,124.4531,10.54688
Xyp9x,CounterTerrorist,2361,2008,126.0593,M4A4,100,100,0,0,0,False,True,True,124.4531,10.54688
Xyp9x,CounterTerrorist,2361,2008,126.0593,M4A4,100,100,0,0,0,False,True,True,124.4531,10.54688
Xyp9x,CounterTerrorist,2361,2008,126.0593,M4A4,100,100,0,0,0,False,True,True,124.4531,10.54688
Xyp9x,CounterTerrorist,2361,2008,126.0593,M4A4,100,100,0,0,0,False,True,True,124.4531,10.54688
Xyp9x,CounterTerrorist,2361,2008,126.0593,M4A4,100,100,0,0,0,False,True,True,124.4531,10.54688
Xyp9x,CounterTerrorist,2361,2008,126.0593,Knife,100,100,0,0,0,False,True,True,124.4531,10.54688
Xyp9x,CounterTerrorist,2361,2008,126.0593,Knife,100,100,0,0,0,False,True,True,124.4531,10.54688
Xyp9x,CounterTerrorist,2361,2008,126.0593,Knife,100,100,0,0,0,False,True,True,124.4531,10.54688
Xyp9x,CounterTerrorist,2361,2008,126.0593,Knife,100,100,0,0,0,False,True,True,124.4531,10.54688
Xyp9x,CounterTerrorist,2361,2008,126.0593,Knife,100,100,0,0,0,False,True,True,124.4531,10.54688
Xyp9x,CounterTerrorist,2361,2008,126.0593,Knife,100,100,0,0,0,False,True,True,124.4531,10.54688
Xyp9x,CounterTerrorist,2361,2008,126.0593,Knife,100,100,0,0,0,False,True,True,124.4531,10.54688
Xyp9x,CounterTerrorist,2361,2008,126.0593,Knife,100,100,0,0,0,False,True,True,124.4531,10.54688
Xyp9x,CounterTerrorist,2361,2008,126.0593,Knife,100,100,0,0,0,False,True,True,124.4531,10.54688
Xyp9x,CounterTerrorist,2361,2008,126.0593,Knife,100,100,0,0,0,False,True,True,124.4531,10.54688
Xyp9x,CounterTerrorist,2361,2008,126.0593,Knife,100,100,0,0,0,False,True,True,124.4531,10.54688
Xyp9x,CounterTerrorist,2361,2008,126.0593,Knife,100,100,0,0,0,False,True,True,124.4531,10.54688
Xyp9x,CounterTerrorist,2361,2008,126.0593,Knife,100,100,0,0,0,False,True,True,124.4531,10.54688
Xyp9x,CounterTerrorist,2361,2008,126.0593,Knife,100,100,0,0,0,False,True,True,124.4531,10.54688
Xyp9x,CounterTerrorist,2361,2008,126.0593,Knife,100,100,0,0,0,False,True,True,124.4531,10.54688
Xyp9x,CounterTerrorist,2361,2008,126.0593,Knife,100,100,0,0,0,False,True,True,124.4531,10.54688
Xyp9x,CounterTerrorist,2361,2008,126.0593,Knife,100,100,0,0,0,False,True,True,124.4531,10.54688
Xyp9x,CounterTerrorist,2361,2008,126.0593,Knife,100,100,0,0,0,False,True,True,124.4531,10.54688
Xyp9x,CounterTerrorist,2361,2008,126.0593,Knife,100,100,0,0,0,False,True,True,124.4531,10.54688
Xyp9x,CounterTerrorist,2361,2008,126.0593,Knife,100,100,0,0,0,False,True,True,124.4531,10.54688
Xyp9x,CounterTerrorist,2361,2008,126.0593,Knife,100,100,0,0,0,False,True,True,124.4531,10.54688
Xyp9x,CounterTerrorist,2361,2008,126.0593,Knife,100,100,0,0,0,False,True,True,124.4531,10.54688
Xyp9x,CounterTerrorist,2361,2008,126.0593,Knife,100,100,0,0,0,False,True,True,124.4531,10.54688
Xyp9x,CounterTerrorist,2361,2008,126.0593,Knife,100,100,0,0,0,False,True,True,124.4531,10.54688
Xyp9x,CounterTerrorist,2361,2008,126.0593,Knife,100,100,0,0,0,False,True,True,124.4531,10.54688
Xyp9x,CounterTerrorist,2361,2008,126.0593,Knife,100,100,0,0,0,False,True,True,124.4531,10.54688
Xyp9x,CounterTerrorist,2361,2008,126.0593,Knife,100,100,0,0,0,False,True,True,124.4531,10.54688
Xyp9x,CounterTerrorist,2361,2008,126.0593,Knife,100,100,0,0,0,False,True,True,124.4531,10.54688
Xyp9x,CounterTerrorist,2361,2008,126.0593,Knife,100,100,0,0,0,False,True,True,124.4531,10.54688
Xyp9x,CounterTerrorist,2361,2008,126.0593,Knife,100,100,0,0,0,False,True,True,124.4531,10.54688
Xyp9x,CounterTerrorist,2361,2008,126.0593,Knife,100,100,0,0,0,False,True,True,124.4531,10.54688
Xyp9x,CounterTerrorist,2361,2008,126.0593,Knife,100,100,0,0,0,False,True,True,124.4531,10.54688
Xyp9x,CounterTerrorist,2361,2008,126.0593,Knife,100,100,0,0,0,False,True,True,124.4531,10.54688
Xyp9x,CounterTerrorist,2360.746,2008.368,126.1195,Knife,100,100,-15.43202,22.38332,0,False,True,True,124.4531,10.54688
Xyp9x,CounterTerrorist,2358.046,2012.284,126.7608,Knife,100,100,-56.36885,81.75996,0,False,True,True,124.4531,10.54688
Xyp9x,CounterTerrorist,2353.467,2018.927,127.9652,Knife,100,100,-85.13306,123.4809,0,False,True,True,124.4531,10.54688
Xyp9x,CounterTerrorist,2347.368,2027.773,129.5707,Knife,100,100,-106.3195,154.2107,0,False,True,True,124.4531,10.54688
Xyp9x,CounterTerrorist,2340.15,2038.242,131.4708,Knife,100,100,-121.9245,176.8449,0,False,True,True,124.4531,10.54688
Xyp9x,CounterTerrorist,2332.107,2049.907,133.5879,Knife,100,100,-133.4185,193.5163,0,False,True,True,124.4531,10.54688
Xyp9x,CounterTerrorist,2324.566,2060.845,134.8079,Knife,100,100,-140.9622,204.4581,0,False,True,True,124.4531,10.54688
Xyp9x,CounterTerrorist,2314.589,2075.316,136.0841,Knife,100,100,-141.9037,205.8235,0,False,True,True,124.4531,10.54688
Xyp9x,CounterTerrorist,2306.845,2088.648,137.0159,Knife,100,100,-102.0168,222.4306,0,False,True,True,124.4531,10.54688
Xyp9x,CounterTerrorist,2301.966,2103.173,137.3957,Knife,100,100,-61.24937,239.4042,0,False,True,True,124.4531,10.54688
Xyp9x,CounterTerrorist,2299.253,2118.517,136.5876,Knife,100,100,-30.67012,248.1116,0,False,True,True,124.4531,10.54688
Xyp9x,CounterTerrorist,2298.166,2134.099,135.4522,Knife,100,100,-8.140959,249.8674,0,False,True,True,124.4531,10.54688
Xyp9x,CounterTerrorist,2296.589,2149.623,134.6801,Knife,100,100,-43.11095,246.2548,0,False,True,True,124.4531,10.54688
Xyp9x,CounterTerrorist,2292.756,2164.76,134.5412,Knife,100,100,-73.84564,238.8448,0,False,True,True,124.4531,10.54688
Xyp9x,CounterTerrorist,2287.355,2179.417,144.4263,Knife,100,100,-95.04142,231.2296,0,False,True,True,124.4531,10.54688
Xyp9x,CounterTerrorist,2280.877,2193.633,134.5771,Knife,100,100,-109.5589,224.715,0,False,True,True,124.4531,10.54688
Xyp9x,CounterTerrorist,2274.594,2205.775,134.2469,Knife,100,100,-118.4605,220.1524,0,False,True,True,124.4531,10.54688
Xyp9x,CounterTerrorist,2265.173,2220.335,133.5433,Knife,100,100,-154.3433,187.2866,0,False,True,True,124.4531,10.54688
Xyp9x,CounterTerrorist,2254.245,2230.739,133.2279,Knife,100,100,-189.2541,151.8388,0,False,True,True,124.4531,10.54688
Xyp9x,CounterTerrorist,2241.508,2239.324,132.9757,Knife,100,100,-210.4188,132.7569,0,False,True,True,124.4531,10.54688
Xyp9x,CounterTerrorist,2228.922,2248.563,132.4871,Knife,100,100,-194.0651,157.6031,0,False,True,True,124.4531,10.54688
Xyp9x,CounterTerrorist,2217.304,2259.005,131.9349,Knife,100,100,-180.0406,173.4514,0,False,True,True,124.4531,10.54688
Xyp9x,CounterTerrorist,2206.443,2270.235,132.1267,Knife,100,100,-169.3606,183.894,0,False,True,True,124.4531,10.54688
Xyp9x,CounterTerrorist,2196.047,2281.891,133.0245,Knife,100,100,-170.6154,181.8267,0,False,True,True,124.4531,10.54688
Xyp9x,CounterTerrorist,2184.259,2292.006,134.6494,Knife,100,100,-201.2394,147.8173,0,False,True,True,124.4531,10.54688
Xyp9x,CounterTerrorist,2172.704,2299.3,140.0313,Knife,100,100,-217.5533,123.1689,0,False,True,True,124.4531,10.54688
Xyp9x,CounterTerrorist,2156.892,2306.962,140.0313,Knife,100,100,-229.6463,98.80563,0,False,True,True,124.4531,10.54688
Xyp9x,CounterTerrorist,2142.309,2312.565,140.0313,Knife,100,100,-235.7357,83.23885,0,False,True,True,124.4531,10.54688
Xyp9x,CounterTerrorist,2127.438,2317.355,140.0313,Knife,100,100,-239.3909,72.05537,0,False,True,True,124.4531,10.54688
Xyp9x,CounterTerrorist,2112.394,2321.573,140.0313,Knife,100,100,-241.5689,64.37768,0,False,True,True,124.4531,10.54688
Xyp9x,CounterTerrorist,2097.245,2325.401,140.0313,Knife,100,100,-242.9119,59.10835,0,False,True,True,124.4531,10.54688
Xyp9x,CounterTerrorist,2082.168,2329.292,140.0313,Knife,100,100,-235.0582,76.50526,0,False,True,True,124.4531,10.54688
Xyp9x,CounterTerrorist,2068.15,2335.656,140.0313,Knife,100,100,-216.7478,119.6105,0,False,True,True,124.4531,10.54688
Xyp9x,CounterTerrorist,2055.155,2344.259,140.0313,Knife,100,100,-200.4686,149.3732,0,False,True,True,124.4531,10.54688
Xyp9x,CounterTerrorist,2043.184,2354.292,140.0313,Knife,100,100,-185.088,168.0548,0,False,True,True,124.4531,10.54688
Xyp9x,CounterTerrorist,2031.3,2364.415,140.0313,Knife,100,100,-200.9181,148.768,0,False,True,True,124.4531,10.54688
Xyp9x,CounterTerrorist,2018.059,2372.689,140.0313,Knife,100,100,-218.9549,120.6596,0,False,True,True,124.4531,10.54688
Xyp9x,CounterTerrorist,2003.976,2379.445,140.0313,Knife,100,100,-229.4522,99.25563,0,False,True,True,124.4531,10.54688
Xyp9x,CounterTerrorist,1990.307,2386.981,140.0313,Knife,100,100,-210.3886,135.0431,0,False,True,True,124.4531,10.54688
Xyp9x,CounterTerrorist,1977.778,2396.302,140.0313,Knife,100,100,-193.1971,158.6659,0,False,True,True,124.4531,10.54688
Xyp9x,CounterTerrorist,1966.164,2406.749,140.0313,Knife,100,100,-184.8779,168.0569,0,False,True,True,124.4531,10.54688
Xyp9x,CounterTerrorist,1953.67,2416.103,140.0313,Knife,100,100,-209.6373,136.2065,0,False,True,True,124.4531,10.54688
Xyp9x,CounterTerrorist,1940.022,2423.693,140.0313,Knife,100,100,-224.0277,110.9575,0,False,True,True,124.4531,10.54688
Xyp9x,CounterTerrorist,1926.265,2431.073,140.0313,Knife,100,100,-212.2102,132.1622,0,False,True,True,124.4531,10.54688
Xyp9x,CounterTerrorist,1913.631,2440.252,140.0313,Knife,100,100,-194.7334,156.7767,0,False,True,True,124.4531,10.54688
Xyp9x,CounterTerrorist,1901.976,2450.652,140.0313,Knife,100,100,-180.5616,172.909,0,False,True,True,124.4531,10.54688
Xyp9x,CounterTerrorist,1890.543,2461.276,131.635,Knife,100,100,-193.6896,157.873,0,False,True,True,124.4531,10.54688
Xyp9x,CounterTerrorist,1877.636,2470.058,130.3804,Knife,100,100,-214.7924,127.9227,0,False,True,True,124.4531,10.54688
Xyp9x,CounterTerrorist,1863.747,2477.202,129.3598,Knife,100,100,-227.0265,104.6851,0,False,True,True,124.4531,10.54688
Xyp9x,CounterTerrorist,1850.23,2485.01,128.3708,Knife,100,100,-208.0254,138.6558,0,False,True,True,124.4531,10.54688
Xyp9x,CounterTerrorist,1837.835,2494.511,127.6165,Knife,100,100,-191.2279,161.0338,0,False,True,True,124.4531,10.54688
Xyp9x,CounterTerrorist,1826.329,2505.076,127.9966,Knife,100,100,-183.3598,169.6341,0,False,True,True,124.4531,10.54688
Xyp9x,CounterTerrorist,1813.906,2514.52,128.385,Knife,100,100,-208.768,137.5352,0,False,True,True,124.4531,10.54688
Xyp9x,CounterTerrorist,1800.299,2522.182,129.0254,Knife,100,100,-223.5223,111.9722,0,False,True,True,124.4531,10.54688
Xyp9x,CounterTerrorist,1786.569,2529.614,138.7483,Knife,100,100,-211.7764,132.8561,0,False,True,True,124.4531,10.54688
Xyp9x,CounterTerrorist,1773.96,2538.827,145.0527,Knife,100,100,-194.366,157.2319,0,False,True,True,124.4531,10.54688
Xyp9x,CounterTerrorist,1761.922,2548.779,151.0718,Knife,100,100,-200.3906,149.4778,0,False,True,True,124.4531,10.54688
Xyp9x,CounterTerrorist,1748.738,2557.149,157.6639,Knife,100,100,-214.4853,128.4369,0,False,True,True,124.4531,10.54688
Xyp9x,CounterTerrorist,1735.973,2566.143,160.0313,Knife,100,100,-196.6767,154.3318,0,False,True,True,124.4531,10.54688
Xyp9x,CounterTerrorist,1724.211,2576.422,160.0313,Knife,100,100,-182.084,171.3051,0,False,True,True,124.4531,10.54688
Xyp9x,CounterTerrorist,1713.241,2587.545,160.0313,Knife,100,100,-170.8899,182.4737,0,False,True,True,124.4531,10.54688
Xyp9x,CounterTerrorist,1702.865,2599.226,160.0313,Knife,100,100,-162.6126,189.8872,0,False,True,True,124.4531,10.54688
Xyp9x,CounterTerrorist,1692.915,2611.272,160.0313,Knife,100,100,-156.8585,194.6674,0,False,True,True,124.4531,10.54688
Xyp9x,CounterTerrorist,1683.238,2623.54,160.0313,Knife,100,100,-154.0058,196.932,0,False,True,True,127.2656,9.84375
Xyp9x,CounterTerrorist,1673.574,2635.818,160.0313,Knife,100,100,-155.6563,195.63,0,False,True,True,131.4844,10.89844
Xyp9x,CounterTerrorist,1664.205,2648.236,160.0313,Knife,100,100,-134.4993,207.7923,0,False,True,True,133.9453,13.00781
Xyp9x,CounterTerrorist,1655.798,2661.222,177.1481,Knife,100,100,-134.4993,207.7923,248.8684,False,True,True,130.4297,16.875
Xyp9x,CounterTerrorist,1648.604,2675.068,200.1399,Knife,100,100,-97.37436,232.5823,198.8684,False,True,True,118.125,22.14844
Xyp9x,CounterTerrorist,1643.553,2690.069,211.0067,Knife,100,100,-76.90388,241.6511,148.8684,False,True,True,106.5234,26.36719
Xyp9x,CounterTerrorist,1638.704,2705.163,218.7485,Knife,100,100,-78.83617,241.251,98.86838,False,True,True,100.8984,28.47656
Xyp9x,CounterTerrorist,1633.627,2720.209,214.3654,Knife,100,100,-87.91863,239.2095,48.86838,False,True,True,103.3594,29.53125
Xyp9x,CounterTerrorist,1626.898,2734.772,215.8572,Knife,100,100,-125.2606,226.3692,-1.131622,False,True,True,113.2031,30.58594
Xyp9x,CounterTerrorist,1616.914,2747.718,214.224,Knife,100,100,-184.8021,190.3183,-51.13162,False,True,True,127.6172,31.28906
Xyp9x,CounterTerrorist,1603.677,2758.01,209.4658,Knife,100,100,-230.2702,143.8923,-101.1316,False,True,True,141.6797,30.9375
Xyp9x,CounterTerrorist,1588.315,2765.566,201.5826,Knife,100,100,-255.738,104.1717,-151.1316,False,True,True,151.5234,30.23438
Xyp9x,CounterTerrorist,1571.721,2770.761,190.5745,Knife,100,100,-270.5102,71.05949,-201.1316,False,True,True,160.3125,27.42188
Xyp9x,CounterTerrorist,1554.814,2775.202,176.4413,Knife,100,100,-270.5102,71.05949,-251.1316,False,True,True,168.0469,22.5
Xyp9x,CounterTerrorist,1540.02,2779.089,161.5113,Knife,100,100,-270.5102,71.05949,-294.8816,False,True,True,174.375,17.22656
Xyp9x,CounterTerrorist,1521,2784.085,138.7999,Knife,100,100,-270.5102,71.05949,-351.1316,False,True,True,181.7578,8.789063
Xyp9x,CounterTerrorist,1507.406,2787.507,127.1945,Knife,100,100,-168.301,34.7974,0,False,True,True,182.4609,6.328125
Xyp9x,CounterTerrorist,1496.231,2789.137,127.0699,Knife,100,100,-186.664,20.24129,0,False,True,True,182.4609,6.328125
Xyp9x,CounterTerrorist,1483.952,2790.052,127.0025,Knife,100,100,-204.0686,10.89077,0,False,True,True,182.4609,6.328125
Xyp9x,CounterTerrorist,1470.583,2790.5,126.9642,Knife,100,100,-221.6156,4.575962,0,False,True,True,182.4609,6.328125
Xyp9x,CounterTerrorist,1456.106,2790.619,126.9541,Knife,100,100,-239.1738,0.02290559,0,False,True,True,182.4609,6.328125
Xyp9x,CounterTerrorist,1440.687,2790.499,126.9541,Knife,100,100,-249.9796,-3.198189,0,False,True,True,182.4609,6.328125
Xyp9x,CounterTerrorist,1425.065,2790.221,126.9881,Knife,100,100,-249.9402,-5.469339,0,False,True,True,183.1641,6.328125
Xyp9x,CounterTerrorist,1409.447,2789.74,127.0224,Knife,100,100,-249.801,-9.974078,0,False,True,True,186.3281,6.328125
Xyp9x,CounterTerrorist,1393.846,2788.889,127.1018,Knife,100,100,-249.4572,-16.46613,0,False,True,True,188.0859,5.976563
Xyp9x,CounterTerrorist,1378.271,2787.644,127.208,Knife,100,100,-248.9871,-22.48197,0,False,True,True,189.1406,5.625
Xyp9x,CounterTerrorist,1362.727,2786.063,127.1684,Knife,100,100,-248.5042,-27.30713,0,False,True,True,189.1406,5.625
Xyp9x,CounterTerrorist,1347.21,2784.227,127.1203,Knife,100,100,-248.0926,-30.8228,0,False,True,True,189.1406,5.625
Xyp9x,CounterTerrorist,1331.717,2782.203,127.4165,Knife,100,100,-247.7413,-33.52953,0,False,True,True,189.4922,5.625
Xyp9x,CounterTerrorist,1316.244,2780.03,127.7345,Knife,100,100,-247.4474,-35.63381,0,False,True,True,189.4922,5.625
Xyp9x,CounterTerrorist,1300.786,2777.745,128.0562,Knife,100,100,-247.2156,-37.20811,0,False,True,True,189.4922,5.625
Xyp9x,CounterTerrorist,1285.342,2775.377,128.3428,Knife,100,100,-247.0391,-38.36221,0,False,True,True,189.4922,5.625
Xyp9x,CounterTerrorist,1269.907,2772.948,128.6602,Knife,100,100,-246.906,-39.20996,0,False,True,True,189.4922,5.625
Xyp9x,CounterTerrorist,1254.479,2770.475,128.9818,Knife,100,100,-246.8062,-39.83337,0,False,True,True,189.4922,5.625
Xyp9x,CounterTerrorist,1239.056,2767.968,129.3067,Knife,100,100,-246.7317,-40.29211,0,False,True,True,189.4922,5.625
Xyp9x,CounterTerrorist,1223.638,2765.438,129.6339,Knife,100,100,-246.6764,-40.62978,0,False,True,True,189.4922,5.625
Xyp9x,CounterTerrorist,1208.222,2762.89,129.9134,Knife,100,100,-246.6353,-40.87842,0,False,True,True,189.4922,5.625
Xyp9x,CounterTerrorist,1194.735,2760.649,130.1183,Knife,100,100,-246.6082,-41.04155,0,False,True,True,189.4922,5.625
Xyp9x,CounterTerrorist,1177.396,2757.757,130.2339,Knife,100,100,-246.5824,-41.19632,0,False,True,True,189.4922,5.625
Xyp9x,CounterTerrorist,1161.985,2755.178,130.2667,Knife,100,100,-246.5658,-41.29562,0,False,True,True,189.4922,5.625
Xyp9x,CounterTerrorist,1146.576,2752.592,130.3588,Knife,100,100,-246.526,-41.53222,0,False,True,True,189.8437,5.625
Xyp9x,CounterTerrorist,1131.173,2749.963,130.5993,Knife,100,100,-246.3445,-42.59549,0,False,True,True,190.8984,5.625
Xyp9x,CounterTerrorist,1115.787,2747.242,130.8454,Knife,100,100,-246.0424,-44.30759,0,False,True,True,191.6016,5.976563
Xyp9x,CounterTerrorist,1100.421,2744.41,131.1354,Knife,100,100,-245.7118,-46.1054,0,False,True,True,191.9531,5.976563
Xyp9x,CounterTerrorist,1085.077,2741.462,131.5549,Knife,100,100,-245.3478,-48.00473,0,False,True,True,192.6563,5.976563
Xyp9x,CounterTerrorist,1069.757,2738.391,131.9815,Knife,100,100,-244.9356,-50.06536,0,False,True,True,193.0078,6.328125
Xyp9x,CounterTerrorist,1054.467,2735.173,132.3975,Knife,100,100,-244.3732,-52.74208,0,False,True,True,194.4141,6.328125
Xyp9x,CounterTerrorist,1039.486,2731.822,132.7374,HE,100,100,-238.7168,-55.12998,0,False,True,True,195.8203,6.679688
Xyp9x,CounterTerrorist,1024.602,2728.225,133.0899,HE,100,100,-237.6491,-59.56437,0,False,True,True,197.5781,6.679688
Xyp9x,CounterTerrorist,1009.797,2724.317,133.4586,HE,100,100,-236.2213,-64.99599,0,False,True,True,199.6875,6.679688
Xyp9x,CounterTerrorist,995.0938,2720.042,133.8463,HE,100,100,-234.4925,-70.98074,0,False,True,True,201.0938,7.03125
Xyp9x,CounterTerrorist,980.4946,2715.424,134.2518,HE,100,100,-232.9395,-75.92216,0,False,True,True,201.0938,7.03125
Xyp9x,CounterTerrorist,965.9791,2710.549,134.6706,HE,100,100,-231.758,-79.45574,0,False,True,True,201.0938,7.03125
Xyp9x,CounterTerrorist,951.3068,2705.405,135.1057,Knife,100,100,-235.5387,-83.79458,0,False,True,True,201.0938,7.03125
Xyp9x,CounterTerrorist,936.7557,2700.157,135.5453,HE,100,100,-230.214,-83.82443,0,False,True,True,201.0938,7.03125
Xyp9x,CounterTerrorist,922.3855,2694.868,138.0313,HE,100,100,-229.7188,-85.17204,0,False,True,True,201.0938,7.03125
Xyp9x,CounterTerrorist,908.0376,2689.519,138.7843,HE,100,100,-229.5214,-85.70265,0,False,True,True,200.3906,7.03125
Xyp9x,CounterTerrorist,893.6777,2684.203,140.3886,HE,100,100,-230.1197,-84.08279,0,False,True,True,197.5781,7.03125
Xyp9x,CounterTerrorist,879.226,2679.142,140.1556,HE,100,100,-232.303,-77.84792,0,False,True,True,193.0078,7.734375
Xyp9x,CounterTerrorist,864.6066,2674.59,139.3656,HE,100,100,-235.1438,-68.79251,0,False,True,True,189.8437,8.085938
Xyp9x,CounterTerrorist,849.8217,2670.609,138.5436,HE,100,100,-237.5359,-60.01428,0,False,True,True,188.789,8.4375
Xyp9x,CounterTerrorist,834.9092,2667.135,138.0313,HE,100,100,-239.4291,-51.94889,0,False,True,True,186.3281,8.789063
Xyp9x,CounterTerrorist,819.8851,2664.181,134.6276,HE,100,100,-241.0681,-43.7171,0,False,True,True,184.9219,8.789063
Xyp9x,CounterTerrorist,804.773,2661.715,133.4906,HE,100,100,-242.2958,-36.301,0,False,True,True,183.8672,9.84375
Xyp9x,CounterTerrorist,789.5997,2659.658,132.0988,HE,100,100,-243.0884,-30.54558,0,False,True,True,183.5156,10.19531
Xyp9x,CounterTerrorist,774.3885,2657.901,130.6989,HE,100,100,-243.5712,-26.42103,0,False,True,True,183.5156,10.19531
Xyp9x,CounterTerrorist,759.1539,2656.359,128.9257,HE,100,100,-243.8746,-23.45548,0,False,True,True,183.5156,10.19531
Xyp9x,CounterTerrorist,743.9043,2654.972,128.0313,HE,100,100,-244.0724,-21.29884,0,False,True,True,183.5156,10.19531
Xyp9x,CounterTerrorist,728.6448,2653.699,128.0313,HE,100,100,-244.205,-19.72101,0,False,True,True,183.5156,10.19531
Xyp9x,CounterTerrorist,713.3786,2652.509,128.5486,HE,100,100,-244.2942,-18.58394,0,False,True,True,183.5156,10.19531
Xyp9x,CounterTerrorist,698.1089,2651.364,129.7416,HE,100,100,-244.3172,-18.27803,0,False,True,True,184.5703,10.54688
Xyp9x,CounterTerrorist,682.8276,2650.194,130.9354,Knife,100,100,-245.9924,-19.30663,0,False,True,True,185.2734,11.25
Xyp9x,CounterTerrorist,667.3047,2648.936,134.3826,HE,100,100,-244.1691,-20.16101,0,False,True,True,185.2734,11.60156
Xyp9x,CounterTerrorist,653.9537,2647.811,141.0581,HE,100,100,-244.1125,-20.83441,0,False,True,True,185.2734,11.60156
Xyp9x,CounterTerrorist,636.7917,2646.32,149.6391,HE,100,100,-244.0572,-21.47261,0,False,True,True,185.2734,11.60156
Xyp9x,CounterTerrorist,621.5395,2644.963,157.2652,HE,100,100,-244.0209,-21.88182,0,False,True,True,185.2734,11.60156
Xyp9x,CounterTerrorist,606.2892,2643.584,160.0313,HE,100,100,-243.9937,-22.1831,0,False,True,True,185.2734,11.60156
Xyp9x,CounterTerrorist,591.0404,2642.189,160.0313,HE,100,100,-243.9697,-22.44533,0,False,True,True,185.625,11.60156
Xyp9x,CounterTerrorist,575.7944,2640.762,160.0313,HE,100,100,-243.8883,-23.31274,0,False,True,True,186.6797,12.30469
Xyp9x,CounterTerrorist,560.5592,2639.227,160.0313,HE,100,100,-243.635,-25.82636,0,False,True,True,188.4375,13.00781
Xyp9x,CounterTerrorist,545.348,2637.469,160.0313,HE,100,100,-243.1404,-30.12899,0,False,True,True,190.5469,14.0625
Xyp9x,CounterTerrorist,530.1649,2635.483,171.0955,HE,100,100,-242.9013,-31.99917,267.6184,False,True,True,191.9531,15.11719
Xyp9x,CounterTerrorist,514.9838,2633.483,186.2592,HE,100,100,-242.9013,-31.99917,217.6184,False,True,True,191.9531,16.17188
Xyp9x,CounterTerrorist,499.8024,2631.483,198.2979,HE,100,100,-242.9013,-31.99917,167.6184,False,True,True,191.6016,16.875
Xyp9x,CounterTerrorist,484.5817,2629.689,207.2116,HE,100,100,-245.4144,-18.81157,117.6184,False,True,True,190.5469,17.57813
Xyp9x,CounterTerrorist,471.0953,2629.023,212.4476,HE,100,100,-247.1709,-8.776729,73.86838,False,True,True,189.1406,17.92969
Xyp9x,CounterTerrorist,453.6731,2628.703,215.664,HE,100,100,-248.1998,-1.48325,17.61838,False,True,True,187.3828,18.28125
Xyp9x,CounterTerrorist,438.131,2628.868,215.2027,HE,100,100,-248.9932,5.67525,-32.38162,False,True,True,185.625,18.28125
Xyp9x,CounterTerrorist,422.5441,2629.521,211.6163,HE,100,100,-249.696,14.78128,-82.38162,False,True,True,183.5156,18.28125
Xyp9x,CounterTerrorist,406.9206,2630.925,204.905,HE,100,100,-250.0968,29.70049,-132.3816,False,True,True,180,17.57813
Xyp9x,CounterTerrorist,392.1667,2633.796,196.0313,HE,100,100,-191.0566,60.72788,0,False,True,True,172.9688,17.22656
Xyp9x,CounterTerrorist,380.4286,2638.474,211.8824,HE,100,100,-183.4098,90.86764,228.619,False,True,True,162.0703,17.57813
Xyp9x,CounterTerrorist,369.416,2645.267,224.6086,HE,100,100,-170.0308,121.8753,178.619,False,True,True,152.5781,18.98438
Xyp9x,CounterTerrorist,360.3411,2652.333,233.1804,HE,100,100,-165.3639,130.229,134.869,False,True,True,147.3047,20.03906
Xyp9x,CounterTerrorist,347.9497,2660.348,240.6857,HE,100,100,-185.3052,100.6002,78.61905,False,True,True,145.8984,21.09375
Xyp9x,CounterTerrorist,336.0108,2666.106,244.0368,HE,100,100,-192.8522,89.36115,28.61905,False,True,True,146.9531,22.14844
Xyp9x,CounterTerrorist,323.6703,2671.21,244.2629,HE,100,100,-202.6475,72.30492,-21.38095,False,True,True,152.2266,22.85156
Xyp9x,CounterTerrorist,310.479,2674.497,241.364,HE,100,100,-217.2619,35.4165,-71.38095,False,True,True,162.7734,22.5
Xyp9x,CounterTerrorist,298.3478,2675.384,236.2639,HE,100,100,-222.8056,11.44042,-115.131,False,True,True,172.9688,21.09375
Xyp9x,CounterTerrorist,282.9352,2678.794,226.1911,HE,100,100,-219.0388,50.27402,-171.381,False,True,True,177.1875,19.6875
Xyp9x,CounterTerrorist,269.2807,2682.216,213.9172,HE,100,100,-216.8278,66.26957,-221.381,False,True,True,170.5078,18.28125
Xyp9x,CounterTerrorist,256.0301,2687.63,198.5184,HE,100,100,-208.2683,99.64852,-271.381,False,True,True,161.7188,17.22656
Xyp9x,CounterTerrorist,246.9303,2692.637,205.6208,HE,100,100,-159.5928,89.70164,229.8667,False,True,True,160.3125,17.22656
Xyp9x,CounterTerrorist,236.9558,2698.243,218.425,HE,100,100,-159.5928,89.70164,179.8667,False,True,True,169.1016,17.57813
Xyp9x,CounterTerrorist,225.7345,2704.549,229.0944,HE,100,100,-159.5928,89.70164,123.6167,False,True,True,191.9531,16.17188
Xyp9x,CounterTerrorist,217.0068,2709.454,234.6584,HE,100,100,-159.5928,89.70164,79.86667,False,True,True,215.8594,13.35938
Xyp9x,CounterTerrorist,207.0323,2715.059,238.0876,HE,100,100,-159.5928,89.70164,29.86667,False,True,True,238.3594,9.492188
Xyp9x,CounterTerrorist,195.811,2721.365,238.2101,HE,100,100,-159.5928,89.70164,-26.38333,False,True,True,247.5,7.382813
Xyp9x,CounterTerrorist,187.0833,2726.27,235.571,HE,100,100,-159.5928,89.70164,-70.13333,False,True,True,247.5,7.382813
Xyp9x,CounterTerrorist,175.862,2732.576,228.6622,HE,100,100,-159.5928,89.70164,-126.3833,False,True,True,247.5,7.382813
Xyp9x,CounterTerrorist,165.8876,2738.182,219.2008,HE,100,100,-159.5928,89.70164,-176.3833,False,True,True,247.5,7.382813
Xyp9x,CounterTerrorist,155.9131,2743.787,206.6144,HE,100,100,-159.5928,89.70164,-226.3833,False,True,True,248.2031,7.382813
Xyp9x,CounterTerrorist,147.1854,2748.692,193.0378,HE,100,100,-159.5928,89.70164,-270.1333,False,True,True,253.4766,6.328125
Xyp9x,CounterTerrorist,135.9641,2754.998,172.0665,HE,100,100,-159.5928,89.70164,-326.3833,False,True,True,263.3203,3.515625
Xyp9x,CounterTerrorist,126.1604,2760.081,160.0313,HE,100,100,-159.7104,67.75506,0,False,True,True,271.4063,0.703125
Xyp9x,CounterTerrorist,115.2662,2763.373,160.0313,HE,100,100,-184.6723,41.57906,0,False,True,True,275.625,358.2422
Xyp9x,CounterTerrorist,103.0068,2765.243,160.0313,HE,100,100,-204.6214,21.91279,0,False,True,True,275.625,357.1875
Xyp9x,CounterTerrorist,90.05089,2766.164,160.0313,HE,100,100,-192.657,11.53904,0,False,True,True,275.625,357.1875
Xyp9x,CounterTerrorist,80.00549,2766.765,160.0313,HE,100,100,-125.0183,7.487872,0,False,True,True,275.625,357.1875
Xyp9x,CounterTerrorist,72.05986,2767.011,160.0313,HE,100,100,-127.3919,1.435952,0,False,True,True,275.625,357.1875
Xyp9x,CounterTerrorist,64.15247,2766.697,160.0313,HE,100,100,-123.9813,-16.10294,0,False,True,True,275.625,356.4844
Xyp9x,CounterTerrorist,56.76084,2764.688,160.0313,HE,100,100,-108.7739,-45.11322,0,False,True,True,274.9219,355.7813
Xyp9x,CounterTerrorist,51.28035,2760.907,160.0313,HE,100,100,-66.98921,-68.43951,0,False,True,True,274.5703,355.0781
Xyp9x,CounterTerrorist,48.85477,2756.336,160.0313,HE,100,100,-19.04186,-76.45555,0,False,True,True,274.2188,354.7266
Xyp9x,CounterTerrorist,48.35668,2751.036,160.0313,HE,100,100,-5.159171,-93.12605,0,False,True,True,273.8672,354.0234
Xyp9x,CounterTerrorist,48.18022,2744.653,160.0313,HE,100,100,-1.214399,-108.4644,0,False,True,True,273.5156,353.6719
Xyp9x,CounterTerrorist,48.20505,2737.458,160.0313,HE,100,100,1.500067,-119.7739,0,False,True,True,273.1641,353.3203
Xyp9x,CounterTerrorist,48.36878,2729.673,160.0313,HE,100,100,3.369898,-127.3554,0,False,True,True,273.1641,352.9688
Xyp9x,CounterTerrorist,48.61822,2721.714,160.0313,HE,100,100,4.425734,-127.3231,0,False,True,True,273.1641,352.9688
Xyp9x,CounterTerrorist,48.8826,2714.752,160.0313,HE,100,100,5.114198,-127.2973,0,False,True,True,273.1641,352.9688
Xyp9x,CounterTerrorist,49.19781,2707.033,160.0313,HE,100,100,3.828739,-93.75912,0,False,True,True,273.1641,352.9688
Xyp9x,CounterTerrorist,49.40002,2702.081,160.0313,HE,100,100,2.814598,-68.92458,0,False,True,True,273.1641,352.9688
Xyp9x,CounterTerrorist,49.5511,2698.43,160.0313,HE,100,100,2.530374,-57.80058,0,False,True,True,273.1641,352.9688
Xyp9x,CounterTerrorist,49.76259,2694.012,160.0313,HE,100,100,4.0225,-80.63833,0,False,True,True,273.1641,352.9688
Xyp9x,CounterTerrorist,50.05741,2688.287,160.0313,HE,100,100,5.204792,-99.28732,0,False,True,True,273.1641,352.9688
Xyp9x,CounterTerrorist,50.4001,2681.837,160.0313,HE,100,100,5.153658,-96.6186,0,False,True,True,273.1641,352.6172
Xyp9x,CounterTerrorist,50.67233,2676.734,160.0313,HE,100,100,3.794048,-71.12917,0,False,True,True,273.1641,352.6172
Xyp9x,CounterTerrorist,50.84705,2673.458,160.0313,HE,100,100,2.745402,-51.46962,0,False,True,True,273.1641,352.6172
Xyp9x,CounterTerrorist,50.98742,2670.826,160.0313,HE,100,100,1.397144,-26.19306,0,False,True,True,272.8125,352.2656
Xyp9x,CounterTerrorist,51.03261,2669.979,160.0313,HE,100,100,0.1986925,-3.725001,0,False,True,True,272.8125,352.2656
Xyp9x,CounterTerrorist,51.03261,2669.979,160.0313,HE,100,100,0,0,0,False,True,True,272.8125,351.9141
Xyp9x,CounterTerrorist,51.0428,2669.779,160.0313,HE,100,100,0.580388,-11.42276,0,False,True,True,272.8125,351.9141
Xyp9x,CounterTerrorist,51.1201,2668.257,160.0313,HE,100,100,1.747507,-34.39313,0,False,True,True,272.8125,351.9141
Xyp9x,CounterTerrorist,51.27035,2665.3,160.0313,HE,100,100,2.914627,-57.3635,0,False,True,True,272.8125,351.5625
Xyp9x,CounterTerrorist,51.49109,2660.952,160.0313,HE,100,100,3.780023,-74.55814,0,False,True,True,272.8125,351.2109
Xyp9x,CounterTerrorist,51.68729,2657.083,160.0313,HE,100,100,2.640759,-52.08701,0,False,True,True,272.8125,351.2109
Xyp9x,CounterTerrorist,51.81229,2654.617,160.0313,HE,100,100,1.501495,-29.61588,0,False,True,True,272.8125,350.8594
Xyp9x,CounterTerrorist,51.86608,2653.556,160.0313,HE,100,100,0.362231,-7.144739,0,False,True,True,272.8125,350.5078
Xyp9x,CounterTerrorist,51.8684,2653.51,160.0313,HE,100,100,0,0,0,False,True,True,272.8125,350.1563
Xyp9x,CounterTerrorist,51.91943,2652.475,160.0313,HE,100,100,2.072208,-42.293,0,False,True,True,272.8125,349.8047
Xyp9x,CounterTerrorist,52.14967,2647.631,160.0313,HE,100,100,4.858215,-103.8569,0,False,True,True,272.4609,349.4531
Xyp9x,CounterTerrorist,52.52966,2639.383,160.0313,HE,100,100,6.937371,-151.7225,0,False,True,True,272.4609,348.75
Xyp9x,CounterTerrorist,53.01986,2628.606,160.0313,HE,100,100,8.492542,-186.9771,0,False,True,True,272.4609,348.3984
Xyp9x,CounterTerrorist,53.59566,2615.966,160.0313,HE,100,100,9.748935,-212.9391,0,False,True,True,272.8125,348.0469
Xyp9x,CounterTerrorist,54.16137,2603.768,160.0313,HE,100,100,10.78099,-229.9685,0,False,True,True,272.8125,347.3438
Xyp9x,CounterTerrorist,54.96848,2586.946,160.0313,HE,100,100,11.95966,-244.7079,0,False,True,True,273.1641,346.2891
Xyp9x,CounterTerrorist,55.72781,2571.653,160.0313,HE,100,100,12.28228,-244.6919,0,False,True,True,273.1641,346.2891
Xyp9x,CounterTerrorist,56.34945,2559.364,160.0313,M4A4,100,100,11.44936,-224.7085,0,False,True,True,273.1641,346.2891
Xyp9x,CounterTerrorist,57.19633,2543.566,160.0313,M4A4,100,100,16.00909,-224.4297,0,False,True,True,273.1641,346.9922
Xyp9x,CounterTerrorist,59.99117,2529.957,160.0313,Knife,100,100,66.25785,-214.3429,0,False,True,True,272.8125,347.6953
Xyp9x,CounterTerrorist,65.59148,2516.785,160.0313,Knife,100,100,108.1339,-202.3144,0,False,True,True,271.4063,350.1563
Xyp9x,CounterTerrorist,74.12501,2506.137,160.0313,Knife,100,100,156.4786,-148.28,0,False,True,True,270,352.9688
Xyp9x,CounterTerrorist,85.21254,2498.274,160.0313,Knife,100,100,192.0851,-110.2543,0,False,True,True,268.9453,355.4297
Xyp9x,CounterTerrorist,98.18047,2492.385,160.0313,Knife,100,100,218.2966,-83.06619,0,False,True,True,268.5938,356.4844
Xyp9x,CounterTerrorist,112.5326,2487.916,160.0313,Knife,100,100,237.5938,-63.39217,0,False,True,True,268.2422,357.1875
Xyp9x,CounterTerrorist,127.7528,2484.534,160.0313,Knife,100,100,245.6173,-46.60637,0,False,True,True,270.7031,358.5938
Xyp9x,CounterTerrorist,143.2326,2482.477,160.0313,Knife,100,100,249.3075,-18.5948,0,False,True,True,292.1484,2.460938
Xyp9x,CounterTerrorist,158.5795,2483.206,160.0313,Knife,100,100,236.9694,39.24953,0,False,True,True,330.8203,6.679688
Xyp9x,CounterTerrorist,172.7767,2487.438,160.0313,Knife,100,100,225.2492,84.36436,0,False,True,True,1.054688,8.4375
Xyp9x,CounterTerrorist,186.8009,2493.493,160.0313,Knife,100,100,230.1214,93.47975,0,False,True,True,5.976563,8.085938
Xyp9x,CounterTerrorist,199.5542,2498.495,160.0313,Knife,100,100,177.8199,69.74261,0,False,True,True,5.976563,8.085938
Xyp9x,CounterTerrorist,208.7566,2502.092,160.0313,Knife,100,100,121.5623,46.07187,0,False,True,True,5.976563,8.085938
Xyp9x,CounterTerrorist,216.4742,2504.626,160.0312,Knife,100,100,124.7125,36.69868,0,False,True,True,5.976563,8.085938
Xyp9x,CounterTerrorist,224.0906,2507.411,160.0312,Knife,100,100,118.363,53.76057,0,False,True,True,5.976563,8.085938
Xyp9x,CounterTerrorist,231.1891,2511.352,160.0312,Knife,100,100,109.9468,69.3665,0,False,True,True,5.976563,8.085938
Xyp9x,CounterTerrorist,237.7909,2516.082,160.0312,Knife,100,100,102.2554,80.27346,0,False,True,True,9.140625,8.4375
Xyp9x,CounterTerrorist,244.1774,2521.1,160.0312,Knife,100,100,105.8283,75.50083,0,False,True,True,17.22656,9.492188
Xyp9x,CounterTerrorist,250.1354,2524.977,160.0312,Knife,100,100,110.7212,68.1235,0,False,True,True,22.85156,9.84375
Xyp9x,CounterTerrorist,258.0452,2529.556,160.0312,Knife,100,100,113.6558,63.10596,0,False,True,True,23.90625,9.84375
Xyp9x,CounterTerrorist,265.2074,2533.392,160.0312,Knife,100,100,115.2293,60.1848,0,False,True,True,23.90625,9.84375
Xyp9x,CounterTerrorist,272.4483,2537.078,160.0312,Knife,100,100,116.2834,58.12207,0,False,True,True,23.90625,9.84375
Xyp9x,CounterTerrorist,279.743,2540.655,160.0312,Knife,100,100,117.0155,56.63364,0,False,True,True,23.90625,9.84375
Xyp9x,CounterTerrorist,287.0757,2544.155,160.0312,Knife,100,100,117.5348,55.54795,0,False,True,True,23.90625,9.84375
Xyp9x,CounterTerrorist,293.8813,2547.344,160.0312,M4A4,100,100,106.0808,49.35452,0,False,True,True,23.90625,9.84375
Xyp9x,CounterTerrorist,300.5206,2550.408,160.0312,M4A4,100,100,106.3338,48.80697,0,False,True,True,23.90625,9.84375
Xyp9x,CounterTerrorist,307.1733,2553.444,160.0312,M4A4,100,100,106.5179,48.40387,0,False,True,True,23.90625,9.84375
Xyp9x,CounterTerrorist,313.8355,2556.458,160.0312,M4A4,100,100,106.6523,48.10694,0,False,True,True,23.90625,9.84375
Xyp9x,CounterTerrorist,320.5049,2559.457,160.0312,M4A4,100,100,106.7507,47.88816,0,False,True,True,23.90625,9.84375
Xyp9x,CounterTerrorist,327.1806,2562.441,160.0312,M4A4,100,100,106.8821,47.59433,0,False,True,True,23.20313,9.492188
Xyp9x,CounterTerrorist,333.8824,2565.367,160.0312,M4A4,100,100,107.6964,45.72183,0,False,True,True,17.57813,8.085938
Xyp9x,CounterTerrorist,340.569,2568.317,160.0312,M4A4,100,100,103.8587,53.87357,0,False,True,True,8.4375,5.976563
Xyp9x,CounterTerrorist,346.7937,2572.147,160.0312,M4A4,100,100,96.95969,65.48141,0,False,True,True,359.6484,4.21875
Xyp9x,CounterTerrorist,352.7232,2576.426,160.0312,M4A4,100,100,93.48846,70.34846,0,False,True,True,358.2422,3.867188
Xyp9x,CounterTerrorist,358.5915,2580.783,160.0312,M4A4,100,100,98.07736,63.79522,0,False,True,True,358.2422,3.867188
Xyp9x,CounterTerrorist,365.1221,2584.05,164.0313,M4A4,100,100,108.407,44.01056,0,False,True,True,358.2422,3.867188
Xyp9x,CounterTerrorist,372.0886,2586.256,164.0313,M4A4,100,100,113.291,29.22599,0,False,True,True,358.2422,3.867188
Xyp9x,CounterTerrorist,379.2554,2587.696,164.0313,M4A4,100,100,115.4818,18.78675,0,False,True,True,358.2422,3.867188
Xyp9x,CounterTerrorist,386.5103,2588.603,164.0313,M4A4,100,100,116.4237,11.59853,0,False,True,True,358.2422,3.867188
Xyp9x,CounterTerrorist,393.6526,2590.113,164.0313,M4A4,100,100,111.9828,33.89476,0,False,True,True,358.2422,3.867188
Xyp9x,CounterTerrorist,400.4354,2592.829,164.0313,M4A4,100,100,105.8231,49.90463,0,False,True,True,358.2422,3.867188
Xyp9x,CounterTerrorist,406.8483,2596.337,164.0313,M4A4,100,100,100.2616,60.30436,0,False,True,True,358.2422,3.867188
Xyp9x,CounterTerrorist,412.9731,2600.33,164.0313,M4A4,100,100,98.24236,63.54082,0,False,True,True,358.2422,3.867188
Xyp9x,CounterTerrorist,419.5143,2603.575,164.0313,M4A4,100,100,108.6181,43.48674,0,False,True,True,357.1875,3.867188
Xyp9x,CounterTerrorist,426.5057,2605.696,164.0313,M4A4,100,100,113.8651,26.90216,0,False,True,True,353.6719,4.21875
Xyp9x,CounterTerrorist,433.4678,2607.918,164.0313,M4A4,100,100,109.6171,40.9033,0,False,True,True,348.3984,4.570313
Xyp9x,CounterTerrorist,440.2273,2610.706,164.0313,M4A4,100,100,107.4572,46.28122,0,False,True,True,341.3672,4.570313
Xyp9x,CounterTerrorist,446.9495,2613.584,164.0313,M4A4,100,100,107.9844,45.03744,0,False,True,True,331.875,4.21875
Xyp9x,CounterTerrorist,453.7086,2616.369,164.0313,M4A4,100,100,105.8409,49.86689,0,False,True,True,324.8438,3.867188
Xyp9x,CounterTerrorist,459.9857,2620.105,164.0313,M4A4,100,100,96.33337,66.39941,0,False,True,True,324.4922,3.867188
Xyp9x,CounterTerrorist,465.7129,2624.646,164.0313,M4A4,100,100,88.257,76.8095,0,False,True,True,324.4922,3.867188
Xyp9x,CounterTerrorist,470.6689,2628.684,164.0313,M4A4,100,100,95.35743,67.79351,0,False,True,True,324.4922,3.867188
Xyp9x,CounterTerrorist,477.7673,2632.829,164.0313,M4A4,100,100,102.8969,55.68857,0,False,True,True,324.4922,3.867188
Xyp9x,CounterTerrorist,483.8719,2636.844,160.0313,M4A4,100,100,93.83342,69.88768,0,False,True,True,324.1406,3.867188
Xyp9x,CounterTerrorist,489.206,2641.157,160.0313,M4A4,100,100,69.89951,54.27362,0,False,True,True,325.1953,4.21875
Xyp9x,CounterTerrorist,491.8509,2642.695,160.0313,M4A4,100,100,33.41686,8.862669,0,False,True,True,338.5547,4.921875
Xyp9x,CounterTerrorist,493.1938,2641.595,160.0313,M4A4,100,100,15.90763,-29.85113,0,False,True,True,23.20313,5.273438
Xyp9x,CounterTerrorist,494.7639,2639.163,160.0313,M4A4,100,100,34.5247,-43.84907,0,False,True,True,54.14063,4.570313
Xyp9x,CounterTerrorist,496.3673,2636.037,160.0313,M4A4,100,100,13.68514,-58.68734,0,False,True,True,68.20313,3.867188
Xyp9x,CounterTerrorist,496.5636,2631.653,160.0313,M4A4,100,100,-3.90436,-78.99979,0,False,True,True,70.3125,3.515625
Xyp9x,CounterTerrorist,495.8629,2626.099,160.0313,M4A4,100,100,-16.34368,-95.80518,0,False,True,True,70.3125,3.515625
Xyp9x,CounterTerrorist,494.5049,2619.656,160.0313,M4A4,100,100,-25.50909,-108.1822,0,False,True,True,70.3125,3.515625
Xyp9x,CounterTerrorist,492.6906,2612.646,160.0313,M4A4,100,100,-30.80671,-112.8714,0,False,True,True,70.3125,3.515625
Xyp9x,CounterTerrorist,490.6761,2605.617,160.0313,M4A4,100,100,-33.2134,-112.1868,0,False,True,True,70.3125,3.515625
Xyp9x,CounterTerrorist,488.8398,2599.463,160.0313,M4A4,100,100,-25.60397,-85.79559,0,False,True,True,70.3125,3.515625
Xyp9x,CounterTerrorist,487.4886,2594.936,160.0313,M4A4,100,100,-18.73718,-62.78587,0,False,True,True,70.3125,3.515625
Xyp9x,CounterTerrorist,486.5438,2591.77,160.0313,M4A4,100,100,-12.30292,-41.22548,0,False,True,True,70.3125,3.515625
Xyp9x,CounterTerrorist,486.001,2589.951,160.0313,M4A4,100,100,-5.868652,-19.66509,0,False,True,True,70.3125,3.515625
Xyp9x,CounterTerrorist,485.8742,2589.513,160.0313,M4A4,100,100,2.089218,5.289879,0,False,True,True,68.55469,3.515625
Xyp9x,CounterTerrorist,486.3927,2590.552,160.0313,M4A4,100,100,14.25894,24.7796,0,False,True,True,54.14063,4.921875
Xyp9x,CounterTerrorist,488.0014,2592.532,160.0313,M4A4,100,100,35.93721,35.12949,0,False,True,True,26.36719,6.679688
Xyp9x,CounterTerrorist,490.9636,2595.01,160.0313,M4A4,100,100,54.30994,46.50763,0,False,True,True,353.6719,8.085938
Xyp9x,CounterTerrorist,495.1041,2598.169,160.0313,M4A4,100,100,75.71023,51.48278,0,False,True,True,333.6328,7.03125
Xyp9x,CounterTerrorist,500.3433,2601.515,160.0313,M4A4,100,100,85.60112,60.47395,0,False,True,True,325.1953,5.625
Xyp9x,CounterTerrorist,505.7388,2605.889,160.0313,M4A4,100,100,87.0845,76.45638,0,False,True,True,322.0313,5.273438
Xyp9x,CounterTerrorist,511.0915,2610.871,160.0313,M4A4,100,100,84.5043,80.91984,0,False,True,True,317.1094,4.921875
Xyp9x,CounterTerrorist,516.3651,2615.936,160.0313,M4A4,100,100,85.98708,79.34242,0,False,True,True,312.1875,5.273438
Xyp9x,CounterTerrorist,521.5628,2619.568,160.0313,M4A4,100,100,101.2005,57.02615,0,False,True,True,306.9141,4.921875
Xyp9x,CounterTerrorist,528.3155,2622.312,160.0313,M4A4,100,100,111.9259,34.08209,0,False,True,True,303.75,4.21875
Xyp9x,CounterTerrorist,536.3337,2623.919,160.0313,M4A4,100,100,113.3087,15.83852,0,True,True,True,303.75,4.21875
Xyp9x,CounterTerrorist,543.2601,2624.569,160.0313,M4A4,100,100,109.0813,6.570445,0,True,True,True,303.75,4.21875
Xyp9x,CounterTerrorist,549.6143,2625.125,160.0313,M4A4,100,100,85.74855,12.7297,0,True,True,True,303.75,4.21875
Xyp9x,CounterTerrorist,554.3265,2626.209,160.0313,M4A4,100,100,73.48248,21.27381,0,False,True,True,301.9922,3.515625
Xyp9x,CounterTerrorist,558.8464,2627.764,160.0313,M4A4,100,100,71.50877,27.17987,0,False,True,True,299.5313,2.8125
Xyp9x,CounterTerrorist,563.269,2629.581,160.0313,M4A4,100,100,70.28676,30.19968,0,False,True,True,298.4766,2.460938
Xyp9x,CounterTerrorist,567.3134,2631.358,160.0313,M4A4,100,100,50.42717,21.65623,0,True,True,True,298.125,2.460938
Xyp9x,CounterTerrorist,568.8087,2631.925,160.0313,M4A4,100,100,3.13332,-0.1943361,0,True,True,True,298.125,2.8125
Xyp9x,CounterTerrorist,568.5123,2631.764,160.0313,M4A4,100,100,-7.832813,-4.187228,0,True,True,True,298.125,2.8125
Xyp9x,CounterTerrorist,566.9081,2630.905,160.0313,M4A4,100,100,-14.83584,-7.923813,0,False,True,True,298.4766,3.515625
Xyp9x,CounterTerrorist,568.3031,2631.658,160.0313,M4A4,100,100,44.60271,24.06483,0,False,True,True,298.4766,3.867188
Xyp9x,CounterTerrorist,570.9363,2633.078,160.0313,M4A4,100,100,33.46704,18.05005,0,False,True,True,298.125,3.867188
Xyp9x,CounterTerrorist,572.3318,2633.831,160.0313,M4A4,100,100,13.6637,7.36935,0,False,True,True,297.0703,3.867188
Xyp9x,CounterTerrorist,572.5754,2633.962,160.0313,M4A4,100,100,0,0,0,False,True,True,297.0703,3.867188
Xyp9x,CounterTerrorist,572.5754,2633.962,160.0313,M4A4,100,100,0,0,0,False,True,True,297.0703,3.867188
Xyp9x,CounterTerrorist,572.5754,2633.962,160.0313,M4A4,100,100,0,0,0,True,True,True,297.0703,3.867188
Xyp9x,CounterTerrorist,572.5754,2633.962,160.0313,M4A4,100,100,0,0,0,True,True,True,296.7188,3.515625
Xyp9x,CounterTerrorist,572.5754,2633.962,160.0313,M4A4,100,100,0,0,0,True,True,True,296.3672,2.8125
Xyp9x,CounterTerrorist,572.5754,2633.962,160.0313,M4A4,100,100,0,0,0,False,True,True,296.3672,2.460938
Xyp9x,CounterTerrorist,572.5754,2633.962,160.0313,M4A4,100,100,0,0,0,False,True,True,296.0156,2.109375
Xyp9x,CounterTerrorist,572.2595,2633.807,160.0313,M4A4,100,100,-8.216601,-4.04034,0,False,True,True,296.0156,2.109375
Xyp9x,CounterTerrorist,571.5173,2633.442,160.0313,M4A4,100,100,-14.72258,-7.239517,0,False,True,True,296.0156,2.109375
Xyp9x,CounterTerrorist,570.5343,2632.958,160.0313,M4A4,100,100,-20.40922,-10.05116,0,False,True,True,296.3672,2.109375
Xyp9x,CounterTerrorist,568.9962,2632.2,160.0313,M4A4,100,100,-14.37922,-7.087927,0,False,True,True,296.3672,2.109375
Xyp9x,CounterTerrorist,569.1535,2632.279,160.0313,M4A4,100,100,7.2521,3.593786,0,False,True,True,296.3672,2.109375
Xyp9x,CounterTerrorist,569.8351,2632.617,160.0313,M4A4,100,100,13.74822,6.812922,0,True,True,True,296.3672,2.109375
Xyp9x,CounterTerrorist,570.923,2633.156,160.0313,M4A4,100,100,20.25256,10.01544,0,True,True,True,296.0156,2.109375
Xyp9x,CounterTerrorist,572.4202,2633.888,160.0313,M4A4,100,100,26.85119,13.02379,0,True,True,True,295.3125,2.460938
Xyp9x,CounterTerrorist,574.3333,2634.796,160.0313,M4A4,100,100,49.46867,23.00817,0,False,True,True,294.2578,2.8125
Xyp9x,CounterTerrorist,580.0181,2637.355,160.0313,M4A4,100,100,104.2258,46.00877,0,False,True,True,292.5,3.164063
Xyp9x,CounterTerrorist,587.7466,2640.684,160.0313,M4A4,100,100,129.7883,55.17219,0,True,True,True,291.4453,3.164063
Xyp9x,CounterTerrorist,595.4993,2643.94,160.0313,M4A4,100,100,120.0363,49.86664,0,True,True,True,290.3906,2.8125
Xyp9x,CounterTerrorist,602.7436,2646.897,160.0313,M4A4,100,100,113.0471,45.42738,0,True,True,True,288.6328,2.109375
Xyp9x,CounterTerrorist,609.6274,2649.595,160.0313,M4A4,100,100,108.1357,41.45612,0,True,True,True,287.2266,1.757813
Xyp9x,CounterTerrorist,616.1711,2652.027,159.9494,M4A4,100,100,95.25715,34.74435,0,True,True,True,285.1172,1.40625
Xyp9x,CounterTerrorist,620.3759,2653.549,157.847,M4A4,100,100,72.1437,25.44674,0,False,True,True,283.3594,1.054688
Xyp9x,CounterTerrorist,625.7433,2655.29,155.1633,M4A4,100,100,79.36449,24.09786,0,False,True,True,281.25,0.703125
Xyp9x,CounterTerrorist,630.3393,2656.608,152.8653,M4A4,100,100,73.85091,19.95724,0,False,True,True,279.4922,0.703125
Xyp9x,CounterTerrorist,634.9756,2657.775,150.5471,M4A4,100,100,74.40815,17.76729,0,False,True,True,278.7891,0.703125
Xyp9x,CounterTerrorist,639.6409,2658.822,148.2145,M4A4,100,100,74.80758,16.0024,0,False,True,True,278.4375,0.3515625
Xyp9x,CounterTerrorist,644.3272,2659.77,145.8713,M4A4,100,100,75.1086,14.52405,0,False,True,True,277.3828,0.3515625
Xyp9x,CounterTerrorist,648.4423,2660.523,143.8138,M4A4,100,100,75.34768,13.22791,0,False,True,True,276.6797,0.3515625
Xyp9x,CounterTerrorist,653.16,2661.3,141.4549,M4A4,100,100,75.58475,11.79811,0,False,True,True,275.625,0.3515625
Xyp9x,CounterTerrorist,658.4847,2662.061,138.7926,M4A4,100,100,75.84197,10.01226,0,False,True,True,273.8672,359.6484
Xyp9x,CounterTerrorist,662.6379,2662.565,136.716,M4A4,100,100,76.01222,8.625096,0,False,True,True,272.8125,359.6484
Xyp9x,CounterTerrorist,667.5243,2663.057,134.2728,M4A4,100,100,80.77511,7.3607,0,False,True,True,272.1094,359.6484
Xyp9x,CounterTerrorist,672.1599,2663.46,131.955,M4A4,100,100,57.04161,5.326884,0,False,True,True,271.7578,359.6484
Xyp9x,CounterTerrorist,673.8935,2663.674,131.6334,M4A4,100,100,4.993676,1.5911,0,False,True,True,271.7578,359.6484
Xyp9x,CounterTerrorist,673.5305,2663.668,131.6512,M4A4,100,100,-9.152205,-0.2720744,0,False,True,True,271.7578,359.6484
Xyp9x,CounterTerrorist,673.8621,2663.675,131.6359,M4A4,100,100,9.154242,0.1906316,0,True,True,True,271.0547,359.6484
Xyp9x,CounterTerrorist,674.6892,2663.692,131.5713,M4A4,100,100,16.40314,0.3179286,0,True,True,True,271.0547,359.6484
Xyp9x,CounterTerrorist,675.6602,2663.71,131.4948,M4A4,100,100,-1.06267,-0.002234678,0,False,True,True,271.0547,359.6484
Xyp9x,CounterTerrorist,672.9908,2663.665,131.7039,M4A4,100,100,-66.08441,-1.110032,0,False,True,True,271.0547,359.6484
Xyp9x,CounterTerrorist,670.1219,2663.616,132.974,M4A4,100,100,-4.024366,-0.09472404,0,False,True,True,270.7031,359.6484
Xyp9x,CounterTerrorist,672.1995,2663.628,131.9352,M4A4,100,100,57.84726,0.01278824,0,False,True,True,269.2969,0.3515625
Xyp9x,CounterTerrorist,676.8329,2663.602,131.4038,M4A4,100,100,78.84196,-0.6064447,0,False,True,True,268.9453,0.3515625
Xyp9x,CounterTerrorist,679.5869,2663.588,131.1886,M4A4,100,100,24.85717,0.07235979,0,False,True,True,268.9453,0.3515625
Xyp9x,CounterTerrorist,679.6619,2663.593,131.1828,M4A4,100,100,8.436308,-0.141858,0,False,True,True,268.9453,0.3515625
Xyp9x,CounterTerrorist,680.9977,2663.571,131.0784,M4A4,100,100,31.43305,-0.5285522,0,False,True,True,268.9453,0.3515625
Xyp9x,CounterTerrorist,683.3318,2663.5,130.896,M4A4,100,100,49.82198,-4.860003,0,False,True,True,268.9453,0.3515625
Xyp9x,CounterTerrorist,687.267,2661.96,130.5886,M4A4,100,100,61.30699,-34.05031,0,False,True,True,268.5938,0.3515625
Xyp9x,CounterTerrorist,691.4925,2659.094,130.2585,M4A4,100,100,72.05104,-54.36016,0,False,True,True,266.8359,0.3515625
Xyp9x,CounterTerrorist,696.2544,2655.109,129.8865,M4A4,100,100,78.84956,-70.56012,0,False,True,True,264.375,0.3515625
Xyp9x,CounterTerrorist,701.3447,2650.249,129.4888,M4A4,100,100,82.94778,-82.51463,0,False,True,True,264.375,0.3515625
Xyp9x,CounterTerrorist,706.4376,2645.002,129.0909,M4A4,100,100,80.4819,-84.92151,0,False,True,True,264.375,0.3515625
Xyp9x,CounterTerrorist,711.4036,2639.634,128.7029,M4A4,100,100,78.74478,-86.53472,0,False,True,True,264.375,0.3515625
Xyp9x,CounterTerrorist,716.2789,2634.185,128.3221,M4A4,100,100,77.49042,-87.65977,0,False,True,True,264.375,0.3515625
Xyp9x,CounterTerrorist,721.8076,2629.427,128.0313,M4A4,100,100,95.52663,-67.55487,0,False,True,True,264.375,0.3515625
Xyp9x,CounterTerrorist,728.1526,2625.808,128.0313,M4A4,100,100,105.2735,-51.05385,0,False,True,True,264.0234,0.3515625
Xyp9x,CounterTerrorist,734.4879,2622.167,128.0313,M4A4,100,100,97.78611,-64.24077,0,False,True,True,263.6719,0.3515625
Xyp9x,CounterTerrorist,740.3403,2617.788,128.0313,M4A4,100,100,90.6215,-74.00501,0,False,True,True,262.9688,0.3515625
Xyp9x,CounterTerrorist,745.1326,2613.551,128.0313,M4A4,100,100,85.54565,-79.81816,0,False,True,True,262.6172,0.3515625
Xyp9x,CounterTerrorist,750.9402,2607.726,128.0313,M4A4,100,100,80.48363,-84.91986,0,False,True,True,261.5625,0.703125
Xyp9x,CounterTerrorist,755.8469,2602.305,128.5124,M4A4,100,100,77.05972,-88.03862,0,False,True,True,260.5078,0.703125
Xyp9x,CounterTerrorist,760.1161,2597.543,129.046,M4A4,100,100,83.10783,-82.35342,0,False,True,True,259.1016,0.703125
Xyp9x,CounterTerrorist,766.5851,2592.481,129.8546,M4A4,100,100,97.54413,-64.6076,0,False,True,True,256.2891,0.703125
Xyp9x,CounterTerrorist,772.9306,2588.854,130.6478,M4A4,100,100,104.0828,-53.43941,0,False,True,True,256.2891,0.703125
Xyp9x,CounterTerrorist,779.5775,2585.809,131.4787,M4A4,100,100,107.812,-45.44865,0,False,True,True,256.2891,0.703125
Xyp9x,CounterTerrorist,785.9294,2582.208,132.2727,M4A4,100,100,96.79678,-65.72201,0,False,True,True,256.2891,0.703125
Xyp9x,CounterTerrorist,791.6179,2577.622,132.9837,M4A4,100,100,86.76708,-78.48868,0,False,True,True,255.5859,0.703125
Xyp9x,CounterTerrorist,796.7464,2572.413,133.6248,M4A4,100,100,78.69623,-86.57887,0,False,True,True,255.2344,0.703125
Xyp9x,CounterTerrorist,802.0493,2567.393,134.2877,M4A4,100,100,90.92031,-73.63758,0,False,True,True,254.1797,1.054688
Xyp9x,CounterTerrorist,808.0626,2563.24,135.0393,M4A4,100,100,99.59769,-61.39461,0,False,True,True,253.8281,1.054688
Xyp9x,CounterTerrorist,814.4689,2559.719,135.8401,M4A4,100,100,104.3039,-53.00656,0,False,True,True,252.0703,1.054688
Xyp9x,CounterTerrorist,820.8062,2556.091,144.0313,M4A4,100,100,96.21139,-66.57603,0,False,True,True,251.0156,1.054688
Xyp9x,CounterTerrorist,826.3729,2551.362,144.0313,M4A4,100,100,83.64724,-81.80549,0,False,True,True,248.9063,1.40625
Xyp9x,CounterTerrorist,831.2025,2545.877,144.0313,M4A4,100,100,72.64925,-91.71197,0,False,True,True,247.8516,1.757813
Xyp9x,CounterTerrorist,835.4288,2539.913,144.0313,M4A4,100,100,64.04738,-97.91288,0,False,True,True,247.1484,1.757813
Xyp9x,CounterTerrorist,839.1982,2533.648,144.0313,M4A4,100,100,57.72894,-101.7662,0,False,True,True,246.7969,1.757813
Xyp9x,CounterTerrorist,842.6519,2527.203,144.0313,M4A4,100,100,53.59299,-104.0038,0,False,True,True,246.7969,1.757813
Xyp9x,CounterTerrorist,845.8976,2520.651,144.0313,M4A4,100,100,50.78245,-105.4046,0,False,True,True,246.7969,1.757813
Xyp9x,CounterTerrorist,848.6143,2514.858,144.0313,M4A4,100,100,48.89712,-106.2924,0,False,True,True,246.4453,1.757813
Xyp9x,CounterTerrorist,852.0515,2507.386,144.0313,M4A4,100,100,53.83538,-103.8785,0,False,True,True,245.0391,1.757813
Xyp9x,CounterTerrorist,855.5812,2502.059,144.0313,M4A4,100,100,71.41836,-92.67371,0,False,True,True,243.2813,1.757813
Xyp9x,CounterTerrorist,861.1664,2496.028,144.0313,M4A4,100,100,84.64892,-80.76856,0,False,True,True,241.875,1.757813
Xyp9x,CounterTerrorist,866.6044,2491.141,144.0313,M4A4,100,100,84.18405,-81.25297,0,False,True,True,241.1719,1.757813
Xyp9x,CounterTerrorist,871.328,2485.57,144.0313,M4A4,100,100,69.23477,-94.31618,0,False,True,True,239.7656,1.757813
Xyp9x,CounterTerrorist,875.211,2479.379,144.0313,M4A4,100,100,57.02276,-102.1636,0,False,True,True,238.711,1.40625
Xyp9x,CounterTerrorist,878.4259,2472.813,144.0313,M4A4,100,100,47.46579,-106.9392,0,False,True,True,237.6563,1.40625
Xyp9x,CounterTerrorist,879.9964,2465.968,144.0313,M4A4,100,100,0,-113.187,0,False,True,True,236.9531,1.40625
Xyp9x,CounterTerrorist,879.9964,2458.684,144.0313,M4A4,100,100,0,-116.9941,0,False,True,True,236.9531,1.40625
Xyp9x,CounterTerrorist,879.9964,2451.372,144.0313,M4A4,100,100,0,-116.9945,0,False,True,True,236.6016,1.40625
Xyp9x,CounterTerrorist,879.9964,2444.115,144.0313,M4A4,100,100,0,-114.2157,0,True,True,True,235.5469,1.40625
Xyp9x,CounterTerrorist,879.9964,2437.137,144.0313,M4A4,100,100,0,-109.846,0,True,True,True,234.8437,1.40625
Xyp9x,CounterTerrorist,879.9964,2430.913,144.0313,M4A4,100,100,0,-81.78986,0,True,True,True,234.4922,1.054688
Xyp9x,CounterTerrorist,879.9973,2426.116,144.0313,M4A4,100,100,0,-76.49789,0,False,True,True,233.789,0.703125
Xyp9x,CounterTerrorist,879.9973,2421.365,144.0313,M4A4,100,100,0,-74.5901,0,False,True,True,233.4375,0.703125
Xyp9x,CounterTerrorist,879.9973,2417.355,144.0313,M4A4,100,100,0,-54.30288,0,False,True,True,233.4375,0.703125
Xyp9x,CounterTerrorist,879.9973,2414.751,144.0313,M4A4,100,100,0,-31.80288,0,False,True,True,233.0859,0.703125
Xyp9x,CounterTerrorist,879.8914,2413.171,144.0313,M4A4,100,100,-1.570803,-26.38526,0,False,True,True,232.7344,0.703125
Xyp9x,CounterTerrorist,879.9423,2411.277,144.0313,M4A4,100,100,2.22031,-33.38345,0,False,True,True,232.7344,0.703125
Xyp9x,CounterTerrorist,879.9988,2408.943,144.0313,M4A4,100,100,0,-40.40255,0,False,True,True,232.3828,0.703125
Xyp9x,CounterTerrorist,879.9988,2406.662,144.0313,M4A4,100,100,0,-37.72893,0,False,True,True,232.3828,0.703125
Xyp9x,CounterTerrorist,879.9988,2404.999,144.0313,M4A4,100,100,0,-12.41643,0,False,True,True,232.3828,0.703125
Xyp9x,CounterTerrorist,879.9988,2404.831,144.0313,M4A4,100,100,0,0,0,False,True,True,232.3828,0.703125
Xyp9x,CounterTerrorist,879.9988,2404.831,144.0313,M4A4,100,100,0,0,0,False,True,True,232.0313,0.703125
Xyp9x,CounterTerrorist,879.9988,2404.831,144.0313,M4A4,100,100,0,0,0,False,True,True,232.0313,0.703125
Xyp9x,CounterTerrorist,879.9988,2404.831,144.0313,M4A4,100,100,0,0,0,False,True,True,232.0313,0.703125
Xyp9x,CounterTerrorist,879.9443,2404.74,144.0313,M4A4,100,100,-1.848701,-5.075459,0,False,True,True,232.0313,0.703125
Xyp9x,CounterTerrorist,879.9909,2404.059,144.0313,M4A4,100,100,0,-13.25853,0,False,True,True,231.6797,0.703125
Xyp9x,CounterTerrorist,879.8131,2403.361,144.0313,M4A4,100,100,-1.509583,-4.047893,0,False,True,True,231.6797,0.703125
Xyp9x,CounterTerrorist,879.809,2403.35,144.0313,M4A4,100,100,0,0,0,False,True,True,231.6797,0.703125
Xyp9x,CounterTerrorist,879.809,2403.35,144.0313,M4A4,100,100,0,0,0,False,True,True,231.6797,0.703125
Xyp9x,CounterTerrorist,879.809,2403.35,144.0313,M4A4,100,100,0,0,0,False,True,True,231.6797,0.703125
Xyp9x,CounterTerrorist,879.809,2403.35,144.0313,M4A4,100,100,0,0,0,False,True,True,231.6797,0.703125
Xyp9x,CounterTerrorist,879.809,2403.35,144.0313,M4A4,100,100,0,0,0,False,True,True,231.6797,0.703125
Xyp9x,CounterTerrorist,879.809,2403.35,144.0313,M4A4,100,100,0,0,0,False,True,True,231.6797,0.703125
Xyp9x,CounterTerrorist,879.809,2403.35,144.0313,M4A4,100,100,0,0,0,False,True,True,231.6797,0.703125
Xyp9x,CounterTerrorist,879.809,2403.35,144.0313,M4A4,100,100,0,0,0,False,True,True,231.6797,0.703125
Xyp9x,CounterTerrorist,879.809,2403.35,144.0313,M4A4,100,100,0,0,0,False,True,True,231.6797,0.703125
Xyp9x,CounterTerrorist,879.809,2403.35,144.0313,M4A4,100,100,0,0,0,False,True,True,231.6797,0.703125
Xyp9x,CounterTerrorist,879.809,2403.35,144.0313,M4A4,100,100,0,0,0,False,True,True,231.6797,0.703125
Xyp9x,CounterTerrorist,879.809,2403.35,144.0313,M4A4,100,100,0,0,0,False,True,True,231.6797,0.703125
Xyp9x,CounterTerrorist,879.809,2403.35,144.0313,M4A4,100,100,0,0,0,False,True,True,231.6797,0.703125
Xyp9x,CounterTerrorist,879.809,2403.35,144.0313,M4A4,100,100,0,0,0,False,True,True,231.6797,0.703125
Xyp9x,CounterTerrorist,879.809,2403.35,144.0313,M4A4,100,100,0,0,0,False,True,True,231.6797,0.703125
Xyp9x,CounterTerrorist,879.809,2403.35,144.0313,M4A4,100,100,0,0,0,False,True,True,231.6797,0.703125
Xyp9x,CounterTerrorist,879.809,2403.35,144.0313,M4A4,100,100,0,0,0,False,True,True,231.6797,0.703125
Xyp9x,CounterTerrorist,879.809,2403.35,144.0313,M4A4,100,100,0,0,0,False,True,True,231.6797,0.703125
Xyp9x,CounterTerrorist,879.809,2403.35,144.0313,M4A4,100,100,0,0,0,False,True,True,231.6797,0.703125
Xyp9x,CounterTerrorist,879.809,2403.35,144.0313,M4A4,100,100,0,0,0,False,True,True,231.6797,0.703125
Xyp9x,CounterTerrorist,879.809,2403.35,144.0313,M4A4,100,100,0,0,0,False,True,True,231.6797,0.703125
Xyp9x,CounterTerrorist,879.809,2403.35,144.0313,M4A4,100,100,0,0,0,False,True,True,231.6797,0.703125
Xyp9x,CounterTerrorist,879.4707,2403.616,144.0313,M4A4,100,100,-7.904307,6.227022,0,False,True,True,231.6797,0.703125
Xyp9x,CounterTerrorist,878.7765,2404.163,144.0313,M4A4,100,100,-13.59934,10.71357,0,False,True,True,231.6797,0.703125
Xyp9x,CounterTerrorist,877.7263,2404.991,144.0313,M4A4,100,100,-19.29613,15.19788,0,False,True,True,231.6797,0.703125
Xyp9x,CounterTerrorist,876.3179,2406.095,144.0313,M4A4,100,100,-25.07943,19.5713,0,False,True,True,232.3828,0.703125
Xyp9x,CounterTerrorist,874.5446,2407.469,144.0313,M4A4,100,100,-30.9337,23.8518,0,False,True,True,232.7344,0.703125
Xyp9x,CounterTerrorist,872.4415,2409.135,144.0313,M4A4,100,100,-33.21387,30.48012,0,False,True,True,233.4375,1.054688
Xyp9x,CounterTerrorist,871.288,2411.305,144.0313,M4A4,100,100,-6.682198,36.36483,0,False,True,True,233.789,1.054688
Xyp9x,CounterTerrorist,871.5129,2413.635,144.0313,M4A4,100,100,10.09016,38.04211,0,False,True,True,233.789,1.054688
Xyp9x,CounterTerrorist,872.5092,2416.107,144.0313,M4A4,100,100,19.87255,40.95887,0,False,True,True,233.789,1.054688
Xyp9x,CounterTerrorist,873.9023,2418.668,144.0313,M4A4,100,100,20.2847,36.09944,0,False,True,True,233.789,1.054688
Xyp9x,CounterTerrorist,874.7826,2420.235,144.0313,M4A4,100,100,9.262587,16.48406,0,False,True,True,233.789,1.054688
Xyp9x,CounterTerrorist,874.9907,2420.605,144.0313,M4A4,100,100,0,0,0,False,True,True,233.789,1.054688
Xyp9x,CounterTerrorist,875.0433,2420.567,144.0313,M4A4,100,100,3.73395,-2.729147,0,False,True,True,233.789,1.054688
Xyp9x,CounterTerrorist,875.4825,2420.246,144.0313,M4A4,100,100,9.587168,-7.007269,0,False,True,True,233.789,1.054688
Xyp9x,CounterTerrorist,876.217,2419.709,144.0313,M4A4,100,100,9.432569,-6.901027,0,False,True,True,233.789,0.703125
Xyp9x,CounterTerrorist,876.3317,2419.625,144.0313,M4A4,100,100,0,0,0,False,True,True,233.789,0.703125
Xyp9x,CounterTerrorist,876.3317,2419.625,144.0313,M4A4,100,100,0,0,0,False,True,True,233.789,0.703125
Xyp9x,CounterTerrorist,876.3317,2419.625,144.0313,M4A4,100,100,0,0,0,False,True,True,233.789,0.703125
Xyp9x,CounterTerrorist,876.3317,2419.625,144.0313,M4A4,100,100,0,0,0,False,True,True,233.789,0.703125
Xyp9x,CounterTerrorist,876.3317,2419.625,144.0313,M4A4,100,100,0,0,0,False,True,True,233.789,0.703125
Xyp9x,CounterTerrorist,876.3317,2419.625,144.0313,M4A4,100,100,0,0,0,False,True,True,233.789,0.703125
Xyp9x,CounterTerrorist,876.3317,2419.625,144.0313,M4A4,100,100,0,0,0,False,True,True,233.789,0.703125
Xyp9x,CounterTerrorist,876.3317,2419.625,144.0313,M4A4,100,100,0,0,0,False,True,True,233.789,0.703125
Xyp9x,CounterTerrorist,876.3317,2419.625,144.0313,M4A4,100,100,0,0,0,False,True,True,233.789,0.703125
Xyp9x,CounterTerrorist,876.3317,2419.625,144.0313,M4A4,100,100,0,0,0,False,True,True,233.789,0.703125
Xyp9x,CounterTerrorist,876.3317,2419.625,144.0313,M4A4,100,100,0,0,0,False,True,True,233.789,0.703125
Xyp9x,CounterTerrorist,876.3317,2419.625,144.0313,M4A4,100,100,0,0,0,False,True,True,233.789,0.703125
Xyp9x,CounterTerrorist,876.3317,2419.625,144.0313,M4A4,100,100,0,0,0,False,True,True,233.789,0.703125
Xyp9x,CounterTerrorist,876.3317,2419.625,144.0313,M4A4,100,100,0,0,0,False,True,True,233.789,0.703125
Xyp9x,CounterTerrorist,876.3317,2419.625,144.0313,M4A4,100,100,0,0,0,False,True,True,233.789,0.703125
Xyp9x,CounterTerrorist,876.3317,2419.625,144.0313,M4A4,100,100,0,0,0,False,True,True,233.789,0.703125
Xyp9x,CounterTerrorist,876.3317,2419.625,144.0313,M4A4,100,100,0,0,0,False,True,True,233.789,0.703125
Xyp9x,CounterTerrorist,876.3317,2419.625,144.0313,M4A4,100,100,0,0,0,False,True,True,233.789,0.703125
Xyp9x,CounterTerrorist,876.3317,2419.625,144.0313,M4A4,100,100,0,0,0,False,True,True,233.789,0.703125
Xyp9x,CounterTerrorist,876.3317,2419.625,144.0313,M4A4,100,100,0,0,0,False,True,True,233.789,0.703125
Xyp9x,CounterTerrorist,876.3317,2419.625,144.0313,M4A4,100,100,0,0,0,False,True,True,233.789,0.703125
Xyp9x,CounterTerrorist,876.3317,2419.625,144.0313,M4A4,100,100,0,0,0,False,True,True,233.789,0.703125
Xyp9x,CounterTerrorist,876.3317,2419.625,144.0313,M4A4,100,100,0,0,0,False,True,True,233.789,0.703125
Xyp9x,CounterTerrorist,876.5059,2419.497,144.0313,M4A4,100,100,5.918907,-4.34709,0,False,True,True,233.789,0.703125
Xyp9x,CounterTerrorist,876.9408,2419.178,144.0313,M4A4,100,100,2.770552,-2.034808,0,False,True,True,233.789,0.703125
Xyp9x,CounterTerrorist,876.9408,2419.178,144.0313,M4A4,100,100,0,0,0,False,True,True,233.4375,0.703125
Xyp9x,CounterTerrorist,876.9408,2419.178,144.0313,M4A4,100,100,0,0,0,False,True,True,233.4375,0.703125
Xyp9x,CounterTerrorist,876.9408,2419.178,144.0313,M4A4,100,100,0,0,0,False,True,True,233.4375,0.703125
Xyp9x,CounterTerrorist,876.9408,2419.178,144.0313,M4A4,100,100,0,0,0,False,True,True,233.4375,0.703125
Xyp9x,CounterTerrorist,877.2241,2418.969,144.0313,M4A4,100,100,7.367238,-5.436975,0,False,True,True,233.4375,0.703125
Xyp9x,CounterTerrorist,877.975,2418.414,144.0313,M4A4,100,100,10.93771,-8.071959,0,False,True,True,233.4375,0.703125
Xyp9x,CounterTerrorist,878.14,2418.292,144.0313,M4A4,100,100,0,0,0,False,True,True,233.4375,0.703125
Xyp9x,CounterTerrorist,878.14,2418.292,144.0313,M4A4,100,100,0,0,0,False,True,True,233.4375,0.703125
Xyp9x,CounterTerrorist,878.14,2418.292,144.0313,M4A4,100,100,0,0,0,False,True,True,233.4375,0.703125
Xyp9x,CounterTerrorist,878.1634,2418.275,144.0313,M4A4,100,100,2.98876,-2.212785,0,False,True,True,233.4375,0.703125
Xyp9x,CounterTerrorist,878.555,2417.985,144.0313,M4A4,100,100,8.81266,-6.530731,0,False,True,True,233.4375,0.703125
Xyp9x,CounterTerrorist,879.24,2417.477,144.0313,M4A4,100,100,8.652745,-6.431572,0,False,True,True,233.4375,0.703125
Xyp9x,CounterTerrorist,879.337,2417.405,144.0313,M4A4,100,100,0,0,0,False,True,True,233.4375,0.703125
Xyp9x,CounterTerrorist,879.337,2417.405,144.0313,M4A4,100,100,0,0,0,False,True,True,233.4375,0.703125
Xyp9x,CounterTerrorist,879.4644,2417.31,144.0313,M4A4,100,100,5.164981,-3.842443,0,False,True,True,233.4375,0.703125
Xyp9x,CounterTerrorist,879.9913,2416.917,144.0313,M4A4,100,100,10.96725,-8.189428,0,False,True,True,233.0859,0.703125
Xyp9x,CounterTerrorist,879.9913,2416.779,144.0313,M4A4,100,100,0,0,0,False,True,True,233.0859,0.703125
Xyp9x,CounterTerrorist,879.9913,2416.779,144.0313,M4A4,100,100,0,0,0,False,True,True,233.0859,0.703125
Xyp9x,CounterTerrorist,879.9913,2416.779,144.0313,M4A4,100,100,0,0,0,False,True,True,233.0859,0.703125
Xyp9x,CounterTerrorist,879.9913,2416.779,144.0313,M4A4,100,100,0,0,0,False,True,True,233.0859,0.703125
Xyp9x,CounterTerrorist,879.9913,2416.779,144.0313,M4A4,100,100,0,0,0,False,True,True,233.0859,0.703125
Xyp9x,CounterTerrorist,879.9913,2416.761,144.0313,M4A4,100,100,0,-2.226532,0,False,True,True,233.0859,0.703125
Xyp9x,CounterTerrorist,879.9913,2416.623,144.0313,M4A4,100,100,0,-2.226532,0,False,True,True,233.0859,0.703125
Xyp9x,CounterTerrorist,879.9913,2416.484,144.0313,M4A4,100,100,0,-2.226532,0,False,True,True,233.0859,0.703125
Xyp9x,CounterTerrorist,879.9913,2416.467,144.0313,M4A4,100,100,0,0,0,False,True,True,233.0859,0.703125
Xyp9x,CounterTerrorist,879.9913,2416.467,144.0313,M4A4,100,100,0,0,0,False,True,True,233.0859,0.703125
Xyp9x,CounterTerrorist,879.9479,2416.374,144.0313,M4A4,100,100,-0.5534551,-5.132258,0,False,True,True,233.0859,0.703125
Xyp9x,CounterTerrorist,879.9969,2415.702,144.0313,M4A4,100,100,0,-13.08018,0,False,True,True,233.0859,0.703125
Xyp9x,CounterTerrorist,879.9969,2414.896,144.0313,M4A4,100,100,0,-9.098402,0,False,True,True,233.0859,0.703125
Xyp9x,CounterTerrorist,879.9969,2414.82,144.0313,M4A4,100,100,0,0,0,False,True,True,233.0859,0.703125
Xyp9x,CounterTerrorist,879.9969,2414.82,144.0313,M4A4,100,100,0,0,0,False,True,True,233.0859,0.703125
Xyp9x,CounterTerrorist,879.9969,2414.82,144.0313,M4A4,100,100,0,0,0,False,True,True,233.0859,0.703125
Xyp9x,CounterTerrorist,879.9969,2414.82,144.0313,M4A4,100,100,0,0,0,False,True,True,233.0859,0.703125
Xyp9x,CounterTerrorist,879.9969,2414.759,144.0313,M4A4,100,100,0,-3.327346,0,False,True,True,233.0859,0.703125
Xyp9x,CounterTerrorist,879.9969,2414.307,144.0313,M4A4,100,100,0,-10.28216,0,False,True,True,233.0859,0.703125
Xyp9x,CounterTerrorist,879.9969,2413.419,144.0313,M4A4,100,100,0,-17.24177,0,False,True,True,233.0859,0.703125
Xyp9x,CounterTerrorist,879.8431,2412.151,144.0313,M4A4,100,100,-7.371494,-21.51109,0,False,True,True,232.7344,0.703125
Xyp9x,CounterTerrorist,879.3266,2411.046,144.0313,M4A4,100,100,-4.838075,-9.928267,0,False,True,True,232.7344,0.703125
Xyp9x,CounterTerrorist,879.2709,2410.932,144.0313,M4A4,100,100,0,0,0,False,True,True,232.7344,0.703125
Xyp9x,CounterTerrorist,879.2709,2410.932,144.0313,M4A4,100,100,0,0,0,False,True,True,232.7344,0.703125
Xyp9x,CounterTerrorist,879.2709,2410.932,144.0313,M4A4,100,100,0,0,0,False,True,True,232.7344,0.703125
Xyp9x,CounterTerrorist,878.9274,2411.191,144.0313,M4A4,100,100,-8.027058,6.067968,0,False,True,True,232.7344,0.703125
Xyp9x,CounterTerrorist,878.2216,2411.723,144.0313,M4A4,100,100,-13.83682,10.40501,0,False,True,True,233.0859,0.703125
Xyp9x,CounterTerrorist,877.1519,2412.525,144.0313,M4A4,100,100,-19.66215,14.7212,0,False,True,True,233.0859,0.703125
Xyp9x,CounterTerrorist,876.4937,2413.208,144.0313,M4A4,100,100,-1.86899,12.67347,0,False,True,True,233.4375,0.703125
Xyp9x,CounterTerrorist,876.8595,2414.081,144.0313,M4A4,100,100,9.544446,15.52465,0,False,True,True,233.4375,0.703125
Xyp9x,CounterTerrorist,877.594,2415.163,144.0313,M4A4,100,100,6.540703,9.428048,0,False,True,True,233.4375,0.703125
Xyp9x,CounterTerrorist,877.6722,2415.276,144.0313,M4A4,100,100,0,0,0,False,True,True,233.4375,0.703125
Xyp9x,CounterTerrorist,877.6722,2415.276,144.0313,M4A4,100,100,0,0,0,False,True,True,233.4375,0.703125
Xyp9x,CounterTerrorist,877.6722,2415.276,144.0313,M4A4,100,100,0,0,0,False,True,True,233.4375,0.703125
Xyp9x,CounterTerrorist,877.6722,2415.276,144.0313,M4A4,100,100,0,0,0,False,True,True,233.4375,0.703125
Xyp9x,CounterTerrorist,877.6722,2415.276,144.0313,M4A4,100,100,0,0,0,False,True,True,233.4375,0.703125
Xyp9x,CounterTerrorist,877.6722,2415.276,144.0313,M4A4,100,100,0,0,0,False,True,True,233.4375,0.703125
Xyp9x,CounterTerrorist,877.6722,2415.276,144.0313,M4A4,100,100,0,0,0,False,True,True,233.4375,0.703125
Xyp9x,CounterTerrorist,877.6722,2415.276,144.0313,M4A4,100,100,0,0,0,False,True,True,233.4375,0.703125
Xyp9x,CounterTerrorist,877.6722,2415.276,144.0313,M4A4,100,100,0,0,0,False,True,True,233.4375,0.703125
Xyp9x,CounterTerrorist,877.6722,2415.276,144.0313,M4A4,100,100,0,0,0,False,True,True,233.4375,0.703125
Xyp9x,CounterTerrorist,877.6722,2415.276,144.0313,M4A4,100,100,0,0,0,False,True,True,233.4375,0.703125
Xyp9x,CounterTerrorist,877.6722,2415.276,144.0313,M4A4,100,100,0,0,0,False,True,True,233.4375,0.703125
Xyp9x,CounterTerrorist,877.6722,2415.276,144.0313,M4A4,100,100,0,0,0,False,True,True,233.4375,0.703125
Xyp9x,CounterTerrorist,877.6722,2415.276,144.0313,M4A4,100,100,0,0,0,False,True,True,233.4375,0.703125
Xyp9x,CounterTerrorist,877.6722,2415.276,144.0313,M4A4,100,100,0,0,0,False,True,True,233.4375,0.703125
Xyp9x,CounterTerrorist,877.6722,2415.276,144.0313,M4A4,100,100,0,0,0,False,True,True,233.4375,0.703125
Xyp9x,CounterTerrorist,877.6722,2415.276,144.0313,M4A4,100,100,0,0,0,False,True,True,233.4375,0.703125
Xyp9x,CounterTerrorist,877.6722,2415.276,144.0313,M4A4,100,100,0,0,0,False,True,True,233.4375,0.703125
Xyp9x,CounterTerrorist,877.6722,2415.276,144.0313,M4A4,100,100,0,0,0,False,True,True,233.4375,0.703125
Xyp9x,CounterTerrorist,877.6722,2415.276,144.0313,M4A4,100,100,0,0,0,False,True,True,233.4375,0.703125
Xyp9x,CounterTerrorist,877.6075,2415.189,144.0313,M4A4,100,100,-3.301517,-4.437872,0,False,True,True,233.4375,0.703125
Xyp9x,CounterTerrorist,877.1851,2414.621,144.0313,M4A4,100,100,-8.169854,-10.98185,0,False,True,True,233.4375,0.703125
Xyp9x,CounterTerrorist,876.5224,2413.73,144.0313,M4A4,100,100,-12.49726,-16.79872,0,False,True,True,233.4375,0.703125
Xyp9x,CounterTerrorist,875.5892,2412.476,144.0313,M4A4,100,100,-16.82467,-22.61559,0,False,True,True,233.4375,0.703125
Xyp9x,CounterTerrorist,874.3855,2410.858,144.0313,M4A4,100,100,-21.15208,-28.43245,0,False,True,True,233.4375,0.703125
Xyp9x,CounterTerrorist,872.9114,2408.876,144.0313,M4A4,100,100,-25.47949,-34.24932,0,False,True,True,233.4375,0.703125
Xyp9x,CounterTerrorist,871.1667,2406.531,144.0313,M4A4,100,100,-29.80689,-40.06618,0,False,True,True,233.4375,0.703125
Xyp9x,CounterTerrorist,869.1517,2403.823,144.0313,M4A4,100,100,-34.13431,-45.88305,0,False,True,True,233.4375,0.703125
Xyp9x,CounterTerrorist,866.8661,2400.75,144.0313,M4A4,100,100,-38.46173,-51.69991,0,False,True,True,233.4375,0.703125
Xyp9x,CounterTerrorist,864.3105,2397.314,144.0313,M4A4,100,100,-42.77197,-57.52955,0,False,True,True,233.4375,0.703125
Xyp9x,CounterTerrorist,861.4924,2393.522,144.0313,M4A4,100,100,-46.66483,-62.81881,0,False,True,True,233.4375,0.703125
Xyp9x,CounterTerrorist,858.8176,2389.997,144.0313,M4A4,100,100,-52.10068,-63.07285,0,False,True,True,233.4375,0.703125
Xyp9x,CounterTerrorist,854.6049,2386.141,144.0313,M4A4,100,100,-65.47948,-49.00344,0,False,True,True,233.4375,0.703125
Xyp9x,CounterTerrorist,850.2656,2383.295,144.0313,M4A4,100,100,-69.75183,-47.11771,0,False,True,True,234.1406,1.054688
Xyp9x,CounterTerrorist,846.02,2380.028,144.0313,M4A4,100,100,-66.62126,-55.92018,0,False,True,True,234.4922,1.054688
Xyp9x,CounterTerrorist,842.2298,2377.102,144.0313,M4A4,100,100,-72.4046,-49.59977,0,False,True,True,234.8437,1.054688
Xyp9x,CounterTerrorist,836.838,2373.997,144.0313,M4A4,100,100,-79.72836,-40.32677,0,False,True,True,235.5469,1.054688
Xyp9x,CounterTerrorist,831.6839,2371.688,144.0313,M4A4,100,100,-84.38132,-34.62477,0,False,True,True,235.8984,1.054688
Xyp9x,CounterTerrorist,826.2849,2369.675,144.0313,M4A4,100,100,-87.78938,-30.52413,0,False,True,True,235.8984,1.054688
Xyp9x,CounterTerrorist,821.2707,2368.027,144.0313,M4A4,100,100,-72.96256,-22.99379,0,False,True,True,235.8984,1.054688
Xyp9x,CounterTerrorist,816.8237,2366.293,144.0313,M4A4,100,100,-68.46584,-34.12739,0,False,True,True,235.8984,1.054688
Xyp9x,CounterTerrorist,812.7762,2363.757,142.423,M4A4,100,100,-61.96326,-44.86428,0,False,True,True,235.8984,1.054688
Xyp9x,CounterTerrorist,809.0779,2360.678,140.5739,M4A4,100,100,-58.05478,-52.99107,0,True,True,True,235.8984,1.054688
Xyp9x,CounterTerrorist,805.4758,2357.083,138.7728,M4A4,100,100,-57.33885,-60.70996,0,True,True,True,235.8984,1.054688
Xyp9x,CounterTerrorist,801.9114,2353.079,136.9907,M4A4,100,100,-56.80679,-66.39855,0,True,True,True,236.25,1.054688
Xyp9x,CounterTerrorist,798.2136,2348.518,134.9646,M4A4,100,100,-62.13087,-79.7077,0,False,True,True,236.9531,1.054688
Xyp9x,CounterTerrorist,794.6644,2343.795,132.8351,M4A4,100,100,-66.72733,-90.99056,0,False,True,True,237.6563,1.054688
Xyp9x,CounterTerrorist,790.436,2337.868,130.298,M4A4,100,100,-67.18909,-95.78425,0,False,True,True,237.6563,1.054688
Xyp9x,CounterTerrorist,785.7711,2331.092,128.7876,M4A4,100,100,-65.74825,-96.77896,0,False,True,True,237.6563,1.054688
Xyp9x,CounterTerrorist,781.6956,2325.02,128.659,M4A4,100,100,-64.83197,-97.39514,0,False,True,True,237.6563,1.054688
Xyp9x,CounterTerrorist,777.6683,2318.917,128.5374,M4A4,100,100,-64.15907,-97.83972,0,False,True,True,237.6563,1.054688
Xyp9x,CounterTerrorist,774.174,2313.557,128.4352,M4A4,100,100,-63.71772,-98.12772,0,False,True,True,237.6563,1.054688
Xyp9x,CounterTerrorist,769.7111,2306.646,128.308,M4A4,100,100,-63.29879,-98.39849,0,False,True,True,237.6563,1.054688
Xyp9x,CounterTerrorist,765.7621,2300.492,128.1976,M4A4,100,100,-63.12909,-98.50745,0,False,True,True,237.3047,1.054688
Xyp9x,CounterTerrorist,762.3076,2295.106,128.6683,M4A4,100,100,-63.24532,-98.43286,0,False,True,True,236.6016,1.054688
Xyp9x,CounterTerrorist,758.1007,2288.052,129.1879,M4A4,100,100,-50.7146,-105.4373,0,False,True,True,234.8437,1.054688
Xyp9x,CounterTerrorist,755.6934,2281.158,129.5303,M4A4,100,100,-30.10575,-113.0603,0,False,True,True,232.3828,1.054688
Xyp9x,CounterTerrorist,754.4843,2273.822,129.789,M4A4,100,100,-2.857716,-124.0358,0,False,True,True,230.2734,1.40625
Xyp9x,CounterTerrorist,756.2617,2265.617,129.8338,M4A4,100,100,50.14406,-136.6562,0,False,True,True,228.1641,1.40625
Xyp9x,CounterTerrorist,760.7856,2256.685,129.6804,M4A4,100,100,87.79371,-147.5088,0,False,True,True,226.7578,1.757813
Xyp9x,CounterTerrorist,767.2544,2247.133,129.7491,M4A4,100,100,114.3599,-156.7371,0,False,True,True,225.3516,1.757813
Xyp9x,CounterTerrorist,774.0518,2238.342,130.6894,M4A4,100,100,130.9821,-163.6196,0,False,True,True,224.2969,1.757813
Xyp9x,CounterTerrorist,782.7278,2227.865,131.8729,M4A4,100,100,144.1496,-170.608,0,False,True,True,223.2422,1.757813
Xyp9x,CounterTerrorist,791.8417,2217.245,132.5214,M4A4,100,100,141.6589,-163.805,0,False,True,True,222.5391,1.757813
Xyp9x,CounterTerrorist,798.405,2209.566,136.6971,M4A4,100,100,54.13341,-64.75507,0,False,True,True,221.8359,1.757813
Xyp9x,CounterTerrorist,799.5403,2208.131,136.8677,M4A4,100,100,-3.742658,2.704372,0,False,True,True,221.4844,1.757813
Xyp9x,CounterTerrorist,797.6718,2210.208,136.6198,M4A4,100,100,-45.31042,50.51403,0,False,True,True,222.1875,2.109375
Xyp9x,CounterTerrorist,794.2022,2214.054,132.6517,M4A4,100,100,-76.03185,84.04379,0,False,True,True,222.5391,2.109375
Xyp9x,CounterTerrorist,788.4717,2220.368,132.3108,M4A4,100,100,-102.7477,112.8642,0,False,True,True,222.8906,2.109375
Xyp9x,CounterTerrorist,780.3135,2229.228,131.5784,M4A4,100,100,-125.7241,135.1565,0,False,True,True,224.2969,2.109375
Xyp9x,CounterTerrorist,772.9951,2237.016,130.6035,M4A4,100,100,-139.408,147.3738,0,False,True,True,224.6484,2.109375
Xyp9x,CounterTerrorist,762.644,2247.839,129.7332,M4A4,100,100,-152.8702,158.4913,0,False,True,True,225.3516,2.460938
Xyp9x,CounterTerrorist,753.8723,2256.865,130.2165,Knife,100,100,-165.5314,169.5666,0,False,True,True,225,2.460938
Xyp9x,CounterTerrorist,743.2394,2267.903,130.8,Knife,100,100,-170.775,182.5813,0,False,True,True,214.4531,2.8125
Xyp9x,CounterTerrorist,732.2674,2281.597,131.3506,Knife,100,100,-138.3505,207.3882,0,False,True,True,179.2969,3.515625
Xyp9x,CounterTerrorist,724.6976,2295.201,131.6016,Knife,100,100,-112.9145,223.0478,0,False,True,True,143.7891,3.867188
Xyp9x,CounterTerrorist,718.8684,2309.679,131.7404,Knife,100,100,-75.89158,238.2026,0,False,True,True,124.1016,3.515625
Xyp9x,CounterTerrorist,715.5178,2324.925,131.8089,Knife,100,100,-37.56911,247.161,0,False,True,True,121.2891,3.515625
Xyp9x,CounterTerrorist,713.7494,2336.559,131.7379,Knife,100,100,-28.74988,189.1407,0,False,True,True,121.2891,3.515625
Xyp9x,CounterTerrorist,712.1592,2347.351,131.6642,Knife,100,100,-15.3721,129.088,0,False,True,True,121.2891,3.515625
Xyp9x,CounterTerrorist,711.7011,2355.459,131.4937,Knife,100,100,-1.737036,129.9884,0,False,True,True,121.2891,3.515625
Xyp9x,CounterTerrorist,711.8516,2363.58,131.2278,Knife,100,100,-0.415156,129.8369,0,False,True,True,121.2891,3.515625
Xyp9x,CounterTerrorist,711.0687,2371.658,131.109,Knife,100,100,-20.94726,128.3013,0,False,True,True,121.2891,3.515625
Xyp9x,CounterTerrorist,709.7863,2379.677,131.07,Knife,100,100,-14.68909,129.1674,0,False,True,True,125.1563,3.867188
Xyp9x,CounterTerrorist,709.1688,2386.76,130.9551,Knife,100,100,-10.8017,129.5505,0,False,True,True,144.1406,4.570313
Xyp9x,CounterTerrorist,709.1139,2394.879,130.7213,Knife,100,100,1.977389,129.985,0,False,True,True,182.4609,4.570313
Xyp9x,CounterTerrorist,708.7012,2402.978,130.544,Knife,100,100,-16.83859,128.2037,0,False,True,True,226.0547,4.21875
Xyp9x,CounterTerrorist,706.5247,2410.419,130.662,Knife,100,100,-48.94156,109.0947,0,False,True,True,261.2109,2.8125
Xyp9x,CounterTerrorist,702.3016,2417.688,131.1049,M4A4,100,100,-63.33525,98.37502,0,False,True,True,271.4063,1.054688
Xyp9x,CounterTerrorist,698.0674,2423.647,131.5885,M4A4,100,100,-70.70702,93.21758,0,False,True,True,271.4063,1.054688
Xyp9x,CounterTerrorist,694.3586,2429.937,132.0381,M4A4,100,100,-51.1383,105.2325,0,False,True,True,271.4063,1.054688
Xyp9x,CounterTerrorist,691.9932,2435.878,132.4077,M4A4,100,100,-37.85987,110.7051,0,False,True,True,271.4063,1.054688
Xyp9x,CounterTerrorist,690.0372,2442.921,132.7133,M4A4,100,100,-26.76124,113.8984,0,False,True,True,271.4063,1.054688
Xyp9x,CounterTerrorist,688.6482,2450.099,132.9304,M4A4,100,100,-19.17423,115.4181,0,False,True,True,271.7578,1.054688
Xyp9x,CounterTerrorist,687.5145,2458.247,133.1075,M4A4,100,100,-14.04272,116.1542,0,False,True,True,271.4063,1.054688
Xyp9x,CounterTerrorist,686.6039,2465.5,133.2498,M4A4,100,100,-21.07537,115.0862,0,False,True,True,271.4063,1.054688
Xyp9x,CounterTerrorist,684.4606,2472.479,133.5847,M4A4,100,100,-43.29247,108.6957,0,False,True,True,271.4063,1.40625
Xyp9x,CounterTerrorist,681.6589,2478.227,134.0224,M4A4,100,100,-56.49466,102.4566,0,False,True,True,271.7578,1.40625
Xyp9x,CounterTerrorist,677.784,2485.476,134.362,M4A4,100,100,-47.73476,106.8194,0,False,True,True,272.4609,1.757813
Xyp9x,CounterTerrorist,675.5547,2491.471,134.4716,M4A4,100,100,-36.06043,111.3043,0,False,True,True,272.8125,1.757813
Xyp9x,CounterTerrorist,673.4445,2499.419,134.5108,M4A4,100,100,-25.88755,114.1001,0,False,True,True,273.8672,2.109375
Xyp9x,CounterTerrorist,672.1906,2505.694,134.5212,M4A4,100,100,-21.05051,115.0907,0,False,True,True,274.2188,2.460938
Xyp9x,CounterTerrorist,670.563,2512.813,134.5287,M4A4,100,100,-35.85476,111.3707,0,False,True,True,274.2188,2.460938
Xyp9x,CounterTerrorist,667.616,2519.495,134.7125,M4A4,100,100,-54.80344,103.3711,0,False,True,True,274.9219,2.8125
Xyp9x,CounterTerrorist,664.1465,2526.946,134.9252,M4A4,100,100,-42.72799,108.9189,0,False,True,True,275.625,3.164063
Xyp9x,CounterTerrorist,662.091,2533.004,135.0144,M4A4,100,100,-34.14141,111.9078,0,False,True,True,275.9766,3.164063
Xyp9x,CounterTerrorist,660.2113,2540.07,135.0495,M4A4,100,100,-27.32998,113.7632,0,False,True,True,276.3281,3.164063
Xyp9x,CounterTerrorist,658.6642,2547.217,135.067,M4A4,100,100,-23.03636,114.7097,0,False,True,True,276.3281,3.164063
Xyp9x,CounterTerrorist,657.3228,2554.405,135.0568,M4A4,100,100,-20.46772,115.1958,0,False,True,True,277.0313,3.515625
Xyp9x,CounterTerrorist,657.0022,2562.588,134.913,M4A4,100,100,0,116.9979,0,False,True,True,277.3828,3.515625
Xyp9x,CounterTerrorist,657.0022,2569.901,134.8039,M4A4,100,100,0,116.9979,0,False,True,True,277.3828,3.515625
Xyp9x,CounterTerrorist,657.0022,2576.299,139.5338,M4A4,100,100,0,116.9979,0,False,True,True,277.3828,3.515625
Xyp9x,CounterTerrorist,657.0022,2584.526,139.5338,M4A4,100,100,0,116.9979,0,False,True,True,277.3828,3.515625
Xyp9x,CounterTerrorist,657.0022,2591.838,139.5338,M4A4,100,100,0,116.9979,0,False,True,True,277.3828,3.515625
Xyp9x,CounterTerrorist,657.0022,2598.237,139.5338,M4A4,100,100,0,116.9979,0,False,True,True,277.3828,3.515625
Xyp9x,CounterTerrorist,657.0022,2606.463,139.5338,M4A4,100,100,0,116.9979,0,False,True,True,277.3828,3.515625
Xyp9x,CounterTerrorist,656.6773,2613.731,139.6963,M4A4,100,100,-16.4542,114.2746,0,False,True,True,277.3828,3.515625
Xyp9x,CounterTerrorist,654.9857,2619.813,140.5421,M4A4,100,100,-40.87135,109.0788,0,False,True,True,277.7344,3.515625
Xyp9x,CounterTerrorist,651.2374,2627.122,142.4162,M4A4,100,100,-61.60564,99.4673,0,False,True,True,277.7344,3.515625
Xyp9x,CounterTerrorist,646.9584,2633.046,144.5557,M4A4,100,100,-73.1104,91.34477,0,False,True,True,278.4375,3.515625
Xyp9x,CounterTerrorist,642.1035,2638.512,146.9832,M4A4,100,100,-80.78812,84.63024,0,False,True,True,279.4922,3.867188
Xyp9x,CounterTerrorist,636.8602,2643.608,149.6048,M4A4,100,100,-86.05311,79.27081,0,False,True,True,280.5469,3.867188
Xyp9x,CounterTerrorist,631.3318,2648.393,152.369,M4A4,100,100,-90.2585,74.4473,0,False,True,True,283.3594,4.21875
Xyp9x,CounterTerrorist,625.5419,2652.857,155.264,M4A4,100,100,-94.5937,68.85515,0,False,True,True,288.6328,4.570313
Xyp9x,CounterTerrorist,620.2208,2656.408,157.9245,M4A4,100,100,-99.51805,61.52361,0,False,True,True,297.4219,4.921875
Xyp9x,CounterTerrorist,612.9124,2660.167,160.0313,M4A4,100,100,-107.6078,45.93004,0,False,True,True,314.6484,5.976563
Xyp9x,CounterTerrorist,605.9612,2662.413,160.0313,M4A4,100,100,-113.5548,28.18338,0,False,True,True,323.0859,6.328125
Xyp9x,CounterTerrorist,599.7646,2663.995,160.0313,M4A4,100,100,-111.8263,34.40747,0,False,True,True,323.7891,6.328125
Xyp9x,CounterTerrorist,592.931,2666.589,160.0313,M4A4,100,100,-107.4585,46.27818,0,False,True,True,323.7891,6.328125
Xyp9x,CounterTerrorist,585.5419,2670.2,160.0313,M4A4,100,100,-103.3605,54.82347,0,False,True,True,323.7891,6.328125
Xyp9x,CounterTerrorist,579.9645,2673.334,160.0313,M4A4,100,100,-101.0736,58.93332,0,False,True,True,323.7891,6.328125
Xyp9x,CounterTerrorist,572.9415,2677.618,160.0313,M4A4,100,100,-99.04875,62.27634,0,False,True,True,323.7891,6.328125
Xyp9x,CounterTerrorist,566.7974,2681.583,160.0313,M4A4,100,100,-97.78858,64.23699,0,False,True,True,323.7891,6.328125
Xyp9x,CounterTerrorist,561.2491,2684.747,160.0313,M4A4,100,100,-106.1657,49.17151,0,False,True,True,323.7891,6.328125
Xyp9x,CounterTerrorist,553.6088,2686.891,160.0313,M4A4,100,100,-106.9568,10.35081,0,False,True,True,323.7891,6.328125
Xyp9x,CounterTerrorist,547.0897,2686.255,160.0313,M4A4,100,100,-102.4426,-24.57108,0,False,True,True,323.7891,6.328125
Xyp9x,CounterTerrorist,540.809,2683.775,160.0313,M4A4,100,100,-99.11763,-50.29301,0,False,True,True,323.7891,6.328125
Xyp9x,CounterTerrorist,534.7224,2679.948,160.0313,M4A4,100,100,-95.11037,-68.13968,0,False,True,True,323.7891,6.328125
Xyp9x,CounterTerrorist,529.0485,2675.34,160.0313,M4A4,100,100,-87.69164,-77.45433,0,False,True,True,323.7891,6.328125
Xyp9x,CounterTerrorist,524.4141,2670.93,160.0313,M4A4,100,100,-82.72324,-82.73975,0,False,True,True,323.7891,6.328125
Xyp9x,CounterTerrorist,518.6816,2666.408,160.0313,M4A4,100,100,-97.45825,-64.73706,0,False,True,True,323.7891,6.328125
Xyp9x,CounterTerrorist,512.351,2663.857,160.0313,M4A4,100,100,-103.9785,-24.01958,0,False,True,True,323.7891,6.328125
Xyp9x,CounterTerrorist,504.8222,2663.528,164.0313,M4A4,100,100,-109.2846,9.115511,0,False,True,True,323.7891,6.328125
Xyp9x,CounterTerrorist,499.2582,2664.266,164.0313,M4A4,100,100,-91.05967,12.43608,0,False,True,True,323.7891,6.328125
Xyp9x,CounterTerrorist,493.9501,2664.991,164.0313,M4A4,100,100,-64.03876,8.745812,0,False,True,True,323.7891,6.328125
Xyp9x,CounterTerrorist,491.0575,2665.386,164.0313,M4A4,100,100,-44.53233,6.081807,0,False,True,True,323.7891,6.328125
Xyp9x,CounterTerrorist,488.906,2665.68,164.0313,M4A4,100,100,-19.45264,2.656658,0,False,True,True,323.7891,6.328125
Xyp9x,CounterTerrorist,488.4514,2665.742,164.0313,M4A4,100,100,0,0,0,False,True,True,323.7891,6.328125
Xyp9x,CounterTerrorist,488.4514,2665.742,164.0313,Flash,100,100,0,0,0,False,True,True,323.7891,6.328125
Xyp9x,CounterTerrorist,488.4514,2665.742,164.0313,Flash,100,100,0,0,0,False,True,True,323.7891,6.328125
Xyp9x,CounterTerrorist,488.4514,2665.742,164.0313,Smoke,100,100,0,0,0,False,True,True,323.7891,6.328125
Xyp9x,CounterTerrorist,488.4514,2665.742,164.0313,Smoke,100,100,0,0,0,False,True,True,323.7891,6.328125
Xyp9x,CounterTerrorist,488.4514,2665.742,164.0313,Incendiary,100,100,0,0,0,False,True,True,323.7891,6.328125
Xyp9x,CounterTerrorist,488.4514,2665.742,164.0313,Incendiary,100,100,0,0,0,False,True,True,323.7891,6.328125
Xyp9x,CounterTerrorist,488.4514,2665.742,164.0313,Incendiary,100,100,0,0,0,False,True,True,323.0859,6.328125
Xyp9x,CounterTerrorist,488.4514,2665.742,164.0313,Incendiary,100,100,0,0,0,False,True,True,319.9219,6.679688
Xyp9x,CounterTerrorist,488.4514,2665.742,164.0313,Incendiary,100,100,0,0,0,False,True,True,315.7031,7.03125
Xyp9x,CounterTerrorist,488.4514,2665.742,164.0313,Incendiary,100,100,0,0,0,False,True,True,314.6484,7.03125
Xyp9x,CounterTerrorist,488.4514,2665.742,164.0313,Incendiary,100,100,0,0,0,False,True,True,314.6484,7.03125
Xyp9x,CounterTerrorist,488.4514,2665.742,164.0313,M4A4,100,100,0,0,0,False,True,True,314.6484,7.03125
Xyp9x,CounterTerrorist,488.4514,2665.742,164.0313,M4A4,100,100,0,0,0,False,True,True,314.6484,7.03125
Xyp9x,CounterTerrorist,488.4514,2665.742,164.0313,Incendiary,100,100,0,0,0,False,True,True,314.6484,7.03125
Xyp9x,CounterTerrorist,488.4514,2665.742,164.0313,Incendiary,100,100,0,0,0,False,True,True,314.6484,7.03125
Xyp9x,CounterTerrorist,488.4514,2665.742,164.0313,Incendiary,100,100,0,0,0,False,True,True,314.6484,7.03125
Xyp9x,CounterTerrorist,488.4514,2665.742,164.0313,Incendiary,100,100,0,0,0,False,True,True,314.6484,7.03125
Xyp9x,CounterTerrorist,488.4514,2665.742,164.0313,Incendiary,100,100,0,0,0,False,True,True,314.6484,7.03125
Xyp9x,CounterTerrorist,488.4514,2665.742,164.0313,Incendiary,100,100,0,0,0,False,True,True,314.6484,7.03125
Xyp9x,CounterTerrorist,488.4514,2665.742,164.0313,Incendiary,100,100,0,0,0,False,True,True,314.6484,7.03125
Xyp9x,CounterTerrorist,488.4514,2665.742,164.0313,Incendiary,100,100,0,0,0,False,True,True,314.6484,7.03125
Xyp9x,CounterTerrorist,488.4514,2665.742,164.0313,Incendiary,100,100,0,0,0,False,True,True,316.4063,7.03125
Xyp9x,CounterTerrorist,488.4514,2665.742,164.0313,Incendiary,100,100,0,0,0,False,True,True,324.4922,6.328125
Xyp9x,CounterTerrorist,488.4514,2665.742,164.0313,Incendiary,100,100,0,0,0,False,True,True,333.6328,5.625
Xyp9x,CounterTerrorist,488.4514,2665.742,164.0313,Incendiary,100,100,0,0,0,False,True,True,337.1484,5.273438
Xyp9x,CounterTerrorist,488.4514,2665.742,164.0313,Incendiary,100,100,0,0,0,False,True,True,337.5,4.921875
Xyp9x,CounterTerrorist,488.4514,2665.742,164.0313,Incendiary,100,100,0,0,0,False,True,True,337.5,4.921875
Xyp9x,CounterTerrorist,488.4514,2665.742,164.0313,Incendiary,100,100,0,0,0,False,True,True,337.5,4.921875
Xyp9x,CounterTerrorist,488.4514,2665.742,164.0313,Incendiary,100,100,0,0,0,False,True,True,337.5,4.921875
Xyp9x,CounterTerrorist,488.4514,2665.742,164.0313,Incendiary,100,100,0,0,0,False,True,True,337.5,4.921875
Xyp9x,CounterTerrorist,488.4514,2665.742,164.0313,Incendiary,100,100,0,0,0,False,True,True,336.4453,4.921875
Xyp9x,CounterTerrorist,488.4514,2665.742,164.0313,Incendiary,100,100,0,0,0,False,True,True,329.4141,4.21875
Xyp9x,CounterTerrorist,488.5769,2665.898,164.0313,Incendiary,100,100,7.232661,8.858907,0,False,True,True,319.9219,3.164063
Xyp9x,CounterTerrorist,489.4116,2666.834,164.0313,Incendiary,100,100,21.51393,23.06337,0,False,True,True,315,2.109375
Xyp9x,CounterTerrorist,491.6919,2669.116,164.0313,Incendiary,100,100,41.23281,39.89122,0,False,True,True,312.1875,1.054688
Xyp9x,CounterTerrorist,493.7346,2671.079,164.0313,Incendiary,100,100,31.26922,30.05022,0,False,True,True,311.8359,0.703125
Xyp9x,CounterTerrorist,495.2204,2672.507,164.0313,Incendiary,100,100,13.01837,12.51086,0,False,True,True,311.8359,0.3515625
Xyp9x,CounterTerrorist,496.4099,2673.601,164.0313,Incendiary,100,100,28.26515,25.65832,0,False,True,True,311.4844,0.3515625
Xyp9x,CounterTerrorist,499.0682,2675.971,164.0313,Incendiary,100,100,39.44231,34.90582,0,False,True,True,310.4297,0
Xyp9x,CounterTerrorist,500.7645,2677.472,164.0313,Incendiary,100,100,24.69914,21.85835,0,False,True,True,310.4297,0
Xyp9x,CounterTerrorist,501.7607,2678.354,164.0313,Incendiary,100,100,5.743637,5.083027,0,False,True,True,310.4297,0
Xyp9x,CounterTerrorist,501.8011,2678.389,164.0313,Incendiary,100,100,0,0,0,False,True,True,310.4297,0
Xyp9x,CounterTerrorist,501.8011,2678.389,164.0313,Incendiary,100,100,0,0,0,False,True,True,310.4297,0
Xyp9x,CounterTerrorist,501.8011,2678.389,164.0313,Incendiary,100,100,0,0,0,False,True,True,310.4297,0
Xyp9x,CounterTerrorist,501.8011,2678.389,164.0313,Incendiary,100,100,0,0,0,False,True,True,310.4297,0
Xyp9x,CounterTerrorist,501.3427,2677.997,164.0313,Incendiary,100,100,-15.23911,-13.04888,0,False,True,True,310.4297,0
Xyp9x,CounterTerrorist,499.7761,2676.655,164.0313,Incendiary,100,100,-32.7095,-28.00835,0,False,True,True,310.4297,0
Xyp9x,CounterTerrorist,497.6575,2674.841,164.0313,Incendiary,100,100,-24.26198,-20.76921,0,False,True,True,310.4297,0.3515625
Xyp9x,CounterTerrorist,497.6408,2674.827,164.0313,Incendiary,100,100,10.86436,9.317361,0,False,True,True,310.4297,0.3515625
Xyp9x,CounterTerrorist,498.5963,2675.646,164.0313,Incendiary,100,100,11.05413,9.480106,0,False,True,True,310.4297,0.3515625
Xyp9x,CounterTerrorist,498.775,2675.8,164.0313,Incendiary,100,100,0,0,0,False,True,True,310.4297,0.3515625
Xyp9x,CounterTerrorist,498.775,2675.8,164.0313,Incendiary,100,100,0,0,0,False,True,True,310.4297,0.3515625
Xyp9x,CounterTerrorist,498.775,2675.8,164.0313,Incendiary,100,100,0,0,0,False,True,True,310.4297,0.3515625
Xyp9x,CounterTerrorist,498.775,2675.8,164.0313,Incendiary,100,100,0,0,0,False,True,True,310.4297,0.3515625
Xyp9x,CounterTerrorist,498.775,2675.8,164.0313,Incendiary,100,100,0,0,0,False,True,True,310.4297,0.3515625
Xyp9x,CounterTerrorist,498.775,2675.8,164.0313,Incendiary,100,100,0,0,0,False,True,True,310.4297,0.3515625
Xyp9x,CounterTerrorist,498.775,2675.8,164.0313,Incendiary,100,100,0,0,0,False,True,True,310.4297,0.3515625
Xyp9x,CounterTerrorist,498.775,2675.8,164.0313,Incendiary,100,100,0,0,0,False,True,True,310.4297,0.3515625
Xyp9x,CounterTerrorist,498.775,2675.8,164.0313,Incendiary,100,100,0,0,0,False,True,True,310.4297,0.3515625
Xyp9x,CounterTerrorist,499.0129,2676.002,164.0313,Incendiary,100,100,10.90006,9.275578,0,False,True,True,310.4297,0.3515625
Xyp9x,CounterTerrorist,500.2762,2677.077,164.0313,Incendiary,100,100,24.08484,20.49538,0,False,True,True,310.4297,0.3515625
Xyp9x,CounterTerrorist,501.2166,2677.878,164.0313,Incendiary,100,100,4.807446,4.090973,0,False,True,True,310.4297,0.3515625
Xyp9x,CounterTerrorist,500.9994,2677.693,164.0313,Incendiary,100,100,-10.90006,-9.275578,0,False,True,True,310.4297,0.3515625
Xyp9x,CounterTerrorist,499.9244,2676.778,164.0313,Incendiary,100,100,-26.22678,-22.31809,0,False,True,True,310.4297,0.3515625
Xyp9x,CounterTerrorist,498.5287,2675.591,164.0313,Incendiary,100,100,-11.28084,-9.599614,0,False,True,True,310.4297,0.3515625
Xyp9x,CounterTerrorist,498.3435,2675.433,164.0313,Incendiary,100,100,0,0,0,False,True,True,310.4297,0.3515625
Xyp9x,CounterTerrorist,498.3435,2675.433,164.0313,Incendiary,100,100,0,0,0,False,True,True,310.4297,0.3515625
Xyp9x,CounterTerrorist,498.3435,2675.433,164.0313,Incendiary,100,100,0,0,0,False,True,True,310.4297,0.3515625
Xyp9x,CounterTerrorist,498.3435,2675.433,164.0313,Incendiary,100,100,0,0,0,False,True,True,310.0781,0.3515625
Xyp9x,CounterTerrorist,498.4729,2675.28,164.0313,Incendiary,100,100,7.372149,-8.744587,0,False,True,True,310.0781,0.3515625
Xyp9x,CounterTerrorist,499.6427,2673.892,164.0313,Incendiary,100,100,24.05012,-28.52742,0,False,True,True,310.0781,0.3515625
Xyp9x,CounterTerrorist,501.667,2671.49,164.0313,Incendiary,100,100,38.87498,-46.11215,0,False,True,True,310.0781,0.3515625
Xyp9x,CounterTerrorist,504.6165,2667.993,164.0313,Incendiary,100,100,53.5369,-63.44656,0,False,True,True,310.0781,0.3515625
Xyp9x,CounterTerrorist,507.8825,2664.124,164.0313,Incendiary,100,100,63.95949,-75.73804,0,False,True,True,310.0781,0.3515625
Xyp9x,CounterTerrorist,512.7857,2658.32,160.0313,Incendiary,100,100,73.8489,-87.40072,0,False,True,True,310.0781,0.3515625
Xyp9x,CounterTerrorist,517.0078,2653.324,160.0313,Incendiary,100,100,79.50332,-94.06902,0,False,True,True,310.0781,0.3515625
Xyp9x,CounterTerrorist,521.013,2646.342,160.0313,Incendiary,100,100,32.98764,-99.79617,0,False,True,True,310.7813,0.3515625
Xyp9x,CounterTerrorist,521.6598,2640.095,160.0313,Incendiary,100,100,-5.345526,-100.2913,0,False,True,True,313.2422,1.40625
Xyp9x,CounterTerrorist,520.5897,2634.559,160.0313,Incendiary,100,100,-29.07366,-102.1066,0,False,True,True,316.7578,2.460938
Xyp9x,CounterTerrorist,517.704,2627.233,160.0313,Incendiary,100,100,-49.05468,-106.1269,0,False,True,True,322.0313,3.515625
Xyp9x,CounterTerrorist,513.8901,2621.016,160.0313,Incendiary,100,100,-72.14777,-90.3762,0,False,True,True,325.1953,4.21875
Xyp9x,CounterTerrorist,508.6424,2615.944,160.0313,Incendiary,100,100,-92.16445,-75.11184,0,False,True,True,329.0625,4.570313
Xyp9x,CounterTerrorist,502.3681,2611.557,160.0313,Incendiary,100,100,-105.9523,-67.39474,0,False,True,True,335.0391,4.921875
Xyp9x,CounterTerrorist,496.4014,2607.977,160.0313,Incendiary,100,100,-110.02,-64.2367,0,False,True,True,341.7188,4.921875
Xyp9x,CounterTerrorist,488.6435,2603.498,160.0313,Incendiary,100,100,-110.4067,-63.56986,0,False,True,True,345.2344,4.921875
Xyp9x,CounterTerrorist,483.0358,2600.251,160.0313,M4A4,100,100,-101.0873,-58.90965,0,False,True,True,346.6406,4.921875
Xyp9x,CounterTerrorist,475.5925,2596.813,160.0313,M4A4,100,100,-111.0558,-36.81871,0,False,True,True,346.6406,4.921875
Xyp9x,CounterTerrorist,469.3643,2595.374,160.0313,M4A4,100,100,-115.4251,-19.13237,0,False,True,True,346.6406,4.921875
Xyp9x,CounterTerrorist,461.8668,2594.489,160.0313,M4A4,100,100,-92.44761,-10.33034,0,False,True,True,346.9922,4.921875
Xyp9x,CounterTerrorist,457.5154,2594.002,160.0313,M4A4,100,100,-70.70704,-7.90099,0,False,True,True,346.9922,4.921875
Xyp9x,CounterTerrorist,453.5265,2593.556,160.0313,M4A4,100,100,-45.55109,-5.090001,0,False,True,True,346.9922,4.921875
Xyp9x,CounterTerrorist,451.4957,2593.451,160.0313,M4A4,100,100,-20.63084,7.88137,0,False,True,True,346.9922,4.921875
Xyp9x,CounterTerrorist,451.0389,2594.67,160.0313,M4A4,100,100,-1.912461,31.09846,0,False,True,True,346.9922,4.921875
Xyp9x,CounterTerrorist,451.2699,2597.381,160.0313,M4A4,100,100,7.557158,52.90761,0,False,True,True,345.5859,4.570313
Xyp9x,CounterTerrorist,452.2007,2602.043,160.0313,M4A4,100,100,18.16523,76.82906,0,False,True,True,339.9609,4.21875
Xyp9x,CounterTerrorist,453.9475,2607.218,160.0313,M4A4,100,100,40.44717,81.18587,0,False,True,True,334.6875,4.21875
Xyp9x,CounterTerrorist,457.4803,2611.957,164.0313,M4A4,100,100,67.92252,71.71617,0,False,True,True,331.1719,4.21875
Xyp9x,CounterTerrorist,462.367,2616.285,160.0313,M4A4,100,100,81.21628,73.01836,0,False,True,True,328.7109,3.867188
Xyp9x,CounterTerrorist,467.4218,2621.36,160.0313,M4A4,100,100,79.72318,85.63418,0,False,True,True,326.6016,3.867188
Xyp9x,CounterTerrorist,472.2517,2626.85,164.0313,M4A4,100,100,75.79655,89.12846,0,False,True,True,324.8438,3.867188
Xyp9x,CounterTerrorist,476.3378,2631.774,164.0313,M4A4,100,100,74.05836,90.57791,0,False,True,True,323.7891,3.867188
Xyp9x,CounterTerrorist,480.9281,2637.466,164.0313,M4A4,100,100,73.10256,91.35105,0,False,True,True,322.3828,3.867188
Xyp9x,CounterTerrorist,485.489,2643.181,164.0313,M4A4,100,100,72.9785,91.45019,0,False,True,True,320.9766,3.867188
Xyp9x,CounterTerrorist,490.49,2649.417,164.0313,M4A4,100,100,60.75255,75.91833,0,False,True,True,319.2188,3.515625
Xyp9x,CounterTerrorist,492.6879,2652.273,164.0313,M4A4,100,100,15.89799,22.92698,0,False,True,True,317.8125,3.515625
Xyp9x,CounterTerrorist,492.511,2652.182,164.0313,M4A4,100,100,-11.52017,-12.44158,0,False,True,True,317.1094,3.515625
Xyp9x,CounterTerrorist,491.233,2650.819,164.0313,M4A4,100,100,-27.4912,-28.9928,0,False,True,True,315.7031,3.164063
Xyp9x,CounterTerrorist,490.5785,2650.11,164.0313,M4A4,100,100,4.180861,3.855912,0,False,True,True,312.5391,3.164063
Xyp9x,CounterTerrorist,491.4567,2650.874,164.0313,M4A4,100,100,21.82506,18.61361,0,False,True,True,309.7266,2.8125
Xyp9x,CounterTerrorist,493.4991,2652.404,164.0313,M4A4,100,100,43.00015,23.06385,0,False,True,True,309.7266,2.8125
Xyp9x,CounterTerrorist,497.5934,2653.501,164.0313,M4A4,100,100,69.99551,10.87441,0,False,True,True,309.7266,2.8125
Xyp9x,CounterTerrorist,502.0288,2653.909,160.0313,M4A4,100,100,88.86024,5.139468,0,False,True,True,309.7266,2.8125
Xyp9x,CounterTerrorist,509.02,2654.048,160.0313,M4A4,100,100,106.9589,-0.3583398,0,False,True,True,309.375,2.8125
Xyp9x,CounterTerrorist,516.1136,2653.865,160.0313,M4A4,100,100,116.8975,-4.895535,0,False,True,True,307.2656,2.8125
Xyp9x,CounterTerrorist,523.4115,2653.411,160.0313,M4A4,100,100,116.6391,-9.182622,0,False,True,True,304.4531,3.164063
Xyp9x,CounterTerrorist,530.6868,2652.679,160.0313,M4A4,100,100,116.1999,-13.65987,0,False,True,True,302.3438,3.164063
Xyp9x,CounterTerrorist,537.9604,2651.985,160.0313,M4A4,100,100,116.9766,-2.341345,0,False,True,True,300.9375,3.164063
Xyp9x,CounterTerrorist,545.2388,2652.594,160.0313,M4A4,100,100,115.6179,17.93031,0,False,True,True,299.8828,3.164063
Xyp9x,CounterTerrorist,551.4877,2653.958,160.0313,M4A4,100,100,113.2256,29.47798,0,False,True,True,298.125,3.164063
Xyp9x,CounterTerrorist,559.3405,2656.404,160.0313,M4A4,100,100,110.5982,38.17102,0,False,True,True,296.3672,3.164063
Xyp9x,CounterTerrorist,566.4815,2657.919,160.0313,M4A4,100,100,116.1269,14.26668,0,False,True,True,294.9609,3.164063
Xyp9x,CounterTerrorist,573.7835,2658.146,160.0313,M4A4,100,100,116.9366,-3.850216,0,False,True,True,293.5547,3.164063
Xyp9x,CounterTerrorist,580.1511,2657.547,160.0313,M4A4,100,100,115.9213,-15.85054,0,False,True,True,292.1484,3.515625
Xyp9x,CounterTerrorist,588.2185,2655.953,160.0313,M4A4,100,100,113.7024,-27.58173,0,False,True,True,290.0391,3.515625
Xyp9x,CounterTerrorist,595.2476,2653.942,160.0313,M4A4,100,100,111.4966,-35.46135,0,False,True,True,288.2813,3.515625
Xyp9x,CounterTerrorist,602.4134,2652.539,160.0313,M4A4,100,100,116.2208,-13.48071,0,False,True,True,286.5234,3.515625
Xyp9x,CounterTerrorist,608.8015,2652.234,160.0313,M4A4,100,100,116.9994,-0.3769187,0,False,True,True,285.1172,3.515625
Xyp9x,CounterTerrorist,617.015,2652.648,159.5274,M4A4,100,100,116.5713,10.00608,0,False,True,True,283.3594,3.515625
Xyp9x,CounterTerrorist,624.3128,2652.892,155.8785,M4A4,100,100,116.831,-6.286254,0,False,True,True,281.9531,3.515625
Xyp9x,CounterTerrorist,630.6389,2651.972,152.7155,M4A4,100,100,114.5109,-24.00543,0,False,True,True,280.5469,3.515625
Xyp9x,CounterTerrorist,637.8455,2650.761,149.1122,M4A4,100,100,116.2453,-13.26782,0,False,True,True,278.7891,3.164063
Xyp9x,CounterTerrorist,645.1413,2650.297,145.4643,M4A4,100,100,116.9459,-3.557941,0,False,True,True,277.7344,3.164063
Xyp9x,CounterTerrorist,653.367,2650.31,141.3514,M4A4,100,100,116.9733,2.498401,0,False,True,True,276.3281,2.8125
Xyp9x,CounterTerrorist,658.4386,2650.34,138.8156,M4A4,100,100,38.03888,-2.517394,0,False,True,True,275.2734,2.8125
Xyp9x,CounterTerrorist,658.1069,2650.178,138.9815,M4A4,100,100,-30.79272,-3.235667,0,False,True,True,274.9219,2.8125
Xyp9x,CounterTerrorist,653.4849,2649.745,141.2925,M4A4,100,100,-93.20818,-8.509814,0,False,True,True,274.9219,2.8125
Xyp9x,CounterTerrorist,646.4092,2649.106,144.8303,M4A4,100,100,-116.529,-10.4876,0,False,True,True,275.2734,2.8125
Xyp9x,CounterTerrorist,639.1279,2648.433,148.471,M4A4,100,100,-116.4473,-11.35884,0,False,True,True,278.7891,3.164063
Xyp9x,CounterTerrorist,632.7766,2647.664,151.6467,M4A4,100,100,-115.7215,-17.24895,0,False,True,True,291.7969,4.21875
Xyp9x,CounterTerrorist,625.6646,2646.001,155.2027,M4A4,100,100,-111.3893,-35.79701,0,False,True,True,320.9766,5.273438
Xyp9x,CounterTerrorist,618.364,2642.323,158.8529,M4A4,100,100,-95.53414,-65.6002,0,False,True,True,347.3438,4.921875
Xyp9x,CounterTerrorist,613.1214,2638.655,160.0313,M4A4,100,100,-95.23328,-67.9678,0,False,True,True,354.7266,3.867188
Xyp9x,CounterTerrorist,606.4912,2633.785,160.0313,M4A4,100,100,-93.63416,-70.15443,0,False,True,True,354.7266,3.867188
Xyp9x,CounterTerrorist,600.6762,2629.351,160.0313,M4A4,100,100,-92.62206,-71.48532,0,False,True,True,354.7266,3.867188
Xyp9x,CounterTerrorist,594.3501,2625.72,160.0313,M4A4,100,100,-106.5407,-48.35368,0,False,True,True,354.7266,3.867188
Xyp9x,CounterTerrorist,588.3199,2623.597,160.0313,M4A4,100,100,-112.4608,-32.27344,0,False,True,True,354.7266,3.867188
Xyp9x,CounterTerrorist,580.2668,2621.943,160.0313,M4A4,100,100,-115.6996,-17.39543,0,False,True,True,355.0781,3.867188
Xyp9x,CounterTerrorist,573.9257,2621.098,160.0313,M4A4,100,100,-115.2796,-19.99026,0,False,True,True,355.0781,3.867188
Xyp9x,CounterTerrorist,566.887,2619.145,160.0313,M4A4,100,100,-110.3475,-38.88994,0,False,True,True,355.0781,3.867188
Xyp9x,CounterTerrorist,559.8846,2617.061,160.0313,M4A4,100,100,-113.9519,-26.5325,0,False,True,True,355.0781,3.867188
Xyp9x,CounterTerrorist,551.7702,2615.732,160.0313,M4A4,100,100,-116.2096,-13.57644,0,False,True,True,355.0781,3.867188
Xyp9x,CounterTerrorist,544.4806,2615.17,160.0313,M4A4,100,100,-116.8527,-5.869666,0,False,True,True,355.0781,3.867188
Xyp9x,CounterTerrorist,537.1709,2614.986,160.0313,M4A4,100,100,-116.9957,-1.000407,0,False,True,True,355.0781,3.867188
Xyp9x,CounterTerrorist,529.8588,2615.041,160.0313,M4A4,100,100,-116.9795,2.188846,0,False,True,True,355.0781,3.867188
Xyp9x,CounterTerrorist,523.463,2615.225,160.0313,M4A4,100,100,-116.9259,4.163858,0,False,True,True,355.0781,3.867188
Xyp9x,CounterTerrorist,515.2447,2615.593,160.0313,M4A4,100,100,-116.8472,5.978034,0,False,True,True,355.0781,3.867188
Xyp9x,CounterTerrorist,508.8321,2615.929,160.0313,M4A4,100,100,-89.41118,4.699795,0,False,True,True,355.0781,3.867188
Xyp9x,CounterTerrorist,504.1138,2616.177,160.0313,M4A4,100,100,-65.43178,3.439346,0,False,True,True,355.0781,3.867188
Xyp9x,CounterTerrorist,499.0792,2616.442,160.0313,M4A4,100,100,-23.30242,1.224865,0,False,True,True,355.0781,3.867188
Xyp9x,CounterTerrorist,498.4193,2616.477,160.0313,M4A4,100,100,0,0,0,False,True,True,355.0781,3.867188
Xyp9x,CounterTerrorist,498.4193,2616.477,160.0313,M4A4,100,100,0,0,0,False,True,True,355.0781,3.867188
Xyp9x,CounterTerrorist,498.4193,2616.477,160.0313,M4A4,100,100,0,0,0,False,True,True,355.0781,3.867188
Xyp9x,CounterTerrorist,498.4193,2616.477,160.0313,M4A4,100,100,0,0,0,False,True,True,355.0781,3.867188
Xyp9x,CounterTerrorist,498.4193,2616.477,160.0313,M4A4,100,100,0,0,0,False,True,True,355.0781,3.867188
Xyp9x,CounterTerrorist,498.4193,2616.477,160.0313,M4A4,100,100,0,0,0,False,True,True,355.0781,3.867188
Xyp9x,CounterTerrorist,498.4193,2616.477,160.0313,M4A4,100,100,0,0,0,False,True,True,355.0781,3.867188
Xyp9x,CounterTerrorist,498.4193,2616.477,160.0313,M4A4,100,100,0,0,0,False,True,True,355.0781,3.867188
Xyp9x,CounterTerrorist,498.4193,2616.477,160.0313,M4A4,100,100,0,0,0,False,True,True,355.0781,3.867188
Xyp9x,CounterTerrorist,498.4193,2616.477,160.0313,M4A4,100,100,0,0,0,False,True,True,355.0781,3.867188
Xyp9x,CounterTerrorist,498.4193,2616.477,160.0313,M4A4,100,100,0,0,0,False,True,True,355.0781,3.867188
Xyp9x,CounterTerrorist,498.4193,2616.477,160.0313,M4A4,100,100,0,0,0,False,True,True,355.0781,3.867188
Xyp9x,CounterTerrorist,498.4193,2616.477,160.0313,M4A4,100,100,0,0,0,False,True,True,355.4297,4.21875
Xyp9x,CounterTerrorist,498.4193,2616.477,160.0313,M4A4,100,100,0,0,0,False,True,True,355.4297,4.21875
Xyp9x,CounterTerrorist,498.4193,2616.477,160.0313,M4A4,100,100,0,0,0,False,True,True,355.4297,4.21875
Xyp9x,CounterTerrorist,498.4193,2616.477,160.0313,M4A4,100,100,0,0,0,False,True,True,355.4297,4.21875
Xyp9x,CounterTerrorist,498.4193,2616.477,160.0313,M4A4,100,100,0,0,0,False,True,True,355.4297,4.21875
Xyp9x,CounterTerrorist,498.4193,2616.477,160.0313,M4A4,100,100,0,0,0,False,True,True,355.4297,4.21875
Xyp9x,CounterTerrorist,498.4193,2616.477,160.0313,M4A4,100,100,0,0,0,False,True,True,355.4297,4.21875
Xyp9x,CounterTerrorist,498.4193,2616.477,160.0313,M4A4,100,100,0,0,0,False,True,True,355.4297,4.21875
Xyp9x,CounterTerrorist,498.4193,2616.477,160.0313,M4A4,100,100,0,0,0,False,True,True,355.4297,4.21875
Xyp9x,CounterTerrorist,498.4193,2616.477,160.0313,M4A4,100,100,0,0,0,False,True,True,355.4297,4.21875
Xyp9x,CounterTerrorist,498.4193,2616.477,160.0313,M4A4,100,100,0,0,0,False,True,True,355.4297,4.21875
Xyp9x,CounterTerrorist,498.4193,2616.477,160.0313,M4A4,100,100,0,0,0,False,True,True,355.4297,4.21875
Xyp9x,CounterTerrorist,498.4193,2616.477,160.0313,M4A4,100,100,0,0,0,False,True,True,355.4297,4.21875
Xyp9x,CounterTerrorist,498.4193,2616.477,160.0313,M4A4,100,100,0,0,0,False,True,True,355.4297,4.21875
Xyp9x,CounterTerrorist,498.4193,2616.477,160.0313,M4A4,100,100,0,0,0,False,True,True,355.4297,4.21875
Xyp9x,CounterTerrorist,498.4193,2616.477,160.0313,M4A4,100,100,0,0,0,False,True,True,355.4297,4.21875
Xyp9x,CounterTerrorist,498.4193,2616.477,160.0313,M4A4,100,100,0,0,0,False,True,True,355.4297,4.21875
Xyp9x,CounterTerrorist,498.4193,2616.477,160.0313,M4A4,100,100,0,0,0,False,True,True,355.4297,4.21875
Xyp9x,CounterTerrorist,498.4193,2616.477,160.0313,M4A4,100,100,0,0,0,False,True,True,355.4297,4.21875
Xyp9x,CounterTerrorist,498.4193,2616.477,160.0313,M4A4,100,100,0,0,0,False,True,True,355.4297,4.21875
Xyp9x,CounterTerrorist,498.4193,2616.477,160.0313,M4A4,100,100,0,0,0,False,True,True,355.4297,4.21875
Xyp9x,CounterTerrorist,498.4193,2616.477,160.0313,M4A4,100,100,0,0,0,False,True,True,355.4297,4.21875
Xyp9x,CounterTerrorist,498.4193,2616.477,160.0313,M4A4,100,100,0,0,0,False,True,True,355.4297,4.21875
Xyp9x,CounterTerrorist,498.4193,2616.477,160.0313,M4A4,100,100,0,0,0,False,True,True,355.4297,4.21875
Xyp9x,CounterTerrorist,498.4193,2616.477,160.0313,M4A4,100,100,0,0,0,False,True,True,355.4297,4.21875
Xyp9x,CounterTerrorist,498.4193,2616.477,160.0313,M4A4,100,100,0,0,0,False,True,True,355.4297,4.21875
Xyp9x,CounterTerrorist,498.4193,2616.477,160.0313,M4A4,100,100,0,0,0,False,True,True,355.4297,4.21875
Xyp9x,CounterTerrorist,498.4193,2616.477,160.0313,M4A4,100,100,0,0,0,False,True,True,355.4297,4.21875
Xyp9x,CounterTerrorist,498.4193,2616.477,160.0313,M4A4,100,100,0,0,0,False,True,True,355.4297,4.21875
Xyp9x,CounterTerrorist,498.4193,2616.477,160.0313,M4A4,100,100,0,0,0,False,True,True,355.4297,4.21875
Xyp9x,CounterTerrorist,498.4193,2616.477,160.0313,M4A4,100,100,0,0,0,False,True,True,355.4297,4.21875
Xyp9x,CounterTerrorist,498.4193,2616.477,160.0313,M4A4,100,100,0,0,0,False,True,True,355.4297,4.21875
Xyp9x,CounterTerrorist,498.4193,2616.477,160.0313,M4A4,100,100,0,0,0,False,True,True,355.4297,4.21875
Xyp9x,CounterTerrorist,498.4193,2616.477,160.0313,M4A4,100,100,0,0,0,False,True,True,355.0781,4.21875
Xyp9x,CounterTerrorist,498.4193,2616.477,160.0313,M4A4,100,100,0,0,0,False,True,True,353.6719,4.570313
Xyp9x,CounterTerrorist,499.6927,2616.301,160.0313,M4A4,100,100,44.5385,-6.412047,0,False,True,True,351.2109,5.273438
Xyp9x,CounterTerrorist,503.0205,2616.962,160.0313,M4A4,100,100,68.26999,20.81605,0,False,True,True,348.0469,5.625
Xyp9x,CounterTerrorist,507.872,2618.821,160.0313,M4A4,100,100,84.56306,35.58941,0,False,True,True,343.4766,5.976563
Xyp9x,CounterTerrorist,513.659,2621.34,160.0313,M4A4,100,100,98.58539,42.84031,0,False,True,True,336.4453,6.679688
Xyp9x,CounterTerrorist,520.2516,2624.023,160.0313,M4A4,100,100,109.452,41.34325,0,False,True,True,325.5469,7.03125
Xyp9x,CounterTerrorist,528.1115,2626.433,160.0313,M4A4,100,100,113.7008,27.58852,0,False,True,True,310.0781,7.03125
Xyp9x,CounterTerrorist,535.3251,2627.594,160.0313,M4A4,100,100,116.4502,11.32956,0,False,True,True,300.2344,6.679688
Xyp9x,CounterTerrorist,541.717,2627.814,160.0313,M4A4,100,100,116.9966,-0.8944831,0,False,True,True,299.8828,6.679688
Xyp9x,CounterTerrorist,549.0242,2627.588,160.0313,M4A4,100,100,116.9901,1.524263,0,False,True,True,299.8828,6.679688
Xyp9x,CounterTerrorist,556.2863,2628.379,160.0313,M4A4,100,100,115.2292,20.27901,0,False,True,True,299.8828,6.679688
Xyp9x,CounterTerrorist,563.3854,2630.118,160.0313,M4A4,100,100,112.2665,32.94277,0,False,True,True,299.8828,6.679688
Xyp9x,CounterTerrorist,571.178,2632.751,160.0313,M4A4,100,100,111.3872,35.8035,0,False,True,True,299.5313,6.679688
Xyp9x,CounterTerrorist,577.4268,2634.094,160.0313,M4A4,100,100,115.7958,16.74317,0,False,True,True,298.4766,6.328125
Xyp9x,CounterTerrorist,584.7208,2634.515,160.0313,M4A4,100,100,116.9993,-0.4123964,0,False,True,True,296.0156,6.328125
Xyp9x,CounterTerrorist,592.9183,2633.89,160.0313,M4A4,100,100,116.0248,-15.07442,0,False,True,True,293.2031,5.976563
Xyp9x,CounterTerrorist,600.1931,2633.225,160.0313,M4A4,100,100,116.9751,-2.414682,0,False,True,True,291.0938,5.976563
Xyp9x,CounterTerrorist,607.4927,2633.589,160.0313,M4A4,100,100,116.4645,11.18061,0,False,True,True,288.6328,5.625
Xyp9x,CounterTerrorist,613.8335,2634.439,160.0313,M4A4,100,100,115.5628,18.28204,0,False,True,True,286.875,5.273438
Xyp9x,CounterTerrorist,621.0308,2635.731,157.5195,M4A4,100,100,114.9141,21.99428,0,False,True,True,284.4141,4.570313
Xyp9x,CounterTerrorist,628.2039,2637.152,153.933,M4A4,100,100,114.7149,23.01066,0,False,True,True,281.6016,3.867188
Xyp9x,CounterTerrorist,635.3772,2638.572,150.3463,M4A4,100,100,114.8599,22.27535,0,False,True,True,278.7891,3.515625
Xyp9x,CounterTerrorist,642.5664,2639.909,146.7517,M4A4,100,100,115.1601,20.66775,0,False,True,True,277.3828,2.8125
Xyp9x,CounterTerrorist,648.163,2640.981,143.9534,M4A4,100,100,31.87889,8.581774,0,False,True,True,276.6797,2.460938
Xyp9x,CounterTerrorist,647.6174,2641.03,144.2262,M4A4,100,100,-33.21289,-3.176412,0,False,True,True,276.6797,2.460938
Xyp9x,CounterTerrorist,642.8375,2640.507,146.6162,M4A4,100,100,-95.19834,-10.7232,0,False,True,True,276.6797,2.460938
Xyp9x,CounterTerrorist,636.5099,2639.785,149.78,M4A4,100,100,-116.2386,-13.32584,0,False,True,True,276.6797,2.460938
Xyp9x,CounterTerrorist,628.3395,2638.825,153.8652,M4A4,100,100,-116.1438,-14.12849,0,False,True,True,278.7891,2.8125
Xyp9x,CounterTerrorist,621.9954,2637.993,157.0372,M4A4,100,100,-115.8704,-16.21898,0,False,True,True,282.3047,3.164063
Xyp9x,CounterTerrorist,614.7769,2636.829,160.0313,M4A4,100,100,-115.1142,-20.92167,0,False,True,True,287.9297,3.515625
Xyp9x,CounterTerrorist,606.7432,2635.065,160.0313,M4A4,100,100,-113.4673,-28.53355,0,False,True,True,292.8516,3.515625
Xyp9x,CounterTerrorist,599.7153,2633.048,160.0313,M4A4,100,100,-111.6347,-35.02408,0,False,True,True,295.3125,3.164063
Xyp9x,CounterTerrorist,592.5397,2631.701,160.0313,M4A4,100,100,-116.3615,-12.20663,0,False,True,True,296.3672,3.164063
Xyp9x,CounterTerrorist,585.2346,2631.52,160.0313,M4A4,100,100,-116.9506,3.399406,0,False,True,True,297.4219,3.164063
Xyp9x,CounterTerrorist,577.9477,2632.106,160.0313,M4A4,100,100,-116.2354,13.3543,0,False,True,True,298.4766,3.164063
Xyp9x,CounterTerrorist,571.0153,2633.902,160.0313,M4A4,100,100,-106.1326,42.0755,0,False,True,True,299.1797,3.164063
Xyp9x,CounterTerrorist,564.7003,2637.403,160.0313,M4A4,100,100,-96.97565,65.45779,0,False,True,True,299.1797,3.164063
Xyp9x,CounterTerrorist,559.4575,2641.111,160.0313,M4A4,100,100,-73.1002,51.69923,0,False,True,True,299.1797,3.164063
Xyp9x,CounterTerrorist,556.0181,2643.543,160.0313,M4A4,100,100,-55.79154,39.4579,0,False,True,True,299.1797,3.164063
Xyp9x,CounterTerrorist,553.1769,2645.553,160.0313,M4A4,100,100,-37.42152,26.46592,0,False,True,True,299.1797,3.164063
Xyp9x,CounterTerrorist,551.4839,2646.75,160.0313,M4A4,100,100,-19.05148,13.47393,0,False,True,True,299.1797,3.164063
Xyp9x,CounterTerrorist,550.9443,2647.132,160.0313,M4A4,100,100,0,0,0,False,True,True,299.1797,3.164063
Xyp9x,CounterTerrorist,550.9443,2647.132,160.0313,M4A4,100,100,0,0,0,False,True,True,299.8828,3.164063
Xyp9x,CounterTerrorist,550.9443,2647.132,160.0313,M4A4,100,100,0,0,0,False,True,True,300.2344,3.164063
Xyp9x,CounterTerrorist,550.9443,2647.132,160.0313,M4A4,100,100,0,0,0,False,True,True,300.2344,3.164063
Xyp9x,CounterTerrorist,550.9443,2647.132,160.0313,M4A4,100,100,0,0,0,False,True,True,300.2344,3.164063
Xyp9x,CounterTerrorist,550.9443,2647.132,160.0313,M4A4,100,100,0,0,0,False,True,True,300.2344,3.164063
Xyp9x,CounterTerrorist,550.9443,2647.132,160.0313,M4A4,100,100,0,0,0,False,True,True,300.2344,3.164063
Xyp9x,CounterTerrorist,550.9443,2647.132,160.0313,M4A4,100,100,0,0,0,False,True,True,300.2344,3.164063
Xyp9x,CounterTerrorist,550.9443,2647.132,160.0313,M4A4,100,100,0,0,0,False,True,True,300.2344,3.164063
Xyp9x,CounterTerrorist,550.9443,2647.132,160.0313,M4A4,100,100,0,0,0,False,True,True,300.2344,3.164063
Xyp9x,CounterTerrorist,550.9443,2647.132,160.0313,M4A4,100,100,0,0,0,False,True,True,300.2344,3.164063
Xyp9x,CounterTerrorist,550.9443,2647.132,160.0313,M4A4,100,100,0,0,0,False,True,True,300.2344,3.164063
Xyp9x,CounterTerrorist,550.9443,2647.132,160.0313,M4A4,100,100,0,0,0,False,True,True,300.2344,3.164063
Xyp9x,CounterTerrorist,550.9443,2647.132,160.0313,M4A4,100,100,0,0,0,False,True,True,300.2344,3.164063
Xyp9x,CounterTerrorist,550.9443,2647.132,160.0313,M4A4,100,100,0,0,0,False,True,True,300.2344,3.164063
Xyp9x,CounterTerrorist,550.9443,2647.132,160.0313,M4A4,100,100,0,0,0,False,True,True,300.2344,3.164063
Xyp9x,CounterTerrorist,550.9443,2647.132,160.0313,M4A4,100,100,0,0,0,False,True,True,300.2344,3.164063
Xyp9x,CounterTerrorist,550.9443,2647.132,160.0313,M4A4,100,100,0,0,0,False,True,True,300.2344,3.164063
Xyp9x,CounterTerrorist,550.9443,2647.132,160.0313,M4A4,100,100,0,0,0,False,True,True,300.2344,3.164063
Xyp9x,CounterTerrorist,550.9443,2647.132,160.0313,M4A4,100,100,0,0,0,False,True,True,300.5859,3.515625
Xyp9x,CounterTerrorist,550.9443,2647.132,160.0313,M4A4,100,100,0,0,0,False,True,True,301.6406,3.867188
Xyp9x,CounterTerrorist,550.9443,2647.132,160.0313,M4A4,100,100,0,0,0,False,True,True,301.6406,3.867188
Xyp9x,CounterTerrorist,552.0624,2645.329,160.0313,M4A4,100,100,28.94639,-46.65621,0,False,True,True,301.6406,3.867188
Xyp9x,CounterTerrorist,554.2987,2641.727,160.0313,M4A4,100,100,41.11274,-66.17355,0,False,True,True,301.9922,4.21875
Xyp9x,CounterTerrorist,556.8457,2637.632,160.0313,M4A4,100,100,50.32148,-80.83721,0,False,True,True,301.9922,4.21875
Xyp9x,CounterTerrorist,559.8167,2632.861,160.0313,M4A4,100,100,41.76626,-67.06766,0,False,True,True,301.9922,4.21875
Xyp9x,CounterTerrorist,563.2529,2630.107,160.0313,M4A4,100,100,63.97905,-27.75998,0,False,True,True,301.9922,4.21875
Xyp9x,CounterTerrorist,567.8488,2629.427,160.0313,M4A4,100,100,80.5432,0.813634,0,False,True,True,301.6406,4.21875
Xyp9x,CounterTerrorist,573.36,2630.227,160.0313,M4A4,100,100,93.61916,21.09965,0,False,True,True,300.2344,4.21875
Xyp9x,CounterTerrorist,580.4029,2632.348,160.0313,M4A4,100,100,104.9719,36.3686,0,False,True,True,298.125,4.21875
Xyp9x,CounterTerrorist,587.1762,2634.9,160.0313,M4A4,100,100,108.8846,42.81517,0,False,True,True,295.6641,4.21875
Xyp9x,CounterTerrorist,593.9601,2637.629,160.0313,M4A4,100,100,108.3983,44.03189,0,False,True,True,292.8516,4.21875
Xyp9x,CounterTerrorist,599.89,2640.033,160.0313,M4A4,100,100,108.511,43.7533,0,False,True,True,290.7422,4.21875
Xyp9x,CounterTerrorist,607.5411,2643.055,160.0313,M4A4,100,100,109.1284,42.18981,0,False,True,True,287.9297,4.21875
Xyp9x,CounterTerrorist,614.3917,2645.613,160.0313,M4A4,100,100,110.032,39.77377,0,False,True,True,285.4688,4.21875
Xyp9x,CounterTerrorist,621.3078,2647.987,157.381,M4A4,100,100,111.1601,36.50258,0,False,True,True,283.0078,3.867188
Xyp9x,CounterTerrorist,628.2946,2650.144,153.8876,M4A4,100,100,112.2501,32.99863,0,False,True,True,281.25,3.867188
Xyp9x,CounterTerrorist,634.4582,2651.861,150.8058,M4A4,100,100,113.0202,30.25623,0,False,True,True,280.5469,3.515625
Xyp9x,CounterTerrorist,641.5475,2653.653,147.2612,M4A4,100,100,113.7293,27.47078,0,False,True,True,279.4922,3.164063
Xyp9x,CounterTerrorist,648.6772,2655.277,143.6963,M4A4,100,100,114.3257,24.8725,0,False,True,True,278.4375,3.164063
Xyp9x,CounterTerrorist,656.7407,2656.906,139.6646,M4A4,100,100,114.972,21.6897,0,False,True,True,275.9766,2.8125
Xyp9x,CounterTerrorist,663.0447,2658,136.5126,M4A4,100,100,115.4914,18.72818,0,False,True,True,274.2188,2.460938
Xyp9x,CounterTerrorist,670.2811,2659.052,132.8944,M4A4,100,100,115.9829,15.39349,0,False,True,True,272.8125,2.109375
Xyp9x,CounterTerrorist,678.4515,2660.009,131.2773,M4A4,100,100,116.3506,12.30956,0,False,True,True,272.4609,2.109375
Xyp9x,CounterTerrorist,683.0732,2660.556,130.9163,M4A4,100,100,48.99067,7.92683,0,False,True,True,272.1094,1.757813
Xyp9x,CounterTerrorist,682.6853,2660.69,130.9466,M4A4,100,100,-37.07113,-5.199577,0,False,True,True,272.1094,1.757813
Xyp9x,CounterTerrorist,679.7607,2659.039,131.175,M4A4,100,100,-66.3261,-47.60557,0,False,True,True,272.1094,1.757813
Xyp9x,CounterTerrorist,675.282,2654.701,131.5389,M4A4,100,100,-54.85669,-74.36352,0,False,True,True,272.1094,1.757813
Xyp9x,CounterTerrorist,672.4349,2649.306,131.9308,M4A4,100,100,-39.02162,-94.70459,0,False,True,True,272.1094,1.757813
Xyp9x,CounterTerrorist,670.6382,2643.694,132.7158,M4A4,100,100,-28.62871,-108.0549,0,False,True,True,272.1094,1.757813
Xyp9x,CounterTerrorist,669.1908,2636.597,133.4395,M4A4,100,100,-18.97721,-115.4507,0,False,True,True,272.1094,1.757813
Xyp9x,CounterTerrorist,668.1954,2628.432,133.9372,M4A4,100,100,-10.86539,-116.4944,0,False,True,True,272.1094,1.757813
Xyp9x,CounterTerrorist,667.7319,2622.051,134.169,M4A4,100,100,-6.903607,-116.7961,0,False,True,True,272.1094,1.757813
Xyp9x,CounterTerrorist,667.4149,2614.746,134.3125,M4A4,100,100,-3.818223,-116.9377,0,False,True,True,272.1094,1.757813
Xyp9x,CounterTerrorist,667.2556,2607.435,134.4006,M4A4,100,100,-1.669355,-116.9881,0,False,True,True,272.1094,1.757813
Xyp9x,CounterTerrorist,667.208,2600.123,134.4176,M4A4,100,100,-0.1327416,-116.9999,0,False,True,True,272.1094,1.757813
Xyp9x,CounterTerrorist,666.8553,2591.916,134.6073,M4A4,100,100,-16.26612,-115.8638,0,False,True,True,272.1094,1.757813
Xyp9x,CounterTerrorist,665.0282,2584.846,135.5208,M4A4,100,100,-38.018,-110.6509,0,False,True,True,272.4609,1.757813
Xyp9x,CounterTerrorist,662.5347,2578.957,136.7676,M4A4,100,100,-50.54734,-105.5176,0,False,True,True,273.1641,2.109375
Xyp9x,CounterTerrorist,658.969,2571.654,134.5626,M4A4,100,100,-53.75907,-103.918,0,False,True,True,273.8672,2.109375
Xyp9x,CounterTerrorist,657.0502,2564.999,134.8598,M4A4,100,100,1.199128,-111.4488,0,False,True,True,274.2188,2.109375
Xyp9x,CounterTerrorist,657.1934,2558.664,134.9756,M4A4,100,100,3.503169,-116.9475,0,False,True,True,274.9219,2.109375
Xyp9x,CounterTerrorist,657.5269,2550.444,135.1076,M4A4,100,100,5.6989,-116.8611,0,False,True,True,275.625,2.109375
Xyp9x,CounterTerrorist,657.0313,2543.166,135.3403,M4A4,100,100,0,-115.3814,0,False,True,True,276.6797,2.109375
Xyp9x,CounterTerrorist,657.0695,2536.781,135.4791,M4A4,100,100,2.695531,-116.9689,0,False,True,True,276.6797,2.109375
Xyp9x,CounterTerrorist,657.3527,2529.474,135.5962,M4A4,100,100,5.785395,-116.8569,0,False,True,True,276.6797,2.109375
Xyp9x,CounterTerrorist,658.304,2519.659,135.7266,M4A4,100,100,29.85114,-150.0849,0,False,True,True,276.6797,2.109375
Xyp9x,CounterTerrorist,661.2778,2511.355,135.588,M4A4,100,100,71.19243,-153.057,0,False,True,True,276.6797,2.109375
Xyp9x,CounterTerrorist,667.0217,2501.683,135.1763,M4A4,100,100,106.3377,-156.0585,0,False,True,True,275.625,2.109375
Xyp9x,CounterTerrorist,674.5928,2491.817,134.5691,M4A4,100,100,131.3394,-159.3457,0,False,True,True,274.2188,2.109375
Xyp9x,CounterTerrorist,684.713,2480.305,133.5452,Knife,100,100,153.7317,-168.7319,0,False,True,True,271.0547,2.109375
Xyp9x,CounterTerrorist,692.2859,2470.299,132.362,Knife,100,100,121.7936,-194.9918,0,False,True,True,266.4844,2.109375
Xyp9x,CounterTerrorist,699.1667,2455.441,131.2868,Knife,100,100,80.77193,-222.9474,0,False,True,True,266.1328,2.109375
Xyp9x,CounterTerrorist,702.8223,2442.73,130.7157,Knife,100,100,57.29729,-238.9301,0,False,True,True,266.1328,2.109375
Xyp9x,CounterTerrorist,705.6431,2427.41,130.2925,Knife,100,100,36.26857,-247.3552,0,False,True,True,266.1328,2.109375
Xyp9x,CounterTerrorist,707.332,2411.879,130.4922,Knife,100,100,20.61162,-249.1489,0,False,True,True,266.1328,2.109375
Xyp9x,CounterTerrorist,708.2114,2396.28,130.8205,Knife,100,100,9.559371,-249.8172,0,False,True,True,266.1328,2.109375
Xyp9x,CounterTerrorist,708.5304,2378.706,131.2952,Knife,100,100,0.8504337,-249.9986,0,False,True,True,265.4297,2.460938
Xyp9x,CounterTerrorist,708.3934,2365.035,131.7247,Knife,100,100,-4.960337,-249.9508,0,False,True,True,264.375,2.8125
Xyp9x,CounterTerrorist,707.8674,2349.419,132.2731,Knife,100,100,-10.91176,-249.7617,0,False,True,True,263.6719,3.164063
Xyp9x,CounterTerrorist,707.0184,2333.817,132.8715,Knife,100,100,-15.46523,-249.5212,0,False,True,True,263.6719,3.867188
Xyp9x,CounterTerrorist,705.9302,2318.23,133.3895,Knife,100,100,-18.75216,-249.2957,0,False,True,True,263.6719,4.21875
Xyp9x,CounterTerrorist,704.5193,2300.708,133.6746,Knife,100,100,-20.82555,-249.1311,0,False,True,True,264.375,4.921875
Xyp9x,CounterTerrorist,703.3685,2287.085,133.8505,Knife,100,100,-21.09513,-249.1084,0,False,True,True,265.0781,5.273438
Xyp9x,CounterTerrorist,702.0554,2271.515,133.9941,Knife,100,100,-20.92934,-249.1224,0,False,True,True,265.4297,5.625
Xyp9x,CounterTerrorist,700.5911,2253.998,134.1344,Knife,100,100,-20.75643,-249.1369,0,False,True,True,265.4297,5.625
Xyp9x,CounterTerrorist,699.4523,2240.374,134.212,Knife,100,100,-20.95237,-249.1205,0,False,True,True,264.7266,5.976563
Xyp9x,CounterTerrorist,698.1094,2224.807,134.3192,Knife,100,100,-22.0269,-249.0277,0,False,True,True,264.0234,6.328125
Xyp9x,CounterTerrorist,696.4998,2207.303,134.3566,Knife,100,100,-23.51974,-248.8912,0,False,True,True,263.6719,6.679688
Xyp9x,CounterTerrorist,695.1891,2193.694,134.2498,Knife,100,100,-24.19237,-248.8267,0,False,True,True,264.0234,6.679688
Xyp9x,CounterTerrorist,693.5273,2176.195,134.1091,Knife,100,100,-22.63119,-248.9735,0,False,True,True,266.8359,7.03125
Xyp9x,CounterTerrorist,692.1739,2160.629,145.1201,Knife,100,100,-21.51696,-249.0723,267.6184,False,True,True,267.1875,7.03125
Xyp9x,CounterTerrorist,690.6431,2147.042,158.5592,Knife,100,100,-51.78942,-246.1939,223.8684,False,True,True,264.375,7.03125
Xyp9x,CounterTerrorist,688.0313,2130.25,172.3225,Knife,100,100,0,-225.9771,167.6184,False,True,True,254.5313,7.03125
Xyp9x,CounterTerrorist,686.3743,2119.007,180.2929,Knife,100,100,-58.3177,-194.3249,123.8684,False,True,True,247.1484,7.382813
Xyp9x,CounterTerrorist,680.7734,2106.072,187.0249,Knife,100,100,-96.91279,-174.7206,67.61838,False,True,True,240.1172,8.085938
Xyp9x,CounterTerrorist,674.5095,2097.106,189.5265,Knife,100,100,-127.9556,-155.4662,23.86838,False,True,True,237.3047,8.4375
Xyp9x,CounterTerrorist,665.1118,2086.433,189.2273,Knife,100,100,-134.2624,-151.4074,-32.38162,False,True,True,236.9531,8.4375
Xyp9x,CounterTerrorist,657.7072,2078.194,186.2602,Knife,100,100,-136.06,-150.222,-76.13162,False,True,True,236.25,8.4375
Xyp9x,CounterTerrorist,647.9952,2067.73,178.9297,Knife,100,100,-140.6328,-147.072,-132.3816,False,True,True,234.8437,8.4375
Xyp9x,CounterTerrorist,640.14,2059.807,170.4938,Knife,100,100,-145.5051,-143.5007,-176.1316,False,True,True,233.0859,8.4375
Xyp9x,CounterTerrorist,630.8311,2051.005,157.9231,Knife,100,100,-151.2591,-138.9837,-226.1316,False,True,True,230.9766,8.4375
Xyp9x,CounterTerrorist,620.1333,2041.284,140.0458,Knife,100,100,-152.2262,-138.1932,-282.3816,False,True,True,230.625,8.4375
Xyp9x,CounterTerrorist,610.8374,2033.473,128.4271,Knife,100,100,-152.8787,-106.6561,0,False,True,True,230.625,8.4375
Xyp9x,CounterTerrorist,600.9913,2026.232,126.8414,Knife,100,100,-157.8918,-127.5084,0,False,True,True,230.625,8.4375
Xyp9x,CounterTerrorist,592.2806,2018.624,125.3185,Knife,100,100,-160.6504,-147.3614,0,False,True,True,230.625,8.4375
Xyp9x,CounterTerrorist,582.0541,2008.706,124.8027,Knife,100,100,-166.1845,-167.0912,0,False,True,True,230.625,8.4375
Xyp9x,CounterTerrorist,571.3251,1997.959,124.6817,Knife,100,100,-181.7189,-164.2772,0,False,True,True,230.625,8.4375
Xyp9x,CounterTerrorist,557.251,1988.029,125.7887,Knife,100,100,-213.3122,-124.7814,0,False,True,True,230.625,8.4375
Xyp9x,CounterTerrorist,543.2471,1981.194,126.9181,Knife,100,100,-230.0563,-97.84732,0,False,True,True,230.625,8.4375
Xyp9x,CounterTerrorist,529.2328,1974.317,127.8733,Knife,100,100,-217.1892,-123.8097,0,False,True,True,230.625,8.4375
Xyp9x,CounterTerrorist,516.185,1965.734,128.5685,Knife,100,100,-202.578,-146.4997,0,False,True,True,230.625,8.4375
Xyp9x,CounterTerrorist,503.7676,1956.255,128.7897,Knife,100,100,-203.4747,-145.1912,0,False,True,True,230.625,8.4375
Xyp9x,CounterTerrorist,492.044,1949.24,128.9605,Knife,100,100,-221.2411,-116.4147,0,False,True,True,230.625,8.4375
Xyp9x,CounterTerrorist,475.9461,1942.206,128.7801,Knife,100,100,-233.8296,-88.45187,0,False,True,True,231.3281,8.4375
Xyp9x,CounterTerrorist,462.9843,1937.863,128.6688,Knife,100,100,-238.9933,-73.36359,0,False,True,True,232.3828,8.4375
Xyp9x,CounterTerrorist,448.0561,1933.357,128.4875,Knife,100,100,-233.8365,-83.98648,0,False,True,True,233.789,8.4375
Xyp9x,CounterTerrorist,432.3917,1925.617,128.2153,Knife,100,100,-214.27,-128.7958,0,False,True,True,235.5469,8.085938
Xyp9x,CounterTerrorist,421.1745,1917.811,127.9343,Knife,100,100,-200.52,-149.3042,0,False,True,True,238.0078,8.085938
Xyp9x,CounterTerrorist,408.0477,1909.349,127.5398,Knife,100,100,-215.8397,-126.1477,0,False,True,True,241.5234,7.734375
Xyp9x,CounterTerrorist,394.2864,1901.953,126.9553,Knife,100,100,-222.6197,-113.7562,0,False,True,True,246.0938,7.382813
Xyp9x,CounterTerrorist,380.5119,1894.708,125.9185,Knife,100,100,-210.5876,-128.5481,0,False,True,True,250.6641,6.679688
Xyp9x,CounterTerrorist,367.1633,1883.886,126.2522,Knife,100,100,-174.2307,-172.2669,0,False,True,True,254.1797,6.328125
Xyp9x,CounterTerrorist,358.3916,1873.63,126.315,Knife,100,100,-150.5501,-198.0915,0,False,True,True,256.2891,5.976563
Xyp9x,CounterTerrorist,349.907,1860.526,126.0281,Knife,100,100,-124.2259,-216.9514,0,False,True,True,259.1016,5.976563
Xyp9x,CounterTerrorist,342.9886,1846.524,118.4156,Knife,100,100,-100.7236,-228.8116,0,False,True,True,261.5625,5.625
Xyp9x,CounterTerrorist,335.263,1830.755,117.0313,Knife,100,100,-125.6082,-216.1541,0,False,True,True,263.3203,5.625
Xyp9x,CounterTerrorist,327.717,1819.36,117.0313,Knife,100,100,-146.1653,-202.8194,0,False,True,True,263.6719,5.625
Xyp9x,CounterTerrorist,317.9904,1807.137,117.0313,Knife,100,100,-162.0348,-190.3805,0,False,True,True,263.6719,5.625
Xyp9x,CounterTerrorist,308.1706,1792.597,116.6864,Knife,100,100,-123.1612,-217.5576,0,False,True,True,263.6719,5.625
Xyp9x,CounterTerrorist,302.2048,1780.302,116.6732,Knife,100,100,-99.35104,-229.4109,0,False,True,True,263.6719,5.625
Xyp9x,CounterTerrorist,296.7564,1765.663,116.9781,Knife,100,100,-78.59995,-237.3227,0,False,True,True,263.6719,5.625
Xyp9x,CounterTerrorist,290.5945,1751.324,117.11,Knife,100,100,-114.3683,-222.3058,0,False,True,True,264.375,5.625
Xyp9x,CounterTerrorist,281.3706,1736.375,117.2128,Knife,100,100,-142.6292,-205.3215,0,False,True,True,264.7266,5.625
Xyp9x,CounterTerrorist,272.1609,1723.758,117.0658,Knife,100,100,-139.5922,-207.3982,0,False,True,True,264.7266,5.625
Xyp9x,CounterTerrorist,265.4462,1711.86,117.0313,Knife,100,100,-111.0631,-223.9754,0,False,True,True,265.0781,5.625
Xyp9x,CounterTerrorist,259.4511,1697.44,110.9298,Knife,100,100,-85.04208,-235.0911,0,False,True,True,266.1328,5.625
Xyp9x,CounterTerrorist,253.9453,1680.75,110.0859,Knife,100,100,-87.41394,-234.2196,0,False,True,True,269.6484,5.976563
Xyp9x,CounterTerrorist,248.3616,1668.277,110.0313,Knife,100,100,-111.545,-223.7358,0,False,True,True,272.4609,5.976563
Xyp9x,CounterTerrorist,240.7122,1654.657,110.0313,Knife,100,100,-129.7858,-213.6718,0,False,True,True,272.4609,5.976563
Xyp9x,CounterTerrorist,231.8094,1639.541,110.0313,Knife,100,100,-110.6517,-223.6758,0,False,True,True,272.4609,5.976563
Xyp9x,CounterTerrorist,226.7222,1626.862,110.1111,Knife,100,100,-80.66862,-236.6275,0,False,True,True,272.4609,5.976563
Xyp9x,CounterTerrorist,221.4307,1612.17,110.2323,Knife,100,100,-97.28608,-230.2942,0,False,True,True,272.4609,5.976563
Xyp9x,CounterTerrorist,214.5009,1598.173,111.4846,Knife,100,100,-120.1493,-219.2354,0,False,True,True,272.4609,5.976563
Xyp9x,CounterTerrorist,205.346,1583.172,111.2405,Knife,100,100,-137.14,-209.0278,0,False,True,True,272.4609,5.976563
Xyp9x,CounterTerrorist,198.6387,1571.312,111.0616,Knife,100,100,-107.6741,-225.1384,0,False,True,True,272.4609,5.976563
Xyp9x,CounterTerrorist,193.112,1556.711,110.9142,Knife,100,100,-74.63615,-238.5989,0,False,True,True,272.4609,5.976563
Xyp9x,CounterTerrorist,186.4867,1540.445,103.3188,Knife,100,100,-107.7854,-225.5711,0,False,True,True,272.4609,5.976563
Xyp9x,CounterTerrorist,180.021,1528.402,102.1355,Knife,100,100,-125.2102,-216.3849,0,False,True,True,272.4609,5.976563
Xyp9x,CounterTerrorist,172.2164,1514.887,101.1611,Knife,100,100,-112.2139,-223.102,0,False,True,True,272.4609,5.976563
Xyp9x,CounterTerrorist,165.8657,1498.516,101.0313,Knife,100,100,-74.40622,-238.6707,0,False,True,True,272.4609,5.976563
Xyp9x,CounterTerrorist,162.1227,1483.353,101.0313,Knife,100,100,-49.72718,-245.0045,0,False,True,True,272.4609,5.976563
Xyp9x,CounterTerrorist,159.6713,1467.924,101.0313,Knife,100,100,-31.92629,-247.953,0,False,True,True,272.4609,5.976563
Xyp9x,CounterTerrorist,157.1896,1454.509,101.0658,Knife,100,100,-61.83054,-242.0333,0,False,True,True,272.4609,5.976563
Xyp9x,CounterTerrorist,152.0555,1439.765,101.1328,Knife,100,100,-96.04099,-230.8162,0,False,True,True,272.4609,5.976563
Xyp9x,CounterTerrorist,146.2033,1423.207,101.1988,Knife,100,100,-68.28409,-240.4938,0,False,True,True,272.4609,5.976563
Xyp9x,CounterTerrorist,143.1361,1409.887,101.648,Knife,100,100,-47.75932,-245.3957,0,False,True,True,272.4609,5.976563
Xyp9x,CounterTerrorist,140.7869,1394.443,101.5946,Knife,100,100,-30.5219,-248.1298,0,False,True,True,272.4609,5.976563
Xyp9x,CounterTerrorist,139.3311,1378.887,101.5615,Knife,100,100,-18.29079,-249.33,0,False,True,True,272.4609,5.976563
Xyp9x,CounterTerrorist,138.5005,1363.285,95.18887,Knife,100,100,-9.905409,-249.8037,0,False,True,True,272.4609,5.976563
Xyp9x,CounterTerrorist,138.0918,1347.666,93.14769,Knife,100,100,-4.220222,-249.9644,0,False,True,True,272.4609,5.976563
Xyp9x,CounterTerrorist,137.9775,1330.088,91.83614,Knife,100,100,0.2028598,-249.9999,0,False,True,True,272.4609,5.976563
Xyp9x,CounterTerrorist,138.0922,1314.464,91.86813,Knife,100,100,2.974498,-249.9823,0,False,True,True,272.4609,5.976563
Xyp9x,CounterTerrorist,138.3132,1300.794,92.08009,Knife,100,100,4.77337,-249.9544,0,False,True,True,272.4609,5.976563
Xyp9x,CounterTerrorist,138.668,1285.173,92.23026,Knife,100,100,6.308744,-249.9204,0,False,True,True,272.4609,5.976563
Xyp9x,CounterTerrorist,139.1037,1269.554,92.23026,Knife,100,100,7.435394,-249.8894,0,False,True,True,272.4609,5.976563
Xyp9x,CounterTerrorist,139.664,1251.985,92.22072,Knife,100,100,8.350278,-249.8605,0,False,True,True,272.4609,5.976563
Xyp9x,CounterTerrorist,140.2075,1236.369,92.20837,Knife,100,100,8.936628,-249.8402,0,False,True,True,272.4609,5.976563
Xyp9x,CounterTerrorist,140.7086,1222.707,92.27327,Knife,100,100,9.321239,-249.8262,0,False,True,True,272.4609,5.976563
Xyp9x,CounterTerrorist,141.379,1205.141,92.56464,Knife,100,100,9.686044,-249.8123,0,False,True,True,272.4609,5.976563
Xyp9x,CounterTerrorist,141.993,1189.528,92.82077,Knife,100,100,9.920075,-249.8031,0,False,True,True,272.4609,5.976563
Xyp9x,CounterTerrorist,142.5405,1175.868,93.04462,Knife,100,100,10.07366,-249.797,0,False,True,True,272.4609,5.976563
Xyp9x,CounterTerrorist,143.1749,1160.255,94.05189,Knife,100,100,10.20555,-249.7916,0,False,True,True,272.4609,5.976563
Xyp9x,CounterTerrorist,143.8969,1142.692,94.03384,Knife,100,100,10.31287,-249.7872,0,False,True,True,272.4609,5.976563
Xyp9x,CounterTerrorist,144.544,1127.081,94.03125,Knife,100,100,10.38173,-249.7843,0,False,True,True,272.4609,5.976563
Xyp9x,CounterTerrorist,145.1947,1111.469,89.76961,Knife,100,100,10.43245,-249.7822,0,False,True,True,272.4609,5.976563
Xyp9x,CounterTerrorist,145.7663,1097.809,84.7663,Knife,100,100,10.46574,-249.7808,0,False,True,True,272.4609,5.976563
Xyp9x,CounterTerrorist,146.5035,1080.247,83.1862,Knife,100,100,10.49732,-249.7795,0,False,True,True,272.4609,5.976563
Xyp9x,CounterTerrorist,147.0781,1066.587,81.9847,Knife,100,100,10.51538,-249.7787,0,False,True,True,272.4609,5.976563
Xyp9x,CounterTerrorist,147.7359,1050.975,80.8825,Knife,100,100,10.53089,-249.7781,0,False,True,True,272.4609,5.976563
Xyp9x,CounterTerrorist,148.4769,1033.413,79.74318,Knife,100,100,10.54351,-249.7776,0,False,True,True,272.4609,5.976563
Xyp9x,CounterTerrorist,149.0537,1019.753,79.74318,Knife,100,100,10.55073,-249.7773,0,False,True,True,272.4609,5.976563
Xyp9x,CounterTerrorist,149.7958,1002.191,78.75597,Knife,100,100,10.55758,-249.777,0,False,True,True,272.4609,5.976563
Xyp9x,CounterTerrorist,150.4558,986.58,78.83847,Knife,100,100,10.56197,-249.7768,0,False,True,True,272.4609,5.976563
Xyp9x,CounterTerrorist,151.1161,970.9691,78.921,Knife,100,100,10.56521,-249.7766,0,False,True,True,272.4609,5.976563
Xyp9x,CounterTerrorist,151.7765,955.3583,79.00356,Knife,100,100,10.56759,-249.7765,0,False,True,True,272.4609,5.976563
Xyp9x,CounterTerrorist,152.437,939.7474,79.08612,Knife,100,100,10.56935,-249.7765,0,False,True,True,272.4609,5.976563
Xyp9x,CounterTerrorist,151.9989,926.2048,79.03136,Knife,100,100,-21.76443,-246.693,0,False,True,True,272.4609,5.976563
Xyp9x,CounterTerrorist,150.895,908.6688,78.84049,Knife,100,100,-11.41096,-249.7394,0,False,True,True,272.4609,5.976563
Xyp9x,CounterTerrorist,150.4096,893.0518,78.66532,Knife,100,100,-5.262515,-249.9446,0,False,True,True,272.4609,5.976563
Xyp9x,CounterTerrorist,150.2472,879.381,78.64217,Knife,100,100,-1.416211,-249.996,0,False,True,True,272.4609,5.976563
Xyp9x,CounterTerrorist,150.2772,863.7561,78.64045,Knife,100,100,1.802898,-249.9935,0,False,True,True,272.4609,5.976563
Xyp9x,CounterTerrorist,150.4758,848.1324,78.77122,Knife,100,100,4.137712,-249.9658,0,False,True,True,272.4609,5.976563
Xyp9x,CounterTerrorist,150.7971,832.5107,78.83141,Knife,100,100,5.843088,-249.9317,0,False,True,True,272.4609,5.976563
Xyp9x,CounterTerrorist,151.2082,816.8911,78.89069,Knife,100,100,7.093441,-249.8994,0,False,True,True,272.4609,5.976563
Xyp9x,CounterTerrorist,151.7486,799.3213,78.89069,Knife,100,100,8.108293,-249.8685,0,False,True,True,272.4609,5.976563
Xyp9x,CounterTerrorist,152.2792,783.7053,78.89069,Knife,100,100,8.758545,-249.8465,0,False,True,True,272.4609,5.976563
Xyp9x,CounterTerrorist,152.772,770.0424,78.62142,Knife,100,100,9.185018,-249.8312,0,False,True,True,272.4609,5.976563
Xyp9x,CounterTerrorist,153.4347,752.4767,78.14661,Knife,100,100,9.603634,-249.8155,0,False,True,True,272.4609,5.976563
Xyp9x,CounterTerrorist,153.9938,738.8163,77.78284,Knife,100,100,11.21675,-249.7482,0,False,True,True,275.625,5.273438
Xyp9x,CounterTerrorist,157.0032,722.0912,78.6494,Knife,100,100,74.53531,-221.8282,0,False,True,True,294.6094,7.03125
Xyp9x,CounterTerrorist,163.7016,709.8647,80.03125,Knife,100,100,130.7059,-172.2667,0,False,True,True,317.4609,5.273438
Xyp9x,CounterTerrorist,173.2783,700.467,80.03125,Knife,100,100,167.9698,-144.088,0,False,True,True,338.9063,0.703125
Xyp9x,CounterTerrorist,184.8285,691.9641,80.03125,Knife,100,100,196.6355,-130.3568,0,False,True,True,341.3672,0.3515625
Xyp9x,CounterTerrorist,197.8925,684.1848,80.03125,Knife,100,100,217.7206,-120.3348,0,False,True,True,341.3672,0.3515625
Xyp9x,CounterTerrorist,211.803,677.0727,80.03125,Knife,100,100,225.0756,-108.8163,0,False,True,True,341.3672,0.3515625
Xyp9x,CounterTerrorist,225.4698,669.6273,80.03125,Knife,100,100,208.2471,-135.9994,0,False,True,True,341.3672,0.3515625
Xyp9x,CounterTerrorist,236.2363,661.2479,80.03125,Knife,100,100,188.0796,-164.6999,0,False,True,True,339.9609,0.703125
Xyp9x,CounterTerrorist,247.2759,650.2001,80.03125,Knife,100,100,169.3814,-183.8748,0,False,True,True,345.9375,1.757813
Xyp9x,CounterTerrorist,257.6738,638.57,80.03125,Knife,100,100,172.2427,-178.6559,0,False,True,True,351.9141,1.757813
Xyp9x,CounterTerrorist,269.5759,628.8121,80.03125,Knife,100,100,203.259,-139.7984,0,False,True,True,354.7266,1.40625
Xyp9x,CounterTerrorist,283.1078,621.1808,80.03125,Knife,100,100,224.8825,-109.2147,0,False,True,True,354.7266,1.40625
Xyp9x,CounterTerrorist,297.5593,615.2585,80.03125,Knife,100,100,235.2604,-84.57278,0,False,True,True,354.7266,1.40625
Xyp9x,CounterTerrorist,311.7824,608.8271,80.03125,Knife,100,100,220.6134,-117.5999,0,False,True,True,354.7266,1.40625
Xyp9x,CounterTerrorist,325.0428,600.5775,80.03125,Knife,100,100,205.9426,-141.7309,0,False,True,True,355.0781,1.40625
Xyp9x,CounterTerrorist,338.6385,592.9056,88.03125,Knife,100,100,224.9625,-109.0499,0,False,True,True,355.4297,1.757813
Xyp9x,CounterTerrorist,353.1078,587.0287,85.54736,Knife,100,100,235.7118,-83.30634,0,False,True,True,356.1328,2.109375
Xyp9x,CounterTerrorist,369.9661,582.0706,83.06826,Knife,100,100,242.3623,-61.32316,0,False,True,True,356.8359,2.109375
Xyp9x,CounterTerrorist,383.3144,579.1205,81.59322,Knife,100,100,245.1642,-48.93354,0,False,True,True,356.8359,2.109375
Xyp9x,CounterTerrorist,400.6378,576.147,80.51146,Knife,100,100,247.1439,-37.68152,0,False,True,True,356.8359,2.109375
Xyp9x,CounterTerrorist,416.1191,574.036,80.53436,Knife,100,100,248.0577,-31.10307,0,False,True,True,356.8359,2.109375
Xyp9x,CounterTerrorist,431.6428,572.2615,80.38648,Knife,100,100,248.59,-26.51463,0,False,True,True,356.8359,2.109375
Xyp9x,CounterTerrorist,447.192,570.7253,80.24847,Knife,100,100,248.9184,-23.22974,0,False,True,True,356.8359,2.109375
Xyp9x,CounterTerrorist,462.7573,569.361,80.24847,Knife,100,100,249.1293,-20.84629,0,False,True,True,356.8359,2.109375
Xyp9x,CounterTerrorist,478.333,568.1221,80.26595,Knife,100,100,249.269,-19.10465,0,False,True,True,356.8359,2.109375
Xyp9x,CounterTerrorist,493.9158,566.975,80.28368,Knife,100,100,249.3636,-17.82722,0,False,True,True,356.8359,2.109375
Xyp9x,CounterTerrorist,509.5035,565.8953,80.29961,Knife,100,100,249.4289,-16.88839,0,False,True,True,356.8359,2.109375
Xyp9x,CounterTerrorist,525.0945,564.8652,80.33308,Knife,100,100,249.4747,-16.19768,0,False,True,True,356.8359,2.109375
Xyp9x,CounterTerrorist,540.6878,563.8716,80.34967,Knife,100,100,249.5072,-15.68923,0,False,True,True,356.8359,2.109375
Xyp9x,CounterTerrorist,554.3334,563.0244,80.3847,Knife,100,100,249.528,-15.35562,0,False,True,True,356.8359,2.109375
Xyp9x,CounterTerrorist,569.9296,562.0752,80.51535,Knife,100,100,249.5454,-15.06915,0,False,True,True,356.8359,2.109375
Xyp9x,CounterTerrorist,585.5266,561.1411,80.94309,Knife,100,100,249.5581,-14.85817,0,False,True,True,356.8359,2.109375
Xyp9x,CounterTerrorist,603.0741,560.1035,81.53014,Knife,100,100,249.5682,-14.68648,0,False,True,True,356.8359,2.109375
Xyp9x,CounterTerrorist,618.6723,559.1896,82.12173,Knife,100,100,249.5747,-14.57631,0,False,True,True,356.8359,2.109375
Xyp9x,CounterTerrorist,632.3211,558.3948,82.63931,Knife,100,100,249.5789,-14.504,0,False,True,True,356.8359,2.109375
Xyp9x,CounterTerrorist,647.9199,557.4907,83.23074,Knife,100,100,249.5825,-14.4419,0,False,True,True,356.8359,2.109375
Xyp9x,CounterTerrorist,663.519,556.5897,83.77261,Knife,100,100,249.5852,-14.39617,0,False,True,True,356.8359,2.109375
Xyp9x,CounterTerrorist,679.1181,555.6912,84.21639,Knife,100,100,249.5871,-14.36248,0,False,True,True,356.8359,2.109375
Xyp9x,CounterTerrorist,694.7172,554.7944,84.64077,Knife,100,100,249.5885,-14.33767,0,False,True,True,356.8359,2.109375
Xyp9x,CounterTerrorist,710.3162,553.8937,84.89005,Knife,100,100,249.5756,-14.56143,0,False,True,True,356.1328,2.460938
Xyp9x,CounterTerrorist,725.9125,552.9482,84.90581,Knife,100,100,249.5016,-15.77774,0,False,True,True,355.0781,2.460938
Xyp9x,CounterTerrorist,741.5007,551.8772,84.86327,Knife,100,100,249.3217,-18.40375,0,False,True,True,353.3203,2.460938
Xyp9x,CounterTerrorist,757.0723,550.5887,84.74162,Knife,100,100,248.9804,-22.55572,0,False,True,True,351.2109,2.109375
Xyp9x,CounterTerrorist,774.5521,548.739,84.60506,Knife,100,100,248.2209,-29.77207,0,False,True,True,348.0469,1.40625
Xyp9x,CounterTerrorist,788.1027,546.9236,84.46715,Knife,100,100,247.4667,-35.49971,0,False,True,True,347.6953,1.40625
Xyp9x,CounterTerrorist,805.4705,544.2151,84.19578,Knife,100,100,246.6745,-40.64116,0,False,True,True,347.6953,1.40625
Xyp9x,CounterTerrorist,818.9448,541.9,83.98524,Knife,100,100,246.1893,-43.4838,0,False,True,True,347.6953,1.40625
Xyp9x,CounterTerrorist,836.2353,538.7336,84.09942,Knife,100,100,245.7065,-46.1339,0,False,True,True,347.6953,1.40625
Xyp9x,CounterTerrorist,849.6631,536.162,84.60462,Knife,100,100,245.4202,-47.63339,0,False,True,True,347.6953,1.40625
Xyp9x,CounterTerrorist,866.9083,532.7572,85.26101,Knife,100,100,245.1742,-48.88372,0,False,True,True,348.3984,1.757813
Xyp9x,CounterTerrorist,880.3152,530.0787,85.77118,Knife,100,100,245.1521,-48.99433,0,False,True,True,348.75,1.757813
Xyp9x,CounterTerrorist,897.554,526.6413,86.29515,Knife,100,100,245.2039,-48.73452,0,False,True,True,349.1016,1.757813
Xyp9x,CounterTerrorist,912.8814,523.6066,86.75944,Knife,100,100,245.2641,-48.43083,0,False,True,True,349.1016,1.757813
Xyp9x,CounterTerrorist,928.212,520.5879,87.22259,Knife,100,100,245.3081,-48.20714,0,False,True,True,349.1016,1.40625
Xyp9x,CounterTerrorist,941.6287,517.9585,87.62699,Knife,100,100,245.352,-47.98328,0,False,True,True,349.1016,1.40625
Xyp9x,CounterTerrorist,958.8818,514.5939,89.50793,Knife,100,100,245.3962,-47.75666,0,False,True,True,349.1016,1.40625
Xyp9x,CounterTerrorist,972.3028,511.9864,91.13904,Knife,100,100,245.4214,-47.62707,0,False,True,True,349.1016,1.40625
Xyp9x,CounterTerrorist,989.5599,508.6427,93.2357,Knife,100,100,245.4452,-47.50413,0,False,True,True,349.1016,1.40625
Xyp9x,CounterTerrorist,1004.901,505.6766,95.0097,Knife,100,100,245.4605,-47.42523,0,False,True,True,349.1016,1.40625
Xyp9x,CounterTerrorist,1020.243,502.7146,96.74507,Knife,100,100,245.4717,-47.3671,0,False,True,True,349.1016,1.40625
Xyp9x,CounterTerrorist,1035.585,499.7558,98.57055,Knife,100,100,245.48,-47.32428,0,False,True,True,349.1016,1.40625
Xyp9x,CounterTerrorist,1050.928,496.7991,100.2691,Knife,100,100,245.486,-47.29275,0,False,True,True,349.1016,1.40625
Xyp9x,CounterTerrorist,1066.271,493.8442,101.4744,Knife,100,100,245.4905,-47.26951,0,False,True,True,349.1016,1.40625
Xyp9x,CounterTerrorist,1079.696,491.2596,102.5291,Knife,100,100,245.4934,-47.25428,0,False,True,True,349.1016,1.40625
Xyp9x,CounterTerrorist,1096.958,487.9378,103.8851,Knife,100,100,245.4989,-47.22594,0,False,True,True,349.1016,1.40625
Xyp9x,CounterTerrorist,1110.384,485.3574,104.9994,Knife,100,100,245.519,-47.12115,0,False,True,True,349.4531,1.40625
Xyp9x,CounterTerrorist,1125.736,482.4497,106.8,Knife,100,100,245.7723,-45.78203,0,False,True,True,350.8594,1.757813
Xyp9x,CounterTerrorist,1141.114,479.6843,108.6231,Knife,100,100,246.2841,-42.94368,0,False,True,True,352.2656,1.757813
Xyp9x,CounterTerrorist,1156.525,477.1061,110.425,Knife,100,100,246.7774,-40.01164,0,False,True,True,352.6172,1.757813
Xyp9x,CounterTerrorist,1173.892,474.3934,112.4307,Knife,100,100,247.1618,-37.56398,0,False,True,True,352.6172,1.757813
Xyp9x,CounterTerrorist,1189.348,472.0978,114.2002,Knife,100,100,247.3725,-36.1502,0,False,True,True,352.6172,1.757813
Xyp9x,CounterTerrorist,1202.88,470.1506,115.4239,Knife,100,100,247.5053,-35.22937,0,False,True,True,352.6172,1.757813
Xyp9x,CounterTerrorist,1218.353,467.9778,116.4653,Knife,100,100,247.6165,-34.43945,0,False,True,True,352.6172,1.757813
Xyp9x,CounterTerrorist,1233.832,465.848,117.3762,Knife,100,100,247.7161,-33.71578,0,False,True,True,352.9688,1.757813
Xyp9x,CounterTerrorist,1251.26,463.5536,118.2613,Knife,100,100,247.9919,-31.62297,0,False,True,True,354.0234,2.109375
Xyp9x,CounterTerrorist,1266.759,461.5772,135.3781,Knife,100,100,247.9919,-31.62297,248.8684,False,True,True,354.0234,2.460938
Xyp9x,CounterTerrorist,1282.098,458.0519,149.3699,Knife,100,100,244.8483,-61.31031,198.8684,False,True,True,352.6172,3.164063
Xyp9x,CounterTerrorist,1297.275,453.47,160.2367,Knife,100,100,240.1756,-86.41887,148.8684,False,True,True,346.9922,4.21875
Xyp9x,CounterTerrorist,1310.055,447.5943,167.1817,Knife,100,100,228.6099,-120.3836,105.1184,False,True,True,335.3906,5.625
Xyp9x,CounterTerrorist,1323.65,438.8895,172.1891,Knife,100,100,207.3532,-153.5444,55.11838,False,True,True,320.625,7.03125
Xyp9x,CounterTerrorist,1336.912,426.7772,174.0872,Knife,100,100,172.0577,-186.4862,-1.131622,False,True,True,307.6172,7.734375
Xyp9x,CounterTerrorist,1343.929,414.897,172.829,Knife,100,100,109.2963,-230.1215,-44.88162,False,True,True,301.9922,7.734375
Xyp9x,CounterTerrorist,1350.321,400.2522,168.4615,M4A4,100,100,98.90083,-236.2692,-94.88162,False,True,True,299.5313,7.734375
Xyp9x,CounterTerrorist,1356.492,385.4795,160.9689,M4A4,100,100,98.73064,-236.3651,-144.8816,False,True,True,300.2344,7.734375
Xyp9x,CounterTerrorist,1363.434,368.8602,148.8045,M4A4,100,100,98.73064,-236.3651,-201.1316,False,True,True,306.5625,7.382813
Xyp9x,CounterTerrorist,1368.834,355.9341,136.6088,M4A4,100,100,98.73064,-236.3651,-244.8816,False,True,True,313.9453,6.679688
Xyp9x,CounterTerrorist,1375.218,340.5941,121.4937,M4A4,100,100,62.11626,-155.8428,0,False,True,True,321.3281,5.273438
Xyp9x,CounterTerrorist,1378.761,330.177,121.9125,M4A4,100,100,53.9573,-174.5023,0,False,True,True,325.8984,3.867188
Xyp9x,CounterTerrorist,1382.364,320.5568,122.2663,M4A4,100,100,81.91045,-173.0121,0,False,True,True,326.25,3.515625
Xyp9x,CounterTerrorist,1388.802,310.0059,122.3938,M4A4,100,100,117.8218,-165.8669,0,False,True,True,326.25,3.515625
Xyp9x,CounterTerrorist,1395.683,298.8135,122.1631,M4A4,100,100,102.5184,-189.1555,0,False,True,True,326.25,3.515625
Xyp9x,CounterTerrorist,1402.271,284.7124,121.5043,M4A4,100,100,86.92966,-207.5289,0,False,True,True,326.25,3.515625
Xyp9x,CounterTerrorist,1407.412,273.5571,120.9902,M4A4,100,100,106.993,-197.7973,0,False,True,True,326.6016,3.515625
Xyp9x,CounterTerrorist,1414.007,261.1409,119.8642,M4A4,100,100,98.91055,-202.0933,0,False,True,True,330.4688,3.515625
Xyp9x,CounterTerrorist,1420.57,246.7472,119.3742,M4A4,100,100,90.5345,-205.9818,0,False,True,True,335.7422,3.164063
Xyp9x,CounterTerrorist,1426.215,233.8679,119.1175,M4A4,100,100,91.07236,-205.7446,0,False,True,True,341.3672,2.8125
Xyp9x,CounterTerrorist,1431.345,222.6839,118.9268,M4A4,100,100,96.44334,-203.2823,0,False,True,True,346.6406,2.460938
Xyp9x,CounterTerrorist,1437.691,210.136,119.4575,M4A4,100,100,105.7718,-198.5883,0,False,True,True,351.2109,2.109375
Xyp9x,CounterTerrorist,1445.609,196.4431,120.2823,M4A4,100,100,118.373,-191.3448,0,False,True,True,356.4844,1.757813
Xyp9x,CounterTerrorist,1451.127,185.4619,120.7549,M4A4,100,100,89.32993,-206.5071,0,False,True,True,1.40625,1.40625
Xyp9x,CounterTerrorist,1456.361,170.542,121.14,M4A4,100,100,63.92217,-215.7289,0,False,True,True,2.460938,1.054688
Xyp9x,CounterTerrorist,1460.82,159.084,121.7571,M4A4,100,100,93.36962,-204.7123,0,False,True,True,2.460938,1.054688
Xyp9x,CounterTerrorist,1468.455,145.2398,123.1907,M4A4,100,100,119.0473,-190.926,0,False,True,True,2.460938,1.054688
Xyp9x,CounterTerrorist,1475.402,135.0865,124.4442,M4A4,100,100,132.3506,-181.9569,0,False,True,True,2.460938,0.703125
Xyp9x,CounterTerrorist,1484.105,124.044,125.7946,M4A4,100,100,144.2954,-172.6378,0,False,True,True,4.921875,0.3515625
Xyp9x,CounterTerrorist,1494.707,112.3062,127.0172,M4A4,100,100,155.7466,-162.3823,0,False,True,True,8.085938,0
Xyp9x,CounterTerrorist,1503.474,103.6741,126.6501,M4A4,100,100,163.5685,-154.5004,0,False,True,True,10.19531,359.6484
Xyp9x,CounterTerrorist,1513.965,94.31165,126.2847,M4A4,100,100,170.9679,-146.2702,0,False,True,True,11.60156,359.2969
Xyp9x,CounterTerrorist,1526.263,84.36228,125.9314,M4A4,100,100,177.8788,-137.7829,0,False,True,True,13.71094,359.2969
Xyp9x,CounterTerrorist,1536.136,77.01876,125.6944,M4A4,100,100,182.3741,-131.7751,0,False,True,True,14.76563,358.9453
Xyp9x,CounterTerrorist,1547.691,69.00502,125.6381,M4A4,100,100,186.7663,-125.4725,0,False,True,True,16.52344,358.9453
Xyp9x,CounterTerrorist,1559.509,61.38579,125.8935,M4A4,100,100,190.9232,-119.0519,0,False,True,True,18.63281,358.5938
Xyp9x,CounterTerrorist,1573.126,53.33334,126.2005,M4A4,100,100,195.8232,-110.8074,0,False,True,True,21.44531,358.2422
Xyp9x,CounterTerrorist,1583.951,47.48462,126.4541,M4A4,100,100,199.5334,-103.9779,0,False,True,True,23.90625,358.2422
Xyp9x,CounterTerrorist,1598.166,40.5441,126.8,M4A4,100,100,204.2307,-94.4183,0,False,True,True,26.71875,357.8906
Xyp9x,CounterTerrorist,1609.439,35.61737,126.8915,M4A4,100,100,207.5758,-86.81767,0,False,True,True,29.17969,357.8906
Xyp9x,CounterTerrorist,1622.539,30.50764,126.7741,M4A4,100,100,211.1288,-77.77937,0,False,True,True,31.64063,357.8906
Xyp9x,CounterTerrorist,1635.241,24.62747,126.6056,M4A4,100,100,195.8346,-110.0594,0,False,True,True,34.45313,357.8906
Xyp9x,CounterTerrorist,1646.934,16.83008,126.3098,M4A4,100,100,180.6206,-134.1685,0,False,True,True,36.91406,357.8906
Xyp9x,CounterTerrorist,1658.919,9.499681,126.813,M4A4,100,100,199.1568,-104.6975,0,False,True,True,40.07813,357.8906
Xyp9x,CounterTerrorist,1673.449,3.273295,127.3849,M4A4,100,100,211.6181,-76.43816,0,False,True,True,42.53906,357.8906
Xyp9x,CounterTerrorist,1686.917,-0.7523993,127.7146,M4A4,100,100,218.0125,-55.63757,0,False,True,True,44.64844,357.8906
Xyp9x,CounterTerrorist,1698.952,-3.305063,127.8653,M4A4,100,100,221.3654,-40.27837,0,False,True,True,46.40625,357.8906
Xyp9x,CounterTerrorist,1712.774,-5.830943,127.9757,M4A4,100,100,218.7173,-52.79929,0,False,True,True,48.16407,357.8906
Xyp9x,CounterTerrorist,1728.053,-9.911116,127.4526,M4A4,100,100,219.8626,-47.8061,0,False,True,True,52.38281,357.8906
Xyp9x,CounterTerrorist,1741.721,-11.51933,126.8641,M4A4,100,100,212.2149,0.8119704,0,False,True,True,54.84375,357.8906
Xyp9x,CounterTerrorist,1754.392,-9.398899,126.1054,M4A4,100,100,196.0759,57.17368,0,False,True,True,54.84375,357.8906
Xyp9x,CounterTerrorist,1765.874,-4.225951,125.226,M4A4,100,100,162.9479,103.4366,0,False,True,True,54.84375,357.8906
Xyp9x,CounterTerrorist,1773.2,2.612391,124.456,M4A4,100,100,114.0986,139.8581,0,False,True,True,54.84375,357.8906
Xyp9x,CounterTerrorist,1778.779,12.49994,123.5935,M4A4,100,100,71.78496,171.0727,0,False,True,True,55.19531,357.8906
Xyp9x,CounterTerrorist,1784.203,22.85295,123.5202,M4A4,100,100,108.1631,151.6009,0,False,True,True,54.84375,357.5391
Xyp9x,CounterTerrorist,1793.091,29.91116,123.4924,M4A4,100,100,139.4371,63.89469,0,False,True,True,55.19531,357.5391
Xyp9x,CounterTerrorist,1802.552,31.85191,123.1569,M4A4,100,100,159.9723,8.305431,0,False,True,True,56.95313,357.5391
Xyp9x,CounterTerrorist,1811.781,31.18869,122.7896,M4A4,100,100,175.0315,-25.71102,0,False,True,True,59.76563,357.1875
Xyp9x,CounterTerrorist,1824.808,28.64887,122.1152,M4A4,100,100,194.2267,-28.88017,0,False,True,True,62.92969,356.4844
Xyp9x,CounterTerrorist,1835.839,27.94541,121.6848,M4A4,100,100,206.6885,-1.460962,0,False,True,True,65.74219,356.1328
Xyp9x,CounterTerrorist,1848.032,28.41856,121.3308,M4A4,100,100,165.0774,11.25156,0,False,True,True,67.14844,355.7813
Xyp9x,CounterTerrorist,1854.788,30.32385,121.2943,M4A4,100,100,46.97475,38.79664,0,False,True,True,65.03906,355.7813
Xyp9x,CounterTerrorist,1855.129,32.86852,121.5305,M4A4,100,100,-20.83577,51.27242,0,False,True,True,64.33594,355.7813
Xyp9x,CounterTerrorist,1851.785,36.61216,122.0042,M4A4,100,100,-76.76479,67.0094,0,False,True,True,63.28125,355.7813
Xyp9x,CounterTerrorist,1848.719,39.6149,122.3968,M4A4,100,100,-14.72136,26.07638,0,False,True,True,61.875,355.7813
Xyp9x,CounterTerrorist,1850.369,39.35187,122.317,M4A4,100,100,48.19091,-20.84355,0,False,True,True,61.875,355.7813
Xyp9x,CounterTerrorist,1855.069,37.0852,121.9425,M4A4,100,100,95.14317,-47.46,0,False,True,True,61.875,355.7813
Xyp9x,CounterTerrorist,1861.321,33.9278,121.4304,M4A4,100,100,127.5547,-64.60107,0,False,True,True,63.28125,355.7813
Xyp9x,CounterTerrorist,1869.464,29.81232,120.763,M4A4,100,100,105.1399,-53.43028,0,False,True,True,64.33594,355.7813
Xyp9x,CounterTerrorist,1872.665,28.09769,120.5007,M4A4,100,100,-0.04241554,-1.815027,0,False,True,True,64.6875,355.7813
Xyp9x,CounterTerrorist,1870.717,29.01444,120.6444,M4A4,100,100,-53.45076,25.12754,0,False,True,True,64.6875,355.7813
Xyp9x,CounterTerrorist,1866.433,31.02801,120.9807,M4A4,100,100,-95.92803,45.1151,0,False,True,True,64.6875,355.7813
Xyp9x,CounterTerrorist,1863.237,32.52477,121.2311,M4A4,100,100,-10.85761,4.913345,0,False,True,True,64.6875,355.7813
Xyp9x,CounterTerrorist,1865.182,31.60182,121.0775,M4A4,100,100,53.36213,-25.31525,0,False,True,True,64.6875,355.7813
Xyp9x,CounterTerrorist,1870.25,29.20269,120.678,M4A4,100,100,101.172,-47.75306,0,False,True,True,65.03906,355.7813
Xyp9x,CounterTerrorist,1874.806,27.05015,120.3587,M4A4,100,100,59.87413,-28.46458,0,False,True,True,65.39063,355.7813
Xyp9x,CounterTerrorist,1875.446,26.72607,120.3152,M4A4,100,100,-21.50698,9.874765,0,False,True,True,65.39063,355.7813
Xyp9x,CounterTerrorist,1875.963,28.34343,120.4627,M4A4,100,100,39.63848,28.54203,0,False,True,True,65.39063,356.1328
Xyp9x,CounterTerrorist,1879.57,30.31818,120.5871,M4A4,100,100,80.58904,40.39587,0,True,True,True,66.09375,356.1328
Xyp9x,CounterTerrorist,1884.708,32.071,120.6481,M4A4,100,100,83.35812,19.43367,0,True,True,True,67.14844,355.7813
Xyp9x,CounterTerrorist,1889.995,32.72543,120.6256,M4A4,100,100,85.48338,4.194798,0,True,True,True,67.14844,355.7813
Xyp9x,CounterTerrorist,1895.599,32.52401,120.501,M4A4,100,100,78.03416,-7.896845,0,False,True,True,67.5,355.7813
Xyp9x,CounterTerrorist,1899.97,31.86453,120.3549,M4A4,100,100,81.24504,-14.89797,0,False,True,True,67.85156,355.7813
Xyp9x,CounterTerrorist,1905.152,30.71997,120.1465,M4A4,100,100,84.11037,-20.64348,0,False,True,True,68.55469,355.4297
Xyp9x,CounterTerrorist,1911.169,29.09519,119.8757,M4A4,100,100,86.6517,-24.77701,0,False,True,True,69.96094,355.4297
Xyp9x,CounterTerrorist,1916.65,27.46338,119.6143,M4A4,100,100,88.45538,-26.95405,0,False,True,True,71.01563,355.4297
Xyp9x,CounterTerrorist,1920.754,26.5871,119.4521,M4A4,100,100,76.48625,-9.251974,0,True,True,True,73.47656,355.7813
Xyp9x,CounterTerrorist,1925.621,26.57046,119.3592,M4A4,100,100,79.05403,4.389487,0,True,True,True,81.21094,356.8359
Xyp9x,CounterTerrorist,1931.557,26.73005,119.2644,M4A4,100,100,96.85813,1.25867,0,False,True,True,89.29688,357.5391
Xyp9x,CounterTerrorist,1938.068,26.79169,119.1881,M4A4,100,100,129.6166,1.103905,0,True,True,True,90.35156,357.5391
Xyp9x,CounterTerrorist,1946.817,26.86174,119.0846,M4A4,100,100,120.7534,0.9196461,0,True,True,True,90.35156,357.5391
Xyp9x,CounterTerrorist,1953.801,26.91326,119.0016,M4A4,100,100,92.90369,0.6816996,0,True,True,True,90.70313,357.5391
Xyp9x,CounterTerrorist,1958.122,26.94731,118.9504,M4A4,100,100,76.49673,0.7072387,0,False,True,True,91.40625,357.5391
Xyp9x,CounterTerrorist,1963.5,27.02311,118.8895,M4A4,100,100,76.48668,1.42745,0,False,True,True,92.8125,357.1875
Xyp9x,CounterTerrorist,1967.683,27.12387,118.8456,M4A4,100,100,76.46896,2.178725,0,False,True,True,93.86719,357.1875
Xyp9x,CounterTerrorist,1972.461,27.29797,118.8004,M4A4,100,100,76.43054,3.259219,0,False,True,True,94.92187,356.8359
Xyp9x,CounterTerrorist,1977.236,27.53545,118.7605,M4A4,100,100,76.38467,4.1991,0,False,True,True,95.27343,356.8359
Xyp9x,CounterTerrorist,1982.605,27.86509,118.7209,M4A4,100,100,76.33398,5.037126,0,False,True,True,95.27343,356.8359
Xyp9x,CounterTerrorist,1987.394,28.2044,118.6893,M4A4,100,100,77.94622,5.849036,0,True,True,True,95.97657,356.8359
Xyp9x,CounterTerrorist,1991.814,28.5616,118.6638,M4A4,100,100,82.78435,7.053145,0,True,True,True,96.6797,357.1875
Xyp9x,CounterTerrorist,1997.138,29.05593,118.6385,M4A4,100,100,86.87241,8.630455,0,True,True,True,98.08594,357.1875
Xyp9x,CounterTerrorist,2002.675,29.6594,118.6195,M4A4,100,100,89.78267,10.48271,0,True,True,True,99.84375,357.1875
Xyp9x,CounterTerrorist,2008.362,30.38705,118.6091,M4A4,100,100,91.80492,12.54588,0,True,True,True,101.25,356.8359
Xyp9x,CounterTerrorist,2013.552,31.12728,118.6059,M4A4,100,100,75.68224,11.15563,0,False,True,True,102.3047,356.4844
Xyp9x,CounterTerrorist,2018.853,32.02123,118.6059,M4A4,100,100,74.34044,16.8408,0,False,True,True,102.6563,356.4844
Xyp9x,CounterTerrorist,2023.293,33.72157,118.7003,M4A4,100,100,68.70588,34.49276,0,True,True,True,103.0078,356.4844
Xyp9x,CounterTerrorist,2027.302,36.37859,118.8716,M4A4,100,100,56.31621,48.91425,0,True,True,True,103.0078,356.4844
Xyp9x,CounterTerrorist,2030.045,39.87972,119.1291,M4A4,100,100,35.04551,60.82401,0,True,True,True,103.3594,356.4844
Xyp9x,CounterTerrorist,2031.044,43.45385,119.4145,M4A4,100,100,2.23968,66.56538,0,False,True,True,103.3594,356.4844
Xyp9x,CounterTerrorist,2029.921,47.67837,119.7805,M4A4,100,100,-32.08617,68.71463,0,False,True,True,103.0078,356.8359
Xyp9x,CounterTerrorist,2026.53,52.64972,120.2372,M4A4,100,100,-58.35088,71.32331,0,True,True,True,102.3047,356.8359
Xyp9x,CounterTerrorist,2022.64,56.9347,120.6429,M4A4,100,100,-64.98074,66.61971,0,True,True,True,102.3047,356.8359
Xyp9x,CounterTerrorist,2018.945,60.47805,120.9844,M4A4,100,100,-69.32323,63.54644,0,True,True,True,102.3047,356.8359
Xyp9x,CounterTerrorist,2014.438,64.14491,121.347,M4A4,100,100,-74.95981,50.44063,0,True,True,True,101.6016,356.8359
Xyp9x,CounterTerrorist,2009.537,66.62592,121.6801,M4A4,100,100,-80.877,32.27677,0,True,True,True,100.1953,356.4844
Xyp9x,CounterTerrorist,2003.995,68.21684,121.9387,M4A4,100,100,-74.96629,15.2416,0,False,True,True,99.49219,356.1328
Xyp9x,CounterTerrorist,1999.853,68.79444,122.0725,M4A4,100,100,-76.13755,7.437971,0,False,True,True,98.78906,356.1328
Xyp9x,CounterTerrorist,1995.16,69.67856,122.2465,M4A4,100,100,-73.95646,19.56254,0,False,True,True,98.08594,356.1328
Xyp9x,CounterTerrorist,1990.645,71.2431,122.4832,M4A4,100,100,-70.87259,28.79803,0,False,True,True,97.03126,355.7813
Xyp9x,CounterTerrorist,1986.32,73.2767,122.7754,M4A4,100,100,-67.98897,35.06779,0,False,True,True,97.03126,355.7813
Xyp9x,CounterTerrorist,1981.645,75.93559,123.1492,M4A4,100,100,-65.35675,39.75859,0,False,True,True,95.97657,355.7813
Xyp9x,CounterTerrorist,1978.124,78.19398,123.4583,M4A4,100,100,-63.71491,42.33982,0,False,True,True,94.92187,355.7813
Xyp9x,CounterTerrorist,1973.923,80.45779,123.7808,M4A4,100,100,-70.29408,30.18265,0,False,True,True,93.86719,355.7813
Xyp9x,CounterTerrorist,1969.384,81.9474,124.0262,M4A4,100,100,-73.99198,19.42773,0,False,True,True,93.16406,355.7813
Xyp9x,CounterTerrorist,1964.106,82.9695,124.2352,M4A4,100,100,-75.68352,11.14699,0,False,True,True,93.16406,356.1328
Xyp9x,CounterTerrorist,1959.904,83.53389,124.3747,M4A4,100,100,-48.57433,8.024197,0,True,True,True,91.75781,356.1328
Xyp9x,CounterTerrorist,1958.622,83.94794,124.4344,M4A4,100,100,-6.509951,9.517186,0,True,True,True,89.29688,356.4844
Xyp9x,CounterTerrorist,1958.975,84.5751,124.4946,M4A4,100,100,14.4607,13.92749,0,False,True,True,85.07813,357.1875
Xyp9x,CounterTerrorist,1961.247,87.45315,124.7714,M4A4,100,100,35.26875,68.77373,0,False,True,True,81.21094,357.1875
Xyp9x,CounterTerrorist,1963.122,91.9892,125.2245,M4A4,100,100,32.44422,85.38643,0,True,True,True,80.15625,356.8359
Xyp9x,CounterTerrorist,1965.008,97.44358,125.7763,M4A4,100,100,28.67203,88.5762,0,True,True,True,79.10156,356.8359
Xyp9x,CounterTerrorist,1966.643,102.7779,128.5545,M4A4,100,100,22.60956,75.06073,0,True,True,True,78.04688,356.8359
Xyp9x,CounterTerrorist,1967.972,107.3718,131.6178,M4A4,100,100,20.65333,73.65929,0,False,True,True,77.34375,356.8359
Xyp9x,CounterTerrorist,1969.224,111.9862,134.6948,M4A4,100,100,19.59687,73.94736,0,False,True,True,77.34375,356.8359
Xyp9x,CounterTerrorist,1970.165,116.6554,137.8078,M4A4,100,100,7.546113,75.77333,0,False,True,True,77.34375,356.8359
Xyp9x,CounterTerrorist,1970.052,121.4247,140.9873,M4A4,100,100,-8.303128,76.04807,0,False,True,True,77.34375,356.8359
Xyp9x,CounterTerrorist,1969.119,126.1223,144.1191,M4A4,100,100,-19.68608,74.89602,0,False,True,True,78.39844,357.5391
Xyp9x,CounterTerrorist,1967.64,130.89,147.2976,M4A4,100,100,-22.31376,78.32217,0,False,True,True,84.375,357.5391
Xyp9x,CounterTerrorist,1966.522,135.9848,150.6941,M4A4,100,100,-15.04645,83.77227,0,False,True,True,88.24219,357.8906
Xyp9x,CounterTerrorist,1965.676,142.0585,154.3551,M4A4,100,100,-9.904743,88.24297,0,False,True,True,88.59375,357.8906
Xyp9x,CounterTerrorist,1965.229,146.9672,157.1601,M4A4,100,100,-6.975204,90.79945,0,False,True,True,88.59375,357.8906
Xyp9x,CounterTerrorist,1964.852,153.4511,160.0313,M4A4,100,100,-4.213983,93.22559,0,False,True,True,88.59375,357.8906
Xyp9x,CounterTerrorist,1964.671,158.5944,160.0313,M4A4,100,100,-2.714688,94.61464,0,False,True,True,88.94531,358.2422
Xyp9x,CounterTerrorist,1964.544,164.5518,160.0313,M4A4,100,100,-1.578579,95.8104,0,False,True,True,89.29688,358.2422
Xyp9x,CounterTerrorist,1964.268,171.2489,160.0313,M4A4,100,100,-10.75014,92.78829,0,False,True,True,89.29688,358.5938
Xyp9x,CounterTerrorist,1963.03,176.8371,160.0313,M4A4,100,100,-26.16542,87.03982,0,False,True,True,89.29688,358.5938
Xyp9x,CounterTerrorist,1961.271,181.4747,160.0313,M4A4,100,100,-36.28283,83.26697,0,False,True,True,89.29688,358.5938
Xyp9x,CounterTerrorist,1958.979,186.6777,160.0313,M4A4,100,100,-32.71325,84.93088,0,False,True,True,89.29688,358.5938
Xyp9x,CounterTerrorist,1957.263,192.1236,160.0313,M4A4,100,100,-23.77787,88.67928,0,False,True,True,89.29688,358.5938
Xyp9x,CounterTerrorist,1955.653,197.6337,160.0313,M4A4,100,100,-30.83251,86.22854,0,False,True,True,89.29688,358.5938
Xyp9x,CounterTerrorist,1953.354,202.8753,160.0313,M4A4,100,100,-40.95721,82.2082,0,False,True,True,89.29688,358.5938
Xyp9x,CounterTerrorist,1950.136,208.5213,160.0313,M4A4,100,100,-49.1965,78.93652,0,False,True,True,89.29688,358.5938
Xyp9x,CounterTerrorist,1946.867,213.3782,160.0313,M4A4,100,100,-54.46896,76.85119,0,False,True,True,89.29688,358.5938
Xyp9x,CounterTerrorist,1943.778,217.5387,160.0313,M4A4,100,100,-57.82265,75.5856,0,False,True,True,88.59375,358.5938
Xyp9x,CounterTerrorist,1940.595,221.5344,160.0313,M4A4,100,100,-34.10615,55.35843,0,False,True,True,88.94531,358.2422
Xyp9x,CounterTerrorist,1939.819,224.2561,160.0313,M4A4,100,100,2.6274,33.70161,0,False,True,True,87.89063,358.2422
Xyp9x,CounterTerrorist,1940.752,225.5865,160.0313,M4A4,100,100,21.72361,13.11113,0,False,True,True,86.48438,358.2422
Xyp9x,CounterTerrorist,1942.427,226.0463,160.0313,M4A4,100,100,30.25626,4.152417,0,False,True,True,86.13281,358.5938
Xyp9x,CounterTerrorist,1943.358,226.2028,160.0313,M4A4,100,100,-3.70085,0.3644289,0,True,True,True,84.375,359.2969
Xyp9x,CounterTerrorist,1942.956,226.2692,160.0313,M4A4,100,100,-0.4424388,3.772745,0,True,True,True,85.78125,0.703125
Xyp9x,CounterTerrorist,1943.015,226.6443,160.0313,M4A4,100,100,0.8808917,9.298146,0,True,True,True,89.29688,4.21875
Xyp9x,CounterTerrorist,1942.951,228.1957,160.0313,M4A4,100,100,-3.657384,46.99991,0,False,True,True,97.03126,11.60156
Xyp9x,CounterTerrorist,1942.334,233.0618,160.0313,Knife,100,100,-15.74836,101.5109,0,False,True,True,103.7109,20.74219
Xyp9x,CounterTerrorist,1940.415,242.3227,160.0313,Knife,100,100,-37.27815,152.6797,0,False,True,True,110.7422,27.77344
Xyp9x,CounterTerrorist,1937.822,251.5664,160.0313,Knife,100,100,-54.75796,180.0779,0,False,True,True,113.2031,31.28906
Xyp9x,CounterTerrorist,1933.784,263.6581,160.0313,Knife,100,100,-71.81953,202.7248,0,False,True,True,114.9609,34.10156
Xyp9x,CounterTerrorist,1928.748,276.9005,160.0313,Knife,100,100,-87.25957,218.037,0,False,True,True,117.7734,35.85938
Xyp9x,CounterTerrorist,1922.793,290.8981,160.0313,Knife,100,100,-101.3447,227.8938,0,False,True,True,119.8828,37.61719
Xyp9x,CounterTerrorist,1916.118,305.0244,160.0313,Knife,100,100,-111.1504,223.9321,0,False,True,True,123.75,39.375
Xyp9x,CounterTerrorist,1913.7,309.8959,160.0313,Knife,100,100,0,0,0,False,True,True,124.8047,39.72656
Xyp9x,CounterTerrorist,1913.7,309.8959,160.0313,Knife,100,100,0,0,0,False,True,True,124.8047,39.72656
Xyp9x,CounterTerrorist,1913.7,309.8959,160.0313,Knife,100,100,0,0,0,False,True,True,124.8047,39.72656
Xyp9x,CounterTerrorist,1913.7,309.8959,160.0313,Knife,100,100,0,0,0,False,True,True,124.8047,39.72656
Xyp9x,CounterTerrorist,1913.7,309.8959,160.0313,Knife,100,100,0,0,0,False,True,True,124.8047,39.72656
Xyp9x,CounterTerrorist,1913.7,309.8959,160.0313,Knife,100,100,0,0,0,False,True,True,124.8047,39.72656
Xyp9x,CounterTerrorist,1913.7,309.8959,160.0313,Knife,100,100,0,0,0,False,True,True,124.8047,39.72656
Xyp9x,CounterTerrorist,1913.7,309.8959,160.0313,Knife,100,100,0,0,0,False,True,True,124.8047,39.72656
Xyp9x,CounterTerrorist,1913.7,309.8959,160.0313,Knife,100,100,0,0,0,False,True,True,124.8047,39.72656
Xyp9x,CounterTerrorist,1913.7,309.8959,160.0313,Knife,100,100,0,0,0,False,True,True,124.8047,39.72656
Xyp9x,CounterTerrorist,1913.7,309.8959,160.0313,Knife,100,100,0,0,0,False,True,True,124.8047,39.72656
Xyp9x,CounterTerrorist,1913.7,309.8959,160.0313,Knife,100,100,0,0,0,False,True,True,124.8047,39.72656
Xyp9x,CounterTerrorist,1913.7,309.8959,160.0313,Knife,100,100,0,0,0,False,True,True,124.8047,39.72656
Xyp9x,CounterTerrorist,1913.7,309.8959,160.0313,Knife,100,100,0,0,0,False,True,True,124.8047,39.72656
Xyp9x,CounterTerrorist,1913.7,309.8959,160.0313,Knife,100,100,0,0,0,False,True,True,124.8047,39.72656
Xyp9x,CounterTerrorist,1913.7,309.8959,160.0313,Knife,100,100,0,0,0,False,True,True,124.8047,39.72656
Xyp9x,CounterTerrorist,1913.7,309.8959,160.0313,Knife,100,100,0,0,0,False,True,True,124.8047,39.72656
Xyp9x,CounterTerrorist,1913.7,309.8959,160.0313,Knife,100,100,0,0,0,False,True,True,124.8047,39.72656
Xyp9x,CounterTerrorist,1913.7,309.8959,160.0313,Knife,100,100,0,0,0,False,True,True,124.8047,39.72656
Xyp9x,CounterTerrorist,1913.7,309.8959,160.0313,Knife,100,100,0,0,0,False,True,True,124.8047,39.72656
Xyp9x,CounterTerrorist,1913.7,309.8959,160.0313,Knife,100,100,0,0,0,False,True,True,124.8047,39.72656
Xyp9x,CounterTerrorist,1913.7,309.8959,160.0313,Knife,100,100,0,0,0,False,True,True,124.8047,39.72656
Xyp9x,CounterTerrorist,1913.7,309.8959,160.0313,Knife,100,100,0,0,0,False,True,True,124.8047,39.72656
Xyp9x,CounterTerrorist,1913.7,309.8959,160.0313,Knife,100,100,0,0,0,False,True,True,124.8047,39.72656
Xyp9x,CounterTerrorist,1913.7,309.8959,160.0313,Knife,100,100,0,0,0,False,True,True,124.8047,39.72656
Xyp9x,CounterTerrorist,1913.7,309.8959,160.0313,Knife,100,100,0,0,0,False,True,True,124.8047,39.72656
Xyp9x,CounterTerrorist,1913.7,309.8959,160.0313,Knife,100,100,0,0,0,False,True,True,124.8047,39.72656
Xyp9x,CounterTerrorist,1913.7,309.8959,160.0313,Knife,100,100,0,0,0,False,True,True,124.8047,39.72656
Xyp9x,CounterTerrorist,1913.7,309.8959,160.0313,Knife,100,100,0,0,0,False,True,True,124.8047,39.72656
Xyp9x,CounterTerrorist,1913.7,309.8959,160.0313,Knife,100,100,0,0,0,False,True,True,124.8047,39.72656
Xyp9x,CounterTerrorist,1913.7,309.8959,160.0313,Knife,100,100,0,0,0,False,True,True,124.8047,39.72656
Xyp9x,CounterTerrorist,1913.7,309.8959,160.0313,Knife,100,100,0,0,0,False,True,True,124.8047,39.72656
Xyp9x,CounterTerrorist,1913.7,309.8959,160.0313,Knife,100,100,0,0,0,False,True,True,124.8047,39.72656
Xyp9x,CounterTerrorist,1913.7,309.8959,160.0313,Knife,100,100,0,0,0,False,True,True,124.8047,39.72656
Xyp9x,CounterTerrorist,1913.7,309.8959,160.0313,Knife,100,100,0,0,0,False,True,True,124.8047,39.72656
Xyp9x,CounterTerrorist,1913.7,309.8959,160.0313,Knife,100,100,0,0,0,False,True,True,124.8047,39.72656
Xyp9x,CounterTerrorist,1913.7,309.8959,160.0313,Knife,100,100,0,0,0,False,True,True,124.8047,39.72656
Xyp9x,CounterTerrorist,1913.7,309.8959,160.0313,Knife,100,100,0,0,0,False,True,True,124.8047,39.72656
Xyp9x,CounterTerrorist,1913.7,309.8959,160.0313,Knife,100,100,0,0,0,False,True,True,124.8047,39.72656
Xyp9x,CounterTerrorist,1913.7,309.8959,160.0313,Knife,100,100,0,0,0,False,True,True,124.8047,39.72656
Xyp9x,CounterTerrorist,1913.7,309.8959,160.0313,Knife,100,100,0,0,0,False,True,True,124.8047,39.72656
Xyp9x,CounterTerrorist,1913.7,309.8959,160.0313,Knife,100,100,0,0,0,False,True,True,124.8047,39.72656
Xyp9x,CounterTerrorist,1913.7,309.8959,160.0313,Knife,100,100,0,0,0,False,True,True,124.8047,39.72656
Xyp9x,CounterTerrorist,1913.7,309.8959,160.0313,Knife,100,100,0,0,0,False,True,True,124.8047,39.72656
Xyp9x,CounterTerrorist,1913.7,309.8959,160.0313,Knife,100,100,0,0,0,False,True,True,124.8047,39.72656
Xyp9x,CounterTerrorist,1913.7,309.8959,160.0313,Knife,100,100,0,0,0,False,True,True,124.8047,39.72656
Xyp9x,CounterTerrorist,1913.7,309.8959,160.0313,Knife,100,100,0,0,0,False,True,True,124.8047,39.72656
Xyp9x,CounterTerrorist,1913.7,309.8959,160.0313,Knife,100,100,0,0,0,False,True,True,124.8047,39.72656
Xyp9x,CounterTerrorist,1913.7,309.8959,160.0313,Knife,100,100,0,0,0,False,True,True,124.8047,39.72656
Xyp9x,CounterTerrorist,1913.7,309.8959,160.0313,Knife,100,100,0,0,0,False,True,True,124.8047,39.72656
Xyp9x,CounterTerrorist,1913.7,309.8959,160.0313,Knife,100,100,0,0,0,False,True,True,124.8047,39.72656
Xyp9x,CounterTerrorist,1913.7,309.8959,160.0313,Knife,100,100,0,0,0,False,True,True,124.8047,39.72656
Xyp9x,CounterTerrorist,1913.7,309.8959,160.0313,Knife,100,100,0,0,0,False,True,True,124.8047,39.72656
Xyp9x,CounterTerrorist,1913.7,309.8959,160.0313,Knife,100,100,0,0,0,False,True,True,124.8047,39.72656
Xyp9x,CounterTerrorist,1913.7,309.8959,160.0313,Knife,100,100,0,0,0,False,True,True,124.8047,39.72656
Xyp9x,CounterTerrorist,1913.7,309.8959,160.0313,Knife,100,100,0,0,0,False,True,True,124.8047,39.72656
Xyp9x,CounterTerrorist,1913.7,309.8959,160.0313,Knife,100,100,0,0,0,False,True,True,124.8047,39.72656
Xyp9x,CounterTerrorist,1913.7,309.8959,160.0313,Knife,100,100,0,0,0,False,True,True,124.8047,39.72656
Xyp9x,CounterTerrorist,1913.7,309.8959,160.0313,Knife,100,100,0,0,0,False,True,True,124.8047,39.72656
Xyp9x,CounterTerrorist,1913.7,309.8959,160.0313,Knife,100,100,0,0,0,False,True,True,124.8047,39.72656
Xyp9x,CounterTerrorist,1913.7,309.8959,160.0313,Knife,100,100,0,0,0,False,True,True,124.8047,39.72656
Xyp9x,CounterTerrorist,1913.7,309.8959,160.0313,Knife,100,100,0,0,0,False,True,True,124.8047,39.72656
Xyp9x,CounterTerrorist,1913.7,309.8959,160.0313,Knife,100,100,0,0,0,False,True,True,124.8047,39.72656
Xyp9x,CounterTerrorist,1913.7,309.8959,160.0313,Knife,100,100,0,0,0,False,True,True,124.8047,39.72656
Xyp9x,CounterTerrorist,1913.7,309.8959,160.0313,Knife,100,100,0,0,0,False,True,True,124.8047,39.72656
Xyp9x,CounterTerrorist,1913.7,309.8959,160.0313,Knife,100,100,0,0,0,False,True,True,124.8047,39.72656
Xyp9x,CounterTerrorist,1913.7,309.8959,160.0313,Knife,100,100,0,0,0,False,True,True,124.8047,39.72656
Xyp9x,CounterTerrorist,1913.7,309.8959,160.0313,Knife,100,100,0,0,0,False,True,True,124.8047,39.72656
Xyp9x,CounterTerrorist,1913.7,309.8959,160.0313,Knife,100,100,0,0,0,False,True,True,124.8047,39.72656
Xyp9x,CounterTerrorist,1913.7,309.8959,160.0313,Knife,100,100,0,0,0,False,True,True,124.8047,39.72656
Xyp9x,CounterTerrorist,1913.7,309.8959,160.0313,Knife,100,100,0,0,0,False,True,True,124.8047,39.72656
Xyp9x,CounterTerrorist,1913.7,309.8959,160.0313,Knife,100,100,0,0,0,False,True,True,124.8047,39.72656
Xyp9x,CounterTerrorist,1913.7,309.8959,160.0313,Knife,100,100,0,0,0,False,True,True,124.8047,39.72656
Xyp9x,CounterTerrorist,1913.7,309.8959,160.0313,Knife,100,100,0,0,0,False,True,True,124.8047,39.72656
Xyp9x,CounterTerrorist,1913.7,309.8959,160.0313,Knife,100,100,0,0,0,False,True,True,124.8047,39.72656
Xyp9x,CounterTerrorist,1913.7,309.8959,160.0313,Knife,100,100,0,0,0,False,True,True,124.8047,39.72656
Xyp9x,CounterTerrorist,1913.7,309.8959,160.0313,Knife,100,100,0,0,0,False,True,True,124.8047,39.72656
Xyp9x,CounterTerrorist,1913.7,309.8959,160.0313,Knife,100,100,0,0,0,False,True,True,124.8047,39.72656
Xyp9x,CounterTerrorist,1913.7,309.8959,160.0313,Knife,100,100,0,0,0,False,True,True,124.8047,39.72656
Xyp9x,CounterTerrorist,1913.7,309.8959,160.0313,Knife,100,100,0,0,0,False,True,True,124.8047,39.72656
Xyp9x,CounterTerrorist,1913.7,309.8959,160.0313,Knife,100,100,0,0,0,False,True,True,124.8047,39.72656
Xyp9x,CounterTerrorist,1913.7,309.8959,160.0313,Knife,100,100,0,0,0,False,True,True,124.8047,39.72656
Xyp9x,CounterTerrorist,1913.7,309.8959,160.0313,Knife,100,100,0,0,0,False,True,True,124.8047,39.72656
Xyp9x,CounterTerrorist,1913.7,309.8959,160.0313,Knife,100,100,0,0,0,False,True,True,124.8047,39.72656
Xyp9x,CounterTerrorist,1913.287,310.4892,160.0313,Knife,100,100,-20.15952,28.99253,0,False,True,True,124.8047,39.72656
Xyp9x,CounterTerrorist,1910.259,314.8446,160.0313,M4A4,100,100,-60.18768,86.55925,0,False,True,True,124.8047,39.72656
Xyp9x,CounterTerrorist,1905.63,321.5022,160.0313,M4A4,100,100,-83.81086,120.5331,0,False,True,True,124.8047,39.72656
Xyp9x,CounterTerrorist,1899.753,329.9544,160.0313,M4A4,100,100,-101.2107,145.5567,0,False,True,True,124.8047,39.72656
Xyp9x,CounterTerrorist,1893.815,338.3979,160.0313,M4A4,100,100,-116.6994,155.6394,0,False,True,True,124.8047,39.72656
Xyp9x,CounterTerrorist,1885.154,347.0831,160.0313,M4A4,100,100,-153.8472,127.7535,0,False,True,True,122.3438,38.32031
Xyp9x,CounterTerrorist,1874.612,354.6041,160.0313,M4A4,100,100,-178.0953,117.7793,0,False,True,True,108.2813,34.45313
Xyp9x,CounterTerrorist,1864.479,363.0662,160.0313,M4A4,100,100,-142.5451,151.6087,0,False,True,True,86.83594,30.58594
Xyp9x,CounterTerrorist,1857.427,373.6867,160.0313,Knife,100,100,-88.54422,183.8381,0,False,True,True,71.36719,28.47656
Xyp9x,CounterTerrorist,1853.624,387.6203,160.0313,Knife,100,100,-27.77147,207.6011,0,False,True,True,62.92969,27.42188
Xyp9x,CounterTerrorist,1853.356,399.2617,160.0313,M4A4,100,100,10.5983,214.7475,0,False,True,True,58.71093,28.125
Xyp9x,CounterTerrorist,1855.279,412.7479,160.0313,M4A4,100,100,45.4985,216.1405,0,False,True,True,55.54688,29.17969
Xyp9x,CounterTerrorist,1859.219,426.1612,160.0313,M4A4,100,100,76.3067,211.6655,0,False,True,True,47.46093,30.9375
Xyp9x,CounterTerrorist,1865.027,438.9552,160.0313,M4A4,100,100,105.8778,198.5318,0,False,True,True,37.61719,32.34375
Xyp9x,CounterTerrorist,1867.938,450.8311,160.0313,USP,100,100,0,183.0855,0,False,True,True,26.71875,33.75
Xyp9x,CounterTerrorist,1869.039,461.3874,160.0313,USP,100,100,45.60853,148.2517,0,False,True,True,16.52344,35.15625
Xyp9x,CounterTerrorist,1873.776,467.8361,160.0313,USP,100,100,96.45568,70.64667,0,False,True,True,11.60156,36.21094
Xyp9x,CounterTerrorist,1882.266,470.0587,160.0313,Knife,100,100,138.5724,3.511816,0,False,True,True,11.60156,36.21094
Xyp9x,CounterTerrorist,1890.961,470.6898,160.0313,Knife,100,100,172.9533,17.20491,0,False,True,True,12.65625,36.21094
Xyp9x,CounterTerrorist,1902.842,472.2548,160.0313,Knife,100,100,201.9038,31.3605,0,False,True,True,16.17188,35.50781
Xyp9x,CounterTerrorist,1917.744,475.4249,160.0313,Knife,100,100,209.2612,65.05458,0,False,True,True,27.07031,31.99219
Xyp9x,CounterTerrorist,1929.437,481.6064,160.0313,Knife,100,100,169.1959,123.1455,0,False,True,True,37.61719,27.07031
Xyp9x,CounterTerrorist,1937.513,489.6194,160.0313,Knife,100,100,131.0614,162.6034,0,False,True,True,47.46093,23.90625
Xyp9x,CounterTerrorist,1944.309,500.9706,160.0313,Knife,100,100,102.1551,192.4654,0,False,True,True,56.25,22.14844
Xyp9x,CounterTerrorist,1951.171,513.5479,160.0313,Knife,100,100,114.2768,207.9209,0,False,True,True,61.17188,21.79688
Xyp9x,CounterTerrorist,1958.476,527.0383,160.0313,Knife,100,100,117.4717,220.6817,0,False,True,True,65.03906,22.14844
Xyp9x,CounterTerrorist,1965.639,540.9242,160.0313,Knife,100,100,112.0585,223.4791,0,False,True,True,68.20313,23.20313
Xyp9x,CounterTerrorist,1972.409,555.0056,160.0313,Knife,100,100,105.5031,226.6475,0,False,True,True,69.60938,24.25781
Xyp9x,CounterTerrorist,1980.048,570.7716,160.0313,Knife,100,100,123.947,213.7037,0,False,True,True,66.44531,26.36719
Xyp9x,CounterTerrorist,1987.818,579.751,160.0313,Knife,100,100,153.0587,127.8558,0,False,True,True,52.03125,29.53125
Xyp9x,CounterTerrorist,1997.784,584.4219,160.0313,Knife,100,100,159.8442,34.18058,0,False,True,True,28.125,35.85938
Xyp9x,CounterTerrorist,2008.105,583.0987,160.0313,Knife,100,100,131.6697,-58.01234,0,False,True,True,3.164063,46.05469
Xyp9x,CounterTerrorist,2012.823,579.2972,160.0313,Knife,100,100,38.47992,-49.90864,0,False,True,True,347.6953,53.08593
Xyp9x,CounterTerrorist,2014.745,576.8043,160.0313,Knife,100,100,24.74155,-32.08991,0,False,True,True,335.7422,55.89844
Xyp9x,CounterTerrorist,2015.723,575.5366,160.0313,Knife,100,100,12.72047,-16.49852,0,False,True,True,327.3047,55.19531
Xyp9x,CounterTerrorist,2016.043,575.1216,160.0313,Knife,100,100,0,0,0,False,True,True,318.5156,52.03125
Xyp9x,CounterTerrorist,2016.043,575.1216,160.0313,Knife,100,100,0,0,0,False,True,True,309.375,47.46093
Xyp9x,CounterTerrorist,2016.043,575.1216,160.0313,Knife,100,100,0,0,0,False,True,True,302.3438,43.24219
Xyp9x,CounterTerrorist,2016.043,575.1216,160.0313,M4A4,100,100,0,0,0,False,True,True,299.1797,41.13281
Xyp9x,CounterTerrorist,2016.043,575.1216,160.0313,M4A4,100,100,0,0,0,False,True,True,298.8281,40.78125
Xyp9x,CounterTerrorist,2016.043,575.1216,160.0313,M4A4,100,100,0,0,0,False,True,True,298.8281,40.78125
Xyp9x,CounterTerrorist,2016.043,575.1216,160.0313,M4A4,100,100,0,0,0,False,True,True,298.8281,40.78125
Xyp9x,CounterTerrorist,2016.043,575.1216,160.0313,M4A4,100,100,0,0,0,False,True,True,298.8281,40.78125
Xyp9x,CounterTerrorist,2016.043,575.1216,160.0313,M4A4,100,100,0,0,0,False,True,True,301.2891,40.42969
Xyp9x,CounterTerrorist,2016.874,574.1469,160.0313,M4A4,100,100,30.96289,-32.37144,0,False,True,True,321.3281,36.5625
Xyp9x,CounterTerrorist,2020.734,571.5566,160.0313,Knife,100,100,88.1039,-41.88092,0,False,True,True,359.6484,28.125
Xyp9x,CounterTerrorist,2028.106,570.0121,160.0313,Knife,100,100,137.2711,-7.157379,0,False,True,True,27.42188,19.6875
Xyp9x,CounterTerrorist,2037.846,570.9631,160.0313,Knife,100,100,168.8884,30.92,0,False,True,True,28.125,19.33594
Xyp9x,CounterTerrorist,2049.257,573.9255,160.0313,Knife,100,100,192.1763,58.96614,0,False,True,True,28.125,19.33594
Xyp9x,CounterTerrorist,2061.898,578.3696,160.0313,Knife,100,100,209.3291,79.62371,0,False,True,True,28.125,19.33594
Xyp9x,CounterTerrorist,2075.507,583.2779,160.0313,Knife,100,100,225.0516,63.3423,0,False,True,True,28.125,19.33594
Xyp9x,CounterTerrorist,2089.929,587.4958,160.0313,Knife,100,100,234.1688,76.47148,0,False,True,True,28.125,19.33594
Xyp9x,CounterTerrorist,2106.421,593.5108,160.0313,Knife,100,100,232.752,91.2496,0,False,True,True,28.125,21.09375
Xyp9x,CounterTerrorist,2119.055,598.7347,160.0313,Knife,100,100,229.8809,98.25862,0,False,True,True,27.77344,24.25781
Xyp9x,CounterTerrorist,2133.341,605.0617,160.0313,Knife,100,100,227.6853,103.2443,0,False,True,True,27.77344,27.77344
Xyp9x,CounterTerrorist,2146.274,611.062,160.0313,M4A4,100,100,203.2944,96.41783,0,False,True,True,28.82813,30.58594
Xyp9x,CounterTerrorist,2160.214,617.8929,160.0313,AK47,100,100,191.9351,96.88094,0,False,True,True,31.99219,31.64063
Xyp9x,CounterTerrorist,2170.591,623.4191,160.0313,AK47,100,100,187.7202,104.8147,0,False,True,True,38.32031,31.28906
Xyp9x,CounterTerrorist,2182.062,630.4121,160.0313,AK47,100,100,179.8935,117.7426,0,False,True,True,45.35156,29.17969
Xyp9x,CounterTerrorist,2192.94,638.2942,160.0313,AK47,100,100,169.0232,132.8764,0,False,True,True,53.08593,27.07031
Xyp9x,CounterTerrorist,2204.238,648.3271,156.2785,AK47,100,100,153.5573,150.4831,0,False,True,True,60.11719,24.96094
Xyp9x,CounterTerrorist,2213.271,658.267,155.1619,AK47,100,100,137.1144,165.6039,0,False,True,True,67.5,23.20313
Xyp9x,CounterTerrorist,2220.273,667.7072,154.2482,AK47,100,100,121.1307,177.6298,0,False,True,True,72.42188,22.14844
Xyp9x,CounterTerrorist,2227.2,679.2154,153.3603,AK47,100,100,102.9768,188.7347,0,False,True,True,76.28906,21.09375
Xyp9x,CounterTerrorist,2233.05,691.3084,152.6279,AK47,100,100,86.78147,196.7079,0,False,True,True,78.04688,20.03906
Xyp9x,CounterTerrorist,2238.024,703.7895,152.0214,AK47,100,100,74.54792,201.6621,0,False,True,True,78.04688,20.03906
Xyp9x,CounterTerrorist,2242.36,716.5072,151.5062,AK47,100,100,65.79722,204.6844,0,False,True,True,78.04688,20.03906
Xyp9x,CounterTerrorist,2246.251,729.3683,151.0545,AK47,100,100,59.85034,206.5017,0,False,True,True,78.04688,20.03906
Xyp9x,CounterTerrorist,2250.271,743.9409,150.5973,AK47,100,100,55.29731,207.7672,0,False,True,True,78.04688,20.03906
Xyp9x,CounterTerrorist,2253.623,756.9536,150.2359,AK47,100,100,52.47647,208.4975,0,False,True,True,78.04688,20.03906
Xyp9x,CounterTerrorist,2256.448,768.3668,150.2276,AK47,100,100,51.28327,208.7942,0,False,True,True,76.64063,20.03906
Xyp9x,CounterTerrorist,2259.651,781.4166,163.3177,AK47,100,100,51.25673,208.8007,261.3684,False,True,True,73.47656,21.09375
Xyp9x,CounterTerrorist,2262.677,794.5261,178.0908,AK47,100,100,39.9155,212.6183,211.3684,False,True,True,71.36719,22.85156
Xyp9x,CounterTerrorist,2265.154,807.8204,189.7389,AK47,100,100,38.35233,213.1343,161.3684,False,True,True,71.71875,23.90625
Xyp9x,CounterTerrorist,2267.016,821.2974,198.2619,AK47,100,100,20.9557,217.9406,111.3684,False,True,True,76.64063,24.96094
Xyp9x,CounterTerrorist,2267.397,835.0859,203.66,AK47,100,100,-8.107547,222.5364,61.36838,False,True,True,84.375,25.66406
Xyp9x,CounterTerrorist,2265.625,849.0198,205.9331,AK47,100,100,-44.48855,222.1797,11.36838,False,True,True,95.62501,26.01563
