Name,Team,Position.X,Position.Y,Position.Z,ActiveWeapon,HP,Armour,Velocity.X,Velocity.Y,Velocity.Z,IsDucking,HasHelmet,HasDefuseKit,ViewDirectionX,ViewDirectionY,Map = de_inferno
JW,CounterTerrorist,2432,2184,124.5662,CZ,100,0,0,0,0,False,False,False,195.8203,0.3515625
JW,CounterTerrorist,2432,2184,124.3104,CZ,100,0,0,0,0,False,False,False,195.8203,0.3515625
JW,CounterTerrorist,2432,2184,124.3104,CZ,100,0,0,0,0,False,False,False,195.8203,0.3515625
JW,CounterTerrorist,2432,2184,124.3104,CZ,100,0,0,0,0,False,False,False,195.8203,0.3515625
JW,CounterTerrorist,2432,2184,124.3104,CZ,100,0,0,0,0,False,False,False,195.8203,0.3515625
JW,CounterTerrorist,2432,2184,124.3104,CZ,100,0,0,0,0,False,False,False,195.8203,0.3515625
JW,CounterTerrorist,2432,2184,124.3104,CZ,100,0,0,0,0,False,False,False,195.8203,0.3515625
JW,CounterTerrorist,2432,2184,124.3104,Knife,100,0,0,0,0,False,False,False,271.0547,0
JW,CounterTerrorist,2432,2184,124.3104,Knife,100,0,0,0,0,False,False,False,271.0547,0
JW,CounterTerrorist,2432,2184,124.3104,Knife,100,0,0,0,0,False,False,False,271.0547,0
JW,CounterTerrorist,2432,2184,124.3104,Knife,100,0,0,0,0,False,False,False,271.0547,0
JW,CounterTerrorist,2432,2184,124.3104,Knife,100,0,0,0,0,False,False,False,271.0547,0
JW,CounterTerrorist,2432,2184,124.3104,Knife,100,0,0,0,0,False,False,False,271.0547,0
JW,CounterTerrorist,2432,2184,124.3104,Knife,100,0,0,0,0,False,False,False,271.0547,0
JW,CounterTerrorist,2432,2184,124.3104,Knife,100,0,0,0,0,False,False,False,271.0547,0
JW,CounterTerrorist,2432,2184,124.3104,Knife,100,0,0,0,0,False,False,False,271.4063,359.6484
JW,CounterTerrorist,2432,2184,124.3104,Knife,100,0,0,0,0,False,False,False,272.1094,359.6484
JW,CounterTerrorist,2432,2184,124.3104,Knife,100,0,0,0,0,False,False,False,272.1094,359.6484
JW,CounterTerrorist,2432,2184,124.3104,Knife,100,0,0,0,0,False,False,False,272.1094,359.6484
JW,CounterTerrorist,2432,2184,124.3104,Knife,100,0,0,0,0,False,False,False,272.1094,359.6484
JW,CounterTerrorist,2432,2184,124.3104,Knife,100,0,0,0,0,False,False,False,272.1094,359.6484
JW,CounterTerrorist,2432,2184,124.3104,Knife,100,0,0,0,0,False,False,False,272.1094,359.6484
JW,CounterTerrorist,2432,2184,124.3104,Knife,100,0,0,0,0,False,False,False,272.1094,359.6484
JW,CounterTerrorist,2432,2184,124.3104,Knife,100,0,0,0,0,False,False,False,272.1094,359.6484
JW,CounterTerrorist,2432,2184,124.3104,Knife,100,0,0,0,0,False,False,False,272.1094,359.6484
JW,CounterTerrorist,2432,2184,124.3104,Knife,100,0,0,0,0,False,False,False,272.1094,359.6484
JW,CounterTerrorist,2432,2184,124.3104,Knife,100,0,0,0,0,False,False,False,272.1094,359.6484
JW,CounterTerrorist,2432,2184,124.3104,Knife,100,0,0,0,0,False,False,False,272.1094,359.6484
JW,CounterTerrorist,2432,2184,124.3104,Knife,100,0,0,0,0,False,False,False,272.1094,359.6484
JW,CounterTerrorist,2432,2184,124.3104,Knife,100,0,0,0,0,False,False,False,272.1094,359.6484
JW,CounterTerrorist,2432,2184,124.3104,Knife,100,0,0,0,0,False,False,False,272.1094,359.6484
JW,CounterTerrorist,2432,2184,124.3104,Knife,100,0,0,0,0,False,False,False,272.1094,359.6484
JW,CounterTerrorist,2432,2184,124.3104,Knife,100,0,0,0,0,False,False,False,272.1094,359.6484
JW,CounterTerrorist,2432,2184,124.3104,Knife,100,0,0,0,0,False,False,False,272.1094,359.6484
JW,CounterTerrorist,2432,2184,124.3104,Knife,100,0,0,0,0,False,False,False,272.1094,359.6484
JW,CounterTerrorist,2432,2184,124.3104,Knife,100,0,0,0,0,False,False,False,272.1094,359.6484
JW,CounterTerrorist,2432,2184,124.3104,Knife,100,0,0,0,0,False,False,False,272.1094,359.6484
JW,CounterTerrorist,2432,2184,124.3104,Knife,100,0,0,0,0,False,False,False,272.1094,359.6484
JW,CounterTerrorist,2432,2184,124.3104,Knife,100,0,0,0,0,False,False,False,272.1094,359.6484
JW,CounterTerrorist,2432,2184,124.3104,Knife,100,0,0,0,0,False,False,False,272.1094,359.6484
JW,CounterTerrorist,2432,2184,124.3104,Knife,100,0,0,0,0,False,False,False,272.1094,359.6484
JW,CounterTerrorist,2432,2184,124.3104,Knife,100,0,0,0,0,False,False,False,272.1094,359.6484
JW,CounterTerrorist,2432,2184,124.3104,Knife,100,0,0,0,0,False,False,False,272.1094,359.6484
JW,CounterTerrorist,2432,2184,124.3104,Knife,100,0,0,0,0,False,False,False,272.1094,359.6484
JW,CounterTerrorist,2432,2184,124.3104,Knife,100,0,0,0,0,False,False,False,272.1094,359.6484
JW,CounterTerrorist,2432,2184,124.3104,Knife,100,0,0,0,0,False,False,False,272.1094,359.6484
JW,CounterTerrorist,2432,2184,124.3104,Knife,100,0,0,0,0,False,False,False,272.1094,359.6484
JW,CounterTerrorist,2432,2184,124.3104,Knife,100,0,0,0,0,False,False,False,272.1094,359.6484
JW,CounterTerrorist,2432,2184,124.3104,Knife,100,0,0,0,0,False,False,False,272.1094,359.6484
JW,CounterTerrorist,2432,2184,124.3104,Knife,100,0,0,0,0,False,False,False,272.1094,359.6484
JW,CounterTerrorist,2432,2184,124.3104,Knife,100,0,0,0,0,False,False,False,272.1094,359.6484
JW,CounterTerrorist,2432,2184,124.3104,Knife,100,0,0,0,0,False,False,False,272.1094,359.6484
JW,CounterTerrorist,2432,2184,124.3104,Knife,100,0,0,0,0,False,False,False,272.1094,359.6484
JW,CounterTerrorist,2432,2184,124.3104,Knife,100,0,0,0,0,False,False,False,272.1094,359.6484
JW,CounterTerrorist,2432,2184,124.3104,Knife,100,0,0,0,0,False,False,False,272.1094,359.6484
JW,CounterTerrorist,2432,2184,124.3104,Knife,100,0,0,0,0,False,False,False,272.1094,359.6484
JW,CounterTerrorist,2432,2184,124.3104,Knife,100,0,0,0,0,False,False,False,272.1094,359.6484
JW,CounterTerrorist,2432,2184,124.3104,Knife,100,0,0,0,0,False,False,False,272.1094,359.6484
JW,CounterTerrorist,2432,2184,124.3104,Knife,100,0,0,0,0,False,False,False,272.1094,359.6484
JW,CounterTerrorist,2432,2184,124.3104,Knife,100,0,0,0,0,False,False,False,272.1094,359.6484
JW,CounterTerrorist,2432,2184,124.3104,Knife,100,0,0,0,0,False,False,False,272.1094,359.6484
JW,CounterTerrorist,2432,2184,124.3104,Knife,100,0,0,0,0,False,False,False,272.1094,359.6484
JW,CounterTerrorist,2432,2184,124.3104,Knife,100,0,0,0,0,False,False,False,272.1094,359.6484
JW,CounterTerrorist,2432,2184,124.3104,Knife,100,0,0,0,0,False,False,False,272.1094,359.6484
JW,CounterTerrorist,2432,2184,124.3104,Knife,100,0,0,0,0,False,False,False,272.1094,359.6484
JW,CounterTerrorist,2432,2184,124.3104,Knife,100,0,0,0,0,False,False,False,272.1094,359.6484
JW,CounterTerrorist,2432,2184,124.3104,Knife,100,0,0,0,0,False,False,False,272.1094,359.6484
JW,CounterTerrorist,2432,2184,124.3104,Knife,100,0,0,0,0,False,False,False,272.1094,359.6484
JW,CounterTerrorist,2432,2184,124.3104,Knife,100,0,0,0,0,False,False,False,272.1094,359.6484
JW,CounterTerrorist,2432,2184,124.3104,Knife,100,0,0,0,0,False,False,False,272.1094,359.6484
JW,CounterTerrorist,2432,2184,124.3104,Knife,100,0,0,0,0,False,False,False,272.1094,359.6484
JW,CounterTerrorist,2432,2184,124.3104,Knife,100,0,0,0,0,False,False,False,272.1094,359.6484
JW,CounterTerrorist,2432,2184,124.3104,Knife,100,0,0,0,0,False,False,False,272.1094,359.6484
JW,CounterTerrorist,2432,2184,124.3104,Knife,100,0,0,0,0,False,False,False,272.1094,359.6484
JW,CounterTerrorist,2432,2184,124.3104,Knife,100,0,0,0,0,False,False,False,272.1094,359.6484
JW,CounterTerrorist,2432,2184,124.3104,Knife,100,0,0,0,0,False,False,False,272.1094,359.6484
JW,CounterTerrorist,2432,2184,124.3104,Knife,100,0,0,0,0,False,False,False,272.1094,359.6484
JW,CounterTerrorist,2432,2184,124.3104,Knife,100,0,0,0,0,False,False,False,272.1094,359.6484
JW,CounterTerrorist,2432,2184,124.3104,Knife,100,0,0,0,0,False,False,False,272.1094,359.6484
JW,CounterTerrorist,2432,2184,124.3104,Knife,100,0,0,0,0,False,False,False,272.1094,359.6484
JW,CounterTerrorist,2432,2184,124.3104,Knife,100,0,0,0,0,False,False,False,272.1094,359.6484
JW,CounterTerrorist,2432,2184,124.3104,Knife,100,0,0,0,0,False,False,False,272.1094,359.6484
JW,CounterTerrorist,2432,2184,124.3104,Knife,100,0,0,0,0,False,False,False,272.1094,359.6484
JW,CounterTerrorist,2432,2184,124.3104,Knife,100,0,0,0,0,False,False,False,272.1094,359.6484
JW,CounterTerrorist,2432,2184,124.3104,Knife,100,0,0,0,0,False,False,False,272.1094,359.6484
JW,CounterTerrorist,2432,2184,124.3104,Knife,100,0,0,0,0,False,False,False,272.1094,359.6484
JW,CounterTerrorist,2432,2184,124.3104,Knife,100,0,0,0,0,False,False,False,272.1094,359.6484
JW,CounterTerrorist,2432,2184,124.3104,Knife,100,0,0,0,0,False,False,False,272.1094,359.6484
JW,CounterTerrorist,2432,2184,124.3104,Knife,100,0,0,0,0,False,False,False,272.1094,359.6484
JW,CounterTerrorist,2432,2184,124.3104,Knife,100,0,0,0,0,False,False,False,272.1094,359.6484
JW,CounterTerrorist,2432,2184,124.3104,Knife,100,0,0,0,0,False,False,False,272.1094,359.6484
JW,CounterTerrorist,2432,2184,124.3104,Knife,100,0,0,0,0,False,False,False,272.1094,359.6484
JW,CounterTerrorist,2432,2184,124.3104,Knife,100,0,0,0,0,False,False,False,272.1094,359.6484
JW,CounterTerrorist,2432,2184,124.3104,Knife,100,0,0,0,0,False,False,False,272.1094,359.6484
JW,CounterTerrorist,2432,2184,124.3104,Knife,100,0,0,0,0,False,False,False,272.1094,359.6484
JW,CounterTerrorist,2432,2184,124.3104,Knife,100,0,0,0,0,False,False,False,272.1094,359.6484
JW,CounterTerrorist,2432,2184,124.3104,Knife,100,0,0,0,0,False,False,False,272.1094,359.6484
JW,CounterTerrorist,2432,2184,124.3104,Knife,100,0,0,0,0,False,False,False,272.1094,359.6484
JW,CounterTerrorist,2432,2184,124.3104,Knife,100,0,0,0,0,False,False,False,272.1094,359.6484
JW,CounterTerrorist,2432,2184,124.3104,Knife,100,0,0,0,0,False,False,False,272.1094,359.6484
JW,CounterTerrorist,2432,2184,124.3104,Knife,100,0,0,0,0,False,False,False,272.1094,359.6484
JW,CounterTerrorist,2432,2184,124.3104,Knife,100,0,0,0,0,False,False,False,272.1094,359.6484
JW,CounterTerrorist,2432,2184,124.3104,Knife,100,0,0,0,0,False,False,False,272.1094,359.6484
JW,CounterTerrorist,2432,2184,124.3104,Knife,100,0,0,0,0,False,False,False,272.1094,359.6484
JW,CounterTerrorist,2432,2184,124.3104,Knife,100,0,0,0,0,False,False,False,272.1094,359.6484
JW,CounterTerrorist,2432,2184,124.3104,Knife,100,0,0,0,0,False,False,False,272.1094,359.6484
JW,CounterTerrorist,2432,2184,124.3104,Knife,100,0,0,0,0,False,False,False,272.1094,359.6484
JW,CounterTerrorist,2432,2184,124.3104,Knife,100,0,0,0,0,False,False,False,272.1094,359.6484
JW,CounterTerrorist,2432,2184,124.3104,Knife,100,0,0,0,0,False,False,False,272.1094,359.6484
JW,CounterTerrorist,2432,2184,124.3104,Knife,100,0,0,0,0,False,False,False,271.4063,359.2969
JW,CounterTerrorist,2432,2184,124.3104,Knife,100,0,0,0,0,False,False,False,270.7031,359.2969
JW,CounterTerrorist,2432,2184,124.3104,Knife,100,0,0,0,0,False,False,False,270,359.2969
JW,CounterTerrorist,2432,2184,124.3104,Knife,100,0,0,0,0,False,False,False,269.6484,358.9453
JW,CounterTerrorist,2432,2184,124.3104,Knife,100,0,0,0,0,False,False,False,269.6484,358.9453
JW,CounterTerrorist,2432,2184,124.3104,Knife,100,0,0,0,0,False,False,False,269.2969,358.9453
JW,CounterTerrorist,2432,2184,124.3104,Knife,100,0,0,0,0,False,False,False,269.2969,358.9453
JW,CounterTerrorist,2432,2184,124.3104,Knife,100,0,0,0,0,False,False,False,269.2969,358.9453
JW,CounterTerrorist,2432,2184,124.3104,Knife,100,0,0,0,0,False,False,False,269.2969,358.9453
JW,CounterTerrorist,2432,2184,124.3104,Knife,100,0,0,0,0,False,False,False,269.2969,358.9453
JW,CounterTerrorist,2432,2184,124.3104,Knife,100,0,0,0,0,False,False,False,269.2969,358.9453
JW,CounterTerrorist,2432,2184,124.3104,Knife,100,0,0,0,0,False,False,False,269.2969,358.9453
JW,CounterTerrorist,2432,2184,124.3104,Knife,100,0,0,0,0,False,False,False,269.2969,358.9453
JW,CounterTerrorist,2432,2184,124.3104,Knife,100,0,0,0,0,False,False,False,269.2969,358.9453
JW,CounterTerrorist,2432,2184,124.3104,Knife,100,0,0,0,0,False,False,False,268.9453,358.9453
JW,CounterTerrorist,2432,2184,124.3104,Knife,100,0,0,0,0,False,False,False,268.9453,358.9453
JW,CounterTerrorist,2432,2184,124.3104,Knife,100,0,0,0,0,False,False,False,268.9453,358.9453
JW,CounterTerrorist,2432,2184,124.3104,Knife,100,0,0,0,0,False,False,False,268.9453,358.9453
JW,CounterTerrorist,2432,2184,124.3104,Knife,100,0,0,0,0,False,False,False,268.9453,358.9453
JW,CounterTerrorist,2432,2184,124.3104,Knife,100,0,0,0,0,False,False,False,268.9453,358.9453
JW,CounterTerrorist,2432,2184,124.3104,Knife,100,0,0,0,0,False,False,False,268.9453,358.9453
JW,CounterTerrorist,2432,2184,124.3104,Knife,100,0,0,0,0,False,False,False,268.9453,358.9453
JW,CounterTerrorist,2432,2184,124.3104,Knife,100,0,0,0,0,False,False,False,268.9453,358.9453
JW,CounterTerrorist,2432,2184,124.3104,Knife,100,0,0,0,0,False,False,False,268.9453,358.9453
JW,CounterTerrorist,2432,2184,124.3104,Knife,100,0,0,0,0,False,False,False,268.9453,358.9453
JW,CounterTerrorist,2432,2184,124.3104,Knife,100,0,0,0,0,False,False,False,268.9453,358.9453
JW,CounterTerrorist,2432,2184,124.3104,Knife,100,0,0,0,0,False,False,False,268.9453,358.9453
JW,CounterTerrorist,2432,2184,124.3104,Knife,100,0,0,0,0,False,False,False,268.9453,358.9453
JW,CounterTerrorist,2432,2184,124.3104,Knife,100,0,0,0,0,False,False,False,268.9453,358.9453
JW,CounterTerrorist,2432,2184,124.3104,Knife,100,0,0,0,0,False,False,False,268.9453,358.9453
JW,CounterTerrorist,2432,2184,124.3104,Knife,100,0,0,0,0,False,False,False,268.9453,358.9453
JW,CounterTerrorist,2432,2184,124.3104,Knife,100,0,0,0,0,False,False,False,268.5938,358.5938
JW,CounterTerrorist,2432,2184,124.3104,Knife,100,0,0,0,0,False,False,False,267.1875,358.9453
JW,CounterTerrorist,2432,2184,124.3104,Knife,100,0,0,0,0,False,False,False,263.3203,0.3515625
JW,CounterTerrorist,2432,2184,124.3104,CZ,100,0,0,0,0,False,False,False,259.1016,2.8125
JW,CounterTerrorist,2432,2184,124.3104,CZ,100,0,0,0,0,False,False,False,256.6406,4.921875
JW,CounterTerrorist,2432,2184,124.3104,CZ,100,0,0,0,0,False,False,False,256.6406,5.273438
JW,CounterTerrorist,2432,2184,124.3104,CZ,100,0,0,0,0,False,False,False,256.6406,5.273438
JW,CounterTerrorist,2432,2184,124.3104,CZ,100,0,0,0,0,False,False,False,256.6406,5.273438
JW,CounterTerrorist,2432,2184,124.3104,CZ,100,0,0,0,0,False,False,False,256.6406,5.273438
JW,CounterTerrorist,2432,2184,124.3104,CZ,100,0,0,0,0,False,False,False,256.6406,5.273438
JW,CounterTerrorist,2432,2184,124.3104,CZ,100,0,0,0,0,False,False,False,256.6406,5.273438
JW,CounterTerrorist,2432,2184,124.3104,CZ,100,0,0,0,0,False,False,False,256.6406,4.921875
JW,CounterTerrorist,2432,2184,124.3104,CZ,100,0,0,0,0,False,False,False,256.9922,4.921875
JW,CounterTerrorist,2432,2184,124.3104,CZ,100,0,0,0,0,False,False,False,256.9922,4.921875
JW,CounterTerrorist,2432,2184,124.3104,Knife,100,0,0,0,0,False,False,False,257.3438,4.921875
JW,CounterTerrorist,2432,2184,124.3104,Knife,100,0,0,0,0,False,False,False,257.3438,4.921875
JW,CounterTerrorist,2432,2184,124.3104,Knife,100,0,0,0,0,False,False,False,257.3438,4.921875
JW,CounterTerrorist,2432,2184,124.3104,Knife,100,0,0,0,0,False,False,False,257.3438,4.921875
JW,CounterTerrorist,2432,2184,124.3104,Knife,100,0,0,0,0,False,False,False,257.3438,4.921875
JW,CounterTerrorist,2432,2184,124.3104,Knife,100,0,0,0,0,False,False,False,257.3438,4.921875
JW,CounterTerrorist,2432,2184,124.3104,Knife,100,0,0,0,0,False,False,False,257.3438,4.921875
JW,CounterTerrorist,2432,2184,124.3104,Knife,100,0,0,0,0,False,False,False,257.3438,4.921875
JW,CounterTerrorist,2432,2184,124.3104,Knife,100,0,0,0,0,False,False,False,257.3438,4.921875
JW,CounterTerrorist,2432,2184,124.3104,Knife,100,0,0,0,0,False,False,False,257.3438,4.921875
JW,CounterTerrorist,2432,2184,124.3104,Knife,100,0,0,0,0,False,False,False,257.3438,4.921875
JW,CounterTerrorist,2432,2184,124.3104,Knife,100,0,0,0,0,False,False,False,256.9922,4.921875
JW,CounterTerrorist,2432,2184,124.3104,Knife,100,0,0,0,0,False,False,False,256.9922,4.921875
JW,CounterTerrorist,2432,2184,124.3104,Knife,100,0,0,0,0,False,False,False,256.9922,4.921875
JW,CounterTerrorist,2432,2184,124.3104,Knife,100,0,0,0,0,False,False,False,256.9922,4.921875
JW,CounterTerrorist,2432,2184,124.3104,Knife,100,0,0,0,0,False,False,False,256.9922,4.921875
JW,CounterTerrorist,2432,2184,124.3104,Knife,100,0,0,0,0,False,False,False,256.9922,4.921875
JW,CounterTerrorist,2432,2184,124.3104,Knife,100,0,0,0,0,False,False,False,256.9922,4.921875
JW,CounterTerrorist,2432,2184,124.3104,Knife,100,0,0,0,0,False,False,False,256.9922,4.921875
JW,CounterTerrorist,2432,2184,124.3104,Knife,100,0,0,0,0,False,False,False,256.9922,4.921875
JW,CounterTerrorist,2432,2184,124.3104,Knife,100,0,0,0,0,False,False,False,256.9922,4.921875
JW,CounterTerrorist,2432,2184,124.3104,Knife,100,0,0,0,0,False,False,False,256.9922,4.921875
JW,CounterTerrorist,2432,2184,124.3104,Knife,100,0,0,0,0,False,False,False,256.9922,4.921875
JW,CounterTerrorist,2432,2184,124.3104,Knife,100,0,0,0,0,False,False,False,256.9922,4.921875
JW,CounterTerrorist,2432,2184,124.3104,Knife,100,0,0,0,0,False,False,False,256.9922,4.921875
JW,CounterTerrorist,2432,2184,124.3104,Knife,100,0,0,0,0,False,False,False,256.9922,4.921875
JW,CounterTerrorist,2432,2184,124.3104,Knife,100,0,0,0,0,False,False,False,256.9922,4.921875
JW,CounterTerrorist,2432,2184,124.3104,Knife,100,0,0,0,0,False,False,False,256.9922,4.921875
JW,CounterTerrorist,2432,2184,124.3104,Knife,100,0,0,0,0,False,False,False,256.9922,4.921875
JW,CounterTerrorist,2432,2184,124.3104,Knife,100,0,0,0,0,False,False,False,256.9922,4.921875
JW,CounterTerrorist,2432,2184,124.3104,Knife,100,0,0,0,0,False,False,False,256.9922,4.921875
JW,CounterTerrorist,2432,2184,124.3104,Knife,100,0,0,0,0,False,False,False,256.9922,4.921875
JW,CounterTerrorist,2432,2184,124.3104,Knife,100,0,0,0,0,False,False,False,256.9922,4.921875
JW,CounterTerrorist,2432,2184,124.3104,Knife,100,0,0,0,0,False,False,False,256.9922,4.921875
JW,CounterTerrorist,2432,2184,124.3104,Knife,100,0,0,0,0,False,False,False,256.9922,4.921875
JW,CounterTerrorist,2432,2184,124.3104,Knife,100,0,0,0,0,False,False,False,256.9922,4.921875
JW,CounterTerrorist,2432,2184,124.3104,Knife,100,0,0,0,0,False,False,False,256.9922,4.921875
JW,CounterTerrorist,2432,2184,124.3104,Knife,100,0,0,0,0,False,False,False,256.9922,4.921875
JW,CounterTerrorist,2432,2184,124.3104,Knife,100,0,0,0,0,False,False,False,256.9922,4.921875
JW,CounterTerrorist,2432,2184,124.3104,Knife,100,0,0,0,0,False,False,False,256.9922,4.921875
JW,CounterTerrorist,2432,2184,124.3104,Knife,100,0,0,0,0,False,False,False,256.9922,4.921875
JW,CounterTerrorist,2432,2184,124.3104,Knife,100,0,0,0,0,False,False,False,256.9922,4.921875
JW,CounterTerrorist,2432,2184,124.3104,Knife,100,0,0,0,0,False,False,False,256.9922,4.921875
JW,CounterTerrorist,2432,2184,124.3104,Knife,100,0,0,0,0,False,False,False,256.9922,4.921875
JW,CounterTerrorist,2432,2184,124.3104,Knife,100,0,0,0,0,False,False,False,256.9922,4.921875
JW,CounterTerrorist,2432,2184,124.3104,Knife,100,0,0,0,0,False,False,False,256.9922,4.921875
JW,CounterTerrorist,2432,2184,124.3104,Knife,100,0,0,0,0,False,False,False,256.9922,4.921875
JW,CounterTerrorist,2432,2184,124.3104,Knife,100,0,0,0,0,False,False,False,256.9922,4.921875
JW,CounterTerrorist,2432,2184,124.3104,Knife,100,0,0,0,0,False,False,False,256.9922,4.921875
JW,CounterTerrorist,2432,2184,124.3104,Knife,100,0,0,0,0,False,False,False,256.9922,4.921875
JW,CounterTerrorist,2432,2184,124.3104,Knife,100,0,0,0,0,False,False,False,256.9922,4.921875
JW,CounterTerrorist,2432,2184,124.3104,Knife,100,0,0,0,0,False,False,False,256.9922,4.921875
JW,CounterTerrorist,2432,2184,124.3104,Knife,100,0,0,0,0,False,False,False,256.9922,4.921875
JW,CounterTerrorist,2432,2184,124.3104,Knife,100,0,0,0,0,False,False,False,256.9922,4.921875
JW,CounterTerrorist,2432,2184,124.3104,Knife,100,0,0,0,0,False,False,False,256.9922,4.921875
JW,CounterTerrorist,2432,2184,124.3104,Knife,100,0,0,0,0,False,False,False,256.9922,4.921875
JW,CounterTerrorist,2432,2184,124.3104,Knife,100,0,0,0,0,False,False,False,256.9922,4.921875
JW,CounterTerrorist,2432,2184,124.3104,Knife,100,0,0,0,0,False,False,False,256.9922,4.921875
JW,CounterTerrorist,2432,2184,124.3104,Knife,100,0,0,0,0,False,False,False,256.9922,4.921875
JW,CounterTerrorist,2432,2184,124.3104,Knife,100,0,0,0,0,False,False,False,256.9922,4.921875
JW,CounterTerrorist,2432,2184,124.3104,Knife,100,0,0,0,0,False,False,False,256.9922,4.921875
JW,CounterTerrorist,2432,2184,124.3104,Knife,100,0,0,0,0,False,False,False,256.9922,4.921875
JW,CounterTerrorist,2432,2184,124.3104,Knife,100,0,0,0,0,False,False,False,256.9922,4.921875
JW,CounterTerrorist,2432,2184,124.3104,Knife,100,0,0,0,0,False,False,False,256.9922,4.921875
JW,CounterTerrorist,2432,2184,124.3104,Knife,100,0,0,0,0,False,False,False,256.9922,4.921875
JW,CounterTerrorist,2432,2184,124.3104,Knife,100,0,0,0,0,False,False,False,256.9922,4.921875
JW,CounterTerrorist,2432,2184,124.3104,Knife,100,0,0,0,0,False,False,False,256.9922,4.921875
JW,CounterTerrorist,2432,2184,124.3104,Knife,100,0,0,0,0,False,False,False,256.9922,4.921875
JW,CounterTerrorist,2432,2184,124.3104,Knife,100,0,0,0,0,False,False,False,256.9922,4.921875
JW,CounterTerrorist,2432,2184,124.3104,Knife,100,0,0,0,0,False,False,False,256.9922,4.921875
JW,CounterTerrorist,2432,2184,124.3104,Knife,100,0,0,0,0,False,False,False,256.9922,4.921875
JW,CounterTerrorist,2432,2184,124.3104,Knife,100,0,0,0,0,False,False,False,256.9922,4.921875
JW,CounterTerrorist,2432,2184,124.3104,Knife,100,0,0,0,0,False,False,False,256.9922,4.921875
JW,CounterTerrorist,2432,2184,124.3104,Knife,100,0,0,0,0,False,False,False,256.9922,4.921875
JW,CounterTerrorist,2432,2184,124.3104,Knife,100,0,0,0,0,False,False,False,256.9922,4.921875
JW,CounterTerrorist,2432,2184,124.3104,Knife,100,0,0,0,0,False,False,False,256.9922,4.921875
JW,CounterTerrorist,2432,2184,124.3104,Knife,100,0,0,0,0,False,False,False,256.9922,4.921875
JW,CounterTerrorist,2432,2184,124.3104,Knife,100,0,0,0,0,False,False,False,256.9922,4.921875
JW,CounterTerrorist,2432,2184,124.3104,Knife,100,0,0,0,0,False,False,False,256.9922,4.921875
JW,CounterTerrorist,2432,2184,124.3104,Knife,100,0,0,0,0,False,False,False,256.9922,4.921875
JW,CounterTerrorist,2432,2184,124.3104,Knife,100,0,0,0,0,False,False,False,256.9922,4.921875
JW,CounterTerrorist,2432,2184,124.3104,Knife,100,0,0,0,0,False,False,False,256.9922,4.921875
JW,CounterTerrorist,2432,2184,124.3104,Knife,100,0,0,0,0,False,False,False,256.6406,4.921875
JW,CounterTerrorist,2432,2184,124.3104,Knife,100,0,0,0,0,False,False,False,255.2344,5.625
JW,CounterTerrorist,2432,2184,124.3104,Knife,100,0,0,0,0,False,False,False,253.4766,6.328125
JW,CounterTerrorist,2432,2184,124.3104,Knife,100,0,0,0,0,False,False,False,253.4766,6.679688
JW,CounterTerrorist,2432,2184,124.3104,Knife,100,0,0,0,0,False,False,False,254.8828,6.679688
JW,CounterTerrorist,2432,2184,124.3104,Knife,100,0,0,0,0,False,False,False,257.3438,7.03125
JW,CounterTerrorist,2432,2184,124.3104,Knife,100,0,0,0,0,False,False,False,260.5078,7.03125
JW,CounterTerrorist,2432,2184,124.3104,Knife,100,0,0,0,0,False,False,False,261.2109,7.03125
JW,CounterTerrorist,2432,2184,124.3104,Knife,100,0,0,0,0,False,False,False,261.2109,7.03125
JW,CounterTerrorist,2432,2184,124.3104,Knife,100,0,0,0,0,False,False,False,261.2109,7.03125
JW,CounterTerrorist,2432,2184,124.3104,Knife,100,0,0,0,0,False,False,False,261.2109,7.03125
JW,CounterTerrorist,2432,2184,124.3104,Knife,100,0,0,0,0,False,False,False,260.8594,7.03125
JW,CounterTerrorist,2432,2184,124.3104,CZ,100,0,0,0,0,False,False,False,260.8594,7.03125
JW,CounterTerrorist,2432,2184,124.3104,CZ,100,0,0,0,0,False,False,False,260.8594,7.03125
JW,CounterTerrorist,2432,2184,124.3104,CZ,100,0,0,0,0,False,False,False,260.8594,7.03125
JW,CounterTerrorist,2432,2184,124.3104,CZ,100,0,0,0,0,False,False,False,260.8594,7.03125
JW,CounterTerrorist,2432,2184,124.3104,CZ,100,0,0,0,0,False,False,False,260.8594,7.03125
JW,CounterTerrorist,2432,2184,124.3104,CZ,100,0,0,0,0,False,False,False,260.5078,7.03125
JW,CounterTerrorist,2432,2184,124.3104,Knife,100,0,0,0,0,False,False,False,260.5078,7.03125
JW,CounterTerrorist,2432,2184,124.3104,Knife,100,0,0,0,0,False,False,False,260.5078,7.03125
JW,CounterTerrorist,2432,2184,124.3104,Knife,100,0,0,0,0,False,False,False,260.5078,7.03125
JW,CounterTerrorist,2432,2184,124.3104,Knife,100,0,0,0,0,False,False,False,260.8594,7.03125
JW,CounterTerrorist,2432,2184,124.3104,Knife,100,0,0,0,0,False,False,False,260.8594,7.03125
JW,CounterTerrorist,2432,2184,124.3104,Knife,100,0,0,0,0,False,False,False,261.2109,7.03125
JW,CounterTerrorist,2432,2184,124.3104,Knife,100,0,0,0,0,False,False,False,261.5625,7.03125
JW,CounterTerrorist,2432,2184,124.3104,Knife,100,0,0,0,0,False,False,False,261.5625,7.03125
JW,CounterTerrorist,2432,2184,124.3104,Knife,100,0,0,0,0,False,False,False,261.5625,7.03125
JW,CounterTerrorist,2432,2184,124.3104,Knife,100,0,0,0,0,False,False,False,261.5625,7.03125
JW,CounterTerrorist,2432,2184,124.3104,Knife,100,0,0,0,0,False,False,False,261.5625,7.03125
JW,CounterTerrorist,2432,2184,124.3104,Knife,100,0,0,0,0,False,False,False,261.5625,7.03125
JW,CounterTerrorist,2432,2184,124.3104,Knife,100,0,0,0,0,False,False,False,261.5625,7.03125
JW,CounterTerrorist,2432,2184,124.3104,Knife,100,0,0,0,0,False,False,False,261.5625,7.03125
JW,CounterTerrorist,2432,2184,124.3104,Knife,100,0,0,0,0,False,False,False,261.5625,7.03125
JW,CounterTerrorist,2432,2184,124.3104,Knife,100,0,0,0,0,False,False,False,261.5625,7.03125
JW,CounterTerrorist,2432,2184,124.3104,Knife,100,0,0,0,0,False,False,False,261.5625,7.03125
JW,CounterTerrorist,2432,2184,124.3104,Knife,100,0,0,0,0,False,False,False,261.5625,7.03125
JW,CounterTerrorist,2432,2184,124.3104,Knife,100,0,0,0,0,False,False,False,261.5625,7.03125
JW,CounterTerrorist,2432,2184,124.3104,Knife,100,0,0,0,0,False,False,False,261.5625,7.03125
JW,CounterTerrorist,2432,2184,124.3104,Knife,100,0,0,0,0,False,False,False,261.5625,7.03125
JW,CounterTerrorist,2432,2184,124.3104,Knife,100,0,0,0,0,False,False,False,261.5625,7.03125
JW,CounterTerrorist,2432,2184,124.3104,Knife,100,0,0,0,0,False,False,False,261.5625,7.03125
JW,CounterTerrorist,2432,2184,124.3104,Knife,100,0,0,0,0,False,False,False,261.5625,7.03125
JW,CounterTerrorist,2432,2184,124.3104,Knife,100,0,0,0,0,False,False,False,261.5625,7.03125
JW,CounterTerrorist,2432,2184,124.3104,Knife,100,0,0,0,0,False,False,False,261.5625,7.03125
JW,CounterTerrorist,2432,2184,124.3104,Knife,100,0,0,0,0,False,False,False,261.5625,7.03125
JW,CounterTerrorist,2432,2184,124.3104,Knife,100,0,0,0,0,False,False,False,261.5625,7.03125
JW,CounterTerrorist,2432,2184,124.3104,Knife,100,0,0,0,0,False,False,False,261.5625,7.03125
JW,CounterTerrorist,2432,2184,124.3104,Knife,100,0,0,0,0,False,False,False,261.5625,7.03125
JW,CounterTerrorist,2432,2184,124.3104,Knife,100,0,0,0,0,False,False,False,261.5625,7.03125
JW,CounterTerrorist,2432,2184,124.3104,Knife,100,0,0,0,0,False,False,False,261.5625,7.03125
JW,CounterTerrorist,2432,2184,124.3104,Knife,100,0,0,0,0,False,False,False,261.5625,7.03125
JW,CounterTerrorist,2432,2184,124.3104,Knife,100,0,0,0,0,False,False,False,261.5625,6.679688
JW,CounterTerrorist,2432,2184,124.3104,Knife,100,0,0,0,0,False,False,False,261.2109,7.03125
JW,CounterTerrorist,2432,2184,124.3104,Knife,100,0,0,0,0,False,False,False,259.4531,7.03125
JW,CounterTerrorist,2432,2184,124.3104,Knife,100,0,0,0,0,False,False,False,255.2344,8.085938
JW,CounterTerrorist,2432,2184,124.3104,Knife,100,0,0,0,0,False,False,False,251.0156,9.140625
JW,CounterTerrorist,2432,2184,124.3104,Knife,100,0,0,0,0,False,False,False,248.5547,9.84375
JW,CounterTerrorist,2432,2184,124.3104,Knife,100,0,0,0,0,False,False,False,247.8516,9.84375
JW,CounterTerrorist,2432,2184,124.3104,Knife,100,0,0,0,0,False,False,False,247.8516,9.84375
JW,CounterTerrorist,2432,2184,124.3104,Knife,100,0,0,0,0,False,False,False,247.8516,9.84375
JW,CounterTerrorist,2432,2184,124.3104,Knife,100,0,0,0,0,False,False,False,247.8516,9.84375
JW,CounterTerrorist,2432,2184,124.3104,Knife,100,0,0,0,0,False,False,False,247.8516,9.84375
JW,CounterTerrorist,2432,2184,124.3104,Knife,100,0,0,0,0,False,False,False,247.8516,9.84375
JW,CounterTerrorist,2432,2184,124.3104,Knife,100,0,0,0,0,False,False,False,247.8516,9.84375
JW,CounterTerrorist,2432,2184,124.3104,Knife,100,0,0,0,0,False,False,False,247.8516,9.84375
JW,CounterTerrorist,2432,2184,124.3104,Knife,100,0,0,0,0,False,False,False,247.5,9.84375
JW,CounterTerrorist,2432,2184,124.3104,Knife,100,0,0,0,0,False,False,False,247.5,9.84375
JW,CounterTerrorist,2432,2184,124.3104,Knife,100,0,0,0,0,False,False,False,247.5,9.84375
JW,CounterTerrorist,2432,2184,124.3104,Knife,100,0,0,0,0,False,False,False,247.5,9.84375
JW,CounterTerrorist,2432,2184,124.3104,Knife,100,0,0,0,0,False,False,False,247.5,9.84375
JW,CounterTerrorist,2432,2184,124.3104,Knife,100,0,0,0,0,False,False,False,247.5,9.84375
JW,CounterTerrorist,2431.921,2183.967,124.3054,Knife,100,0,-10.09239,-4.21576,0,False,False,False,247.5,9.84375
JW,CounterTerrorist,2430.648,2183.435,124.2239,Knife,100,0,-47.57839,-19.8743,0,False,False,False,247.5,9.84375
JW,CounterTerrorist,2427.914,2182.293,124.2471,Knife,100,0,-84.71958,-35.38881,0,False,False,False,247.5,9.84375
JW,CounterTerrorist,2423.971,2180.452,124.5452,Knife,100,0,-105.1474,-60.37075,0,False,False,False,247.5,9.84375
JW,CounterTerrorist,2419.84,2177.219,124.8574,Knife,100,0,-106.1326,-96.80149,0,False,False,False,247.5,9.84375
JW,CounterTerrorist,2415.675,2172.714,125.1722,Knife,100,0,-106.9464,-126.8949,0,False,False,False,247.5,9.84375
JW,CounterTerrorist,2411.481,2167.16,125.4891,Knife,100,0,-107.6186,-151.7534,0,False,False,False,247.5,9.84375
JW,CounterTerrorist,2407.265,2160.738,125.8078,Knife,100,0,-108.1416,-172.301,0,False,False,False,247.8516,9.84375
JW,CounterTerrorist,2403.031,2153.6,126.1279,Knife,100,0,-108.5662,-189.2772,0,False,False,False,247.8516,9.84375
JW,CounterTerrorist,2398.781,2145.869,126.449,Knife,100,0,-108.917,-203.3003,0,False,False,False,247.8516,9.84375
JW,CounterTerrorist,2394.522,2137.648,126.7709,Knife,100,0,-109.0675,-214.9407,0,False,False,False,248.2031,9.84375
JW,CounterTerrorist,2390.268,2129.017,126.9842,Knife,100,0,-108.7586,-224.7297,0,False,False,False,248.5547,9.84375
JW,CounterTerrorist,2386.106,2120.183,127.1458,Knife,100,0,-104.8877,-226.9329,0,False,False,False,250.3125,10.19531
JW,CounterTerrorist,2382.126,2111.265,127.6895,Knife,100,0,-99.62689,-229.2913,0,False,False,False,253.125,10.19531
JW,CounterTerrorist,2378.394,2102.241,128.2106,Knife,100,0,-92.55996,-232.2341,0,False,False,False,256.6406,10.19531
JW,CounterTerrorist,2374.978,2093.093,128.7026,Knife,100,0,-83.94118,-235.4865,0,False,False,False,260.1563,9.84375
JW,CounterTerrorist,2371.934,2083.979,129.1542,CZ,100,0,-73.39513,-228.502,0,False,False,False,261.2109,9.84375
JW,CounterTerrorist,2369.243,2074.999,129.4201,CZ,100,0,-66.08754,-230.7216,0,False,False,False,261.2109,9.84375
JW,CounterTerrorist,2366.804,2065.947,129.6612,CZ,100,0,-60.1982,-232.3277,0,False,False,False,261.2109,9.84375
JW,CounterTerrorist,2364.564,2056.843,129.8827,CZ,100,0,-55.61341,-233.4677,0,False,False,False,261.2109,9.84375
JW,CounterTerrorist,2362.491,2047.701,129.6751,CZ,100,0,-51.48108,-234.4135,0,False,False,False,261.5625,9.492188
JW,CounterTerrorist,2360.544,2038.485,128.9957,Knife,100,0,-49.11045,-238.7666,0,False,False,False,261.5625,9.492188
JW,CounterTerrorist,2358.662,2028.969,128.2814,Knife,100,0,-47.34971,-245.4751,0,False,False,False,262.2656,9.140625
JW,CounterTerrorist,2356.874,2019.368,127.5788,Knife,100,0,-44.75749,-245.9609,0,False,False,False,262.6172,9.140625
JW,CounterTerrorist,2355.177,2009.751,126.8802,Knife,100,0,-42.6207,-246.3402,0,False,False,False,262.6172,9.140625
JW,CounterTerrorist,2353.554,2000.121,126.171,Knife,100,0,-40.87454,-246.6359,0,False,False,False,262.6172,9.140625
JW,CounterTerrorist,2351.992,1990.482,125.5685,Knife,100,0,-39.44243,-246.869,0,False,False,False,262.6172,9.140625
JW,CounterTerrorist,2350.48,1980.834,125.4877,Knife,100,0,-38.26504,-247.0542,0,False,False,False,262.6172,9.140625
JW,CounterTerrorist,2349.009,1971.18,125.4697,Knife,100,0,-37.29549,-247.2024,0,False,False,False,262.6172,9.140625
JW,CounterTerrorist,2347.571,1961.52,125.4488,Knife,100,0,-36.49625,-247.3217,0,False,False,False,262.6172,9.140625
JW,CounterTerrorist,2346.161,1951.857,125.4253,Knife,100,0,-35.8369,-247.4181,0,False,False,False,262.6172,9.140625
JW,CounterTerrorist,2344.774,1942.19,125.3998,Knife,100,0,-35.29273,-247.4963,0,False,False,False,262.6172,9.140625
JW,CounterTerrorist,2343.406,1932.521,125.3726,Knife,100,0,-34.84345,-247.56,0,False,False,False,262.6172,9.140625
JW,CounterTerrorist,2342.054,1922.849,125.3266,Knife,100,0,-34.47243,-247.6119,0,False,False,False,262.6172,9.140625
JW,CounterTerrorist,2340.715,1913.176,125.2643,Knife,100,0,-34.16603,-247.6544,0,False,False,False,262.6172,9.140625
JW,CounterTerrorist,2339.386,1903.501,125.201,Knife,100,0,-33.91297,-247.6891,0,False,False,False,262.6172,9.140625
JW,CounterTerrorist,2338.067,1893.825,125.1369,Knife,100,0,-33.70392,-247.7177,0,False,False,False,262.6172,9.140625
JW,CounterTerrorist,2336.754,1884.148,124.8948,Knife,100,0,-33.53123,-247.7411,0,False,False,False,262.6172,9.140625
JW,CounterTerrorist,2335.448,1874.47,124.4613,Knife,100,0,-33.38859,-247.7604,0,False,False,False,262.6172,9.140625
JW,CounterTerrorist,2334.147,1864.792,124.8349,Knife,100,0,-33.27077,-247.7762,0,False,False,False,262.6172,9.140625
JW,CounterTerrorist,2332.849,1855.113,125.2084,Knife,100,0,-33.17344,-247.7893,0,False,False,False,262.6172,9.140625
JW,CounterTerrorist,2331.556,1845.433,125.8253,Knife,100,0,-33.09303,-247.8,0,False,False,False,262.6172,9.140625
JW,CounterTerrorist,2330.264,1835.753,126.5573,Knife,100,0,-33.02661,-247.8089,0,False,False,False,262.6172,9.140625
JW,CounterTerrorist,2328.976,1826.073,127.2893,Knife,100,0,-32.97174,-247.8162,0,False,False,False,262.6172,9.140625
JW,CounterTerrorist,2327.689,1816.393,128.0154,Knife,100,0,-32.92641,-247.8222,0,False,False,False,262.6172,9.140625
JW,CounterTerrorist,2326.404,1806.712,128.6503,Knife,100,0,-32.88897,-247.8272,0,False,False,False,262.6172,9.140625
JW,CounterTerrorist,2325.181,1797.036,129.222,Knife,100,0,-24.97583,-247.2163,0,False,False,False,262.6172,9.140625
JW,CounterTerrorist,2325.052,1787.445,138.3134,Knife,100,0,10.24256,-244.474,0,False,False,False,262.6172,9.140625
JW,CounterTerrorist,2326.152,1777.95,143.061,Knife,100,0,39.33454,-242.2088,0,False,False,False,262.6172,9.140625
JW,CounterTerrorist,2328.266,1768.533,147.7693,Knife,100,0,63.36583,-240.3375,0,False,False,False,262.6172,9.140625
JW,CounterTerrorist,2331.02,1759.17,152.4509,Knife,100,0,66.71891,-240.9328,0,False,False,False,262.6172,9.140625
JW,CounterTerrorist,2333.167,1749.645,157.2131,Knife,100,0,47.6093,-245.4248,0,False,False,False,262.6172,9.140625
JW,CounterTerrorist,2334.648,1739.994,160.0313,Knife,100,0,31.91845,-247.954,0,False,False,False,262.6172,9.140625
JW,CounterTerrorist,2335.588,1730.275,160.0313,Knife,100,0,19.16808,-249.2641,0,False,False,False,262.6172,9.140625
JW,CounterTerrorist,2336.088,1720.523,160.0313,Knife,100,0,8.873712,-249.8425,0,False,False,False,262.6172,9.140625
JW,CounterTerrorist,2336.235,1710.759,160.0313,Knife,100,0,0.5948264,-249.9993,0,False,False,False,262.6172,9.140625
JW,CounterTerrorist,2336.098,1700.995,160.0313,Knife,100,0,-6.04146,-249.927,0,False,False,False,262.6172,9.140625
JW,CounterTerrorist,2335.737,1691.236,160.0313,Knife,100,0,-11.19624,-249.7492,0,False,False,False,262.6172,9.140625
JW,CounterTerrorist,2335.202,1681.485,160.0313,Knife,100,0,-15.21635,-249.5365,0,False,False,False,262.6172,9.140625
JW,CounterTerrorist,2334.531,1671.743,160.0313,Knife,100,0,-18.41227,-249.3211,0,False,False,False,262.6172,9.140625
JW,CounterTerrorist,2333.75,1662.008,160.0313,Knife,100,0,-20.98484,-249.1177,0,False,False,False,262.6172,9.140625
JW,CounterTerrorist,2332.88,1652.281,160.0313,Knife,100,0,-23.07281,-248.933,0,False,False,False,262.6172,9.140625
JW,CounterTerrorist,2331.938,1642.561,160.0313,Knife,100,0,-24.77688,-248.7692,0,False,False,False,262.6172,9.140625
JW,CounterTerrorist,2330.936,1632.847,160.0313,Knife,100,0,-26.17284,-248.6262,0,False,False,False,262.6172,9.140625
JW,CounterTerrorist,2329.886,1623.138,160.0313,Knife,100,0,-27.31933,-248.5028,0,False,False,False,262.6172,9.140625
JW,CounterTerrorist,2328.796,1613.434,160.0313,Knife,100,0,-28.26258,-248.3973,0,False,False,False,262.6172,9.140625
JW,CounterTerrorist,2327.674,1603.733,160.0313,Knife,100,0,-29.03955,-248.3077,0,False,False,False,262.6172,9.140625
JW,CounterTerrorist,2327.117,1594.081,160.0313,Knife,100,0,0.1205968,-245.9041,0,False,False,False,262.6172,9.140625
JW,CounterTerrorist,2327.863,1584.536,160.0313,Knife,100,0,30.97334,-243.39,0,False,False,False,262.6172,9.140625
JW,CounterTerrorist,2329.686,1575.079,160.0313,Knife,100,0,56.4591,-241.3133,0,False,False,False,262.6172,9.140625
JW,CounterTerrorist,2332.391,1565.715,160.0313,Knife,100,0,76.96496,-237.8579,0,False,False,False,262.6172,9.140625
JW,CounterTerrorist,2335.779,1556.558,160.0313,Knife,100,0,92.74376,-232.1607,0,False,False,False,262.6172,9.140625
JW,CounterTerrorist,2339.702,1547.616,160.0313,Knife,100,0,105.1774,-226.7988,0,False,False,False,262.6172,9.140625
JW,CounterTerrorist,2344.046,1538.871,160.0313,Knife,100,0,114.9064,-222.0282,0,False,False,False,262.2656,9.140625
JW,CounterTerrorist,2348.709,1530.291,160.0313,Knife,100,0,122.011,-218.2047,0,False,False,False,261.2109,10.19531
JW,CounterTerrorist,2353.833,1522.103,160.0313,Knife,100,0,141.9408,-198.55,0,False,False,False,260.5078,11.25
JW,CounterTerrorist,2359.987,1514.972,160.0313,Knife,100,0,167.2579,-172.5774,0,False,False,False,260.1563,11.25
JW,CounterTerrorist,2367.023,1508.748,160.0313,Knife,100,0,188.1988,-150.9579,0,False,False,False,260.8594,11.25
JW,CounterTerrorist,2374.793,1503.298,160.0313,Knife,100,0,205.6386,-132.1988,0,False,False,False,262.2656,11.25
JW,CounterTerrorist,2383.176,1498.535,160.0313,Knife,100,0,220.2332,-115.3113,0,False,False,False,263.6719,11.25
JW,CounterTerrorist,2392.024,1494.419,160.0313,Knife,100,0,229.7503,-98.56364,0,False,False,False,265.7813,11.60156
JW,CounterTerrorist,2401.153,1490.955,160.0313,Knife,100,0,236.0741,-82.27401,0,False,False,False,267.8906,11.60156
JW,CounterTerrorist,2410.486,1488.085,160.0313,Knife,100,0,240.5857,-67.95964,0,False,False,False,268.2422,11.60156
JW,CounterTerrorist,2419.958,1485.714,160.0313,Knife,100,0,243.6116,-56.1548,0,False,False,False,268.2422,11.95313
JW,CounterTerrorist,2429.431,1483.39,160.0313,Knife,100,0,239.7121,-69.41497,0,False,False,False,268.2422,11.95313
JW,CounterTerrorist,2438.614,1480.087,160.0313,Knife,100,0,231.7305,-93.81361,0,False,False,False,268.2422,11.95313
JW,CounterTerrorist,2447.462,1475.961,160.0313,Knife,100,0,223.0615,-112.8875,0,False,False,False,268.2422,11.95313
JW,CounterTerrorist,2455.983,1471.195,160.0313,Knife,100,0,215.0013,-127.5714,0,False,False,False,268.5938,12.30469
JW,CounterTerrorist,2464.213,1465.94,160.0313,Knife,100,0,207.9437,-138.7783,0,False,False,False,268.9453,12.65625
JW,CounterTerrorist,2472.191,1460.308,160.0313,Knife,100,0,201.8678,-147.4767,0,False,False,False,268.9453,12.65625
JW,CounterTerrorist,2479.954,1454.384,160.0313,Knife,100,0,196.7725,-154.2096,0,False,False,False,269.2969,12.65625
JW,CounterTerrorist,2487.545,1448.241,160.0313,Knife,100,0,192.906,-159.0198,0,False,False,False,270,12.30469
JW,CounterTerrorist,2495.022,1441.96,160.0313,Knife,100,0,190.5912,-161.7869,0,False,False,False,271.4063,12.30469
JW,CounterTerrorist,2502.428,1435.594,160.0313,Knife,100,0,188.9746,-163.6723,0,False,False,False,271.4063,12.30469
JW,CounterTerrorist,2509.779,1429.165,160.0313,Knife,100,0,187.6659,-165.1712,0,False,False,False,271.4063,12.30469
JW,CounterTerrorist,2517.083,1422.683,160.0313,Knife,100,0,186.5871,-166.3889,0,False,False,False,271.4063,12.30469
JW,CounterTerrorist,2524.348,1416.157,160.0313,Knife,100,0,185.5759,-167.516,0,False,False,False,271.0547,11.95313
JW,CounterTerrorist,2531.571,1409.585,160.0313,Knife,100,0,184.4264,-168.7807,0,False,False,False,270.3516,11.95313
JW,CounterTerrorist,2538.59,1402.859,160.0313,Knife,100,0,169.9997,-178.6275,0,False,False,False,269.6484,11.95313
JW,CounterTerrorist,2544.505,1395.409,160.0313,Knife,100,0,139.7365,-198.2863,0,False,False,False,268.9453,11.60156
JW,CounterTerrorist,2549.355,1387.273,160.0313,Knife,100,0,114.3722,-214.5192,0,False,False,False,268.5938,11.60156
JW,CounterTerrorist,2553.311,1378.572,160.0313,Knife,100,0,93.03513,-227.9189,0,False,False,False,268.2422,11.60156
JW,CounterTerrorist,2556.518,1369.407,160.0313,Knife,100,0,75.16286,-238.4335,0,False,False,False,268.2422,11.60156
JW,CounterTerrorist,2559.073,1359.983,160.0313,Knife,100,0,59.28256,-242.8695,0,False,False,False,268.2422,11.60156
JW,CounterTerrorist,2561.075,1350.426,160.0313,Knife,100,0,46.27797,-245.6794,0,False,False,False,268.2422,11.60156
JW,CounterTerrorist,2562.628,1340.785,160.0313,Knife,100,0,35.71658,-247.4355,0,False,False,False,268.2422,11.60156
JW,CounterTerrorist,2563.818,1331.093,160.0313,Knife,100,0,27.18466,-248.5176,0,False,False,False,268.2422,11.60156
JW,CounterTerrorist,2564.713,1321.369,160.0313,Knife,100,0,20.22829,-249.1803,0,False,False,False,268.2422,11.60156
JW,CounterTerrorist,2565.364,1311.625,160.0313,Knife,100,0,14.46301,-249.5813,0,False,False,False,267.5391,11.60156
JW,CounterTerrorist,2565.803,1301.869,160.0313,Knife,100,0,9.092264,-249.8346,0,False,False,False,266.4844,11.60156
JW,CounterTerrorist,2566.029,1292.106,160.0313,Knife,100,0,3.495621,-249.9756,0,False,False,False,264.7266,11.60156
JW,CounterTerrorist,2566.007,1282.341,160.0313,Knife,100,0,-3.563706,-249.9746,0,False,False,False,261.2109,11.95313
JW,CounterTerrorist,2565.638,1272.583,160.0313,Knife,100,0,-13.8488,-249.6161,0,False,False,False,254.8828,12.65625
JW,CounterTerrorist,2564.777,1262.857,160.0313,Knife,100,0,-27.99388,-248.4277,0,False,False,False,247.8516,13.71094
JW,CounterTerrorist,2563.29,1253.208,160.0313,Knife,100,0,-45.06753,-245.9043,0,False,False,False,241.1719,14.0625
JW,CounterTerrorist,2561.11,1243.69,160.0313,Knife,100,0,-62.92408,-241.9516,0,False,False,False,236.6016,14.0625
JW,CounterTerrorist,2558.256,1234.353,160.0313,Knife,100,0,-79.57519,-236.9975,0,False,False,False,234.4922,14.0625
JW,CounterTerrorist,2554.806,1225.219,160.0313,Knife,100,0,-93.7472,-231.7573,0,False,False,False,233.789,14.0625
JW,CounterTerrorist,2550.868,1216.283,160.0313,Knife,100,0,-105.1933,-226.7915,0,False,False,False,233.4375,14.0625
JW,CounterTerrorist,2546.533,1207.534,160.0313,Knife,100,0,-114.6775,-222.1465,0,False,False,False,232.3828,14.0625
JW,CounterTerrorist,2541.848,1198.966,160.0313,Knife,100,0,-123.4325,-217.4038,0,False,False,False,230.2734,14.0625
JW,CounterTerrorist,2536.811,1190.6,160.0313,Knife,100,0,-132.7532,-211.8409,0,False,False,False,226.0547,14.41406
JW,CounterTerrorist,2531.387,1182.481,160.0313,Knife,100,0,-143.0135,-205.054,0,False,False,False,222.1875,14.41406
JW,CounterTerrorist,2525.549,1174.654,160.0313,Knife,100,0,-153.7666,-197.1188,0,False,False,False,217.9688,14.76563
JW,CounterTerrorist,2519.29,1167.158,160.0313,Knife,100,0,-164.5108,-188.2451,0,False,False,False,214.4531,14.76563
JW,CounterTerrorist,2512.618,1160.029,160.0313,Knife,100,0,-174.9315,-178.6028,0,False,False,False,210.9375,14.76563
JW,CounterTerrorist,2505.557,1153.285,160.0313,Knife,100,0,-184.4961,-168.7045,0,False,False,False,208.8281,14.76563
JW,CounterTerrorist,2498.149,1146.923,160.0313,Knife,100,0,-192.9181,-159.005,0,False,False,False,206.7188,14.41406
JW,CounterTerrorist,2490.437,1140.934,160.0313,Knife,100,0,-200.363,-149.5148,0,False,False,False,204.6094,14.41406
JW,CounterTerrorist,2482.446,1135.323,160.0313,Knife,100,0,-207.3587,-139.6509,0,False,False,False,201.4453,14.41406
JW,CounterTerrorist,2474.183,1130.12,160.0313,Knife,100,0,-214.319,-128.7142,0,False,False,False,197.2266,14.41406
JW,CounterTerrorist,2471.784,1125.358,160.0313,Knife,100,0,-20.96046,-117.5606,0,False,False,False,191.9531,15.11719
JW,CounterTerrorist,2469.852,1121.046,160.0313,Knife,100,0,-67.35453,-105.436,0,False,False,False,188.0859,15.46875
JW,CounterTerrorist,2466.293,1117.217,160.0313,Knife,100,0,-106.0042,-93.20296,0,False,False,False,186.3281,15.82031
JW,CounterTerrorist,2461.383,1113.838,160.0313,Knife,100,0,-138.0255,-82.27041,0,False,False,False,185.9766,15.82031
JW,CounterTerrorist,2455.355,1112.005,160.0313,Knife,100,0,-164.4866,-2.192919,0,False,False,False,185.9766,15.82031
JW,CounterTerrorist,2448.405,1112.005,160.0313,Knife,100,0,-186.3447,0,0,False,False,False,185.9766,15.82031
JW,CounterTerrorist,2440.692,1112.005,160.0313,Knife,100,0,-204.4005,0,0,False,False,False,185.9766,15.82031
JW,CounterTerrorist,2432.349,1112.005,160.0313,Knife,100,0,-219.3154,0,0,False,False,False,185.9766,15.82031
JW,CounterTerrorist,2423.486,1112.005,160.0313,Knife,100,0,-231.6357,0,0,False,False,False,185.9766,15.82031
JW,CounterTerrorist,2414.249,1112.005,158.7938,Knife,100,0,-236.2222,0,0,False,False,False,185.9766,15.82031
JW,CounterTerrorist,2405.241,1111.058,157.7921,Knife,100,0,-227.0798,-39.4138,0,False,False,False,185.9766,15.82031
JW,CounterTerrorist,2396.554,1108.735,157.0206,Knife,100,0,-219.4597,-72.0265,0,False,False,False,185.9766,15.82031
JW,CounterTerrorist,2388.135,1105.272,156.4516,Knife,100,0,-213.0519,-99.05726,0,False,False,False,186.3281,15.46875
JW,CounterTerrorist,2379.946,1100.862,155.8988,Knife,100,0,-207.4133,-121.6598,0,False,False,False,187.0313,15.46875
JW,CounterTerrorist,2371.989,1095.636,155.356,Knife,100,0,-200.9822,-141.6569,0,False,False,False,190.8984,15.46875
JW,CounterTerrorist,2364.346,1089.653,154.8166,Knife,100,0,-191.428,-160.7959,0,False,False,False,197.9297,15.82031
JW,CounterTerrorist,2357.239,1082.961,154.2939,Knife,100,0,-175.0331,-178.5033,0,False,False,False,207.4219,15.46875
JW,CounterTerrorist,2350.892,1075.551,153.8005,Knife,100,0,-153.2396,-197.0994,0,False,False,False,219.375,15.11719
JW,CounterTerrorist,2345.543,1067.458,153.2291,Knife,100,0,-125.2968,-213.4507,0,False,False,False,230.9766,14.0625
JW,CounterTerrorist,2341.383,1058.812,152.7096,Knife,100,0,-93.63163,-226.0392,0,False,False,False,239.4141,13.35938
JW,CounterTerrorist,2338.504,1049.772,152.2937,Knife,100,0,-60.34115,-234.4822,0,False,False,False,247.5,12.65625
JW,CounterTerrorist,2336.73,1040.474,152.0737,Knife,100,0,-43.68638,-240.7343,0,False,False,False,253.8281,11.95313
JW,CounterTerrorist,2334.911,1030.926,151.9992,Knife,100,0,-47.59743,-245.4272,0,False,False,False,257.3438,11.60156
JW,CounterTerrorist,2333.042,1021.341,151.9196,Knife,100,0,-47.84214,-245.3796,0,False,False,False,259.1016,11.25
JW,CounterTerrorist,2331.178,1011.754,151.8406,Knife,100,0,-47.61086,-245.4245,0,False,False,False,259.1016,11.25
JW,CounterTerrorist,2329.323,1002.167,151.6819,Knife,100,0,-47.41314,-245.4628,0,False,False,False,259.1016,11.25
JW,CounterTerrorist,2327.475,992.5776,151.4718,Knife,100,0,-47.24981,-245.4943,0,False,False,False,259.1016,11.25
JW,CounterTerrorist,2325.632,982.9875,151.2623,Knife,100,0,-47.17344,-245.509,0,False,False,False,259.1016,11.25
JW,CounterTerrorist,2323.79,973.3974,150.9774,Knife,100,0,-47.16004,-245.5116,0,False,False,False,259.1016,11.25
JW,CounterTerrorist,2321.947,963.8073,150.4892,Knife,100,0,-47.20809,-245.5023,0,False,False,False,259.1016,11.25
JW,CounterTerrorist,2320.097,954.2183,150.0004,Knife,100,0,-47.46041,-245.4537,0,False,False,False,258.75,11.25
JW,CounterTerrorist,2318.23,944.6329,149.5095,Knife,100,0,-48.12262,-245.3247,0,False,False,False,257.6953,11.25
JW,CounterTerrorist,2316.32,935.0559,149.0141,Knife,100,0,-49.53229,-245.044,0,False,False,False,256.6406,11.25
JW,CounterTerrorist,2314.332,925.4946,148.5104,Knife,100,0,-51.90228,-244.553,0,False,False,False,254.8828,11.25
JW,CounterTerrorist,2312.233,915.9574,147.9946,Knife,100,0,-55.01973,-243.8705,0,False,False,False,253.4766,11.25
JW,CounterTerrorist,2310.012,906.4476,147.4659,Knife,100,0,-57.99791,-243.1794,0,False,False,False,253.4766,11.25
JW,CounterTerrorist,2307.687,896.9631,146.9884,Knife,100,0,-60.50251,-242.5684,0,False,False,False,253.125,11.25
JW,CounterTerrorist,2305.274,887.5001,147.1372,Knife,100,0,-62.53928,-242.0513,0,False,False,False,253.125,11.25
JW,CounterTerrorist,2302.791,878.0555,147.2908,Knife,100,0,-64.22956,-241.6083,0,False,False,False,253.125,11.25
JW,CounterTerrorist,2300.248,868.627,147.4483,Knife,100,0,-65.65569,-241.2246,0,False,False,False,253.125,11.25
JW,CounterTerrorist,2297.654,859.2122,147.6093,Knife,100,0,-66.89934,-240.8827,0,False,False,False,253.125,11.25
JW,CounterTerrorist,2295.014,849.81,147.7732,Knife,100,0,-67.98447,-240.5787,0,False,False,False,253.125,11.25
JW,CounterTerrorist,2292.337,840.4186,147.9397,Knife,100,0,-68.88339,-240.3229,0,False,False,False,253.125,11.25
JW,CounterTerrorist,2289.629,831.0361,148.1083,Knife,100,0,-69.62346,-240.1095,0,False,False,False,253.125,11.25
JW,CounterTerrorist,2286.895,821.6612,148.2786,Knife,100,0,-70.23332,-239.9318,0,False,False,False,253.125,11.25
JW,CounterTerrorist,2284.139,812.2924,148.4503,Knife,100,0,-70.73621,-239.784,0,False,False,False,253.125,11.25
JW,CounterTerrorist,2281.366,802.9287,148.6232,Knife,100,0,-71.15107,-239.6613,0,False,False,False,253.125,11.25
JW,CounterTerrorist,2278.578,793.5693,148.7971,Knife,100,0,-71.49342,-239.5594,0,False,False,False,253.125,11.25
JW,CounterTerrorist,2275.779,784.2136,148.9718,Knife,100,0,-71.77602,-239.4749,0,False,False,False,253.125,11.25
JW,CounterTerrorist,2272.97,774.8608,149.147,Knife,100,0,-72.00932,-239.4048,0,False,False,False,253.125,11.25
JW,CounterTerrorist,2270.156,765.5097,149.2568,Knife,100,0,-71.93803,-239.4262,0,False,False,False,253.125,11.25
JW,CounterTerrorist,2267.342,756.1586,149.1852,Knife,100,0,-72.1431,-239.3645,0,False,False,False,253.125,11.25
JW,CounterTerrorist,2264.519,746.8096,149.1142,Knife,100,0,-72.32001,-239.3111,0,False,False,False,252.7734,11.25
JW,CounterTerrorist,2261.687,737.4637,149.0439,Knife,100,0,-72.65152,-239.2107,0,False,False,False,252.7734,11.25
JW,CounterTerrorist,2258.838,728.1227,149.3345,Knife,100,0,-73.14577,-239.06,0,False,False,False,252.0703,11.25
JW,CounterTerrorist,2255.953,718.793,149.649,Knife,100,0,-74.51645,-238.6363,0,False,False,False,250.3125,11.25
JW,CounterTerrorist,2252.969,709.4949,149.977,Knife,100,0,-78.01195,-237.5166,0,False,False,False,246.7969,11.60156
JW,CounterTerrorist,2249.786,700.2627,150.3439,Knife,100,0,-84.10614,-235.4276,0,False,False,False,242.9297,11.95313
JW,CounterTerrorist,2246.32,691.1334,150.7633,Knife,100,0,-91.94804,-232.477,0,False,False,False,239.4141,11.95313
JW,CounterTerrorist,2242.538,682.1304,151.2281,Knife,100,0,-99.96163,-229.1455,0,False,False,False,238.0078,11.95313
JW,CounterTerrorist,2238.473,673.2515,151.7336,Knife,100,0,-106.5982,-226.1345,0,False,False,False,238.0078,11.95313
JW,CounterTerrorist,2234.183,664.4788,152.2714,Knife,100,0,-111.7715,-223.6228,0,False,False,False,238.0078,11.95313
JW,CounterTerrorist,2229.721,655.7922,152.834,Knife,100,0,-115.7324,-221.5988,0,False,False,False,238.0078,11.95313
JW,CounterTerrorist,2225.125,647.1757,153.4159,Knife,100,0,-118.8363,-219.9499,0,False,False,False,238.0078,11.95313
JW,CounterTerrorist,2220.423,638.6163,154.013,Knife,100,0,-121.2785,-218.6127,0,False,False,False,238.0078,11.95313
JW,CounterTerrorist,2215.641,630.1018,154.6218,Knife,100,0,-123.1383,-217.5706,0,False,False,False,238.3594,11.95313
JW,CounterTerrorist,2210.795,621.6237,155.2399,Knife,100,0,-124.6428,-216.7122,0,False,False,False,238.3594,11.95313
JW,CounterTerrorist,2205.898,613.1746,155.8653,Knife,100,0,-125.7923,-216.047,0,False,False,False,238.3594,11.95313
JW,CounterTerrorist,2200.964,604.7471,156.4961,Knife,100,0,-126.6325,-215.5556,0,False,False,False,238.3594,11.60156
JW,CounterTerrorist,2196.001,596.3365,157.131,Knife,100,0,-127.3039,-215.1598,0,False,False,False,238.711,11.60156
JW,CounterTerrorist,2191.015,587.9395,160.0313,Knife,100,0,-127.8383,-214.8427,0,False,False,False,238.711,11.60156
JW,CounterTerrorist,2186.011,579.5535,160.0313,Knife,100,0,-128.2787,-214.58,0,False,False,False,238.711,11.60156
JW,CounterTerrorist,2180.992,571.1762,160.0313,Knife,100,0,-128.5901,-214.3935,0,False,False,False,238.711,11.60156
JW,CounterTerrorist,2176.971,564.4785,160.0313,Knife,100,0,-128.7645,-214.2888,0,False,False,False,238.711,11.60156
JW,CounterTerrorist,2170.929,554.4374,160.0313,Knife,100,0,-128.9807,-214.1588,0,False,False,False,238.711,11.60156
JW,CounterTerrorist,2165.887,546.074,160.0313,Knife,100,0,-129.1266,-214.0708,0,False,False,False,238.711,11.60156
JW,CounterTerrorist,2160.841,537.7136,160.0313,Knife,100,0,-129.247,-213.9982,0,False,False,False,238.711,11.60156
JW,CounterTerrorist,2155.79,529.3558,160.0313,Knife,100,0,-129.3464,-213.9381,0,False,False,False,238.711,11.60156
JW,CounterTerrorist,2150.735,521,160.0313,Knife,100,0,-129.4285,-213.8884,0,False,False,False,238.711,11.60156
JW,CounterTerrorist,2145.679,512.6453,160.0313,Knife,100,0,-129.432,-213.8863,0,False,False,False,238.711,11.60156
JW,CounterTerrorist,2140.624,504.2896,160.0313,Knife,100,0,-129.3793,-213.9182,0,False,False,False,239.0625,11.60156
JW,CounterTerrorist,2135.573,495.9319,160.0313,Knife,100,0,-129.2588,-213.991,0,False,False,False,239.0625,11.60156
JW,CounterTerrorist,2130.529,487.5696,160.0313,Knife,100,0,-129.0145,-214.1384,0,False,False,False,239.4141,11.60156
JW,CounterTerrorist,2125.496,479.201,160.0313,Knife,100,0,-128.7167,-214.3176,0,False,False,False,239.4141,11.60156
JW,CounterTerrorist,2120.481,470.8214,160.0313,Knife,100,0,-128.1128,-214.6791,0,False,False,False,240.1172,11.60156
JW,CounterTerrorist,2115.496,462.4236,160.0313,Knife,100,0,-127.2387,-215.1983,0,False,False,False,240.8203,11.60156
JW,CounterTerrorist,2110.55,454.0034,160.0313,Knife,100,0,-126.2014,-215.8082,0,False,False,False,241.1719,11.60156
JW,CounterTerrorist,2105.646,445.5584,160.0313,Knife,100,0,-125.1085,-216.4437,0,False,False,False,241.5234,11.60156
JW,CounterTerrorist,2100.782,437.0902,160.0313,Knife,100,0,-124.1447,-216.9979,0,False,False,False,241.5234,11.60156
JW,CounterTerrorist,2095.952,428.6028,160.0313,Knife,100,0,-123.3493,-217.451,0,False,False,False,241.5234,11.60156
JW,CounterTerrorist,2091.15,420.0997,160.0313,Knife,100,0,-122.6925,-217.8223,0,False,False,False,241.5234,11.60156
JW,CounterTerrorist,2086.37,411.5837,160.0313,Knife,100,0,-122.15,-218.127,0,False,False,False,241.5234,11.60156
JW,CounterTerrorist,2081.607,403.0584,160.0313,Knife,100,0,-121.8551,-218.2919,0,False,False,False,240.8203,11.60156
JW,CounterTerrorist,2076.831,394.5407,160.0313,Knife,100,0,-122.8676,-217.7235,0,False,False,False,238.0078,12.30469
JW,CounterTerrorist,2071.932,386.0929,160.0313,Knife,100,0,-127.7406,-214.9008,0,False,False,False,231.3281,13.35938
JW,CounterTerrorist,2066.733,377.8268,160.0313,Knife,100,0,-137.19,-208.995,0,False,False,False,223.2422,14.76563
JW,CounterTerrorist,2061.088,369.8601,160.0313,Knife,100,0,-149.6553,-200.2581,0,False,False,False,216.9141,15.46875
JW,CounterTerrorist,2054.938,362.2768,160.0313,Knife,100,0,-162.5256,-189.9616,0,False,False,False,212.6953,15.82031
JW,CounterTerrorist,2050.639,354.7391,160.0313,Knife,100,0,-37.60129,-201.4248,0,False,False,False,211.6406,15.82031
JW,CounterTerrorist,2048.289,347.0731,160.0313,Knife,100,0,-74.246,-193.0173,0,False,False,False,211.6406,15.82031
JW,CounterTerrorist,2044.665,339.695,160.0313,Knife,100,0,-104.319,-186.3885,0,False,False,False,212.3437,15.82031
JW,CounterTerrorist,2040.008,332.5226,160.0313,Knife,100,0,-128.37,-182.1294,0,False,False,False,214.8047,15.82031
JW,CounterTerrorist,2034.549,325.446,160.0313,Knife,100,0,-146.5327,-180.9972,0,False,False,False,218.6719,16.52344
JW,CounterTerrorist,2028.532,318.3166,160.0313,Knife,100,0,-158.0828,-184.1364,0,False,False,False,226.0547,16.875
JW,CounterTerrorist,2022.237,310.9698,160.0313,Knife,100,0,-161.8055,-190.5754,0,False,False,False,233.789,16.875
JW,CounterTerrorist,2016.04,303.423,160.0313,Knife,100,0,-156.0816,-195.2909,0,False,False,False,240.4688,16.52344
JW,CounterTerrorist,2010.127,295.6517,160.0313,Knife,100,0,-148.0648,-201.4369,0,False,False,False,244.3359,16.17188
JW,CounterTerrorist,2004.537,287.6449,160.0313,Knife,100,0,-139.8869,-207.1996,0,False,False,False,245.7422,16.17188
JW,CounterTerrorist,1998.367,284.8574,160.0313,Knife,100,0,-164.1444,-25.25299,0,False,False,False,246.0938,16.17188
JW,CounterTerrorist,1992.006,283.8786,160.0313,Knife,100,0,-161.8575,-24.90116,0,False,False,False,247.8516,16.17188
JW,CounterTerrorist,1985.93,281.8691,160.0313,Knife,100,0,-151.1182,-68.21265,0,False,False,False,251.7188,16.52344
JW,CounterTerrorist,1980.328,278.3165,160.0313,Knife,100,0,-137.8354,-105.3642,0,False,False,False,257.3438,16.52344
JW,CounterTerrorist,1975.326,273.438,160.0313,Knife,100,0,-121.1457,-137.2202,0,False,False,False,264.0234,16.52344
JW,CounterTerrorist,1971.037,267.4341,160.0313,Knife,100,0,-101.9704,-164.0306,0,False,False,False,270,16.17188
JW,CounterTerrorist,1967.534,260.4945,160.0313,Knife,100,0,-81.34551,-186.1362,0,False,False,False,275.2734,15.82031
JW,CounterTerrorist,1964.85,252.7922,160.0313,Knife,100,0,-60.29167,-204.0104,0,False,False,False,279.4922,15.82031
JW,CounterTerrorist,1962.979,244.4791,160.0313,Knife,100,0,-39.7285,-218.2415,0,False,False,False,282.6563,15.46875
JW,CounterTerrorist,1961.887,235.683,160.0313,Knife,100,0,-20.32384,-229.4487,0,False,False,False,285.1172,15.46875
JW,CounterTerrorist,1961.512,226.5068,160.0313,Knife,100,0,-2.689908,-238.272,0,False,False,False,286.875,15.46875
JW,CounterTerrorist,1961.778,217.0305,160.0313,Knife,100,0,12.86896,-245.2636,0,False,False,False,287.5781,15.46875
JW,CounterTerrorist,1962.602,207.3401,160.0313,Knife,100,0,26.17616,-248.6259,0,False,False,False,288.2813,15.82031
JW,CounterTerrorist,1963.892,197.6609,160.0313,Knife,100,0,37.43523,-247.1813,0,False,False,False,289.6875,15.82031
JW,CounterTerrorist,1965.591,188.0449,160.0313,Knife,100,0,47.34425,-245.4761,0,False,False,False,290.3906,15.82031
JW,CounterTerrorist,1967.573,178.4877,160.0313,Knife,100,0,47.28251,-244.8638,0,False,False,False,290.0391,15.11719
JW,CounterTerrorist,1968.721,168.86,162.3418,Knife,100,0,21.85927,-247.011,292.6184,False,False,False,285.1172,13.71094
JW,CounterTerrorist,1969.575,159.2111,173.1618,Knife,100,0,21.85927,-247.011,261.3684,False,False,False,274.5703,14.41406
JW,CounterTerrorist,1969.734,149.6196,182.7612,Knife,100,0,-22.73311,-242.7266,230.1184,False,False,False,262.2656,15.46875
JW,CounterTerrorist,1967.09,140.6045,191.1399,Knife,100,0,-97.50833,-220.2649,198.8684,False,False,False,247.8516,16.52344
JW,CounterTerrorist,1961.617,132.8939,198.2979,Knife,100,0,-166.0805,-180.8631,167.6184,False,False,False,234.4922,17.57813
JW,CounterTerrorist,1954.253,126.5923,204.2351,Knife,100,0,-202.6515,-147.3019,136.3684,False,False,False,222.8906,18.28125
JW,CounterTerrorist,1946.01,121.264,208.9517,Knife,100,0,-216.2436,-128.6893,105.1184,False,False,False,212.3437,19.33594
JW,CounterTerrorist,1937.297,116.7357,212.4476,Knife,100,0,-227.231,-107.0315,73.86838,False,False,False,203.2031,20.39063
JW,CounterTerrorist,1928.218,113.1145,214.7227,Knife,100,0,-235.499,-82.84554,42.61838,False,False,False,196.1719,20.74219
JW,CounterTerrorist,1918.879,110.4882,215.7772,Knife,100,0,-241.141,-56.57963,11.36838,False,False,False,189.8437,21.09375
JW,CounterTerrorist,1909.329,109.3283,215.6109,Knife,100,0,-248.2083,5.55244,-19.88162,False,False,False,185.625,21.09375
JW,CounterTerrorist,1899.612,109.8244,214.224,CZ,100,0,-248.9856,16.32785,-51.13162,False,False,False,183.1641,20.39063
JW,CounterTerrorist,1889.879,110.6257,211.6163,CZ,100,0,-249.2454,23.02949,-82.38162,False,False,False,181.7578,20.03906
JW,CounterTerrorist,1880.14,111.65,207.788,CZ,100,0,-249.3245,28.28346,-113.6316,False,False,False,180.3516,19.33594
JW,CounterTerrorist,1870.401,112.8585,202.7389,CZ,100,0,-249.3073,32.70745,-144.8816,False,False,False,179.2969,18.28125
JW,CounterTerrorist,1860.664,114.2318,196.4692,CZ,100,0,-249.2421,36.08376,-176.1316,False,False,False,178.5938,17.22656
JW,CounterTerrorist,1850.929,115.6776,197.9787,CZ,100,0,-249.2071,37.35104,-207.3816,False,False,False,178.2422,16.52344
JW,CounterTerrorist,1841.195,117.1498,189.2675,CZ,100,0,-249.1874,37.98489,-238.6316,False,False,False,178.2422,15.82031
JW,CounterTerrorist,1831.461,118.6336,179.3357,CZ,100,0,-249.1874,37.98489,-269.8816,False,False,False,178.2422,14.76563
JW,CounterTerrorist,1821.729,120.1537,168.1831,CZ,100,0,-249.1083,40.09867,-301.1316,False,False,False,177.5391,13.71094
JW,CounterTerrorist,1812.002,121.801,146.8098,CZ,100,0,-248.9315,43.69511,-332.3816,False,False,False,176.8359,12.65625
JW,CounterTerrorist,1802.286,123.6369,133.2159,CZ,100,0,-248.5565,49.20113,0,False,False,False,175.4297,11.95313
JW,CounterTerrorist,1796.353,125.4098,138.188,CZ,100,0,-150.5453,47.19268,230.9162,False,False,False,174.7266,10.89844
JW,CounterTerrorist,1790.518,125.9688,146.5979,CZ,100,0,-147.565,0,199.6662,False,False,False,174.0234,9.84375
JW,CounterTerrorist,1784.876,125.9688,153.787,CZ,100,0,-142.3335,0,168.4162,False,False,False,174.375,9.84375
JW,CounterTerrorist,1779.409,126.1458,168.7554,CZ,100,0,-139.069,11.38219,137.1662,False,False,False,174.375,9.84375
JW,CounterTerrorist,1774,126.8207,173.5031,CZ,100,0,-138.2848,19.30185,105.9162,False,False,False,174.375,9.84375
JW,CounterTerrorist,1768.61,127.6985,177.03,CZ,100,0,-137.7573,24.62845,74.66618,False,False,False,174.375,9.84375
JW,CounterTerrorist,1763.242,128.7922,179.3363,CZ,100,0,-137.1962,30.294,43.41618,False,False,False,174.375,9.84375
JW,CounterTerrorist,1757.897,130.1155,180.4219,CZ,100,0,-136.6006,36.30894,12.16618,False,False,False,174.375,9.84375
JW,CounterTerrorist,1752.578,131.7066,180.2868,CZ,100,0,-135.8783,43.60259,-19.08382,False,False,False,174.375,9.84375
JW,CounterTerrorist,1747.27,133.4099,178.931,CZ,100,0,-135.8783,43.60259,-50.33382,False,False,False,174.375,9.84375
JW,CounterTerrorist,1741.963,135.1131,176.3545,CZ,100,0,-135.8783,43.60259,-81.58382,False,False,False,174.375,9.84375
JW,CounterTerrorist,1736.655,136.8164,172.5572,Knife,100,0,-135.8783,43.60259,-112.8338,False,False,False,174.375,9.84375
JW,CounterTerrorist,1731.347,138.5197,158.5393,Knife,100,0,-135.8783,43.60259,-144.0838,False,False,False,174.375,9.84375
JW,CounterTerrorist,1726.04,140.2229,152.3007,Knife,100,0,-135.8783,43.60259,-175.3338,False,False,False,174.375,9.84375
JW,CounterTerrorist,1720.732,141.9262,144.8413,Knife,100,0,-135.8783,43.60259,-206.5838,False,False,False,174.375,9.84375
JW,CounterTerrorist,1715.41,143.6828,136.4175,Knife,100,0,-137.717,50.42599,0,False,False,False,174.375,9.84375
JW,CounterTerrorist,1710.146,143.9943,136.526,Knife,100,0,-105.8728,3.265627,0,False,False,False,174.375,9.84375
JW,CounterTerrorist,1706.051,143.9943,136.526,Knife,100,0,-104.1822,0,0,False,False,False,174.375,9.84375
JW,CounterTerrorist,1702.015,143.9943,136.526,Knife,100,0,-102.7856,0,0,False,False,False,174.375,9.84375
JW,CounterTerrorist,1698.028,143.9943,136.526,Knife,100,0,-101.632,0,0,False,False,False,174.375,9.84375
JW,CounterTerrorist,1694.081,143.9943,136.526,Knife,100,0,-100.6791,0,0,False,False,False,174.375,9.84375
JW,CounterTerrorist,1690.167,143.9943,136.526,Knife,100,0,-99.89192,0,0,False,False,False,174.375,9.84375
JW,CounterTerrorist,1686.281,143.9943,136.526,Knife,100,0,-99.24168,0,0,False,False,False,174.375,9.84375
JW,CounterTerrorist,1682.417,143.9943,136.526,Knife,100,0,-98.70455,0,0,False,False,False,174.375,9.84375
JW,CounterTerrorist,1678.572,143.9943,136.4751,Knife,100,0,-98.26087,0,0,False,False,False,174.375,9.84375
JW,CounterTerrorist,1674.839,143.9943,136.3293,Knife,100,0,-89.71807,0,0,False,False,False,174.375,9.84375
JW,CounterTerrorist,1671.772,143.9943,136.2095,Knife,100,0,-71.50667,0,0,False,False,False,174.375,9.84375
JW,CounterTerrorist,1669.374,143.9943,136.1158,Knife,100,0,-54.64174,0,0,False,False,False,174.375,9.84375
JW,CounterTerrorist,1667.622,143.9943,136.0474,Knife,100,0,-38.89778,0,0,False,False,False,174.375,9.84375
JW,CounterTerrorist,1666.432,143.9943,136.0009,Knife,100,0,-24.83528,0,0,False,False,False,174.375,9.84375
JW,CounterTerrorist,1665.792,143.9943,135.9759,Knife,100,0,-10.77278,0,0,False,False,False,174.375,9.84375
JW,CounterTerrorist,1665.672,143.9943,135.9712,Knife,100,0,0,0,0,False,False,False,174.375,9.84375
JW,CounterTerrorist,1665.672,143.9943,135.9712,Knife,100,0,0,0,0,False,False,False,174.0234,9.492188
JW,CounterTerrorist,1665.672,143.9943,135.9712,Knife,100,0,0,0,0,False,False,False,174.0234,9.492188
JW,CounterTerrorist,1665.672,143.9943,135.9712,Knife,100,0,0,0,0,False,False,False,174.0234,9.492188
JW,CounterTerrorist,1665.672,143.9943,135.9712,Knife,100,0,0,0,0,False,False,False,174.0234,9.492188
JW,CounterTerrorist,1665.672,143.9943,135.9712,Knife,100,0,0,0,0,False,False,False,174.0234,9.492188
JW,CounterTerrorist,1665.672,143.9943,135.9712,Knife,100,0,0,0,0,False,False,False,174.375,9.492188
JW,CounterTerrorist,1665.672,143.9943,135.9712,Knife,100,0,0,0,0,False,False,False,174.375,9.492188
JW,CounterTerrorist,1665.672,143.9943,135.9712,Knife,100,0,0,0,0,False,False,False,174.375,9.492188
JW,CounterTerrorist,1665.672,143.9943,135.9712,Knife,100,0,0,0,0,False,False,False,174.375,9.492188
JW,CounterTerrorist,1665.672,143.9943,135.9712,Knife,100,0,0,0,0,False,False,False,174.375,9.492188
JW,CounterTerrorist,1665.672,143.9943,135.9712,Knife,100,0,0,0,0,False,False,False,174.375,9.492188
JW,CounterTerrorist,1665.672,143.9943,135.9712,Knife,100,0,0,0,0,False,False,False,174.7266,9.492188
JW,CounterTerrorist,1665.672,143.9943,135.9712,Knife,100,0,0,0,0,False,False,False,174.7266,9.492188
JW,CounterTerrorist,1665.672,143.9943,135.9712,Knife,100,0,0,0,0,False,False,False,175.0781,9.140625
JW,CounterTerrorist,1665.672,143.9943,135.9712,Knife,100,0,0,0,0,False,False,False,175.4297,9.140625
JW,CounterTerrorist,1665.672,143.9943,135.9712,Knife,100,0,0,0,0,False,False,False,176.1328,8.789063
JW,CounterTerrorist,1665.672,143.9943,135.9712,Knife,100,0,0,0,0,False,False,False,177.5391,8.4375
JW,CounterTerrorist,1665.672,143.9943,135.9712,Knife,100,0,0,0,0,False,False,False,179.2969,8.4375
JW,CounterTerrorist,1665.672,143.9943,135.9712,Knife,100,0,0,0,0,False,False,False,180.3516,8.085938
JW,CounterTerrorist,1665.672,143.9943,135.9712,Knife,100,0,0,0,0,False,False,False,181.7578,7.734375
JW,CounterTerrorist,1665.672,143.9943,135.9712,Knife,100,0,0,0,0,False,False,False,183.8672,7.03125
JW,CounterTerrorist,1665.672,143.9943,135.9712,CZ,100,0,0,0,0,False,False,False,185.9766,7.03125
JW,CounterTerrorist,1665.672,143.9943,135.9712,CZ,100,0,0,0,0,False,False,False,187.7344,6.679688
JW,CounterTerrorist,1665.672,143.9943,135.9712,CZ,100,0,0,0,0,False,False,False,189.1406,6.679688
JW,CounterTerrorist,1665.672,143.9943,135.9712,CZ,100,0,0,0,0,False,False,False,190.5469,6.679688
JW,CounterTerrorist,1665.672,143.9943,135.9712,CZ,100,0,0,0,0,False,False,False,192.3047,6.679688
JW,CounterTerrorist,1665.672,143.9943,135.9712,CZ,100,0,0,0,0,False,False,False,195.4688,5.976563
JW,CounterTerrorist,1665.672,143.9943,135.9712,CZ,100,0,0,0,0,False,False,False,198.9844,5.625
JW,CounterTerrorist,1665.672,143.9943,135.9712,CZ,100,0,0,0,0,False,False,False,200.0391,5.273438
JW,CounterTerrorist,1665.672,143.9943,135.9712,CZ,100,0,0,0,0,False,False,False,200.3906,5.273438
JW,CounterTerrorist,1665.672,143.9943,135.9712,CZ,100,0,0,0,0,False,False,False,200.3906,5.273438
JW,CounterTerrorist,1665.672,143.9943,135.9712,CZ,100,0,0,0,0,False,False,False,200.3906,5.273438
JW,CounterTerrorist,1665.672,143.9943,135.9712,CZ,100,0,0,0,0,False,False,False,200.3906,5.273438
JW,CounterTerrorist,1665.672,143.9943,135.9712,CZ,100,0,0,0,0,False,False,False,200.7422,4.921875
JW,CounterTerrorist,1665.672,143.9943,135.9712,CZ,100,0,0,0,0,False,False,False,200.0391,5.273438
JW,CounterTerrorist,1665.672,143.9943,135.9712,CZ,100,0,0,0,0,False,False,False,200.0391,5.273438
JW,CounterTerrorist,1665.672,143.9943,135.9712,CZ,100,0,0,0,0,False,False,False,200.0391,5.273438
JW,CounterTerrorist,1665.672,143.9943,135.9712,CZ,100,0,0,0,0,False,False,False,200.0391,5.273438
JW,CounterTerrorist,1665.672,143.9943,135.9712,CZ,100,0,0,0,0,False,False,False,200.0391,5.273438
JW,CounterTerrorist,1665.672,143.9943,135.9712,CZ,100,0,0,0,0,False,False,False,200.0391,5.273438
JW,CounterTerrorist,1665.692,143.9549,135.9684,CZ,100,0,2.643134,-5.03602,0,False,False,False,207.7734,4.921875
JW,CounterTerrorist,1666.004,143.4928,135.9389,CZ,100,0,12.133,-15.87138,0,False,False,False,222.8906,4.21875
JW,CounterTerrorist,1666.8,142.7346,135.9015,CZ,100,0,26.41224,-20.73026,0,False,False,False,247.1484,2.8125
JW,CounterTerrorist,1668.209,141.9845,135.8879,CZ,100,0,42.46089,-16.94932,0,False,False,False,273.5156,359.6484
JW,CounterTerrorist,1670.199,141.5775,135.9298,CZ,100,0,56.03392,-5.233197,0,False,False,False,294.9609,355.7813
JW,CounterTerrorist,1672.629,141.724,136.038,CZ,100,0,65.94395,9.913251,0,False,False,False,306.5625,353.3203
JW,CounterTerrorist,1675.394,142.4723,136.2136,CZ,100,0,73.8868,25.18038,0,False,False,False,311.8359,351.5625
JW,CounterTerrorist,1678.278,143.6294,136.4307,CZ,100,0,73.79916,32.403,0,True,False,False,312.1875,351.2109
JW,CounterTerrorist,1681.151,143.9882,136.5303,CZ,100,0,73.4227,0,0,True,False,False,311.8359,350.5078
JW,CounterTerrorist,1684.016,143.9882,136.5303,CZ,100,0,73.31084,0,0,True,False,False,311.1328,350.1563
JW,CounterTerrorist,1686.878,143.9882,136.5303,CZ,100,0,73.22183,0,0,True,False,False,311.1328,350.1563
JW,CounterTerrorist,1689.755,143.9956,136.5303,CZ,100,0,74.84591,0,0,True,False,False,311.1328,350.1563
JW,CounterTerrorist,1692.78,143.9687,136.5286,CZ,100,0,79.03505,-1.123338,0,True,False,False,311.1328,349.8047
JW,CounterTerrorist,1696.003,143.8983,136.5222,CZ,100,0,89.26466,-2.532439,0,False,False,False,311.1328,349.1016
JW,CounterTerrorist,1699.923,143.756,136.5094,CZ,100,0,104.182,-4.129171,0,False,False,False,311.1328,348.75
JW,CounterTerrorist,1704.19,143.5688,136.4924,CZ,100,0,112.3802,-5.217877,0,False,False,False,311.1328,348.3984
JW,CounterTerrorist,1708.743,143.3419,136.472,CZ,100,0,119.1473,-6.188688,0,False,False,False,310.7813,348.3984
JW,CounterTerrorist,1713.53,143.0782,136.4099,CZ,100,0,124.5964,-7.125051,0,False,False,False,310.4297,348.0469
JW,CounterTerrorist,1718.396,142.7851,136.2618,CZ,100,0,124.5572,-7.781196,0,False,False,False,309.7266,348.0469
JW,CounterTerrorist,1723.26,142.4618,136.111,CZ,100,0,124.5013,-8.629154,0,False,False,False,309.0234,347.6953
JW,CounterTerrorist,1728.113,142.2883,135.974,CZ,100,0,123.8822,2.156137,0,False,False,False,307.9688,347.3438
JW,CounterTerrorist,1732.936,142.7513,135.8952,CZ,100,0,123.2447,17.86604,0,False,False,False,307.2656,347.3438
JW,CounterTerrorist,1737.706,143.7489,135.8661,CZ,100,0,121.0837,30.22861,0,False,False,False,306.9141,347.3438
JW,CounterTerrorist,1742.417,143.9953,135.7705,CZ,100,0,120.7018,0,0,False,False,False,306.5625,346.9922
JW,CounterTerrorist,1746.823,143.9174,135.6534,CZ,100,0,98.71801,-6.605252,0,False,False,False,306.2109,346.9922
JW,CounterTerrorist,1749.753,143.3127,135.5255,CZ,100,0,60.07247,-20.99268,0,False,False,False,306.2109,346.9922
JW,CounterTerrorist,1751.268,142.2439,135.3911,CZ,100,0,25.08623,-30.78874,0,False,False,False,306.2109,346.9922
JW,CounterTerrorist,1751.562,140.9357,135.2657,CZ,100,0,-2.837591,-34.75663,0,False,False,False,305.8594,346.6406
JW,CounterTerrorist,1751.514,139.9325,135.1763,CZ,100,0,2.916846,-17.40998,0,False,False,False,305.8594,346.6406
JW,CounterTerrorist,1751.981,139.8563,135.1571,CZ,100,0,15.99144,5.43218,0,False,False,False,305.8594,346.6406
JW,CounterTerrorist,1752.845,140.3256,135.1785,CZ,100,0,26.41945,15.98746,0,False,False,False,305.8594,346.6406
JW,CounterTerrorist,1754.139,141.1646,135.2219,CZ,100,0,37.62719,25.06626,0,False,False,False,305.8594,346.6406
JW,CounterTerrorist,1755.515,142.0901,135.2626,CZ,100,0,30.56647,20.55262,0,False,False,False,305.5078,346.2891
JW,CounterTerrorist,1755.891,142.3265,135.2819,CZ,100,0,-4.541858,-3.285867,0,False,False,False,305.5078,346.2891
JW,CounterTerrorist,1755.439,142.0019,135.265,CZ,100,0,-16.22386,-11.66275,0,False,False,False,305.5078,346.2891
JW,CounterTerrorist,1754.568,141.3757,135.2303,CZ,100,0,-23.2794,-16.73147,0,False,False,False,305.5078,346.2891
JW,CounterTerrorist,1754.034,140.9922,135.209,CZ,100,0,-2.623171,-1.886047,0,False,False,False,305.5078,346.2891
JW,CounterTerrorist,1754.384,141.2437,135.209,CZ,100,0,13.603,9.806299,0,False,False,False,305.8594,345.9375
JW,CounterTerrorist,1754.862,142.0279,135.2818,CZ,100,0,11.08263,26.55474,0,False,False,False,306.2109,345.9375
JW,CounterTerrorist,1755.096,143.364,135.3966,CZ,100,0,-0.9133334,38.0926,0,False,False,False,306.2109,345.9375
JW,CounterTerrorist,1754.813,143.9688,135.4534,CZ,100,0,-8.810787,0,0,False,False,False,305.8594,346.2891
JW,CounterTerrorist,1754.407,143.9688,135.4534,CZ,100,0,-11.42165,0,0,False,False,False,305.8594,346.2891
JW,CounterTerrorist,1753.9,143.9688,135.4707,CZ,100,0,-14.03252,0,0,False,False,False,305.8594,346.2891
JW,CounterTerrorist,1753.29,143.9688,135.4869,CZ,100,0,-16.64339,0,0,False,False,False,305.8594,346.2891
JW,CounterTerrorist,1752.97,143.9688,135.5028,CZ,100,0,-2.580893,0,0,False,False,False,305.8594,346.2891
JW,CounterTerrorist,1752.97,143.9688,135.5028,CZ,100,0,0,0,0,False,False,False,305.8594,346.2891
JW,CounterTerrorist,1752.97,143.9688,135.5028,CZ,100,0,0,0,0,False,False,False,305.8594,346.2891
JW,CounterTerrorist,1752.97,143.9688,135.5028,CZ,100,0,0,0,0,False,False,False,305.5078,346.2891
JW,CounterTerrorist,1752.97,143.9688,135.5028,CZ,100,0,0,0,0,False,False,False,305.5078,346.2891
JW,CounterTerrorist,1752.97,143.9688,135.5028,CZ,100,0,0,0,0,False,False,False,305.8594,346.2891
JW,CounterTerrorist,1752.97,143.9688,135.5028,CZ,100,0,0,0,0,False,False,False,305.8594,346.2891
JW,CounterTerrorist,1752.97,143.9688,135.5028,CZ,100,0,0,0,0,False,False,False,305.8594,346.2891
JW,CounterTerrorist,1752.97,143.9688,135.5028,CZ,100,0,0,0,0,False,False,False,305.8594,346.2891
JW,CounterTerrorist,1752.97,143.9688,135.5028,CZ,100,0,0,0,0,False,False,False,305.8594,346.2891
JW,CounterTerrorist,1752.97,143.9688,135.5028,CZ,100,0,0,0,0,False,False,False,305.8594,346.2891
JW,CounterTerrorist,1752.97,143.9688,135.5028,CZ,100,0,0,0,0,False,False,False,305.8594,346.2891
JW,CounterTerrorist,1752.97,143.9688,135.5028,CZ,100,0,0,0,0,False,False,False,305.8594,346.2891
JW,CounterTerrorist,1752.97,143.9688,135.5028,CZ,100,0,0,0,0,False,False,False,305.8594,346.2891
JW,CounterTerrorist,1752.97,143.9688,135.5028,CZ,100,0,0,0,0,False,False,False,305.8594,346.2891
JW,CounterTerrorist,1752.97,143.9688,135.5028,CZ,100,0,0,0,0,False,False,False,305.8594,346.2891
JW,CounterTerrorist,1752.97,143.9688,135.5028,CZ,100,0,0,0,0,False,False,False,305.8594,346.2891
JW,CounterTerrorist,1752.97,143.9688,135.5028,CZ,100,0,0,0,0,False,False,False,305.8594,346.2891
JW,CounterTerrorist,1752.97,143.9688,135.5028,CZ,100,0,0,0,0,False,False,False,305.8594,346.2891
JW,CounterTerrorist,1752.97,143.9688,135.5028,CZ,100,0,0,0,0,False,False,False,305.8594,346.2891
JW,CounterTerrorist,1752.97,143.9688,135.5028,CZ,100,0,0,0,0,False,False,False,305.8594,346.2891
JW,CounterTerrorist,1752.97,143.9688,135.5028,CZ,100,0,0,0,0,False,False,False,305.8594,346.2891
JW,CounterTerrorist,1752.97,143.9688,135.5028,CZ,100,0,0,0,0,False,False,False,305.8594,346.2891
JW,CounterTerrorist,1752.97,143.9688,135.5028,CZ,100,0,0,0,0,False,False,False,305.8594,346.2891
JW,CounterTerrorist,1752.97,143.9688,135.5028,CZ,100,0,0,0,0,False,False,False,305.8594,346.2891
JW,CounterTerrorist,1752.97,143.9688,135.5028,CZ,100,0,0,0,0,False,False,False,305.8594,346.2891
JW,CounterTerrorist,1752.97,143.9688,135.5028,CZ,100,0,0,0,0,False,False,False,305.8594,346.2891
JW,CounterTerrorist,1752.97,143.9688,135.5028,CZ,100,0,0,0,0,False,False,False,305.8594,346.2891
JW,CounterTerrorist,1752.97,143.9688,135.5028,CZ,100,0,0,0,0,False,False,False,305.8594,346.2891
JW,CounterTerrorist,1752.97,143.9688,135.5028,CZ,100,0,0,0,0,False,False,False,305.8594,346.2891
JW,CounterTerrorist,1752.97,143.9688,135.5028,CZ,100,0,0,0,0,False,False,False,305.8594,346.2891
JW,CounterTerrorist,1752.97,143.9688,135.5028,CZ,100,0,0,0,0,False,False,False,305.8594,346.2891
JW,CounterTerrorist,1752.97,143.9688,135.5028,CZ,100,0,0,0,0,False,False,False,305.8594,346.2891
JW,CounterTerrorist,1752.97,143.9688,135.5028,CZ,100,0,0,0,0,False,False,False,305.8594,346.2891
JW,CounterTerrorist,1752.97,143.9688,135.5028,CZ,100,0,0,0,0,False,False,False,305.8594,346.2891
JW,CounterTerrorist,1752.97,143.9688,135.5028,CZ,100,0,0,0,0,False,False,False,305.8594,346.2891
JW,CounterTerrorist,1752.97,143.9688,135.5028,CZ,100,0,0,0,0,False,False,False,305.8594,346.2891
JW,CounterTerrorist,1752.97,143.9688,135.5028,CZ,100,0,0,0,0,False,False,False,305.8594,346.2891
JW,CounterTerrorist,1752.97,143.9688,135.5028,CZ,100,0,0,0,0,False,False,False,305.8594,346.2891
JW,CounterTerrorist,1752.97,143.9688,135.5028,CZ,100,0,0,0,0,False,False,False,305.8594,346.2891
JW,CounterTerrorist,1752.97,143.9688,135.5028,CZ,100,0,0,0,0,False,False,False,305.8594,346.2891
JW,CounterTerrorist,1752.97,143.9688,135.5028,CZ,100,0,0,0,0,False,False,False,305.8594,346.2891
JW,CounterTerrorist,1752.97,143.9688,135.5028,CZ,100,0,0,0,0,False,False,False,305.8594,346.2891
JW,CounterTerrorist,1752.97,143.9688,135.5028,CZ,100,0,0,0,0,False,False,False,305.8594,346.2891
JW,CounterTerrorist,1752.97,143.9688,135.5028,CZ,100,0,0,0,0,False,False,False,305.8594,346.2891
JW,CounterTerrorist,1752.97,143.9688,135.5028,CZ,100,0,0,0,0,False,False,False,305.8594,346.2891
JW,CounterTerrorist,1752.97,143.9688,135.5028,CZ,100,0,0,0,0,False,False,False,305.8594,346.2891
JW,CounterTerrorist,1752.97,143.9688,135.5028,CZ,100,0,0,0,0,False,False,False,305.8594,346.2891
JW,CounterTerrorist,1752.97,143.9688,135.5028,CZ,100,0,0,0,0,False,False,False,305.8594,346.2891
JW,CounterTerrorist,1752.97,143.9688,135.5028,CZ,100,0,0,0,0,False,False,False,305.8594,346.2891
JW,CounterTerrorist,1752.97,143.9688,135.5028,CZ,100,0,0,0,0,False,False,False,305.8594,346.2891
JW,CounterTerrorist,1752.97,143.9688,135.5028,CZ,100,0,0,0,0,False,False,False,305.8594,346.2891
JW,CounterTerrorist,1752.97,143.9688,135.5028,CZ,100,0,0,0,0,False,False,False,305.8594,346.2891
JW,CounterTerrorist,1752.97,143.9688,135.5028,CZ,100,0,0,0,0,False,False,False,305.8594,346.2891
JW,CounterTerrorist,1752.97,143.9688,135.5028,CZ,100,0,0,0,0,False,False,False,305.8594,346.2891
JW,CounterTerrorist,1752.97,143.9688,135.5028,CZ,100,0,0,0,0,False,False,False,305.8594,346.2891
JW,CounterTerrorist,1752.97,143.9688,135.5028,CZ,100,0,0,0,0,False,False,False,305.8594,346.2891
JW,CounterTerrorist,1752.97,143.9688,135.5028,CZ,100,0,0,0,0,False,False,False,305.8594,346.2891
JW,CounterTerrorist,1752.97,143.9688,135.5028,CZ,100,0,0,0,0,False,False,False,305.8594,346.2891
JW,CounterTerrorist,1752.97,143.9688,135.5028,CZ,100,0,0,0,0,False,False,False,305.8594,346.2891
JW,CounterTerrorist,1752.97,143.9688,135.5028,CZ,100,0,0,0,0,False,False,False,305.8594,346.2891
JW,CounterTerrorist,1752.97,143.9688,135.5028,CZ,100,0,0,0,0,False,False,False,305.8594,346.2891
JW,CounterTerrorist,1752.97,143.9688,135.5028,CZ,100,0,0,0,0,False,False,False,305.8594,346.2891
JW,CounterTerrorist,1752.97,143.9688,135.5028,CZ,100,0,0,0,0,False,False,False,305.8594,346.2891
JW,CounterTerrorist,1752.97,143.9688,135.5028,CZ,100,0,0,0,0,False,False,False,305.8594,346.2891
JW,CounterTerrorist,1752.97,143.9688,135.5028,CZ,100,0,0,0,0,False,False,False,305.8594,346.2891
JW,CounterTerrorist,1752.97,143.9688,135.5028,CZ,100,0,0,0,0,False,False,False,305.8594,346.2891
JW,CounterTerrorist,1752.97,143.9688,135.5028,CZ,100,0,0,0,0,False,False,False,305.8594,346.2891
JW,CounterTerrorist,1752.97,143.9688,135.5028,CZ,100,0,0,0,0,False,False,False,305.8594,346.2891
JW,CounterTerrorist,1752.97,143.9688,135.5028,CZ,100,0,0,0,0,False,False,False,305.5078,346.2891
JW,CounterTerrorist,1752.97,143.9688,135.5028,CZ,100,0,0,0,0,False,False,False,305.5078,346.2891
JW,CounterTerrorist,1752.97,143.9688,135.5028,CZ,100,0,0,0,0,False,False,False,305.5078,346.2891
JW,CounterTerrorist,1752.97,143.9688,135.5028,CZ,100,0,0,0,0,False,False,False,305.5078,346.2891
JW,CounterTerrorist,1752.97,143.9688,135.5028,CZ,100,0,0,0,0,False,False,False,305.5078,346.2891
JW,CounterTerrorist,1752.97,143.9688,135.5028,CZ,100,0,0,0,0,False,False,False,305.5078,346.2891
JW,CounterTerrorist,1752.97,143.9688,135.5028,CZ,100,0,0,0,0,False,False,False,305.5078,346.2891
JW,CounterTerrorist,1752.97,143.9688,135.5028,CZ,100,0,0,0,0,False,False,False,305.5078,346.2891
JW,CounterTerrorist,1752.97,143.9688,135.5028,CZ,100,0,0,0,0,False,False,False,305.5078,346.2891
JW,CounterTerrorist,1752.97,143.9688,135.5028,CZ,100,0,0,0,0,False,False,False,305.5078,346.2891
JW,CounterTerrorist,1752.97,143.9688,135.5028,CZ,100,0,0,0,0,False,False,False,305.5078,346.2891
JW,CounterTerrorist,1752.801,143.9688,135.5028,CZ,100,0,-5.34543,0,0,False,False,False,305.5078,346.2891
JW,CounterTerrorist,1752.533,143.9688,135.5028,CZ,100,0,-7.878361,0,0,False,False,False,305.5078,346.2891
JW,CounterTerrorist,1752.166,143.9688,135.5186,CZ,100,0,-10.41129,0,0,False,False,False,305.5078,346.2891
JW,CounterTerrorist,1751.699,143.9688,135.5361,CZ,100,0,-12.94422,0,0,False,False,False,305.5078,346.2891
JW,CounterTerrorist,1751.134,143.9688,135.5361,CZ,100,0,-15.51613,0,0,False,False,False,305.8594,346.2891
JW,CounterTerrorist,1750.466,143.9688,135.5533,CZ,100,0,-18.16978,0,0,False,False,False,306.2109,346.2891
JW,CounterTerrorist,1749.693,143.9688,135.5862,CZ,100,0,-20.89331,0,0,False,False,False,306.2109,346.2891
JW,CounterTerrorist,1748.811,143.9688,135.6037,CZ,100,0,-23.66722,0,0,False,False,False,306.2109,346.2891
JW,CounterTerrorist,1747.821,143.9688,135.6228,CZ,100,0,-26.47982,0,0,False,False,False,306.5625,346.2891
JW,CounterTerrorist,1746.72,143.9688,135.6606,CZ,100,0,-29.34652,0,0,False,False,False,306.5625,346.2891
JW,CounterTerrorist,1745.506,143.9688,135.6784,CZ,100,0,-32.22866,0,0,False,False,False,306.5625,346.2891
JW,CounterTerrorist,1744.18,143.9688,135.7172,CZ,100,0,-35.1108,0,0,False,False,False,306.5625,346.2891
JW,CounterTerrorist,1742.74,143.9688,135.7601,CZ,100,0,-38.01608,0,0,False,False,False,306.5625,346.2891
JW,CounterTerrorist,1741.187,143.9688,135.7989,CZ,100,0,-40.94834,0,0,False,False,False,306.5625,346.2891
JW,CounterTerrorist,1739.517,143.9688,135.832,CZ,100,0,-43.93063,0,0,False,False,False,306.9141,346.2891
JW,CounterTerrorist,1737.729,143.9688,135.8853,CZ,100,0,-47.00891,0,0,False,False,False,307.2656,346.2891
JW,CounterTerrorist,1735.818,143.9688,135.9233,CZ,100,0,-50.2096,0,0,False,False,False,307.6172,346.2891
JW,CounterTerrorist,1733.78,143.9688,135.9841,CZ,100,0,-53.49799,0,0,False,False,False,307.6172,346.2891
JW,CounterTerrorist,1731.884,143.9688,136.0231,CZ,100,0,-42.91632,0,0,False,False,False,307.9688,346.2891
JW,CounterTerrorist,1730.537,143.9688,136.0595,CZ,100,0,-28.85382,0,0,False,False,False,307.9688,346.2891
JW,CounterTerrorist,1729.739,143.9688,136.0788,CZ,100,0,-14.79132,0,0,False,False,False,307.9688,346.2891
JW,CounterTerrorist,1729.497,143.9688,136.0788,CZ,100,0,0,0,0,False,False,False,307.9688,346.2891
JW,CounterTerrorist,1729.497,143.9688,136.0788,CZ,100,0,0,0,0,False,False,False,308.3203,346.2891
JW,CounterTerrorist,1729.497,143.9688,136.0788,CZ,100,0,0,0,0,False,False,False,308.3203,346.6406
JW,CounterTerrorist,1729.497,143.9688,136.0788,CZ,100,0,0,0,0,False,False,False,308.3203,346.6406
JW,CounterTerrorist,1729.497,143.9688,136.0788,CZ,100,0,0,0,0,False,False,False,308.3203,346.6406
JW,CounterTerrorist,1729.497,143.9688,136.0788,CZ,100,0,0,0,0,False,False,False,308.3203,346.6406
JW,CounterTerrorist,1729.497,143.9688,136.0788,CZ,100,0,0,0,0,False,False,False,308.3203,346.6406
JW,CounterTerrorist,1729.497,143.9688,136.0788,CZ,100,0,0,0,0,False,False,False,308.3203,346.6406
JW,CounterTerrorist,1729.497,143.9688,136.0788,CZ,100,0,0,0,0,False,False,False,308.3203,346.6406
JW,CounterTerrorist,1729.497,143.9688,136.0788,CZ,100,0,0,0,0,False,False,False,308.3203,346.6406
JW,CounterTerrorist,1729.497,143.9688,136.0788,CZ,100,0,0,0,0,False,False,False,308.3203,346.6406
JW,CounterTerrorist,1729.497,143.9688,136.0788,CZ,100,0,0,0,0,False,False,False,308.3203,346.6406
JW,CounterTerrorist,1729.497,143.9688,136.0788,CZ,100,0,0,0,0,False,False,False,308.3203,346.6406
JW,CounterTerrorist,1729.497,143.9688,136.0788,CZ,100,0,0,0,0,False,False,False,308.3203,346.6406
JW,CounterTerrorist,1729.497,143.9688,136.0788,CZ,100,0,0,0,0,False,False,False,308.3203,346.6406
JW,CounterTerrorist,1729.497,143.9688,136.0788,CZ,100,0,0,0,0,False,False,False,308.3203,346.6406
JW,CounterTerrorist,1729.497,143.9688,136.0788,CZ,100,0,0,0,0,False,False,False,308.3203,346.6406
JW,CounterTerrorist,1729.497,143.9688,136.0788,CZ,100,0,0,0,0,False,False,False,308.3203,346.6406
JW,CounterTerrorist,1729.497,143.9688,136.0788,CZ,100,0,0,0,0,False,False,False,308.3203,346.6406
JW,CounterTerrorist,1729.497,143.9688,136.0788,CZ,100,0,0,0,0,False,False,False,308.3203,346.6406
JW,CounterTerrorist,1729.497,143.9688,136.0788,CZ,100,0,0,0,0,False,False,False,308.3203,346.6406
JW,CounterTerrorist,1729.497,143.9688,136.0788,CZ,100,0,0,0,0,False,False,False,308.3203,346.6406
JW,CounterTerrorist,1729.497,143.9688,136.0788,CZ,100,0,0,0,0,False,False,False,308.3203,346.6406
JW,CounterTerrorist,1729.497,143.9688,136.0788,CZ,100,0,0,0,0,False,False,False,308.3203,346.6406
JW,CounterTerrorist,1729.497,143.9688,136.0788,CZ,100,0,0,0,0,False,False,False,308.3203,346.6406
JW,CounterTerrorist,1729.497,143.9688,136.0788,CZ,100,0,0,0,0,False,False,False,308.3203,346.6406
JW,CounterTerrorist,1729.497,143.9688,136.0788,CZ,100,0,0,0,0,False,False,False,308.3203,346.6406
JW,CounterTerrorist,1729.497,143.9688,136.0788,CZ,100,0,0,0,0,False,False,False,308.3203,346.6406
JW,CounterTerrorist,1729.497,143.9688,136.0788,CZ,100,0,0,0,0,False,False,False,308.3203,346.6406
JW,CounterTerrorist,1729.497,143.9688,136.0788,CZ,100,0,0,0,0,False,False,False,308.3203,346.6406
JW,CounterTerrorist,1729.497,143.9688,136.0788,CZ,100,0,0,0,0,False,False,False,308.3203,346.6406
JW,CounterTerrorist,1729.497,143.9688,136.0788,CZ,100,0,0,0,0,False,False,False,308.3203,346.6406
JW,CounterTerrorist,1729.497,143.9688,136.0788,CZ,100,0,0,0,0,False,False,False,308.3203,346.6406
JW,CounterTerrorist,1729.497,143.9688,136.0788,CZ,100,0,0,0,0,False,False,False,308.3203,346.6406
JW,CounterTerrorist,1729.497,143.9688,136.0788,CZ,100,0,0,0,0,False,False,False,308.3203,346.6406
JW,CounterTerrorist,1729.497,143.9688,136.0788,CZ,100,0,0,0,0,False,False,False,308.3203,346.6406
JW,CounterTerrorist,1729.497,143.9688,136.0788,CZ,100,0,0,0,0,False,False,False,308.3203,346.6406
JW,CounterTerrorist,1729.497,143.9688,136.0788,CZ,100,0,0,0,0,False,False,False,308.3203,346.6406
JW,CounterTerrorist,1729.497,143.9688,136.0788,CZ,100,0,0,0,0,False,False,False,308.3203,346.6406
JW,CounterTerrorist,1729.497,143.9688,136.0788,CZ,100,0,0,0,0,False,False,False,308.3203,346.6406
JW,CounterTerrorist,1729.497,143.9688,136.0788,CZ,100,0,0,0,0,False,False,False,308.3203,346.6406
JW,CounterTerrorist,1729.497,143.9688,136.0788,CZ,100,0,0,0,0,False,False,False,308.3203,346.6406
JW,CounterTerrorist,1729.497,143.9688,136.0788,CZ,100,0,0,0,0,False,False,False,308.3203,346.6406
JW,CounterTerrorist,1729.497,143.9688,136.0788,CZ,100,0,0,0,0,False,False,False,308.3203,346.6406
JW,CounterTerrorist,1729.497,143.9688,136.0788,CZ,100,0,0,0,0,False,False,False,308.3203,346.6406
JW,CounterTerrorist,1729.497,143.9688,136.0788,CZ,100,0,0,0,0,False,False,False,308.3203,346.6406
JW,CounterTerrorist,1729.497,143.9688,136.0788,CZ,100,0,0,0,0,False,False,False,308.3203,346.6406
JW,CounterTerrorist,1729.497,143.9688,136.0788,CZ,100,0,0,0,0,False,False,False,308.3203,346.6406
JW,CounterTerrorist,1729.497,143.9688,136.0788,CZ,100,0,0,0,0,False,False,False,308.3203,346.6406
JW,CounterTerrorist,1729.497,143.9688,136.0788,CZ,100,0,0,0,0,False,False,False,308.3203,346.6406
JW,CounterTerrorist,1729.497,143.9688,136.0788,CZ,100,0,0,0,0,False,False,False,308.3203,346.6406
JW,CounterTerrorist,1729.497,143.9688,136.0788,CZ,100,0,0,0,0,False,False,False,308.3203,346.6406
JW,CounterTerrorist,1729.497,143.9688,136.0788,CZ,100,0,0,0,0,False,False,False,308.3203,346.6406
JW,CounterTerrorist,1729.497,143.9688,136.0788,CZ,100,0,0,0,0,False,False,False,308.3203,346.6406
JW,CounterTerrorist,1729.497,143.9688,136.0788,CZ,100,0,0,0,0,False,False,False,308.3203,346.6406
JW,CounterTerrorist,1729.497,143.9688,136.0788,CZ,100,0,0,0,0,False,False,False,308.3203,346.6406
JW,CounterTerrorist,1729.497,143.9688,136.0788,CZ,100,0,0,0,0,False,False,False,308.3203,346.6406
JW,CounterTerrorist,1729.497,143.9688,136.0788,CZ,100,0,0,0,0,False,False,False,308.3203,346.6406
JW,CounterTerrorist,1729.497,143.9688,136.0788,CZ,100,0,0,0,0,False,False,False,308.3203,346.6406
JW,CounterTerrorist,1729.497,143.9688,136.0788,CZ,100,0,0,0,0,False,False,False,308.3203,346.6406
JW,CounterTerrorist,1729.497,143.9688,136.0788,CZ,100,0,0,0,0,False,False,False,308.3203,346.6406
JW,CounterTerrorist,1729.497,143.9688,136.0788,CZ,100,0,0,0,0,False,False,False,308.3203,346.6406
JW,CounterTerrorist,1729.497,143.9688,136.0788,CZ,100,0,0,0,0,False,False,False,308.3203,346.6406
JW,CounterTerrorist,1729.497,143.9688,136.0788,CZ,100,0,0,0,0,False,False,False,308.3203,346.6406
JW,CounterTerrorist,1729.497,143.9688,136.0788,CZ,100,0,0,0,0,False,False,False,308.3203,346.6406
JW,CounterTerrorist,1729.497,143.9688,136.0788,CZ,100,0,0,0,0,False,False,False,308.3203,346.6406
JW,CounterTerrorist,1729.497,143.9688,136.0788,CZ,100,0,0,0,0,False,False,False,308.3203,346.6406
JW,CounterTerrorist,1729.497,143.9688,136.0788,CZ,100,0,0,0,0,False,False,False,308.3203,346.6406
JW,CounterTerrorist,1729.497,143.9688,136.0788,CZ,100,0,0,0,0,False,False,False,308.3203,346.6406
JW,CounterTerrorist,1729.497,143.9688,136.0788,CZ,100,0,0,0,0,False,False,False,308.3203,346.6406
JW,CounterTerrorist,1729.497,143.9688,136.0788,CZ,100,0,0,0,0,False,False,False,308.3203,346.6406
JW,CounterTerrorist,1729.497,143.9688,136.0788,CZ,100,0,0,0,0,False,False,False,308.3203,346.6406
JW,CounterTerrorist,1729.497,143.9688,136.0788,CZ,100,0,0,0,0,False,False,False,308.3203,346.6406
JW,CounterTerrorist,1729.497,143.9688,136.0788,CZ,100,0,0,0,0,False,False,False,308.3203,346.6406
JW,CounterTerrorist,1729.497,143.9688,136.0788,CZ,100,0,0,0,0,False,False,False,308.3203,346.6406
JW,CounterTerrorist,1729.497,143.9688,136.0788,CZ,100,0,0,0,0,False,False,False,308.3203,346.6406
JW,CounterTerrorist,1729.497,143.9688,136.0788,CZ,100,0,0,0,0,False,False,False,308.3203,346.6406
JW,CounterTerrorist,1729.497,143.9688,136.0788,CZ,100,0,0,0,0,False,False,False,308.3203,346.6406
JW,CounterTerrorist,1729.497,143.9688,136.0788,CZ,100,0,0,0,0,False,False,False,308.3203,346.6406
JW,CounterTerrorist,1729.497,143.9688,136.0788,CZ,100,0,0,0,0,False,False,False,308.3203,346.6406
JW,CounterTerrorist,1729.497,143.9688,136.0788,CZ,100,0,0,0,0,False,False,False,308.3203,346.6406
JW,CounterTerrorist,1729.497,143.9688,136.0788,CZ,100,0,0,0,0,False,False,False,308.3203,346.6406
JW,CounterTerrorist,1729.497,143.9688,136.0788,CZ,100,0,0,0,0,False,False,False,308.3203,346.6406
JW,CounterTerrorist,1729.497,143.9688,136.0788,CZ,100,0,0,0,0,False,False,False,308.3203,346.6406
JW,CounterTerrorist,1729.497,143.9688,136.0788,CZ,100,0,0,0,0,False,False,False,308.3203,346.6406
JW,CounterTerrorist,1729.497,143.9688,136.0788,CZ,100,0,0,0,0,False,False,False,308.3203,346.6406
JW,CounterTerrorist,1729.497,143.9688,136.0788,CZ,100,0,0,0,0,False,False,False,308.3203,346.6406
JW,CounterTerrorist,1729.497,143.9688,136.0788,CZ,100,0,0,0,0,False,False,False,308.3203,346.6406
JW,CounterTerrorist,1729.497,143.9688,136.0788,CZ,100,0,0,0,0,False,False,False,308.3203,346.6406
JW,CounterTerrorist,1729.497,143.9688,136.0788,CZ,100,0,0,0,0,False,False,False,308.3203,346.6406
JW,CounterTerrorist,1729.497,143.9688,136.0788,CZ,100,0,0,0,0,False,False,False,308.3203,346.6406
JW,CounterTerrorist,1729.497,143.9688,136.0788,CZ,100,0,0,0,0,False,False,False,308.3203,346.6406
JW,CounterTerrorist,1729.497,143.9688,136.0788,CZ,100,0,0,0,0,False,False,False,308.3203,346.6406
JW,CounterTerrorist,1729.497,143.9688,136.0788,CZ,100,0,0,0,0,False,False,False,308.3203,346.6406
JW,CounterTerrorist,1729.497,143.9688,136.0788,CZ,100,0,0,0,0,False,False,False,308.3203,346.6406
JW,CounterTerrorist,1729.497,143.9688,136.0788,CZ,100,0,0,0,0,False,False,False,308.3203,346.6406
JW,CounterTerrorist,1729.497,143.9688,136.0788,CZ,100,0,0,0,0,False,False,False,308.3203,346.6406
JW,CounterTerrorist,1729.497,143.9688,136.0788,CZ,100,0,0,0,0,False,False,False,308.3203,346.6406
JW,CounterTerrorist,1729.497,143.9688,136.0788,CZ,100,0,0,0,0,False,False,False,308.3203,346.6406
JW,CounterTerrorist,1729.497,143.9688,136.0788,CZ,100,0,0,0,0,False,False,False,308.3203,346.6406
JW,CounterTerrorist,1729.497,143.9688,136.0788,CZ,100,0,0,0,0,False,False,False,308.3203,346.6406
JW,CounterTerrorist,1729.497,143.9688,136.0788,CZ,100,0,0,0,0,False,False,False,308.3203,346.6406
JW,CounterTerrorist,1729.497,143.9688,136.0788,CZ,100,0,0,0,0,False,False,False,308.3203,346.6406
JW,CounterTerrorist,1729.497,143.9688,136.0788,CZ,100,0,0,0,0,False,False,False,308.3203,346.6406
JW,CounterTerrorist,1729.497,143.9688,136.0788,CZ,100,0,0,0,0,False,False,False,308.3203,346.6406
JW,CounterTerrorist,1729.497,143.9688,136.0788,CZ,100,0,0,0,0,False,False,False,308.3203,346.6406
JW,CounterTerrorist,1729.497,143.9688,136.0788,CZ,100,0,0,0,0,False,False,False,308.3203,346.6406
JW,CounterTerrorist,1729.497,143.9688,136.0788,CZ,100,0,0,0,0,False,False,False,308.3203,346.6406
JW,CounterTerrorist,1729.497,143.9688,136.0788,CZ,100,0,0,0,0,False,False,False,308.3203,346.6406
JW,CounterTerrorist,1729.497,143.9688,136.0788,CZ,100,0,0,0,0,False,False,False,308.3203,346.6406
JW,CounterTerrorist,1729.497,143.9688,136.0788,CZ,100,0,0,0,0,False,False,False,308.3203,346.6406
JW,CounterTerrorist,1729.497,143.9688,136.0788,CZ,100,0,0,0,0,False,False,False,308.3203,346.6406
JW,CounterTerrorist,1729.497,143.9688,136.0788,CZ,100,0,0,0,0,False,False,False,308.3203,346.6406
JW,CounterTerrorist,1729.497,143.9688,136.0788,CZ,100,0,0,0,0,False,False,False,308.3203,346.6406
JW,CounterTerrorist,1729.497,143.9688,136.0788,CZ,100,0,0,0,0,False,False,False,308.3203,346.6406
JW,CounterTerrorist,1729.497,143.9688,136.0788,CZ,100,0,0,0,0,False,False,False,308.3203,346.6406
JW,CounterTerrorist,1729.497,143.9688,136.0788,CZ,100,0,0,0,0,False,False,False,308.3203,346.6406
JW,CounterTerrorist,1729.497,143.9688,136.0788,CZ,100,0,0,0,0,False,False,False,308.3203,346.6406
JW,CounterTerrorist,1729.497,143.9688,136.0788,CZ,100,0,0,0,0,False,False,False,308.3203,346.6406
JW,CounterTerrorist,1729.497,143.9688,136.0788,CZ,100,0,0,0,0,False,False,False,308.3203,346.6406
JW,CounterTerrorist,1729.497,143.9688,136.0788,CZ,100,0,0,0,0,False,False,False,308.3203,346.6406
JW,CounterTerrorist,1729.497,143.9688,136.0788,CZ,100,0,0,0,0,False,False,False,308.3203,346.6406
JW,CounterTerrorist,1729.497,143.9688,136.0788,CZ,100,0,0,0,0,False,False,False,308.3203,346.6406
JW,CounterTerrorist,1729.497,143.9688,136.0788,CZ,100,0,0,0,0,False,False,False,308.3203,346.6406
JW,CounterTerrorist,1729.497,143.9688,136.0788,CZ,100,0,0,0,0,False,False,False,308.3203,346.6406
JW,CounterTerrorist,1729.497,143.9688,136.0788,CZ,100,0,0,0,0,False,False,False,308.3203,346.6406
JW,CounterTerrorist,1729.497,143.9688,136.0788,CZ,100,0,0,0,0,False,False,False,308.3203,346.6406
JW,CounterTerrorist,1729.497,143.9688,136.0788,CZ,100,0,0,0,0,False,False,False,308.3203,346.6406
JW,CounterTerrorist,1729.497,143.9688,136.0788,CZ,100,0,0,0,0,False,False,False,308.3203,346.6406
JW,CounterTerrorist,1729.497,143.9688,136.0788,CZ,100,0,0,0,0,False,False,False,308.3203,346.6406
JW,CounterTerrorist,1729.497,143.9688,136.0788,CZ,100,0,0,0,0,False,False,False,308.3203,346.6406
JW,CounterTerrorist,1729.497,143.9688,136.0788,CZ,100,0,0,0,0,False,False,False,308.3203,346.6406
JW,CounterTerrorist,1729.497,143.9688,136.0788,CZ,100,0,0,0,0,False,False,False,308.3203,346.6406
JW,CounterTerrorist,1729.497,143.9688,136.0788,CZ,100,0,0,0,0,False,False,False,308.3203,346.6406
JW,CounterTerrorist,1729.497,143.9688,136.0788,CZ,100,0,0,0,0,False,False,False,308.3203,346.6406
JW,CounterTerrorist,1729.497,143.9688,136.0788,CZ,100,0,0,0,0,False,False,False,308.3203,346.6406
JW,CounterTerrorist,1729.497,143.9688,136.0788,CZ,100,0,0,0,0,False,False,False,308.3203,346.6406
JW,CounterTerrorist,1729.497,143.9688,136.0788,CZ,100,0,0,0,0,False,False,False,308.3203,346.6406
JW,CounterTerrorist,1729.497,143.9688,136.0788,CZ,100,0,0,0,0,False,False,False,308.3203,346.6406
JW,CounterTerrorist,1729.497,143.9688,136.0788,CZ,100,0,0,0,0,False,False,False,308.3203,346.6406
JW,CounterTerrorist,1729.497,143.9688,136.0788,CZ,100,0,0,0,0,False,False,False,308.3203,346.6406
JW,CounterTerrorist,1729.497,143.9688,136.0788,CZ,100,0,0,0,0,False,False,False,308.3203,346.6406
JW,CounterTerrorist,1729.497,143.9688,136.0788,CZ,100,0,0,0,0,False,False,False,308.3203,346.6406
JW,CounterTerrorist,1729.497,143.9688,136.0788,CZ,100,0,0,0,0,False,False,False,308.3203,346.6406
JW,CounterTerrorist,1729.497,143.9688,136.0788,CZ,100,0,0,0,0,False,False,False,308.3203,346.6406
JW,CounterTerrorist,1729.497,143.9688,136.0788,CZ,100,0,0,0,0,False,False,False,308.3203,346.6406
JW,CounterTerrorist,1729.497,143.9688,136.0788,CZ,100,0,0,0,0,False,False,False,307.9688,346.6406
JW,CounterTerrorist,1729.497,143.9688,136.0788,CZ,100,0,0,0,0,False,False,False,305.1563,346.9922
JW,CounterTerrorist,1729.497,143.9688,136.0788,CZ,100,0,0,0,0,False,False,False,293.9063,349.1016
JW,CounterTerrorist,1729.497,143.9688,136.0788,CZ,100,0,0,0,0,False,False,False,273.1641,352.6172
JW,CounterTerrorist,1729.497,143.9688,136.0788,CZ,100,0,0,0,0,False,False,False,242.2266,356.4844
JW,CounterTerrorist,1729.497,143.9688,136.0788,CZ,100,0,0,0,0,False,False,False,209.5313,358.5938
JW,CounterTerrorist,1729.3,143.9278,136.0788,CZ,100,0,-11.24426,-2.044691,0,False,False,False,188.4375,0.703125
JW,CounterTerrorist,1728.522,143.8542,136.0956,CZ,100,0,-25.69186,-1.726149,0,False,False,False,181.7578,0.703125
JW,CounterTerrorist,1727.316,143.5033,136.1036,CZ,100,0,-33.31976,-15.69478,0,False,False,False,181.7578,0.703125
JW,CounterTerrorist,1725.845,142.564,136.0556,CZ,100,0,-40.72697,-29.28823,0,False,False,False,181.7578,0.703125
JW,CounterTerrorist,1724.367,141.024,135.9536,CZ,100,0,-33.64248,-46.7471,0,False,False,False,181.7578,0.703125
JW,CounterTerrorist,1723.092,138.8587,135.7899,CZ,100,0,-36.22376,-59.5446,0,False,False,False,181.7578,0.703125
JW,CounterTerrorist,1721.317,136.5111,135.6224,CZ,100,0,-53.0502,-56.6608,0,False,False,False,181.7578,0.703125
JW,CounterTerrorist,1718.833,134.512,135.504,CZ,100,0,-70.18463,-47.8279,0,False,False,False,182.4609,0.703125
JW,CounterTerrorist,1715.751,132.82,135.4283,CZ,100,0,-84.34251,-40.42704,0,False,False,False,181.7578,1.054688
JW,CounterTerrorist,1712.175,131.3944,135.389,CZ,100,0,-96.04644,-34.02055,0,False,False,False,181.4063,1.054688
JW,CounterTerrorist,1708.204,130.2255,135.2879,CZ,100,0,-104.1356,-24.61987,0,False,False,False,181.0547,1.054688
JW,CounterTerrorist,1704.114,129.8062,135.25,CZ,100,0,-105.0407,-2.052875,0,False,False,False,181.0547,1.054688
JW,CounterTerrorist,1700.293,130.3053,135.2951,CZ,100,0,-90.70731,23.18546,0,False,False,False,181.0547,1.054688
JW,CounterTerrorist,1697.117,131.7481,135.4253,CZ,100,0,-75.42213,45.53078,0,False,False,False,181.0547,1.054688
JW,CounterTerrorist,1694.475,133.9702,135.6259,CZ,100,0,-62.79589,63.98904,0,False,False,False,181.0547,1.054688
JW,CounterTerrorist,1692.272,136.8363,135.8847,CZ,100,0,-52.35662,79.23653,0,False,False,False,181.0547,1.054688
JW,CounterTerrorist,1690.435,140.2341,136.1914,CZ,100,0,-43.72046,91.83192,0,False,False,False,181.0547,1.054688
JW,CounterTerrorist,1688.899,143.9688,136.5286,CZ,100,0,-36.48957,0,0,False,False,False,181.0547,1.054688
JW,CounterTerrorist,1687.803,143.9688,136.5286,CZ,100,0,-22.42707,0,0,False,False,False,182.8125,1.40625
JW,CounterTerrorist,1687.257,143.9688,136.5286,CZ,100,0,-8.364567,0,0,False,False,False,190.5469,2.460938
JW,CounterTerrorist,1687.193,143.9688,136.5286,CZ,100,0,0,0,0,False,False,False,206.7188,3.515625
JW,CounterTerrorist,1687.193,143.9688,136.5286,CZ,100,0,0,0,0,False,False,False,234.4922,3.164063
JW,CounterTerrorist,1687.193,143.9688,136.5286,CZ,100,0,0,0,0,False,False,False,265.0781,1.054688
JW,CounterTerrorist,1687.632,143.9999,136.5285,CZ,100,0,16.68073,0,0,False,False,False,288.2813,357.8906
JW,CounterTerrorist,1688.554,143.9999,136.5285,CZ,100,0,27.83621,0,0,False,False,False,301.6406,355.0781
JW,CounterTerrorist,1689.861,143.9999,136.5285,CZ,100,0,37.07595,0,0,False,False,False,306.2109,353.6719
JW,CounterTerrorist,1691.517,143.9999,136.5285,CZ,100,0,45.95963,0,0,False,False,False,305.8594,352.9688
JW,CounterTerrorist,1693.523,143.9999,136.5285,CZ,100,0,54.95069,0,0,False,False,False,305.8594,352.6172
JW,CounterTerrorist,1695.881,143.9999,136.5285,CZ,100,0,63.95863,0,0,False,False,False,305.8594,352.6172
JW,CounterTerrorist,1698.588,143.9999,136.5285,CZ,100,0,72.85072,0,0,False,False,False,306.5625,352.2656
JW,CounterTerrorist,1701.633,143.9999,136.5285,CZ,100,0,81.15938,0,0,False,False,False,307.2656,351.5625
JW,CounterTerrorist,1704.965,143.9999,136.5285,CZ,100,0,87.85899,0,0,False,False,False,308.3203,350.8594
JW,CounterTerrorist,1708.525,143.9999,136.5285,CZ,100,0,93.17056,0,0,False,False,False,309.0234,350.1563
JW,CounterTerrorist,1712.268,143.9999,136.5246,CZ,100,0,97.46232,0,0,False,False,False,309.0234,349.1016
JW,CounterTerrorist,1716.159,143.9999,136.4273,CZ,100,0,100.9623,0,0,False,False,False,309.375,348.75
JW,CounterTerrorist,1720.172,143.9999,136.327,CZ,100,0,103.8435,0,0,False,False,False,309.0234,348.0469
JW,CounterTerrorist,1724.287,143.9999,136.2241,CZ,100,0,106.2771,0,0,False,False,False,309.0234,347.3438
JW,CounterTerrorist,1727.994,143.9999,136.1314,CZ,100,0,87.78967,0,0,False,False,False,308.6719,346.9922
JW,CounterTerrorist,1731.057,143.9999,136.0548,CZ,100,0,72.51822,0,0,False,False,False,307.9688,346.6406
JW,CounterTerrorist,1733.56,143.9999,135.9923,CZ,100,0,58.45572,0,0,False,False,False,307.9688,346.6406
JW,CounterTerrorist,1735.513,143.9999,135.9434,CZ,100,0,44.39322,0,0,False,False,False,307.9688,346.6406
JW,CounterTerrorist,1736.918,143.9999,135.9083,CZ,100,0,30.33072,0,0,False,False,False,307.9688,346.6406
JW,CounterTerrorist,1737.773,143.9999,135.8869,CZ,100,0,16.26822,0,0,False,False,False,307.9688,346.6406
JW,CounterTerrorist,1738.079,143.9999,135.8793,CZ,100,0,2.205719,0,0,False,False,False,307.9688,346.6406
JW,CounterTerrorist,1738.079,143.9999,135.8793,CZ,100,0,0,0,0,False,False,False,307.9688,346.6406
JW,CounterTerrorist,1738.079,143.9999,135.8793,CZ,100,0,0,0,0,False,False,False,307.6172,346.2891
JW,CounterTerrorist,1738.079,143.9999,135.8793,CZ,100,0,0,0,0,False,False,False,307.2656,346.2891
JW,CounterTerrorist,1738.079,143.9999,135.8793,CZ,100,0,0,0,0,False,False,False,307.2656,346.2891
JW,CounterTerrorist,1738.079,143.9999,135.8793,CZ,100,0,0,0,0,False,False,False,307.2656,346.2891
JW,CounterTerrorist,1738.079,143.9999,135.8793,CZ,100,0,0,0,0,False,False,False,307.2656,346.2891
JW,CounterTerrorist,1738.079,143.9999,135.8793,CZ,100,0,0,0,0,False,False,False,307.2656,346.2891
JW,CounterTerrorist,1738.079,143.9999,135.8793,CZ,100,0,0,0,0,False,False,False,307.2656,346.2891
JW,CounterTerrorist,1738.079,143.9999,135.8793,CZ,100,0,0,0,0,False,False,False,307.2656,346.2891
JW,CounterTerrorist,1738.079,143.9999,135.8793,CZ,100,0,0,0,0,False,False,False,307.2656,346.2891
JW,CounterTerrorist,1738.079,143.9999,135.8793,CZ,100,0,0,0,0,False,False,False,307.2656,346.2891
JW,CounterTerrorist,1738.079,143.9999,135.8793,CZ,100,0,0,0,0,False,False,False,307.2656,346.2891
JW,CounterTerrorist,1738.079,143.9999,135.8793,CZ,100,0,0,0,0,False,False,False,307.2656,346.2891
JW,CounterTerrorist,1738.079,143.9999,135.8793,CZ,100,0,0,0,0,False,False,False,307.6172,346.2891
JW,CounterTerrorist,1738.079,143.9999,135.8793,CZ,100,0,0,0,0,False,False,False,307.6172,346.2891
JW,CounterTerrorist,1738.079,143.9999,135.8793,CZ,100,0,0,0,0,False,False,False,307.6172,346.2891
JW,CounterTerrorist,1738.079,143.9999,135.8793,CZ,100,0,0,0,0,False,False,False,307.6172,346.2891
JW,CounterTerrorist,1738.079,143.9999,135.8793,CZ,100,0,0,0,0,False,False,False,307.6172,346.2891
JW,CounterTerrorist,1738.079,143.9999,135.8793,CZ,100,0,0,0,0,False,False,False,307.6172,346.2891
JW,CounterTerrorist,1738.079,143.9999,135.8793,CZ,100,0,0,0,0,False,False,False,307.6172,346.2891
JW,CounterTerrorist,1738.079,143.9999,135.8793,CZ,100,0,0,0,0,False,False,False,307.6172,346.2891
JW,CounterTerrorist,1738.079,143.9999,135.8793,CZ,100,0,0,0,0,False,False,False,307.6172,346.2891
JW,CounterTerrorist,1738.079,143.9999,135.8793,CZ,100,0,0,0,0,False,False,False,307.6172,346.2891
JW,CounterTerrorist,1738.079,143.9999,135.8793,CZ,100,0,0,0,0,False,False,False,307.6172,346.2891
JW,CounterTerrorist,1738.079,143.9999,135.8793,CZ,100,0,0,0,0,False,False,False,307.6172,346.2891
JW,CounterTerrorist,1738.079,143.9999,135.8793,CZ,100,0,0,0,0,False,False,False,307.6172,346.2891
JW,CounterTerrorist,1738.079,143.9999,135.8793,CZ,100,0,0,0,0,False,False,False,307.6172,346.2891
JW,CounterTerrorist,1738.079,143.9999,135.8793,CZ,100,0,0,0,0,False,False,False,307.6172,346.2891
JW,CounterTerrorist,1738.079,143.9999,135.8793,CZ,100,0,0,0,0,False,False,False,307.6172,346.2891
JW,CounterTerrorist,1738.079,143.9999,135.8793,CZ,100,0,0,0,0,False,False,False,307.6172,346.2891
JW,CounterTerrorist,1738.079,143.9999,135.8793,CZ,100,0,0,0,0,False,False,False,307.6172,346.2891
JW,CounterTerrorist,1738.079,143.9999,135.8793,CZ,100,0,0,0,0,False,False,False,307.6172,346.2891
JW,CounterTerrorist,1738.079,143.9999,135.8793,CZ,100,0,0,0,0,False,False,False,307.6172,346.2891
JW,CounterTerrorist,1738.079,143.9999,135.8793,CZ,100,0,0,0,0,False,False,False,307.6172,346.2891
JW,CounterTerrorist,1738.079,143.9999,135.8793,CZ,100,0,0,0,0,False,False,False,307.6172,346.2891
JW,CounterTerrorist,1738.079,143.9999,135.8793,CZ,100,0,0,0,0,False,False,False,307.6172,346.2891
JW,CounterTerrorist,1738.079,143.9999,135.8793,CZ,100,0,0,0,0,False,False,False,307.6172,346.2891
JW,CounterTerrorist,1738.079,143.9999,135.8793,CZ,100,0,0,0,0,False,False,False,307.6172,346.2891
JW,CounterTerrorist,1738.079,143.9999,135.8793,CZ,100,0,0,0,0,False,False,False,307.6172,346.2891
JW,CounterTerrorist,1738.079,143.9999,135.8793,CZ,100,0,0,0,0,False,False,False,307.6172,346.2891
JW,CounterTerrorist,1738.079,143.9999,135.8793,CZ,100,0,0,0,0,False,False,False,307.6172,346.2891
JW,CounterTerrorist,1738.079,143.9999,135.8793,CZ,100,0,0,0,0,False,False,False,307.6172,346.2891
JW,CounterTerrorist,1738.079,143.9999,135.8793,CZ,100,0,0,0,0,False,False,False,307.6172,346.2891
JW,CounterTerrorist,1738.079,143.9999,135.8793,CZ,100,0,0,0,0,False,False,False,307.2656,346.2891
JW,CounterTerrorist,1738.079,143.9999,135.8793,CZ,100,0,0,0,0,False,False,False,307.2656,346.2891
JW,CounterTerrorist,1738.079,143.9999,135.8793,CZ,100,0,0,0,0,False,False,False,307.2656,346.2891
JW,CounterTerrorist,1738.079,143.9999,135.8793,CZ,100,0,0,0,0,False,False,False,307.2656,346.2891
JW,CounterTerrorist,1738.079,143.9999,135.8793,CZ,100,0,0,0,0,False,False,False,307.2656,346.2891
JW,CounterTerrorist,1738.079,143.9999,135.8793,CZ,100,0,0,0,0,False,False,False,307.2656,346.2891
JW,CounterTerrorist,1738.079,143.9999,135.8793,CZ,100,0,0,0,0,False,False,False,307.2656,346.2891
JW,CounterTerrorist,1738.079,143.9999,135.8793,CZ,100,0,0,0,0,False,False,False,307.2656,346.2891
JW,CounterTerrorist,1738.079,143.9999,135.8793,CZ,100,0,0,0,0,False,False,False,307.2656,346.2891
JW,CounterTerrorist,1738.079,143.9999,135.8793,CZ,100,0,0,0,0,False,False,False,307.2656,346.2891
JW,CounterTerrorist,1738.079,143.9999,135.8793,CZ,100,0,0,0,0,False,False,False,307.2656,346.2891
JW,CounterTerrorist,1738.079,143.9999,135.8793,CZ,100,0,0,0,0,False,False,False,307.2656,346.2891
JW,CounterTerrorist,1738.079,143.9999,135.8793,CZ,100,0,0,0,0,False,False,False,307.2656,346.2891
JW,CounterTerrorist,1738.079,143.9999,135.8793,CZ,100,0,0,0,0,False,False,False,307.2656,346.2891
JW,CounterTerrorist,1738.079,143.9999,135.8793,CZ,100,0,0,0,0,False,False,False,307.2656,346.2891
JW,CounterTerrorist,1738.079,143.9999,135.8793,CZ,100,0,0,0,0,False,False,False,307.2656,346.2891
JW,CounterTerrorist,1738.079,143.9999,135.8793,CZ,100,0,0,0,0,False,False,False,307.2656,346.2891
JW,CounterTerrorist,1738.079,143.9999,135.8793,CZ,100,0,0,0,0,False,False,False,307.2656,346.2891
JW,CounterTerrorist,1738.079,143.9999,135.8793,CZ,100,0,0,0,0,False,False,False,307.2656,346.2891
JW,CounterTerrorist,1738.079,143.9999,135.8793,CZ,100,0,0,0,0,False,False,False,307.2656,346.2891
JW,CounterTerrorist,1738.079,143.9999,135.8793,CZ,100,0,0,0,0,False,False,False,307.2656,346.2891
JW,CounterTerrorist,1738.079,143.9999,135.8793,CZ,100,0,0,0,0,False,False,False,307.2656,346.2891
JW,CounterTerrorist,1738.079,143.9999,135.8793,CZ,100,0,0,0,0,False,False,False,307.2656,346.2891
JW,CounterTerrorist,1738.079,143.9999,135.8793,CZ,100,0,0,0,0,False,False,False,307.2656,346.2891
JW,CounterTerrorist,1738.079,143.9999,135.8793,CZ,100,0,0,0,0,False,False,False,307.2656,346.2891
JW,CounterTerrorist,1738.079,143.9999,135.8793,CZ,100,0,0,0,0,False,False,False,307.2656,346.2891
JW,CounterTerrorist,1738.079,143.9999,135.8793,CZ,100,0,0,0,0,False,False,False,307.2656,346.2891
JW,CounterTerrorist,1738.079,143.9999,135.8793,CZ,100,0,0,0,0,False,False,False,307.2656,346.2891
JW,CounterTerrorist,1738.079,143.9999,135.8793,CZ,100,0,0,0,0,False,False,False,307.2656,346.2891
JW,CounterTerrorist,1738.079,143.9999,135.8793,CZ,100,0,0,0,0,False,False,False,307.2656,346.2891
JW,CounterTerrorist,1738.079,143.9999,135.8793,CZ,100,0,0,0,0,False,False,False,307.2656,346.2891
JW,CounterTerrorist,1738.079,143.9999,135.8793,CZ,100,0,0,0,0,False,False,False,307.2656,346.2891
JW,CounterTerrorist,1738.079,143.9999,135.8793,CZ,100,0,0,0,0,False,False,False,307.2656,346.2891
JW,CounterTerrorist,1738.079,143.9999,135.8793,CZ,100,0,0,0,0,False,False,False,307.2656,346.2891
JW,CounterTerrorist,1738.079,143.9999,135.8793,CZ,100,0,0,0,0,False,False,False,307.2656,346.2891
JW,CounterTerrorist,1738.079,143.9999,135.8793,CZ,100,0,0,0,0,False,False,False,307.2656,346.2891
JW,CounterTerrorist,1738.079,143.9999,135.8793,CZ,100,0,0,0,0,False,False,False,307.2656,346.2891
JW,CounterTerrorist,1738.079,143.9999,135.8793,CZ,100,0,0,0,0,False,False,False,307.2656,346.2891
JW,CounterTerrorist,1738.079,143.9999,135.8793,CZ,100,0,0,0,0,False,False,False,307.2656,346.2891
JW,CounterTerrorist,1738.079,143.9999,135.8793,CZ,100,0,0,0,0,False,False,False,307.2656,346.2891
JW,CounterTerrorist,1738.079,143.9999,135.8793,CZ,100,0,0,0,0,False,False,False,307.2656,346.2891
JW,CounterTerrorist,1738.079,143.9999,135.8793,CZ,100,0,0,0,0,False,False,False,307.2656,346.2891
JW,CounterTerrorist,1738.079,143.9999,135.8793,CZ,100,0,0,0,0,False,False,False,307.2656,346.2891
JW,CounterTerrorist,1738.079,143.9999,135.8793,CZ,100,0,0,0,0,False,False,False,307.2656,346.2891
JW,CounterTerrorist,1738.079,143.9999,135.8793,CZ,100,0,0,0,0,False,False,False,307.2656,346.2891
JW,CounterTerrorist,1738.079,143.9999,135.8793,CZ,100,0,0,0,0,False,False,False,307.2656,346.2891
JW,CounterTerrorist,1738.079,143.9999,135.8793,CZ,100,0,0,0,0,False,False,False,307.2656,346.2891
JW,CounterTerrorist,1738.079,143.9999,135.8793,CZ,100,0,0,0,0,False,False,False,307.2656,346.2891
JW,CounterTerrorist,1738.079,143.9999,135.8793,CZ,100,0,0,0,0,False,False,False,307.2656,346.2891
JW,CounterTerrorist,1738.079,143.9999,135.8793,CZ,100,0,0,0,0,False,False,False,307.2656,346.2891
JW,CounterTerrorist,1738.079,143.9999,135.8793,CZ,100,0,0,0,0,False,False,False,307.2656,346.2891
JW,CounterTerrorist,1738.079,143.9999,135.8793,CZ,100,0,0,0,0,False,False,False,307.2656,346.2891
JW,CounterTerrorist,1738.079,143.9999,135.8793,CZ,100,0,0,0,0,False,False,False,307.2656,346.2891
JW,CounterTerrorist,1738.079,143.9999,135.8793,CZ,100,0,0,0,0,False,False,False,307.2656,346.2891
JW,CounterTerrorist,1738.079,143.9999,135.8793,CZ,100,0,0,0,0,False,False,False,307.2656,346.2891
JW,CounterTerrorist,1738.079,143.9999,135.8793,CZ,100,0,0,0,0,False,False,False,307.2656,346.2891
JW,CounterTerrorist,1738.079,143.9999,135.8793,CZ,100,0,0,0,0,False,False,False,307.2656,346.2891
JW,CounterTerrorist,1738.079,143.9999,135.8793,CZ,100,0,0,0,0,False,False,False,307.2656,346.2891
JW,CounterTerrorist,1738.079,143.9999,135.8793,CZ,100,0,0,0,0,False,False,False,307.2656,346.2891
JW,CounterTerrorist,1738.079,143.9999,135.8793,CZ,100,0,0,0,0,False,False,False,307.2656,346.2891
JW,CounterTerrorist,1738.079,143.9999,135.8793,CZ,100,0,0,0,0,False,False,False,307.2656,346.2891
JW,CounterTerrorist,1738.079,143.9999,135.8793,CZ,100,0,0,0,0,False,False,False,307.2656,346.2891
JW,CounterTerrorist,1738.079,143.9999,135.8793,CZ,100,0,0,0,0,False,False,False,307.2656,346.2891
JW,CounterTerrorist,1738.079,143.9999,135.8793,CZ,100,0,0,0,0,False,False,False,307.2656,346.2891
JW,CounterTerrorist,1738.079,143.9999,135.8793,CZ,100,0,0,0,0,False,False,False,307.2656,346.2891
JW,CounterTerrorist,1738.079,143.9999,135.8793,CZ,100,0,0,0,0,False,False,False,307.2656,346.2891
JW,CounterTerrorist,1738.079,143.9999,135.8793,CZ,100,0,0,0,0,False,False,False,307.2656,346.2891
JW,CounterTerrorist,1738.079,143.9999,135.8793,CZ,100,0,0,0,0,False,False,False,307.2656,346.2891
JW,CounterTerrorist,1738.079,143.9999,135.8793,CZ,100,0,0,0,0,False,False,False,307.2656,346.2891
JW,CounterTerrorist,1737.918,143.8792,135.8725,CZ,100,0,-9.158118,-6.851456,0,False,False,False,306.5625,346.2891
JW,CounterTerrorist,1736.961,143.2255,135.8374,CZ,100,0,-37.76324,-24.5081,0,False,False,False,299.1797,348.0469
JW,CounterTerrorist,1734.713,141.8425,135.7688,CZ,100,0,-67.57838,-46.37162,0,False,False,False,282.6563,351.5625
JW,CounterTerrorist,1731.535,139.4031,135.628,CZ,100,0,-92.24168,-69.92152,0,False,False,False,254.8828,356.4844
JW,CounterTerrorist,1727.555,136.7131,135.4847,CZ,100,0,-105.4653,-65.07878,0,False,False,False,226.7578,358.9453
JW,CounterTerrorist,1723.257,134.5646,135.3981,CZ,100,0,-112.552,-47.32579,0,False,False,False,202.8516,0.703125
JW,CounterTerrorist,1718.77,133.2074,135.3827,CZ,100,0,-116.0746,-26.39836,0,False,False,False,193.711,1.054688
JW,CounterTerrorist,1714.179,132.6165,135.4492,CZ,100,0,-118.4136,-8.079017,0,False,False,False,193.711,1.054688
JW,CounterTerrorist,1709.507,132.6646,135.508,CZ,100,0,-120.3479,7.05006,0,False,False,False,193.711,1.054688
JW,CounterTerrorist,1704.768,133.2403,135.56,CZ,100,0,-121.9457,19.54736,0,False,False,False,193.711,1.054688
JW,CounterTerrorist,1700.004,134.2451,135.6507,CZ,100,0,-121.2829,29.41922,0,False,False,False,193.711,1.054688
JW,CounterTerrorist,1695.315,135.578,135.7711,CZ,100,0,-119.1845,37.01479,0,False,False,False,193.711,1.054688
JW,CounterTerrorist,1690.706,137.1641,135.9142,CZ,100,0,-117.2314,42.79999,0,False,False,False,194.0625,1.054688
JW,CounterTerrorist,1686.17,138.9499,136.0755,CZ,100,0,-115.3849,47.55384,0,False,False,False,193.3594,1.757813
JW,CounterTerrorist,1681.766,140.9706,136.2579,CZ,100,0,-108.3748,57.24596,0,False,False,False,192.6563,1.757813
JW,CounterTerrorist,1677.847,143.5739,136.4088,CZ,100,0,-95.29577,72.52914,0,False,False,False,192.6563,1.757813
JW,CounterTerrorist,1674.384,143.9688,136.3092,CZ,100,0,-84.49189,0,0,False,False,False,192.6563,1.757813
JW,CounterTerrorist,1671.481,143.9785,136.1967,CZ,100,0,-64.15119,1.244569,0,False,False,False,192.6563,1.757813
JW,CounterTerrorist,1669.955,143.9975,136.1388,CZ,100,0,-22.34467,0,0,False,False,False,192.6563,1.757813
JW,CounterTerrorist,1669.93,143.9975,136.1328,CZ,100,0,8.234037,0,0,False,False,False,194.0625,1.757813
JW,CounterTerrorist,1670.562,143.9975,136.1503,CZ,100,0,21.31249,0,0,False,False,False,200.3906,2.460938
JW,CounterTerrorist,1671.665,143.9975,136.2056,CZ,100,0,32.42503,0,0,False,False,False,213.75,3.164063
JW,CounterTerrorist,1673.101,143.9975,136.2498,CZ,100,0,38.8233,0,0,False,False,False,231.3281,2.8125
JW,CounterTerrorist,1674.837,143.9975,136.3295,CZ,100,0,49.20327,0,0,False,False,False,252.7734,1.40625
JW,CounterTerrorist,1676.965,143.9975,136.4126,CZ,100,0,57.20623,0,0,False,False,False,271.0547,359.6484
JW,CounterTerrorist,1679.528,143.9975,136.5127,CZ,100,0,71.07453,0,0,False,False,False,285.1172,358.2422
JW,CounterTerrorist,1682.589,143.9975,136.5312,CZ,100,0,82.75502,0,0,False,False,False,297.0703,355.4297
JW,CounterTerrorist,1686.031,143.9975,136.5312,CZ,100,0,91.41011,0,0,False,False,False,299.5313,354.7266
JW,CounterTerrorist,1689.772,143.9975,136.5312,CZ,100,0,98.48096,0,0,False,False,False,299.5313,354.7266
JW,CounterTerrorist,1693.759,143.9975,136.5312,CZ,100,0,104.3218,0,0,False,False,False,299.5313,354.7266
JW,CounterTerrorist,1697.95,143.9975,136.5312,CZ,100,0,109.1466,0,0,False,False,False,299.5313,354.7266
JW,CounterTerrorist,1702.309,143.9975,136.5312,CZ,100,0,113.1321,0,0,False,False,False,299.5313,354.7266
JW,CounterTerrorist,1706.808,143.9975,136.5312,CZ,100,0,116.4723,0,0,False,False,False,298.8281,354.7266
JW,CounterTerrorist,1711.422,143.9975,136.5312,CZ,100,0,119.066,0,0,False,False,False,300.9375,353.6719
JW,CounterTerrorist,1716.112,143.9975,136.4284,CZ,100,0,120.5849,0,0,False,False,False,303.75,352.2656
JW,CounterTerrorist,1720.839,143.9975,136.3102,CZ,100,0,121.2339,0,0,False,False,False,305.5078,350.8594
JW,CounterTerrorist,1725.582,143.9975,136.1916,CZ,100,0,121.5008,0,0,False,False,False,305.8594,350.5078
JW,CounterTerrorist,1730.333,143.9975,136.0728,CZ,100,0,121.7115,0,0,False,False,False,305.8594,350.5078
JW,CounterTerrorist,1734.745,143.9975,135.9625,CZ,100,0,104.4884,0,0,False,False,False,305.8594,350.5078
JW,CounterTerrorist,1738.39,143.9975,135.8714,CZ,100,0,86.31216,0,0,False,False,False,305.8594,350.5078
JW,CounterTerrorist,1741.4,143.9975,135.7961,CZ,100,0,71.26305,0,0,False,False,False,305.8594,350.5078
JW,CounterTerrorist,1743.819,143.9714,135.7333,CZ,100,0,52.59885,-3.342451,0,False,False,False,305.8594,350.5078
JW,CounterTerrorist,1745.014,143.5124,135.662,CZ,100,0,16.26667,-16.27365,0,False,False,False,305.8594,350.5078
JW,CounterTerrorist,1744.987,142.7693,135.5956,CZ,100,0,-9.627064,-20.27319,0,False,False,False,305.8594,350.5078
JW,CounterTerrorist,1744.246,141.863,135.5323,CZ,100,0,-24.61277,-25.52732,0,False,False,False,305.8594,350.5078
JW,CounterTerrorist,1742.981,140.7045,135.4593,CZ,100,0,-37.44291,-32.54379,0,False,False,False,305.8594,350.5078
JW,CounterTerrorist,1741.875,139.728,135.3988,CZ,100,0,-17.65395,-16.60185,0,False,False,False,305.8594,350.5078
JW,CounterTerrorist,1741.859,139.6553,135.389,CZ,100,0,6.927839,5.032042,0,False,False,False,305.8594,350.5078
JW,CounterTerrorist,1742.402,140.0499,135.4088,CZ,100,0,18.55852,13.47999,0,False,False,False,305.8594,350.5078
JW,CounterTerrorist,1743.4,140.7745,135.4456,CZ,100,0,30.1892,21.92795,0,False,False,False,305.8594,350.5078
JW,CounterTerrorist,1744.852,141.829,135.5141,CZ,100,0,41.81988,30.3759,0,False,False,False,305.8594,350.5078
JW,CounterTerrorist,1746.758,143.2136,135.5914,CZ,100,0,53.45057,38.82386,0,False,False,False,305.8594,350.5078
JW,CounterTerrorist,1748.998,143.9688,135.6036,CZ,100,0,54.80398,0,0,False,False,False,305.8594,350.5078
JW,CounterTerrorist,1750.809,143.9688,135.5583,CZ,100,0,40.74148,0,0,False,False,False,305.8594,350.5078
JW,CounterTerrorist,1752.044,143.9688,135.5275,CZ,100,0,23.33653,0,0,False,False,False,305.8594,350.5078
JW,CounterTerrorist,1752.267,143.9688,135.521,CZ,100,0,-3.342451,0,0,False,False,False,305.8594,350.5078
JW,CounterTerrorist,1752.074,143.9688,135.521,CZ,100,0,-5.992206,0,0,False,False,False,305.8594,350.5078
JW,CounterTerrorist,1751.778,143.9688,135.521,CZ,100,0,-8.641961,0,0,False,False,False,305.8594,350.5078
JW,CounterTerrorist,1751.378,143.9688,135.5378,CZ,100,0,-11.28005,0,0,False,False,False,305.8594,350.5078
JW,CounterTerrorist,1750.876,143.9688,135.5539,CZ,100,0,-13.8948,0,0,False,False,False,305.8594,350.5078
JW,CounterTerrorist,1750.272,143.9688,135.5717,CZ,100,0,-16.50566,0,0,False,False,False,305.8594,350.5078
JW,CounterTerrorist,1749.593,143.9688,135.5887,CZ,100,0,-15.78185,0,0,False,False,False,305.8594,350.5078
JW,CounterTerrorist,1749.306,143.9688,135.5887,CZ,100,0,-1.719351,0,0,False,False,False,305.8594,350.5078
JW,CounterTerrorist,1749.306,143.9688,135.5887,CZ,100,0,0,0,0,False,False,False,305.8594,350.5078
JW,CounterTerrorist,1749.306,143.9688,135.5887,CZ,100,0,0,0,0,False,False,False,305.8594,350.5078
JW,CounterTerrorist,1749.306,143.9688,135.5887,CZ,100,0,0,0,0,False,False,False,305.8594,350.5078
JW,CounterTerrorist,1749.306,143.9688,135.5887,CZ,100,0,0,0,0,False,False,False,305.8594,350.5078
JW,CounterTerrorist,1749.306,143.9688,135.5887,CZ,100,0,0,0,0,False,False,False,305.8594,350.5078
JW,CounterTerrorist,1749.306,143.9688,135.5887,CZ,100,0,0,0,0,False,False,False,305.8594,350.5078
JW,CounterTerrorist,1749.306,143.9688,135.5887,CZ,100,0,0,0,0,False,False,False,305.8594,350.5078
JW,CounterTerrorist,1749.306,143.9688,135.5887,CZ,100,0,0,0,0,False,False,False,305.8594,350.5078
JW,CounterTerrorist,1749.306,143.9688,135.5887,CZ,100,0,0,0,0,False,False,False,305.8594,350.5078
JW,CounterTerrorist,1749.306,143.9688,135.5887,CZ,100,0,0,0,0,False,False,False,305.8594,350.5078
JW,CounterTerrorist,1749.306,143.9688,135.5887,CZ,100,0,0,0,0,False,False,False,305.8594,350.5078
JW,CounterTerrorist,1749.306,143.9688,135.5887,CZ,100,0,0,0,0,False,False,False,305.8594,350.5078
JW,CounterTerrorist,1749.306,143.9688,135.5887,CZ,100,0,0,0,0,False,False,False,305.8594,350.5078
JW,CounterTerrorist,1749.306,143.9688,135.5887,CZ,100,0,0,0,0,False,False,False,305.8594,350.5078
JW,CounterTerrorist,1749.306,143.9688,135.5887,CZ,100,0,0,0,0,False,False,False,305.8594,350.5078
JW,CounterTerrorist,1749.306,143.9688,135.5887,CZ,100,0,0,0,0,False,False,False,305.8594,350.5078
JW,CounterTerrorist,1749.306,143.9688,135.5887,CZ,100,0,0,0,0,False,False,False,305.8594,350.5078
JW,CounterTerrorist,1749.306,143.9688,135.5887,CZ,100,0,0,0,0,False,False,False,305.8594,350.5078
JW,CounterTerrorist,1749.306,143.9688,135.5887,CZ,100,0,0,0,0,False,False,False,305.8594,350.5078
JW,CounterTerrorist,1749.306,143.9688,135.5887,CZ,100,0,0,0,0,False,False,False,305.8594,350.5078
JW,CounterTerrorist,1749.306,143.9688,135.5887,CZ,100,0,0,0,0,False,False,False,305.8594,350.5078
JW,CounterTerrorist,1749.306,143.9688,135.5887,CZ,100,0,0,0,0,False,False,False,305.8594,350.5078
JW,CounterTerrorist,1749.306,143.9688,135.5887,CZ,100,0,0,0,0,False,False,False,305.8594,350.5078
JW,CounterTerrorist,1749.306,143.9688,135.5887,CZ,100,0,0,0,0,False,False,False,305.8594,350.5078
JW,CounterTerrorist,1749.306,143.9688,135.5887,CZ,100,0,0,0,0,False,False,False,305.8594,350.5078
JW,CounterTerrorist,1749.306,143.9688,135.5887,CZ,100,0,0,0,0,False,False,False,305.8594,350.5078
JW,CounterTerrorist,1749.306,143.9688,135.5887,CZ,100,0,0,0,0,False,False,False,305.8594,350.5078
JW,CounterTerrorist,1749.306,143.9688,135.5887,CZ,100,0,0,0,0,False,False,False,305.8594,350.5078
JW,CounterTerrorist,1749.306,143.9688,135.5887,CZ,100,0,0,0,0,False,False,False,305.8594,350.5078
JW,CounterTerrorist,1749.306,143.9688,135.5887,CZ,100,0,0,0,0,False,False,False,305.8594,350.5078
JW,CounterTerrorist,1749.306,143.9688,135.5887,CZ,100,0,0,0,0,False,False,False,305.8594,350.5078
JW,CounterTerrorist,1749.306,143.9688,135.5887,CZ,100,0,0,0,0,False,False,False,305.8594,350.5078
JW,CounterTerrorist,1749.306,143.9688,135.5887,CZ,100,0,0,0,0,False,False,False,305.8594,350.5078
JW,CounterTerrorist,1749.306,143.9688,135.5887,CZ,100,0,0,0,0,False,False,False,305.8594,350.5078
JW,CounterTerrorist,1749.306,143.9688,135.5887,CZ,100,0,0,0,0,False,False,False,305.8594,350.5078
JW,CounterTerrorist,1749.306,143.9688,135.5887,CZ,100,0,0,0,0,False,False,False,305.8594,350.1563
JW,CounterTerrorist,1749.306,143.9688,135.5887,CZ,100,0,0,0,0,False,False,False,305.8594,349.8047
JW,CounterTerrorist,1749.306,143.9688,135.5887,CZ,100,0,0,0,0,False,False,False,305.8594,349.4531
JW,CounterTerrorist,1749.306,143.9688,135.5887,CZ,100,0,0,0,0,False,False,False,305.8594,349.1016
JW,CounterTerrorist,1749.306,143.9688,135.5887,CZ,100,0,0,0,0,False,False,False,305.8594,348.75
JW,CounterTerrorist,1749.306,143.9688,135.5887,CZ,100,0,0,0,0,False,False,False,305.8594,348.75
JW,CounterTerrorist,1749.306,143.9688,135.5887,CZ,100,0,0,0,0,False,False,False,305.8594,348.75
JW,CounterTerrorist,1749.306,143.9688,135.5887,CZ,100,0,0,0,0,False,False,False,305.8594,348.75
JW,CounterTerrorist,1749.306,143.9688,135.5887,CZ,100,0,0,0,0,False,False,False,305.8594,348.3984
JW,CounterTerrorist,1749.306,143.9688,135.5887,CZ,100,0,0,0,0,False,False,False,305.8594,348.3984
JW,CounterTerrorist,1749.424,143.8065,135.5783,CZ,100,0,6.729447,-9.248293,0,False,False,False,305.8594,348.3984
JW,CounterTerrorist,1749.885,143.1728,135.5096,CZ,100,0,15.18722,-20.87183,0,False,False,False,305.8594,348.3984
JW,CounterTerrorist,1750.676,142.0851,135.3916,CZ,100,0,23.645,-32.49537,0,False,False,False,305.8594,348.3984
JW,CounterTerrorist,1751.798,140.5433,135.2244,CZ,100,0,32.10278,-44.11891,0,False,False,False,305.8594,348.3984
JW,CounterTerrorist,1753.25,138.5475,135.0079,CZ,100,0,40.56055,-55.74244,0,False,False,False,305.8594,348.3984
JW,CounterTerrorist,1755.031,136.1001,134.7424,CZ,100,0,48.84394,-67.12631,0,False,False,False,305.8594,348.3984
JW,CounterTerrorist,1757.108,133.2459,134.4328,CZ,100,0,55.87028,-76.78262,0,False,False,False,305.8594,348.3984
JW,CounterTerrorist,1759.43,130.0548,134.0867,CZ,100,0,61.67435,-84.75917,0,False,False,False,305.8594,348.3984
JW,CounterTerrorist,1761.954,126.5856,133.7104,CZ,100,0,66.46878,-91.34816,0,False,False,False,305.8594,348.3984
JW,CounterTerrorist,1764.646,122.8865,133.3091,CZ,100,0,70.42919,-96.79097,0,False,False,False,305.8594,348.3984
JW,CounterTerrorist,1767.398,119.104,132.8989,CZ,100,0,67.13348,-92.26167,0,False,False,False,305.8594,348.3984
JW,CounterTerrorist,1769.74,115.8857,132.5498,CZ,100,0,55.45527,-76.21229,0,False,False,False,305.8594,348.3984
JW,CounterTerrorist,1771.674,113.2273,132.2614,CZ,100,0,45.80855,-62.95477,0,False,False,False,305.8594,348.3984
JW,CounterTerrorist,1773.267,111.038,132.024,CZ,100,0,37.4716,-51.49729,0,False,False,False,305.8594,348.3984
JW,CounterTerrorist,1774.616,109.1851,131.823,CZ,100,0,35.89037,-49.32419,0,False,False,False,305.8594,348.3984
JW,CounterTerrorist,1776.216,106.986,131.5844,CZ,100,0,44.34814,-60.94773,0,False,False,False,305.8594,348.3984
JW,CounterTerrorist,1778.136,104.3473,131.2982,CZ,100,0,52.15655,-71.67883,0,False,False,False,305.8594,348.3984
JW,CounterTerrorist,1780.328,101.3343,130.9469,CZ,100,0,58.60664,-80.54321,0,False,False,False,305.8594,348.3984
JW,CounterTerrorist,1782.746,98.01212,130.51,CZ,100,0,63.93471,-87.86559,0,False,False,False,305.8594,348.3984
JW,CounterTerrorist,1785.349,94.43451,130.0395,CZ,100,0,68.33982,-93.91137,0,False,False,False,306.2109,348.3984
JW,CounterTerrorist,1788.106,90.64632,129.5413,CZ,100,0,71.99276,-98.89516,0,False,False,False,306.2109,348.3984
JW,CounterTerrorist,1790.968,86.71596,129.0243,CZ,100,0,73.46197,-100.8879,0,False,False,False,306.2109,348.3984
JW,CounterTerrorist,1793.838,82.77518,128.506,CZ,100,0,73.47091,-100.8814,0,False,False,False,306.2109,348.3984
JW,CounterTerrorist,1796.708,78.83463,127.9876,CZ,100,0,73.4783,-100.876,0,False,False,False,306.2109,348.3984
JW,CounterTerrorist,1799.578,74.89433,127.4693,CZ,100,0,73.49068,-100.867,0,False,False,False,306.2109,348.3984
JW,CounterTerrorist,1802.64,71.13219,126.9729,CZ,100,0,83.58627,-91.10218,0,False,False,False,306.2109,348.3984
JW,CounterTerrorist,1806.183,67.85724,126.5383,CZ,100,0,95.11765,-79.29692,0,False,False,False,306.2109,348.3984
JW,CounterTerrorist,1810.119,65.00002,126.1313,CZ,100,0,103.9544,-69.05446,0,False,False,False,306.2109,348.3984
JW,CounterTerrorist,1814.319,62.52677,125.7531,CZ,100,0,109.5992,-59.69135,0,False,False,False,306.2109,348.3984
JW,CounterTerrorist,1818.696,60.38393,125.4011,CZ,100,0,113.5292,-51.82815,0,False,False,False,306.2109,348.3984
JW,CounterTerrorist,1823.198,58.51531,125.0717,CZ,100,0,116.2689,-45.34948,0,False,False,False,306.2109,348.3984
JW,CounterTerrorist,1827.787,56.87088,124.7612,CZ,100,0,118.1899,-40.07717,0,False,False,False,306.2109,348.3984
JW,CounterTerrorist,1832.374,55.22572,124.4508,CZ,100,0,115.4847,-47.31102,0,False,False,False,306.2109,348.3984
JW,CounterTerrorist,1836.748,53.07815,124.0985,CZ,100,0,109.6155,-59.66133,0,False,False,False,306.2109,348.3984
JW,CounterTerrorist,1840.895,50.51801,123.7135,CZ,100,0,103.9181,-69.10912,0,False,False,False,306.5625,348.75
JW,CounterTerrorist,1844.833,47.64588,123.3051,CZ,100,0,98.84636,-76.18685,0,False,False,False,306.9141,348.75
JW,CounterTerrorist,1848.592,44.54308,122.8801,CZ,100,0,94.61289,-81.38452,0,False,False,False,307.6172,349.1016
JW,CounterTerrorist,1852.204,41.2692,122.4432,CZ,100,0,91.10925,-85.2886,0,False,False,False,307.6172,349.1016
JW,CounterTerrorist,1855.693,37.86493,121.9978,CZ,100,0,88.20844,-88.28539,0,False,False,False,307.6172,349.1016
JW,CounterTerrorist,1859.083,34.36126,121.5459,CZ,100,0,85.89466,-90.53809,0,False,False,False,307.6172,349.1016
JW,CounterTerrorist,1862.393,30.78288,121.0894,CZ,100,0,84.03162,-92.26985,0,False,False,False,307.2656,349.1016
JW,CounterTerrorist,1865.637,27.14408,120.6292,CZ,100,0,82.41587,-93.71587,0,False,False,False,306.9141,349.1016
JW,CounterTerrorist,1868.821,23.45225,120.1658,CZ,100,0,80.89241,-95.03398,0,False,False,False,305.8594,349.1016
JW,CounterTerrorist,1871.945,19.70964,119.6994,CZ,100,0,79.35299,-96.32311,0,False,False,False,305.1563,349.1016
JW,CounterTerrorist,1875.009,15.91793,119.3073,CZ,100,0,77.83637,-97.55275,0,False,False,False,304.4531,349.1016
JW,CounterTerrorist,1877.426,12.85694,124.0131,CZ,100,0,77.26343,-98.00716,286.3684,False,False,False,304.1016,349.1016
JW,CounterTerrorist,1881.047,8.262851,136.5577,CZ,100,0,77.26343,-98.00716,248.8684,False,False,False,304.4531,349.1016
JW,CounterTerrorist,1884.066,4.434447,154.6688,CZ,100,0,77.26343,-98.00716,217.6184,False,False,False,304.4531,349.1016
JW,CounterTerrorist,1887.417,0.8422853,162.5592,CZ,100,0,94.37624,-85.79472,186.3684,False,False,False,305.8594,349.4531
JW,CounterTerrorist,1891.325,-2.343637,169.2289,CZ,100,0,101.6868,-80.29668,155.1184,False,False,False,308.3203,349.8047
JW,CounterTerrorist,1895.403,-5.393048,174.6779,CZ,100,0,106.0403,-76.66042,123.8684,False,False,False,310.7813,350.5078
JW,CounterTerrorist,1899.645,-8.2976,178.9061,CZ,100,0,110.5048,-72.5666,92.61838,False,False,False,313.5938,350.8594
JW,CounterTerrorist,1904.008,-11.08715,181.9137,CZ,100,0,111.8323,-71.27523,61.36838,False,False,False,315.7031,350.8594
JW,CounterTerrorist,1908.376,-13.87134,183.7006,CZ,100,0,111.8323,-71.27523,30.11838,False,False,False,316.4063,350.8594
JW,CounterTerrorist,1912.744,-16.65553,184.2668,CZ,100,0,111.8323,-71.27523,-1.131622,False,False,False,315.7031,350.8594
JW,CounterTerrorist,1917.113,-19.43972,183.6123,CZ,100,0,111.8323,-71.27523,-32.38162,False,False,False,312.1875,351.5625
JW,CounterTerrorist,1921.624,-22.19619,174.1442,CZ,100,0,123.9917,-69.00187,0,False,False,False,306.2109,352.2656
JW,CounterTerrorist,1927.092,-24.85394,175.8758,CZ,100,0,149.7593,-68.32755,0,False,False,False,298.4766,352.9688
JW,CounterTerrorist,1932.972,-27.45435,177.4797,CZ,100,0,141.1433,-62.23594,0,False,False,False,291.7969,353.6719
JW,CounterTerrorist,1937.595,-29.51109,178.7438,CZ,100,0,113.709,-51.43248,0,False,False,False,285.4688,354.0234
JW,CounterTerrorist,1942,-31.59804,179.9796,CZ,100,0,112.0487,-54.9557,0,False,False,False,279.8438,354.375
JW,CounterTerrorist,1946.323,-33.84977,181.2424,CZ,100,0,109.6737,-59.55438,0,False,False,False,275.625,354.375
JW,CounterTerrorist,1950.539,-36.29748,182.5358,CZ,100,0,106.6488,-64.8157,0,False,False,False,271.0547,354.7266
JW,CounterTerrorist,1954.617,-38.96755,183.8612,CZ,100,0,102.7669,-70.80965,0,False,False,False,265.4297,355.0781
JW,CounterTerrorist,1958.596,-41.78335,202.0793,CZ,100,0,101.8769,-72.08424,273.8684,False,False,False,259.1016,356.1328
JW,CounterTerrorist,1962.576,-44.59915,212.167,CZ,100,0,101.8769,-72.08424,242.6184,False,False,False,253.8281,356.8359
JW,CounterTerrorist,1966.555,-47.41495,221.0339,CZ,100,0,101.8769,-72.08424,211.3684,False,False,False,249.6094,357.5391
JW,CounterTerrorist,1970.535,-50.23075,228.6802,CZ,100,0,101.8769,-72.08424,180.1184,False,False,False,246.0938,357.8906
JW,CounterTerrorist,1974.514,-53.04655,235.1057,CZ,100,0,101.8769,-72.08424,148.8684,False,False,False,242.9297,358.2422
JW,CounterTerrorist,1978.494,-55.86235,231.3104,CZ,100,0,101.8769,-72.08424,117.6184,False,False,False,239.4141,358.5938
JW,CounterTerrorist,1982.473,-58.67815,235.2945,CZ,100,0,101.8769,-72.08424,86.36838,False,False,False,235.5469,359.2969
JW,CounterTerrorist,1986.384,-61.58991,238.0579,CZ,100,0,97.45434,-78.24525,55.11838,False,False,False,234.1406,359.6484
JW,CounterTerrorist,1990.012,-64.89499,239.6005,CZ,100,0,89.7709,-88.92374,23.86838,False,False,False,234.1406,359.6484
JW,CounterTerrorist,1993.35,-68.60233,239.9225,CZ,100,0,83.78453,-97.24364,-7.381622,False,False,False,234.1406,359.6484
JW,CounterTerrorist,1996.623,-72.40089,239.0238,CZ,100,0,83.78453,-97.24364,-38.63162,False,False,False,234.1406,359.6484
JW,CounterTerrorist,1999.896,-76.19946,236.9043,CZ,100,0,83.78453,-97.24364,-69.88162,False,False,False,234.1406,359.6484
JW,CounterTerrorist,2003.169,-79.99802,233.5642,CZ,100,0,83.78453,-97.24364,-101.1316,False,False,False,234.4922,359.2969
JW,CounterTerrorist,2006.441,-83.79658,229.0033,CZ,100,0,83.78453,-97.24364,-132.3816,False,False,False,234.1406,358.9453
JW,CounterTerrorist,2009.146,-87.72439,223.2218,CZ,100,0,37.64103,-105.0026,-163.6316,False,False,False,232.0313,358.5938
JW,CounterTerrorist,2008.807,-91.80548,222.0142,CZ,100,0,-21.96042,-100.7489,271.4351,False,False,False,229.5703,358.5938
JW,CounterTerrorist,2007.904,-95.7442,232.0068,CZ,100,0,-23.29316,-100.844,240.1851,False,False,False,228.5156,358.5938
JW,CounterTerrorist,2006.994,-99.68341,240.7788,CZ,100,0,-23.29316,-100.844,208.9351,False,False,False,228.1641,358.9453
JW,CounterTerrorist,2006.084,-103.6226,248.3301,CZ,100,0,-23.29316,-100.844,177.6851,False,False,False,227.8125,358.9453
JW,CounterTerrorist,2005.174,-107.5618,263.6606,CZ,100,0,-23.29316,-100.844,146.4351,False,False,False,227.4609,359.6484
JW,CounterTerrorist,2004.264,-111.501,268.7703,CZ,100,0,-23.29316,-100.844,115.1851,False,False,False,225.7031,0.703125
JW,CounterTerrorist,2003.398,-112.9911,272.6593,CZ,100,0,-20.49204,0,83.93509,False,False,False,223.5938,2.460938
JW,CounterTerrorist,2002.708,-112.999,275.3276,CZ,100,0,-15.78686,0,52.68509,False,False,False,221.1328,3.515625
JW,CounterTerrorist,2002.284,-112.999,267.7752,CZ,100,0,-7.652077,0,21.43509,False,False,False,219.375,4.21875
JW,CounterTerrorist,2002.196,-112.999,268.0021,CZ,100,0,4.453139,0,-9.814911,False,False,False,218.6719,4.570313
JW,CounterTerrorist,2002.526,-112.999,267.0083,CZ,100,0,6.216189,0,-41.06491,False,False,False,218.6719,4.570313
JW,CounterTerrorist,2002.634,-112.999,264.7938,CZ,100,0,0.4386854,0,-72.31491,False,False,False,218.6719,4.570313
JW,CounterTerrorist,2002.51,-112.999,261.3586,CZ,100,0,-5.627172,0,-103.5649,False,False,False,218.6719,4.570313
JW,CounterTerrorist,2002.33,-112.999,256.0313,CZ,100,0,3.558192,0,0,False,False,False,218.6719,4.570313
JW,CounterTerrorist,2002.557,-112.999,256.0313,CZ,100,0,7.286654,0,0,False,False,False,218.6719,4.570313
JW,CounterTerrorist,2002.929,-112.999,256.0313,CZ,100,0,11.01511,0,0,False,False,False,218.6719,4.570313
JW,CounterTerrorist,2003.446,-112.999,256.0313,CZ,100,0,14.74358,0,0,False,False,False,218.6719,4.570313
JW,CounterTerrorist,2004.423,-112.999,262.8162,CZ,100,0,38.06181,0,280.1184,False,False,False,218.6719,4.570313
JW,CounterTerrorist,2006.192,-112.999,273.1479,CZ,100,0,47.35889,0,248.8684,False,False,False,218.3203,4.570313
JW,CounterTerrorist,2008.07,-112.999,282.259,CZ,100,0,48.3763,0,217.6184,False,False,False,217.9688,4.921875
JW,CounterTerrorist,2009.97,-112.9999,290.1493,CZ,100,0,48.8262,0,186.3684,False,False,False,217.6172,5.273438
JW,CounterTerrorist,2011.882,-113.0014,296.8189,CZ,100,0,49.00381,-0.07345854,155.1184,False,False,False,217.6172,5.273438
JW,CounterTerrorist,2013.797,-113.0047,299.8223,CZ,100,0,49.0238,-0.09939615,-15.625,False,False,False,217.6172,5.273438
JW,CounterTerrorist,2015.683,-113.2304,298.6016,CZ,100,0,46.56623,-19.05843,-46.875,False,False,False,217.6172,5.273438
JW,CounterTerrorist,2017.423,-114.5827,296.1602,CZ,100,0,44.33406,-36.16362,-78.125,False,False,False,217.2656,5.625
JW,CounterTerrorist,2019.021,-116.172,293.0313,CZ,100,0,35.96095,-47.26603,0,False,False,False,217.2656,5.625
JW,CounterTerrorist,2020.154,-118.4008,293.0313,CZ,100,0,24.76488,-63.30067,0,False,False,False,216.211,5.976563
JW,CounterTerrorist,2020.909,-121.2182,293.0313,CZ,100,0,15.94494,-77.84883,0,False,False,False,215.1563,6.679688
JW,CounterTerrorist,2021.353,-124.5577,293.0313,CZ,100,0,8.431896,-90.26048,0,False,False,False,214.4531,6.679688
JW,CounterTerrorist,2021.625,-128.3091,293.0313,CZ,100,0,10.25688,-98.80224,0,False,False,False,213.3984,6.679688
JW,CounterTerrorist,2022.328,-132.2872,293.0313,CZ,100,0,22.80565,-103.7651,0,False,False,False,212.6953,6.679688
JW,CounterTerrorist,2023.46,-136.4438,293.0313,CZ,100,0,32.79781,-108.102,0,False,False,False,211.6406,6.679688
JW,CounterTerrorist,2024.932,-140.7576,293.0313,CZ,100,0,40.66441,-111.9214,0,False,False,False,210.5859,6.679688
JW,CounterTerrorist,2026.668,-145.2102,293.0313,CZ,100,0,46.75814,-115.314,0,False,False,False,209.5313,6.679688
JW,CounterTerrorist,2028.544,-149.7099,292.7383,CZ,100,0,48.13198,-115.1449,-21.875,False,False,False,208.4766,6.328125
JW,CounterTerrorist,2030.423,-154.2077,291.2734,CZ,100,0,48.13198,-115.1449,-53.125,False,False,False,207.4219,6.328125
JW,CounterTerrorist,2032.303,-158.7055,288.5879,CZ,100,0,48.13198,-115.1449,-84.375,False,False,False,206.0156,6.328125
JW,CounterTerrorist,2034.183,-163.2034,284.6816,CZ,100,0,48.13198,-115.1449,-115.625,False,False,False,204.9609,6.328125
JW,CounterTerrorist,2036.063,-167.7012,279.5547,CZ,100,0,48.13198,-115.1449,-146.875,False,False,False,205.6641,6.328125
JW,CounterTerrorist,2037.943,-172.199,273.207,CZ,100,0,48.13198,-115.1449,-178.125,False,False,False,212.3437,7.734375
JW,CounterTerrorist,2039.823,-176.6969,265.6387,CZ,100,0,48.13198,-115.1449,-209.375,False,False,False,228.5156,8.789063
JW,CounterTerrorist,2041.703,-181.1947,256.8496,CZ,100,0,48.13198,-115.1449,0,False,False,False,250.6641,7.382813
JW,CounterTerrorist,2043.294,-184.7332,256.0313,CZ,100,0,44.49578,-91.15952,0,False,False,False,269.2969,5.273438
JW,CounterTerrorist,2045.304,-188.29,256.0313,CZ,100,0,56.24807,-90.76646,0,False,False,False,278.0859,3.867188
JW,CounterTerrorist,2047.764,-191.8145,256.0313,CZ,100,0,67.10522,-89.99779,0,False,False,False,277.3828,3.515625
JW,CounterTerrorist,2050.568,-195.3548,256.0313,CZ,100,0,74.22144,-91.57822,0,False,False,False,267.1875,3.867188
JW,CounterTerrorist,2053.516,-199.0609,256.0313,CZ,100,0,75.30056,-97.67892,0,False,False,False,250.6641,4.921875
JW,CounterTerrorist,2056.542,-202.8752,256.0313,CZ,100,0,79.37244,-96.30709,0,False,False,False,226.0547,5.976563
JW,CounterTerrorist,2059.597,-206.6736,256.0313,CZ,100,0,76.24794,-98.79925,0,False,False,False,200.7422,6.328125
JW,CounterTerrorist,2061.833,-209.8679,256.0313,CZ,100,0,68.2776,-104.4663,0,False,False,False,185.625,6.679688
JW,CounterTerrorist,2064.624,-215.0047,256.0313,CZ,100,0,55.6855,-111.6878,0,False,False,False,172.2656,5.625
JW,CounterTerrorist,2066.895,-219.3178,256.0313,CZ,100,0,59.6852,-109.6025,0,False,False,False,171.5625,4.921875
JW,CounterTerrorist,2069.303,-223.5565,256.0313,CZ,100,0,62.82965,-107.8308,0,False,False,False,171.5625,4.921875
JW,CounterTerrorist,2071.815,-227.7347,256.0313,CZ,100,0,65.17895,-106.4272,0,False,False,False,171.5625,4.921875
JW,CounterTerrorist,2074.404,-231.8649,256.0313,CZ,100,0,66.98038,-105.3027,0,False,False,False,171.5625,4.921875
JW,CounterTerrorist,2077.055,-235.9564,256.0313,CZ,100,0,68.39466,-104.3897,0,False,False,False,171.5625,4.921875
JW,CounterTerrorist,2079.753,-240.0167,256.0313,CZ,100,0,69.40677,-103.7195,0,False,False,False,170.5078,4.921875
JW,CounterTerrorist,2082.461,-244.0701,256.0313,CZ,100,0,69.02094,-103.9767,0,False,False,False,165.2344,5.273438
JW,CounterTerrorist,2085.095,-248.1723,256.0313,CZ,100,0,65.94642,-105.9533,0,False,False,False,157.1484,5.273438
JW,CounterTerrorist,2087.543,-252.3875,256.0313,CZ,100,0,60.1647,-109.3401,0,False,False,False,148.7109,5.273438
JW,CounterTerrorist,2089.722,-256.7472,256.0313,CZ,100,0,52.75327,-113.1023,0,False,False,False,143.0859,5.273438
JW,CounterTerrorist,2091.603,-261.2438,256.0313,CZ,100,0,45.13289,-116.3532,0,False,False,False,140.2734,4.570313
JW,CounterTerrorist,2092.969,-265.8481,256.0313,CZ,100,0,0,-118.7705,0,False,False,False,139.9219,4.570313
JW,CounterTerrorist,2092.99,-269.6511,256.0313,CZ,100,0,0,-123.3577,0,False,False,False,139.9219,4.570313
JW,CounterTerrorist,2092.998,-275.4979,256.0313,CZ,100,0,0,-124.7991,0,False,False,False,140.2734,4.570313
JW,CounterTerrorist,2092.998,-280.3729,256.0313,CZ,100,0,0,-124.7991,0,False,False,False,140.2734,4.570313
JW,CounterTerrorist,2092.998,-285.248,256.0313,CZ,100,0,0,-124.7991,0,False,False,False,140.2734,4.570313
JW,CounterTerrorist,2092.998,-290.123,256.0313,CZ,100,0,0,-124.7991,0,False,False,False,140.2734,4.570313
JW,CounterTerrorist,2092.998,-294.998,256.0313,CZ,100,0,0,-124.7991,0,False,False,False,140.2734,4.570313
JW,CounterTerrorist,2092.998,-299.873,256.0313,CZ,100,0,0,-124.7996,0,False,False,False,138.8672,4.921875
JW,CounterTerrorist,2093,-304.7481,256.0313,CZ,100,0,0,-124.8,0,False,False,False,135.3516,5.273438
JW,CounterTerrorist,2092.981,-309.623,256.0313,CZ,100,0,-1.060076,-124.7955,0,False,False,False,130.4297,5.976563
JW,CounterTerrorist,2092.875,-314.4967,256.0313,CZ,100,0,-4.117165,-124.7321,0,False,False,False,125.8594,6.679688
JW,CounterTerrorist,2092.969,-319.2084,256.0313,CZ,100,0,0,-114.6288,0,False,False,False,122.6953,7.03125
JW,CounterTerrorist,2092.969,-323.3521,256.0313,CZ,100,0,0,-100.8119,0,False,False,False,121.2891,7.03125
JW,CounterTerrorist,2092.969,-327.0237,256.0313,CZ,100,0,0,-89.76631,0,False,False,False,120.5859,7.382813
JW,CounterTerrorist,2092.969,-329.9638,256.0313,CZ,100,0,0,-68.96022,0,False,False,False,120.5859,7.382813
JW,CounterTerrorist,2092.969,-332.328,256.0313,CZ,100,0,0,-54.89772,0,False,False,False,120.5859,7.382813
JW,CounterTerrorist,2092.969,-334.1429,256.0313,CZ,100,0,0,-40.83522,0,False,False,False,120.5859,7.382813
JW,CounterTerrorist,2092.969,-335.4084,256.0313,CZ,100,0,0,-26.77272,0,False,False,False,120.2344,7.734375
JW,CounterTerrorist,2092.969,-336.1247,256.0313,CZ,100,0,0,-12.71022,0,False,False,False,119.8828,8.085938
JW,CounterTerrorist,2092.969,-336.4234,262.8162,CZ,100,0,0,-7.08522,280.1184,False,False,False,119.8828,8.789063
JW,CounterTerrorist,2092.969,-336.7002,273.1479,CZ,100,0,0,-7.08522,248.8684,False,False,False,119.8828,9.492188
JW,CounterTerrorist,2092.969,-336.977,282.259,CZ,100,0,0,-7.08522,217.6184,False,False,False,119.5313,10.89844
JW,CounterTerrorist,2092.969,-336.8962,290.1493,CZ,100,0,0,15.88557,186.3684,False,False,False,119.5313,11.95313
JW,CounterTerrorist,2093.263,-335.5559,296.8189,CZ,100,0,12.57526,38.73682,155.1184,False,False,False,119.5313,12.65625
JW,CounterTerrorist,2093.754,-334.0427,302.2678,CZ,100,0,12.57526,38.73682,123.8684,False,False,False,119.8828,13.35938
JW,CounterTerrorist,2094.245,-332.5295,315.496,CZ,100,0,12.57526,38.73682,92.61838,False,False,False,121.2891,13.35938
JW,CounterTerrorist,2094.735,-331.0163,318.5035,CZ,100,0,12.57526,38.73682,61.36838,False,False,False,121.9922,13.35938
JW,CounterTerrorist,2095.226,-329.5031,311.2903,CZ,100,0,12.57526,38.73682,30.11838,False,False,False,123.0469,13.00781
JW,CounterTerrorist,2095.717,-327.9898,311.8564,CZ,100,0,12.57526,38.73682,-1.131622,False,False,False,124.1016,12.65625
JW,CounterTerrorist,2096.208,-326.4766,311.2018,CZ,100,0,12.57526,38.73682,-32.38162,False,False,False,125.5078,12.65625
JW,CounterTerrorist,2096.698,-324.9634,309.3265,CZ,100,0,12.57526,38.73682,-63.63162,False,False,False,126.9141,12.65625
JW,CounterTerrorist,2097.189,-323.4502,306.2305,CZ,100,0,12.57526,38.73682,-94.88162,False,False,False,127.9687,12.30469
JW,CounterTerrorist,2098.246,-322.6546,301.9138,CZ,100,0,41.57566,2.005154,-126.1316,False,False,False,128.3203,12.30469
JW,CounterTerrorist,2099.739,-323.6942,296.3764,CZ,100,0,37.25958,-34.71156,-157.3816,False,False,False,127.9687,12.65625
JW,CounterTerrorist,2101.068,-325.2276,293.0313,CZ,100,0,29.36186,-45.59577,0,False,False,False,127.2656,12.30469
JW,CounterTerrorist,2102.283,-327.3007,293.0313,CZ,100,0,35.09201,-57.31145,0,False,False,False,126.9141,12.30469
JW,CounterTerrorist,2103.613,-329.4369,293.0313,CZ,100,0,31.091,-49.91145,0,False,False,False,127.2656,12.30469
JW,CounterTerrorist,2104.654,-331.1068,293.0313,CZ,100,0,23.65572,-37.97534,0,False,False,False,127.6172,11.95313
JW,CounterTerrorist,2105.403,-332.3104,293.0313,CZ,100,0,16.22045,-26.03923,0,False,False,False,127.6172,11.95313
JW,CounterTerrorist,2105.863,-333.0479,293.0313,CZ,100,0,8.785169,-14.10313,0,False,False,False,127.6172,11.95313
JW,CounterTerrorist,2106.031,-333.319,293.0313,CZ,100,0,1.349892,-2.167027,0,False,False,False,127.9687,11.95313
JW,CounterTerrorist,2106.031,-333.319,293.0313,CZ,100,0,0,0,0,False,False,False,127.9687,11.95313
JW,CounterTerrorist,2106.031,-333.319,293.0313,CZ,100,0,0,0,0,False,False,False,127.9687,11.95313
JW,CounterTerrorist,2106.189,-333.1952,293.0313,CZ,100,0,9.003769,7.053263,0,False,False,False,127.9687,11.95313
JW,CounterTerrorist,2106.806,-332.7119,293.0313,CZ,100,0,20.31998,15.91802,0,False,False,False,127.9687,11.95313
JW,CounterTerrorist,2107.656,-332.0468,293.0313,CZ,100,0,18.20434,14.26069,0,False,False,False,127.9687,11.95313
JW,CounterTerrorist,2108.107,-331.6929,293.0313,CZ,100,0,7.134128,5.588646,0,False,False,False,127.9687,11.95313
JW,CounterTerrorist,2108.167,-331.6462,293.0313,CZ,100,0,0,0,0,False,False,False,127.9687,11.95313
JW,CounterTerrorist,2108.167,-331.6462,293.0313,CZ,100,0,0,0,0,False,False,False,127.9687,11.95313
JW,CounterTerrorist,2108.167,-331.6462,293.0313,CZ,100,0,0,0,0,False,False,False,127.9687,11.95313
JW,CounterTerrorist,2108.167,-331.6462,293.0313,CZ,100,0,0,0,0,False,False,False,127.9687,11.95313
JW,CounterTerrorist,2108.167,-331.6462,293.0313,CZ,100,0,0,0,0,False,False,False,127.9687,11.95313
JW,CounterTerrorist,2108.167,-331.6462,293.0313,CZ,100,0,0,0,0,False,False,False,127.9687,11.95313
JW,CounterTerrorist,2108.167,-331.6462,293.0313,CZ,100,0,0,0,0,False,False,False,127.9687,11.95313
JW,CounterTerrorist,2108.167,-331.6462,293.0313,CZ,100,0,0,0,0,False,False,False,127.9687,11.95313
JW,CounterTerrorist,2108.167,-331.6462,293.0313,CZ,100,0,0,0,0,False,False,False,127.9687,11.95313
JW,CounterTerrorist,2108.167,-331.6462,293.0313,CZ,100,0,0,0,0,False,False,False,127.9687,11.95313
JW,CounterTerrorist,2108.167,-331.6462,293.0313,CZ,100,0,0,0,0,False,False,False,127.9687,11.95313
JW,CounterTerrorist,2108.167,-331.6462,293.0313,CZ,100,0,0,0,0,False,False,False,127.9687,11.95313
JW,CounterTerrorist,2108.167,-331.6462,293.0313,CZ,100,0,0,0,0,False,False,False,127.9687,11.95313
JW,CounterTerrorist,2108.167,-331.6462,293.0313,CZ,100,0,0,0,0,False,False,False,127.9687,11.95313
JW,CounterTerrorist,2108.167,-331.6462,293.0313,CZ,100,0,0,0,0,False,False,False,127.9687,11.95313
JW,CounterTerrorist,2108.167,-331.6462,293.0313,CZ,100,0,0,0,0,False,False,False,127.9687,11.95313
JW,CounterTerrorist,2108.167,-331.6462,293.0313,CZ,100,0,0,0,0,False,False,False,127.9687,11.95313
JW,CounterTerrorist,2108.167,-331.6462,293.0313,CZ,100,0,0,0,0,False,False,False,127.9687,11.95313
JW,CounterTerrorist,2108.167,-331.6462,293.0313,CZ,100,0,0,0,0,False,False,False,127.9687,11.95313
JW,CounterTerrorist,2108.167,-331.6462,293.0313,CZ,100,0,0,0,0,False,False,False,127.9687,11.95313
JW,CounterTerrorist,2108.167,-331.6462,293.0313,CZ,100,0,0,0,0,False,False,False,127.9687,11.95313
JW,CounterTerrorist,2108.167,-331.6462,293.0313,CZ,100,0,0,0,0,False,False,False,127.9687,11.95313
JW,CounterTerrorist,2108.167,-331.6462,293.0313,CZ,100,0,0,0,0,False,False,False,127.9687,11.95313
JW,CounterTerrorist,2108.167,-331.6462,293.0313,CZ,100,0,0,0,0,False,False,False,127.9687,11.95313
JW,CounterTerrorist,2108.167,-331.6462,293.0313,CZ,100,0,0,0,0,False,False,False,127.9687,11.95313
JW,CounterTerrorist,2108.167,-331.6462,293.0313,CZ,100,0,0,0,0,False,False,False,128.3203,11.95313
JW,CounterTerrorist,2108.167,-331.6462,293.0313,CZ,100,0,0,0,0,False,False,False,128.3203,11.95313
JW,CounterTerrorist,2108.167,-331.6462,293.0313,CZ,100,0,0,0,0,False,False,False,128.3203,11.95313
JW,CounterTerrorist,2108.167,-331.6462,293.0313,CZ,100,0,0,0,0,False,False,False,128.3203,11.95313
JW,CounterTerrorist,2108.167,-331.6462,293.0313,CZ,100,0,0,0,0,False,False,False,128.3203,11.95313
JW,CounterTerrorist,2108.167,-331.6462,293.0313,CZ,100,0,0,0,0,False,False,False,128.3203,11.95313
JW,CounterTerrorist,2108.167,-331.6462,293.0313,CZ,100,0,0,0,0,False,False,False,128.3203,11.95313
JW,CounterTerrorist,2108.167,-331.6462,293.0313,CZ,100,0,0,0,0,False,False,False,128.3203,11.95313
JW,CounterTerrorist,2108.167,-331.6462,293.0313,CZ,100,0,0,0,0,False,False,False,128.3203,11.95313
JW,CounterTerrorist,2108.167,-331.6462,293.0313,CZ,100,0,0,0,0,False,False,False,128.3203,11.95313
JW,CounterTerrorist,2108.167,-331.6462,293.0313,CZ,100,0,0,0,0,False,False,False,128.3203,11.95313
JW,CounterTerrorist,2108.167,-331.6462,293.0313,CZ,100,0,0,0,0,False,False,False,128.3203,11.95313
JW,CounterTerrorist,2108.167,-331.6462,293.0313,CZ,100,0,0,0,0,False,False,False,128.3203,11.95313
JW,CounterTerrorist,2108.167,-331.6462,293.0313,CZ,100,0,0,0,0,False,False,False,128.3203,11.95313
JW,CounterTerrorist,2108.167,-331.6462,293.0313,CZ,100,0,0,0,0,False,False,False,128.3203,11.95313
JW,CounterTerrorist,2108.167,-331.6462,293.0313,CZ,100,0,0,0,0,False,False,False,128.3203,11.95313
JW,CounterTerrorist,2108.167,-331.6462,293.0313,CZ,100,0,0,0,0,False,False,False,128.3203,11.95313
JW,CounterTerrorist,2108.167,-331.6462,293.0313,CZ,100,0,0,0,0,False,False,False,127.6172,12.30469
JW,CounterTerrorist,2108.167,-331.6462,293.0313,CZ,100,0,0,0,0,False,False,False,127.2656,12.30469
JW,CounterTerrorist,2108.167,-331.6462,293.0313,CZ,100,0,0,0,0,False,False,False,127.2656,12.30469
JW,CounterTerrorist,2108.167,-331.6462,293.0313,CZ,100,0,0,0,0,False,False,False,127.2656,12.30469
JW,CounterTerrorist,2108.167,-331.6462,293.0313,CZ,100,0,0,0,0,False,False,False,127.2656,12.30469
JW,CounterTerrorist,2108.167,-331.6462,293.0313,CZ,100,0,0,0,0,False,False,False,127.2656,12.30469
JW,CounterTerrorist,2108.167,-331.6462,293.0313,CZ,100,0,0,0,0,False,False,False,127.2656,12.30469
JW,CounterTerrorist,2108.167,-331.6462,293.0313,CZ,100,0,0,0,0,False,False,False,127.2656,12.30469
JW,CounterTerrorist,2108.167,-331.6462,293.0313,CZ,100,0,0,0,0,False,False,False,127.2656,12.30469
JW,CounterTerrorist,2108.167,-331.6462,293.0313,CZ,100,0,0,0,0,False,False,False,127.2656,12.30469
JW,CounterTerrorist,2108.167,-331.6462,293.0313,CZ,100,0,0,0,0,False,False,False,127.2656,12.30469
JW,CounterTerrorist,2108.167,-331.6462,293.0313,CZ,100,0,0,0,0,False,False,False,127.2656,12.30469
JW,CounterTerrorist,2108.167,-331.6462,293.0313,CZ,100,0,0,0,0,False,False,False,127.2656,12.30469
JW,CounterTerrorist,2108.167,-331.6462,293.0313,CZ,100,0,0,0,0,False,False,False,127.2656,12.30469
JW,CounterTerrorist,2108.167,-331.6462,293.0313,CZ,100,0,0,0,0,False,False,False,127.2656,12.30469
JW,CounterTerrorist,2108.167,-331.6462,293.0313,CZ,100,0,0,0,0,False,False,False,127.2656,12.30469
JW,CounterTerrorist,2108.167,-331.6462,293.0313,CZ,100,0,0,0,0,False,False,False,127.2656,12.30469
JW,CounterTerrorist,2108.167,-331.6462,293.0313,CZ,100,0,0,0,0,False,False,False,127.2656,12.30469
JW,CounterTerrorist,2108.167,-331.6462,293.0313,CZ,100,0,0,0,0,False,False,False,127.2656,12.30469
JW,CounterTerrorist,2108.167,-331.6462,293.0313,CZ,100,0,0,0,0,False,False,False,127.2656,12.30469
JW,CounterTerrorist,2108.167,-331.6462,293.0313,CZ,100,0,0,0,0,False,False,False,127.2656,12.30469
JW,CounterTerrorist,2108.167,-331.6462,293.0313,CZ,100,0,0,0,0,False,False,False,127.2656,12.30469
JW,CounterTerrorist,2108.167,-331.6462,293.0313,CZ,100,0,0,0,0,False,False,False,127.2656,12.30469
JW,CounterTerrorist,2108.167,-331.6462,293.0313,CZ,100,0,0,0,0,False,False,False,127.2656,12.30469
JW,CounterTerrorist,2108.167,-331.6462,293.0313,CZ,100,0,0,0,0,False,False,False,127.2656,12.30469
JW,CounterTerrorist,2108.167,-331.6462,293.0313,CZ,100,0,0,0,0,False,False,False,127.2656,12.30469
JW,CounterTerrorist,2108.167,-331.6462,293.0313,CZ,100,0,0,0,0,False,False,False,127.2656,12.30469
JW,CounterTerrorist,2108.167,-331.6462,293.0313,CZ,100,0,0,0,0,False,False,False,127.2656,12.30469
JW,CounterTerrorist,2108.167,-331.6462,293.0313,CZ,100,0,0,0,0,False,False,False,127.2656,12.30469
JW,CounterTerrorist,2108.167,-331.6462,293.0313,CZ,100,0,0,0,0,False,False,False,127.2656,12.30469
JW,CounterTerrorist,2108.167,-331.6462,293.0313,CZ,100,0,0,0,0,False,False,False,127.2656,12.30469
JW,CounterTerrorist,2108.167,-331.6462,293.0313,CZ,100,0,0,0,0,False,False,False,127.2656,12.30469
JW,CounterTerrorist,2108.167,-331.6462,293.0313,CZ,100,0,0,0,0,False,False,False,127.2656,12.30469
JW,CounterTerrorist,2108.167,-331.6462,293.0313,CZ,100,0,0,0,0,False,False,False,127.2656,12.30469
JW,CounterTerrorist,2108.167,-331.6462,293.0313,CZ,100,0,0,0,0,False,False,False,127.2656,12.30469
JW,CounterTerrorist,2108.167,-331.6462,293.0313,CZ,100,0,0,0,0,False,False,False,127.2656,12.30469
JW,CounterTerrorist,2108.167,-331.6462,293.0313,CZ,100,0,0,0,0,False,False,False,127.2656,12.30469
JW,CounterTerrorist,2108.167,-331.6462,293.0313,CZ,100,0,0,0,0,False,False,False,127.2656,12.30469
JW,CounterTerrorist,2108.167,-331.6462,293.0313,CZ,100,0,0,0,0,False,False,False,127.2656,12.30469
JW,CounterTerrorist,2108.167,-331.6462,293.0313,CZ,100,0,0,0,0,False,False,False,127.2656,12.30469
JW,CounterTerrorist,2108.167,-331.6462,293.0313,CZ,100,0,0,0,0,False,False,False,127.6172,12.65625
JW,CounterTerrorist,2108.167,-331.6462,293.0313,CZ,100,0,0,0,0,False,False,False,128.3203,12.65625
JW,CounterTerrorist,2108.167,-331.6462,293.0313,CZ,100,0,0,0,0,False,False,False,128.6719,12.65625
JW,CounterTerrorist,2108.167,-331.6462,293.0313,CZ,100,0,0,0,0,False,False,False,129.0234,12.65625
JW,CounterTerrorist,2108.167,-331.6462,293.0313,CZ,100,0,0,0,0,False,False,False,129.0234,12.65625
JW,CounterTerrorist,2108.167,-331.6462,293.0313,CZ,100,0,0,0,0,False,False,False,129.0234,12.65625
JW,CounterTerrorist,2108.167,-331.6462,293.0313,CZ,100,0,0,0,0,False,False,False,129.0234,12.65625
JW,CounterTerrorist,2108.167,-331.6462,293.0313,CZ,100,0,0,0,0,False,False,False,129.0234,12.65625
JW,CounterTerrorist,2108.167,-331.6462,293.0313,CZ,100,0,0,0,0,False,False,False,129.0234,12.65625
JW,CounterTerrorist,2108.167,-331.6462,293.0313,CZ,100,0,0,0,0,False,False,False,128.6719,12.65625
JW,CounterTerrorist,2108.167,-331.6462,293.0313,CZ,100,0,0,0,0,False,False,False,128.6719,12.65625
JW,CounterTerrorist,2108.167,-331.6462,293.0313,CZ,100,0,0,0,0,False,False,False,128.6719,12.65625
JW,CounterTerrorist,2108.167,-331.6462,293.0313,CZ,100,0,0,0,0,False,False,False,128.6719,12.30469
JW,CounterTerrorist,2108.167,-331.6462,293.0313,CZ,100,0,0,0,0,False,False,False,128.6719,12.30469
JW,CounterTerrorist,2108.201,-331.6184,293.0313,CZ,100,0,4.435492,3.560065,0,False,False,False,128.6719,12.30469
JW,CounterTerrorist,2108.637,-331.2685,293.0313,CZ,100,0,15.64608,12.55803,0,False,False,False,128.6719,12.30469
JW,CounterTerrorist,2109.477,-330.5948,293.0313,CZ,100,0,22.42117,17.99593,0,False,False,False,128.6719,12.30469
JW,CounterTerrorist,2110.095,-330.0981,293.0313,CZ,100,0,11.45429,9.193573,0,False,False,False,128.6719,12.30469
JW,CounterTerrorist,2110.282,-329.9484,293.0313,CZ,100,0,0,0,0,False,False,False,128.6719,12.30469
JW,CounterTerrorist,2110.282,-329.9484,293.0313,CZ,100,0,0,0,0,False,False,False,128.6719,12.30469
JW,CounterTerrorist,2110.282,-329.9484,293.0313,CZ,100,0,0,0,0,False,False,False,128.6719,12.30469
JW,CounterTerrorist,2110.282,-329.9484,293.0313,CZ,100,0,0,0,0,False,False,False,128.6719,12.30469
JW,CounterTerrorist,2110.282,-329.9484,293.0313,CZ,100,0,0,0,0,False,False,False,128.6719,12.30469
JW,CounterTerrorist,2110.282,-329.9484,293.0313,CZ,100,0,0,0,0,False,False,False,128.6719,12.30469
JW,CounterTerrorist,2110.282,-329.9484,293.0313,CZ,100,0,0,0,0,False,False,False,128.6719,12.30469
JW,CounterTerrorist,2110.282,-329.9484,293.0313,CZ,100,0,0,0,0,False,False,False,128.6719,12.30469
JW,CounterTerrorist,2110.282,-329.9484,293.0313,CZ,100,0,0,0,0,False,False,False,128.6719,12.30469
JW,CounterTerrorist,2110.282,-329.9484,293.0313,CZ,100,0,0,0,0,False,False,False,128.6719,12.30469
JW,CounterTerrorist,2110.282,-329.9484,293.0313,CZ,100,0,0,0,0,False,False,False,128.6719,12.30469
JW,CounterTerrorist,2110.282,-329.9484,293.0313,CZ,100,0,0,0,0,False,False,False,128.6719,12.30469
JW,CounterTerrorist,2110.282,-329.9484,293.0313,CZ,100,0,0,0,0,False,False,False,128.6719,12.30469
JW,CounterTerrorist,2110.282,-329.9484,293.0313,CZ,100,0,0,0,0,False,False,False,128.6719,12.30469
JW,CounterTerrorist,2110.282,-329.9484,293.0313,CZ,100,0,0,0,0,False,False,False,128.6719,12.30469
JW,CounterTerrorist,2110.282,-329.9484,293.0313,CZ,100,0,0,0,0,False,False,False,128.6719,12.30469
JW,CounterTerrorist,2110.282,-329.9484,293.0313,CZ,100,0,0,0,0,False,False,False,128.6719,12.30469
JW,CounterTerrorist,2110.282,-329.9484,293.0313,CZ,100,0,0,0,0,False,False,False,128.6719,12.30469
JW,CounterTerrorist,2110.282,-329.9484,293.0313,CZ,100,0,0,0,0,False,False,False,128.6719,12.30469
JW,CounterTerrorist,2110.282,-329.9484,293.0313,CZ,100,0,0,0,0,False,False,False,128.6719,12.30469
JW,CounterTerrorist,2110.282,-329.9484,293.0313,CZ,100,0,0,0,0,False,False,False,128.6719,12.30469
JW,CounterTerrorist,2110.282,-329.9484,293.0313,CZ,100,0,0,0,0,False,False,False,128.6719,12.30469
JW,CounterTerrorist,2110.282,-329.9484,293.0313,CZ,100,0,0,0,0,False,False,False,128.6719,12.30469
JW,CounterTerrorist,2110.282,-329.9484,293.0313,CZ,100,0,0,0,0,False,False,False,128.6719,12.30469
JW,CounterTerrorist,2110.282,-329.9484,293.0313,CZ,100,0,0,0,0,False,False,False,128.6719,12.30469
JW,CounterTerrorist,2110.282,-329.9484,293.0313,CZ,100,0,0,0,0,False,False,False,128.6719,12.30469
JW,CounterTerrorist,2110.282,-329.9484,293.0313,CZ,100,0,0,0,0,False,False,False,128.6719,12.30469
JW,CounterTerrorist,2110.282,-329.9484,293.0313,CZ,100,0,0,0,0,False,False,False,128.6719,12.30469
JW,CounterTerrorist,2110.002,-329.6,293.0313,CZ,100,0,-10.75844,13.40396,0,False,False,False,128.6719,12.30469
JW,CounterTerrorist,2109.371,-328.8137,293.0313,CZ,100,0,-19.7564,24.61455,0,False,False,False,128.6719,12.30469
JW,CounterTerrorist,2108.388,-327.5895,293.0313,CZ,100,0,-28.75437,35.82513,0,False,False,False,128.6719,12.30469
JW,CounterTerrorist,2107.054,-325.9274,293.0313,CZ,100,0,-37.75234,47.03572,0,False,False,False,128.6719,12.30469
JW,CounterTerrorist,2105.786,-324.347,293.0313,CZ,100,0,-28.94998,36.06885,0,False,False,False,128.6719,12.30469
JW,CounterTerrorist,2104.862,-323.1951,293.0313,CZ,100,0,-20.14762,25.10197,0,False,False,False,128.6719,12.30469
JW,CounterTerrorist,2104.281,-322.4716,293.0313,CZ,100,0,-11.34527,14.13509,0,False,False,False,128.6719,12.30469
JW,CounterTerrorist,2104.044,-322.1765,293.0313,CZ,100,0,-2.54291,3.168217,0,False,False,False,128.6719,12.30469
JW,CounterTerrorist,2104.038,-322.1688,293.0313,CZ,100,0,0,0,0,False,False,False,128.6719,12.30469
JW,CounterTerrorist,2103.842,-321.9259,293.0313,CZ,100,0,-9.018875,11.11335,0,False,False,False,129.0234,12.65625
JW,CounterTerrorist,2103.365,-321.2058,293.0313,CZ,100,0,-10.52821,24.43789,0,False,False,False,131.1328,13.35938
JW,CounterTerrorist,2103.085,-319.8985,293.0313,CZ,100,0,-5.657334,39.34495,0,False,False,False,133.9453,14.0625
JW,CounterTerrorist,2102.894,-318.0223,293.0313,CZ,100,0,-4.771556,53.79733,0,False,False,False,138.1641,14.41406
JW,CounterTerrorist,2102.867,-315.6424,293.0313,CZ,100,0,5.664472,64.48496,0,False,False,False,142.3828,14.0625
JW,CounterTerrorist,2103.432,-312.9091,293.0313,CZ,100,0,19.81407,73.80778,0,False,False,False,145.8984,13.71094
JW,CounterTerrorist,2104.469,-309.8026,293.0313,CZ,100,0,30.58663,83.1897,0,False,False,False,148.3594,13.00781
JW,CounterTerrorist,2105.86,-306.3559,293.0313,CZ,100,0,38.6586,91.44853,0,False,False,False,150.1172,12.65625
JW,CounterTerrorist,2107.518,-302.6128,293.0313,CZ,100,0,44.75255,98.59964,0,False,False,False,151.5234,12.30469
JW,CounterTerrorist,2109.377,-298.6135,293.0313,CZ,100,0,49.25658,104.7934,0,False,False,False,152.5781,11.60156
JW,CounterTerrorist,2111.381,-294.3921,293.0313,CZ,100,0,52.52938,110.1405,0,False,False,False,153.6328,11.25
JW,CounterTerrorist,2113.462,-290.0438,293.0313,CZ,100,0,51.91641,108.3213,0,False,False,False,153.9844,11.25
JW,CounterTerrorist,2115.087,-286.6506,293.0313,CZ,100,0,33.53154,70.11739,0,False,False,False,154.3359,11.25
JW,CounterTerrorist,2115.964,-284.8136,293.0313,CZ,100,0,15.13386,31.69262,0,False,False,False,154.3359,10.89844
JW,CounterTerrorist,2116.132,-284.4628,293.0313,CZ,100,0,-2.444127,-5.135552,0,False,False,False,154.6875,10.89844
JW,CounterTerrorist,2115.892,-284.9676,293.0313,CZ,100,0,-8.621592,-18.11552,0,False,False,False,154.6875,10.89844
JW,CounterTerrorist,2115.602,-285.5782,293.0313,CZ,100,0,-5.022546,-10.55327,0,False,False,False,154.6875,10.54688
JW,CounterTerrorist,2115.719,-285.3287,293.0313,CZ,100,0,5.946173,12.60541,0,False,False,False,154.6875,10.54688
JW,CounterTerrorist,2116.093,-284.5307,293.0313,CZ,100,0,11.97274,25.65623,0,False,False,False,155.0391,10.19531
JW,CounterTerrorist,2116.698,-283.2205,293.0313,CZ,100,0,17.76244,38.81493,0,False,False,False,156.0938,9.84375
JW,CounterTerrorist,2117.522,-281.3936,293.0313,CZ,100,0,23.30983,52.07971,0,False,False,False,156.7969,9.492188
JW,CounterTerrorist,2118.123,-280.0688,293.0313,CZ,100,0,8.636233,18.32085,0,False,False,False,157.1484,9.140625
JW,CounterTerrorist,2118.106,-280.1403,293.0313,CZ,100,0,-4.198344,-10.12737,0,False,False,False,157.5,9.140625
JW,CounterTerrorist,2117.829,-280.8056,293.0313,CZ,100,0,-7.557159,-18.13933,0,False,False,False,157.5,9.140625
JW,CounterTerrorist,2117.661,-281.2099,293.0313,CZ,100,0,-2.14905,-5.15833,0,False,False,False,157.5,9.140625
JW,CounterTerrorist,2117.652,-281.2299,293.0313,CZ,100,0,0,0,0,False,False,False,157.5,9.140625
JW,CounterTerrorist,2117.652,-281.2299,293.0313,CZ,100,0,0,0,0,False,False,False,157.5,9.140625
JW,CounterTerrorist,2117.652,-281.2299,293.0313,CZ,100,0,0,0,0,False,False,False,157.5,9.140625
JW,CounterTerrorist,2117.652,-281.2299,293.0313,CZ,100,0,0,0,0,False,False,False,157.1484,8.789063
JW,CounterTerrorist,2117.652,-281.2299,293.0313,CZ,100,0,0,0,0,False,False,False,157.1484,8.789063
JW,CounterTerrorist,2117.652,-281.2299,293.0313,CZ,100,0,0,0,0,False,False,False,157.1484,8.789063
JW,CounterTerrorist,2117.48,-281.642,293.0313,CZ,100,0,-6.64394,-15.85144,0,False,False,False,157.1484,8.789063
JW,CounterTerrorist,2117.193,-282.326,293.0313,CZ,100,0,-5.60507,-13.37285,0,False,False,False,157.1484,8.789063
JW,CounterTerrorist,2117.103,-282.5413,293.0313,CZ,100,0,0,0,0,False,False,False,157.1484,8.789063
JW,CounterTerrorist,2117.146,-282.4387,293.0313,CZ,100,0,3.334317,7.886616,0,False,False,False,157.1484,8.789063
JW,CounterTerrorist,2117.234,-282.231,293.0313,CZ,100,0,0,0,0,False,False,False,157.1484,8.789063
JW,CounterTerrorist,2117.234,-282.231,293.0313,CZ,100,0,0,0,0,False,False,False,156.7969,8.789063
JW,CounterTerrorist,2117.234,-282.231,293.0313,CZ,100,0,0,0,0,False,False,False,156.7969,8.789063
JW,CounterTerrorist,2117.234,-282.231,293.0313,CZ,100,0,0,0,0,False,False,False,156.7969,8.789063
JW,CounterTerrorist,2117.234,-282.231,293.0313,CZ,100,0,0,0,0,False,False,False,156.7969,8.789063
JW,CounterTerrorist,2117.234,-282.231,293.0313,CZ,100,0,0,0,0,False,False,False,156.7969,8.789063
JW,CounterTerrorist,2117.234,-282.231,293.0313,CZ,100,0,0,0,0,False,False,False,156.7969,8.789063
JW,CounterTerrorist,2117.234,-282.231,293.0313,CZ,100,0,0,0,0,False,False,False,156.7969,8.789063
JW,CounterTerrorist,2117.217,-282.2718,293.0313,CZ,100,0,-2.233938,-5.230409,0,False,False,False,156.7969,8.789063
JW,CounterTerrorist,2116.997,-282.786,293.0313,CZ,100,0,-7.880155,-18.45012,0,False,False,False,156.7969,8.789063
JW,CounterTerrorist,2116.731,-283.4079,293.0313,CZ,100,0,-4.590618,-10.7482,0,False,False,False,156.7969,8.789063
JW,CounterTerrorist,2116.676,-283.5386,293.0313,CZ,100,0,0,0,0,False,False,False,156.7969,8.789063
JW,CounterTerrorist,2116.693,-283.4977,293.0313,CZ,100,0,2.233938,5.230409,0,False,False,False,156.7969,8.789063
JW,CounterTerrorist,2116.746,-283.3737,293.0313,CZ,100,0,0,0,0,False,False,False,156.7969,8.789063
JW,CounterTerrorist,2116.746,-283.3737,293.0313,CZ,100,0,0,0,0,False,False,False,156.7969,8.789063
JW,CounterTerrorist,2116.746,-283.3737,293.0313,CZ,100,0,0,0,0,False,False,False,156.7969,8.789063
JW,CounterTerrorist,2116.746,-283.3737,293.0313,CZ,100,0,0,0,0,False,False,False,156.7969,8.789063
JW,CounterTerrorist,2116.746,-283.3737,293.0313,CZ,100,0,0,0,0,False,False,False,156.7969,8.789063
JW,CounterTerrorist,2116.746,-283.3737,293.0313,CZ,100,0,0,0,0,False,False,False,156.7969,8.789063
JW,CounterTerrorist,2116.746,-283.3737,293.0313,CZ,100,0,0,0,0,False,False,False,156.7969,8.789063
JW,CounterTerrorist,2116.746,-283.3737,293.0313,CZ,100,0,0,0,0,False,False,False,156.7969,8.789063
JW,CounterTerrorist,2116.746,-283.3737,293.0313,CZ,100,0,0,0,0,False,False,False,156.7969,8.789063
JW,CounterTerrorist,2116.746,-283.3737,293.0313,CZ,100,0,0,0,0,False,False,False,156.7969,8.789063
JW,CounterTerrorist,2116.746,-283.3737,293.0313,CZ,100,0,0,0,0,False,False,False,156.7969,8.789063
JW,CounterTerrorist,2116.746,-283.3737,293.0313,CZ,100,0,0,0,0,False,False,False,156.7969,8.789063
JW,CounterTerrorist,2116.746,-283.3737,293.0313,CZ,100,0,0,0,0,False,False,False,156.7969,8.789063
JW,CounterTerrorist,2116.746,-283.3737,293.0313,CZ,100,0,0,0,0,False,False,False,156.7969,8.789063
JW,CounterTerrorist,2116.746,-283.3737,293.0313,CZ,100,0,0,0,0,False,False,False,156.7969,8.789063
JW,CounterTerrorist,2116.746,-283.3737,293.0313,CZ,100,0,0,0,0,False,False,False,156.7969,8.789063
JW,CounterTerrorist,2116.746,-283.3737,293.0313,CZ,100,0,0,0,0,False,False,False,156.7969,8.789063
JW,CounterTerrorist,2116.746,-283.3737,293.0313,CZ,100,0,0,0,0,False,False,False,156.7969,8.789063
JW,CounterTerrorist,2116.746,-283.3737,293.0313,CZ,100,0,0,0,0,False,False,False,156.7969,8.789063
JW,CounterTerrorist,2116.746,-283.3737,293.0313,CZ,100,0,0,0,0,False,False,False,156.7969,8.789063
JW,CounterTerrorist,2116.746,-283.3737,293.0313,CZ,100,0,0,0,0,False,False,False,156.7969,8.789063
JW,CounterTerrorist,2116.746,-283.3737,293.0313,CZ,100,0,0,0,0,False,False,False,156.7969,8.789063
JW,CounterTerrorist,2116.746,-283.3737,293.0313,CZ,100,0,0,0,0,False,False,False,156.4453,9.140625
JW,CounterTerrorist,2116.746,-283.3737,293.0313,CZ,100,0,0,0,0,False,False,False,156.4453,9.140625
JW,CounterTerrorist,2116.746,-283.3737,293.0313,CZ,100,0,0,0,0,False,False,False,156.4453,9.140625
JW,CounterTerrorist,2116.746,-283.3737,293.0313,CZ,100,0,0,0,0,False,False,False,156.4453,9.140625
JW,CounterTerrorist,2116.746,-283.3737,293.0313,CZ,100,0,0,0,0,False,False,False,156.4453,9.140625
JW,CounterTerrorist,2116.746,-283.3737,293.0313,CZ,100,0,0,0,0,False,False,False,156.4453,9.140625
JW,CounterTerrorist,2116.746,-283.3737,293.0313,CZ,100,0,0,0,0,False,False,False,156.4453,9.140625
JW,CounterTerrorist,2116.746,-283.3737,293.0313,CZ,100,0,0,0,0,False,False,False,156.4453,9.140625
JW,CounterTerrorist,2116.746,-283.3737,293.0313,CZ,100,0,0,0,0,False,False,False,156.4453,9.140625
JW,CounterTerrorist,2116.746,-283.3737,293.0313,CZ,100,0,0,0,0,False,False,False,156.4453,9.140625
JW,CounterTerrorist,2116.746,-283.3737,293.0313,CZ,100,0,0,0,0,False,False,False,156.4453,9.492188
JW,CounterTerrorist,2116.746,-283.3737,293.0313,CZ,100,0,0,0,0,False,False,False,156.4453,9.492188
JW,CounterTerrorist,2116.746,-283.3737,293.0313,CZ,100,0,0,0,0,False,False,False,156.4453,9.492188
JW,CounterTerrorist,2116.746,-283.3737,293.0313,CZ,100,0,0,0,0,False,False,False,156.4453,9.492188
JW,CounterTerrorist,2116.746,-283.3737,293.0313,CZ,100,0,0,0,0,False,False,False,156.4453,9.492188
JW,CounterTerrorist,2116.746,-283.3737,293.0313,CZ,100,0,0,0,0,False,False,False,156.4453,9.492188
JW,CounterTerrorist,2116.746,-283.3737,293.0313,CZ,100,0,0,0,0,False,False,False,156.4453,9.492188
JW,CounterTerrorist,2116.746,-283.3737,293.0313,CZ,100,0,0,0,0,False,False,False,156.4453,9.492188
JW,CounterTerrorist,2116.746,-283.3737,293.0313,CZ,100,0,0,0,0,False,False,False,156.4453,9.492188
JW,CounterTerrorist,2116.746,-283.3737,293.0313,CZ,100,0,0,0,0,False,False,False,156.4453,9.492188
JW,CounterTerrorist,2116.746,-283.3737,293.0313,CZ,100,0,0,0,0,False,False,False,156.4453,9.492188
JW,CounterTerrorist,2116.746,-283.3737,293.0313,CZ,100,0,0,0,0,False,False,False,156.4453,9.492188
JW,CounterTerrorist,2116.746,-283.3737,293.0313,CZ,100,0,0,0,0,False,False,False,156.4453,9.492188
JW,CounterTerrorist,2116.746,-283.3737,293.0313,CZ,100,0,0,0,0,False,False,False,156.4453,9.492188
JW,CounterTerrorist,2116.746,-283.3737,293.0313,CZ,100,0,0,0,0,False,False,False,156.4453,9.492188
JW,CounterTerrorist,2116.746,-283.3737,293.0313,CZ,100,0,0,0,0,False,False,False,156.4453,9.492188
JW,CounterTerrorist,2116.746,-283.3737,293.0313,CZ,100,0,0,0,0,False,False,False,156.4453,9.492188
JW,CounterTerrorist,2116.746,-283.3737,293.0313,CZ,100,0,0,0,0,False,False,False,156.4453,9.492188
JW,CounterTerrorist,2116.746,-283.3737,293.0313,CZ,100,0,0,0,0,False,False,False,156.4453,9.492188
JW,CounterTerrorist,2116.746,-283.3737,293.0313,CZ,100,0,0,0,0,False,False,False,156.4453,9.492188
JW,CounterTerrorist,2116.746,-283.3737,293.0313,CZ,100,0,0,0,0,False,False,False,156.4453,9.492188
JW,CounterTerrorist,2116.746,-283.3737,293.0313,CZ,100,0,0,0,0,False,False,False,156.4453,9.492188
JW,CounterTerrorist,2116.746,-283.3737,293.0313,CZ,100,0,0,0,0,False,False,False,156.4453,9.492188
JW,CounterTerrorist,2116.746,-283.3737,293.0313,CZ,100,0,0,0,0,False,False,False,156.4453,9.492188
JW,CounterTerrorist,2116.746,-283.3737,293.0313,CZ,100,0,0,0,0,False,False,False,156.4453,9.492188
JW,CounterTerrorist,2116.746,-283.3737,293.0313,CZ,100,0,0,0,0,False,False,False,156.4453,9.492188
JW,CounterTerrorist,2116.746,-283.3737,293.0313,CZ,100,0,0,0,0,False,False,False,156.4453,9.492188
JW,CounterTerrorist,2116.746,-283.3737,293.0313,CZ,100,0,0,0,0,False,False,False,156.4453,9.492188
JW,CounterTerrorist,2116.746,-283.3737,293.0313,CZ,100,0,0,0,0,False,False,False,156.4453,9.492188
JW,CounterTerrorist,2116.746,-283.3737,293.0313,CZ,100,0,0,0,0,False,False,False,156.4453,9.492188
JW,CounterTerrorist,2116.746,-283.3737,293.0313,CZ,100,0,0,0,0,False,False,False,156.4453,9.492188
JW,CounterTerrorist,2116.746,-283.3737,293.0313,CZ,100,0,0,0,0,False,False,False,156.4453,9.492188
JW,CounterTerrorist,2116.746,-283.3737,293.0313,CZ,100,0,0,0,0,False,False,False,156.4453,9.492188
JW,CounterTerrorist,2116.746,-283.3737,293.0313,CZ,100,0,0,0,0,False,False,False,156.4453,9.492188
JW,CounterTerrorist,2116.746,-283.3737,293.0313,CZ,100,0,0,0,0,False,False,False,156.4453,9.492188
JW,CounterTerrorist,2116.746,-283.3737,293.0313,CZ,100,0,0,0,0,False,False,False,156.4453,9.492188
JW,CounterTerrorist,2116.746,-283.3737,293.0313,CZ,100,0,0,0,0,False,False,False,156.4453,9.492188
JW,CounterTerrorist,2116.746,-283.3737,293.0313,CZ,100,0,0,0,0,False,False,False,156.4453,9.492188
JW,CounterTerrorist,2116.746,-283.3737,293.0313,CZ,100,0,0,0,0,False,False,False,156.4453,9.492188
JW,CounterTerrorist,2116.746,-283.3737,293.0313,CZ,100,0,0,0,0,False,False,False,156.4453,9.492188
JW,CounterTerrorist,2116.746,-283.3737,293.0313,CZ,100,0,0,0,0,False,False,False,156.4453,9.492188
JW,CounterTerrorist,2116.746,-283.3737,293.0313,CZ,100,0,0,0,0,False,False,False,156.4453,9.492188
JW,CounterTerrorist,2116.746,-283.3737,293.0313,CZ,100,0,0,0,0,False,False,False,156.4453,9.492188
JW,CounterTerrorist,2116.746,-283.3737,293.0313,CZ,100,0,0,0,0,False,False,False,156.4453,9.492188
JW,CounterTerrorist,2116.746,-283.3737,293.0313,CZ,100,0,0,0,0,False,False,False,156.4453,9.492188
JW,CounterTerrorist,2116.746,-283.3737,293.0313,CZ,100,0,0,0,0,False,False,False,156.4453,9.492188
JW,CounterTerrorist,2116.746,-283.3737,293.0313,CZ,100,0,0,0,0,False,False,False,156.4453,9.492188
JW,CounterTerrorist,2116.746,-283.3737,293.0313,CZ,100,0,0,0,0,False,False,False,156.4453,9.492188
JW,CounterTerrorist,2116.746,-283.3737,293.0313,CZ,100,0,0,0,0,False,False,False,156.4453,9.492188
JW,CounterTerrorist,2116.746,-283.3737,293.0313,CZ,100,0,0,0,0,False,False,False,156.4453,9.492188
JW,CounterTerrorist,2116.746,-283.3737,293.0313,CZ,100,0,0,0,0,False,False,False,156.4453,9.492188
JW,CounterTerrorist,2116.746,-283.3737,293.0313,CZ,100,0,0,0,0,False,False,False,156.4453,9.492188
JW,CounterTerrorist,2116.746,-283.3737,293.0313,CZ,100,0,0,0,0,False,False,False,156.4453,9.492188
JW,CounterTerrorist,2116.746,-283.3737,293.0313,CZ,100,0,0,0,0,False,False,False,156.4453,9.492188
JW,CounterTerrorist,2116.746,-283.3737,293.0313,CZ,100,0,0,0,0,False,False,False,156.4453,9.492188
JW,CounterTerrorist,2116.746,-283.3737,293.0313,CZ,100,0,0,0,0,False,False,False,156.4453,9.492188
JW,CounterTerrorist,2116.746,-283.3737,293.0313,CZ,100,0,0,0,0,False,False,False,156.4453,9.492188
JW,CounterTerrorist,2116.459,-283.2488,293.0313,CZ,100,0,-13.11912,5.721575,0,False,False,False,156.4453,9.492188
JW,CounterTerrorist,2115.638,-282.8907,293.0313,CZ,100,0,-26.29552,11.46813,0,False,False,False,156.4453,9.492188
JW,CounterTerrorist,2114.302,-282.308,293.0313,CZ,100,0,-39.47192,17.2147,0,False,False,False,156.4453,9.492188
JW,CounterTerrorist,2112.452,-281.5009,293.0313,CZ,100,0,-52.64833,22.96126,0,False,False,False,156.4453,9.492188
JW,CounterTerrorist,2110.087,-280.4692,293.0313,CZ,100,0,-65.82473,28.70783,0,False,False,False,156.4453,9.492188
JW,CounterTerrorist,2107.213,-279.2162,293.0313,CZ,100,0,-78.4539,34.21572,0,False,False,False,156.4453,9.492188
JW,CounterTerrorist,2103.896,-277.7692,293.0313,CZ,100,0,-88.98978,38.81069,0,False,False,False,156.4453,9.492188
JW,CounterTerrorist,2100.21,-276.162,293.0313,CZ,100,0,-97.69289,42.60633,0,False,False,False,156.4453,9.492188
JW,CounterTerrorist,2096.222,-274.4223,293.0313,CZ,100,0,-104.882,45.74171,0,False,False,False,156.4453,9.492188
JW,CounterTerrorist,2091.99,-272.577,292.9824,CZ,100,0,-109.7219,47.8525,-9.375,False,False,False,156.4453,9.492188
JW,CounterTerrorist,2087.705,-270.7078,292.0059,CZ,100,0,-109.7219,47.8525,-40.625,False,False,False,156.4453,9.140625
JW,CounterTerrorist,2084.276,-269.2125,290.3457,CZ,100,0,-109.7219,47.8525,-65.625,False,False,False,156.4453,8.789063
JW,CounterTerrorist,2079.133,-266.9694,286.3906,CZ,100,0,-109.7219,47.8525,-103.125,False,False,False,156.7969,8.085938
JW,CounterTerrorist,2074.847,-265.1002,281.752,CZ,100,0,-109.7219,47.8525,-134.375,False,False,False,156.7969,7.382813
JW,CounterTerrorist,2070.561,-263.231,275.8926,CZ,100,0,-109.7219,47.8525,-165.625,False,False,False,156.7969,6.679688
JW,CounterTerrorist,2068.648,-262.3799,268.8125,CZ,100,0,-7.630394,4.044519,-196.875,False,False,False,156.7969,5.976563
JW,CounterTerrorist,2069.62,-262.767,260.5117,CZ,100,0,27.84871,-11.17974,-228.125,False,False,False,156.7969,5.273438
JW,CounterTerrorist,2070.83,-263.2598,256.0313,CZ,100,0,35.70042,-14.75996,0,False,False,False,156.7969,4.921875
JW,CounterTerrorist,2072.491,-263.956,256.0313,CZ,100,0,43.61455,-18.34923,0,False,False,False,156.7969,4.21875
JW,CounterTerrorist,2073.892,-264.545,256.0313,CZ,100,0,30.65248,-12.89591,0,False,False,False,156.7969,3.515625
JW,CounterTerrorist,2074.785,-264.9209,256.0313,CZ,100,0,17.69041,-7.442594,0,False,False,False,156.7969,3.164063
JW,CounterTerrorist,2075.172,-265.0838,256.0313,CZ,100,0,4.728341,-1.989277,0,False,False,False,156.7969,3.164063
JW,CounterTerrorist,2075.189,-265.0908,256.0313,CZ,100,0,0,0,0,False,False,False,156.7969,3.164063
JW,CounterTerrorist,2075.189,-265.0908,256.0313,CZ,100,0,0,0,0,False,False,False,156.7969,2.8125
JW,CounterTerrorist,2075.189,-265.0908,256.0313,CZ,100,0,0,0,0,True,False,False,156.7969,2.109375
JW,CounterTerrorist,2075.189,-265.0908,256.0313,CZ,100,0,0,0,0,True,False,False,156.7969,1.757813
JW,CounterTerrorist,2075.189,-265.0908,256.0313,CZ,100,0,0,0,0,True,False,False,156.7969,1.40625
JW,CounterTerrorist,2075.189,-265.0908,256.0313,CZ,100,0,0,0,0,True,False,False,156.7969,0.703125
JW,CounterTerrorist,2075.189,-265.0908,256.0313,CZ,100,0,0,0,0,True,False,False,156.7969,0.3515625
JW,CounterTerrorist,2075.189,-265.0908,256.0313,CZ,100,0,0,0,0,False,False,False,156.7969,359.6484
JW,CounterTerrorist,2075.189,-265.0908,256.0313,CZ,100,0,0,0,0,False,False,False,156.7969,359.6484
JW,CounterTerrorist,2075.189,-265.0908,256.0313,CZ,100,0,0,0,0,False,False,False,156.4453,359.2969
JW,CounterTerrorist,2075.189,-265.0908,256.0313,CZ,100,0,0,0,0,False,False,False,156.4453,358.9453
JW,CounterTerrorist,2075.189,-265.0908,256.0313,CZ,100,0,0,0,0,False,False,False,156.4453,358.9453
JW,CounterTerrorist,2075.189,-265.0908,256.0313,CZ,100,0,0,0,0,False,False,False,156.4453,358.9453
JW,CounterTerrorist,2075.189,-265.0908,256.0313,CZ,100,0,0,0,0,False,False,False,156.4453,358.9453
JW,CounterTerrorist,2075.189,-265.0908,256.0313,CZ,100,0,0,0,0,False,False,False,156.4453,358.9453
JW,CounterTerrorist,2075.189,-265.0908,256.0313,CZ,100,0,0,0,0,False,False,False,156.4453,358.9453
JW,CounterTerrorist,2075.189,-265.0908,256.0313,CZ,100,0,0,0,0,False,False,False,156.4453,358.9453
JW,CounterTerrorist,2075.189,-265.0908,256.0313,CZ,100,0,0,0,0,False,False,False,156.4453,358.9453
JW,CounterTerrorist,2075.189,-265.0908,256.0313,CZ,100,0,0,0,0,False,False,False,156.4453,358.9453
JW,CounterTerrorist,2075.189,-265.0908,256.0313,CZ,100,0,0,0,0,False,False,False,156.4453,358.9453
JW,CounterTerrorist,2075.189,-265.0908,256.0313,CZ,100,0,0,0,0,False,False,False,156.4453,358.9453
JW,CounterTerrorist,2075.189,-265.0908,256.0313,CZ,100,0,0,0,0,False,False,False,156.4453,358.9453
JW,CounterTerrorist,2075.189,-265.0908,256.0313,CZ,100,0,0,0,0,False,False,False,156.4453,358.9453
JW,CounterTerrorist,2075.189,-265.0908,256.0313,CZ,100,0,0,0,0,False,False,False,156.4453,358.9453
JW,CounterTerrorist,2075.189,-265.0908,256.0313,CZ,100,0,0,0,0,False,False,False,156.4453,358.9453
JW,CounterTerrorist,2075.189,-265.0908,256.0313,CZ,100,0,0,0,0,False,False,False,156.4453,358.9453
JW,CounterTerrorist,2075.189,-265.0908,256.0313,CZ,100,0,0,0,0,False,False,False,156.4453,358.9453
JW,CounterTerrorist,2075.189,-265.0908,256.0313,CZ,100,0,0,0,0,False,False,False,156.4453,358.9453
JW,CounterTerrorist,2075.189,-265.0908,256.0313,CZ,100,0,0,0,0,False,False,False,156.4453,358.9453
JW,CounterTerrorist,2075.189,-265.0908,256.0313,CZ,100,0,0,0,0,False,False,False,156.4453,358.9453
JW,CounterTerrorist,2075.189,-265.0908,256.0313,CZ,100,0,0,0,0,False,False,False,156.4453,358.9453
JW,CounterTerrorist,2075.189,-265.0908,256.0313,CZ,100,0,0,0,0,False,False,False,156.4453,358.9453
JW,CounterTerrorist,2075.189,-265.0908,256.0313,CZ,100,0,0,0,0,False,False,False,156.4453,358.9453
JW,CounterTerrorist,2075.189,-265.0908,256.0313,CZ,100,0,0,0,0,False,False,False,156.4453,358.9453
JW,CounterTerrorist,2075.189,-265.0908,256.0313,CZ,100,0,0,0,0,False,False,False,156.4453,358.9453
JW,CounterTerrorist,2075.189,-265.0908,256.0313,CZ,100,0,0,0,0,False,False,False,156.4453,358.9453
JW,CounterTerrorist,2075.189,-265.0908,256.0313,CZ,100,0,0,0,0,False,False,False,156.4453,358.9453
JW,CounterTerrorist,2075.189,-265.0908,256.0313,CZ,100,0,0,0,0,True,False,False,156.7969,359.6484
JW,CounterTerrorist,2075.189,-265.0908,256.0313,CZ,100,0,0,0,0,True,False,False,156.7969,0.3515625
JW,CounterTerrorist,2075.189,-265.0908,256.0313,CZ,100,0,0,0,0,True,False,False,156.7969,1.40625
JW,CounterTerrorist,2075.189,-265.0908,256.0313,CZ,100,0,0,0,0,True,False,False,156.7969,1.757813
JW,CounterTerrorist,2075.189,-265.0908,256.0313,CZ,100,0,0,0,0,False,False,False,156.7969,1.757813
JW,CounterTerrorist,2075.189,-265.0908,256.0313,CZ,100,0,0,0,0,False,False,False,156.7969,1.757813
JW,CounterTerrorist,2075.189,-265.0908,256.0313,CZ,100,0,0,0,0,False,False,False,156.7969,1.757813
JW,CounterTerrorist,2075.189,-265.0908,256.0313,CZ,100,0,0,0,0,False,False,False,156.7969,1.757813
JW,CounterTerrorist,2075.189,-265.0908,256.0313,CZ,100,0,0,0,0,False,False,False,156.7969,1.757813
JW,CounterTerrorist,2075.189,-265.0908,256.0313,CZ,100,0,0,0,0,False,False,False,156.7969,1.757813
JW,CounterTerrorist,2075.189,-265.0908,256.0313,CZ,100,0,0,0,0,False,False,False,156.7969,1.757813
JW,CounterTerrorist,2075.004,-265.0123,256.0313,CZ,100,0,-10.52587,4.474647,0,False,False,False,156.7969,1.757813
JW,CounterTerrorist,2074.283,-264.7057,256.0313,CZ,100,0,-23.7551,10.09852,0,False,False,False,156.7969,1.757813
JW,CounterTerrorist,2073.045,-264.1794,256.0313,CZ,100,0,-36.98433,15.72239,0,False,False,False,156.7969,1.757813
JW,CounterTerrorist,2071.291,-263.4334,256.0313,CZ,100,0,-50.21357,21.34627,0,False,False,False,156.7969,1.757813
JW,CounterTerrorist,2069.019,-262.4678,256.0313,CZ,100,0,-63.44281,26.97014,0,False,False,False,156.7969,1.757813
JW,CounterTerrorist,2066.476,-261.3868,256.0313,CZ,100,0,-60.96951,25.91872,0,False,False,False,156.7969,1.757813
JW,CounterTerrorist,2064.397,-260.5033,256.0313,CZ,100,0,-48.02787,20.41711,0,False,False,False,156.7969,1.757813
JW,CounterTerrorist,2064.031,-259.915,256.0313,CZ,100,0,0,9.778965,0,False,False,False,156.7969,1.757813
JW,CounterTerrorist,2064.031,-259.8177,256.0313,CZ,100,0,0,0,0,False,False,False,156.7969,1.757813
JW,CounterTerrorist,2064.031,-259.8177,256.0313,CZ,100,0,0,0,0,False,False,False,156.7969,1.757813
JW,CounterTerrorist,2064.031,-259.8177,256.0313,CZ,100,0,0,0,0,False,False,False,156.7969,1.757813
JW,CounterTerrorist,2064.031,-259.8177,256.0313,CZ,100,0,0,0,0,False,False,False,156.7969,1.757813
JW,CounterTerrorist,2064.031,-259.8177,256.0313,CZ,100,0,0,0,0,False,False,False,156.7969,1.757813
JW,CounterTerrorist,2064.031,-259.8177,256.0313,CZ,100,0,0,0,0,False,False,False,156.7969,1.757813
JW,CounterTerrorist,2064.031,-259.8177,256.0313,CZ,100,0,0,0,0,False,False,False,156.7969,1.757813
JW,CounterTerrorist,2064.031,-259.8177,256.0313,CZ,100,0,0,0,0,False,False,False,156.7969,1.757813
JW,CounterTerrorist,2064.031,-259.7655,256.0313,CZ,100,0,0,2.225098,0,False,False,False,156.7969,1.757813
JW,CounterTerrorist,2064.031,-259.6785,256.0313,CZ,100,0,0,2.225098,0,False,False,False,156.7969,1.757813
JW,CounterTerrorist,2064.031,-259.5915,256.0313,CZ,100,0,0,2.225098,0,False,False,False,156.7969,1.757813
JW,CounterTerrorist,2064.031,-259.5915,256.0313,CZ,100,0,0,0,0,False,False,False,156.7969,1.757813
JW,CounterTerrorist,2064.031,-259.5915,256.0313,CZ,100,0,0,0,0,False,False,False,156.7969,1.757813
JW,CounterTerrorist,2064.031,-259.5915,256.0313,CZ,100,0,0,0,0,False,False,False,156.7969,1.757813
JW,CounterTerrorist,2064.031,-259.5915,256.0313,CZ,100,0,0,0,0,False,False,False,156.7969,1.757813
JW,CounterTerrorist,2064.031,-259.5915,256.0313,CZ,100,0,0,0,0,False,False,False,156.7969,1.757813
JW,CounterTerrorist,2064.014,-259.7744,256.0313,CZ,100,0,0,-10.3017,0,False,False,False,156.7969,1.757813
JW,CounterTerrorist,2064.014,-260.6546,256.0313,CZ,100,0,0,-24.83175,0,False,False,False,156.7969,1.757813
JW,CounterTerrorist,2064.014,-261.7858,256.0313,CZ,100,0,0,-26.47178,0,False,False,False,156.7969,1.757813
JW,CounterTerrorist,2064.014,-262.4903,256.0313,CZ,100,0,0,-12.40928,0,False,False,False,156.7969,1.757813
JW,CounterTerrorist,2064.014,-262.6584,256.0313,CZ,100,0,0,0,0,False,False,False,156.7969,1.757813
JW,CounterTerrorist,2064.014,-262.6584,256.0313,CZ,100,0,0,0,0,False,False,False,156.7969,1.757813
JW,CounterTerrorist,2064.014,-262.6584,256.0313,CZ,100,0,0,0,0,False,False,False,156.7969,1.757813
JW,CounterTerrorist,2064.014,-262.6584,256.0313,CZ,100,0,0,0,0,False,False,False,156.7969,1.757813
JW,CounterTerrorist,2064.014,-262.6584,256.0313,CZ,100,0,0,0,0,False,False,False,156.7969,1.757813
JW,CounterTerrorist,2064.014,-262.5711,256.0313,CZ,100,0,0,2.233938,0,False,False,False,156.7969,1.757813
JW,CounterTerrorist,2064.014,-262.4838,256.0313,CZ,100,0,0,2.233938,0,False,False,False,156.7969,1.757813
JW,CounterTerrorist,2064.014,-262.4138,256.0313,CZ,100,0,0,2.238356,0,False,False,False,156.7969,1.757813
JW,CounterTerrorist,2064.014,-262.3089,256.0313,CZ,100,0,0,2.238356,0,False,False,False,156.7969,1.757813
JW,CounterTerrorist,2064.014,-262.2215,256.0313,CZ,100,0,0,2.238356,0,False,False,False,156.7969,1.757813
JW,CounterTerrorist,2064.014,-262.1516,256.0313,CZ,100,0,0,0,0,False,False,False,156.7969,1.757813
JW,CounterTerrorist,2064.014,-262.1516,256.0313,CZ,100,0,0,0,0,False,False,False,156.7969,1.757813
JW,CounterTerrorist,2064.014,-262.1516,256.0313,CZ,100,0,0,0,0,False,False,False,156.7969,1.757813
JW,CounterTerrorist,2064.014,-262.1516,256.0313,CZ,100,0,0,0,0,False,False,False,156.7969,1.757813
JW,CounterTerrorist,2064.014,-262.1516,256.0313,CZ,100,0,0,0,0,False,False,False,156.7969,1.757813
JW,CounterTerrorist,2064.014,-262.1516,256.0313,CZ,100,0,0,0,0,False,False,False,156.7969,1.757813
JW,CounterTerrorist,2064.014,-262.1516,256.0313,CZ,100,0,0,0,0,False,False,False,156.7969,1.757813
JW,CounterTerrorist,2064.014,-262.1516,256.0313,CZ,100,0,0,0,0,False,False,False,156.7969,1.757813
JW,CounterTerrorist,2064.014,-262.1516,256.0313,CZ,100,0,0,0,0,False,False,False,156.7969,1.757813
JW,CounterTerrorist,2064.014,-262.1516,256.0313,CZ,100,0,0,0,0,False,False,False,156.7969,1.757813
JW,CounterTerrorist,2064.014,-262.1516,256.0313,CZ,100,0,0,0,0,False,False,False,156.7969,1.757813
JW,CounterTerrorist,2064.014,-262.1516,256.0313,CZ,100,0,0,0,0,False,False,False,156.7969,1.757813
JW,CounterTerrorist,2064.014,-262.1516,256.0313,CZ,100,0,0,0,0,False,False,False,156.7969,1.757813
JW,CounterTerrorist,2064.014,-262.1516,256.0313,CZ,100,0,0,0,0,False,False,False,156.7969,1.757813
JW,CounterTerrorist,2064.014,-262.1516,256.0313,CZ,100,0,0,0,0,False,False,False,156.7969,1.757813
JW,CounterTerrorist,2064.014,-262.1516,256.0313,CZ,100,0,0,0,0,False,False,False,156.7969,1.757813
JW,CounterTerrorist,2064.014,-262.1516,256.0313,CZ,100,0,0,0,0,False,False,False,156.7969,1.757813
JW,CounterTerrorist,2064.014,-262.5446,256.0313,CZ,100,0,0,-14.8926,0,False,False,False,156.7969,1.757813
JW,CounterTerrorist,2064.014,-263.4095,256.0313,CZ,100,0,0,-26.97269,0,False,False,False,156.7969,1.757813
JW,CounterTerrorist,2064.014,-264.7463,256.0313,CZ,100,0,0,-39.05279,0,False,False,False,156.7969,1.757813
JW,CounterTerrorist,2064.014,-266.5549,256.0313,CZ,100,0,0,-51.13289,0,False,False,False,156.7969,1.757813
JW,CounterTerrorist,2064.014,-268.3416,256.0313,CZ,100,0,0,-60.79697,0,False,False,False,156.7969,1.757813
JW,CounterTerrorist,2064.014,-271.5879,256.0313,CZ,100,0,0,-75.2931,0,False,False,False,156.7969,1.757813
JW,CounterTerrorist,2064.014,-274.7972,256.0313,CZ,100,0,0,-86.45325,0,False,False,False,156.7969,1.757813
JW,CounterTerrorist,2064.014,-278.396,256.0313,CZ,100,0,0,-95.6771,0,False,False,False,156.7969,2.109375
JW,CounterTerrorist,2064.014,-282.3152,256.0313,CZ,100,0,0,-103.2031,0,False,False,False,155.7422,2.8125
JW,CounterTerrorist,2064.014,-286.4804,256.0313,CZ,100,0,0,-108.5686,0,False,False,False,149.4141,4.921875
JW,CounterTerrorist,2064.014,-290.7803,256.0313,CZ,100,0,0,-110.5337,0,False,False,False,137.4609,7.03125
JW,CounterTerrorist,2064,-295.2579,256.0313,CZ,100,0,-0.9756993,-117.298,0,False,False,False,125.1563,8.4375
JW,CounterTerrorist,2064,-299.9625,256.0313,CZ,100,0,0,-122.2182,0,False,False,False,115.3125,9.140625
JW,CounterTerrorist,2064.152,-304.8065,256.0313,CZ,100,0,7.351997,-124.5833,0,False,False,False,108.2813,8.789063
JW,CounterTerrorist,2064.576,-309.6628,256.0313,CZ,100,0,12.75948,-124.146,0,False,False,False,104.0625,8.085938
JW,CounterTerrorist,2065.026,-313.5368,256.0313,CZ,100,0,15.18223,-123.8731,0,False,False,False,102.3047,7.734375
JW,CounterTerrorist,2065.945,-319.2935,256.0313,CZ,100,0,27.11997,-120.4059,0,False,False,False,101.25,7.382813
JW,CounterTerrorist,2067.419,-323.8448,256.0313,CZ,100,0,44.3666,-114.0772,0,False,False,False,101.25,7.03125
JW,CounterTerrorist,2069.494,-328.1752,256.0313,CZ,100,0,58.61309,-108.8494,0,False,False,False,101.25,7.03125
JW,CounterTerrorist,2072.058,-332.3098,256.0313,CZ,100,0,69.71391,-103.5133,0,False,False,False,101.25,7.03125
JW,CounterTerrorist,2074.976,-336.2141,256.0313,CZ,100,0,77.701,-97.66061,0,False,False,False,101.25,7.03125
JW,CounterTerrorist,2078.158,-339.906,256.0313,CZ,100,0,83.7554,-92.52065,0,False,False,False,101.25,7.03125
JW,CounterTerrorist,2081.541,-343.4152,256.0313,CZ,100,0,88.34956,-88.14417,0,False,False,False,101.25,7.03125
JW,CounterTerrorist,2085.077,-346.7706,256.0313,CZ,100,0,91.84767,-84.49287,0,False,False,False,101.25,7.03125
JW,CounterTerrorist,2088.73,-349.9988,256.0313,CZ,100,0,94.52348,-81.48835,0,False,False,False,101.25,7.03125
JW,CounterTerrorist,2092.471,-353.1247,256.0313,CZ,100,0,96.50978,-79.12585,0,False,False,False,101.25,7.03125
JW,CounterTerrorist,2092.969,-356.2147,256.0313,CZ,100,0,0,-79.47335,0,False,False,False,101.25,7.03125
JW,CounterTerrorist,2092.969,-359.142,256.0313,CZ,100,0,0,-67.80427,0,False,False,False,101.25,7.03125
JW,CounterTerrorist,2092.969,-361.356,256.0313,CZ,100,0,0,-50.38163,0,False,False,False,101.25,7.382813
JW,CounterTerrorist,2092.969,-362.9945,256.0313,CZ,100,0,0,-36.31913,0,False,False,False,101.25,7.382813
JW,CounterTerrorist,2092.969,-364.0837,256.0313,CZ,100,0,0,-22.25663,0,False,False,False,101.25,7.382813
JW,CounterTerrorist,2092.969,-364.6235,256.0313,CZ,100,0,0,-8.194134,0,False,False,False,101.6016,7.382813
JW,CounterTerrorist,2092.969,-364.6389,258.3417,CZ,100,0,0,3.640133,292.6184,False,False,False,101.9531,7.734375
JW,CounterTerrorist,2092.969,-364.1589,269.1617,CZ,100,0,0,18.37036,261.3684,False,False,False,103.3594,8.4375
JW,CounterTerrorist,2092.969,-363.036,278.761,CZ,100,0,0,36.15584,230.1184,False,False,False,105.4687,9.492188
JW,CounterTerrorist,2092.969,-361.5731,285.5616,CZ,100,0,0,53.55632,205.1184,False,False,False,107.9297,10.89844
JW,CounterTerrorist,2092.989,-358.5397,294.2975,CZ,100,0,2.608867,69.75249,167.6184,False,False,False,113.2031,11.95313
JW,CounterTerrorist,2093.09,-355.8149,300.2347,CZ,100,0,2.608867,69.75249,136.3684,False,False,False,117.7734,12.30469
JW,CounterTerrorist,2093.192,-353.0901,304.9512,CZ,100,0,2.608867,69.75249,105.1184,False,False,False,121.2891,12.30469
JW,CounterTerrorist,2093.293,-350.3654,308.447,CZ,100,0,2.608867,69.75249,73.86838,False,False,False,122.6953,11.95313
JW,CounterTerrorist,2093.394,-347.6406,310.7221,CZ,100,0,2.608867,69.75249,42.61838,False,False,False,123.3984,11.95313
JW,CounterTerrorist,2093.496,-344.9159,311.7765,CZ,100,0,2.608867,69.75249,11.36838,False,False,False,123.3984,11.60156
JW,CounterTerrorist,2093.597,-342.1911,311.6102,CZ,100,0,2.608867,69.75249,-19.88162,False,False,False,123.3984,11.60156
JW,CounterTerrorist,2093.698,-339.4663,310.2231,CZ,100,0,2.608867,69.75249,-51.13162,False,False,False,123.3984,11.60156
JW,CounterTerrorist,2093.8,-336.7416,307.6154,CZ,100,0,2.608867,69.75249,-82.38162,False,False,False,123.75,11.60156
JW,CounterTerrorist,2093.901,-334.0168,303.787,CZ,100,0,2.608867,69.75249,-113.6316,False,False,False,123.75,11.60156
JW,CounterTerrorist,2094.002,-331.2921,298.7379,CZ,100,0,2.608867,69.75249,-144.8816,False,False,False,123.75,11.60156
JW,CounterTerrorist,2095.568,-328.8813,293.0313,CZ,100,0,46.91943,58.24381,0,False,False,False,123.75,11.60156
JW,CounterTerrorist,2097.712,-327.1412,293.0313,CZ,100,0,57.37007,32.30478,0,False,False,False,124.1016,11.25
JW,CounterTerrorist,2099.555,-326.5894,293.0313,CZ,100,0,59.7528,9.351286,0,False,False,False,124.4531,11.25
JW,CounterTerrorist,2102.429,-326.9276,293.0313,CZ,100,0,62.54248,-17.95011,0,False,False,False,125.1563,11.25
JW,CounterTerrorist,2104.555,-327.5378,293.0313,CZ,100,0,49.02567,-14.07069,0,False,False,False,125.8594,11.25
JW,CounterTerrorist,2106.154,-327.9965,293.0313,CZ,100,0,35.50886,-10.19128,0,False,False,False,126.9141,11.25
JW,CounterTerrorist,2107.224,-328.3037,293.0313,CZ,100,0,21.99205,-6.311865,0,False,False,False,127.6172,10.89844
JW,CounterTerrorist,2107.766,-328.4593,293.0313,CZ,100,0,8.475246,-2.432452,0,False,False,False,128.3203,10.89844
JW,CounterTerrorist,2107.835,-328.4791,293.0313,CZ,100,0,0,0,0,False,False,False,128.6719,10.89844
JW,CounterTerrorist,2107.835,-328.4791,293.0313,CZ,100,0,0,0,0,False,False,False,128.6719,10.89844
JW,CounterTerrorist,2107.835,-328.4791,293.0313,CZ,100,0,0,0,0,False,False,False,129.0234,10.54688
JW,CounterTerrorist,2107.835,-328.4791,293.0313,CZ,100,0,0,0,0,False,False,False,129.375,10.54688
JW,CounterTerrorist,2108.181,-328.1957,293.0313,CZ,100,0,13.27335,10.91914,0,False,False,False,129.375,10.54688
JW,CounterTerrorist,2108.958,-327.5536,293.0313,CZ,100,0,24.31332,20.12577,0,False,False,False,129.7266,10.54688
JW,CounterTerrorist,2109.824,-326.8353,293.0313,CZ,100,0,17.85122,14.79821,0,False,False,False,130.0781,10.54688
JW,CounterTerrorist,2110.268,-326.4676,293.0313,CZ,100,0,7.024935,5.823493,0,False,False,False,130.7813,10.54688
JW,CounterTerrorist,2110.327,-326.4187,293.0313,CZ,100,0,0,0,0,False,False,False,131.1328,10.54688
JW,CounterTerrorist,2110.327,-326.4187,293.0313,CZ,100,0,0,0,0,False,False,False,131.4844,10.54688
JW,CounterTerrorist,2110.327,-326.4187,293.0313,CZ,100,0,0,0,0,False,False,False,131.4844,10.54688
JW,CounterTerrorist,2110.327,-326.4187,293.0313,CZ,100,0,0,0,0,False,False,False,131.8359,10.54688
JW,CounterTerrorist,2110.66,-326.1207,293.0313,CZ,100,0,12.80358,11.46641,0,False,False,False,131.8359,10.54688
JW,CounterTerrorist,2111.411,-325.448,293.0313,CZ,100,0,23.51115,21.05747,0,False,False,False,131.8359,10.54688
JW,CounterTerrorist,2112.084,-324.8453,293.0313,CZ,100,0,13.03589,11.67543,0,False,False,False,131.8359,10.54688
JW,CounterTerrorist,2112.347,-324.6091,293.0313,CZ,100,0,2.56062,2.293387,0,False,False,False,131.8359,10.54688
JW,CounterTerrorist,2112.347,-324.6091,293.0313,CZ,100,0,0,0,0,False,False,False,132.1875,10.54688
JW,CounterTerrorist,2112.347,-324.6091,293.0313,CZ,100,0,0,0,0,False,False,False,132.1875,10.89844
JW,CounterTerrorist,2112.347,-324.6091,293.0313,CZ,100,0,0,0,0,False,False,False,132.1875,10.89844
JW,CounterTerrorist,2112.347,-324.6091,293.0313,CZ,100,0,0,0,0,False,False,False,132.1875,10.89844
JW,CounterTerrorist,2112.347,-324.6091,293.0313,CZ,100,0,0,0,0,False,False,False,132.1875,10.89844
JW,CounterTerrorist,2112.347,-324.6091,293.0313,CZ,100,0,0,0,0,False,False,False,132.1875,10.89844
JW,CounterTerrorist,2112.347,-324.6091,293.0313,CZ,100,0,0,0,0,False,False,False,131.8359,10.89844
JW,CounterTerrorist,2112.347,-324.6091,293.0313,CZ,100,0,0,0,0,False,False,False,131.8359,10.89844
JW,CounterTerrorist,2112.347,-324.6091,293.0313,CZ,100,0,0,0,0,False,False,False,131.8359,10.89844
JW,CounterTerrorist,2112.347,-324.6091,293.0313,CZ,100,0,0,0,0,False,False,False,131.8359,10.89844
JW,CounterTerrorist,2112.347,-324.6091,293.0313,CZ,100,0,0,0,0,False,False,False,131.8359,10.89844
JW,CounterTerrorist,2112.347,-324.6091,293.0313,CZ,100,0,0,0,0,False,False,False,131.4844,10.89844
JW,CounterTerrorist,2112.347,-324.6091,293.0313,CZ,100,0,0,0,0,False,False,False,131.4844,10.89844
JW,CounterTerrorist,2112.347,-324.6091,293.0313,CZ,100,0,0,0,0,False,False,False,131.4844,10.89844
JW,CounterTerrorist,2112.347,-324.6091,293.0313,CZ,100,0,0,0,0,False,False,False,131.4844,10.89844
JW,CounterTerrorist,2112.347,-324.6091,293.0313,CZ,100,0,0,0,0,False,False,False,131.4844,10.89844
JW,CounterTerrorist,2112.347,-324.6091,293.0313,CZ,100,0,0,0,0,False,False,False,131.4844,10.89844
JW,CounterTerrorist,2112.347,-324.6091,293.0313,CZ,100,0,0,0,0,False,False,False,131.4844,10.89844
JW,CounterTerrorist,2112.347,-324.6091,293.0313,CZ,100,0,0,0,0,False,False,False,131.8359,10.89844
JW,CounterTerrorist,2112.347,-324.6091,293.0313,CZ,100,0,0,0,0,False,False,False,131.4844,10.89844
JW,CounterTerrorist,2112.347,-324.6091,293.0313,CZ,100,0,0,0,0,False,False,False,131.4844,10.89844
JW,CounterTerrorist,2112.347,-324.6091,293.0313,CZ,100,0,0,0,0,False,False,False,131.4844,10.89844
JW,CounterTerrorist,2112.347,-324.6091,293.0313,CZ,100,0,0,0,0,False,False,False,131.4844,11.25
JW,CounterTerrorist,2112.347,-324.6091,293.0313,CZ,100,0,0,0,0,False,False,False,131.4844,11.25
JW,CounterTerrorist,2112.347,-324.6091,293.0313,CZ,100,0,0,0,0,False,False,False,131.4844,11.25
JW,CounterTerrorist,2112.347,-324.6091,293.0313,CZ,100,0,0,0,0,False,False,False,131.4844,11.25
JW,CounterTerrorist,2112.347,-324.6091,293.0313,CZ,100,0,0,0,0,False,False,False,131.4844,11.25
JW,CounterTerrorist,2112.347,-324.6091,293.0313,CZ,100,0,0,0,0,False,False,False,131.4844,11.25
JW,CounterTerrorist,2112.347,-324.6091,293.0313,CZ,100,0,0,0,0,False,False,False,131.4844,11.25
JW,CounterTerrorist,2112.347,-324.6091,293.0313,CZ,100,0,0,0,0,False,False,False,131.4844,11.25
JW,CounterTerrorist,2112.347,-324.6091,293.0313,CZ,100,0,0,0,0,False,False,False,131.4844,11.25
JW,CounterTerrorist,2112.347,-324.6091,293.0313,CZ,100,0,0,0,0,False,False,False,131.4844,11.25
JW,CounterTerrorist,2112.347,-324.6091,293.0313,CZ,100,0,0,0,0,False,False,False,131.4844,11.25
JW,CounterTerrorist,2112.347,-324.6091,293.0313,CZ,100,0,0,0,0,False,False,False,131.4844,11.25
JW,CounterTerrorist,2112.347,-324.6091,293.0313,CZ,100,0,0,0,0,False,False,False,131.4844,11.25
JW,CounterTerrorist,2112.347,-324.6091,293.0313,CZ,100,0,0,0,0,False,False,False,131.4844,11.25
JW,CounterTerrorist,2112.347,-324.6091,293.0313,CZ,100,0,0,0,0,False,False,False,131.4844,11.25
JW,CounterTerrorist,2112.347,-324.6091,293.0313,CZ,100,0,0,0,0,False,False,False,131.4844,11.25
JW,CounterTerrorist,2112.347,-324.6091,293.0313,CZ,100,0,0,0,0,False,False,False,131.4844,11.25
JW,CounterTerrorist,2112.347,-324.6091,293.0313,CZ,100,0,0,0,0,False,False,False,131.4844,11.25
JW,CounterTerrorist,2112.347,-324.6091,293.0313,CZ,100,0,0,0,0,False,False,False,131.4844,11.25
JW,CounterTerrorist,2112.347,-324.6091,293.0313,CZ,100,0,0,0,0,False,False,False,131.4844,11.25
JW,CounterTerrorist,2112.347,-324.6091,293.0313,CZ,100,0,0,0,0,False,False,False,131.4844,11.25
JW,CounterTerrorist,2112.347,-324.6091,293.0313,CZ,100,0,0,0,0,False,False,False,131.4844,11.25
JW,CounterTerrorist,2112.347,-324.6091,293.0313,CZ,100,0,0,0,0,False,False,False,131.4844,11.25
JW,CounterTerrorist,2112.347,-324.6091,293.0313,CZ,100,0,0,0,0,False,False,False,131.4844,11.25
JW,CounterTerrorist,2112.347,-324.6091,293.0313,CZ,100,0,0,0,0,False,False,False,131.4844,11.25
JW,CounterTerrorist,2112.347,-324.6091,293.0313,CZ,100,0,0,0,0,False,False,False,131.4844,11.25
JW,CounterTerrorist,2112.347,-324.6091,293.0313,CZ,100,0,0,0,0,False,False,False,131.4844,11.25
JW,CounterTerrorist,2112.347,-324.6091,293.0313,CZ,100,0,0,0,0,False,False,False,131.4844,11.25
JW,CounterTerrorist,2112.347,-324.6091,293.0313,CZ,100,0,0,0,0,False,False,False,131.4844,11.25
JW,CounterTerrorist,2112.347,-324.6091,293.0313,CZ,100,0,0,0,0,False,False,False,131.4844,11.25
JW,CounterTerrorist,2112.347,-324.6091,293.0313,CZ,100,0,0,0,0,False,False,False,131.4844,11.25
JW,CounterTerrorist,2112.347,-324.6091,293.0313,CZ,100,0,0,0,0,False,False,False,131.4844,11.25
JW,CounterTerrorist,2112.347,-324.6091,293.0313,CZ,100,0,0,0,0,False,False,False,131.4844,11.25
JW,CounterTerrorist,2112.347,-324.6091,293.0313,CZ,100,0,0,0,0,False,False,False,131.4844,11.25
JW,CounterTerrorist,2112.347,-324.6091,293.0313,CZ,100,0,0,0,0,False,False,False,131.4844,11.25
JW,CounterTerrorist,2112.347,-324.6091,293.0313,CZ,100,0,0,0,0,False,False,False,131.4844,11.25
JW,CounterTerrorist,2112.347,-324.6091,293.0313,CZ,100,0,0,0,0,False,False,False,131.1328,11.60156
JW,CounterTerrorist,2112.347,-324.6091,293.0313,CZ,100,0,0,0,0,False,False,False,131.1328,11.60156
JW,CounterTerrorist,2112.347,-324.6091,293.0313,CZ,100,0,0,0,0,False,False,False,131.1328,11.60156
JW,CounterTerrorist,2112.347,-324.6091,293.0313,CZ,100,0,0,0,0,False,False,False,131.1328,11.95313
JW,CounterTerrorist,2112.347,-324.6091,293.0313,CZ,100,0,0,0,0,False,False,False,131.1328,11.95313
JW,CounterTerrorist,2112.347,-324.6091,293.0313,CZ,100,0,0,0,0,False,False,False,131.1328,12.30469
JW,CounterTerrorist,2112.347,-324.6091,293.0313,CZ,100,0,0,0,0,False,False,False,131.1328,12.30469
JW,CounterTerrorist,2112.347,-324.6091,293.0313,CZ,100,0,0,0,0,False,False,False,131.1328,12.30469
JW,CounterTerrorist,2112.347,-324.6091,293.0313,CZ,100,0,0,0,0,False,False,False,131.1328,12.30469
JW,CounterTerrorist,2112.347,-324.6091,293.0313,CZ,100,0,0,0,0,False,False,False,131.1328,12.30469
JW,CounterTerrorist,2112.347,-324.6091,293.0313,CZ,100,0,0,0,0,False,False,False,131.1328,12.30469
JW,CounterTerrorist,2112.347,-324.6091,293.0313,CZ,100,0,0,0,0,False,False,False,131.1328,12.30469
JW,CounterTerrorist,2112.347,-324.6091,293.0313,CZ,100,0,0,0,0,False,False,False,131.1328,12.30469
JW,CounterTerrorist,2112.347,-324.6091,293.0313,CZ,100,0,0,0,0,False,False,False,131.1328,12.30469
JW,CounterTerrorist,2112.347,-324.6091,293.0313,CZ,100,0,0,0,0,False,False,False,131.1328,12.30469
JW,CounterTerrorist,2112.347,-324.6091,293.0313,CZ,100,0,0,0,0,False,False,False,131.1328,12.30469
JW,CounterTerrorist,2112.347,-324.6091,293.0313,CZ,100,0,0,0,0,False,False,False,131.1328,12.30469
JW,CounterTerrorist,2112.347,-324.6091,293.0313,CZ,100,0,0,0,0,False,False,False,131.1328,12.30469
JW,CounterTerrorist,2112.347,-324.6091,293.0313,CZ,100,0,0,0,0,False,False,False,131.1328,12.30469
JW,CounterTerrorist,2112.347,-324.6091,293.0313,CZ,100,0,0,0,0,False,False,False,131.1328,12.30469
JW,CounterTerrorist,2112.347,-324.6091,293.0313,CZ,100,0,0,0,0,False,False,False,131.1328,12.30469
JW,CounterTerrorist,2112.347,-324.6091,293.0313,CZ,100,0,0,0,0,False,False,False,131.1328,12.30469
JW,CounterTerrorist,2112.347,-324.6091,293.0313,CZ,100,0,0,0,0,False,False,False,131.1328,12.30469
JW,CounterTerrorist,2112.347,-324.6091,293.0313,CZ,100,0,0,0,0,False,False,False,131.1328,12.30469
JW,CounterTerrorist,2112.347,-324.6091,293.0313,CZ,100,0,0,0,0,False,False,False,131.1328,12.30469
JW,CounterTerrorist,2112.347,-324.6091,293.0313,CZ,100,0,0,0,0,False,False,False,131.1328,12.30469
JW,CounterTerrorist,2112.347,-324.6091,293.0313,CZ,100,0,0,0,0,False,False,False,131.1328,12.30469
JW,CounterTerrorist,2112.347,-324.6091,293.0313,CZ,100,0,0,0,0,False,False,False,131.1328,12.30469
JW,CounterTerrorist,2112.347,-324.6091,293.0313,CZ,100,0,0,0,0,False,False,False,131.1328,12.30469
JW,CounterTerrorist,2112.347,-324.6091,293.0313,CZ,100,0,0,0,0,False,False,False,131.1328,12.30469
JW,CounterTerrorist,2112.347,-324.6091,293.0313,CZ,100,0,0,0,0,False,False,False,131.1328,12.30469
JW,CounterTerrorist,2112.347,-324.6091,293.0313,CZ,100,0,0,0,0,False,False,False,131.1328,12.65625
JW,CounterTerrorist,2112.347,-324.6091,293.0313,CZ,100,0,0,0,0,False,False,False,131.1328,12.65625
JW,CounterTerrorist,2112.347,-324.6091,293.0313,CZ,100,0,0,0,0,False,False,False,131.1328,12.65625
JW,CounterTerrorist,2112.347,-324.6091,293.0313,CZ,100,0,0,0,0,False,False,False,131.1328,12.65625
JW,CounterTerrorist,2112.347,-324.6091,293.0313,CZ,100,0,0,0,0,False,False,False,131.1328,12.65625
JW,CounterTerrorist,2112.347,-324.6091,293.0313,CZ,100,0,0,0,0,False,False,False,131.1328,12.65625
JW,CounterTerrorist,2112.347,-324.6091,293.0313,CZ,100,0,0,0,0,False,False,False,131.1328,12.65625
JW,CounterTerrorist,2112.347,-324.6091,293.0313,CZ,100,0,0,0,0,False,False,False,131.1328,12.65625
JW,CounterTerrorist,2112.347,-324.6091,293.0313,CZ,100,0,0,0,0,False,False,False,131.1328,12.65625
JW,CounterTerrorist,2112.347,-324.6091,293.0313,CZ,100,0,0,0,0,False,False,False,131.1328,12.65625
JW,CounterTerrorist,2112.347,-324.6091,293.0313,CZ,100,0,0,0,0,False,False,False,131.1328,12.65625
JW,CounterTerrorist,2112.347,-324.6091,293.0313,CZ,100,0,0,0,0,False,False,False,130.7813,12.65625
JW,CounterTerrorist,2112.005,-324.8957,293.0313,CZ,100,0,-13.27635,-10.91368,0,False,False,False,128.6719,13.35938
JW,CounterTerrorist,2111.208,-325.5131,293.0313,CZ,100,0,-25.30071,-18.82401,0,False,False,False,123.3984,14.0625
JW,CounterTerrorist,2109.911,-326.3909,293.0313,CZ,100,0,-38.62408,-24.56311,0,False,False,False,116.0156,14.76563
JW,CounterTerrorist,2108.069,-327.4335,293.0313,CZ,100,0,-52.96317,-27.82697,0,False,False,False,108.9844,15.11719
JW,CounterTerrorist,2106.082,-328.438,293.0313,CZ,100,0,-45.85013,-23.17716,0,False,False,False,105.4687,15.11719
JW,CounterTerrorist,2105.219,-329.0024,293.0313,CZ,100,0,-6.521662,-8.179336,0,False,False,False,105.8203,15.11719
JW,CounterTerrorist,2105.525,-328.9667,293.0313,CZ,100,0,13.59097,4.123845,0,False,False,False,109.3359,14.76563
JW,CounterTerrorist,2105.739,-328.9016,293.0313,CZ,100,0,0,0,0,False,False,False,114.9609,14.41406
JW,CounterTerrorist,2105.739,-328.9016,293.0313,CZ,100,0,0,0,0,False,False,False,120.5859,14.0625
JW,CounterTerrorist,2105.739,-328.9016,293.0313,CZ,100,0,0,0,0,False,False,False,126.9141,13.35938
JW,CounterTerrorist,2105.773,-328.8733,293.0313,CZ,100,0,4.383884,3.623426,0,False,False,False,129.7266,12.65625
JW,CounterTerrorist,2106.204,-328.5162,293.0313,CZ,100,0,15.4393,12.81137,0,False,False,False,129.7266,12.65625
JW,CounterTerrorist,2106.964,-327.8869,293.0313,CZ,100,0,17.77723,14.69167,0,False,False,False,129.375,12.30469
JW,CounterTerrorist,2107.405,-327.5229,293.0313,CZ,100,0,6.937416,5.7333,0,False,False,False,129.375,12.30469
JW,CounterTerrorist,2107.462,-327.4754,293.0313,CZ,100,0,0,0,0,False,False,False,129.375,12.30469
JW,CounterTerrorist,2107.462,-327.4754,293.0313,CZ,100,0,0,0,0,False,False,False,129.375,12.30469
JW,CounterTerrorist,2107.462,-327.4754,293.0313,CZ,100,0,0,0,0,False,False,False,129.375,12.30469
JW,CounterTerrorist,2107.462,-327.4754,293.0313,CZ,100,0,0,0,0,False,False,False,129.375,12.30469
JW,CounterTerrorist,2107.462,-327.4754,293.0313,CZ,100,0,0,0,0,False,False,False,129.375,12.30469
JW,CounterTerrorist,2107.462,-327.4754,293.0313,CZ,100,0,0,0,0,False,False,False,129.375,12.30469
JW,CounterTerrorist,2107.462,-327.4754,293.0313,CZ,100,0,0,0,0,False,False,False,129.375,12.30469
JW,CounterTerrorist,2107.462,-327.4754,293.0313,CZ,100,0,0,0,0,False,False,False,129.375,12.30469
JW,CounterTerrorist,2107.462,-327.4754,293.0313,CZ,100,0,0,0,0,False,False,False,129.375,12.30469
JW,CounterTerrorist,2107.462,-327.4754,293.0313,CZ,100,0,0,0,0,False,False,False,129.375,12.30469
JW,CounterTerrorist,2107.462,-327.4754,293.0313,CZ,100,0,0,0,0,False,False,False,129.375,12.30469
JW,CounterTerrorist,2107.462,-327.4754,293.0313,CZ,100,0,0,0,0,False,False,False,129.375,12.30469
JW,CounterTerrorist,2107.462,-327.4754,293.0313,CZ,100,0,0,0,0,False,False,False,129.375,12.30469
JW,CounterTerrorist,2107.462,-327.4754,293.0313,CZ,100,0,0,0,0,False,False,False,129.375,12.30469
JW,CounterTerrorist,2107.462,-327.4754,293.0313,CZ,100,0,0,0,0,False,False,False,129.375,12.30469
JW,CounterTerrorist,2107.462,-327.4754,293.0313,CZ,100,0,0,0,0,False,False,False,129.375,12.30469
JW,CounterTerrorist,2107.462,-327.4754,293.0313,CZ,100,0,0,0,0,False,False,False,129.375,12.30469
JW,CounterTerrorist,2107.462,-327.4754,293.0313,CZ,100,0,0,0,0,False,False,False,129.375,12.30469
JW,CounterTerrorist,2107.462,-327.4754,293.0313,CZ,100,0,0,0,0,False,False,False,129.375,12.30469
JW,CounterTerrorist,2107.462,-327.4754,293.0313,CZ,100,0,0,0,0,False,False,False,129.375,12.30469
JW,CounterTerrorist,2107.462,-327.4754,293.0313,CZ,100,0,0,0,0,False,False,False,129.375,12.30469
JW,CounterTerrorist,2107.617,-327.3482,293.0313,CZ,100,0,8.846641,7.249367,0,False,False,False,129.375,12.30469
JW,CounterTerrorist,2108.189,-326.8796,293.0313,CZ,100,0,15.56622,12.75572,0,False,False,False,129.375,12.30469
JW,CounterTerrorist,2108.542,-326.5903,293.0313,CZ,100,0,4.689202,3.842559,0,False,False,False,129.375,12.30469
JW,CounterTerrorist,2108.562,-326.5742,293.0313,CZ,100,0,0,0,0,False,False,False,129.375,12.30469
JW,CounterTerrorist,2108.562,-326.5742,293.0313,CZ,100,0,0,0,0,False,False,False,129.375,12.30469
JW,CounterTerrorist,2108.562,-326.5742,293.0313,CZ,100,0,0,0,0,False,False,False,129.375,12.30469
JW,CounterTerrorist,2108.562,-326.5742,293.0313,CZ,100,0,0,0,0,False,False,False,129.375,12.30469
JW,CounterTerrorist,2108.562,-326.5742,293.0313,CZ,100,0,0,0,0,False,False,False,129.375,12.30469
JW,CounterTerrorist,2108.562,-326.5742,293.0313,CZ,100,0,0,0,0,False,False,False,129.375,12.30469
JW,CounterTerrorist,2108.717,-326.447,293.0313,CZ,100,0,8.846641,7.249367,0,False,False,False,129.375,12.30469
JW,CounterTerrorist,2109.323,-325.9503,293.0313,CZ,100,0,19.96537,16.36059,0,False,False,False,129.375,12.30469
JW,CounterTerrorist,2110.02,-325.3793,293.0313,CZ,100,0,13.4875,11.05231,0,False,False,False,129.375,12.30469
JW,CounterTerrorist,2110.272,-325.1732,293.0313,CZ,100,0,4.785886,3.921786,0,False,False,False,129.7266,12.30469
JW,CounterTerrorist,2110.292,-325.1565,293.0313,CZ,100,0,0,0,0,False,False,False,129.7266,12.30469
JW,CounterTerrorist,2110.292,-325.1565,293.0313,CZ,100,0,0,0,0,False,False,False,129.7266,12.30469
JW,CounterTerrorist,2110.292,-325.1565,293.0313,CZ,100,0,0,0,0,False,False,False,129.7266,12.30469
JW,CounterTerrorist,2110.292,-325.1565,293.0313,CZ,100,0,0,0,0,False,False,False,129.7266,12.30469
JW,CounterTerrorist,2110.292,-325.1565,293.0313,CZ,100,0,0,0,0,False,False,False,129.7266,12.30469
JW,CounterTerrorist,2110.292,-325.1565,293.0313,CZ,100,0,0,0,0,False,False,False,129.7266,12.30469
JW,CounterTerrorist,2110.292,-325.1565,293.0313,CZ,100,0,0,0,0,False,False,False,129.7266,12.30469
JW,CounterTerrorist,2110.292,-325.1565,293.0313,CZ,100,0,0,0,0,False,False,False,129.7266,12.30469
JW,CounterTerrorist,2110.292,-325.1565,293.0313,CZ,100,0,0,0,0,False,False,False,129.7266,12.30469
JW,CounterTerrorist,2110.292,-325.1565,293.0313,CZ,100,0,0,0,0,False,False,False,129.7266,12.30469
JW,CounterTerrorist,2110.292,-325.1565,293.0313,CZ,100,0,0,0,0,False,False,False,129.7266,12.30469
JW,CounterTerrorist,2110.292,-325.1565,293.0313,CZ,100,0,0,0,0,False,False,False,129.7266,12.30469
JW,CounterTerrorist,2110.292,-325.1565,293.0313,CZ,100,0,0,0,0,False,False,False,129.7266,12.30469
JW,CounterTerrorist,2110.292,-325.1565,293.0313,CZ,100,0,0,0,0,False,False,False,129.7266,12.30469
JW,CounterTerrorist,2110.292,-325.1565,293.0313,CZ,100,0,0,0,0,False,False,False,129.7266,12.30469
JW,CounterTerrorist,2110.292,-325.1565,293.0313,CZ,100,0,0,0,0,False,False,False,129.7266,12.30469
JW,CounterTerrorist,2110.292,-325.1565,293.0313,CZ,100,0,0,0,0,False,False,False,129.7266,12.30469
JW,CounterTerrorist,2110.292,-325.1565,293.0313,CZ,100,0,0,0,0,False,False,False,129.7266,12.30469
JW,CounterTerrorist,2110.292,-325.1565,293.0313,CZ,100,0,0,0,0,False,False,False,129.7266,12.30469
JW,CounterTerrorist,2110.292,-325.1565,293.0313,CZ,100,0,0,0,0,False,False,False,129.7266,12.30469
JW,CounterTerrorist,2110.292,-325.1565,293.0313,CZ,100,0,0,0,0,False,False,False,129.7266,12.30469
JW,CounterTerrorist,2110.292,-325.1565,293.0313,CZ,100,0,0,0,0,False,False,False,129.7266,12.30469
JW,CounterTerrorist,2110.292,-325.1565,293.0313,CZ,100,0,0,0,0,False,False,False,129.7266,12.30469
JW,CounterTerrorist,2110.292,-325.1565,293.0313,CZ,100,0,0,0,0,False,False,False,129.7266,12.30469
JW,CounterTerrorist,2110.292,-325.1565,293.0313,CZ,100,0,0,0,0,False,False,False,129.7266,12.30469
JW,CounterTerrorist,2110.292,-325.1565,293.0313,CZ,100,0,0,0,0,False,False,False,129.7266,12.30469
JW,CounterTerrorist,2110.292,-325.1565,293.0313,CZ,100,0,0,0,0,False,False,False,129.7266,12.30469
JW,CounterTerrorist,2110.292,-325.1565,293.0313,CZ,100,0,0,0,0,False,False,False,129.7266,12.30469
JW,CounterTerrorist,2110.292,-325.1565,293.0313,CZ,100,0,0,0,0,False,False,False,129.7266,12.30469
JW,CounterTerrorist,2110.292,-325.1565,293.0313,CZ,100,0,0,0,0,False,False,False,130.0781,12.30469
JW,CounterTerrorist,2110.292,-325.1565,293.0313,CZ,100,0,0,0,0,False,False,False,130.0781,12.30469
JW,CounterTerrorist,2110.292,-325.1565,293.0313,CZ,100,0,0,0,0,False,False,False,130.0781,12.30469
JW,CounterTerrorist,2110.292,-325.1565,293.0313,CZ,100,0,0,0,0,False,False,False,130.0781,12.30469
JW,CounterTerrorist,2110.292,-325.1565,293.0313,CZ,100,0,0,0,0,False,False,False,130.0781,12.30469
JW,CounterTerrorist,2110.292,-325.1565,293.0313,CZ,100,0,0,0,0,False,False,False,130.0781,12.30469
JW,CounterTerrorist,2110.292,-325.1565,293.0313,CZ,100,0,0,0,0,False,False,False,130.0781,12.30469
JW,CounterTerrorist,2110.292,-325.1565,293.0313,CZ,100,0,0,0,0,False,False,False,130.0781,12.30469
JW,CounterTerrorist,2110.292,-325.1565,293.0313,CZ,100,0,0,0,0,False,False,False,130.0781,12.30469
JW,CounterTerrorist,2110.292,-325.1565,293.0313,CZ,100,0,0,0,0,False,False,False,130.0781,12.30469
JW,CounterTerrorist,2110.292,-325.1565,293.0313,CZ,100,0,0,0,0,False,False,False,130.0781,12.30469
JW,CounterTerrorist,2110.292,-325.1565,293.0313,CZ,100,0,0,0,0,False,False,False,130.0781,12.30469
JW,CounterTerrorist,2110.292,-325.1565,293.0313,CZ,100,0,0,0,0,False,False,False,130.0781,12.30469
JW,CounterTerrorist,2110.292,-325.1565,293.0313,CZ,100,0,0,0,0,False,False,False,130.0781,12.30469
JW,CounterTerrorist,2110.292,-325.1565,293.0313,CZ,100,0,0,0,0,False,False,False,130.0781,12.30469
JW,CounterTerrorist,2110.292,-325.1565,293.0313,CZ,100,0,0,0,0,False,False,False,130.0781,12.30469
JW,CounterTerrorist,2110.292,-325.1565,293.0313,CZ,100,0,0,0,0,False,False,False,130.0781,12.30469
JW,CounterTerrorist,2110.292,-325.1565,293.0313,CZ,100,0,0,0,0,False,False,False,130.0781,12.30469
JW,CounterTerrorist,2110.292,-325.1565,293.0313,CZ,100,0,0,0,0,False,False,False,130.0781,12.30469
JW,CounterTerrorist,2110.292,-325.1565,293.0313,CZ,100,0,0,0,0,False,False,False,130.0781,12.30469
JW,CounterTerrorist,2110.292,-325.1565,293.0313,CZ,100,0,0,0,0,False,False,False,130.0781,12.30469
JW,CounterTerrorist,2110.292,-325.1565,293.0313,CZ,100,0,0,0,0,False,False,False,130.0781,12.30469
JW,CounterTerrorist,2110.292,-325.1565,293.0313,CZ,100,0,0,0,0,False,False,False,130.0781,12.30469
JW,CounterTerrorist,2110.292,-325.1565,293.0313,CZ,100,0,0,0,0,False,False,False,130.0781,12.30469
JW,CounterTerrorist,2110.292,-325.1565,293.0313,CZ,100,0,0,0,0,False,False,False,130.0781,12.30469
JW,CounterTerrorist,2110.292,-325.1565,293.0313,CZ,100,0,0,0,0,False,False,False,130.0781,12.30469
JW,CounterTerrorist,2110.292,-325.1565,293.0313,CZ,100,0,0,0,0,False,False,False,130.0781,12.30469
JW,CounterTerrorist,2110.292,-325.1565,293.0313,CZ,100,0,0,0,0,False,False,False,130.0781,12.30469
JW,CounterTerrorist,2110.292,-325.1565,293.0313,CZ,100,0,0,0,0,False,False,False,130.0781,12.30469
JW,CounterTerrorist,2110.292,-325.1565,293.0313,CZ,100,0,0,0,0,False,False,False,130.0781,12.30469
JW,CounterTerrorist,2110.292,-325.1565,293.0313,CZ,100,0,0,0,0,False,False,False,130.0781,12.30469
JW,CounterTerrorist,2110.292,-325.1565,293.0313,CZ,100,0,0,0,0,False,False,False,130.0781,12.30469
JW,CounterTerrorist,2110.292,-325.1565,293.0313,CZ,100,0,0,0,0,False,False,False,130.0781,12.30469
JW,CounterTerrorist,2110.292,-325.1565,293.0313,CZ,100,0,0,0,0,False,False,False,130.0781,12.30469
JW,CounterTerrorist,2110.292,-325.1565,293.0313,CZ,100,0,0,0,0,False,False,False,130.0781,12.30469
JW,CounterTerrorist,2110.292,-325.1565,293.0313,CZ,100,0,0,0,0,False,False,False,130.0781,12.30469
JW,CounterTerrorist,2110.292,-325.1565,293.0313,CZ,100,0,0,0,0,False,False,False,130.0781,12.30469
JW,CounterTerrorist,2110.292,-325.1565,293.0313,CZ,100,0,0,0,0,False,False,False,130.0781,12.30469
JW,CounterTerrorist,2110.292,-325.1565,293.0313,CZ,100,0,0,0,0,False,False,False,130.0781,12.30469
JW,CounterTerrorist,2110.292,-325.1565,293.0313,CZ,100,0,0,0,0,False,False,False,130.0781,12.30469
JW,CounterTerrorist,2110.292,-325.1565,293.0313,CZ,100,0,0,0,0,False,False,False,130.0781,12.30469
JW,CounterTerrorist,2110.292,-325.1565,293.0313,CZ,100,0,0,0,0,False,False,False,130.0781,12.30469
JW,CounterTerrorist,2110.292,-325.1565,293.0313,CZ,100,0,0,0,0,False,False,False,130.0781,12.30469
JW,CounterTerrorist,2110.292,-325.1565,293.0313,CZ,100,0,0,0,0,False,False,False,130.0781,12.30469
JW,CounterTerrorist,2110.292,-325.1565,293.0313,CZ,100,0,0,0,0,False,False,False,130.0781,12.30469
JW,CounterTerrorist,2110.292,-325.1565,293.0313,CZ,100,0,0,0,0,False,False,False,130.0781,12.30469
JW,CounterTerrorist,2110.292,-325.1565,293.0313,CZ,100,0,0,0,0,False,False,False,130.0781,12.65625
JW,CounterTerrorist,2110.292,-325.1565,293.0313,CZ,100,0,0,0,0,False,False,False,130.0781,13.00781
JW,CounterTerrorist,2110.292,-325.1565,293.0313,CZ,100,0,0,0,0,False,False,False,130.0781,13.71094
JW,CounterTerrorist,2110.292,-325.1565,293.0313,CZ,100,0,0,0,0,False,False,False,130.0781,14.0625
JW,CounterTerrorist,2110.292,-325.1565,293.0313,CZ,100,0,0,0,0,False,False,False,130.0781,14.0625
JW,CounterTerrorist,2110.292,-325.1565,293.0313,CZ,100,0,0,0,0,False,False,False,130.0781,14.41406
JW,CounterTerrorist,2110.292,-325.1565,293.0313,CZ,100,0,0,0,0,False,False,False,130.0781,14.76563
JW,CounterTerrorist,2110.292,-325.1565,293.0313,CZ,100,0,0,0,0,False,False,False,130.0781,14.76563
JW,CounterTerrorist,2110.292,-325.1565,293.0313,CZ,100,0,0,0,0,False,False,False,130.0781,15.11719
JW,CounterTerrorist,2110.292,-325.1565,293.0313,CZ,100,0,0,0,0,False,False,False,130.0781,15.46875
JW,CounterTerrorist,2110.292,-325.1565,293.0313,CZ,100,0,0,0,0,False,False,False,130.0781,15.46875
JW,CounterTerrorist,2110.292,-325.1565,293.0313,CZ,100,0,0,0,0,False,False,False,130.0781,15.82031
JW,CounterTerrorist,2110.292,-325.1565,293.0313,CZ,100,0,0,0,0,False,False,False,130.0781,15.82031
JW,CounterTerrorist,2110.292,-325.1565,293.0313,CZ,100,0,0,0,0,False,False,False,130.0781,15.82031
JW,CounterTerrorist,2110.292,-325.1565,293.0313,CZ,100,0,0,0,0,False,False,False,130.0781,15.82031
JW,CounterTerrorist,2110.292,-325.1565,293.0313,CZ,100,0,0,0,0,False,False,False,130.0781,16.17188
JW,CounterTerrorist,2110.292,-325.1565,293.0313,CZ,100,0,0,0,0,False,False,False,130.0781,16.17188
JW,CounterTerrorist,2110.292,-325.1565,293.0313,CZ,100,0,0,0,0,False,False,False,130.0781,16.17188
JW,CounterTerrorist,2110.292,-325.1565,293.0313,CZ,100,0,0,0,0,False,False,False,130.0781,16.17188
JW,CounterTerrorist,2110.292,-325.1565,293.0313,CZ,100,0,0,0,0,False,False,False,130.0781,16.17188
JW,CounterTerrorist,2110.292,-325.1565,293.0313,CZ,100,0,0,0,0,False,False,False,130.0781,16.17188
JW,CounterTerrorist,2110.292,-325.1565,293.0313,CZ,100,0,0,0,0,False,False,False,130.0781,16.17188
JW,CounterTerrorist,2110.292,-325.1565,293.0313,CZ,100,0,0,0,0,False,False,False,130.0781,16.17188
JW,CounterTerrorist,2110.292,-325.1565,293.0313,CZ,100,0,0,0,0,False,False,False,130.0781,16.17188
JW,CounterTerrorist,2110.292,-325.1565,293.0313,CZ,100,0,0,0,0,False,False,False,130.0781,16.17188
JW,CounterTerrorist,2110.292,-325.1565,293.0313,CZ,100,0,0,0,0,False,False,False,130.0781,16.17188
JW,CounterTerrorist,2110.292,-325.1565,293.0313,CZ,100,0,0,0,0,False,False,False,130.0781,16.17188
JW,CounterTerrorist,2110.292,-325.1565,293.0313,CZ,100,0,0,0,0,False,False,False,130.0781,16.17188
JW,CounterTerrorist,2110.292,-325.1565,293.0313,CZ,100,0,0,0,0,False,False,False,130.0781,16.17188
JW,CounterTerrorist,2110.292,-325.1565,293.0313,CZ,100,0,0,0,0,False,False,False,130.0781,16.17188
JW,CounterTerrorist,2110.292,-325.1565,293.0313,CZ,100,0,0,0,0,False,False,False,130.0781,16.52344
JW,CounterTerrorist,2110.292,-325.1565,293.0313,CZ,100,0,0,0,0,False,False,False,130.0781,16.52344
JW,CounterTerrorist,2110.292,-325.1565,293.0313,CZ,100,0,0,0,0,False,False,False,130.0781,16.52344
JW,CounterTerrorist,2110.292,-325.1565,293.0313,CZ,100,0,0,0,0,False,False,False,130.0781,16.52344
JW,CounterTerrorist,2110.292,-325.1565,293.0313,CZ,100,0,0,0,0,False,False,False,130.0781,16.52344
JW,CounterTerrorist,2110.292,-325.1565,293.0313,CZ,100,0,0,0,0,False,False,False,130.0781,16.52344
JW,CounterTerrorist,2110.292,-325.1565,293.0313,CZ,100,0,0,0,0,False,False,False,130.0781,16.52344
JW,CounterTerrorist,2110.292,-325.1565,293.0313,CZ,100,0,0,0,0,False,False,False,130.0781,16.52344
JW,CounterTerrorist,2110.292,-325.1565,293.0313,CZ,100,0,0,0,0,False,False,False,130.0781,16.52344
JW,CounterTerrorist,2110.292,-325.1565,293.0313,CZ,100,0,0,0,0,False,False,False,130.0781,16.52344
JW,CounterTerrorist,2110.292,-325.1565,293.0313,CZ,100,0,0,0,0,False,False,False,130.0781,16.52344
JW,CounterTerrorist,2110.292,-325.1565,293.0313,CZ,100,0,0,0,0,False,False,False,130.0781,16.52344
JW,CounterTerrorist,2110.292,-325.1565,293.0313,CZ,100,0,0,0,0,False,False,False,130.0781,16.52344
JW,CounterTerrorist,2110.292,-325.1565,293.0313,CZ,100,0,0,0,0,False,False,False,130.0781,16.52344
JW,CounterTerrorist,2110.292,-325.1565,293.0313,CZ,100,0,0,0,0,False,False,False,130.0781,16.52344
JW,CounterTerrorist,2110.292,-325.1565,293.0313,CZ,100,0,0,0,0,False,False,False,130.0781,16.52344
JW,CounterTerrorist,2110.292,-325.1565,293.0313,CZ,100,0,0,0,0,False,False,False,130.0781,16.52344
JW,CounterTerrorist,2110.292,-325.1565,293.0313,CZ,100,0,0,0,0,False,False,False,130.0781,16.52344
JW,CounterTerrorist,2110.292,-325.1565,293.0313,CZ,100,0,0,0,0,False,False,False,130.0781,16.52344
JW,CounterTerrorist,2110.292,-325.1565,293.0313,CZ,100,0,0,0,0,False,False,False,130.0781,16.52344
JW,CounterTerrorist,2110.292,-325.1565,293.0313,CZ,100,0,0,0,0,False,False,False,130.0781,16.52344
JW,CounterTerrorist,2110.292,-325.1565,293.0313,CZ,100,0,0,0,0,False,False,False,130.0781,16.52344
JW,CounterTerrorist,2110.292,-325.1565,293.0313,CZ,100,0,0,0,0,False,False,False,130.0781,16.52344
JW,CounterTerrorist,2110.264,-325.1225,293.0313,CZ,100,0,-3.667678,4.346929,0,False,False,False,130.0781,16.52344
JW,CounterTerrorist,2109.903,-324.6952,293.0313,CZ,100,0,-12.93763,15.33367,0,False,False,False,130.0781,16.52344
JW,CounterTerrorist,2109.18,-323.8387,293.0313,CZ,100,0,-22.20391,26.32351,0,False,False,False,130.0781,16.52344
JW,CounterTerrorist,2108.06,-322.61,293.0313,CZ,100,0,-34.77048,31.80693,0,False,False,False,128.3203,16.52344
JW,CounterTerrorist,2106.705,-321.6855,293.0313,CZ,100,0,-48.27324,28.76582,0,False,False,False,123.0469,17.22656
JW,CounterTerrorist,2104.466,-320.5439,293.0313,CZ,100,0,-63.11292,30.23142,0,False,False,False,114.9609,17.57813
JW,CounterTerrorist,2101.066,-319.6112,293.0313,CZ,100,0,-79.19612,13.84416,0,False,False,False,105.4687,17.57813
JW,CounterTerrorist,2097.685,-319.2669,293.0313,CZ,100,0,-91.22197,5.963291,0,False,False,False,100.1953,16.875
JW,CounterTerrorist,2093.877,-319.1629,293.0313,CZ,100,0,-101.3925,0.6821616,0,False,False,False,98.78906,16.17188
JW,CounterTerrorist,2089.791,-319.1971,292.7383,CZ,100,0,-104.9662,-1.04128,-21.875,False,False,False,98.08594,15.82031
JW,CounterTerrorist,2085.69,-319.2379,291.2734,CZ,100,0,-104.9662,-1.04128,-53.125,False,False,False,97.73438,15.46875
JW,CounterTerrorist,2081.59,-319.2786,288.5879,CZ,100,0,-104.9662,-1.04128,-84.375,False,False,False,97.03126,15.46875
JW,CounterTerrorist,2078.31,-319.3112,285.5605,CZ,100,0,-104.9662,-1.04128,-109.375,False,False,False,96.6797,14.76563
JW,CounterTerrorist,2073.389,-319.3601,279.5547,CZ,100,0,-104.9662,-1.04128,-146.875,False,False,False,96.32813,14.0625
JW,CounterTerrorist,2069.222,-318.7932,273.207,CZ,100,0,-107.1045,18.4026,-178.125,False,False,False,96.32813,13.00781
JW,CounterTerrorist,2065.038,-318.0688,265.6387,CZ,100,0,-107.133,18.66586,-209.375,False,False,False,95.97657,12.30469
JW,CounterTerrorist,2064.003,-317.0724,256.8496,CZ,100,0,-1.202748,30.04166,0,False,False,False,95.97657,11.60156
JW,CounterTerrorist,2064.003,-315.0052,256.0313,CZ,100,0,0,68.16672,0,False,False,False,96.32813,10.89844
JW,CounterTerrorist,2064.003,-311.4744,256.0313,CZ,100,0,0,104.435,0,False,False,False,97.38281,10.54688
JW,CounterTerrorist,2064.282,-306.757,256.0313,CZ,100,0,17.54384,129.207,0,False,False,False,100.1953,10.19531
JW,CounterTerrorist,2065.209,-302.4195,256.0313,CZ,100,0,36.18202,144.4858,0,False,False,False,104.4141,9.84375
JW,CounterTerrorist,2067.011,-296.3413,256.0313,CZ,100,0,51.56757,162.9339,0,False,False,False,111.4453,9.84375
JW,CounterTerrorist,2069.202,-289.556,256.0313,CZ,100,0,57.96776,180.764,0,False,False,False,119.8828,9.84375
JW,CounterTerrorist,2071.884,-280.5379,256.0313,CZ,100,0,55.45107,200.2807,0,False,False,False,129.0234,9.140625
JW,CounterTerrorist,2073.888,-272.3835,256.0313,CZ,100,0,48.1938,214.078,0,False,False,False,133.9453,8.789063
JW,CounterTerrorist,2074.738,-264.0926,256.0313,CZ,100,0,5.012256,210.9149,0,False,False,False,136.4063,8.4375
JW,CounterTerrorist,2074.063,-255.9299,256.0313,CZ,100,0,-31.20626,207.7368,0,False,False,False,136.4063,8.4375
JW,CounterTerrorist,2071.993,-248.2216,256.0313,CZ,100,0,-69.43803,183.4198,0,False,False,False,136.4063,8.4375
JW,CounterTerrorist,2068.4,-241.8552,256.0313,CZ,100,0,-106.0486,150.2002,0,False,False,False,136.4063,8.4375
JW,CounterTerrorist,2063.531,-236.6475,256.0313,CZ,100,0,-136.2906,122.7593,0,False,False,False,136.4063,8.4375
JW,CounterTerrorist,2057.607,-232.3987,256.0313,CZ,100,0,-161.2687,99.98094,0,False,False,False,136.7578,8.4375
JW,CounterTerrorist,2052.259,-229.6403,256.0313,CZ,100,0,-174.7225,77.12025,0,False,False,False,137.1094,8.789063
JW,CounterTerrorist,2043.83,-227.3367,256.0313,CZ,100,0,-187.4783,39.65294,0,False,False,False,138.5156,9.140625
JW,CounterTerrorist,2036.124,-226.0514,256.0313,CZ,100,0,-203.3733,28.38854,0,False,False,False,140.9766,9.492188
JW,CounterTerrorist,2027.87,-225.2202,256.0313,CZ,100,0,-216.1782,16.37858,0,False,False,False,144.8438,8.789063
JW,CounterTerrorist,2019.193,-224.8151,256.0313,CZ,100,0,-224.8093,11.80606,0,False,False,False,146.6016,8.085938
JW,CounterTerrorist,2012.142,-224.0452,256.0313,CZ,100,0,-226.1009,31.94937,0,False,False,False,146.6016,8.085938
JW,CounterTerrorist,2003.277,-222.2874,256.0313,CZ,100,0,-227.4609,53.16139,0,False,False,False,146.6016,8.085938
JW,CounterTerrorist,1992.732,-219.1086,256.0313,CZ,100,0,-215.7341,82.65942,0,False,False,False,146.6016,8.085938
JW,CounterTerrorist,1984.97,-215.0787,256.0313,CZ,100,0,-187.9987,115.9932,0,False,False,False,146.6016,8.085938
JW,CounterTerrorist,1978.156,-209.8909,256.0313,CZ,100,0,-166.6335,143.1665,0,False,False,False,150.8203,8.085938
JW,CounterTerrorist,1971.912,-203.8108,256.0313,CZ,100,0,-157.101,162.7957,0,False,False,False,164.5313,8.4375
JW,CounterTerrorist,1965.723,-197.2059,256.0313,CZ,100,0,-161.1024,171.4574,0,False,False,False,183.1641,9.140625
JW,CounterTerrorist,1959.097,-190.644,256.0313,CZ,100,0,-176.1163,163.0431,0,False,False,False,207.7734,8.4375
JW,CounterTerrorist,1952.954,-184.9568,256.0313,CZ,100,0,-145.48,134.681,0,False,False,False,228.5156,6.679688
JW,CounterTerrorist,1947.462,-180.3116,256.0313,CZ,100,0,-140.5957,108.6429,0,False,False,False,232.3828,5.625
JW,CounterTerrorist,1942.389,-176.5439,256.0313,CZ,100,0,-120.1311,89.22356,0,False,False,False,232.3828,5.625
JW,CounterTerrorist,1940.024,-176.0042,256.0313,CZ,100,0,0,0,0,False,False,False,232.3828,5.625
JW,CounterTerrorist,1940.024,-176.0042,256.0313,CZ,100,0,0,0,0,False,False,False,232.3828,5.625
JW,CounterTerrorist,1940.024,-176.0042,256.0313,CZ,100,0,0,0,0,False,False,False,232.3828,5.625
JW,CounterTerrorist,1940.024,-176.0042,256.0313,CZ,100,0,0,0,0,False,False,False,231.6797,5.625
JW,CounterTerrorist,1940.024,-176.0042,256.0313,CZ,100,0,0,0,0,False,False,False,233.0859,5.273438
JW,CounterTerrorist,1940.024,-176.0042,256.0313,CZ,100,0,0,0,0,False,False,False,234.4922,4.570313
JW,CounterTerrorist,1940.024,-176.0042,256.0313,CZ,100,0,0,0,0,False,False,False,234.8437,4.21875
JW,CounterTerrorist,1940.024,-176.0042,256.0313,CZ,100,0,0,0,0,False,False,False,234.1406,3.867188
JW,CounterTerrorist,1940.024,-176.0042,256.0313,CZ,100,0,0,0,0,False,False,False,233.4375,3.164063
JW,CounterTerrorist,1939.023,-176.1488,256.0313,CZ,100,0,-40.82858,-5.88112,0,False,False,False,233.0859,2.8125
JW,CounterTerrorist,1936.537,-176.5061,256.0313,CZ,100,0,-78.87888,-11.32328,0,False,False,False,233.0859,2.8125
JW,CounterTerrorist,1932.627,-177.067,256.0313,CZ,100,0,-113.3729,-16.25939,0,False,False,False,233.0859,2.8125
JW,CounterTerrorist,1927.513,-177.8001,256.0313,CZ,100,0,-141.8664,-20.33683,0,False,False,False,233.0859,2.8125
JW,CounterTerrorist,1921.406,-178.6755,256.0313,CZ,100,0,-165.4034,-23.70499,0,False,False,False,233.0859,2.8125
JW,CounterTerrorist,1914.559,-179.6567,256.0313,CZ,100,0,-174.452,-24.99852,0,False,False,False,233.0859,2.8125
JW,CounterTerrorist,1908.131,-180.272,256.0313,CZ,100,0,-161.3115,-7.754971,0,False,False,False,233.0859,2.8125
JW,CounterTerrorist,1902.063,-180.2124,256.0313,CZ,100,0,-151.106,6.928479,0,False,False,False,233.4375,2.8125
JW,CounterTerrorist,1897.024,-179.7007,256.0313,CZ,100,0,-123.4587,18.24815,0,False,False,False,233.789,2.8125
JW,CounterTerrorist,1892.253,-178.7051,256.0313,CZ,100,0,-121.1714,29.87527,0,False,False,False,235.1953,2.8125
JW,CounterTerrorist,1887.577,-177.3308,256.0313,CZ,100,0,-118.7742,38.31104,0,False,False,False,237.3047,2.8125
JW,CounterTerrorist,1882.985,-175.696,256.0313,CZ,100,0,-116.8447,43.84472,0,False,False,False,240.1172,2.8125
JW,CounterTerrorist,1878.448,-173.912,256.0313,CZ,100,0,-115.8178,46.48944,0,False,False,False,244.6875,2.8125
JW,CounterTerrorist,1873.927,-172.0893,256.0313,CZ,100,0,-115.841,46.43162,0,False,False,False,251.0156,2.8125
JW,CounterTerrorist,1869.378,-170.3353,256.0313,CZ,100,0,-116.9886,43.45916,0,False,False,False,258.0469,2.460938
JW,CounterTerrorist,1864.766,-168.7588,256.0313,CZ,100,0,-118.8439,38.09417,0,False,False,False,264.375,1.40625
JW,CounterTerrorist,1860.083,-167.4037,256.0313,CZ,100,0,-120.4804,32.5503,0,False,False,False,265.0781,1.054688
JW,CounterTerrorist,1855.467,-165.8461,256.0313,CZ,100,0,-116.2471,45.40529,0,False,False,False,265.0781,1.054688
JW,CounterTerrorist,1851.045,-163.7976,256.0313,CZ,100,0,-111.153,56.74553,0,False,False,False,265.0781,1.054688
JW,CounterTerrorist,1846.819,-161.3688,256.0313,CZ,100,0,-106.2336,65.49406,0,False,False,False,265.0781,1.054688
JW,CounterTerrorist,1842.76,-160.0313,256.0313,CZ,100,0,-103.0928,0,0,False,False,False,265.0781,1.054688
JW,CounterTerrorist,1840.003,-160.0313,256.0313,CZ,100,0,-3.659401,0,0,False,False,False,265.0781,1.054688
JW,CounterTerrorist,1840.003,-160.0313,256.0313,CZ,100,0,0,0,0,False,False,False,265.4297,1.054688
JW,CounterTerrorist,1840.003,-160.0313,256.0313,CZ,100,0,0,0,0,False,False,False,266.1328,0.703125
JW,CounterTerrorist,1840.003,-160.0313,256.0313,CZ,100,0,0,0,0,False,False,False,266.1328,0.703125
JW,CounterTerrorist,1840.003,-160.0283,256.0313,CZ,100,0,0,0,0,False,False,False,266.1328,0.703125
JW,CounterTerrorist,1840.003,-160.0283,256.0313,CZ,100,0,0,0,0,False,False,False,266.1328,0.703125
JW,CounterTerrorist,1840.003,-160.0283,256.0313,CZ,100,0,0,0,0,False,False,False,266.1328,0.703125
JW,CounterTerrorist,1840.003,-160.0283,256.0313,CZ,100,0,0,0,0,False,False,False,266.1328,0.703125
JW,CounterTerrorist,1840.003,-160.0283,256.0313,CZ,100,0,0,0,0,False,False,False,265.7813,0.703125
JW,CounterTerrorist,1840.003,-160.0283,256.0313,CZ,100,0,0,0,0,False,False,False,265.7813,0.703125
JW,CounterTerrorist,1840.003,-160.0283,256.0313,CZ,100,0,0,0,0,False,False,False,265.7813,0.703125
JW,CounterTerrorist,1840.003,-160.0283,256.0313,CZ,100,0,0,0,0,False,False,False,265.7813,0.703125
JW,CounterTerrorist,1840.003,-160.0283,256.0313,CZ,100,0,0,0,0,False,False,False,265.7813,0.703125
JW,CounterTerrorist,1840.003,-160.0283,256.0313,CZ,100,0,0,0,0,False,False,False,265.7813,0.703125
JW,CounterTerrorist,1840.003,-160.0283,256.0313,CZ,100,0,0,0,0,False,False,False,265.7813,0.703125
JW,CounterTerrorist,1840.003,-160.0283,256.0313,CZ,100,0,0,0,0,False,False,False,265.7813,0.703125
JW,CounterTerrorist,1840.003,-160.0283,256.0313,CZ,100,0,0,0,0,False,False,False,265.7813,0.703125
JW,CounterTerrorist,1840.003,-160.0283,256.0313,CZ,100,0,0,0,0,False,False,False,265.7813,0.703125
JW,CounterTerrorist,1840.003,-160.0283,256.0313,CZ,100,0,0,0,0,False,False,False,265.7813,0.703125
JW,CounterTerrorist,1840.003,-160.0283,256.0313,CZ,100,0,0,0,0,False,False,False,265.7813,0.703125
JW,CounterTerrorist,1840.003,-160.0283,256.0313,CZ,100,0,0,0,0,False,False,False,265.7813,0.703125
JW,CounterTerrorist,1840.003,-160.0283,256.0313,CZ,100,0,0,0,0,False,False,False,265.7813,0.703125
JW,CounterTerrorist,1840.003,-160.0283,256.0313,CZ,100,0,0,0,0,False,False,False,265.4297,0.703125
JW,CounterTerrorist,1840.003,-160.0283,256.0313,CZ,100,0,0,0,0,False,False,False,265.0781,1.054688
JW,CounterTerrorist,1840.003,-160.0283,256.0313,CZ,100,0,0,0,0,False,False,False,264.7266,1.054688
JW,CounterTerrorist,1840.003,-160.0283,256.0313,CZ,100,0,0,0,0,False,False,False,264.375,1.054688
JW,CounterTerrorist,1840.003,-160.0283,256.0313,CZ,100,0,0,0,0,False,False,False,264.375,1.054688
JW,CounterTerrorist,1840.003,-160.0283,256.0313,CZ,100,0,0,0,0,False,False,False,266.1328,2.109375
JW,CounterTerrorist,1840.003,-160.0283,256.0313,CZ,100,0,0,0,0,False,False,False,272.1094,4.21875
JW,CounterTerrorist,1840.003,-160.0283,256.0313,CZ,100,0,0,0,0,False,False,False,286.5234,5.976563
JW,CounterTerrorist,1840.003,-160.0283,256.0313,CZ,100,0,0,0,0,False,False,False,305.8594,5.273438
JW,CounterTerrorist,1840.003,-160.0283,256.0313,CZ,100,0,0,0,0,False,False,False,324.4922,3.867188
JW,CounterTerrorist,1840.003,-160.0283,256.0313,CZ,100,0,0,0,0,False,False,False,333.9844,2.460938
JW,CounterTerrorist,1840.003,-160.0283,256.0313,CZ,100,0,0,0,0,False,False,False,334.3359,2.109375
JW,CounterTerrorist,1840.003,-160.0283,256.0313,CZ,100,0,0,0,0,False,False,False,334.3359,2.109375
JW,CounterTerrorist,1840.003,-160.0283,256.0313,CZ,100,0,0,0,0,False,False,False,334.3359,2.109375
JW,CounterTerrorist,1840.003,-160.0283,256.0313,CZ,100,0,0,0,0,False,False,False,334.3359,2.109375
JW,CounterTerrorist,1840.003,-160.0283,256.0313,CZ,100,0,0,0,0,False,False,False,334.3359,2.109375
JW,CounterTerrorist,1840.003,-160.0283,256.0313,CZ,100,0,0,0,0,False,False,False,333.2813,2.109375
JW,CounterTerrorist,1840.003,-160.0283,256.0313,CZ,100,0,0,0,0,False,False,False,333.6328,2.109375
JW,CounterTerrorist,1840.003,-160.0283,256.0313,CZ,100,0,0,0,0,False,False,False,333.6328,2.109375
JW,CounterTerrorist,1840.003,-160.0283,256.0313,CZ,100,0,0,0,0,False,False,False,332.9297,2.109375
JW,CounterTerrorist,1840.003,-160.0283,256.0313,CZ,100,0,0,0,0,False,False,False,329.4141,2.8125
JW,CounterTerrorist,1840.003,-160.0283,256.0313,CZ,100,0,0,0,0,False,False,False,321.6797,3.515625
JW,CounterTerrorist,1840.003,-160.0283,256.0313,CZ,100,0,0,0,0,False,False,False,311.4844,4.570313
JW,CounterTerrorist,1840.003,-160.0283,256.0313,CZ,100,0,0,0,0,False,False,False,302.3438,5.273438
JW,CounterTerrorist,1840.003,-160.0283,256.0313,CZ,100,0,0,0,0,False,False,False,294.6094,5.625
JW,CounterTerrorist,1840.003,-160.0283,256.0313,CZ,100,0,0,0,0,False,False,False,287.9297,5.976563
JW,CounterTerrorist,1840.003,-160.0283,256.0313,CZ,100,0,0,0,0,False,False,False,281.25,6.328125
JW,CounterTerrorist,1840.003,-160.0283,256.0313,CZ,100,0,0,0,0,False,False,False,275.2734,6.328125
JW,CounterTerrorist,1840.003,-160.0283,256.0313,CZ,100,0,0,0,0,False,False,False,270.7031,6.328125
JW,CounterTerrorist,1840.003,-160.0283,256.0313,CZ,100,0,0,0,0,False,False,False,267.8906,5.976563
JW,CounterTerrorist,1840.003,-160.0283,256.0313,CZ,100,0,0,0,0,False,False,False,266.8359,5.625
JW,CounterTerrorist,1840.003,-160.0283,256.0313,CZ,100,0,0,0,0,False,False,False,266.8359,5.273438
JW,CounterTerrorist,1840.003,-160.0283,256.0313,CZ,100,0,0,0,0,False,False,False,266.8359,5.273438
JW,CounterTerrorist,1840.003,-160.0283,256.0313,CZ,100,0,0,0,0,False,False,False,266.8359,5.273438
JW,CounterTerrorist,1840.003,-160.0283,256.0313,CZ,100,0,0,0,0,False,False,False,267.1875,5.273438
JW,CounterTerrorist,1840.003,-160.0283,256.0313,CZ,100,0,0,0,0,False,False,False,269.6484,5.976563
JW,CounterTerrorist,1840.003,-160.0283,256.0313,CZ,100,0,0,0,0,False,False,False,277.7344,8.085938
JW,CounterTerrorist,1840.003,-160.0283,256.0313,CZ,100,0,0,0,0,False,False,False,293.5547,11.25
JW,CounterTerrorist,1840.003,-160.0283,256.0313,CZ,100,0,0,0,0,False,False,False,317.1094,13.00781
JW,CounterTerrorist,1840.003,-160.0283,256.0313,CZ,100,0,0,0,0,False,False,False,345.2344,12.65625
JW,CounterTerrorist,1840.014,-160.3398,256.0313,CZ,100,0,1.064563,-14.23693,0,False,False,False,7.734375,10.19531
JW,CounterTerrorist,1840.153,-161.2213,256.0313,CZ,100,0,5.220717,-28.09834,0,False,False,False,13.00781,9.140625
JW,CounterTerrorist,1840.665,-162.4956,256.0313,CZ,100,0,20.45881,-33.72107,0,False,False,False,13.00781,9.140625
JW,CounterTerrorist,1841.839,-163.898,256.0313,CZ,100,0,36.09252,-37.61911,0,False,False,False,13.00781,9.140625
JW,CounterTerrorist,1843.579,-165.4902,256.0313,CZ,100,0,50.0342,-42.99319,0,False,False,False,13.00781,9.140625
JW,CounterTerrorist,1845.845,-167.3116,256.0313,CZ,100,0,63.21286,-49.0934,0,False,False,False,13.00781,9.140625
JW,CounterTerrorist,1848.424,-169.476,256.0313,CZ,100,0,64.26661,-61.85922,0,False,False,False,12.65625,9.140625
JW,CounterTerrorist,1850.81,-172.2514,256.0313,CZ,100,0,59.25394,-76.74744,0,False,False,False,15.11719,9.492188
JW,CounterTerrorist,1853.071,-175.5317,256.0313,CZ,100,0,57.47728,-88.34494,0,False,False,False,21.44531,10.54688
JW,CounterTerrorist,1855.353,-179.1831,256.0313,CZ,100,0,59.52179,-96.42355,0,False,False,False,30.58594,11.60156
JW,CounterTerrorist,1857.788,-183.0685,256.0313,CZ,100,0,64.55302,-101.0567,0,False,False,False,38.67188,12.30469
JW,CounterTerrorist,1860.172,-186.7515,256.0313,CZ,100,0,56.45716,-87.22,0,False,False,False,42.89063,11.95313
JW,CounterTerrorist,1862.606,-189.3624,256.0313,CZ,100,0,65.96616,-54.09151,0,False,False,False,42.89063,11.60156
JW,CounterTerrorist,1865.372,-190.8176,256.0313,CZ,100,0,73.821,-26.72588,0,False,False,False,42.89063,11.60156
JW,CounterTerrorist,1868.411,-191.3183,256.0313,CZ,100,0,80.30946,-4.120633,0,False,False,False,42.89063,11.60156
JW,CounterTerrorist,1871.677,-191.0304,256.0313,CZ,100,0,85.66922,14.55232,0,False,False,False,42.89063,11.60156
JW,CounterTerrorist,1875.166,-190.1863,256.0313,CZ,100,0,93.08444,21.94267,0,False,False,False,42.89063,11.60156
JW,CounterTerrorist,1879.033,-189.468,256.0313,CZ,100,0,101.5905,13.59372,0,False,False,False,44.64844,11.60156
JW,CounterTerrorist,1883.034,-189.4332,256.0313,CZ,100,0,103.0713,-6.911858,0,False,False,False,47.8125,11.60156
JW,CounterTerrorist,1887.106,-190.0927,256.0313,CZ,100,0,105.049,-23.02126,0,False,False,False,49.57031,11.95313
JW,CounterTerrorist,1891.26,-191.298,256.0313,CZ,100,0,107.2353,-35.67237,0,False,False,False,51.32813,12.65625
JW,CounterTerrorist,1895.396,-192.8528,256.0313,CZ,100,0,100.5564,-38.86296,0,False,False,False,52.38281,12.65625
JW,CounterTerrorist,1898.697,-194.0502,256.0313,CZ,100,0,70.02212,-22.10889,0,False,False,False,52.73437,12.65625
JW,CounterTerrorist,1900.585,-194.4247,256.0313,CZ,100,0,33.77179,-1.63316,0,False,False,False,52.73437,12.65625
JW,CounterTerrorist,1901.102,-194.1729,256.0313,CZ,100,0,3.754529,7.320948,0,False,False,False,52.73437,12.65625
JW,CounterTerrorist,1901.131,-194.1171,256.0313,CZ,100,0,0,0,0,False,False,False,52.38281,12.65625
JW,CounterTerrorist,1901.29,-194.24,256.0313,CZ,100,0,9.040242,-7.006445,0,False,False,False,52.03125,12.30469
JW,CounterTerrorist,1901.749,-194.5973,256.0313,CZ,100,0,18.09458,-14.09656,0,False,False,False,52.03125,12.30469
JW,CounterTerrorist,1902.969,-195.5484,256.0313,CZ,100,0,31.70289,-24.6973,0,False,False,False,52.03125,11.95313
JW,CounterTerrorist,1904.138,-196.4571,256.0313,CZ,100,0,40.82539,-31.69962,0,False,False,False,52.38281,11.60156
JW,CounterTerrorist,1906.177,-196.8924,256.0313,CZ,100,0,37.98553,18.99277,0,False,False,False,53.08593,11.25
JW,CounterTerrorist,1907.938,-196.0271,256.0313,CZ,100,0,49.58158,24.79079,0,False,False,False,53.4375,11.25
JW,CounterTerrorist,1908.151,-195.621,256.0313,CZ,100,0,4.205381,4.018055,0,False,False,False,53.78907,10.89844
JW,CounterTerrorist,1907.829,-195.3172,256.0313,CZ,100,0,-13.42412,10.61092,0,False,False,False,53.78907,10.89844
JW,CounterTerrorist,1907.063,-194.7371,256.0313,CZ,100,0,-20.62795,15.48436,0,False,False,False,53.78907,10.54688
JW,CounterTerrorist,1906.521,-194.3301,256.0313,CZ,100,0,-9.381455,7.042185,0,False,False,False,53.4375,10.54688
JW,CounterTerrorist,1906.406,-194.2442,256.0313,CZ,100,0,0,0,0,False,False,False,52.03125,10.54688
JW,CounterTerrorist,1906.751,-194.5285,256.0313,CZ,100,0,13.12883,-11.08908,0,False,False,False,48.86719,10.54688
JW,CounterTerrorist,1907.784,-195.4495,256.0313,CZ,100,0,37.6093,-34.14907,0,False,False,False,46.75781,9.84375
JW,CounterTerrorist,1909.334,-195.8045,256.0313,CZ,100,0,25.06938,13.8268,0,False,False,False,46.75781,9.84375
