Name,Team,Position.X,Position.Y,Position.Z,ActiveWeapon,HP,Armour,Velocity.X,Velocity.Y,Velocity.Z,IsDucking,HasHelmet,HasDefuseKit,ViewDirectionX,ViewDirectionY,Map = de_inferno
friberg younited,CounterTerrorist,2480,2112,126.7755,USP,100,0,0,0,0,False,False,False,270.3516,2.460938
friberg younited,CounterTerrorist,2480,2112,126.7755,USP,100,0,0,0,0,False,False,False,270.3516,2.460938
friberg younited,CounterTerrorist,2480,2112,126.7755,USP,100,0,0,0,0,False,False,False,270.3516,2.460938
friberg younited,CounterTerrorist,2480,2112,126.7755,USP,100,0,0,0,0,False,False,False,270.3516,2.460938
friberg younited,CounterTerrorist,2480,2112,126.7755,USP,100,0,0,0,0,False,False,False,270.3516,2.460938
friberg younited,CounterTerrorist,2480,2112,126.7755,USP,100,0,0,0,0,False,False,False,270.3516,2.460938
friberg younited,CounterTerrorist,2480,2112,126.7755,USP,100,0,0,0,0,False,False,False,207.4219,0
friberg younited,CounterTerrorist,2480,2112,126.7755,USP,100,0,0,0,0,False,False,False,207.4219,0
friberg younited,CounterTerrorist,2480,2112,126.7755,USP,100,0,0,0,0,False,False,False,207.4219,0
friberg younited,CounterTerrorist,2480,2112,126.7755,USP,100,0,0,0,0,False,False,False,207.4219,0
friberg younited,CounterTerrorist,2480,2112,126.7755,Knife,100,0,0,0,0,False,False,False,207.4219,0
friberg younited,CounterTerrorist,2480,2112,126.7755,Knife,100,0,0,0,0,False,False,False,207.4219,0
friberg younited,CounterTerrorist,2480,2112,126.7755,Knife,100,0,0,0,0,False,False,False,207.4219,0
friberg younited,CounterTerrorist,2480,2112,126.7755,Knife,100,0,0,0,0,False,False,False,207.4219,0
friberg younited,CounterTerrorist,2480,2112,126.7755,Knife,100,0,0,0,0,False,False,False,207.4219,0
friberg younited,CounterTerrorist,2480,2112,126.7755,Knife,100,0,0,0,0,False,False,False,207.4219,0
friberg younited,CounterTerrorist,2480,2112,126.7755,Knife,100,0,0,0,0,False,False,False,207.4219,0
friberg younited,CounterTerrorist,2480,2112,126.7755,Knife,100,0,0,0,0,False,False,False,207.4219,0
friberg younited,CounterTerrorist,2480,2112,126.7755,Knife,100,0,0,0,0,False,False,False,207.4219,0
friberg younited,CounterTerrorist,2480,2112,126.7755,Knife,100,0,0,0,0,False,False,False,207.4219,0
friberg younited,CounterTerrorist,2480,2112,126.7755,Knife,100,0,0,0,0,False,False,False,207.4219,0
friberg younited,CounterTerrorist,2480,2112,126.7755,Knife,100,0,0,0,0,False,False,False,201.7969,0
friberg younited,CounterTerrorist,2480,2112,126.7755,Knife,100,0,0,0,0,False,False,False,185.9766,1.757813
friberg younited,CounterTerrorist,2480,2112,126.7755,Knife,100,0,0,0,0,False,False,False,166.2891,3.515625
friberg younited,CounterTerrorist,2480,2112,126.7755,Knife,100,0,0,0,0,False,False,False,148.3594,3.867188
friberg younited,CounterTerrorist,2480,2112,126.7755,USP,100,0,0,0,0,False,False,False,141.3281,3.515625
friberg younited,CounterTerrorist,2480,2112,126.7755,Knife,100,0,0,0,0,False,False,False,141.3281,3.515625
friberg younited,CounterTerrorist,2480,2112,126.7755,Knife,100,0,0,0,0,False,False,False,141.3281,3.515625
friberg younited,CounterTerrorist,2480,2112,126.7755,Knife,100,0,0,0,0,False,False,False,141.3281,3.515625
friberg younited,CounterTerrorist,2480,2112,126.7755,Knife,100,0,0,0,0,False,False,False,141.3281,3.515625
friberg younited,CounterTerrorist,2480,2112,126.7755,Knife,100,0,0,0,0,False,False,False,141.3281,3.515625
friberg younited,CounterTerrorist,2480,2112,126.7755,Knife,100,0,0,0,0,False,False,False,141.3281,3.515625
friberg younited,CounterTerrorist,2480,2112,126.7755,USP,100,0,0,0,0,False,False,False,141.3281,3.515625
friberg younited,CounterTerrorist,2480,2112,126.7755,Knife,100,0,0,0,0,False,False,False,139.9219,3.164063
friberg younited,CounterTerrorist,2480,2112,126.7755,Knife,100,0,0,0,0,False,False,False,139.9219,2.8125
friberg younited,CounterTerrorist,2480,2112,126.7755,Knife,100,0,0,0,0,False,False,False,139.9219,2.460938
friberg younited,CounterTerrorist,2480,2112,126.7755,Knife,100,0,0,0,0,False,False,False,140.2734,2.460938
friberg younited,CounterTerrorist,2480,2112,126.7755,Knife,100,0,0,0,0,False,False,False,140.9766,2.460938
friberg younited,CounterTerrorist,2480,2112,126.7755,Knife,100,0,0,0,0,False,False,False,140.9766,2.460938
friberg younited,CounterTerrorist,2480,2112,126.7755,Knife,100,0,0,0,0,False,False,False,140.9766,2.460938
friberg younited,CounterTerrorist,2480,2112,126.7755,Knife,100,0,0,0,0,False,False,False,140.9766,2.460938
friberg younited,CounterTerrorist,2480,2112,126.7755,Knife,100,0,0,0,0,False,False,False,140.9766,2.460938
friberg younited,CounterTerrorist,2480,2112,126.7755,Knife,100,0,0,0,0,False,False,False,140.9766,2.460938
friberg younited,CounterTerrorist,2480,2112,126.7755,Knife,100,0,0,0,0,False,False,False,140.9766,2.460938
friberg younited,CounterTerrorist,2480,2112,126.7755,Knife,100,0,0,0,0,False,False,False,140.9766,2.460938
friberg younited,CounterTerrorist,2480,2112,126.7755,Knife,100,0,0,0,0,False,False,False,140.9766,2.460938
friberg younited,CounterTerrorist,2480,2112,126.7755,Knife,100,0,0,0,0,False,False,False,140.9766,2.460938
friberg younited,CounterTerrorist,2480,2112,126.7755,Knife,100,0,0,0,0,False,False,False,140.9766,2.460938
friberg younited,CounterTerrorist,2480,2112,126.7755,Knife,100,0,0,0,0,False,False,False,140.9766,2.460938
friberg younited,CounterTerrorist,2480,2112,126.7755,Knife,100,0,0,0,0,False,False,False,140.9766,2.460938
friberg younited,CounterTerrorist,2480,2112,126.7755,M4A4,100,0,0,0,0,False,False,False,140.9766,2.460938
friberg younited,CounterTerrorist,2480,2112,126.7755,M4A4,100,0,0,0,0,False,False,False,140.9766,2.460938
friberg younited,CounterTerrorist,2480,2112,126.7755,Knife,100,0,0,0,0,False,False,False,140.9766,2.460938
friberg younited,CounterTerrorist,2480,2112,126.7755,Knife,100,0,0,0,0,False,False,False,140.9766,2.460938
friberg younited,CounterTerrorist,2480,2112,126.7755,Knife,100,0,0,0,0,False,False,False,140.9766,2.460938
friberg younited,CounterTerrorist,2480,2112,126.7755,Knife,100,0,0,0,0,False,False,False,140.9766,2.460938
friberg younited,CounterTerrorist,2480,2112,126.7755,Knife,100,0,0,0,0,False,False,False,140.9766,2.460938
friberg younited,CounterTerrorist,2480,2112,126.7755,Knife,100,0,0,0,0,False,False,False,140.9766,2.460938
friberg younited,CounterTerrorist,2480,2112,126.7755,Knife,100,0,0,0,0,False,False,False,140.9766,2.460938
friberg younited,CounterTerrorist,2480,2112,126.7755,Knife,100,0,0,0,0,False,False,False,140.9766,2.460938
friberg younited,CounterTerrorist,2480,2112,126.7755,Knife,100,0,0,0,0,False,False,False,140.9766,2.460938
friberg younited,CounterTerrorist,2480,2112,126.7755,Knife,100,0,0,0,0,False,False,False,140.9766,2.460938
friberg younited,CounterTerrorist,2480,2112,126.7755,Knife,100,0,0,0,0,False,False,False,140.9766,2.460938
friberg younited,CounterTerrorist,2480,2112,126.7755,Knife,100,0,0,0,0,False,False,False,140.9766,2.460938
friberg younited,CounterTerrorist,2480,2112,126.7755,Knife,100,0,0,0,0,False,False,False,140.9766,2.460938
friberg younited,CounterTerrorist,2480,2112,126.7755,Knife,100,0,0,0,0,False,False,False,140.9766,2.460938
friberg younited,CounterTerrorist,2480,2112,126.7755,Knife,100,100,0,0,0,False,False,False,140.9766,2.460938
friberg younited,CounterTerrorist,2480,2112,126.7755,Knife,100,100,0,0,0,False,False,False,140.9766,2.460938
friberg younited,CounterTerrorist,2480,2112,126.7755,Knife,100,100,0,0,0,False,False,False,140.9766,2.460938
friberg younited,CounterTerrorist,2480,2112,126.7755,Knife,100,100,0,0,0,False,False,False,140.9766,2.460938
friberg younited,CounterTerrorist,2480,2112,126.7755,Knife,100,100,0,0,0,False,False,False,140.9766,2.460938
friberg younited,CounterTerrorist,2480,2112,126.7755,Knife,100,100,0,0,0,False,False,False,140.9766,2.460938
friberg younited,CounterTerrorist,2480,2112,126.7755,Knife,100,100,0,0,0,False,False,False,140.9766,2.460938
friberg younited,CounterTerrorist,2480,2112,126.7755,Knife,100,100,0,0,0,False,False,False,140.9766,2.460938
friberg younited,CounterTerrorist,2480,2112,126.7755,Knife,100,100,0,0,0,False,False,False,140.9766,2.460938
friberg younited,CounterTerrorist,2480,2112,126.7755,Knife,100,100,0,0,0,False,False,False,140.9766,2.460938
friberg younited,CounterTerrorist,2480,2112,126.7755,Knife,100,100,0,0,0,False,False,False,140.9766,2.460938
friberg younited,CounterTerrorist,2480,2112,126.7755,Flash,100,100,0,0,0,False,False,False,140.9766,2.460938
friberg younited,CounterTerrorist,2480,2112,126.7755,Smoke,100,100,0,0,0,False,False,False,140.9766,2.460938
friberg younited,CounterTerrorist,2480,2112,126.7755,Smoke,100,100,0,0,0,False,False,False,140.9766,2.460938
friberg younited,CounterTerrorist,2480,2112,126.7755,Smoke,100,100,0,0,0,False,False,False,140.9766,2.460938
friberg younited,CounterTerrorist,2480,2112,126.7755,Smoke,100,100,0,0,0,False,False,False,140.9766,2.460938
friberg younited,CounterTerrorist,2480,2112,126.7755,Smoke,100,100,0,0,0,False,False,False,140.9766,2.460938
friberg younited,CounterTerrorist,2480,2112,126.7755,Smoke,100,100,0,0,0,False,False,False,140.9766,2.460938
friberg younited,CounterTerrorist,2480,2112,126.7755,Smoke,100,100,0,0,0,False,False,False,140.9766,2.460938
friberg younited,CounterTerrorist,2480,2112,126.7755,Smoke,100,100,0,0,0,False,False,False,140.9766,2.460938
friberg younited,CounterTerrorist,2480,2112,126.7755,Smoke,100,100,0,0,0,False,False,False,140.9766,2.460938
friberg younited,CounterTerrorist,2480,2112,126.7755,Smoke,100,100,0,0,0,False,False,False,140.9766,2.460938
friberg younited,CounterTerrorist,2480,2112,126.7755,Smoke,100,100,0,0,0,False,False,False,140.9766,2.460938
friberg younited,CounterTerrorist,2480,2112,126.7755,Smoke,100,100,0,0,0,False,False,False,140.9766,2.460938
friberg younited,CounterTerrorist,2480,2112,126.7755,Flash,100,100,0,0,0,False,False,False,140.9766,2.460938
friberg younited,CounterTerrorist,2480,2112,126.7755,Flash,100,100,0,0,0,False,False,False,140.9766,2.460938
friberg younited,CounterTerrorist,2480,2112,126.7755,Flash,100,100,0,0,0,False,False,False,140.9766,2.460938
friberg younited,CounterTerrorist,2480,2112,126.7755,Flash,100,100,0,0,0,False,False,False,140.9766,2.460938
friberg younited,CounterTerrorist,2480,2112,126.7755,Flash,100,100,0,0,0,False,False,False,140.9766,2.460938
friberg younited,CounterTerrorist,2480,2112,126.7755,Flash,100,100,0,0,0,False,False,False,140.9766,2.460938
friberg younited,CounterTerrorist,2480,2112,126.7755,Flash,100,100,0,0,0,False,False,False,140.9766,2.460938
friberg younited,CounterTerrorist,2480,2112,126.7755,Flash,100,100,0,0,0,False,False,False,140.9766,2.460938
friberg younited,CounterTerrorist,2480,2112,126.7755,Flash,100,100,0,0,0,False,False,False,140.9766,2.460938
friberg younited,CounterTerrorist,2480,2112,126.7755,Flash,100,100,0,0,0,False,False,False,140.9766,2.460938
friberg younited,CounterTerrorist,2480,2112,126.7755,Flash,100,100,0,0,0,False,False,False,140.9766,2.460938
friberg younited,CounterTerrorist,2480,2112,126.7755,Flash,100,100,0,0,0,False,False,False,140.9766,2.460938
friberg younited,CounterTerrorist,2480,2112,126.7755,Flash,100,100,0,0,0,False,False,False,140.9766,2.460938
friberg younited,CounterTerrorist,2480,2112,126.7755,Flash,100,100,0,0,0,False,False,False,140.9766,2.460938
friberg younited,CounterTerrorist,2480,2112,126.7755,Flash,100,100,0,0,0,False,False,False,140.9766,2.460938
friberg younited,CounterTerrorist,2480,2112,126.7755,Flash,100,100,0,0,0,False,False,False,140.9766,2.460938
friberg younited,CounterTerrorist,2480,2112,126.7755,Flash,100,100,0,0,0,False,False,False,140.9766,2.460938
friberg younited,CounterTerrorist,2480,2112,126.7755,Flash,100,100,0,0,0,False,False,False,140.9766,2.460938
friberg younited,CounterTerrorist,2480,2112,126.7755,Flash,100,100,0,0,0,False,False,False,140.9766,2.460938
friberg younited,CounterTerrorist,2480,2112,126.7755,Flash,100,100,0,0,0,False,False,False,140.9766,2.460938
friberg younited,CounterTerrorist,2480,2112,126.7755,Flash,100,100,0,0,0,False,False,False,140.9766,2.460938
friberg younited,CounterTerrorist,2480,2112,126.7755,Flash,100,100,0,0,0,False,False,False,140.9766,2.460938
friberg younited,CounterTerrorist,2480,2112,126.7755,Flash,100,100,0,0,0,False,False,False,140.9766,2.460938
friberg younited,CounterTerrorist,2480,2112,126.7755,Flash,100,100,0,0,0,False,False,False,140.9766,2.460938
friberg younited,CounterTerrorist,2480,2112,126.7755,Flash,100,100,0,0,0,False,False,False,140.9766,2.460938
friberg younited,CounterTerrorist,2480,2112,126.7755,Flash,100,100,0,0,0,False,False,False,140.9766,2.460938
friberg younited,CounterTerrorist,2480,2112,126.7755,Flash,100,100,0,0,0,False,False,False,140.9766,2.460938
friberg younited,CounterTerrorist,2480,2112,126.7755,Flash,100,100,0,0,0,False,False,False,140.9766,2.460938
friberg younited,CounterTerrorist,2480,2112,126.7755,Flash,100,100,0,0,0,False,False,False,140.9766,2.460938
friberg younited,CounterTerrorist,2480,2112,126.7755,Flash,100,100,0,0,0,False,False,False,140.9766,2.460938
friberg younited,CounterTerrorist,2480,2112,126.7755,Flash,100,100,0,0,0,False,False,False,140.9766,2.460938
friberg younited,CounterTerrorist,2480,2112,126.7755,Flash,100,100,0,0,0,False,False,False,140.9766,2.460938
friberg younited,CounterTerrorist,2480,2112,126.7755,Flash,100,100,0,0,0,False,False,False,140.9766,2.460938
friberg younited,CounterTerrorist,2480,2112,126.7755,Flash,100,100,0,0,0,False,False,False,140.9766,2.460938
friberg younited,CounterTerrorist,2480,2112,126.7755,Flash,100,100,0,0,0,False,False,False,140.9766,2.460938
friberg younited,CounterTerrorist,2480,2112,126.7755,Flash,100,100,0,0,0,False,False,False,140.9766,2.460938
friberg younited,CounterTerrorist,2480,2112,126.7755,Flash,100,100,0,0,0,False,False,False,140.9766,2.460938
friberg younited,CounterTerrorist,2480,2112,126.7755,Flash,100,100,0,0,0,False,False,False,140.9766,2.460938
friberg younited,CounterTerrorist,2480,2112,126.7755,M4A4,100,100,0,0,0,False,False,False,140.9766,2.460938
friberg younited,CounterTerrorist,2480,2112,126.7755,M4A4,100,100,0,0,0,False,False,False,140.9766,2.460938
friberg younited,CounterTerrorist,2480,2112,126.7755,Knife,100,100,0,0,0,False,False,False,140.9766,2.460938
friberg younited,CounterTerrorist,2480,2112,126.7755,Knife,100,100,0,0,0,False,False,False,140.9766,2.460938
friberg younited,CounterTerrorist,2480,2112,126.7755,Knife,100,100,0,0,0,False,False,False,140.9766,2.460938
friberg younited,CounterTerrorist,2480,2112,126.7755,Knife,100,100,0,0,0,False,False,False,140.9766,2.460938
friberg younited,CounterTerrorist,2480,2112,126.7755,Knife,100,100,0,0,0,False,False,False,140.9766,2.460938
friberg younited,CounterTerrorist,2480,2112,126.7755,M4A4,100,100,0,0,0,False,False,False,140.9766,2.460938
friberg younited,CounterTerrorist,2480,2112,126.7755,Knife,100,100,0,0,0,False,False,False,140.9766,2.460938
friberg younited,CounterTerrorist,2480,2112,126.7755,Knife,100,100,0,0,0,False,False,False,140.9766,2.460938
friberg younited,CounterTerrorist,2480,2112,126.7755,Knife,100,100,0,0,0,False,False,False,140.9766,2.460938
friberg younited,CounterTerrorist,2480,2112,126.7755,Knife,100,100,0,0,0,False,False,False,140.9766,2.460938
friberg younited,CounterTerrorist,2480,2112,126.7755,Knife,100,100,0,0,0,False,False,False,140.9766,2.460938
friberg younited,CounterTerrorist,2480,2112,126.7755,Knife,100,100,0,0,0,False,False,False,140.9766,2.460938
friberg younited,CounterTerrorist,2480,2112,126.7755,Knife,100,100,0,0,0,False,False,False,140.9766,2.460938
friberg younited,CounterTerrorist,2480,2112,126.7755,Knife,100,100,0,0,0,False,False,False,140.9766,2.460938
friberg younited,CounterTerrorist,2480,2112,126.7755,Knife,100,100,0,0,0,False,False,False,140.9766,2.460938
friberg younited,CounterTerrorist,2480,2112,126.7755,Knife,100,100,0,0,0,False,False,False,140.9766,2.460938
friberg younited,CounterTerrorist,2480,2112,126.7755,Knife,100,100,0,0,0,False,False,False,140.9766,2.460938
friberg younited,CounterTerrorist,2480,2112,126.7755,Knife,100,100,0,0,0,False,False,False,140.9766,2.460938
friberg younited,CounterTerrorist,2480,2112,126.7755,Knife,100,100,0,0,0,False,False,False,140.9766,2.460938
friberg younited,CounterTerrorist,2480,2112,126.7755,Knife,100,100,0,0,0,False,False,False,140.9766,2.460938
friberg younited,CounterTerrorist,2480,2112,126.7755,Knife,100,100,0,0,0,False,False,False,140.9766,2.460938
friberg younited,CounterTerrorist,2480,2112,126.7755,Knife,100,100,0,0,0,False,False,False,140.9766,2.460938
friberg younited,CounterTerrorist,2480,2112,126.7755,Knife,100,100,0,0,0,False,False,False,140.9766,2.460938
friberg younited,CounterTerrorist,2480,2112,126.7755,Knife,100,100,0,0,0,False,False,False,140.9766,2.460938
friberg younited,CounterTerrorist,2480,2112,126.7755,Knife,100,100,0,0,0,False,False,False,140.9766,2.460938
friberg younited,CounterTerrorist,2480,2112,126.7755,Knife,100,100,0,0,0,False,False,False,140.9766,2.460938
friberg younited,CounterTerrorist,2480,2112,126.7755,Knife,100,100,0,0,0,False,False,False,140.9766,2.460938
friberg younited,CounterTerrorist,2480,2112,126.7755,Knife,100,100,0,0,0,False,False,False,140.9766,2.460938
friberg younited,CounterTerrorist,2480,2112,126.7755,Knife,100,100,0,0,0,False,False,False,140.9766,2.460938
friberg younited,CounterTerrorist,2480,2112,126.7755,Knife,100,100,0,0,0,False,False,False,140.9766,2.460938
friberg younited,CounterTerrorist,2480,2112,126.7755,Knife,100,100,0,0,0,False,False,False,140.9766,2.460938
friberg younited,CounterTerrorist,2480,2112,126.7755,Knife,100,100,0,0,0,False,False,False,140.9766,2.460938
friberg younited,CounterTerrorist,2480,2112,126.7755,Knife,100,100,0,0,0,False,False,False,140.9766,2.460938
friberg younited,CounterTerrorist,2480,2112,126.7755,Knife,100,100,0,0,0,False,False,False,140.9766,2.460938
friberg younited,CounterTerrorist,2480,2112,126.7755,Knife,100,100,0,0,0,False,False,False,140.9766,2.460938
friberg younited,CounterTerrorist,2480,2112,126.7755,Knife,100,100,0,0,0,False,False,False,140.9766,2.460938
friberg younited,CounterTerrorist,2480,2112,126.7755,Knife,100,100,0,0,0,False,False,False,140.9766,2.460938
friberg younited,CounterTerrorist,2480,2112,126.7755,Knife,100,100,0,0,0,False,False,False,140.9766,2.460938
friberg younited,CounterTerrorist,2480,2112,126.7755,Knife,100,100,0,0,0,False,False,False,140.9766,2.460938
friberg younited,CounterTerrorist,2480,2112,126.7755,Knife,100,100,0,0,0,False,False,False,140.9766,2.460938
friberg younited,CounterTerrorist,2480,2112,126.7755,Knife,100,100,0,0,0,False,False,False,140.9766,2.460938
friberg younited,CounterTerrorist,2480,2112,126.7755,Knife,100,100,0,0,0,False,False,False,140.9766,2.460938
friberg younited,CounterTerrorist,2480,2112,126.7755,Knife,100,100,0,0,0,False,False,False,140.9766,2.460938
friberg younited,CounterTerrorist,2480,2112,126.7755,Knife,100,100,0,0,0,False,False,False,140.9766,2.460938
friberg younited,CounterTerrorist,2480,2112,126.7755,Knife,100,100,0,0,0,False,False,False,140.9766,2.460938
friberg younited,CounterTerrorist,2480,2112,126.7755,Knife,100,100,0,0,0,False,False,False,140.9766,2.460938
friberg younited,CounterTerrorist,2480,2112,126.7755,Knife,100,100,0,0,0,False,False,False,140.9766,2.460938
friberg younited,CounterTerrorist,2480,2112,126.7755,Knife,100,100,0,0,0,False,False,False,140.9766,2.460938
friberg younited,CounterTerrorist,2480,2112,126.7755,Knife,100,100,0,0,0,False,False,False,140.9766,2.460938
friberg younited,CounterTerrorist,2480,2112,126.7755,Knife,100,100,0,0,0,False,False,False,140.9766,2.460938
friberg younited,CounterTerrorist,2480,2112,126.7755,Knife,100,100,0,0,0,False,False,False,140.9766,2.460938
friberg younited,CounterTerrorist,2480,2112,126.7755,Knife,100,100,0,0,0,False,False,False,140.9766,2.460938
friberg younited,CounterTerrorist,2480,2112,126.7755,Knife,100,100,0,0,0,False,False,False,140.625,2.460938
friberg younited,CounterTerrorist,2480,2112,126.7755,Knife,100,100,0,0,0,False,False,False,140.2734,2.109375
friberg younited,CounterTerrorist,2480,2112,126.7755,Knife,100,100,0,0,0,False,False,False,139.9219,2.109375
friberg younited,CounterTerrorist,2480,2112,126.7755,Knife,100,100,0,0,0,False,False,False,139.5703,1.757813
friberg younited,CounterTerrorist,2480,2112,126.7755,Knife,100,100,0,0,0,False,False,False,139.2188,1.757813
friberg younited,CounterTerrorist,2480,2112,126.7755,Knife,100,100,0,0,0,False,False,False,139.2188,1.757813
friberg younited,CounterTerrorist,2480,2112,126.7755,Knife,100,100,0,0,0,False,False,False,139.2188,1.757813
friberg younited,CounterTerrorist,2480,2112,126.7755,Knife,100,100,0,0,0,False,False,False,139.2188,1.757813
friberg younited,CounterTerrorist,2480,2112,126.7755,Flash,100,100,0,0,0,False,False,False,139.9219,1.757813
friberg younited,CounterTerrorist,2480,2112,126.7755,Flash,100,100,0,0,0,False,False,False,140.625,1.40625
friberg younited,CounterTerrorist,2480,2112,126.7755,Flash,100,100,0,0,0,False,False,False,140.9766,1.40625
friberg younited,CounterTerrorist,2480,2112,126.7755,Flash,100,100,0,0,0,False,False,False,140.9766,1.40625
friberg younited,CounterTerrorist,2480,2112,126.7755,Smoke,100,100,0,0,0,False,False,False,140.9766,1.40625
friberg younited,CounterTerrorist,2480,2112,126.7755,Smoke,100,100,0,0,0,False,False,False,140.9766,1.40625
friberg younited,CounterTerrorist,2480,2112,126.7755,Smoke,100,100,0,0,0,False,False,False,140.9766,1.40625
friberg younited,CounterTerrorist,2480,2112,126.7755,Smoke,100,100,0,0,0,False,False,False,140.9766,1.40625
friberg younited,CounterTerrorist,2480,2112,126.7755,Smoke,100,100,0,0,0,False,False,False,140.9766,1.40625
friberg younited,CounterTerrorist,2480,2112,126.7755,Smoke,100,100,0,0,0,False,False,False,140.9766,1.40625
friberg younited,CounterTerrorist,2480,2112,126.7755,Smoke,100,100,0,0,0,False,False,False,140.9766,1.40625
friberg younited,CounterTerrorist,2480,2112,126.7755,Smoke,100,100,0,0,0,False,False,False,140.9766,1.40625
friberg younited,CounterTerrorist,2480,2112,126.7755,Smoke,100,100,0,0,0,False,False,False,140.9766,1.40625
friberg younited,CounterTerrorist,2480,2112,126.7755,Smoke,100,100,0,0,0,False,False,False,140.9766,1.40625
friberg younited,CounterTerrorist,2480,2112,126.7755,Smoke,100,100,0,0,0,False,False,False,140.9766,1.40625
friberg younited,CounterTerrorist,2480,2112,126.7755,Knife,100,100,0,0,0,False,False,False,140.9766,1.40625
friberg younited,CounterTerrorist,2480,2112,126.7755,Knife,100,100,0,0,0,False,False,False,141.3281,1.40625
friberg younited,CounterTerrorist,2480,2112,126.7755,Knife,100,100,0,0,0,False,False,False,141.6797,1.054688
friberg younited,CounterTerrorist,2480,2112,126.7755,Knife,100,100,0,0,0,False,False,False,142.0313,1.054688
friberg younited,CounterTerrorist,2480,2112,126.7755,Knife,100,100,0,0,0,False,False,False,142.3828,0.703125
friberg younited,CounterTerrorist,2480,2112,126.7755,Knife,100,100,0,0,0,False,False,False,142.3828,0.703125
friberg younited,CounterTerrorist,2480,2112,126.7755,Knife,100,100,0,0,0,False,False,False,142.3828,0.703125
friberg younited,CounterTerrorist,2480,2112,126.7755,Knife,100,100,0,0,0,False,False,False,142.3828,0.703125
friberg younited,CounterTerrorist,2480,2112,126.7755,Knife,100,100,0,0,0,False,False,False,142.3828,0.703125
friberg younited,CounterTerrorist,2480,2112,126.7755,Knife,100,100,0,0,0,False,False,False,142.3828,0.703125
friberg younited,CounterTerrorist,2480,2112,126.7755,Knife,100,100,0,0,0,False,False,False,142.3828,0.703125
friberg younited,CounterTerrorist,2480,2112,126.7755,Knife,100,100,0,0,0,False,False,False,142.3828,0.703125
friberg younited,CounterTerrorist,2480,2112,126.7755,M4A4,100,100,0,0,0,False,False,False,142.3828,0.703125
friberg younited,CounterTerrorist,2480,2112,126.7755,M4A4,100,100,0,0,0,False,False,False,142.3828,0.703125
friberg younited,CounterTerrorist,2480,2112,126.7755,M4A4,100,100,0,0,0,False,False,False,142.3828,0.703125
friberg younited,CounterTerrorist,2480,2112,126.7755,Knife,100,100,0,0,0,False,False,False,142.3828,0.703125
friberg younited,CounterTerrorist,2480,2112,126.7755,Knife,100,100,0,0,0,False,False,False,142.3828,0.703125
friberg younited,CounterTerrorist,2480,2112,126.7755,Knife,100,100,0,0,0,False,False,False,142.3828,0.703125
friberg younited,CounterTerrorist,2480,2112,126.7755,M4A4,100,100,0,0,0,False,False,False,142.3828,0.703125
friberg younited,CounterTerrorist,2480,2112,126.7755,M4A4,100,100,0,0,0,False,False,False,142.3828,0.703125
friberg younited,CounterTerrorist,2480,2112,126.7755,Knife,100,100,0,0,0,False,False,False,142.3828,0.703125
friberg younited,CounterTerrorist,2480,2112,126.7755,Knife,100,100,0,0,0,False,False,False,142.3828,0.703125
friberg younited,CounterTerrorist,2480,2112,126.7755,Knife,100,100,0,0,0,False,False,False,142.3828,0.703125
friberg younited,CounterTerrorist,2480,2112,126.7755,Knife,100,100,0,0,0,False,False,False,142.3828,0.703125
friberg younited,CounterTerrorist,2480,2112,126.7755,Knife,100,100,0,0,0,False,False,False,142.3828,0.703125
friberg younited,CounterTerrorist,2480,2112,126.7755,Knife,100,100,0,0,0,False,False,False,142.0313,0.703125
friberg younited,CounterTerrorist,2480,2112,126.7755,Knife,100,100,0,0,0,False,False,False,142.0313,0.703125
friberg younited,CounterTerrorist,2480,2112,126.7755,Knife,100,100,0,0,0,False,False,False,142.0313,0.703125
friberg younited,CounterTerrorist,2480,2112,126.7755,Knife,100,100,0,0,0,False,False,False,142.0313,0.703125
friberg younited,CounterTerrorist,2480,2112,126.7755,Knife,100,100,0,0,0,False,False,False,142.0313,0.703125
friberg younited,CounterTerrorist,2480,2112,126.7755,Knife,100,100,0,0,0,False,False,False,142.0313,0.703125
friberg younited,CounterTerrorist,2480,2112,126.7755,Knife,100,100,0,0,0,False,False,False,142.0313,0.703125
friberg younited,CounterTerrorist,2480,2112,126.7755,Knife,100,100,0,0,0,False,False,False,142.0313,0.703125
friberg younited,CounterTerrorist,2480,2112,126.7755,Knife,100,100,0,0,0,False,False,False,142.0313,0.703125
friberg younited,CounterTerrorist,2480,2112,126.7755,Knife,100,100,0,0,0,False,False,False,142.0313,0.703125
friberg younited,CounterTerrorist,2480,2112,126.7755,Knife,100,100,0,0,0,False,False,False,142.0313,0.703125
friberg younited,CounterTerrorist,2480,2112,126.7755,Knife,100,100,0,0,0,False,False,False,142.0313,0.703125
friberg younited,CounterTerrorist,2480,2112,126.7755,Flash,100,100,0,0,0,False,False,False,142.0313,0.703125
friberg younited,CounterTerrorist,2480,2112,126.7755,Flash,100,100,0,0,0,False,False,False,142.0313,0.703125
friberg younited,CounterTerrorist,2480,2112,126.7755,Flash,100,100,0,0,0,False,False,False,142.0313,0.703125
friberg younited,CounterTerrorist,2480,2112,126.7755,Flash,100,100,0,0,0,False,False,False,142.0313,0.703125
friberg younited,CounterTerrorist,2480,2112,126.7755,Smoke,100,100,0,0,0,False,False,False,141.6797,0.703125
friberg younited,CounterTerrorist,2480,2112,126.7755,Smoke,100,100,0,0,0,False,False,False,141.6797,0.703125
friberg younited,CounterTerrorist,2480,2112,126.7755,Smoke,100,100,0,0,0,False,False,False,141.6797,0.703125
friberg younited,CounterTerrorist,2480,2112,126.7755,M4A4,100,100,0,0,0,False,False,False,141.6797,0.703125
friberg younited,CounterTerrorist,2480,2112,126.7755,M4A4,100,100,0,0,0,False,False,False,141.6797,0.703125
friberg younited,CounterTerrorist,2480,2112,126.7755,M4A4,100,100,0,0,0,False,False,False,141.6797,0.703125
friberg younited,CounterTerrorist,2480,2112,126.7755,M4A4,100,100,0,0,0,False,False,False,141.6797,0.703125
friberg younited,CounterTerrorist,2480,2112,126.7755,M4A4,100,100,0,0,0,False,False,False,141.6797,0.703125
friberg younited,CounterTerrorist,2480,2112,126.7755,M4A4,100,100,0,0,0,False,False,False,141.6797,0.703125
friberg younited,CounterTerrorist,2480,2112,126.7755,M4A4,100,100,0,0,0,False,False,False,141.6797,0.703125
friberg younited,CounterTerrorist,2480,2112,126.7755,M4A4,100,100,0,0,0,False,False,False,141.6797,0.703125
friberg younited,CounterTerrorist,2480,2112,126.7755,Flash,100,100,0,0,0,False,False,False,141.6797,0.703125
friberg younited,CounterTerrorist,2480,2112,126.7755,Flash,100,100,0,0,0,False,False,False,141.6797,0.703125
friberg younited,CounterTerrorist,2480,2112,126.7755,M4A4,100,100,0,0,0,False,False,False,141.6797,0.703125
friberg younited,CounterTerrorist,2480,2112,126.7755,M4A4,100,100,0,0,0,False,False,False,141.6797,0.703125
friberg younited,CounterTerrorist,2480,2112,126.7755,M4A4,100,100,0,0,0,False,False,False,141.6797,0.703125
friberg younited,CounterTerrorist,2480,2112,126.7755,Flash,100,100,0,0,0,False,False,False,141.6797,0.703125
friberg younited,CounterTerrorist,2480,2112,126.7755,Flash,100,100,0,0,0,False,False,False,141.6797,0.703125
friberg younited,CounterTerrorist,2480,2112,126.7755,M4A4,100,100,0,0,0,False,False,False,141.6797,0.703125
friberg younited,CounterTerrorist,2480,2112,126.7755,M4A4,100,100,0,0,0,False,False,False,141.6797,0.703125
friberg younited,CounterTerrorist,2480,2112,126.7755,Flash,100,100,0,0,0,False,False,False,141.6797,0.703125
friberg younited,CounterTerrorist,2480,2112,126.7755,Flash,100,100,0,0,0,False,False,False,141.6797,0.703125
friberg younited,CounterTerrorist,2480,2112,126.7755,Flash,100,100,0,0,0,False,False,False,141.6797,0.703125
friberg younited,CounterTerrorist,2480,2112,126.7755,M4A4,100,100,0,0,0,False,False,False,141.6797,0.703125
friberg younited,CounterTerrorist,2480,2112,126.7755,M4A4,100,100,0,0,0,False,False,False,141.6797,0.703125
friberg younited,CounterTerrorist,2480,2112,126.7755,M4A4,100,100,0,0,0,False,False,False,141.6797,0.703125
friberg younited,CounterTerrorist,2480,2112,126.7755,M4A4,100,100,0,0,0,False,False,False,141.6797,0.703125
friberg younited,CounterTerrorist,2480,2112,126.7755,M4A4,100,100,0,0,0,False,False,False,141.6797,0.703125
friberg younited,CounterTerrorist,2480,2112,126.7755,M4A4,100,100,0,0,0,False,False,False,141.6797,0.703125
friberg younited,CounterTerrorist,2480,2112,126.7755,M4A4,100,100,0,0,0,False,False,False,141.6797,0.703125
friberg younited,CounterTerrorist,2480,2112,126.7755,M4A4,100,100,0,0,0,False,False,False,141.6797,0.703125
friberg younited,CounterTerrorist,2480,2112,126.7755,M4A4,100,100,0,0,0,False,False,False,141.6797,0.703125
friberg younited,CounterTerrorist,2480,2112,126.7755,M4A4,100,100,0,0,0,False,False,False,141.6797,0.703125
friberg younited,CounterTerrorist,2480,2112,126.7755,M4A4,100,100,0,0,0,False,False,False,141.6797,0.703125
friberg younited,CounterTerrorist,2480,2112,126.7755,M4A4,100,100,0,0,0,False,False,False,141.6797,0.703125
friberg younited,CounterTerrorist,2480,2112,126.7755,M4A4,100,100,0,0,0,False,False,False,141.6797,0.703125
friberg younited,CounterTerrorist,2480,2112,126.7755,M4A4,100,100,0,0,0,False,False,False,141.6797,0.703125
friberg younited,CounterTerrorist,2480,2112,126.7755,M4A4,100,100,0,0,0,False,False,False,141.6797,0.703125
friberg younited,CounterTerrorist,2480,2112,126.7755,Flash,100,100,0,0,0,False,False,False,141.6797,0.703125
friberg younited,CounterTerrorist,2480,2112,126.7755,Flash,100,100,0,0,0,False,False,False,141.6797,0.703125
friberg younited,CounterTerrorist,2480,2112,126.7755,Flash,100,100,0,0,0,False,False,False,142.3828,0.703125
friberg younited,CounterTerrorist,2480,2112,126.7755,Flash,100,100,0,0,0,False,False,False,143.7891,1.054688
friberg younited,CounterTerrorist,2480,2112,126.7755,Flash,100,100,0,0,0,False,False,False,143.7891,1.054688
friberg younited,CounterTerrorist,2480,2112,126.7755,Flash,100,100,0,0,0,False,False,False,143.7891,1.054688
friberg younited,CounterTerrorist,2480,2112,126.7755,Flash,100,100,0,0,0,False,False,False,143.7891,1.054688
friberg younited,CounterTerrorist,2480,2112,126.7755,Flash,100,100,0,0,0,False,False,False,143.7891,1.054688
friberg younited,CounterTerrorist,2480,2112,126.7755,Flash,100,100,0,0,0,False,False,False,143.7891,1.054688
friberg younited,CounterTerrorist,2480,2112,126.7755,Flash,100,100,0,0,0,False,False,False,143.7891,1.054688
friberg younited,CounterTerrorist,2480,2112,126.7755,Flash,100,100,0,0,0,False,False,False,143.7891,1.054688
friberg younited,CounterTerrorist,2480,2112,126.7755,Flash,100,100,0,0,0,False,False,False,143.7891,1.054688
friberg younited,CounterTerrorist,2480,2112,126.7755,Flash,100,100,0,0,0,False,False,False,143.7891,1.054688
friberg younited,CounterTerrorist,2480,2112,126.7755,Flash,100,100,0,0,0,False,False,False,143.7891,1.054688
friberg younited,CounterTerrorist,2480,2112,126.7755,Flash,100,100,0,0,0,False,False,False,143.7891,1.054688
friberg younited,CounterTerrorist,2480,2112,126.7755,Flash,100,100,0,0,0,False,False,False,143.7891,1.054688
friberg younited,CounterTerrorist,2480,2112,126.7755,Flash,100,100,0,0,0,False,False,False,143.7891,1.054688
friberg younited,CounterTerrorist,2480,2112,126.7755,Flash,100,100,0,0,0,False,False,False,143.7891,1.054688
friberg younited,CounterTerrorist,2480,2112,126.7755,Flash,100,100,0,0,0,False,False,False,143.7891,1.054688
friberg younited,CounterTerrorist,2480,2112,126.7755,Flash,100,100,0,0,0,False,False,False,143.7891,1.054688
friberg younited,CounterTerrorist,2480,2112,126.7755,Flash,100,100,0,0,0,False,False,False,143.7891,1.054688
friberg younited,CounterTerrorist,2480,2112,126.7755,Flash,100,100,0,0,0,False,False,False,143.7891,1.054688
friberg younited,CounterTerrorist,2480,2112,126.7755,Flash,100,100,0,0,0,False,False,False,143.7891,1.054688
friberg younited,CounterTerrorist,2479.839,2113.024,126.7643,Flash,100,100,-6.570474,41.83087,0,False,False,False,143.7891,1.054688
friberg younited,CounterTerrorist,2479.439,2115.573,126.7364,Flash,100,100,-12.70453,80.8833,0,False,False,False,143.7891,1.054688
friberg younited,CounterTerrorist,2478.81,2119.575,126.6925,Flash,100,100,-18.21436,115.9324,0,False,False,False,143.7891,1.054688
friberg younited,CounterTerrorist,2477.988,2124.8,126.7486,Flash,100,100,-22.80769,144.878,0,False,False,False,144.1406,1.054688
friberg younited,CounterTerrorist,2477.005,2131.033,126.8195,Flash,100,100,-26.65592,168.7797,0,False,False,False,144.1406,1.054688
friberg younited,CounterTerrorist,2475.886,2138.101,126.8059,Flash,100,100,-29.89774,188.5136,0,False,False,False,144.1406,1.054688
friberg younited,CounterTerrorist,2474.651,2145.856,126.7905,Flash,100,100,-32.7612,204.7845,0,False,False,False,144.4922,1.054688
friberg younited,CounterTerrorist,2473.305,2154.177,126.7726,Flash,100,100,-35.63835,218.1377,0,False,False,False,145.1953,1.054688
friberg younited,CounterTerrorist,2471.784,2162.923,126.7472,Flash,100,100,-45.73714,224.3976,0,False,False,False,146.6016,1.40625
friberg younited,CounterTerrorist,2469.183,2171.396,126.6514,Flash,100,100,-79.7327,212.0491,0,False,False,False,148.3594,1.40625
friberg younited,CounterTerrorist,2465.38,2179.412,126.4451,Flash,100,100,-108.4565,200.8138,0,False,False,False,149.4141,1.40625
friberg younited,CounterTerrorist,2460.565,2187.021,126.1372,Flash,100,100,-132.5384,190.9353,0,False,False,False,149.7656,1.40625
friberg younited,CounterTerrorist,2455.01,2194.372,125.7819,Flash,100,100,-142.8179,191.0076,0,False,False,False,150.1172,1.40625
friberg younited,CounterTerrorist,2449.715,2202.187,125.4433,Flash,100,100,-131.0288,205.7586,0,False,False,False,150.1172,1.40625
friberg younited,CounterTerrorist,2444.87,2210.44,125.1096,Flash,100,100,-119.3025,213.9904,0,False,False,False,150.8203,1.054688
friberg younited,CounterTerrorist,2440.286,2218.836,124.7741,Flash,100,100,-123.2029,211.4898,0,False,False,False,151.1719,1.054688
friberg younited,CounterTerrorist,2434.947,2226.771,124.4918,Flash,100,100,-144.9279,197.5371,0,False,False,False,151.875,1.054688
friberg younited,CounterTerrorist,2428.875,2234.166,124.2126,Flash,100,100,-161.8599,183.9195,0,False,False,False,152.5781,1.054688
friberg younited,CounterTerrorist,2422.688,2241.464,123.927,Flash,100,100,-152.1765,192.0086,0,False,False,False,152.9297,1.054688
friberg younited,CounterTerrorist,2417.073,2249.211,123.6731,Flash,100,100,-138.436,202.1397,0,False,False,False,152.9297,1.054688
friberg younited,CounterTerrorist,2411.787,2257.188,123.4473,Flash,100,100,-140.1119,200.9817,0,False,False,False,152.9297,1.054688
friberg younited,CounterTerrorist,2405.874,2264.709,123.4473,Flash,100,100,-158.0975,187.1635,0,False,False,False,151.5234,1.054688
friberg younited,CounterTerrorist,2399.388,2271.745,123.4473,Flash,100,100,-170.6951,175.7504,0,False,False,False,149.7656,1.054688
friberg younited,CounterTerrorist,2392.512,2278.4,123.418,Flash,100,100,-179.1243,167.151,0,False,False,False,147.6563,1.054688
friberg younited,CounterTerrorist,2385.258,2284.871,123.3758,Knife,100,100,-188.7688,163.9095,0,False,False,False,146.9531,1.40625
friberg younited,CounterTerrorist,2377.775,2291.145,123.3323,Knife,100,100,-193.2821,158.5624,0,False,False,False,146.9531,1.40625
friberg younited,CounterTerrorist,2370.141,2297.236,123.2879,Knife,100,100,-196.7168,154.2806,0,False,False,False,146.9531,1.40625
friberg younited,CounterTerrorist,2362.394,2303.181,123.2343,Knife,100,100,-199.3164,150.9072,0,False,False,False,146.9531,1.40625
friberg younited,CounterTerrorist,2354.56,2309.01,123.1605,Knife,100,100,-201.3359,148.202,0,False,False,False,146.9531,1.40625
friberg younited,CounterTerrorist,2346.656,2314.746,123.0866,Knife,100,100,-202.9323,146.0085,0,False,False,False,146.9531,1.40625
friberg younited,CounterTerrorist,2338.698,2320.407,122.9245,Knife,100,100,-204.2166,144.2068,0,False,False,False,146.9531,1.40625
friberg younited,CounterTerrorist,2330.694,2326.002,122.802,Knife,100,100,-205.3382,142.6052,0,False,False,False,147.3047,1.40625
friberg younited,CounterTerrorist,2323.262,2332.166,122.8255,Knife,100,100,-180.9485,167.2535,0,False,False,False,148.3594,1.40625
friberg younited,CounterTerrorist,2316.66,2339.184,122.772,Knife,100,100,-161.6819,187.4037,0,False,False,False,149.4141,1.40625
friberg younited,CounterTerrorist,2310.711,2346.89,122.6426,Knife,100,100,-146.1678,202.8176,0,False,False,False,150.4688,1.40625
friberg younited,CounterTerrorist,2305.024,2354.826,122.4876,Knife,100,100,-152.0008,198.4837,0,False,False,False,151.875,1.054688
friberg younited,CounterTerrorist,2298.697,2362.262,122.3918,Knife,100,100,-168.0247,185.1154,0,False,False,False,151.875,1.054688
friberg younited,CounterTerrorist,2291.839,2369.211,122.3492,Knife,100,100,-180.1799,173.3067,0,False,False,False,151.875,1.054688
friberg younited,CounterTerrorist,2284.939,2376.117,122.311,Knife,100,100,-169.7524,183.5323,0,False,False,False,151.875,1.054688
friberg younited,CounterTerrorist,2278.707,2383.632,122.2062,Knife,100,100,-153.0381,197.685,0,False,False,False,151.875,1.054688
friberg younited,CounterTerrorist,2273.074,2391.607,122.0463,Knife,100,100,-138.5986,208.0635,0,False,False,False,151.875,1.054688
friberg younited,CounterTerrorist,2267.952,2399.921,122.1157,Knife,100,100,-126.4171,215.682,0,False,False,False,151.875,1.054688
friberg younited,CounterTerrorist,2262.477,2408.001,122.5346,Knife,100,100,-148.5637,201.0692,0,False,False,False,151.875,1.054688
friberg younited,CounterTerrorist,2256.263,2415.532,122.925,Knife,100,100,-165.4364,187.4321,0,False,False,False,151.875,1.054688
friberg younited,CounterTerrorist,2249.712,2422.773,123.3003,Knife,100,100,-162.9551,189.5933,0,False,False,False,151.875,1.054688
friberg younited,CounterTerrorist,2243.725,2430.485,123.7001,Knife,100,100,-147.115,202.1316,0,False,False,False,151.875,1.054688
friberg younited,CounterTerrorist,2238.303,2438.605,124.1448,Knife,100,100,-133.5734,211.3247,0,False,False,False,151.875,1.054688
friberg younited,CounterTerrorist,2233.36,2447.026,124.5931,Knife,100,100,-122.1106,218.149,0,False,False,False,151.875,1.054688
friberg younited,CounterTerrorist,2228.495,2455.485,125.0388,Knife,100,100,-133.0833,211.4857,0,False,False,False,151.5234,1.054688
friberg younited,CounterTerrorist,2222.799,2463.413,125.509,Knife,100,100,-153.5379,197.2971,0,False,False,False,151.875,1.054688
friberg younited,CounterTerrorist,2216.423,2470.807,125.9968,Knife,100,100,-169.1019,184.1319,0,False,False,False,151.875,1.054688
friberg younited,CounterTerrorist,2210.123,2478.265,127.3741,Knife,100,100,-154.6516,196.4253,0,False,False,False,151.875,1.054688
friberg younited,CounterTerrorist,2204.433,2486.2,128.6763,Knife,100,100,-139.9945,207.1269,0,False,False,False,152.2266,1.054688
friberg younited,CounterTerrorist,2199.257,2494.479,129.3034,Knife,100,100,-127.8875,214.8134,0,False,False,False,152.5781,1.054688
friberg younited,CounterTerrorist,2194.491,2503.002,128.3399,Knife,100,100,-118.4057,220.182,0,False,False,False,153.6328,1.40625
friberg younited,CounterTerrorist,2189.265,2511.217,128.4001,Knife,100,100,-143.4701,203.9973,0,False,False,False,154.6875,1.40625
friberg younited,CounterTerrorist,2183.662,2519.21,127.8502,Knife,100,100,-138.9832,207.8068,0,False,False,False,155.7422,1.054688
friberg younited,CounterTerrorist,2178.454,2527.47,127.5508,Knife,100,100,-129.8967,213.6044,0,False,False,False,156.7969,1.054688
friberg younited,CounterTerrorist,2173.543,2535.912,127.3719,Knife,100,100,-123.2131,217.5282,0,False,False,False,157.8516,1.054688
friberg younited,CounterTerrorist,2168.846,2544.473,127.2171,Knife,100,100,-118.5412,220.109,0,False,False,False,158.5547,1.054688
friberg younited,CounterTerrorist,2163.809,2552.761,127.0212,Knife,100,100,-139.696,204.1146,0,False,False,False,158.9063,1.054688
friberg younited,CounterTerrorist,2157.796,2560.314,126.7092,Knife,100,100,-162.8412,186.5826,0,False,False,False,159.2578,1.054688
friberg younited,CounterTerrorist,2151.344,2567.62,126.3478,Knife,100,100,-161.232,191.0608,0,False,False,False,159.6094,1.054688
friberg younited,CounterTerrorist,2145.292,2575.282,126.0357,Knife,100,100,-151.0428,199.2136,0,False,False,False,160.3125,1.054688
friberg younited,CounterTerrorist,2139.589,2583.209,125.866,Knife,100,100,-142.8684,205.1551,0,False,False,False,160.6641,1.40625
friberg younited,CounterTerrorist,2134.017,2591.212,125.8885,Knife,100,100,-148.9386,199.5265,0,False,False,False,161.3672,1.757813
friberg younited,CounterTerrorist,2127.665,2598.557,125.2509,Knife,100,100,-171.1927,180.7722,0,False,False,False,162.0703,2.460938
friberg younited,CounterTerrorist,2120.568,2605.25,125.9804,Knife,100,100,-185.6523,167.4313,0,False,False,False,162.7734,3.164063
friberg younited,CounterTerrorist,2113.597,2612.087,126.3929,Knife,100,100,-173.9696,179.5399,0,False,False,False,163.8281,4.570313
friberg younited,CounterTerrorist,2107.027,2619.31,126.6456,Knife,100,100,-164.6689,188.1068,0,False,False,False,164.8828,6.328125
friberg younited,CounterTerrorist,2100.763,2626.802,126.8865,Knife,100,100,-157.7982,193.9065,0,False,False,False,166.2891,8.085938
friberg younited,CounterTerrorist,2094.281,2634.042,127.1231,Knife,100,100,-174.8563,176.1499,0,False,False,False,168.0469,10.54688
friberg younited,CounterTerrorist,2086.985,2640.423,127.4435,Knife,100,100,-194.2553,155.1183,0,False,False,False,169.8047,13.00781
friberg younited,CounterTerrorist,2079.376,2646.528,127.5582,Knife,100,100,-191.5524,160.6476,0,False,False,False,172.2656,15.82031
friberg younited,CounterTerrorist,2072.044,2652.979,127.6343,Knife,100,100,-185.5685,167.5241,0,False,False,False,175.7813,18.98438
friberg younited,CounterTerrorist,2064.859,2659.592,127.6839,Knife,100,100,-183.3868,169.9097,0,False,False,False,181.0547,22.5
friberg younited,CounterTerrorist,2057.672,2666.204,127.706,Knife,100,100,-184.8649,168.3002,0,False,False,False,187.7344,26.01563
friberg younited,CounterTerrorist,2050.329,2672.641,127.4357,Knife,100,100,-190.6158,161.7579,0,False,False,False,196.1719,28.82813
friberg younited,CounterTerrorist,2042.667,2678.694,127.216,Knife,100,100,-200.2286,149.6947,0,False,False,False,206.7188,29.53125
friberg younited,CounterTerrorist,2034.564,2684.138,127.0031,Knife,100,100,-212.4191,131.8261,0,False,False,False,217.9688,27.07031
friberg younited,CounterTerrorist,2026.27,2689.292,126.8109,Knife,100,100,-210.0782,135.5254,0,False,False,False,228.5156,22.85156
friberg younited,CounterTerrorist,2018.106,2694.651,126.6985,Knife,100,100,-208.7868,137.5066,0,False,False,False,236.9531,18.98438
friberg younited,CounterTerrorist,2009.926,2699.985,126.5861,Knife,100,100,-210.0382,135.5875,0,False,False,False,240.8203,16.875
friberg younited,CounterTerrorist,2001.673,2705.205,126.2518,Knife,100,100,-212.1603,132.2423,0,False,False,False,242.5781,15.82031
friberg younited,CounterTerrorist,1993.335,2710.289,125.7285,Knife,100,100,-214.274,128.7892,0,False,False,False,243.2813,15.46875
friberg younited,CounterTerrorist,1984.921,2715.246,125.5153,Knife,100,100,-216.1275,125.6539,0,False,False,False,243.6328,15.11719
friberg younited,CounterTerrorist,1976.441,2720.089,125.307,Knife,100,100,-217.6722,122.9587,0,False,False,False,243.6328,15.11719
friberg younited,CounterTerrorist,1967.908,2724.839,125.405,Knife,100,100,-218.9027,120.7543,0,False,False,False,243.6328,14.76563
friberg younited,CounterTerrorist,1959.338,2729.52,125.424,Knife,100,100,-219.6256,119.4344,0,False,False,False,242.2266,14.41406
friberg younited,CounterTerrorist,1950.776,2734.219,125.2241,Knife,100,100,-218.387,121.6845,0,False,False,False,234.8437,14.41406
friberg younited,CounterTerrorist,1942.279,2739.03,125.0194,Knife,100,100,-220.1429,118.4784,0,False,False,False,220.0781,13.35938
friberg younited,CounterTerrorist,1933.541,2743.388,124.8339,Knife,100,100,-224.8133,109.3572,0,False,False,False,201.4453,11.25
friberg younited,CounterTerrorist,1924.807,2747.755,123.6262,Knife,100,100,-222.0825,114.8014,0,False,False,False,187.0313,8.085938
friberg younited,CounterTerrorist,1916.232,2752.428,123.3678,Knife,100,100,-220.2837,118.2163,0,False,False,False,182.1094,5.273438
friberg younited,CounterTerrorist,1907.361,2756.503,123.0353,Knife,100,100,-231.0423,95.49583,0,False,False,False,181.7578,4.921875
friberg younited,CounterTerrorist,1898.161,2759.771,122.8953,Knife,100,100,-238.0909,76.2412,0,False,False,False,181.7578,4.921875
friberg younited,CounterTerrorist,1888.748,2762.365,122.941,Knife,100,100,-242.6301,60.25488,0,False,False,False,181.7578,4.921875
friberg younited,CounterTerrorist,1879.199,2764.403,122.941,Knife,100,100,-245.5122,47.15693,0,False,False,False,181.7578,4.921875
friberg younited,CounterTerrorist,1869.564,2765.989,122.9162,Knife,100,100,-247.3188,36.51613,0,False,False,False,181.7578,4.921875
friberg younited,CounterTerrorist,1859.875,2767.208,122.8502,Knife,100,100,-248.4363,27.91811,0,False,False,False,181.7578,4.921875
friberg younited,CounterTerrorist,1850.154,2768.131,122.5742,Knife,100,100,-249.1169,20.9945,0,False,False,False,181.7578,4.921875
friberg younited,CounterTerrorist,1840.412,2768.819,122.8882,Knife,100,100,-249.5154,15.55816,0,False,False,False,181.7578,4.921875
friberg younited,CounterTerrorist,1830.66,2769.325,123.5218,Knife,100,100,-249.743,11.33214,0,False,False,False,181.7578,4.921875
friberg younited,CounterTerrorist,1820.901,2769.69,124.16,Knife,100,100,-249.8662,8.178055,0,False,False,False,181.0547,4.921875
friberg younited,CounterTerrorist,1811.139,2769.949,124.8017,Knife,100,100,-249.937,5.610902,0,False,False,False,181.7578,4.921875
friberg younited,CounterTerrorist,1801.375,2770.092,125.3359,Knife,100,100,-249.991,2.123549,0,False,False,False,183.8672,4.21875
friberg younited,CounterTerrorist,1791.609,2770.061,125.5731,Knife,100,100,-249.9827,-2.944605,0,False,False,False,186.3281,3.164063
friberg younited,CounterTerrorist,1781.847,2769.808,125.817,Knife,100,100,-249.8414,-8.904271,0,False,False,False,188.4375,2.460938
friberg younited,CounterTerrorist,1772.094,2769.316,126.068,Knife,100,100,-249.5472,-15.04042,0,False,False,False,189.4922,2.109375
friberg younited,CounterTerrorist,1762.356,2768.592,126.3256,Knife,100,100,-249.1337,-20.79376,0,False,False,False,190.5469,1.757813
friberg younited,CounterTerrorist,1752.635,2767.659,126.5893,Knife,100,100,-248.6583,-25.86613,0,False,False,False,191.25,1.757813
friberg younited,CounterTerrorist,1742.934,2766.538,127.6068,Knife,100,100,-248.1259,-30.55373,0,False,False,False,191.9531,1.40625
friberg younited,CounterTerrorist,1733.255,2765.238,128.6302,Knife,100,100,-247.5282,-35.06814,0,False,False,False,193.0078,1.40625
friberg younited,CounterTerrorist,1723.601,2763.764,129.1161,Knife,100,100,-246.855,-39.52965,0,False,False,False,194.0625,1.054688
friberg younited,CounterTerrorist,1713.976,2762.116,129.5664,Knife,100,100,-246.1105,-43.92761,0,False,False,False,194.7656,1.054688
friberg younited,CounterTerrorist,1704.38,2760.303,130.0417,Knife,100,100,-245.3476,-48.00572,0,False,False,False,195.4688,0.703125
friberg younited,CounterTerrorist,1694.813,2758.344,130.5393,Knife,100,100,-244.6343,-51.51763,0,False,False,False,195.4688,0.703125
friberg younited,CounterTerrorist,1685.272,2756.262,131.0554,Knife,100,100,-244.0096,-54.39953,0,False,False,False,195.8203,0.703125
friberg younited,CounterTerrorist,1675.73,2754.439,131.4505,Knife,100,100,-244.9726,-34.04243,0,False,False,False,195.8203,0.703125
friberg younited,CounterTerrorist,1666.116,2753.839,131.5564,Knife,100,100,-246.8689,-3.768629,0,False,False,False,196.5234,0.703125
friberg younited,CounterTerrorist,1656.428,2754.281,131.5004,Knife,100,100,-248.7699,20.61647,0,False,False,False,197.5781,0.703125
friberg younited,CounterTerrorist,1646.705,2755.167,131.3752,Knife,100,100,-249.5107,15.63336,0,False,False,False,198.2813,0.703125
friberg younited,CounterTerrorist,1636.943,2755.316,131.3552,Knife,100,100,-249.9739,-3.611717,0,False,False,False,199.3359,0.3515625
friberg younited,CounterTerrorist,1627.193,2754.787,131.4597,Knife,100,100,-249.2154,-19.79083,0,False,False,False,200.0391,0.3515625
friberg younited,CounterTerrorist,1617.49,2753.688,131.6433,Knife,100,100,-247.7576,-33.4089,0,False,False,False,200.7422,0.3515625
friberg younited,CounterTerrorist,1607.828,2752.292,131.8648,Knife,100,100,-248.2454,-29.16669,0,False,False,False,201.7969,0.3515625
friberg younited,CounterTerrorist,1598.081,2751.741,131.9496,Knife,100,100,-249.9518,-4.907084,0,False,False,False,203.5547,359.6484
friberg younited,CounterTerrorist,1588.321,2751.99,131.9112,Knife,100,100,-249.6565,13.1003,0,False,False,False,206.0156,359.6484
friberg younited,CounterTerrorist,1578.568,2752.435,131.8165,Knife,100,100,-249.9929,1.888754,0,False,False,False,208.4766,358.9453
friberg younited,CounterTerrorist,1568.821,2751.903,131.8173,Knife,100,100,-248.8955,-23.4737,0,False,False,False,210.5859,358.9453
friberg younited,CounterTerrorist,1559.159,2750.502,131.9447,Knife,100,100,-246.7071,-40.44257,0,False,False,False,211.6406,358.5938
friberg younited,CounterTerrorist,1549.46,2749.379,132.0315,Knife,100,100,-249.0759,-21.4756,0,False,False,False,211.9922,358.5938
friberg younited,CounterTerrorist,1539.707,2748.91,132.0232,Knife,100,100,-249.9254,-6.105503,0,False,False,False,211.9922,358.5938
friberg younited,CounterTerrorist,1529.942,2748.972,131.938,Knife,100,100,-249.9192,6.35456,0,False,False,False,211.9922,358.9453
friberg younited,CounterTerrorist,1520.19,2749.466,131.8174,Knife,100,100,-249.4501,16.57168,0,False,False,False,211.6406,358.9453
friberg younited,CounterTerrorist,1510.447,2749.409,131.8376,Knife,100,100,-249.4262,-12.64214,0,False,False,False,210.9375,358.9453
friberg younited,CounterTerrorist,1500.743,2748.349,131.9924,Knife,100,100,-247.3854,-36.06195,0,False,False,False,210.5859,359.2969
friberg younited,CounterTerrorist,1491.157,2746.496,132.2535,Knife,100,100,-244.0062,-54.41481,0,False,False,False,209.8828,359.2969
friberg younited,CounterTerrorist,1481.675,2744.161,132.5709,Knife,100,100,-243.6316,-56.06832,0,False,False,False,209.5313,359.2969
friberg younited,CounterTerrorist,1472.049,2742.536,132.7889,Knife,100,100,-247.8735,-32.53806,0,False,False,False,209.5313,359.2969
friberg younited,CounterTerrorist,1462.319,2741.731,132.883,Knife,100,100,-249.6538,-13.15155,0,False,False,False,209.5313,359.2969
friberg younited,CounterTerrorist,1452.569,2741.219,132.9656,Knife,100,100,-249.0902,-21.30884,0,False,False,False,209.5313,359.2969
friberg younited,CounterTerrorist,1442.898,2739.882,133.1449,Knife,100,100,-246.4075,-42.22979,0,False,False,False,209.5313,359.2969
friberg younited,CounterTerrorist,1433.312,2738.021,133.3945,Knife,100,100,-246.3234,-42.71775,0,False,False,False,208.8281,359.6484
friberg younited,CounterTerrorist,1423.614,2736.903,133.5445,Knife,100,100,-249.2426,-19.44574,0,False,False,False,205.6641,0.3515625
friberg younited,CounterTerrorist,1413.854,2736.666,133.5763,Knife,100,100,-249.9843,2.803521,0,False,False,False,201.7969,0.703125
friberg younited,CounterTerrorist,1404.111,2737.283,133.4378,Knife,100,100,-248.8131,24.33147,0,False,False,False,197.5781,1.054688
friberg younited,CounterTerrorist,1394.361,2737.794,133.2263,Knife,100,100,-249.9159,6.483776,0,False,False,False,194.0625,1.054688
friberg younited,CounterTerrorist,1384.596,2737.751,133.0787,Knife,100,100,-249.9394,-5.502415,0,False,False,False,191.6016,1.40625
friberg younited,CounterTerrorist,1374.84,2737.336,132.9743,Knife,100,100,-249.6269,-13.65385,0,False,False,False,190.1953,1.40625
friberg younited,CounterTerrorist,1365.098,2736.661,132.9003,Knife,100,100,-249.2446,-19.41945,0,False,False,False,189.8437,1.40625
friberg younited,CounterTerrorist,1355.37,2735.801,132.848,Knife,100,100,-248.8845,-23.59073,0,False,False,False,189.4922,1.40625
friberg younited,CounterTerrorist,1345.656,2734.803,132.8119,Knife,100,100,-248.562,-26.7754,0,False,False,False,189.4922,1.40625
friberg younited,CounterTerrorist,1335.953,2733.698,132.7882,Knife,100,100,-248.293,-29.16524,0,False,False,False,189.1406,1.40625
friberg younited,CounterTerrorist,1326.259,2732.518,132.7735,Knife,100,100,-248.0905,-30.83976,0,False,False,False,188.789,1.40625
friberg younited,CounterTerrorist,1316.571,2731.286,132.7648,Knife,100,100,-247.9557,-31.90557,0,False,False,False,188.4375,1.40625
friberg younited,CounterTerrorist,1306.887,2730.025,132.7596,Knife,100,100,-247.8804,-32.48545,0,False,False,False,188.0859,1.40625
friberg younited,CounterTerrorist,1297.205,2728.748,132.8364,Knife,100,100,-247.8386,-32.80257,0,False,False,False,187.7344,1.757813
friberg younited,CounterTerrorist,1287.525,2727.459,138.0313,Knife,100,100,-247.7932,-33.14368,0,False,False,False,188.0859,2.109375
friberg younited,CounterTerrorist,1277.848,2726.15,138.0313,Knife,100,100,-247.7081,-33.77454,0,False,False,False,188.4375,2.109375
friberg younited,CounterTerrorist,1268.173,2724.818,138.0313,Knife,100,100,-247.6366,-34.29491,0,False,False,False,188.4375,2.109375
friberg younited,CounterTerrorist,1260.436,2723.74,138.0313,Knife,100,100,-247.5878,-34.64492,0,False,False,False,188.4375,2.109375
friberg younited,CounterTerrorist,1248.832,2722.103,138.0313,Knife,100,100,-247.5267,-35.07879,0,False,False,False,188.4375,2.109375
friberg younited,CounterTerrorist,1239.164,2720.726,138.0313,Knife,100,100,-247.4851,-35.37144,0,False,False,False,188.4375,2.109375
friberg younited,CounterTerrorist,1229.497,2719.338,138.0313,Knife,100,100,-247.4504,-35.61308,0,False,False,False,188.4375,2.109375
friberg younited,CounterTerrorist,1219.832,2717.942,138.0313,Knife,100,100,-247.4216,-35.81263,0,False,False,False,188.4375,2.109375
friberg younited,CounterTerrorist,1210.167,2716.54,133.834,Knife,100,100,-247.3977,-35.97743,0,False,False,False,188.4375,2.109375
friberg younited,CounterTerrorist,1200.504,2715.131,133.8512,Knife,100,100,-247.3779,-36.11354,0,False,False,False,188.4375,2.109375
friberg younited,CounterTerrorist,1190.841,2713.718,133.8512,Knife,100,100,-247.3675,-36.18415,0,False,False,False,188.4375,2.109375
friberg younited,CounterTerrorist,1181.178,2712.305,133.867,Knife,100,100,-247.3711,-36.15959,0,False,False,False,188.0859,2.460938
friberg younited,CounterTerrorist,1171.515,2710.894,133.8829,Knife,100,100,-247.3798,-36.10042,0,False,False,False,188.0859,2.460938
friberg younited,CounterTerrorist,1163.784,2709.767,133.8829,Knife,100,100,-247.3878,-36.04533,0,False,False,False,188.0859,2.460938
friberg younited,CounterTerrorist,1152.187,2708.081,133.9005,Knife,100,100,-247.4061,-35.91955,0,False,False,False,188.0859,2.460938
friberg younited,CounterTerrorist,1142.516,2706.817,133.9005,Knife,100,100,-247.51,-23.22022,0,False,False,False,188.0859,3.164063
friberg younited,CounterTerrorist,1132.908,2706.74,133.8145,Knife,100,100,-245.0097,11.30676,0,False,False,False,188.0859,3.867188
friberg younited,CounterTerrorist,1123.384,2707.863,133.6263,Knife,100,100,-243.1212,39.59051,0,False,False,False,188.4375,5.273438
friberg younited,CounterTerrorist,1113.919,2709.963,133.3611,Knife,100,100,-241.8156,62.60874,0,False,False,False,189.1406,7.03125
friberg younited,CounterTerrorist,1104.481,2712.466,133.0645,Knife,100,100,-243.4398,56.89534,0,False,False,False,189.4922,9.140625
friberg younited,CounterTerrorist,1094.878,2714.223,133.0503,Knife,100,100,-247.1749,37.47784,0,False,False,False,190.1953,11.60156
friberg younited,CounterTerrorist,1085.173,2715.294,133.149,Knife,100,100,-249.1066,21.11683,0,False,False,False,190.5469,13.71094
friberg younited,CounterTerrorist,1075.421,2715.793,133.2427,Knife,100,100,-249.8856,7.562294,0,False,False,False,190.8984,16.52344
friberg younited,CounterTerrorist,1065.656,2715.822,133.3429,Knife,100,100,-249.9757,-3.487911,0,False,False,False,191.25,18.98438
friberg younited,CounterTerrorist,1055.897,2715.472,133.4638,Knife,100,100,-249.6946,-12.353,0,False,False,False,190.8984,21.79688
friberg younited,CounterTerrorist,1046.153,2714.824,133.6008,Knife,100,100,-249.2684,-19.11165,0,False,False,False,190.5469,24.96094
friberg younited,CounterTerrorist,1036.426,2713.961,133.7495,Knife,100,100,-248.8638,-23.80796,0,False,False,False,189.8437,27.77344
friberg younited,CounterTerrorist,1026.713,2712.953,133.906,Knife,100,100,-248.5406,-26.97384,0,False,False,False,189.1406,30.9375
friberg younited,CounterTerrorist,1017.01,2711.849,134.0676,Knife,100,100,-248.3153,-28.97451,0,False,False,False,188.4375,33.75
friberg younited,CounterTerrorist,1007.313,2710.688,134.2324,Knife,100,100,-248.1802,-30.10948,0,False,False,False,187.7344,36.5625
friberg younited,CounterTerrorist,997.6207,2709.497,134.3987,Knife,100,100,-248.103,-30.73951,0,False,False,False,187.7344,40.07813
friberg younited,CounterTerrorist,987.9293,2708.296,145.4629,Knife,100,100,-248.103,-30.73951,267.6184,False,False,False,188.0859,43.24219
friberg younited,CounterTerrorist,978.2378,2707.095,155.3064,Knife,100,100,-248.103,-30.73951,236.3684,False,False,False,189.1406,46.40625
friberg younited,CounterTerrorist,968.7935,2704.477,163.9293,Knife,100,100,-239.8188,-77.69998,205.1184,False,False,False,191.25,49.21875
friberg younited,CounterTerrorist,959.4847,2701.172,171.3314,Knife,100,100,-237.1199,-89.58829,173.8684,False,False,False,193.711,50.97656
friberg younited,CounterTerrorist,950.3285,2697.295,177.5128,Knife,100,100,-232.28,-106.1826,142.6184,False,False,False,197.9297,51.32813
friberg younited,CounterTerrorist,941.3682,2692.826,182.4735,Knife,100,100,-227.2476,-120.1328,111.3684,False,False,False,201.0938,50.97656
friberg younited,CounterTerrorist,932.6211,2687.823,186.2135,Flash,100,100,-221.5592,-133.4629,80.11838,False,False,False,204.2578,49.57031
friberg younited,CounterTerrorist,924.1227,2682.288,188.7328,Flash,100,100,-215.0332,-146.6278,48.86838,False,False,False,207.7734,47.8125
friberg younited,CounterTerrorist,915.8412,2676.345,190.0314,M4A4,100,100,-210.3161,-155.1478,17.61838,False,False,False,209.8828,46.05469
friberg younited,CounterTerrorist,907.7126,2670.137,190.1093,M4A4,100,100,-206.7214,-161.1877,-13.63162,False,False,False,211.289,44.64844
friberg younited,CounterTerrorist,899.7394,2663.679,188.9665,M4A4,100,100,-202.3465,-168.068,-44.88162,False,False,False,213.0469,42.53906
friberg younited,CounterTerrorist,891.9742,2656.91,186.603,M4A4,100,100,-196.3214,-176.8127,-76.13162,False,False,False,215.5078,40.42969
friberg younited,CounterTerrorist,884.4839,2649.765,183.0188,M4A4,100,100,-187.8966,-187.8654,-107.3816,False,False,False,218.3203,38.32031
friberg younited,CounterTerrorist,877.4644,2642.054,178.2139,M4A4,100,100,-173.6239,-204.0888,-138.6316,False,False,False,223.2422,35.85938
friberg younited,CounterTerrorist,871.2136,2633.576,172.1882,M4A4,100,100,-150.452,-225.4954,-169.8816,False,False,False,229.9219,33.04688
friberg younited,CounterTerrorist,866.0338,2624.253,164.9419,M4A4,100,100,-120.3929,-246.8268,-201.1316,False,False,False,237.6563,30.23438
friberg younited,CounterTerrorist,862.1024,2614.191,156.4749,M4A4,100,100,-86.64276,-264.3794,-232.3816,False,False,False,245.7422,27.77344
friberg younited,CounterTerrorist,859.507,2603.564,146.7872,M4A4,100,100,-52.49433,-276.6918,-263.6316,False,False,False,253.125,25.3125
friberg younited,CounterTerrorist,858.2523,2592.563,152.4648,Flash,100,100,-20.97673,-283.8981,235.8737,False,False,False,259.8047,22.85156
friberg younited,CounterTerrorist,858.111,2581.382,161.0682,Flash,100,100,5.839917,-287.1773,204.6237,False,False,False,265.0781,20.74219
friberg younited,CounterTerrorist,858.7579,2570.141,168.451,Flash,100,100,23.00173,-288.0002,173.3737,False,False,False,268.5938,19.33594
friberg younited,CounterTerrorist,859.9793,2558.891,174.613,Flash,100,100,35.65097,-287.9709,142.1237,False,False,False,271.0547,18.28125
friberg younited,CounterTerrorist,861.5758,2547.649,179.5543,Flash,100,100,43.58028,-287.683,110.8737,False,False,False,272.8125,17.57813
friberg younited,CounterTerrorist,863.4032,2536.418,183.2749,Flash,100,100,48.46607,-287.4023,79.62375,False,False,False,273.5156,17.22656
friberg younited,CounterTerrorist,865.3766,2525.197,185.7749,Flash,100,100,51.7659,-287.1682,48.37375,False,False,False,274.2188,16.875
friberg younited,CounterTerrorist,867.244,2513.967,187.0541,Flash,100,100,40.7093,-288.0669,17.12375,False,False,False,274.5703,16.875
friberg younited,CounterTerrorist,868.2518,2502.666,187.1126,Flash,100,100,7.224047,-290.8227,-14.12625,False,False,False,274.5703,16.875
friberg younited,CounterTerrorist,867.958,2491.26,185.9504,Flash,100,100,-9.137811,-292.1376,-45.37625,False,False,False,274.2188,16.52344
friberg younited,CounterTerrorist,867.3218,2479.834,183.5675,Flash,100,100,-22.78601,-292.7248,-76.62625,False,False,False,271.4063,16.52344
friberg younited,CounterTerrorist,865.9835,2468.402,179.9639,Flash,100,100,-43.69752,-292.3337,-107.8763,False,False,False,267.1875,16.52344
friberg younited,CounterTerrorist,863.6854,2457.034,175.1396,Flash,100,100,-68.38656,-289.9231,-139.1263,False,False,False,262.6172,16.17188
friberg younited,CounterTerrorist,860.3112,2445.835,169.0947,Flash,100,100,-96.65366,-284.5049,-170.3763,False,False,False,256.9922,15.46875
friberg younited,CounterTerrorist,855.9441,2434.884,161.8289,Flash,100,100,-117.8736,-278.5431,-201.6263,False,False,False,252.0703,14.41406
friberg younited,CounterTerrorist,851.3396,2424.004,153.3425,Flash,100,100,-117.8736,-278.5431,-232.8763,False,False,False,248.2031,13.00781
friberg younited,CounterTerrorist,847.0859,2413.953,144.0313,Flash,100,100,-72.96709,-172.4261,0,False,False,False,246.0938,11.95313
friberg younited,CounterTerrorist,843.4225,2407.517,144.0313,Flash,100,100,-106.8428,-159.8555,0,False,False,False,245.0391,10.54688
friberg younited,CounterTerrorist,838.5724,2401.533,144.0313,Flash,100,100,-135.0008,-148.9978,0,False,False,False,245.0391,9.140625
friberg younited,CounterTerrorist,832.786,2395.875,144.0313,Flash,100,100,-152.5122,-146.3638,0,False,False,False,245.7422,7.734375
friberg younited,CounterTerrorist,826.9807,2389.678,144.0313,Flash,100,100,-146.1752,-166.3401,0,False,False,False,246.0938,7.382813
friberg younited,CounterTerrorist,821.3968,2382.784,144.0313,Flash,100,100,-140.93,-182.8461,0,False,False,False,246.0938,7.382813
friberg younited,CounterTerrorist,815.9959,2375.313,144.0313,Flash,100,100,-136.5971,-196.4808,0,False,False,False,246.0938,7.382813
friberg younited,CounterTerrorist,810.7544,2367.381,141.4122,Flash,100,100,-132.1103,-206.3295,0,False,False,False,246.0938,7.382813
friberg younited,CounterTerrorist,805.7769,2359.21,138.9234,Flash,100,100,-121.7397,-212.3696,0,False,False,False,246.0938,7.382813
friberg younited,CounterTerrorist,801.9597,2350.687,137.0148,Flash,100,100,-82.70159,-221.8303,0,False,False,False,246.0938,7.382813
friberg younited,CounterTerrorist,799.5042,2341.834,135.7389,Flash,100,100,-50.45435,-229.6452,0,False,False,False,246.0938,7.382813
friberg younited,CounterTerrorist,798.1735,2332.708,130.122,Flash,100,100,-23.81667,-236.1007,0,False,False,False,246.0938,7.382813
friberg younited,CounterTerrorist,797.772,2323.358,130.5042,Flash,100,100,-1.812754,-241.4333,0,False,False,False,246.0938,7.382813
friberg younited,CounterTerrorist,798.1372,2313.834,131.0416,Flash,100,100,16.27641,-244.4588,0,False,False,False,246.0938,7.382813
friberg younited,CounterTerrorist,799.1223,2304.316,131.6466,Flash,100,100,30.75164,-243.0624,0,False,False,False,246.0938,7.382813
friberg younited,CounterTerrorist,800.541,2294.854,132.2961,Flash,100,100,34.3647,-242.4086,0,False,False,False,246.0938,7.382813
friberg younited,CounterTerrorist,801.254,2285.316,132.613,Flash,100,100,8.166584,-244.8638,0,False,False,False,246.0938,7.382813
friberg younited,CounterTerrorist,801.0555,2275.751,132.8055,Flash,100,100,-13.30064,-244.6387,0,False,False,False,246.0938,7.382813
friberg younited,CounterTerrorist,800.1176,2266.229,132.916,Flash,100,100,-30.67062,-243.0726,0,False,False,False,246.0938,7.03125
friberg younited,CounterTerrorist,798.5776,2256.785,132.9407,Flash,100,100,-44.89411,-240.8517,0,False,False,False,245.3906,6.328125
friberg younited,CounterTerrorist,796.5417,2247.434,132.8152,Flash,100,100,-56.63958,-238.3631,0,False,False,False,245.0391,5.625
friberg younited,CounterTerrorist,794.0946,2238.183,132.6622,Flash,100,100,-66.41242,-235.827,0,False,False,False,244.6875,4.921875
friberg younited,CounterTerrorist,791.3098,2229.027,132.4882,Flash,100,100,-74.29195,-233.4646,0,False,False,False,244.6875,4.570313
friberg younited,CounterTerrorist,788.2587,2219.956,132.2975,Flash,100,100,-80.46018,-231.4112,0,False,False,False,244.6875,4.570313
friberg younited,CounterTerrorist,784.9982,2210.958,132.0937,Flash,100,100,-85.32912,-229.6605,0,False,False,False,244.3359,4.921875
friberg younited,CounterTerrorist,781.5693,2202.023,131.8794,Flash,100,100,-89.31287,-228.1408,0,False,False,False,244.3359,4.921875
friberg younited,CounterTerrorist,778.0022,2193.143,131.6564,Flash,100,100,-92.56605,-226.8403,0,False,False,False,243.9844,4.921875
friberg younited,CounterTerrorist,774.3545,2184.373,131.4285,Flash,100,100,-91.16225,-217.4787,0,False,False,False,243.9844,4.921875
friberg younited,CounterTerrorist,771.1746,2176.787,131.2297,Flash,100,100,-75.30412,-179.6472,0,False,False,False,244.3359,4.921875
friberg younited,CounterTerrorist,768.5479,2170.52,131.0656,Flash,100,100,-62.20458,-148.3966,0,False,False,False,244.3359,4.921875
friberg younited,CounterTerrorist,766.47,2165.579,130.9357,Flash,100,100,-49.72533,-117.2951,0,False,False,False,244.3359,4.921875
friberg younited,CounterTerrorist,764.5029,2161.008,130.8127,Flash,100,100,-50.74876,-116.856,0,False,False,False,244.3359,4.921875
friberg younited,CounterTerrorist,762.5006,2156.452,130.6876,Flash,100,100,-51.57538,-116.4935,0,False,False,False,244.3359,4.921875
friberg younited,CounterTerrorist,760.4701,2151.908,130.5607,Flash,100,100,-52.2254,-116.2036,0,False,False,False,244.3359,4.921875
friberg younited,CounterTerrorist,758.4193,2147.374,130.4325,Flash,100,100,-52.64573,-116.0137,0,False,False,False,244.6875,4.921875
friberg younited,CounterTerrorist,756.3601,2142.843,130.3038,Flash,100,100,-52.71023,-115.9844,0,False,False,False,245.7422,4.921875
friberg younited,CounterTerrorist,754.3072,2138.31,130.1851,Flash,100,100,-52.41367,-116.1188,0,False,False,False,246.7969,4.921875
friberg younited,CounterTerrorist,752.2704,2133.769,130.1174,Flash,100,100,-51.95646,-116.3241,0,False,False,False,247.1484,4.921875
friberg younited,CounterTerrorist,750.2509,2129.221,130.0313,Flash,100,100,-51.53595,-116.511,0,False,False,False,247.1484,4.921875
friberg younited,CounterTerrorist,748.2462,2124.666,129.8774,Flash,100,100,-51.18884,-116.6639,0,False,False,False,247.1484,4.921875
friberg younited,CounterTerrorist,746.2532,2120.106,129.7619,Flash,100,100,-50.91858,-116.7821,0,False,False,False,247.1484,4.921875
friberg younited,CounterTerrorist,744.2664,2115.543,129.6688,Flash,100,100,-50.88218,-116.798,0,False,False,False,246.0938,4.921875
friberg younited,CounterTerrorist,742.2685,2110.985,129.5751,Flash,100,100,-51.4089,-116.5671,0,False,False,False,244.3359,4.921875
friberg younited,CounterTerrorist,740.2543,2106.435,129.4807,Flash,100,100,-50.19464,-117.0951,0,False,False,False,242.5781,4.570313
friberg younited,CounterTerrorist,738.6877,2101.743,129.4073,Flash,100,100,-33.89146,-121.9984,0,False,False,False,241.1719,4.570313
friberg younited,CounterTerrorist,737.6729,2096.883,129.3597,Flash,100,100,-21.0957,-125.6413,0,False,False,False,239.0625,4.570313
friberg younited,CounterTerrorist,737.0904,2091.941,129.3324,Flash,100,100,-11.17293,-126.9091,0,False,False,False,237.3047,4.570313
friberg younited,CounterTerrorist,736.6384,2086.987,129.3112,Flash,100,100,-16.12484,-126.3754,0,False,False,False,236.25,4.570313
friberg younited,CounterTerrorist,735.7289,2082.095,129.2686,Flash,100,100,-27.70821,-124.3504,0,False,False,False,235.8984,4.570313
friberg younited,CounterTerrorist,734.424,2077.294,129.2074,Flash,100,100,-36.91888,-121.9334,0,False,False,False,235.8984,4.570313
friberg younited,CounterTerrorist,733.2678,2072.455,129.1532,Flash,100,100,-24.96444,-124.9301,0,False,False,False,236.6016,4.570313
friberg younited,CounterTerrorist,732.5463,2067.533,129.1194,Flash,100,100,-14.19355,-126.6069,0,False,False,False,240.1172,4.921875
friberg younited,CounterTerrorist,732.2553,2062.566,129.1058,Flash,100,100,-2.770787,-127.3699,0,False,False,False,247.8516,5.273438
friberg younited,CounterTerrorist,731.9661,2057.599,129.0807,Flash,100,100,-9.733445,-127.0276,0,False,False,False,256.2891,5.273438
friberg younited,CounterTerrorist,731.5305,2052.641,128.9187,Flash,100,100,-11.53924,-126.8763,0,False,False,False,264.375,5.273438
friberg younited,CounterTerrorist,731.0994,2047.683,128.7568,Flash,100,100,-10.4088,-126.9741,0,False,False,False,269.6484,5.273438
friberg younited,CounterTerrorist,730.7565,2042.719,128.5989,Flash,100,100,-7.549796,-127.1761,0,False,False,False,273.1641,5.273438
friberg younited,CounterTerrorist,730.539,2037.747,128.4467,Flash,100,100,-4.2604,-127.3288,0,False,False,False,274.5703,4.921875
friberg younited,CounterTerrorist,730.4436,2032.771,128.3,Flash,100,100,-1.272983,-127.3936,0,False,False,False,275.2734,4.921875
friberg younited,CounterTerrorist,730.4604,2027.795,128.1586,Flash,100,100,1.572738,-127.3903,0,False,False,False,276.3281,4.921875
friberg younited,CounterTerrorist,730.5887,2022.82,128.0225,Flash,100,100,4.428166,-127.323,0,False,False,False,277.7344,4.921875
friberg younited,CounterTerrorist,730.8266,2017.849,127.8916,Flash,100,100,7.173526,-127.1979,0,False,False,False,278.7891,4.921875
friberg younited,CounterTerrorist,731.1686,2012.885,127.7658,Flash,100,100,9.80209,-127.0224,0,False,False,False,279.8438,4.921875
friberg younited,CounterTerrorist,731.6108,2007.928,127.5434,Flash,100,100,12.27825,-126.807,0,False,False,False,280.1953,4.570313
friberg younited,CounterTerrorist,732.1387,2002.979,127.2394,Flash,100,100,14.27665,-126.5975,0,False,False,False,280.1953,4.570313
friberg younited,CounterTerrorist,732.7347,1998.039,127.1282,Flash,100,100,15.8663,-126.4081,0,False,False,False,280.1953,4.570313
friberg younited,CounterTerrorist,733.3854,1993.105,127.1462,Flash,100,100,17.14628,-126.2409,0,False,False,False,280.1953,4.570313
friberg younited,CounterTerrorist,734.11,1988.189,127.1846,Flash,100,100,22.00048,-124.6235,0,False,False,False,280.1953,4.570313
friberg younited,CounterTerrorist,735.3994,1983.481,127.2531,Flash,100,100,39.88817,-117.9293,0,False,False,False,280.1953,4.570313
friberg younited,CounterTerrorist,737.3127,1979.008,127.3428,Flash,100,100,54.66422,-112.3995,0,False,False,False,280.1953,4.570313
friberg younited,CounterTerrorist,739.7413,1974.727,127.4567,Flash,100,100,66.86989,-107.8317,0,False,False,False,280.1953,4.570313
friberg younited,CounterTerrorist,742.4094,1970.527,127.5817,Flash,100,100,65.40939,-109.3269,0,False,False,False,280.1953,4.570313
friberg younited,CounterTerrorist,744.7731,1966.149,127.6925,Flash,100,100,57.4278,-113.7225,0,False,False,False,280.1953,4.570313
friberg younited,CounterTerrorist,747.145,1961.776,127.8037,Flash,100,100,65.20692,-109.4478,0,False,False,False,280.1953,4.570313
friberg younited,CounterTerrorist,749.9127,1957.642,127.9334,Flash,100,99,74.29618,-103.4932,0,False,False,False,280.1953,4.570313
friberg younited,CounterTerrorist,752.9573,1953.706,128.0762,Flash,100,99,77.87314,-100.8292,0,False,False,False,280.1953,4.570313
friberg younited,CounterTerrorist,755.7645,1949.599,128.2077,Flash,100,99,68.04827,-107.7042,0,False,False,False,280.1953,4.570313
friberg younited,CounterTerrorist,758.2213,1945.272,128.3229,Flash,100,99,59.64679,-112.5745,0,False,False,False,280.1953,4.570313
friberg younited,CounterTerrorist,760.3825,1940.79,128.4242,Flash,100,99,52.6274,-116.0221,0,False,False,False,280.1953,4.570313
friberg younited,CounterTerrorist,762.2993,1936.198,128.5141,Flash,100,99,46.85092,-118.4726,0,False,False,False,280.1953,4.570313
friberg younited,CounterTerrorist,764.0158,1931.527,128.5791,Flash,100,99,42.13177,-120.2317,0,False,False,False,280.1953,4.570313
friberg younited,CounterTerrorist,765.3868,1926.804,128.6588,Flash,100,99,26.77478,-121.2229,0,False,False,False,280.1953,4.570313
friberg younited,CounterTerrorist,765.9635,1922.052,128.6792,Flash,100,99,7.314001,-121.974,0,False,False,False,281.25,4.570313
friberg younited,CounterTerrorist,765.877,1917.263,128.6792,Flash,100,99,-8.001914,-123.0872,0,False,False,False,284.0625,4.570313
friberg younited,CounterTerrorist,765.2316,1912.486,128.6515,Flash,100,99,-24.4133,-118.7726,0,False,False,False,290.0391,3.867188
friberg younited,CounterTerrorist,763.8021,1908.083,128.5845,Flash,100,99,-43.93142,-109.4977,0,False,False,False,299.5313,3.164063
friberg younited,CounterTerrorist,761.7502,1903.902,128.4883,Flash,100,99,-57.44478,-106.14,0,False,False,False,311.1328,2.460938
friberg younited,CounterTerrorist,759.3161,1899.735,128.3742,Flash,100,99,-64.75033,-107.5322,0,False,False,False,323.7891,1.40625
friberg younited,CounterTerrorist,756.4468,1895.818,128.2397,Flash,100,99,-78.62753,-96.61794,0,False,False,False,337.8516,0.3515625
friberg younited,CounterTerrorist,753.1494,1892.149,128.0852,Flash,100,99,-87.44027,-92.65504,0,False,False,False,349.4531,359.2969
friberg younited,CounterTerrorist,749.6805,1888.581,128.0772,Flash,100,99,-89.148,-91.01314,0,False,False,False,0,357.8906
friberg younited,CounterTerrorist,748.9407,1888.028,128.1195,Flash,100,99,5.106666E-09,-0.444921,0,False,False,False,4.570313,356.8359
friberg younited,CounterTerrorist,748.9407,1888.011,128.1195,Flash,100,99,5.106666E-09,-0.444921,0,False,False,False,4.570313,356.8359
friberg younited,CounterTerrorist,748.9407,1888,128.1195,Flash,100,99,-6.215525E-13,0,0,False,False,False,4.570313,356.8359
friberg younited,CounterTerrorist,748.9407,1888,128.1195,Flash,100,99,-6.215525E-13,0,0,False,False,False,4.570313,356.8359
friberg younited,CounterTerrorist,748.9407,1888,128.1195,Flash,100,99,-6.215525E-13,0,0,False,False,False,4.570313,356.8359
friberg younited,CounterTerrorist,748.9407,1888,128.1195,Flash,100,99,-6.215525E-13,0,0,False,False,False,4.570313,356.8359
friberg younited,CounterTerrorist,748.9407,1888,128.1195,Flash,100,99,-6.215525E-13,0,0,False,False,False,4.570313,356.8359
friberg younited,CounterTerrorist,748.9407,1888,128.1195,Flash,100,99,-6.215525E-13,0,0,False,False,False,4.570313,356.8359
friberg younited,CounterTerrorist,748.9407,1888,128.1195,Flash,100,99,-6.215525E-13,0,0,False,False,False,4.570313,356.8359
friberg younited,CounterTerrorist,748.9407,1888,128.1195,Flash,100,99,-6.215525E-13,0,0,False,False,False,4.570313,356.8359
friberg younited,CounterTerrorist,748.9407,1888,128.1195,Flash,100,99,-6.215731E-13,0,0,False,False,False,4.570313,357.1875
friberg younited,CounterTerrorist,748.9407,1888,128.1195,Flash,100,99,-6.197248E-13,0,0,False,False,False,6.328125,357.1875
friberg younited,CounterTerrorist,748.9407,1888.139,128.114,Flash,100,99,-1.416631E-07,4.397513,0,False,False,False,13.35938,357.5391
friberg younited,CounterTerrorist,748.9407,1888.501,128.0933,Flash,100,99,-4.412877E-07,13.90843,0,False,False,False,28.47656,358.5938
friberg younited,CounterTerrorist,748.9407,1889.228,128.0518,Flash,100,99,-6.671897E-07,20.71094,0,False,False,False,52.03125,0.3515625
friberg younited,CounterTerrorist,748.9407,1890.135,127.9999,Flash,100,99,0,23.55298,0,False,False,False,79.45313,1.40625
friberg younited,CounterTerrorist,748.9407,1890.726,127.9662,Flash,100,99,0,7.027446,0,False,False,False,100.5469,2.460938
friberg younited,CounterTerrorist,748.9407,1890.677,127.9654,Flash,100,99,0,0,0,False,False,False,113.5547,3.164063
friberg younited,CounterTerrorist,748.9407,1890.677,127.9654,Flash,100,99,0,0,0,False,False,False,121.6406,3.867188
friberg younited,CounterTerrorist,748.9407,1890.677,127.9654,Flash,100,99,0,0,0,False,False,False,125.8594,4.21875
friberg younited,CounterTerrorist,748.9407,1890.677,127.9654,Flash,100,99,0,0,0,False,False,False,128.6719,4.570313
friberg younited,CounterTerrorist,748.9407,1890.677,127.9654,Flash,100,99,0,0,0,False,False,False,132.8906,4.921875
friberg younited,CounterTerrorist,748.9407,1890.677,127.9654,Flash,100,99,0,0,0,False,False,False,137.1094,4.921875
friberg younited,CounterTerrorist,748.9407,1890.677,127.9654,Flash,100,99,0,0,0,False,False,False,137.4609,4.570313
friberg younited,CounterTerrorist,748.9407,1890.677,127.9654,Flash,100,99,0,0,0,False,False,False,137.1094,4.570313
friberg younited,CounterTerrorist,748.9407,1890.677,127.9654,Flash,100,99,0,0,0,False,False,False,137.1094,4.570313
friberg younited,CounterTerrorist,748.9407,1890.677,127.9654,Flash,100,99,0,0,0,False,False,False,137.1094,4.570313
friberg younited,CounterTerrorist,748.9407,1890.677,127.9654,Flash,100,99,0,0,0,False,False,False,137.1094,4.570313
friberg younited,CounterTerrorist,748.9407,1890.677,127.9654,Flash,100,99,0,0,0,False,False,False,137.1094,4.570313
friberg younited,CounterTerrorist,748.9407,1890.677,127.9654,Flash,100,99,0,0,0,False,False,False,137.1094,4.570313
friberg younited,CounterTerrorist,748.9407,1890.677,127.9654,Flash,100,99,0,0,0,False,False,False,137.1094,4.570313
friberg younited,CounterTerrorist,748.9407,1890.677,127.9654,Flash,100,99,0,0,0,False,False,False,137.1094,4.570313
friberg younited,CounterTerrorist,748.9407,1890.677,127.9654,Flash,100,99,0,0,0,False,False,False,137.4609,4.570313
friberg younited,CounterTerrorist,748.9407,1890.677,127.9654,Flash,100,99,0,0,0,False,False,False,137.8125,4.570313
friberg younited,CounterTerrorist,748.9407,1890.677,127.9654,Flash,100,99,0,0,0,False,False,False,137.8125,4.570313
friberg younited,CounterTerrorist,748.9407,1890.677,127.9654,Flash,100,99,0,0,0,False,False,False,139.2188,4.570313
friberg younited,CounterTerrorist,748.9407,1890.677,127.9654,Flash,100,99,0,0,0,False,False,False,142.3828,4.21875
friberg younited,CounterTerrorist,748.9407,1890.677,127.9654,Flash,100,99,0,0,0,False,False,False,146.6016,3.867188
friberg younited,CounterTerrorist,748.9407,1890.677,127.9654,Flash,100,99,0,0,0,False,False,False,149.7656,3.515625
friberg younited,CounterTerrorist,748.9407,1890.677,127.9654,Flash,100,99,0,0,0,False,False,False,149.7656,3.164063
friberg younited,CounterTerrorist,748.9407,1890.677,127.9654,Flash,100,99,0,0,0,False,False,False,149.7656,3.164063
friberg younited,CounterTerrorist,748.9407,1890.677,127.9654,Flash,100,99,0,0,0,False,False,False,149.7656,3.164063
friberg younited,CounterTerrorist,748.9407,1890.677,127.9654,Flash,100,99,0,0,0,False,False,False,149.7656,3.164063
friberg younited,CounterTerrorist,748.9407,1890.677,127.9654,M4A4,100,99,0,0,0,False,False,False,149.7656,3.164063
friberg younited,CounterTerrorist,748.9407,1890.677,127.9654,M4A4,100,99,0,0,0,False,False,False,149.7656,3.164063
friberg younited,CounterTerrorist,748.9407,1890.677,127.9654,M4A4,100,99,0,0,0,False,False,False,149.7656,3.164063
friberg younited,CounterTerrorist,748.9407,1890.677,127.9654,M4A4,100,99,0,0,0,False,False,False,149.7656,3.164063
friberg younited,CounterTerrorist,748.9407,1890.677,127.9654,M4A4,100,99,0,0,0,False,False,False,149.7656,3.164063
friberg younited,CounterTerrorist,748.9407,1890.677,127.9654,M4A4,100,99,0,0,0,False,False,False,149.7656,3.164063
friberg younited,CounterTerrorist,748.9407,1890.677,127.9654,M4A4,100,99,0,0,0,False,False,False,149.7656,3.164063
friberg younited,CounterTerrorist,748.9407,1890.677,127.9654,M4A4,100,99,0,0,0,False,False,False,149.7656,3.164063
friberg younited,CounterTerrorist,748.9407,1890.677,127.9654,M4A4,100,99,0,0,0,False,False,False,149.4141,3.515625
friberg younited,CounterTerrorist,748.9407,1890.677,127.9654,M4A4,100,99,0,0,0,False,False,False,150.1172,3.515625
friberg younited,CounterTerrorist,749.0398,1890.861,127.9569,M4A4,100,99,7.973581,14.87216,0,False,False,False,151.875,3.515625
friberg younited,CounterTerrorist,749.5679,1891.892,127.9115,M4A4,100,99,15.77608,31.68414,0,False,False,False,155.7422,3.164063
friberg younited,CounterTerrorist,750.2943,1893.449,127.9513,M4A4,100,99,20.29407,45.38655,0,False,False,False,159.9609,3.164063
friberg younited,CounterTerrorist,751.1663,1895.552,127.9836,M4A4,100,99,23.51348,59.50916,0,False,False,False,163.4766,2.460938
friberg younited,CounterTerrorist,752.1354,1898.214,128.0376,M4A4,100,99,25.54216,73.89631,0,False,False,False,166.9922,2.109375
friberg younited,CounterTerrorist,753.1548,1901.412,128.0758,M4A4,100,99,26.29948,86.9056,0,False,False,False,169.4531,1.757813
friberg younited,CounterTerrorist,754.1796,1905.068,128.1335,M4A4,100,99,26.09971,97.80509,0,False,False,False,170.8594,1.40625
friberg younited,CounterTerrorist,755.1836,1909.107,128.1712,M4A4,100,99,25.39036,106.8947,0,False,False,False,171.9141,1.40625
friberg younited,CounterTerrorist,756.1511,1913.464,128.2259,M4A4,100,99,24.28428,114.452,0,False,False,False,173.3203,1.054688
friberg younited,CounterTerrorist,757.0413,1917.947,128.2596,M4A4,100,99,21.75657,114.9593,0,False,False,False,175.0781,1.054688
friberg younited,CounterTerrorist,757.828,1922.449,128.2975,M4A4,100,99,19.05542,115.4378,0,False,False,False,176.4844,0.703125
friberg younited,CounterTerrorist,758.5131,1926.968,128.3366,M4A4,100,99,16.57568,115.8199,0,False,False,False,177.1875,0.703125
friberg younited,CounterTerrorist,759.098,1931.167,128.3537,M4A4,100,99,13.84923,99.45308,0,False,False,False,177.1875,0.703125
friberg younited,CounterTerrorist,759.56,1934.207,128.3735,M4A4,100,99,10.37665,60.48405,0,False,False,False,177.1875,0.703125
friberg younited,CounterTerrorist,759.8719,1935.581,128.3892,M4A4,100,99,6.198121,18.32378,0,False,False,False,177.5391,0.703125
friberg younited,CounterTerrorist,759.8643,1935.523,128.3892,M4A4,100,99,-6.539949,-7.683541,0,False,False,False,177.5391,0.703125
friberg younited,CounterTerrorist,759.3436,1935.012,128.3755,M4A4,100,99,-17.69436,-16.83811,0,False,False,False,177.5391,0.703125
friberg younited,CounterTerrorist,758.2581,1933.998,128.3246,M4A4,100,99,-37.56551,-34.88813,0,False,False,False,177.5391,0.703125
friberg younited,CounterTerrorist,756.1841,1932.079,128.2274,M4A4,100,99,-63.36314,-58.52922,0,False,False,False,177.5391,0.703125
friberg younited,CounterTerrorist,753.5385,1929.594,128.1034,M4A4,100,99,-67.7765,-68.05674,0,False,False,False,177.8906,0.3515625
friberg younited,CounterTerrorist,751.1528,1926.586,127.9916,M4A4,100,99,-56.83924,-82.58715,0,False,False,False,178.5938,0.3515625
friberg younited,CounterTerrorist,749.1617,1923.375,127.8982,M4A4,100,99,-47.1535,-72.48321,0,False,False,False,179.6484,0.3515625
friberg younited,CounterTerrorist,748.9377,1921.536,127.8877,M4A4,100,99,9.54431E-07,-30.0816,0,False,False,False,181.4063,0.3515625
friberg younited,CounterTerrorist,748.9377,1921.313,127.8877,M4A4,100,99,-2.096389E-07,6.764831,0,False,False,False,183.1641,0.3515625
friberg younited,CounterTerrorist,748.9377,1921.913,127.8877,M4A4,100,99,-6.684529E-07,21.06819,0,False,False,False,184.5703,0.3515625
friberg younited,CounterTerrorist,748.9377,1923.07,127.8877,M4A4,100,99,-1.120067E-06,35.30209,0,False,False,False,186.3281,0.3515625
friberg younited,CounterTerrorist,748.9377,1924.781,127.8877,M4A4,100,99,-1.569952E-06,49.48148,0,False,False,False,186.6797,0.3515625
friberg younited,CounterTerrorist,748.9377,1927.046,127.8877,M4A4,100,99,-2.019676E-06,63.65583,0,False,False,False,186.6797,0.3515625
friberg younited,CounterTerrorist,748.9377,1929.865,127.8877,M4A4,100,99,-2.469401E-06,77.83018,0,False,False,False,186.6797,0.3515625
friberg younited,CounterTerrorist,748.9377,1933.209,127.8877,M4A4,100,99,-2.871017E-06,90.48824,0,False,False,False,186.6797,0.3515625
friberg younited,CounterTerrorist,748.9377,1936.995,127.8877,M4A4,100,99,-3.20277E-06,100.9444,0,False,False,False,186.6797,0.3515625
friberg younited,CounterTerrorist,748.9533,1940.757,127.8877,M4A4,100,99,1.323588,82.18394,0,False,False,False,186.6797,0.3515625
friberg younited,CounterTerrorist,749.0731,1942.966,127.8877,M4A4,100,99,4.094936,39.63058,0,False,False,False,186.6797,0.3515625
friberg younited,CounterTerrorist,749.247,1943.532,127.8877,M4A4,100,99,3.57862,-1.842057,0,False,False,False,186.6797,0.3515625
friberg younited,CounterTerrorist,749.3229,1943.063,127.9035,M4A4,100,99,2.386576,-17.74981,0,False,False,False,187.0313,0.3515625
friberg younited,CounterTerrorist,749.4388,1942.168,127.9035,M4A4,100,99,2.670134,-20.73794,0,False,False,False,187.0313,0.3515625
friberg younited,CounterTerrorist,749.5011,1941.684,127.9035,M4A4,100,99,0.8743269,-6.790574,0,False,False,False,187.0313,0.3515625
friberg younited,CounterTerrorist,749.5063,1941.644,127.9035,M4A4,100,99,0,0,0,False,False,False,187.0313,0.3515625
friberg younited,CounterTerrorist,749.5063,1941.644,127.9035,M4A4,100,99,0,0,0,False,False,False,187.0313,0.3515625
friberg younited,CounterTerrorist,749.5314,1941.445,127.9035,M4A4,100,99,1.428219,-11.34798,0,False,False,False,187.0313,0.3515625
friberg younited,CounterTerrorist,749.6294,1940.667,127.9202,M4A4,100,99,3.223248,-25.61046,0,False,False,False,187.0313,0.3515625
friberg younited,CounterTerrorist,749.7973,1939.332,127.9202,M4A4,100,99,5.018276,-39.87294,0,False,False,False,187.0313,0.3515625
friberg younited,CounterTerrorist,750.0353,1937.44,127.9367,M4A4,100,99,6.803899,-54.1366,0,False,False,False,187.0313,0.3515625
friberg younited,CounterTerrorist,750.34,1934.991,127.9535,M4A4,100,99,8.426005,-68.42012,0,False,False,False,186.6797,0.3515625
friberg younited,CounterTerrorist,750.6062,1932.867,127.9535,M4A4,100,99,4.935186,-37.49312,0,False,False,False,185.625,0.3515625
friberg younited,CounterTerrorist,750.6855,1932.391,127.9693,M4A4,100,99,-0.1944414,4.637894,0,False,False,False,184.9219,0.3515625
friberg younited,CounterTerrorist,750.6439,1932.908,127.9677,M4A4,100,99,-1.522163,18.95439,0,False,False,False,184.5703,0.3515625
friberg younited,CounterTerrorist,750.5836,1933.674,127.9649,M4A4,100,99,-0.8828408,10.60406,0,False,False,False,183.8672,0.3515625
friberg younited,CounterTerrorist,750.6011,1933.379,127.9648,M4A4,100,99,0.8972717,-14.28434,0,False,False,False,183.5156,0.3515625
friberg younited,CounterTerrorist,750.6568,1932.484,127.9648,M4A4,100,99,1.778704,-28.6323,0,False,False,False,183.5156,0.3515625
friberg younited,CounterTerrorist,750.747,1931.03,127.9648,M4A4,100,99,2.667492,-42.9798,0,False,False,False,183.5156,0.3515625
friberg younited,CounterTerrorist,750.8699,1929.059,127.9648,M4A4,100,99,3.223948,-51.64946,0,False,False,False,183.5156,0.3515625
friberg younited,CounterTerrorist,750.9468,1927.814,127.9811,M4A4,100,99,0.8922478,-14.91091,0,False,False,False,183.8672,0.3515625
friberg younited,CounterTerrorist,750.9351,1927.98,127.9811,M4A4,100,99,-0.7502551,11.41287,0,False,False,False,183.8672,0.3515625
friberg younited,CounterTerrorist,750.8837,1928.762,127.979,M4A4,100,99,-1.693199,25.75691,0,False,False,False,183.8672,0.3515625
friberg younited,CounterTerrorist,750.7956,1930.104,127.9748,M4A4,100,99,-2.627639,40.10151,0,False,False,False,183.8672,0.3515625
friberg younited,CounterTerrorist,750.6742,1931.962,127.9691,M4A4,100,99,-3.183259,48.77122,0,False,False,False,183.8672,0.3515625
friberg younited,CounterTerrorist,750.6003,1933.095,127.9657,M4A4,100,99,-0.7796623,12.03728,0,False,False,False,183.8672,0.3515625
friberg younited,CounterTerrorist,750.6179,1932.835,127.9656,M4A4,100,99,0.9094809,-13.53195,0,False,False,False,183.8672,0.703125
friberg younited,CounterTerrorist,750.6765,1931.97,127.9656,M4A4,100,99,1.887654,-27.87363,0,False,False,False,183.8672,0.703125
friberg younited,CounterTerrorist,750.7731,1930.545,127.9656,M4A4,100,99,2.86225,-42.21556,0,False,False,False,183.8672,0.703125
friberg younited,CounterTerrorist,750.9077,1928.56,127.9656,M4A4,100,99,3.836125,-56.55753,0,False,False,False,183.8672,0.703125
friberg younited,CounterTerrorist,751.0201,1926.901,127.9816,M4A4,100,99,1.729342,-25.50391,0,False,False,False,183.8672,0.703125
friberg younited,CounterTerrorist,751.0262,1926.812,127.9816,M4A4,100,99,-0.5797093,8.542853,0,False,False,False,183.8672,0.703125
friberg younited,CounterTerrorist,750.9807,1927.482,127.9816,M4A4,100,99,-1.552944,22.88487,0,False,False,False,183.8672,0.703125
friberg younited,CounterTerrorist,750.8972,1928.712,127.9796,M4A4,100,99,-2.526178,37.22688,0,False,False,False,183.8672,0.703125
friberg younited,CounterTerrorist,750.7758,1930.503,127.9739,M4A4,100,99,-3.499413,51.5689,0,False,False,False,183.8672,0.703125
friberg younited,CounterTerrorist,750.6135,1932.853,127.9663,M4A4,100,99,-4.636835,65.89902,0,False,False,False,184.5703,0.3515625
friberg younited,CounterTerrorist,750.3969,1935.762,127.9561,M4A4,100,99,-6.20966,80.0958,0,False,False,False,185.625,0.3515625
friberg younited,CounterTerrorist,750.1641,1938.716,127.9452,M4A4,100,99,-4.941848,65.33552,0,False,False,False,187.0313,0.3515625
friberg younited,CounterTerrorist,750.0782,1940.278,127.9412,M4A4,100,99,-0.4224482,23.09966,0,False,False,False,187.3828,0.3515625
friberg younited,CounterTerrorist,750.1149,1940.314,127.9412,M4A4,100,99,1.14094,-8.486144,0,False,False,False,187.7344,0.3515625
friberg younited,CounterTerrorist,750.2043,1939.648,127.9412,M4A4,100,99,3.056387,-22.73295,0,False,False,False,187.7344,0.3515625
friberg younited,CounterTerrorist,750.3685,1938.426,127.9412,M4A4,100,99,4.971833,-36.97976,0,False,False,False,187.7344,0.3515625
friberg younited,CounterTerrorist,750.572,1936.912,127.9589,M4A4,100,99,4.613728,-34.31624,0,False,False,False,187.7344,0.3515625
friberg younited,CounterTerrorist,750.6907,1936.03,127.9589,M4A4,100,99,1.22422,-9.105573,0,False,False,False,187.7344,0.3515625
friberg younited,CounterTerrorist,750.649,1936.34,127.9589,M4A4,100,99,-1.907119,14.18487,0,False,False,False,187.7344,0.3515625
friberg younited,CounterTerrorist,750.5297,1937.228,127.9589,M4A4,100,99,-3.824946,28.43136,0,False,False,False,187.7344,0.3515625
friberg younited,CounterTerrorist,750.4124,1938.1,127.9569,M4A4,100,99,-1.184935,8.858603,0,False,False,False,187.7344,0.3515625
friberg younited,CounterTerrorist,750.4543,1937.791,127.9569,M4A4,100,99,1.924482,-14.18252,0,False,False,False,187.7344,0.3515625
friberg younited,CounterTerrorist,750.5751,1936.903,127.9569,M4A4,100,99,3.873157,-28.42483,0,False,False,False,187.7344,0.3515625
friberg younited,CounterTerrorist,750.7734,1935.459,127.9738,M4A4,100,99,5.892525,-42.65735,0,False,False,False,188.0859,0.3515625
friberg younited,CounterTerrorist,751.0273,1933.635,127.9738,M4A4,100,99,5.554671,-39.99095,0,False,False,False,188.0859,0.3515625
friberg younited,CounterTerrorist,751.1037,1933.059,127.9893,M4A4,100,99,-0.4049803,2.087891,0,False,False,False,188.4375,0.3515625
friberg younited,CounterTerrorist,751.0389,1933.501,127.9862,M4A4,100,99,-2.491499,17.00595,0,False,False,False,188.4375,0.3515625
friberg younited,CounterTerrorist,750.9185,1934.323,127.9806,M4A4,100,99,-2.101919,14.34684,0,False,False,False,188.4375,0.3515625
friberg younited,CounterTerrorist,750.9436,1934.151,127.9803,M4A4,100,99,1.65798,-11.31669,0,False,False,False,188.4375,0.3515625
friberg younited,CounterTerrorist,751.0573,1933.376,127.9803,M4A4,100,99,3.741779,-25.53985,0,False,False,False,188.4375,0.3515625
friberg younited,CounterTerrorist,751.2523,1932.045,127.9962,M4A4,100,99,5.825579,-39.76302,0,False,False,False,188.4375,0.3515625
friberg younited,CounterTerrorist,751.4835,1930.466,127.9962,M4A4,100,99,4.611538,-31.47647,0,False,False,False,188.4375,0.3515625
friberg younited,CounterTerrorist,751.525,1930.183,127.9962,M4A4,100,99,-0.8220829,5.627773,0,False,False,False,188.4375,0.3515625
friberg younited,CounterTerrorist,751.4442,1930.737,127.9962,M4A4,100,99,-2.899875,19.85182,0,False,False,False,188.4375,0.3515625
friberg younited,CounterTerrorist,751.2822,1931.846,127.9962,M4A4,100,99,-4.973125,34.07652,0,False,False,False,188.4375,0.3515625
friberg younited,CounterTerrorist,751.1227,1932.938,127.9902,M4A4,100,99,-2.118508,14.53391,0,False,False,False,188.4375,0.3515625
friberg younited,CounterTerrorist,751.1474,1932.77,127.9898,M4A4,100,99,1.6532,-11.31739,0,False,False,False,188.4375,0.3515625
friberg younited,CounterTerrorist,751.2607,1931.995,127.9898,M4A4,100,99,3.730992,-25.54143,0,False,False,False,188.4375,0.3515625
friberg younited,CounterTerrorist,751.4551,1930.663,128.0057,M4A4,100,99,5.808784,-39.76548,0,False,False,False,188.4375,0.3515625
friberg younited,CounterTerrorist,751.6023,1929.656,128.0057,M4A4,100,99,1.309912,-8.967328,0,False,False,False,188.4375,0.3515625
friberg younited,CounterTerrorist,751.5571,1929.965,128.0057,M4A4,100,99,-2.068758,14.1622,0,False,False,False,188.4375,0.3515625
friberg younited,CounterTerrorist,751.4276,1930.852,128.0045,M4A4,100,99,-4.14655,28.38624,0,False,False,False,188.4375,0.3515625
friberg younited,CounterTerrorist,751.217,1932.294,127.9946,M4A4,100,99,-6.217377,42.6113,0,False,False,False,188.0859,0.3515625
friberg younited,CounterTerrorist,750.9262,1934.292,127.9809,M4A4,100,99,-8.264989,56.83972,0,False,False,False,188.0859,0.3515625
friberg younited,CounterTerrorist,750.7145,1935.747,127.971,M4A4,100,99,-2.97311,20.40957,0,False,False,False,188.4375,0.3515625
friberg younited,CounterTerrorist,750.723,1935.689,127.9702,M4A4,100,99,1.531299,-10.51409,0,False,False,False,188.4375,0.3515625
friberg younited,CounterTerrorist,750.8313,1934.945,127.9702,M4A4,100,99,3.603096,-24.739,0,False,False,False,188.4375,0.3515625
friberg younited,CounterTerrorist,751.0013,1933.777,127.9702,M4A4,100,99,4.035472,-27.70768,0,False,False,False,188.4375,0.3515625
friberg younited,CounterTerrorist,751.0225,1933.632,127.9855,M4A4,100,99,-1.237641,8.472582,0,False,False,False,188.4375,0.3515625
friberg younited,CounterTerrorist,750.9254,1934.296,127.9809,M4A4,100,99,-3.315434,22.69662,0,False,False,False,188.4375,0.3515625
friberg younited,CounterTerrorist,750.7536,1935.472,127.9729,M4A4,100,99,-4.571142,31.29289,0,False,False,False,188.4375,0.3515625
friberg younited,CounterTerrorist,750.6869,1935.929,127.9695,M4A4,100,99,0.7498117,-5.133023,0,False,False,False,188.4375,0.3515625
friberg younited,CounterTerrorist,750.7649,1935.395,127.9695,M4A4,100,99,2.827604,-19.35707,0,False,False,False,188.4375,0.3515625
friberg younited,CounterTerrorist,750.9241,1934.305,127.9695,M4A4,100,99,4.905396,-33.58111,0,False,False,False,188.4375,0.3515625
friberg younited,CounterTerrorist,751.1644,1932.66,127.9872,M4A4,100,99,6.983187,-47.80515,0,False,False,False,188.4375,0.3515625
friberg younited,CounterTerrorist,751.3574,1931.339,127.9872,M4A4,100,99,2.484315,-17.007,0,False,False,False,188.4375,0.3515625
friberg younited,CounterTerrorist,751.3383,1931.47,127.9872,M4A4,100,99,-1.6532,11.31739,0,False,False,False,188.4375,0.3515625
friberg younited,CounterTerrorist,751.225,1932.246,127.9872,M4A4,100,99,-3.730992,25.54143,0,False,False,False,188.4375,0.3515625
friberg younited,CounterTerrorist,751.0883,1933.181,127.9872,M4A4,100,99,-1.698369,11.62661,0,False,False,False,188.4375,0.3515625
friberg younited,CounterTerrorist,751.1279,1932.911,127.9872,M4A4,100,99,2.005521,-13.72929,0,False,False,False,188.4375,0.3515625
friberg younited,CounterTerrorist,751.2549,1932.041,127.9872,M4A4,100,99,4.083313,-27.95334,0,False,False,False,188.4375,0.3515625
friberg younited,CounterTerrorist,751.4631,1930.616,128.0039,M4A4,100,99,6.161105,-42.17738,0,False,False,False,188.4375,0.3515625
friberg younited,CounterTerrorist,751.7524,1928.635,128.0197,M4A4,100,99,8.231889,-56.40244,0,False,False,False,188.0859,0.3515625
friberg younited,CounterTerrorist,752.1199,1926.098,128.0369,M4A4,100,99,10.14312,-70.65001,0,False,False,False,187.3828,0.3515625
friberg younited,CounterTerrorist,752.5463,1923.009,128.0528,M4A4,100,99,11.24295,-84.44258,0,False,False,False,185.2734,0.3515625
friberg younited,CounterTerrorist,752.9774,1919.431,128.0692,M4A4,100,99,10.65935,-96.09615,0,False,False,False,181.4063,0.703125
friberg younited,CounterTerrorist,753.34,1915.445,128.0879,M4A4,100,99,8.053228,-105.7422,0,False,False,False,176.1328,1.054688
friberg younited,CounterTerrorist,753.5327,1911.129,128.0879,M4A4,100,99,2.277096,-113.3265,0,False,False,False,165.9375,1.757813
friberg younited,CounterTerrorist,753.3797,1906.598,128.0879,M4A4,100,99,-8.808067,-116.668,0,False,False,False,149.0625,2.8125
friberg younited,CounterTerrorist,752.6624,1902.089,128.0623,M4A4,100,99,-25.41341,-114.1455,0,False,False,False,127.9687,3.164063
friberg younited,CounterTerrorist,751.2214,1897.804,127.9948,M4A4,100,99,-44.61192,-105.7861,0,False,False,False,109.3359,2.8125
friberg younited,CounterTerrorist,749.6652,1894.114,127.9218,M4A4,100,99,-36.85145,-87.38409,0,False,False,False,95.97657,2.460938
friberg younited,CounterTerrorist,748.9407,1891.066,127.9467,M4A4,100,99,8.284943E-07,-72.18301,0,False,False,False,90,1.757813
friberg younited,CounterTerrorist,748.9407,1888.576,128.0891,M4A4,100,99,6.670893E-07,-58.12051,0,False,False,False,88.94531,1.757813
friberg younited,CounterTerrorist,748.9407,1888.031,128.1137,M4A4,100,99,0,0,0,False,False,False,88.94531,1.757813
friberg younited,CounterTerrorist,748.9407,1888.031,128.1137,M4A4,100,99,0,0,0,False,False,False,89.29688,1.757813
friberg younited,CounterTerrorist,748.9407,1888.031,128.1137,M4A4,100,99,0,0,0,False,False,False,89.29688,1.757813
friberg younited,CounterTerrorist,748.9407,1888.031,128.1137,M4A4,100,99,0,0,0,False,False,False,89.29688,1.757813
friberg younited,CounterTerrorist,748.9407,1888.031,128.1137,M4A4,100,99,0,0,0,False,False,False,89.29688,1.757813
friberg younited,CounterTerrorist,748.9407,1888.034,128.1137,M4A4,100,99,-9.818333E-10,0.08554292,0,False,False,False,89.64844,1.757813
friberg younited,CounterTerrorist,748.9407,1888.001,128.1137,M4A4,100,99,0,0,0,True,False,False,89.64844,1.757813
friberg younited,CounterTerrorist,748.9407,1888.001,128.1137,M4A4,100,99,0,0,0,True,False,False,91.40625,1.757813
friberg younited,CounterTerrorist,748.9407,1888.001,128.1137,M4A4,100,99,0,0,0,True,False,False,98.78906,1.757813
friberg younited,CounterTerrorist,748.9407,1888.001,128.1137,M4A4,100,99,0,0,0,True,False,False,112.8516,1.40625
friberg younited,CounterTerrorist,748.9386,1888.001,128.1137,M4A4,100,99,-0.2763094,0,0,True,False,False,130.7813,0.703125
friberg younited,CounterTerrorist,748.9521,1888.001,128.1137,M4A4,100,99,0.7070673,0,0,False,False,False,145.8984,359.6484
friberg younited,CounterTerrorist,748.9735,1888.001,128.1137,M4A4,100,99,-1.519503,0,0,False,False,False,155.7422,358.5938
friberg younited,CounterTerrorist,748.9413,1888.001,128.1137,M4A4,100,99,0,0,0,False,False,False,161.3672,357.5391
friberg younited,CounterTerrorist,748.9413,1888.001,128.1137,M4A4,100,99,0,0,0,False,False,False,165.5859,356.8359
friberg younited,CounterTerrorist,748.9413,1888.001,128.1137,M4A4,100,99,0,0,0,False,False,False,167.6953,356.4844
friberg younited,CounterTerrorist,748.9413,1888.001,128.1137,M4A4,100,99,0,0,0,False,False,False,167.6953,356.4844
friberg younited,CounterTerrorist,748.9413,1888.001,128.1137,M4A4,100,99,0,0,0,False,False,False,167.6953,356.4844
friberg younited,CounterTerrorist,748.9413,1888.001,128.1137,M4A4,100,99,0,0,0,False,False,False,167.6953,356.4844
friberg younited,CounterTerrorist,748.9413,1888.001,128.1137,M4A4,100,99,0,0,0,False,False,False,167.6953,356.4844
friberg younited,CounterTerrorist,748.9413,1888.001,128.1137,M4A4,100,99,0,0,0,False,False,False,167.6953,356.4844
friberg younited,CounterTerrorist,748.9413,1888.001,128.1137,M4A4,100,99,0,0,0,False,False,False,167.6953,356.4844
friberg younited,CounterTerrorist,748.9413,1888.001,128.1137,M4A4,100,99,0,0,0,False,False,False,167.6953,356.4844
friberg younited,CounterTerrorist,748.9413,1888.001,128.1137,M4A4,100,99,0,0,0,False,False,False,167.6953,356.4844
friberg younited,CounterTerrorist,748.9413,1888.001,128.1137,M4A4,100,99,0,0,0,False,False,False,167.6953,356.4844
friberg younited,CounterTerrorist,748.9413,1888.001,128.1137,M4A4,100,99,0,0,0,False,False,False,167.6953,356.4844
friberg younited,CounterTerrorist,748.9413,1888.001,128.1137,M4A4,100,99,0,0,0,False,False,False,167.6953,356.4844
friberg younited,CounterTerrorist,748.9413,1888.001,128.1137,M4A4,100,99,0,0,0,False,False,False,167.6953,356.4844
friberg younited,CounterTerrorist,748.9413,1888.001,128.1137,M4A4,100,99,0,0,0,False,False,False,167.6953,356.4844
friberg younited,CounterTerrorist,748.9413,1888.001,128.1137,M4A4,100,99,0,0,0,False,False,False,167.6953,356.4844
friberg younited,CounterTerrorist,748.9413,1888.001,128.1137,M4A4,100,99,0,0,0,False,False,False,167.6953,356.4844
friberg younited,CounterTerrorist,748.9413,1888.001,128.1137,M4A4,100,99,0,0,0,False,False,False,167.6953,356.4844
friberg younited,CounterTerrorist,748.9413,1888.001,128.1137,M4A4,100,99,0,0,0,False,False,False,167.6953,356.4844
friberg younited,CounterTerrorist,748.9413,1888.001,128.1137,M4A4,100,99,0,0,0,False,False,False,167.6953,356.4844
friberg younited,CounterTerrorist,748.9413,1888.001,128.1137,M4A4,100,99,0,0,0,False,False,False,167.6953,356.4844
friberg younited,CounterTerrorist,748.9413,1888.001,128.1137,M4A4,100,99,0,0,0,False,False,False,167.6953,356.4844
friberg younited,CounterTerrorist,748.9413,1888.001,128.1137,M4A4,100,99,0,0,0,False,False,False,167.6953,356.4844
friberg younited,CounterTerrorist,748.9413,1888.001,128.1137,M4A4,100,99,0,0,0,False,False,False,167.6953,356.4844
friberg younited,CounterTerrorist,748.9413,1888.001,128.1137,M4A4,100,99,0,0,0,False,False,False,167.6953,356.4844
friberg younited,CounterTerrorist,748.9413,1888.001,128.1137,M4A4,100,99,0,0,0,False,False,False,167.6953,356.4844
friberg younited,CounterTerrorist,748.9413,1888.001,128.1137,M4A4,100,99,0,0,0,False,False,False,167.6953,356.4844
friberg younited,CounterTerrorist,748.9413,1888.001,128.1137,M4A4,100,99,0,0,0,False,False,False,167.6953,356.4844
friberg younited,CounterTerrorist,748.9413,1888.001,128.1137,M4A4,100,99,0,0,0,False,False,False,167.6953,356.4844
friberg younited,CounterTerrorist,748.9413,1888.001,128.1137,M4A4,100,99,0,0,0,False,False,False,167.6953,356.4844
friberg younited,CounterTerrorist,748.9413,1888.001,128.1137,M4A4,100,99,0,0,0,False,False,False,167.6953,356.4844
friberg younited,CounterTerrorist,748.9413,1888.001,128.1137,M4A4,100,99,0,0,0,False,False,False,167.6953,356.4844
friberg younited,CounterTerrorist,748.9413,1888.001,128.1137,M4A4,100,99,0,0,0,False,False,False,167.6953,356.4844
friberg younited,CounterTerrorist,748.9413,1888.001,128.1137,M4A4,100,99,0,0,0,False,False,False,167.6953,356.4844
friberg younited,CounterTerrorist,748.9413,1888.001,128.1137,M4A4,100,99,0,0,0,False,False,False,167.6953,356.4844
friberg younited,CounterTerrorist,748.9413,1888.001,128.1137,M4A4,100,99,0,0,0,False,False,False,167.6953,356.4844
friberg younited,CounterTerrorist,748.9413,1888.001,128.1137,M4A4,100,99,0,0,0,False,False,False,167.6953,356.4844
friberg younited,CounterTerrorist,748.9413,1888.001,128.1137,M4A4,100,99,0,0,0,False,False,False,167.6953,356.4844
friberg younited,CounterTerrorist,748.9413,1888.001,128.1137,M4A4,100,99,0,0,0,False,False,False,167.6953,356.4844
friberg younited,CounterTerrorist,748.9413,1888.001,128.1137,M4A4,100,99,0,0,0,False,False,False,167.6953,356.4844
friberg younited,CounterTerrorist,748.9413,1888.001,128.1137,M4A4,100,99,0,0,0,False,False,False,167.6953,356.4844
friberg younited,CounterTerrorist,748.9413,1888.001,128.1137,M4A4,100,99,0,0,0,False,False,False,167.6953,356.4844
friberg younited,CounterTerrorist,748.9407,1888.001,128.1137,M4A4,100,99,-9.262712E-17,0,0,False,False,False,167.6953,356.4844
friberg younited,CounterTerrorist,748.9407,1888.001,128.1137,M4A4,100,99,-9.262712E-17,0,0,False,False,False,167.6953,356.4844
friberg younited,CounterTerrorist,748.9407,1888.001,128.1137,M4A4,100,99,-9.262712E-17,0,0,False,False,False,167.6953,356.4844
friberg younited,CounterTerrorist,748.9407,1888.001,128.1137,M4A4,100,99,-9.262712E-17,0,0,False,False,False,167.6953,356.4844
friberg younited,CounterTerrorist,748.9407,1888.001,128.1137,M4A4,100,99,-9.262712E-17,0,0,False,False,False,167.6953,356.4844
friberg younited,CounterTerrorist,748.9407,1888.001,128.1137,M4A4,100,99,-9.262712E-17,0,0,False,False,False,167.6953,356.4844
friberg younited,CounterTerrorist,748.9407,1888.001,128.1137,M4A4,100,99,-9.262712E-17,0,0,False,False,False,167.6953,356.4844
friberg younited,CounterTerrorist,748.9407,1888.001,128.1137,M4A4,100,99,-9.262712E-17,0,0,False,False,False,167.6953,356.4844
friberg younited,CounterTerrorist,748.9407,1888.001,128.1137,M4A4,100,99,-9.262712E-17,0,0,False,False,False,167.6953,356.4844
friberg younited,CounterTerrorist,748.9407,1888.001,128.1137,M4A4,100,99,-9.262712E-17,0,0,False,False,False,167.6953,356.4844
friberg younited,CounterTerrorist,748.9407,1888.001,128.1137,M4A4,100,99,-9.262712E-17,0,0,False,False,False,167.6953,356.4844
friberg younited,CounterTerrorist,748.9407,1888.001,128.1137,M4A4,100,99,-9.262712E-17,0,0,False,False,False,167.6953,356.4844
friberg younited,CounterTerrorist,748.9407,1888.001,128.1137,M4A4,100,99,-9.262712E-17,0,0,False,False,False,167.6953,356.4844
friberg younited,CounterTerrorist,748.9407,1888.001,128.1137,M4A4,100,99,-9.262712E-17,0,0,False,False,False,167.6953,356.4844
friberg younited,CounterTerrorist,748.9407,1888.001,128.1137,M4A4,100,99,-9.262712E-17,0,0,False,False,False,167.6953,356.4844
friberg younited,CounterTerrorist,748.9407,1888.001,128.1137,M4A4,100,99,-9.262712E-17,0,0,False,False,False,167.6953,356.4844
friberg younited,CounterTerrorist,748.9407,1888.001,128.1137,M4A4,100,99,-9.262712E-17,0,0,False,False,False,167.6953,356.4844
friberg younited,CounterTerrorist,748.9407,1888.001,128.1137,M4A4,100,99,-9.262712E-17,0,0,False,False,False,167.6953,356.4844
friberg younited,CounterTerrorist,748.9407,1888.001,128.1137,M4A4,100,99,-9.262712E-17,0,0,False,False,False,167.6953,356.4844
friberg younited,CounterTerrorist,748.9407,1888.001,128.1137,M4A4,100,99,-9.26271E-17,0,0,False,False,False,167.6953,356.4844
friberg younited,CounterTerrorist,748.9407,1888.001,128.1137,M4A4,100,99,0,0,0,False,False,False,167.6953,356.4844
friberg younited,CounterTerrorist,748.9407,1888.001,128.1137,M4A4,100,99,0,0,0,False,False,False,167.6953,356.4844
friberg younited,CounterTerrorist,748.9407,1888.001,128.1137,M4A4,100,99,0,0,0,False,False,False,167.6953,356.4844
friberg younited,CounterTerrorist,748.9407,1888.001,128.1137,M4A4,100,99,0,0,0,False,False,False,167.6953,356.4844
friberg younited,CounterTerrorist,748.9407,1888.001,128.1137,M4A4,100,99,0,0,0,False,False,False,166.9922,356.4844
friberg younited,CounterTerrorist,748.9407,1888.001,128.1137,Flash,100,99,0,0,0,False,False,False,162.0703,356.8359
friberg younited,CounterTerrorist,748.9407,1888.001,128.1137,Flash,100,99,0,0,0,False,False,False,147.6563,357.8906
friberg younited,CounterTerrorist,748.9407,1888.001,128.1137,Flash,100,99,0,0,0,False,False,False,124.4531,359.2969
friberg younited,CounterTerrorist,748.9407,1888.001,128.1137,Flash,100,99,0,0,0,False,False,False,93.16406,359.6484
friberg younited,CounterTerrorist,748.9407,1888.001,128.1137,Flash,100,99,0,0,0,False,False,False,62.22656,358.5938
friberg younited,CounterTerrorist,748.9407,1888.001,128.1137,Flash,100,99,0,0,0,False,False,False,35.15625,356.4844
friberg younited,CounterTerrorist,748.9407,1888.001,128.1137,Flash,100,99,0,0,0,False,False,False,18.28125,353.6719
friberg younited,CounterTerrorist,748.9407,1888.001,128.1137,Flash,100,99,0,0,0,False,False,False,12.65625,352.2656
friberg younited,CounterTerrorist,748.9407,1888.001,128.1137,Flash,100,99,0,0,0,False,False,False,12.65625,352.2656
friberg younited,CounterTerrorist,748.9407,1888.001,128.1137,Flash,100,99,0,0,0,False,False,False,12.65625,352.2656
friberg younited,CounterTerrorist,748.9407,1888.001,128.1137,Flash,100,99,0,0,0,False,False,False,12.65625,352.2656
friberg younited,CounterTerrorist,748.9407,1888.001,128.1137,Flash,100,99,0,0,0,False,False,False,12.65625,352.2656
friberg younited,CounterTerrorist,748.9407,1888.001,128.1137,Flash,100,99,0,0,0,False,False,False,12.65625,352.2656
friberg younited,CounterTerrorist,748.9407,1888.001,128.1137,Flash,100,99,0,0,0,False,False,False,12.65625,352.2656
friberg younited,CounterTerrorist,748.9407,1888.001,128.1137,Flash,100,99,0,0,0,True,False,False,12.65625,352.2656
friberg younited,CounterTerrorist,748.9407,1888.001,128.1137,Flash,100,99,0,0,0,True,False,False,12.65625,352.2656
friberg younited,CounterTerrorist,748.9407,1888.001,128.1137,Flash,100,99,0,0,0,True,False,False,11.60156,352.2656
friberg younited,CounterTerrorist,748.9407,1888.001,128.1137,Flash,100,99,0,0,0,True,False,False,8.789063,351.9141
friberg younited,CounterTerrorist,748.9407,1888.001,128.1137,Flash,100,99,0,0,0,False,False,False,5.976563,351.2109
friberg younited,CounterTerrorist,748.9407,1888.001,128.1137,Flash,100,99,0,0,0,False,False,False,2.8125,350.5078
friberg younited,CounterTerrorist,748.9407,1888.001,128.1137,Flash,100,99,0,0,0,False,False,False,1.054688,349.8047
friberg younited,CounterTerrorist,748.9407,1888.001,128.1137,Flash,100,99,0,0,0,False,False,False,0,349.4531
friberg younited,CounterTerrorist,748.9407,1888.001,128.1137,Flash,100,99,0,0,0,False,False,False,0,349.1016
friberg younited,CounterTerrorist,748.9407,1888.001,128.1137,Flash,100,99,0,0,0,False,False,False,0,349.1016
friberg younited,CounterTerrorist,748.9407,1888.001,128.1137,Flash,100,99,0,0,0,False,False,False,0,349.1016
friberg younited,CounterTerrorist,748.9407,1888.001,128.1137,Flash,100,99,0,0,0,False,False,False,0,349.1016
friberg younited,CounterTerrorist,748.9407,1888.001,128.1137,Flash,100,99,8.769252E-11,-0.007640193,0,False,False,False,359.6484,349.1016
friberg younited,CounterTerrorist,748.9407,1888.001,128.1137,Flash,100,99,-2.657679E-10,0.02315524,0,False,False,False,359.6484,348.75
friberg younited,CounterTerrorist,748.9407,1888.004,128.1137,Flash,100,99,-8.673764E-10,0.0755707,0,False,False,False,359.6484,348.75
friberg younited,CounterTerrorist,748.9407,1888.006,128.1137,Flash,100,99,-2.516716E-10,0.02192707,0,False,False,False,359.6484,348.75
friberg younited,CounterTerrorist,748.9407,1888.099,128.1137,Flash,100,99,-1.690072E-07,5.246329,0,False,False,False,359.6484,348.75
friberg younited,CounterTerrorist,748.9407,1888.447,128.0964,Flash,100,99,-3.650179E-07,11.3309,0,False,False,False,359.6484,348.3984
friberg younited,CounterTerrorist,748.9407,1889.032,128.063,Flash,100,99,-5.611925E-07,17.42056,0,False,False,False,359.6484,348.3984
friberg younited,CounterTerrorist,748.9407,1889.824,128.0177,Flash,100,99,-6.284748E-07,19.50914,0,False,False,False,359.6484,348.0469
friberg younited,CounterTerrorist,748.9407,1890.258,127.9929,Flash,100,99,-1.760455E-07,5.464813,0,False,False,False,359.6484,348.0469
friberg younited,CounterTerrorist,748.9407,1890.279,127.9918,Flash,100,99,0,0,0,False,False,False,359.6484,348.0469
friberg younited,CounterTerrorist,748.9407,1890.279,127.9918,Flash,100,99,0,0,0,False,False,False,359.6484,348.0469
friberg younited,CounterTerrorist,748.9407,1890.279,127.9918,Flash,100,99,0,0,0,False,False,False,359.6484,348.0469
friberg younited,CounterTerrorist,748.9407,1890.279,127.9918,Flash,100,99,0,0,0,False,False,False,359.6484,348.0469
friberg younited,CounterTerrorist,748.9407,1890.279,127.9918,Flash,100,99,0,0,0,False,False,False,359.6484,348.0469
friberg younited,CounterTerrorist,748.9407,1890.279,127.9918,Flash,100,99,0,0,0,False,False,False,359.6484,348.0469
friberg younited,CounterTerrorist,748.9406,1890.117,127.9918,Flash,100,99,9.270155E-08,-8.076674,0,False,False,False,359.6484,348.0469
friberg younited,CounterTerrorist,748.9406,1889.662,128.027,Flash,100,99,1.612576E-07,-14.04965,0,False,False,False,359.6484,348.0469
friberg younited,CounterTerrorist,748.9406,1888.973,128.0664,Flash,100,99,2.298137E-07,-20.02264,0,False,False,False,359.6484,348.0469
friberg younited,CounterTerrorist,748.9406,1888.082,128.1074,Flash,100,99,2.521414E-07,-21.96796,0,False,False,False,359.6484,348.0469
friberg younited,CounterTerrorist,748.9406,1888.033,128.1074,Flash,100,99,-9.444943E-10,0.08228964,0,False,False,False,359.6484,348.0469
friberg younited,CounterTerrorist,748.9406,1888.035,128.1074,Flash,100,99,-9.444943E-10,0.08228964,0,False,False,False,359.6484,348.0469
friberg younited,CounterTerrorist,748.9406,1888.038,128.1074,Flash,100,99,-9.444943E-10,0.08228964,0,False,False,False,359.6484,348.0469
friberg younited,CounterTerrorist,748.9406,1888.008,128.1074,Flash,100,99,-4.424467E-13,0,0,False,False,False,359.6484,348.0469
friberg younited,CounterTerrorist,748.9406,1888.008,128.1074,Flash,100,99,-4.424467E-13,0,0,False,False,False,359.6484,348.0469
friberg younited,CounterTerrorist,748.9406,1888.008,128.1074,Flash,100,99,-4.424467E-13,0,0,False,False,False,359.6484,348.0469
friberg younited,CounterTerrorist,748.9406,1888.008,128.1074,Flash,100,99,-4.424467E-13,0,0,False,False,False,359.6484,348.0469
friberg younited,CounterTerrorist,748.9406,1888.008,128.1074,Flash,100,99,-4.424467E-13,0,0,False,False,False,359.6484,348.0469
friberg younited,CounterTerrorist,748.9406,1888.008,128.1074,Flash,100,99,-4.424467E-13,0,0,False,False,False,359.6484,348.0469
friberg younited,CounterTerrorist,748.9406,1888.009,128.1074,Flash,100,99,-7.083703E-10,0.06171723,0,False,False,False,359.6484,348.0469
friberg younited,CounterTerrorist,748.9406,1888.011,128.1074,Flash,100,99,-7.083703E-10,0.06171723,0,False,False,False,359.6484,348.0469
friberg younited,CounterTerrorist,748.9406,1888.013,128.1074,Flash,100,99,-7.083703E-10,0.06171723,0,False,False,False,359.6484,348.0469
friberg younited,CounterTerrorist,748.9406,1888.016,128.1074,Flash,100,99,-7.083703E-10,0.06171723,0,False,False,False,359.6484,348.0469
friberg younited,CounterTerrorist,748.9406,1888.018,128.1074,Flash,100,99,-7.083703E-10,0.06171723,0,False,False,False,359.6484,348.0469
friberg younited,CounterTerrorist,748.9406,1888.021,128.1074,Flash,100,99,-7.083703E-10,0.06171723,0,False,False,False,359.6484,348.0469
friberg younited,CounterTerrorist,748.9406,1888.023,128.1074,Flash,100,99,-7.083703E-10,0.06171723,0,False,False,False,359.6484,348.0469
friberg younited,CounterTerrorist,748.9406,1888.026,128.1074,Flash,100,99,-7.083703E-10,0.06171723,0,False,False,False,359.6484,348.0469
friberg younited,CounterTerrorist,748.9406,1888.028,128.1074,Flash,100,99,-7.083703E-10,0.06171723,0,False,False,False,359.6484,348.0469
friberg younited,CounterTerrorist,748.9406,1888.031,128.1074,Flash,100,99,-7.083703E-10,0.06171723,0,False,False,False,359.6484,348.0469
friberg younited,CounterTerrorist,748.9406,1888.033,128.1074,Flash,100,99,-7.083703E-10,0.06171723,0,False,False,False,359.6484,348.0469
friberg younited,CounterTerrorist,748.9406,1888.035,128.1074,Flash,100,99,-7.083703E-10,0.06171723,0,False,False,False,359.6484,348.0469
friberg younited,CounterTerrorist,748.9406,1888.038,128.1074,Flash,100,99,-7.083703E-10,0.06171723,0,False,False,False,359.6484,348.0469
friberg younited,CounterTerrorist,748.9406,1888.04,128.1074,Flash,100,99,-7.083703E-10,0.06171723,0,False,False,False,359.6484,348.0469
friberg younited,CounterTerrorist,748.9406,1888.043,128.1074,Flash,100,99,-7.083703E-10,0.06171723,0,False,False,False,359.6484,348.0469
friberg younited,CounterTerrorist,748.9406,1888.043,128.1074,Flash,100,99,0,0,0,False,False,False,359.6484,348.0469
friberg younited,CounterTerrorist,748.9406,1888.043,128.1074,Flash,100,99,0,0,0,False,False,False,359.6484,348.0469
friberg younited,CounterTerrorist,748.9406,1888.043,128.1074,Flash,100,99,0,0,0,False,False,False,359.6484,348.0469
friberg younited,CounterTerrorist,748.9406,1888.043,128.1074,Flash,100,99,0,0,0,False,False,False,359.6484,348.0469
friberg younited,CounterTerrorist,748.9406,1888.043,128.1074,Flash,100,99,0,0,0,False,False,False,0,348.0469
friberg younited,CounterTerrorist,748.9406,1888.043,128.1074,Flash,100,99,0,0,0,False,False,False,2.109375,348.0469
friberg younited,CounterTerrorist,748.9406,1888.043,128.1074,Flash,100,99,0,0,0,False,False,False,8.4375,348.3984
friberg younited,CounterTerrorist,748.9406,1888.043,128.1074,Flash,100,99,0,0,0,False,False,False,19.33594,349.1016
friberg younited,CounterTerrorist,748.9406,1888.043,128.1074,Flash,100,99,0,0,0,False,False,False,33.04688,349.1016
friberg younited,CounterTerrorist,748.9406,1888.043,128.1074,Flash,100,99,0,0,0,False,False,False,44.29688,349.1016
friberg younited,CounterTerrorist,748.9406,1888.043,128.1074,Flash,100,99,0,0,0,False,False,False,50.97656,349.4531
friberg younited,CounterTerrorist,748.9406,1888.043,128.1074,Flash,100,99,0,0,0,False,False,False,52.38281,349.4531
friberg younited,CounterTerrorist,748.9406,1888.043,128.1074,Flash,100,99,0,0,0,False,False,False,52.73437,349.4531
friberg younited,CounterTerrorist,748.9406,1888.043,128.1074,Flash,100,99,0,0,0,False,False,False,52.73437,349.4531
friberg younited,CounterTerrorist,748.9406,1888.043,128.1074,Flash,100,99,0,0,0,False,False,False,52.73437,349.4531
friberg younited,CounterTerrorist,748.9406,1888.043,128.1074,Flash,100,99,0,0,0,False,False,False,52.73437,349.4531
friberg younited,CounterTerrorist,748.9406,1888.043,128.1074,Flash,100,99,0,0,0,False,False,False,52.73437,349.4531
friberg younited,CounterTerrorist,748.9406,1888.043,128.1074,Flash,100,99,0,0,0,False,False,False,52.73437,349.4531
friberg younited,CounterTerrorist,748.9406,1888.043,128.1074,Flash,100,99,0,0,0,False,False,False,52.73437,349.4531
friberg younited,CounterTerrorist,748.9406,1888.043,128.1074,Flash,100,99,0,0,0,False,False,False,52.73437,349.4531
friberg younited,CounterTerrorist,748.9406,1888.043,128.1074,Flash,100,99,0,0,0,False,False,False,52.73437,349.4531
friberg younited,CounterTerrorist,748.9406,1888.043,128.1074,Flash,100,99,0,0,0,False,False,False,52.73437,349.4531
friberg younited,CounterTerrorist,748.9406,1888.043,128.1074,Flash,100,99,0,0,0,False,False,False,52.73437,349.4531
friberg younited,CounterTerrorist,748.9406,1888.043,128.1074,Flash,100,99,0,0,0,False,False,False,52.73437,349.4531
friberg younited,CounterTerrorist,748.9406,1888.043,128.1074,Flash,100,99,0,0,0,False,False,False,52.73437,349.4531
friberg younited,CounterTerrorist,748.9406,1888.043,128.1074,Flash,100,99,0,0,0,False,False,False,52.73437,349.4531
friberg younited,CounterTerrorist,748.9406,1888.043,128.1074,Flash,100,99,0,0,0,False,False,False,52.73437,349.4531
friberg younited,CounterTerrorist,748.9406,1888.043,128.1074,Flash,100,99,0,0,0,False,False,False,52.73437,349.4531
friberg younited,CounterTerrorist,748.9406,1888.043,128.1074,Flash,100,99,0,0,0,False,False,False,52.73437,349.4531
friberg younited,CounterTerrorist,748.9406,1888.043,128.1074,Flash,100,99,0,0,0,False,False,False,52.38281,349.4531
friberg younited,CounterTerrorist,748.9406,1888.043,128.1074,Flash,100,99,0,0,0,False,False,False,49.21875,349.8047
friberg younited,CounterTerrorist,748.9406,1888.043,128.1074,Flash,100,99,0,0,0,False,False,False,37.96875,350.8594
friberg younited,CounterTerrorist,748.9406,1888.043,128.1074,Flash,100,99,0,0,0,False,False,False,24.25781,351.5625
friberg younited,CounterTerrorist,748.9406,1888.043,128.1074,Flash,100,99,0,0,0,False,False,False,13.35938,351.5625
friberg younited,CounterTerrorist,748.9406,1888.043,128.1074,Flash,100,99,0,0,0,False,False,False,7.03125,350.8594
friberg younited,CounterTerrorist,748.9406,1888.043,128.1074,Flash,100,99,0,0,0,False,False,False,4.921875,350.5078
friberg younited,CounterTerrorist,748.9406,1888.043,128.1074,Flash,100,99,0,0,0,False,False,False,4.921875,350.1563
friberg younited,CounterTerrorist,748.9406,1888.043,128.1074,Flash,100,99,0,0,0,False,False,False,4.570313,350.1563
friberg younited,CounterTerrorist,748.9406,1888.043,128.1074,Flash,100,99,0,0,0,False,False,False,4.21875,349.8047
friberg younited,CounterTerrorist,748.9406,1888.043,128.1074,Flash,100,99,0,0,0,False,False,False,3.515625,349.4531
friberg younited,CounterTerrorist,748.9406,1888.043,128.1074,Flash,100,99,0,0,0,False,False,False,2.8125,349.1016
friberg younited,CounterTerrorist,748.9406,1888.043,128.1074,Flash,100,99,0,0,0,False,False,False,2.460938,348.75
friberg younited,CounterTerrorist,748.9406,1888.043,128.1074,Flash,100,99,0,0,0,False,False,False,2.109375,348.75
friberg younited,CounterTerrorist,748.9406,1888.043,128.1074,Flash,100,99,0,0,0,False,False,False,2.109375,348.75
friberg younited,CounterTerrorist,748.9406,1888.043,128.1074,Flash,100,99,0,0,0,False,False,False,1.757813,348.3984
friberg younited,CounterTerrorist,748.9406,1888.043,128.1074,Flash,100,99,0,0,0,False,False,False,1.40625,348.3984
friberg younited,CounterTerrorist,748.9406,1888.043,128.1074,Flash,100,99,0,0,0,False,False,False,1.054688,348.0469
friberg younited,CounterTerrorist,748.9406,1888.043,128.1074,Flash,100,99,0,0,0,False,False,False,1.054688,348.0469
friberg younited,CounterTerrorist,748.9406,1888.043,128.1074,Flash,100,99,0,0,0,False,False,False,1.054688,347.6953
friberg younited,CounterTerrorist,748.9406,1888.043,128.1074,Flash,100,99,0,0,0,False,False,False,0.703125,347.6953
friberg younited,CounterTerrorist,748.9406,1888.043,128.1074,Flash,100,99,0,0,0,False,False,False,0.703125,347.6953
friberg younited,CounterTerrorist,748.9406,1888.043,128.1074,Flash,100,99,0,0,0,False,False,False,0.703125,347.3438
friberg younited,CounterTerrorist,748.9406,1888.043,128.1074,Flash,100,99,0,0,0,False,False,False,0.703125,347.3438
friberg younited,CounterTerrorist,748.9406,1888.043,128.1074,Flash,100,99,0,0,0,False,False,False,0.703125,347.3438
friberg younited,CounterTerrorist,748.9406,1888.043,128.1074,Flash,100,99,0,0,0,False,False,False,0.703125,347.3438
friberg younited,CounterTerrorist,748.9406,1888.043,128.1074,Flash,100,99,0,0,0,False,False,False,0.703125,347.3438
friberg younited,CounterTerrorist,748.9406,1888.043,128.1074,Flash,100,99,0,0,0,False,False,False,0.703125,347.3438
friberg younited,CounterTerrorist,748.9406,1888.043,128.1074,Flash,100,99,0,0,0,False,False,False,0.703125,347.3438
friberg younited,CounterTerrorist,748.9406,1888.043,128.1074,Flash,100,99,0,0,0,False,False,False,0.703125,347.3438
friberg younited,CounterTerrorist,748.9406,1888.043,128.1074,Flash,100,99,0,0,0,False,False,False,0.703125,347.3438
friberg younited,CounterTerrorist,748.9406,1888.043,128.1074,Flash,100,99,0,0,0,False,False,False,0.703125,347.3438
friberg younited,CounterTerrorist,748.9406,1888.043,128.1074,Flash,100,99,0,0,0,False,False,False,0.703125,347.3438
friberg younited,CounterTerrorist,748.9406,1888.043,128.1074,Flash,100,99,0,0,0,False,False,False,0.703125,347.3438
friberg younited,CounterTerrorist,748.9406,1888.043,128.1074,Flash,100,99,0,0,0,False,False,False,0.703125,347.3438
friberg younited,CounterTerrorist,748.9406,1888.043,128.1074,Flash,100,99,0,0,0,False,False,False,0.703125,347.3438
friberg younited,CounterTerrorist,748.9406,1888.043,128.1074,Flash,100,99,0,0,0,False,False,False,0.703125,347.3438
friberg younited,CounterTerrorist,748.9406,1888.043,128.1074,Flash,100,99,0,0,0,False,False,False,0.703125,347.3438
friberg younited,CounterTerrorist,748.9406,1888.043,128.1074,Flash,100,99,0,0,0,False,False,False,0.703125,347.3438
friberg younited,CounterTerrorist,748.9406,1888.043,128.1074,Flash,100,99,0,0,0,False,False,False,0.703125,347.3438
friberg younited,CounterTerrorist,748.9406,1888.043,128.1074,Flash,100,99,0,0,0,False,False,False,0.703125,347.3438
friberg younited,CounterTerrorist,748.9406,1888.043,128.1074,Flash,100,99,0,0,0,False,False,False,0.703125,347.3438
friberg younited,CounterTerrorist,748.9406,1888.043,128.1074,Flash,100,99,0,0,0,False,False,False,0.703125,347.3438
friberg younited,CounterTerrorist,748.9406,1888.043,128.1074,Flash,100,99,0,0,0,False,False,False,0.703125,347.3438
friberg younited,CounterTerrorist,748.9406,1888.043,128.1074,Flash,100,99,0,0,0,False,False,False,0.703125,347.3438
friberg younited,CounterTerrorist,748.9406,1888.043,128.1074,Flash,100,99,0,0,0,False,False,False,0.703125,347.3438
friberg younited,CounterTerrorist,748.9406,1888.043,128.1074,Flash,100,99,0,0,0,False,False,False,0.703125,347.3438
friberg younited,CounterTerrorist,748.9406,1888.043,128.1074,Flash,100,99,0,0,0,False,False,False,0.703125,347.3438
friberg younited,CounterTerrorist,748.9406,1888.043,128.1074,Flash,100,99,0,0,0,False,False,False,0.703125,347.3438
friberg younited,CounterTerrorist,748.9406,1888.043,128.1074,Flash,100,99,0,0,0,False,False,False,0.703125,347.3438
friberg younited,CounterTerrorist,748.9406,1888.043,128.1074,Flash,100,99,0,0,0,False,False,False,0.703125,347.3438
friberg younited,CounterTerrorist,748.9406,1888.043,128.1074,Flash,100,99,0,0,0,False,False,False,0.703125,347.3438
friberg younited,CounterTerrorist,748.9406,1888.043,128.1074,Flash,100,99,0,0,0,False,False,False,0.703125,347.3438
friberg younited,CounterTerrorist,748.9406,1888.043,128.1074,Flash,100,99,0,0,0,False,False,False,0.703125,347.3438
friberg younited,CounterTerrorist,748.9406,1888.043,128.1074,Flash,100,99,0,0,0,False,False,False,0.703125,347.3438
friberg younited,CounterTerrorist,748.9406,1888.043,128.1074,Flash,100,99,0,0,0,False,False,False,1.054688,347.3438
friberg younited,CounterTerrorist,748.9406,1888.043,128.1074,Flash,100,99,0,0,0,False,False,False,4.570313,347.3438
friberg younited,CounterTerrorist,748.9406,1888.043,128.1074,Flash,100,99,0,0,0,False,False,False,17.92969,348.0469
friberg younited,CounterTerrorist,748.9406,1888.043,128.1074,Flash,100,99,0,0,0,False,False,False,40.07813,348.3984
friberg younited,CounterTerrorist,748.9406,1888.043,128.1074,Flash,100,99,0,0,0,False,False,False,60.82031,347.6953
friberg younited,CounterTerrorist,748.9406,1888.043,128.1074,Flash,100,99,0,0,0,False,False,False,72.77344,347.6953
friberg younited,CounterTerrorist,748.9406,1888.043,128.1074,Flash,100,99,0,0,0,False,False,False,78.39844,347.3438
friberg younited,CounterTerrorist,748.9406,1888.043,128.1074,Flash,100,99,0,0,0,False,False,False,79.80469,346.9922
friberg younited,CounterTerrorist,748.9406,1888.043,128.1074,Flash,100,99,0,0,0,False,False,False,79.80469,346.9922
friberg younited,CounterTerrorist,748.9406,1888.043,128.1074,Flash,100,99,0,0,0,False,False,False,79.80469,346.9922
friberg younited,CounterTerrorist,748.9406,1888.043,128.1074,Flash,100,99,0,0,0,False,False,False,79.80469,346.9922
friberg younited,CounterTerrorist,748.9406,1888.043,128.1074,Flash,100,99,0,0,0,False,False,False,79.80469,346.9922
friberg younited,CounterTerrorist,748.9406,1888.043,128.1074,Flash,100,99,0,0,0,False,False,False,79.80469,346.9922
friberg younited,CounterTerrorist,748.9406,1888.043,128.1074,Flash,100,99,0,0,0,False,False,False,79.80469,346.9922
friberg younited,CounterTerrorist,748.9406,1888.043,128.1074,Flash,100,99,0,0,0,False,False,False,79.80469,346.9922
friberg younited,CounterTerrorist,748.9406,1888.043,128.1074,Flash,100,99,0,0,0,False,False,False,79.80469,346.9922
friberg younited,CounterTerrorist,748.9406,1888.043,128.1074,Flash,100,99,0,0,0,False,False,False,79.80469,346.9922
friberg younited,CounterTerrorist,748.9406,1888.043,128.1074,Flash,100,99,0,0,0,False,False,False,80.15625,346.6406
friberg younited,CounterTerrorist,748.9406,1888.043,128.1074,Flash,100,99,0,0,0,False,False,False,81.5625,346.9922
friberg younited,CounterTerrorist,748.9406,1888.043,128.1074,Flash,100,99,0,0,0,False,False,False,85.07813,348.0469
friberg younited,CounterTerrorist,748.9406,1888.043,128.1074,Flash,100,99,0,0,0,False,False,False,90.70313,349.1016
friberg younited,CounterTerrorist,748.9406,1888.043,128.1074,Flash,100,99,0,0,0,False,False,False,98.78906,351.2109
friberg younited,CounterTerrorist,748.9406,1888.043,128.1074,Flash,100,99,0,0,0,False,False,False,107.9297,352.9688
friberg younited,CounterTerrorist,748.9406,1888.043,128.1074,Flash,100,99,0,0,0,False,False,False,119.1797,355.4297
friberg younited,CounterTerrorist,748.9406,1888.043,128.1074,Flash,100,99,0,0,0,False,False,False,132.1875,357.8906
friberg younited,CounterTerrorist,748.9406,1888.043,128.1074,Flash,100,99,0,0,0,False,False,False,143.0859,359.2969
friberg younited,CounterTerrorist,748.9406,1888.043,128.1074,Flash,100,99,0,0,0,False,False,False,147.3047,359.6484
friberg younited,CounterTerrorist,748.9406,1888.043,128.1074,Flash,100,99,0,0,0,False,False,False,147.3047,359.6484
friberg younited,CounterTerrorist,748.9406,1888.043,128.1074,Flash,100,99,0,0,0,False,False,False,147.3047,359.6484
friberg younited,CounterTerrorist,748.9406,1888.043,128.1074,Flash,100,99,0,0,0,False,False,False,147.3047,359.6484
friberg younited,CounterTerrorist,748.9406,1888.043,128.1074,Flash,100,99,0,0,0,False,False,False,147.3047,359.6484
friberg younited,CounterTerrorist,748.9406,1888.043,128.1074,Flash,100,99,0,0,0,False,False,False,147.3047,359.6484
friberg younited,CounterTerrorist,748.9406,1888.043,128.1074,Flash,100,99,0,0,0,False,False,False,147.6563,359.6484
friberg younited,CounterTerrorist,748.9406,1888.043,128.1074,Flash,100,99,0,0,0,False,False,False,146.25,359.6484
friberg younited,CounterTerrorist,748.9406,1888.043,128.1074,Flash,100,99,0,0,0,False,False,False,138.1641,0.3515625
friberg younited,CounterTerrorist,748.9406,1888.043,128.1074,Flash,100,99,0,0,0,False,False,False,120.9375,1.757813
friberg younited,CounterTerrorist,748.9406,1888.043,128.1074,Flash,100,99,0,0,0,False,False,False,95.97657,2.460938
friberg younited,CounterTerrorist,748.9406,1888.043,128.1074,Flash,100,99,0,0,0,False,False,False,67.14844,2.109375
friberg younited,CounterTerrorist,748.9406,1888.043,128.1074,Flash,100,99,0,0,0,False,False,False,40.42969,0
friberg younited,CounterTerrorist,748.9406,1888.043,128.1074,Flash,100,99,0,0,0,False,False,False,23.55469,357.8906
friberg younited,CounterTerrorist,748.9406,1888.043,128.1074,Flash,100,99,0,0,0,False,False,False,13.00781,355.7813
friberg younited,CounterTerrorist,748.9406,1888.348,128.1021,Flash,100,99,-4.332284E-07,13.97983,0,False,False,False,8.789063,354.7266
friberg younited,CounterTerrorist,748.9406,1889.224,128.052,Flash,100,99,-8.692177E-07,28.04876,0,False,False,False,8.4375,354.0234
friberg younited,CounterTerrorist,748.9406,1890.21,127.9957,Flash,100,99,-6.0784E-07,19.61437,0,False,False,False,8.4375,354.0234
friberg younited,CounterTerrorist,748.9639,1890.425,127.9794,Flash,100,99,0.934127,-5.905993,0,False,False,False,8.085938,354.0234
friberg younited,CounterTerrorist,749.0447,1889.86,128.014,Flash,100,99,2.828417,-20.1565,0,False,False,False,7.734375,353.6719
friberg younited,CounterTerrorist,749.1961,1888.739,128.0609,Flash,100,99,4.547318,-34.42919,0,False,False,False,7.03125,353.3203
friberg younited,CounterTerrorist,749.3094,1888.031,128.113,Flash,100,99,0,0,0,False,False,False,6.328125,352.6172
friberg younited,CounterTerrorist,749.3094,1888.031,128.113,Flash,100,99,0,0,0,False,False,False,5.625,351.9141
friberg younited,CounterTerrorist,749.3094,1888.031,128.113,Flash,100,99,0,0,0,False,False,False,4.921875,351.2109
friberg younited,CounterTerrorist,749.3094,1888.031,128.113,Flash,100,99,0,0,0,False,False,False,4.21875,350.5078
friberg younited,CounterTerrorist,749.3094,1888.031,128.113,Flash,100,99,0,0,0,False,False,False,3.515625,349.8047
friberg younited,CounterTerrorist,749.3094,1888.031,128.113,Flash,100,99,0,0,0,False,False,False,3.164063,349.8047
friberg younited,CounterTerrorist,749.3094,1888.031,128.113,Flash,100,99,0,0,0,False,False,False,2.8125,349.4531
friberg younited,CounterTerrorist,749.3094,1888.031,128.113,Flash,100,99,0,0,0,False,False,False,2.8125,349.4531
friberg younited,CounterTerrorist,749.3094,1888.031,128.113,Flash,100,99,0,0,0,False,False,False,2.8125,349.4531
friberg younited,CounterTerrorist,749.3094,1888.031,128.113,Flash,100,99,0,0,0,False,False,False,2.8125,349.4531
friberg younited,CounterTerrorist,749.3094,1888.031,128.113,Flash,100,99,0,0,0,False,False,False,2.460938,349.4531
friberg younited,CounterTerrorist,749.3094,1888.031,128.113,Flash,100,99,0,0,0,False,False,False,2.109375,349.4531
friberg younited,CounterTerrorist,749.3094,1888.031,128.113,Flash,100,99,0,0,0,False,False,False,2.109375,349.4531
friberg younited,CounterTerrorist,749.3094,1888.031,128.113,Flash,100,99,0,0,0,False,False,False,1.757813,349.4531
friberg younited,CounterTerrorist,749.3094,1888.031,128.113,Flash,100,99,0,0,0,False,False,False,1.054688,349.1016
friberg younited,CounterTerrorist,749.3094,1888.031,128.113,Flash,100,99,0,0,0,False,False,False,0.703125,349.1016
friberg younited,CounterTerrorist,749.3094,1888.031,128.113,Flash,100,99,0,0,0,False,False,False,0.703125,349.1016
friberg younited,CounterTerrorist,749.3094,1888.031,128.113,Flash,100,99,0,0,0,False,False,False,0.703125,349.1016
friberg younited,CounterTerrorist,749.3094,1888.031,128.113,Flash,100,99,0,0,0,False,False,False,0.703125,349.1016
friberg younited,CounterTerrorist,749.3094,1888.031,128.113,Flash,100,99,0,0,0,False,False,False,0.703125,349.1016
friberg younited,CounterTerrorist,749.3094,1888.031,128.113,Flash,100,99,0,0,0,False,False,False,0.703125,349.1016
friberg younited,CounterTerrorist,749.3094,1888.031,128.113,Flash,100,99,0,0,0,False,False,False,0.703125,349.1016
friberg younited,CounterTerrorist,749.3094,1888.031,128.113,Flash,100,99,0,0,0,False,False,False,0.703125,349.1016
friberg younited,CounterTerrorist,749.3094,1888.031,128.113,Flash,100,99,0,0,0,False,False,False,0.703125,349.1016
friberg younited,CounterTerrorist,749.3094,1888.031,128.113,Flash,100,99,0,0,0,False,False,False,0.703125,349.1016
friberg younited,CounterTerrorist,749.3094,1888.031,128.113,Flash,100,99,0,0,0,False,False,False,0.703125,349.1016
friberg younited,CounterTerrorist,749.3094,1888.031,128.113,Flash,100,99,0,0,0,False,False,False,0.703125,349.1016
friberg younited,CounterTerrorist,749.3094,1888.031,128.113,Flash,100,99,0,0,0,False,False,False,0.703125,349.1016
friberg younited,CounterTerrorist,749.3094,1888.031,128.113,Flash,100,99,0,0,0,False,False,False,0.703125,349.1016
friberg younited,CounterTerrorist,749.3094,1888.031,128.113,Flash,100,99,0,0,0,False,False,False,0.703125,349.1016
friberg younited,CounterTerrorist,749.3094,1888.031,128.113,Flash,100,99,0,0,0,False,False,False,0.703125,349.1016
friberg younited,CounterTerrorist,749.3094,1888.031,128.113,Flash,100,99,0,0,0,False,False,False,0.703125,349.1016
friberg younited,CounterTerrorist,749.3094,1888.031,128.113,Flash,100,99,0,0,0,False,False,False,0.703125,349.1016
friberg younited,CounterTerrorist,749.3094,1888.031,128.113,Flash,100,99,0,0,0,False,False,False,0.703125,349.1016
friberg younited,CounterTerrorist,749.3094,1888.031,128.113,Flash,100,99,0,0,0,False,False,False,0.703125,349.1016
friberg younited,CounterTerrorist,749.3094,1888.031,128.113,Flash,100,99,0,0,0,False,False,False,0.703125,349.1016
friberg younited,CounterTerrorist,749.3094,1888.031,128.113,Flash,100,99,0,0,0,False,False,False,0.703125,349.1016
friberg younited,CounterTerrorist,749.3094,1888.031,128.113,Flash,100,99,0,0,0,False,False,False,0.703125,349.1016
friberg younited,CounterTerrorist,749.3094,1888.031,128.113,Flash,100,99,0,0,0,False,False,False,0.703125,349.1016
friberg younited,CounterTerrorist,749.3094,1888.031,128.113,Flash,100,99,0,0,0,False,False,False,0.703125,349.1016
friberg younited,CounterTerrorist,749.3094,1888.031,128.113,Flash,100,99,0,0,0,False,False,False,0.703125,349.1016
friberg younited,CounterTerrorist,749.3094,1888.031,128.113,Flash,100,99,0,0,0,False,False,False,0.703125,349.1016
friberg younited,CounterTerrorist,749.3094,1888.031,128.113,Flash,100,99,0,0,0,False,False,False,0.703125,349.1016
friberg younited,CounterTerrorist,749.3094,1888.031,128.113,Flash,100,99,0,0,0,False,False,False,0.703125,349.1016
friberg younited,CounterTerrorist,749.3094,1888.031,128.113,Flash,100,99,0,0,0,False,False,False,0.703125,348.75
friberg younited,CounterTerrorist,749.3094,1888.031,128.113,Flash,100,99,0,0,0,False,False,False,0.703125,348.75
friberg younited,CounterTerrorist,749.3094,1888.031,128.113,Flash,100,99,0,0,0,False,False,False,0.703125,348.75
friberg younited,CounterTerrorist,749.3094,1888.031,128.113,Flash,100,99,0,0,0,False,False,False,0.703125,348.75
friberg younited,CounterTerrorist,749.3094,1888.031,128.113,Flash,100,99,0,0,0,False,False,False,0.703125,348.75
friberg younited,CounterTerrorist,749.3094,1888.031,128.113,Flash,100,99,0,0,0,False,False,False,0.703125,348.75
friberg younited,CounterTerrorist,749.3094,1888.031,128.113,Flash,100,99,0,0,0,False,False,False,0.703125,348.75
friberg younited,CounterTerrorist,749.3094,1888.031,128.113,Flash,100,99,0,0,0,False,False,False,0.703125,348.75
friberg younited,CounterTerrorist,749.3094,1888.031,128.113,Flash,100,99,0,0,0,False,False,False,0.703125,348.75
friberg younited,CounterTerrorist,749.3094,1888.031,128.113,Flash,100,99,0,0,0,False,False,False,0.703125,348.3984
friberg younited,CounterTerrorist,749.3094,1888.031,128.113,Flash,100,99,0,0,0,False,False,False,0.703125,348.0469
friberg younited,CounterTerrorist,749.3094,1888.031,128.113,Flash,100,99,0,0,0,False,False,False,0.703125,348.0469
friberg younited,CounterTerrorist,749.3094,1888.031,128.113,Flash,100,99,0,0,0,False,False,False,0.703125,348.0469
friberg younited,CounterTerrorist,749.3094,1888.031,128.113,Flash,100,99,0,0,0,False,False,False,0.703125,348.0469
friberg younited,CounterTerrorist,749.3094,1888.031,128.113,Flash,100,99,0,0,0,False,False,False,0.703125,348.0469
friberg younited,CounterTerrorist,749.3094,1888.031,128.113,Flash,100,99,0,0,0,False,False,False,0.3515625,348.0469
friberg younited,CounterTerrorist,749.3094,1888.031,128.113,Flash,100,99,0,0,0,False,False,False,0.3515625,348.0469
friberg younited,CounterTerrorist,749.3094,1888.031,128.113,Flash,100,99,0,0,0,False,False,False,0.3515625,348.0469
friberg younited,CounterTerrorist,749.3094,1888.031,128.113,Flash,100,99,0,0,0,False,False,False,0.3515625,348.0469
friberg younited,CounterTerrorist,749.3094,1888.031,128.113,Flash,100,99,0,0,0,False,False,False,0.3515625,348.0469
friberg younited,CounterTerrorist,749.3094,1888.031,128.113,Flash,100,99,0,0,0,False,False,False,0.3515625,348.0469
friberg younited,CounterTerrorist,749.3094,1888.031,128.113,Flash,100,99,0,0,0,False,False,False,0.3515625,348.0469
friberg younited,CounterTerrorist,749.3094,1888.031,128.113,Flash,100,99,0,0,0,False,False,False,0.3515625,348.0469
friberg younited,CounterTerrorist,749.3094,1888.031,128.113,Flash,100,99,0,0,0,False,False,False,0.3515625,348.0469
friberg younited,CounterTerrorist,749.3094,1888.031,128.113,Flash,100,99,0,0,0,False,False,False,0.3515625,348.0469
friberg younited,CounterTerrorist,749.3094,1888.031,128.113,Flash,100,99,0,0,0,False,False,False,0.3515625,348.0469
friberg younited,CounterTerrorist,749.3094,1888.031,128.113,Flash,100,99,0,0,0,False,False,False,0.3515625,348.0469
friberg younited,CounterTerrorist,749.3094,1888.031,128.113,Flash,100,99,0,0,0,False,False,False,0.3515625,348.0469
friberg younited,CounterTerrorist,749.3094,1888.031,128.113,Flash,100,99,0,0,0,False,False,False,0.3515625,348.0469
friberg younited,CounterTerrorist,749.3094,1888.031,128.113,Flash,100,99,0,0,0,False,False,False,0.3515625,348.0469
friberg younited,CounterTerrorist,749.3094,1888.031,128.113,Flash,100,99,0,0,0,False,False,False,0.3515625,348.0469
friberg younited,CounterTerrorist,749.3094,1888.031,128.113,Flash,100,99,0,0,0,False,False,False,0.3515625,348.0469
friberg younited,CounterTerrorist,749.3094,1888.031,128.113,Flash,100,99,0,0,0,False,False,False,0.3515625,348.0469
friberg younited,CounterTerrorist,749.3094,1888.031,128.113,Flash,100,99,0,0,0,False,False,False,0.3515625,348.0469
friberg younited,CounterTerrorist,749.3094,1888.031,128.113,Flash,100,99,0,0,0,False,False,False,0.3515625,348.0469
friberg younited,CounterTerrorist,749.3094,1888.031,128.113,Flash,100,99,0,0,0,False,False,False,0.3515625,348.0469
friberg younited,CounterTerrorist,749.3094,1888.031,128.113,Flash,100,99,0,0,0,False,False,False,0.3515625,348.0469
friberg younited,CounterTerrorist,749.3094,1888.031,128.113,Flash,100,99,0,0,0,False,False,False,0.3515625,348.0469
friberg younited,CounterTerrorist,749.3094,1888.031,128.113,Flash,100,99,0,0,0,False,False,False,0.3515625,348.0469
friberg younited,CounterTerrorist,749.3094,1888.031,128.113,Flash,100,99,0,0,0,False,False,False,0.3515625,348.0469
friberg younited,CounterTerrorist,749.3094,1888.031,128.113,Flash,100,99,0,0,0,False,False,False,0.3515625,348.0469
friberg younited,CounterTerrorist,749.3094,1888.031,128.113,Flash,100,99,0,0,0,False,False,False,0.3515625,348.0469
friberg younited,CounterTerrorist,749.3094,1888.031,128.113,Flash,100,99,0,0,0,False,False,False,0.3515625,348.0469
friberg younited,CounterTerrorist,749.3094,1888.031,128.113,Flash,100,99,0,0,0,False,False,False,0.3515625,348.0469
friberg younited,CounterTerrorist,749.3094,1888.031,128.113,Flash,100,99,0,0,0,False,False,False,0.3515625,348.0469
friberg younited,CounterTerrorist,749.3094,1888.031,128.113,Flash,100,99,0,0,0,False,False,False,0.3515625,348.0469
friberg younited,CounterTerrorist,749.3094,1888.031,128.113,Flash,100,99,0,0,0,False,False,False,0.3515625,348.0469
friberg younited,CounterTerrorist,749.3094,1888.031,128.113,Flash,100,99,0,0,0,False,False,False,0.3515625,348.0469
friberg younited,CounterTerrorist,749.3094,1888.031,128.113,Flash,100,99,0,0,0,False,False,False,0.3515625,348.0469
friberg younited,CounterTerrorist,749.3094,1888.031,128.113,Flash,100,99,0,0,0,False,False,False,0.3515625,348.0469
friberg younited,CounterTerrorist,749.3094,1888.031,128.113,Flash,100,99,0,0,0,False,False,False,0.3515625,348.0469
friberg younited,CounterTerrorist,749.3094,1888.031,128.113,Flash,100,99,0,0,0,False,False,False,0.3515625,348.0469
friberg younited,CounterTerrorist,749.3094,1888.031,128.113,Flash,100,99,0,0,0,False,False,False,0.3515625,348.0469
friberg younited,CounterTerrorist,749.3094,1888.031,128.113,Flash,100,99,0,0,0,False,False,False,0.3515625,348.0469
friberg younited,CounterTerrorist,749.3094,1888.031,128.113,Flash,100,99,0,0,0,False,False,False,0.3515625,348.0469
friberg younited,CounterTerrorist,749.3094,1888.031,128.113,Flash,100,99,0,0,0,False,False,False,0.3515625,348.0469
friberg younited,CounterTerrorist,749.3094,1888.031,128.113,Flash,100,99,0,0,0,False,False,False,0.3515625,348.0469
friberg younited,CounterTerrorist,749.3094,1888.031,128.113,Flash,100,99,0,0,0,False,False,False,0.3515625,348.0469
friberg younited,CounterTerrorist,749.3094,1888.031,128.113,Flash,100,99,0,0,0,False,False,False,0.3515625,348.0469
friberg younited,CounterTerrorist,749.3094,1888.031,128.113,Flash,100,99,0,0,0,False,False,False,0.3515625,348.0469
friberg younited,CounterTerrorist,749.3094,1888.031,128.113,Flash,100,99,0,0,0,False,False,False,0.3515625,348.0469
friberg younited,CounterTerrorist,749.3094,1888.031,128.113,Flash,100,99,0,0,0,False,False,False,0.3515625,348.0469
friberg younited,CounterTerrorist,749.3094,1888.031,128.113,Flash,100,99,0,0,0,False,False,False,0.3515625,348.0469
friberg younited,CounterTerrorist,749.3094,1888.031,128.113,Flash,100,99,0,0,0,False,False,False,0.3515625,348.0469
friberg younited,CounterTerrorist,749.3094,1888.031,128.113,Flash,100,99,0,0,0,False,False,False,0.3515625,348.0469
friberg younited,CounterTerrorist,749.3094,1888.031,128.113,Flash,100,99,0,0,0,False,False,False,0.3515625,348.0469
friberg younited,CounterTerrorist,749.3094,1888.031,128.113,Flash,100,99,0,0,0,False,False,False,0.3515625,348.0469
friberg younited,CounterTerrorist,749.3094,1888.031,128.113,Flash,100,99,0,0,0,False,False,False,0.3515625,348.0469
friberg younited,CounterTerrorist,749.3094,1888.031,128.113,Flash,100,99,0,0,0,False,False,False,0.3515625,348.0469
friberg younited,CounterTerrorist,749.3094,1888.031,128.113,Flash,100,99,0,0,0,False,False,False,0.3515625,348.0469
friberg younited,CounterTerrorist,749.3094,1888.031,128.113,Flash,100,99,0,0,0,False,False,False,0.3515625,348.0469
friberg younited,CounterTerrorist,749.3094,1888.031,128.113,Flash,100,99,0,0,0,False,False,False,0.3515625,348.0469
friberg younited,CounterTerrorist,749.3094,1888.031,128.113,Flash,100,99,0,0,0,False,False,False,0.3515625,348.0469
friberg younited,CounterTerrorist,749.3094,1888.031,128.113,Flash,100,99,0,0,0,False,False,False,0.3515625,348.0469
friberg younited,CounterTerrorist,749.3094,1888.031,128.113,Flash,100,99,0,0,0,False,False,False,0.3515625,348.0469
friberg younited,CounterTerrorist,749.3094,1888.031,128.113,Flash,100,99,0,0,0,False,False,False,0.3515625,348.0469
friberg younited,CounterTerrorist,749.3094,1888.031,128.113,Flash,100,99,0,0,0,False,False,False,0.3515625,348.0469
friberg younited,CounterTerrorist,749.3094,1888.031,128.113,Flash,100,99,0,0,0,False,False,False,0.3515625,348.0469
friberg younited,CounterTerrorist,749.3094,1888.031,128.113,Flash,100,99,0,0,0,False,False,False,0.3515625,348.0469
friberg younited,CounterTerrorist,749.3094,1888.031,128.113,Flash,100,99,0,0,0,False,False,False,0.3515625,348.0469
friberg younited,CounterTerrorist,749.3094,1888.031,128.113,Flash,100,99,0,0,0,False,False,False,0.3515625,348.0469
friberg younited,CounterTerrorist,749.3094,1888.031,128.113,Flash,100,99,0,0,0,False,False,False,0.3515625,348.0469
friberg younited,CounterTerrorist,749.3094,1888.031,128.113,Flash,100,99,0,0,0,False,False,False,0.3515625,348.0469
friberg younited,CounterTerrorist,749.3094,1888.031,128.113,Flash,100,99,0,0,0,False,False,False,0.3515625,348.0469
friberg younited,CounterTerrorist,749.3094,1888.031,128.113,Flash,100,99,0,0,0,False,False,False,0.3515625,348.0469
friberg younited,CounterTerrorist,749.3094,1888.031,128.113,Flash,100,99,0,0,0,False,False,False,0.3515625,348.0469
friberg younited,CounterTerrorist,749.3094,1888.031,128.113,Flash,100,99,0,0,0,False,False,False,0.3515625,348.0469
friberg younited,CounterTerrorist,749.3094,1888.031,128.113,Flash,100,99,0,0,0,False,False,False,0.3515625,348.0469
friberg younited,CounterTerrorist,749.3094,1888.031,128.113,Flash,100,99,0,0,0,False,False,False,0.3515625,348.0469
friberg younited,CounterTerrorist,749.3094,1888.031,128.113,Flash,100,99,0,0,0,False,False,False,0.3515625,348.0469
friberg younited,CounterTerrorist,749.3094,1888.031,128.113,Flash,100,99,0,0,0,False,False,False,0.3515625,348.0469
friberg younited,CounterTerrorist,749.3094,1888.031,128.113,Flash,100,99,0,0,0,False,False,False,0.3515625,348.0469
friberg younited,CounterTerrorist,749.3094,1888.031,128.113,Flash,100,99,0,0,0,False,False,False,0.3515625,348.0469
friberg younited,CounterTerrorist,749.3094,1888.031,128.113,Flash,100,99,0,0,0,False,False,False,0.3515625,348.0469
friberg younited,CounterTerrorist,749.3094,1888.031,128.113,Flash,100,99,0,0,0,False,False,False,0.3515625,348.0469
friberg younited,CounterTerrorist,749.3094,1888.031,128.113,Flash,100,99,0,0,0,False,False,False,0.3515625,348.0469
friberg younited,CounterTerrorist,749.3094,1888.031,128.113,Flash,100,99,0,0,0,False,False,False,0.3515625,348.0469
friberg younited,CounterTerrorist,749.3094,1888.031,128.113,Flash,100,99,0,0,0,False,False,False,0.3515625,348.0469
friberg younited,CounterTerrorist,749.3094,1888.031,128.113,Flash,100,99,0,0,0,False,False,False,0.3515625,348.0469
friberg younited,CounterTerrorist,749.3094,1888.031,128.113,Flash,100,99,0,0,0,False,False,False,0.3515625,348.0469
friberg younited,CounterTerrorist,749.3094,1888.031,128.113,Flash,100,99,0,0,0,False,False,False,0.3515625,348.0469
friberg younited,CounterTerrorist,749.3094,1888.031,128.113,Flash,100,99,0,0,0,False,False,False,0.3515625,348.0469
friberg younited,CounterTerrorist,749.3094,1888.031,128.113,Flash,100,99,0,0,0,False,False,False,0.3515625,348.0469
friberg younited,CounterTerrorist,749.3094,1888.031,128.113,Flash,100,99,0,0,0,False,False,False,0.3515625,348.0469
friberg younited,CounterTerrorist,749.3094,1888.031,128.113,Flash,100,99,0,0,0,False,False,False,0.3515625,348.0469
friberg younited,CounterTerrorist,749.3094,1888.031,128.113,Flash,100,99,0,0,0,False,False,False,0.3515625,348.0469
friberg younited,CounterTerrorist,749.3094,1888.031,128.113,Flash,100,99,0,0,0,False,False,False,0.3515625,348.0469
friberg younited,CounterTerrorist,749.3094,1888.031,128.113,Flash,100,99,0,0,0,False,False,False,0.3515625,348.0469
friberg younited,CounterTerrorist,749.3094,1888.031,128.113,Flash,100,99,0,0,0,False,False,False,0.3515625,348.0469
friberg younited,CounterTerrorist,749.3094,1888.031,128.113,Flash,100,99,0,0,0,False,False,False,0.3515625,348.0469
friberg younited,CounterTerrorist,749.3094,1888.031,128.113,Flash,100,99,0,0,0,False,False,False,0.3515625,348.0469
friberg younited,CounterTerrorist,749.3094,1888.031,128.113,Flash,100,99,0,0,0,False,False,False,0.3515625,348.0469
friberg younited,CounterTerrorist,749.3084,1888.143,128.1081,Flash,100,99,-0.07753193,8.562148,0,False,False,False,0.3515625,348.0469
friberg younited,CounterTerrorist,749.1343,1888.738,128.0768,Flash,100,99,-10.39996,18.1711,0,False,False,False,0.3515625,348.0469
friberg younited,CounterTerrorist,748.9407,1889.614,128.0297,Flash,100,99,-8.012809E-07,24.8734,0,False,False,False,0.3515625,348.0469
friberg younited,CounterTerrorist,748.9407,1890.723,127.9663,Flash,100,99,-9.90428E-07,30.74491,0,False,False,False,0.3515625,348.0469
friberg younited,CounterTerrorist,748.9407,1891.747,127.9078,Flash,100,99,-6.606578E-07,20.50817,0,False,False,False,0.3515625,348.0469
friberg younited,CounterTerrorist,748.9407,1892.215,127.8879,Flash,100,99,-2.026757E-07,6.291467,0,False,False,False,0.3515625,348.0469
friberg younited,CounterTerrorist,748.9407,1892.245,127.8879,Flash,100,99,8.634231E-10,-0.07522612,0,False,False,False,0.3515625,348.0469
friberg younited,CounterTerrorist,748.9407,1892.244,127.8879,Flash,100,99,0,0,0,False,False,False,0.3515625,348.0469
friberg younited,CounterTerrorist,748.9407,1892.244,127.8879,Flash,100,99,0,0,0,False,False,False,0.3515625,348.0469
friberg younited,CounterTerrorist,748.9407,1892.244,127.8879,Flash,100,99,0,0,0,False,False,False,0.3515625,348.0469
friberg younited,CounterTerrorist,748.9407,1892.244,127.8879,Flash,100,99,0,0,0,False,False,False,0.3515625,348.0469
friberg younited,CounterTerrorist,748.9407,1892.244,127.8879,Flash,100,99,0,0,0,False,False,False,0.3515625,348.0469
friberg younited,CounterTerrorist,748.9407,1892.244,127.8879,Flash,100,99,0,0,0,False,False,False,0.3515625,348.0469
friberg younited,CounterTerrorist,748.9407,1892.244,127.8879,Flash,100,99,0,0,0,False,False,False,0.3515625,348.0469
friberg younited,CounterTerrorist,748.9407,1892.244,127.8879,Flash,100,99,0,0,0,False,False,False,0.3515625,348.0469
friberg younited,CounterTerrorist,748.9407,1892.244,127.8879,Flash,100,99,0,0,0,False,False,False,0.3515625,348.0469
friberg younited,CounterTerrorist,748.9407,1892.244,127.8879,Flash,100,99,0,0,0,False,False,False,0.3515625,348.0469
friberg younited,CounterTerrorist,748.9407,1892.244,127.8879,Flash,100,99,0,0,0,False,False,False,0.3515625,348.0469
friberg younited,CounterTerrorist,748.9407,1892.244,127.8879,Flash,100,99,0,0,0,False,False,False,0.3515625,348.0469
friberg younited,CounterTerrorist,748.9407,1892.244,127.8879,Flash,100,99,0,0,0,False,False,False,0.3515625,348.0469
friberg younited,CounterTerrorist,748.9407,1892.244,127.8879,Flash,100,99,0,0,0,False,False,False,0.3515625,348.0469
friberg younited,CounterTerrorist,748.9407,1892.244,127.8879,Flash,100,99,0,0,0,False,False,False,0.3515625,348.0469
friberg younited,CounterTerrorist,748.9407,1892.244,127.8879,Flash,100,99,0,0,0,False,False,False,0.3515625,348.0469
friberg younited,CounterTerrorist,748.9407,1892.244,127.8879,Flash,100,99,0,0,0,False,False,False,0.3515625,348.0469
friberg younited,CounterTerrorist,748.9407,1892.244,127.8879,Flash,100,99,0,0,0,False,False,False,0.3515625,348.0469
friberg younited,CounterTerrorist,748.9407,1892.244,127.8879,Flash,100,99,0,0,0,False,False,False,0.3515625,348.0469
friberg younited,CounterTerrorist,748.9407,1892.244,127.8879,Flash,100,99,0,0,0,False,False,False,0.3515625,348.0469
friberg younited,CounterTerrorist,748.9407,1892.244,127.8879,Flash,100,99,0,0,0,False,False,False,0.3515625,348.0469
friberg younited,CounterTerrorist,748.9407,1892.244,127.8879,Flash,100,99,0,0,0,False,False,False,0.3515625,348.0469
friberg younited,CounterTerrorist,748.9407,1892.244,127.8879,Flash,100,99,0,0,0,False,False,False,0.3515625,348.0469
friberg younited,CounterTerrorist,748.9407,1892.244,127.8879,Flash,100,99,0,0,0,False,False,False,0.3515625,348.0469
friberg younited,CounterTerrorist,748.9407,1892.244,127.8879,Flash,100,99,0,0,0,False,False,False,0.3515625,348.0469
friberg younited,CounterTerrorist,748.9407,1892.244,127.8879,Flash,100,99,0,0,0,False,False,False,0.3515625,348.0469
friberg younited,CounterTerrorist,748.9407,1892.244,127.8879,Flash,100,99,0,0,0,False,False,False,0.3515625,348.0469
friberg younited,CounterTerrorist,748.9407,1892.244,127.8879,Flash,100,99,0,0,0,False,False,False,0.3515625,348.0469
friberg younited,CounterTerrorist,748.9407,1892.244,127.8879,Flash,100,99,0,0,0,False,False,False,0.3515625,348.0469
friberg younited,CounterTerrorist,748.9407,1892.244,127.8879,Flash,100,99,0,0,0,False,False,False,0.3515625,348.0469
friberg younited,CounterTerrorist,748.9407,1892.244,127.8879,Flash,100,99,0,0,0,False,False,False,0.3515625,348.0469
friberg younited,CounterTerrorist,748.9407,1892.244,127.8879,Flash,100,99,0,0,0,False,False,False,0.3515625,348.0469
friberg younited,CounterTerrorist,748.9407,1892.244,127.8879,Flash,100,99,0,0,0,False,False,False,0.3515625,348.0469
friberg younited,CounterTerrorist,748.9407,1892.244,127.8879,Flash,100,99,0,0,0,False,False,False,0.3515625,348.0469
friberg younited,CounterTerrorist,748.9407,1892.244,127.8879,Flash,100,99,0,0,0,False,False,False,0.3515625,348.0469
friberg younited,CounterTerrorist,748.9407,1892.244,127.8879,Flash,100,99,0,0,0,False,False,False,0.3515625,348.0469
friberg younited,CounterTerrorist,748.9407,1892.244,127.8879,Flash,100,99,0,0,0,False,False,False,0.3515625,348.0469
friberg younited,CounterTerrorist,748.9407,1892.244,127.8879,Flash,100,99,0,0,0,False,False,False,0.3515625,348.0469
friberg younited,CounterTerrorist,748.9407,1892.244,127.8879,Flash,100,99,0,0,0,False,False,False,0.3515625,348.0469
friberg younited,CounterTerrorist,748.9407,1892.244,127.8879,Flash,100,99,0,0,0,False,False,False,0.3515625,348.0469
friberg younited,CounterTerrorist,748.9407,1892.244,127.8879,Flash,100,99,0,0,0,False,False,False,0.3515625,348.0469
friberg younited,CounterTerrorist,748.9407,1892.244,127.8879,Flash,100,99,0,0,0,False,False,False,0.3515625,348.0469
friberg younited,CounterTerrorist,748.9407,1892.244,127.8879,Flash,100,99,0,0,0,False,False,False,0.3515625,348.0469
friberg younited,CounterTerrorist,748.9407,1892.244,127.8879,Flash,100,99,0,0,0,False,False,False,0.3515625,348.0469
friberg younited,CounterTerrorist,748.9407,1892.244,127.8879,Flash,100,99,0,0,0,False,False,False,0.3515625,348.0469
friberg younited,CounterTerrorist,748.9407,1892.244,127.8879,Flash,100,99,0,0,0,False,False,False,0.3515625,348.0469
friberg younited,CounterTerrorist,748.9407,1892.244,127.8879,Flash,100,99,0,0,0,False,False,False,0.3515625,348.0469
friberg younited,CounterTerrorist,748.9407,1892.244,127.8879,Flash,100,99,0,0,0,False,False,False,0.3515625,348.0469
friberg younited,CounterTerrorist,748.9407,1892.244,127.8879,Flash,100,99,0,0,0,False,False,False,0.3515625,348.0469
friberg younited,CounterTerrorist,748.9407,1892.244,127.8879,Flash,100,99,0,0,0,False,False,False,0.3515625,348.0469
friberg younited,CounterTerrorist,748.9407,1892.244,127.8879,Flash,100,99,0,0,0,False,False,False,0.3515625,348.0469
friberg younited,CounterTerrorist,748.9407,1892.244,127.8879,Flash,100,99,0,0,0,False,False,False,0.3515625,348.0469
friberg younited,CounterTerrorist,748.9407,1892.244,127.8879,Flash,100,99,0,0,0,False,False,False,0.3515625,348.0469
friberg younited,CounterTerrorist,748.9407,1892.244,127.8879,Flash,100,99,0,0,0,False,False,False,0.3515625,348.0469
friberg younited,CounterTerrorist,748.9407,1892.244,127.8879,Flash,100,99,0,0,0,False,False,False,0.3515625,348.0469
friberg younited,CounterTerrorist,748.9407,1892.244,127.8879,Flash,100,99,0,0,0,False,False,False,0.3515625,348.0469
friberg younited,CounterTerrorist,748.9407,1892.244,127.8879,Flash,100,99,0,0,0,False,False,False,0.3515625,348.0469
friberg younited,CounterTerrorist,748.9407,1892.244,127.8879,Flash,100,99,0,0,0,False,False,False,0.3515625,348.0469
friberg younited,CounterTerrorist,748.9407,1892.244,127.8879,Flash,100,99,0,0,0,False,False,False,0.3515625,348.0469
friberg younited,CounterTerrorist,748.9407,1892.244,127.8879,Flash,100,99,0,0,0,False,False,False,0.3515625,348.0469
friberg younited,CounterTerrorist,748.9407,1892.244,127.8879,Flash,100,99,0,0,0,False,False,False,0.3515625,348.0469
friberg younited,CounterTerrorist,748.9407,1892.244,127.8879,Flash,100,99,0,0,0,False,False,False,0.3515625,348.0469
friberg younited,CounterTerrorist,748.9407,1892.244,127.8879,Flash,100,99,0,0,0,False,False,False,0.3515625,348.0469
friberg younited,CounterTerrorist,748.9407,1892.244,127.8879,Flash,100,99,0,0,0,False,False,False,0.3515625,348.0469
friberg younited,CounterTerrorist,748.9407,1892.244,127.8879,Flash,100,99,0,0,0,False,False,False,0.3515625,348.0469
friberg younited,CounterTerrorist,748.9407,1892.244,127.8879,Flash,100,99,0,0,0,False,False,False,0.3515625,348.0469
friberg younited,CounterTerrorist,748.9407,1892.244,127.8879,Flash,100,99,0,0,0,False,False,False,0.3515625,348.0469
friberg younited,CounterTerrorist,748.9407,1892.244,127.8879,Flash,100,99,0,0,0,False,False,False,0.3515625,348.0469
friberg younited,CounterTerrorist,748.9407,1892.244,127.8879,Flash,100,99,0,0,0,False,False,False,0.3515625,348.0469
friberg younited,CounterTerrorist,748.9407,1892.244,127.8879,Flash,100,99,0,0,0,False,False,False,0.3515625,348.0469
friberg younited,CounterTerrorist,748.9407,1892.244,127.8879,Flash,100,99,0,0,0,False,False,False,0.3515625,348.0469
friberg younited,CounterTerrorist,748.9407,1892.244,127.8879,Flash,100,99,0,0,0,False,False,False,0.3515625,348.0469
friberg younited,CounterTerrorist,748.9407,1892.244,127.8879,Flash,100,99,0,0,0,False,False,False,0.3515625,348.0469
friberg younited,CounterTerrorist,748.9407,1892.244,127.8879,Flash,100,99,0,0,0,False,False,False,0.3515625,348.0469
friberg younited,CounterTerrorist,748.9407,1892.244,127.8879,Flash,100,99,0,0,0,False,False,False,0.3515625,348.0469
friberg younited,CounterTerrorist,748.9407,1892.244,127.8879,Flash,100,99,0,0,0,False,False,False,0.3515625,348.0469
friberg younited,CounterTerrorist,748.9407,1892.244,127.8879,Flash,100,99,0,0,0,False,False,False,0.3515625,348.0469
friberg younited,CounterTerrorist,748.9407,1892.244,127.8879,Flash,100,99,0,0,0,False,False,False,0.3515625,348.0469
friberg younited,CounterTerrorist,748.9407,1892.244,127.8879,Flash,100,99,0,0,0,False,False,False,0.3515625,348.0469
friberg younited,CounterTerrorist,748.9407,1892.244,127.8879,Flash,100,99,0,0,0,False,False,False,0.3515625,348.0469
friberg younited,CounterTerrorist,748.9407,1892.244,127.8879,Flash,100,99,0,0,0,False,False,False,0.3515625,348.0469
friberg younited,CounterTerrorist,748.9407,1892.244,127.8879,Flash,100,99,0,0,0,False,False,False,0.3515625,348.0469
friberg younited,CounterTerrorist,748.9407,1892.244,127.8879,Flash,100,99,0,0,0,False,False,False,0.3515625,348.0469
friberg younited,CounterTerrorist,748.9407,1892.244,127.8879,Flash,100,99,0,0,0,False,False,False,0.3515625,348.0469
friberg younited,CounterTerrorist,748.9407,1892.244,127.8879,Flash,100,99,0,0,0,False,False,False,0.3515625,348.0469
friberg younited,CounterTerrorist,748.9407,1892.244,127.8879,Flash,100,99,0,0,0,False,False,False,0.3515625,348.0469
friberg younited,CounterTerrorist,748.9407,1892.244,127.8879,Flash,100,99,0,0,0,False,False,False,0.3515625,348.0469
friberg younited,CounterTerrorist,748.9407,1892.244,127.8879,Flash,100,99,0,0,0,False,False,False,0.3515625,348.0469
friberg younited,CounterTerrorist,748.9407,1892.244,127.8879,Flash,100,99,0,0,0,False,False,False,0.3515625,348.0469
friberg younited,CounterTerrorist,748.9407,1892.244,127.8879,Flash,100,99,0,0,0,False,False,False,0.3515625,348.0469
friberg younited,CounterTerrorist,748.9407,1892.244,127.8879,Flash,100,99,0,0,0,False,False,False,0.3515625,348.0469
friberg younited,CounterTerrorist,748.9407,1892.244,127.8879,Flash,100,99,0,0,0,False,False,False,0.3515625,348.0469
friberg younited,CounterTerrorist,748.9407,1892.244,127.8879,Flash,100,99,0,0,0,False,False,False,0.3515625,348.0469
friberg younited,CounterTerrorist,748.9407,1892.244,127.8879,Flash,100,99,0,0,0,False,False,False,0.3515625,348.0469
friberg younited,CounterTerrorist,748.9407,1892.244,127.8879,Flash,100,99,0,0,0,False,False,False,0.3515625,348.0469
friberg younited,CounterTerrorist,748.9407,1892.244,127.8879,Flash,100,99,0,0,0,False,False,False,0.3515625,348.0469
friberg younited,CounterTerrorist,748.9407,1892.244,127.8879,Flash,100,99,0,0,0,False,False,False,0.3515625,348.0469
friberg younited,CounterTerrorist,748.9407,1892.244,127.8879,Flash,100,99,0,0,0,False,False,False,0.3515625,348.0469
friberg younited,CounterTerrorist,748.9407,1892.244,127.8879,Flash,100,99,0,0,0,False,False,False,0.3515625,348.0469
friberg younited,CounterTerrorist,748.9407,1892.244,127.8879,Flash,100,99,0,0,0,False,False,False,0.3515625,348.0469
friberg younited,CounterTerrorist,748.9407,1892.244,127.8879,Flash,100,99,0,0,0,False,False,False,0.3515625,348.0469
friberg younited,CounterTerrorist,748.9407,1892.244,127.8879,Flash,100,99,0,0,0,False,False,False,0.3515625,348.0469
friberg younited,CounterTerrorist,748.9407,1892.244,127.8879,Flash,100,99,0,0,0,False,False,False,0.3515625,348.0469
friberg younited,CounterTerrorist,748.9407,1892.244,127.8879,Flash,100,99,0,0,0,False,False,False,0.3515625,348.0469
friberg younited,CounterTerrorist,748.9407,1892.244,127.8879,Flash,100,99,0,0,0,False,False,False,0.3515625,348.0469
friberg younited,CounterTerrorist,748.9407,1892.244,127.8879,Flash,100,99,0,0,0,False,False,False,0.3515625,348.0469
friberg younited,CounterTerrorist,748.9407,1892.244,127.8879,Flash,100,99,0,0,0,False,False,False,0.3515625,348.0469
friberg younited,CounterTerrorist,748.9407,1892.244,127.8879,Flash,100,99,0,0,0,False,False,False,0.3515625,348.0469
friberg younited,CounterTerrorist,748.9407,1892.244,127.8879,Flash,100,99,0,0,0,False,False,False,0.3515625,348.0469
friberg younited,CounterTerrorist,748.9407,1892.244,127.8879,Flash,100,99,0,0,0,False,False,False,0.3515625,348.0469
friberg younited,CounterTerrorist,748.9407,1892.244,127.8879,Flash,100,99,0,0,0,False,False,False,0.3515625,348.0469
friberg younited,CounterTerrorist,748.9407,1892.244,127.8879,Smoke,100,99,0,0,0,False,False,False,0.3515625,348.0469
friberg younited,CounterTerrorist,748.9407,1892.244,127.8879,Smoke,100,99,0,0,0,False,False,False,0.3515625,348.0469
friberg younited,CounterTerrorist,748.9407,1892.244,127.8879,Smoke,100,99,0,0,0,False,False,False,0.3515625,348.0469
friberg younited,CounterTerrorist,748.9407,1892.244,127.8879,Smoke,100,99,0,0,0,False,False,False,0.3515625,348.0469
friberg younited,CounterTerrorist,748.9407,1892.244,127.8879,Smoke,100,99,0,0,0,False,False,False,0.3515625,348.0469
friberg younited,CounterTerrorist,748.9407,1892.244,127.8879,Smoke,100,99,0,0,0,False,False,False,0.3515625,348.0469
friberg younited,CounterTerrorist,748.9407,1892.244,127.8879,Smoke,100,99,0,0,0,False,False,False,0.3515625,348.0469
friberg younited,CounterTerrorist,748.9407,1892.244,127.8879,Smoke,100,99,0,0,0,False,False,False,0.3515625,348.0469
friberg younited,CounterTerrorist,748.9407,1892.244,127.8879,Smoke,100,99,0,0,0,False,False,False,0.3515625,348.0469
friberg younited,CounterTerrorist,748.9407,1892.244,127.8879,Smoke,100,99,0,0,0,False,False,False,0.3515625,348.0469
friberg younited,CounterTerrorist,748.9407,1892.244,127.8879,Smoke,100,99,0,0,0,False,False,False,0.3515625,348.0469
friberg younited,CounterTerrorist,748.9407,1892.244,127.8879,Smoke,100,99,0,0,0,False,False,False,0.3515625,348.0469
friberg younited,CounterTerrorist,748.9407,1892.244,127.8879,Smoke,100,99,0,0,0,False,False,False,0.3515625,348.0469
friberg younited,CounterTerrorist,748.9407,1892.244,127.8879,Smoke,100,99,0,0,0,False,False,False,0.3515625,348.0469
friberg younited,CounterTerrorist,748.9407,1892.244,127.8879,Smoke,100,99,0,0,0,False,False,False,0.3515625,348.0469
friberg younited,CounterTerrorist,748.9407,1892.244,127.8879,Smoke,100,99,0,0,0,False,False,False,0.3515625,348.0469
friberg younited,CounterTerrorist,748.9407,1892.244,127.8879,Smoke,100,99,0,0,0,False,False,False,0.3515625,348.0469
friberg younited,CounterTerrorist,748.9407,1892.244,127.8879,Smoke,100,99,0,0,0,False,False,False,0.3515625,348.0469
friberg younited,CounterTerrorist,748.9407,1892.244,127.8879,Smoke,100,99,0,0,0,False,False,False,0.3515625,348.0469
friberg younited,CounterTerrorist,748.9407,1892.244,127.8879,Smoke,100,99,0,0,0,False,False,False,0.3515625,348.0469
friberg younited,CounterTerrorist,748.9407,1892.244,127.8879,Smoke,100,99,0,0,0,False,False,False,0.3515625,348.0469
friberg younited,CounterTerrorist,748.9407,1892.244,127.8879,Smoke,100,99,0,0,0,False,False,False,0.3515625,348.0469
friberg younited,CounterTerrorist,748.9407,1892.244,127.8879,Smoke,100,99,0,0,0,False,False,False,0.3515625,348.0469
friberg younited,CounterTerrorist,748.9407,1892.244,127.8879,Smoke,100,99,0,0,0,False,False,False,0.3515625,348.0469
friberg younited,CounterTerrorist,748.9407,1892.244,127.8879,Smoke,100,99,0,0,0,False,False,False,0.3515625,348.0469
friberg younited,CounterTerrorist,748.9407,1892.244,127.8879,Smoke,100,99,0,0,0,False,False,False,0.3515625,348.0469
friberg younited,CounterTerrorist,748.9407,1892.244,127.8879,Smoke,100,99,0,0,0,False,False,False,0.3515625,348.0469
friberg younited,CounterTerrorist,748.9407,1892.244,127.8879,Smoke,100,99,0,0,0,False,False,False,0.3515625,348.0469
friberg younited,CounterTerrorist,748.9407,1892.244,127.8879,Smoke,100,99,0,0,0,False,False,False,0.3515625,348.0469
friberg younited,CounterTerrorist,748.9407,1892.244,127.8879,Smoke,100,99,0,0,0,False,False,False,0.3515625,348.0469
friberg younited,CounterTerrorist,748.9407,1892.244,127.8879,Smoke,100,99,0,0,0,False,False,False,0.3515625,348.0469
friberg younited,CounterTerrorist,748.9407,1892.244,127.8879,Smoke,100,99,0,0,0,False,False,False,0.3515625,348.0469
friberg younited,CounterTerrorist,748.9407,1892.244,127.8879,Smoke,100,99,0,0,0,False,False,False,0.3515625,348.0469
friberg younited,CounterTerrorist,748.9407,1892.244,127.8879,Smoke,100,99,0,0,0,False,False,False,0.3515625,348.0469
friberg younited,CounterTerrorist,748.9407,1892.244,127.8879,Smoke,100,99,0,0,0,False,False,False,0.3515625,348.0469
friberg younited,CounterTerrorist,748.9407,1892.244,127.8879,Smoke,100,99,0,0,0,False,False,False,0.3515625,348.0469
friberg younited,CounterTerrorist,748.9407,1892.244,127.8879,Smoke,100,99,0,0,0,False,False,False,0.3515625,348.0469
friberg younited,CounterTerrorist,748.9407,1892.244,127.8879,Smoke,100,99,0,0,0,False,False,False,0.3515625,348.0469
friberg younited,CounterTerrorist,748.9407,1892.244,127.8879,Smoke,100,99,0,0,0,False,False,False,1.054688,348.3984
friberg younited,CounterTerrorist,748.9448,1892.2,127.8879,Smoke,100,99,0.5120335,-5.664404,0,False,False,False,5.273438,349.4531
friberg younited,CounterTerrorist,749.3536,1891.872,127.9072,Smoke,100,99,16.17698,-10.15191,0,False,False,False,20.74219,352.6172
friberg younited,CounterTerrorist,750.3422,1891.5,127.9536,Smoke,100,99,31.392,-7.678058,0,False,False,False,49.92188,356.4844
friberg younited,CounterTerrorist,751.8388,1891.517,128.0085,Smoke,100,99,41.4791,7.483243,0,False,False,False,91.40625,0.703125
friberg younited,CounterTerrorist,753.7312,1892.01,128.1124,Smoke,100,99,51.63432,18.4519,0,False,False,False,137.8125,3.164063
friberg younited,CounterTerrorist,755.7116,1893.199,128.2053,Smoke,100,99,48.20157,38.61812,0,False,False,False,174.375,3.515625
friberg younited,CounterTerrorist,757.335,1895.145,128.2678,Smoke,100,99,37.03902,56.8485,0,False,False,False,184.9219,2.460938
friberg younited,CounterTerrorist,758.5684,1897.744,128.3392,Smoke,100,99,28.28425,72.76803,0,False,False,False,184.2188,2.460938
friberg younited,CounterTerrorist,759.5065,1900.914,128.3753,Smoke,100,99,21.34436,86.41541,0,False,False,False,184.2188,2.460938
friberg younited,CounterTerrorist,760.2025,1904.561,128.4158,Smoke,100,99,15.61169,97.68876,0,False,False,False,184.2188,2.460938
friberg younited,CounterTerrorist,760.6985,1908.601,128.435,Smoke,100,99,10.87626,107.0011,0,False,False,False,184.2188,2.460938
friberg younited,CounterTerrorist,761.0292,1912.965,128.452,Smoke,100,99,6.964573,114.6934,0,False,False,False,184.2188,2.460938
friberg younited,CounterTerrorist,761.2236,1917.598,128.452,Smoke,100,99,3.733348,121.0477,0,False,False,False,184.2188,2.460938
friberg younited,CounterTerrorist,761.3058,1922.453,128.452,Smoke,100,99,1.118682,126.3006,0,False,False,False,183.8672,2.460938
friberg younited,CounterTerrorist,761.3019,1927.428,128.4673,Smoke,100,99,-0.8682526,127.397,0,False,False,False,184.5703,2.8125
friberg younited,CounterTerrorist,761.2201,1932.404,128.4635,Smoke,100,99,-2.937428,127.3661,0,False,False,False,185.9766,3.164063
friberg younited,CounterTerrorist,761.0551,1937.378,128.4557,Smoke,100,99,-5.079287,127.2987,0,False,False,False,186.6797,3.867188
friberg younited,CounterTerrorist,760.814,1942.311,128.4444,Smoke,100,99,-6.448009,122.4528,0,False,False,False,187.3828,4.570313
friberg younited,CounterTerrorist,760.6068,1946.452,128.4347,Smoke,100,99,-3.831892,90.09033,0,False,False,False,187.7344,5.273438
friberg younited,CounterTerrorist,760.5598,1948.952,128.4324,Smoke,100,99,0.4610027,47.06576,0,False,False,False,188.0859,5.625
friberg younited,CounterTerrorist,760.653,1949.802,128.4324,Smoke,100,99,3.204426,4.943073,0,False,False,False,188.0859,5.976563
friberg younited,CounterTerrorist,760.6928,1949.69,128.4324,Smoke,100,99,0,0,0,False,False,False,188.0859,5.976563
friberg younited,CounterTerrorist,760.6928,1949.69,128.4324,Smoke,100,99,0,0,0,False,False,False,188.0859,6.328125
friberg younited,CounterTerrorist,760.6928,1949.69,128.4324,Smoke,100,99,0,0,0,False,False,False,188.0859,6.328125
friberg younited,CounterTerrorist,760.6928,1949.69,128.4324,Smoke,100,99,0,0,0,False,False,False,188.0859,6.328125
friberg younited,CounterTerrorist,760.6928,1949.69,128.4324,Smoke,100,99,0,0,0,False,False,False,188.0859,6.679688
friberg younited,CounterTerrorist,760.6928,1949.69,128.4324,Smoke,100,99,0,0,0,False,False,False,187.7344,6.679688
friberg younited,CounterTerrorist,760.6928,1949.69,128.4324,M4A4,100,99,0,0,0,False,False,False,187.7344,6.679688
friberg younited,CounterTerrorist,760.6928,1949.69,128.4324,M4A4,100,99,0,0,0,False,False,False,187.7344,6.679688
friberg younited,CounterTerrorist,760.6928,1949.69,128.4324,M4A4,100,99,0,0,0,False,False,False,187.7344,6.679688
friberg younited,CounterTerrorist,760.6928,1949.69,128.4324,M4A4,100,99,0,0,0,False,False,False,187.7344,6.679688
friberg younited,CounterTerrorist,760.6928,1949.69,128.4324,M4A4,100,99,0,0,0,False,False,False,187.7344,6.679688
friberg younited,CounterTerrorist,760.6928,1949.69,128.4324,M4A4,100,99,0,0,0,False,False,False,187.7344,6.679688
friberg younited,CounterTerrorist,760.6928,1949.69,128.4324,M4A4,100,99,0,0,0,False,False,False,187.7344,6.679688
friberg younited,CounterTerrorist,760.6928,1949.69,128.4324,M4A4,100,99,0,0,0,False,False,False,187.7344,6.679688
friberg younited,CounterTerrorist,760.6987,1949.646,128.4324,M4A4,100,99,0.7554848,-5.6371,0,False,False,False,187.7344,6.679688
friberg younited,CounterTerrorist,760.7729,1949.092,128.4324,M4A4,100,99,2.667332,-19.88439,0,False,False,False,187.7344,6.679688
friberg younited,CounterTerrorist,760.8867,1948.245,128.4324,M4A4,100,99,2.313784,-17.22024,0,False,False,False,187.7344,6.679688
friberg younited,CounterTerrorist,760.9025,1948.12,128.4485,M4A4,100,99,-1.136772,8.04496,0,False,False,False,188.0859,6.679688
friberg younited,CounterTerrorist,760.8096,1948.768,128.4442,M4A4,100,99,-3.212444,22.26934,0,False,False,False,188.4375,6.679688
friberg younited,CounterTerrorist,760.6346,1949.971,128.436,M4A4,100,99,-5.326228,36.48812,0,False,False,False,188.4375,6.679688
friberg younited,CounterTerrorist,760.3962,1951.597,128.4249,M4A4,100,99,-5.790455,39.45211,0,False,False,False,188.4375,6.679688
friberg younited,CounterTerrorist,760.3159,1952.153,128.4209,M4A4,100,99,0.419693,-2.591556,0,False,False,False,188.4375,6.679688
friberg younited,CounterTerrorist,760.382,1951.711,128.4209,M4A4,100,99,2.541814,-16.99851,0,False,False,False,188.4375,6.679688
friberg younited,CounterTerrorist,760.4917,1950.977,128.4209,M4A4,100,99,2.144367,-14.34056,0,False,False,False,188.4375,6.679688
friberg younited,CounterTerrorist,760.5262,1950.746,128.4209,M4A4,100,99,0,0,0,False,False,False,188.4375,6.679688
friberg younited,CounterTerrorist,760.5262,1950.746,128.4209,M4A4,100,99,0,0,0,False,False,False,188.4375,6.679688
friberg younited,CounterTerrorist,760.5262,1950.746,128.4209,M4A4,100,99,0,0,0,False,False,False,188.4375,6.679688
friberg younited,CounterTerrorist,760.5262,1950.746,128.4209,M4A4,100,99,0,0,0,False,False,False,188.4375,6.679688
friberg younited,CounterTerrorist,760.5262,1950.746,128.4209,M4A4,100,99,0,0,0,False,False,False,188.4375,6.328125
friberg younited,CounterTerrorist,760.5262,1950.746,128.4209,M4A4,100,99,0,0,0,False,False,False,188.789,6.328125
friberg younited,CounterTerrorist,760.5262,1950.746,128.4209,M4A4,100,99,0,0,0,False,False,False,188.789,6.328125
friberg younited,CounterTerrorist,760.5262,1950.746,128.4209,M4A4,100,99,0,0,0,False,False,False,188.789,6.328125
friberg younited,CounterTerrorist,760.5262,1950.746,128.4209,M4A4,100,99,0,0,0,False,False,False,188.789,6.328125
friberg younited,CounterTerrorist,760.5262,1950.746,128.4209,M4A4,100,99,0,0,0,False,False,False,188.789,6.328125
friberg younited,CounterTerrorist,760.5262,1950.746,128.4209,M4A4,100,99,0,0,0,False,False,False,188.789,6.328125
friberg younited,CounterTerrorist,760.5262,1950.746,128.4209,M4A4,100,99,0,0,0,False,False,False,188.789,6.328125
friberg younited,CounterTerrorist,760.5262,1950.746,128.4209,M4A4,100,99,0,0,0,False,False,False,188.789,6.328125
friberg younited,CounterTerrorist,760.5262,1950.746,128.4209,M4A4,100,99,0,0,0,False,False,False,188.789,6.328125
friberg younited,CounterTerrorist,760.5262,1950.746,128.4209,M4A4,100,99,0,0,0,False,False,False,188.789,6.328125
friberg younited,CounterTerrorist,760.5331,1950.703,128.4209,M4A4,100,99,0.8814771,-5.618777,0,False,False,False,188.789,6.328125
friberg younited,CounterTerrorist,760.6198,1950.15,128.4209,M4A4,100,99,3.109386,-19.82008,0,False,False,False,188.789,6.328125
friberg younited,CounterTerrorist,760.7935,1949.043,128.4366,M4A4,100,99,5.337294,-34.02138,0,False,False,False,188.789,6.328125
friberg younited,CounterTerrorist,761.0541,1947.381,128.4529,M4A4,100,99,7.565202,-48.22269,0,False,False,False,188.789,6.328125
friberg younited,CounterTerrorist,761.4017,1945.165,128.472,M4A4,100,99,9.793114,-62.42401,0,False,False,False,188.789,6.328125
friberg younited,CounterTerrorist,761.7746,1942.789,128.4895,M4A4,100,99,7.613639,-48.53143,0,False,False,False,188.789,6.328125
friberg younited,CounterTerrorist,761.9176,1941.877,128.4895,M4A4,100,99,1.026778,-6.544962,0,False,False,False,188.789,6.328125
friberg younited,CounterTerrorist,761.6019,1942.063,128.4814,M4A4,100,99,-12.46669,8.770184,0,False,False,False,188.789,6.328125
friberg younited,CounterTerrorist,760.8448,1942.607,128.4459,M4A4,100,99,-24.0051,17.34608,0,False,False,False,188.789,6.328125
friberg younited,CounterTerrorist,759.5391,1943.031,128.3847,M4A4,100,99,-39.33525,7.363292,0,False,False,False,188.789,6.328125
friberg younited,CounterTerrorist,757.8862,1942.816,128.3072,M4A4,100,99,-43.47189,-13.96597,0,False,False,False,188.789,6.328125
friberg younited,CounterTerrorist,756.0988,1941.859,128.2234,M4A4,100,99,-47.50671,-31.05348,0,False,False,False,188.789,6.328125
friberg younited,CounterTerrorist,754.4397,1940.228,128.1456,M4A4,100,99,-36.75109,-49.05859,0,False,False,False,188.789,5.976563
friberg younited,CounterTerrorist,753.225,1938.323,128.0887,M4A4,100,99,-29.1634,-37.21799,0,False,False,False,188.4375,5.625
friberg younited,CounterTerrorist,752.2281,1937.747,128.042,M4A4,100,99,-22.27325,-0.8995692,0,False,False,False,188.4375,5.273438
friberg younited,CounterTerrorist,751.5642,1938.28,128.0108,M4A4,100,99,-14.31653,21.42815,0,False,False,False,188.0859,5.273438
friberg younited,CounterTerrorist,751.0668,1939.487,127.9875,M4A4,100,99,-12.17079,36.98369,0,False,False,False,188.0859,4.921875
friberg younited,CounterTerrorist,750.6776,1940.705,127.9693,M4A4,100,99,-7.172886,17.93686,0,False,False,False,187.7344,4.570313
friberg younited,CounterTerrorist,750.628,1940.603,127.9662,M4A4,100,99,1.309436,-10.94847,0,False,False,False,187.7344,4.570313
friberg younited,CounterTerrorist,750.7285,1939.842,127.9662,M4A4,100,99,3.381628,-25.17451,0,False,False,False,187.7344,4.570313
friberg younited,CounterTerrorist,750.9069,1938.525,127.9662,M4A4,100,99,5.350348,-39.41409,0,False,False,False,187.7344,4.21875
friberg younited,CounterTerrorist,751.1616,1936.651,127.9821,M4A4,100,99,7.30037,-53.65622,0,False,False,False,187.7344,4.21875
friberg younited,CounterTerrorist,751.4923,1934.222,128.0009,M4A4,100,99,9.241193,-67.89959,0,False,False,False,187.7344,4.21875
friberg younited,CounterTerrorist,751.8984,1931.238,128.0185,Flash,100,99,11.14568,-81.87937,0,False,False,False,187.7344,4.21875
friberg younited,CounterTerrorist,752.3727,1927.754,128.0351,Flash,100,99,12.76659,-93.77795,0,False,False,False,187.7344,4.21875
friberg younited,CounterTerrorist,752.9037,1923.854,128.0736,Flash,100,99,14.10554,-103.6067,0,False,False,False,187.7344,4.21875
friberg younited,CounterTerrorist,753.012,1919.736,128.0736,Flash,100,99,-4.31619,-106.5861,0,False,False,False,187.7344,4.21875
friberg younited,CounterTerrorist,752.4773,1915.513,128.0536,Flash,100,99,-19.55165,-109.0332,0,False,False,False,187.7344,4.21875
friberg younited,CounterTerrorist,751.4084,1911.208,128.0036,Flash,100,99,-32.3011,-110.928,0,False,False,False,186.6797,4.21875
friberg younited,CounterTerrorist,749.8735,1906.853,127.9316,Flash,100,99,-43.99171,-111.5241,0,False,False,False,181.0547,4.21875
friberg younited,CounterTerrorist,748.9407,1902.333,127.8879,Flash,100,99,2.289959E-06,-118.1909,0,False,False,False,165.9375,4.570313
friberg younited,CounterTerrorist,748.9407,1897.645,127.8879,Flash,100,99,3.816659E-06,-120.2928,0,False,False,False,138.8672,3.867188
friberg younited,CounterTerrorist,748.9407,1893.09,127.8879,Flash,100,99,0,-112.537,0,False,False,False,108.2813,2.460938
friberg younited,CounterTerrorist,748.9407,1889.17,128.0551,Flash,100,99,2.747173E-06,-90.37627,0,False,False,False,75.23438,359.2969
friberg younited,CounterTerrorist,748.9407,1888.132,128.1144,Flash,100,99,-1.731858E-07,5.458441,0,False,False,False,43.94531,355.7813
friberg younited,CounterTerrorist,748.9407,1888.538,128.0912,Flash,100,99,-3.436649E-07,10.83158,0,False,False,False,20.74219,351.9141
friberg younited,CounterTerrorist,748.9407,1888.66,128.0843,Flash,100,99,0,0,0,False,False,False,11.60156,349.8047
friberg younited,CounterTerrorist,748.9407,1888.66,128.0843,Flash,100,99,0,0,0,False,False,False,11.25,349.4531
friberg younited,CounterTerrorist,748.9407,1888.66,128.0843,Flash,100,99,0,0,0,False,False,False,11.25,349.4531
friberg younited,CounterTerrorist,748.9407,1888.66,128.0843,Flash,100,99,0,0,0,False,False,False,11.25,349.4531
friberg younited,CounterTerrorist,748.9407,1888.66,128.0843,Flash,100,99,0,0,0,False,False,False,11.25,349.4531
friberg younited,CounterTerrorist,748.9407,1888.66,128.0843,Flash,100,99,0,0,0,False,False,False,11.25,349.4531
friberg younited,CounterTerrorist,748.9407,1888.66,128.0843,Flash,100,99,0,0,0,False,False,False,11.25,349.4531
friberg younited,CounterTerrorist,748.9407,1888.66,128.0843,Flash,100,99,0,0,0,False,False,False,11.25,349.4531
friberg younited,CounterTerrorist,748.9407,1888.703,128.0818,Flash,100,99,-1.728435E-07,5.577481,0,False,False,False,11.25,349.4531
friberg younited,CounterTerrorist,748.9407,1889.245,128.0508,Flash,100,99,-6.013144E-07,19.40379,0,False,False,False,11.25,349.4531
friberg younited,CounterTerrorist,748.9407,1890.329,127.9889,Flash,100,99,-1.033241E-06,33.34163,0,False,False,False,8.789063,349.8047
friberg younited,CounterTerrorist,748.9407,1891.918,127.898,Flash,100,99,-1.296526E-06,41.83754,0,False,False,False,5.625,349.8047
friberg younited,CounterTerrorist,748.9407,1893.223,127.8879,Flash,100,99,-8.607356E-07,27.77504,0,False,False,False,2.8125,349.8047
friberg younited,CounterTerrorist,748.9407,1893.979,127.8879,Flash,100,99,-4.249452E-07,13.71254,0,False,False,False,1.40625,349.4531
friberg younited,CounterTerrorist,748.9407,1894.188,127.8879,Flash,100,99,0,0,0,False,False,False,1.054688,349.4531
friberg younited,CounterTerrorist,748.9407,1894.188,127.8879,Flash,100,99,0,0,0,False,False,False,1.054688,349.4531
friberg younited,CounterTerrorist,748.9407,1894.188,127.8879,Flash,100,99,0,0,0,False,False,False,1.054688,349.4531
friberg younited,CounterTerrorist,748.9407,1894.188,127.8879,Flash,100,99,0,0,0,False,False,False,1.054688,349.4531
friberg younited,CounterTerrorist,748.9407,1894.188,127.8879,Flash,100,99,0,0,0,False,False,False,1.054688,349.4531
friberg younited,CounterTerrorist,748.9407,1894.188,127.8879,Flash,100,99,0,0,0,False,False,False,1.054688,349.4531
friberg younited,CounterTerrorist,748.9407,1894.188,127.8879,Flash,100,99,0,0,0,False,False,False,0.703125,349.4531
friberg younited,CounterTerrorist,748.9407,1894.188,127.8879,Flash,100,99,0,0,0,False,False,False,0.703125,349.4531
friberg younited,CounterTerrorist,748.9407,1894.188,127.8879,Flash,100,99,0,0,0,False,False,False,0.703125,349.4531
friberg younited,CounterTerrorist,748.9407,1894.188,127.8879,Flash,100,99,0,0,0,False,False,False,0.703125,349.4531
friberg younited,CounterTerrorist,748.9407,1894.188,127.8879,Flash,100,99,0,0,0,False,False,False,0.703125,349.4531
friberg younited,CounterTerrorist,748.9407,1894.188,127.8879,Flash,100,99,0,0,0,False,False,False,0.703125,349.4531
friberg younited,CounterTerrorist,748.9407,1894.188,127.8879,Flash,100,99,0,0,0,False,False,False,0.703125,349.4531
friberg younited,CounterTerrorist,748.9407,1894.188,127.8879,Flash,100,99,0,0,0,False,False,False,0.703125,349.4531
friberg younited,CounterTerrorist,748.9407,1894.188,127.8879,Flash,100,99,0,0,0,False,False,False,0.703125,349.4531
friberg younited,CounterTerrorist,748.9407,1894.188,127.8879,Flash,100,99,0,0,0,False,False,False,0.3515625,349.1016
friberg younited,CounterTerrorist,748.9407,1894.188,127.8879,Flash,100,99,0,0,0,False,False,False,0.3515625,349.1016
friberg younited,CounterTerrorist,748.9407,1894.188,127.8879,Flash,100,99,0,0,0,False,False,False,0.3515625,349.1016
friberg younited,CounterTerrorist,748.9407,1894.188,127.8879,Flash,100,99,0,0,0,False,False,False,0,349.1016
friberg younited,CounterTerrorist,748.9407,1894.188,127.8879,Flash,100,99,0,0,0,False,False,False,0,349.1016
friberg younited,CounterTerrorist,748.9407,1894.188,127.8879,Flash,100,99,0,0,0,False,False,False,0,349.1016
friberg younited,CounterTerrorist,748.9407,1894.188,127.8879,Flash,100,99,0,0,0,False,False,False,0,349.1016
friberg younited,CounterTerrorist,748.9407,1894.188,127.8879,Flash,100,99,0,0,0,False,False,False,0,349.1016
friberg younited,CounterTerrorist,748.9407,1894.188,127.8879,Flash,100,99,0,0,0,False,False,False,0,349.1016
friberg younited,CounterTerrorist,748.9407,1894.188,127.8879,Flash,100,99,0,0,0,False,False,False,0,348.75
friberg younited,CounterTerrorist,748.9407,1894.188,127.8879,Flash,100,99,0,0,0,False,False,False,0.3515625,348.75
friberg younited,CounterTerrorist,748.9407,1894.188,127.8879,Flash,100,99,0,0,0,False,False,False,0.3515625,348.75
friberg younited,CounterTerrorist,748.9407,1894.188,127.8879,Flash,100,99,0,0,0,False,False,False,0.3515625,348.75
friberg younited,CounterTerrorist,748.9407,1894.188,127.8879,Flash,100,99,0,0,0,False,False,False,0.3515625,348.75
friberg younited,CounterTerrorist,748.9407,1894.188,127.8879,Flash,100,99,0,0,0,False,False,False,0.3515625,348.75
friberg younited,CounterTerrorist,748.9407,1894.188,127.8879,Flash,100,99,0,0,0,False,False,False,0.3515625,348.75
friberg younited,CounterTerrorist,748.9407,1894.188,127.8879,Flash,100,99,0,0,0,False,False,False,0.3515625,348.75
friberg younited,CounterTerrorist,748.9407,1894.188,127.8879,Flash,100,99,0,0,0,False,False,False,0.3515625,348.75
friberg younited,CounterTerrorist,748.9407,1894.188,127.8879,Flash,100,99,0,0,0,False,False,False,0.3515625,348.75
friberg younited,CounterTerrorist,748.9407,1894.188,127.8879,Flash,100,99,0,0,0,False,False,False,0.3515625,348.75
friberg younited,CounterTerrorist,748.9407,1894.188,127.8879,Flash,100,99,0,0,0,False,False,False,0.3515625,348.75
friberg younited,CounterTerrorist,748.9407,1894.188,127.8879,Flash,100,99,0,0,0,False,False,False,0.3515625,348.75
friberg younited,CounterTerrorist,748.9407,1894.188,127.8879,Flash,100,99,0,0,0,False,False,False,0.3515625,348.75
friberg younited,CounterTerrorist,748.9407,1894.188,127.8879,Flash,100,99,0,0,0,False,False,False,0.3515625,348.75
friberg younited,CounterTerrorist,748.9407,1894.188,127.8879,Flash,100,99,0,0,0,False,False,False,0.3515625,348.75
friberg younited,CounterTerrorist,748.9407,1894.188,127.8879,Flash,100,99,0,0,0,False,False,False,0.3515625,348.75
friberg younited,CounterTerrorist,748.9407,1894.188,127.8879,Flash,100,99,0,0,0,False,False,False,0.3515625,348.75
friberg younited,CounterTerrorist,748.9407,1894.188,127.8879,Flash,100,99,0,0,0,False,False,False,0.3515625,348.75
friberg younited,CounterTerrorist,748.9407,1894.188,127.8879,Flash,100,99,0,0,0,False,False,False,0.3515625,348.75
friberg younited,CounterTerrorist,748.9407,1894.188,127.8879,Flash,100,99,0,0,0,False,False,False,0.3515625,348.75
friberg younited,CounterTerrorist,748.9407,1894.188,127.8879,Flash,100,99,0,0,0,False,False,False,0.3515625,348.75
friberg younited,CounterTerrorist,748.9407,1894.188,127.8879,Flash,100,99,0,0,0,False,False,False,0.703125,348.75
friberg younited,CounterTerrorist,748.9407,1894.188,127.8879,Flash,100,99,0,0,0,False,False,False,0.703125,348.75
friberg younited,CounterTerrorist,748.9407,1894.188,127.8879,Flash,100,99,0,0,0,False,False,False,0.703125,348.75
friberg younited,CounterTerrorist,748.9407,1894.188,127.8879,Flash,100,99,0,0,0,False,False,False,0.703125,348.75
friberg younited,CounterTerrorist,748.9407,1894.188,127.8879,Flash,100,99,0,0,0,False,False,False,0.703125,348.75
friberg younited,CounterTerrorist,748.9407,1894.188,127.8879,Flash,100,99,0,0,0,False,False,False,0.703125,348.75
friberg younited,CounterTerrorist,748.9407,1894.188,127.8879,Flash,100,99,0,0,0,False,False,False,0.703125,348.75
friberg younited,CounterTerrorist,748.9407,1894.188,127.8879,Flash,100,99,0,0,0,False,False,False,0.703125,348.75
friberg younited,CounterTerrorist,748.9407,1894.188,127.8879,Flash,100,99,0,0,0,False,False,False,0.703125,348.75
friberg younited,CounterTerrorist,748.9407,1894.188,127.8879,Flash,100,99,0,0,0,False,False,False,0.703125,348.75
friberg younited,CounterTerrorist,748.9407,1894.188,127.8879,Flash,100,99,0,0,0,False,False,False,0.703125,348.75
friberg younited,CounterTerrorist,748.9407,1894.188,127.8879,Flash,100,99,0,0,0,False,False,False,0.703125,348.75
friberg younited,CounterTerrorist,748.9407,1894.188,127.8879,Flash,100,99,0,0,0,False,False,False,0.703125,348.75
friberg younited,CounterTerrorist,748.9407,1894.188,127.8879,Flash,100,99,0,0,0,False,False,False,0.703125,348.75
friberg younited,CounterTerrorist,748.9407,1894.188,127.8879,Flash,100,99,0,0,0,False,False,False,0.703125,348.75
friberg younited,CounterTerrorist,748.9407,1894.188,127.8879,Flash,100,99,0,0,0,False,False,False,0.703125,348.75
friberg younited,CounterTerrorist,748.9407,1894.188,127.8879,Flash,100,99,0,0,0,False,False,False,0.703125,348.75
friberg younited,CounterTerrorist,748.9407,1894.188,127.8879,Flash,100,99,0,0,0,False,False,False,0.703125,348.75
friberg younited,CounterTerrorist,748.9407,1894.188,127.8879,Flash,100,99,0,0,0,False,False,False,0.703125,348.75
friberg younited,CounterTerrorist,748.9407,1894.188,127.8879,Flash,100,99,0,0,0,False,False,False,0.703125,348.75
friberg younited,CounterTerrorist,748.9407,1894.188,127.8879,Flash,100,99,0,0,0,False,False,False,0.703125,348.75
friberg younited,CounterTerrorist,748.9407,1894.188,127.8879,Flash,100,99,0,0,0,False,False,False,0.703125,348.75
friberg younited,CounterTerrorist,748.9407,1894.188,127.8879,Flash,100,99,0,0,0,False,False,False,0.703125,348.75
friberg younited,CounterTerrorist,748.9407,1894.188,127.8879,Flash,100,99,0,0,0,False,False,False,0.703125,348.75
friberg younited,CounterTerrorist,748.9407,1894.188,127.8879,Flash,100,99,0,0,0,False,False,False,0.703125,348.75
friberg younited,CounterTerrorist,748.9407,1894.188,127.8879,Flash,100,99,0,0,0,False,False,False,0.703125,348.75
friberg younited,CounterTerrorist,748.9407,1894.188,127.8879,Flash,100,99,0,0,0,False,False,False,0.703125,348.75
friberg younited,CounterTerrorist,748.9407,1894.188,127.8879,Flash,100,99,0,0,0,False,False,False,0.703125,348.75
friberg younited,CounterTerrorist,748.9407,1894.188,127.8879,Flash,100,99,0,0,0,False,False,False,0.703125,348.75
friberg younited,CounterTerrorist,748.9407,1894.188,127.8879,Flash,100,99,0,0,0,False,False,False,0.703125,348.75
friberg younited,CounterTerrorist,748.9407,1894.188,127.8879,Flash,100,99,0,0,0,False,False,False,0.703125,348.75
friberg younited,CounterTerrorist,748.9407,1894.188,127.8879,Flash,100,99,0,0,0,False,False,False,0.703125,348.75
friberg younited,CounterTerrorist,748.9407,1894.188,127.8879,Flash,100,99,0,0,0,False,False,False,0.703125,348.75
friberg younited,CounterTerrorist,748.9407,1894.188,127.8879,Flash,100,99,0,0,0,False,False,False,0.703125,348.75
friberg younited,CounterTerrorist,748.9407,1894.188,127.8879,Flash,100,99,0,0,0,False,False,False,0.703125,348.75
friberg younited,CounterTerrorist,748.9407,1894.188,127.8879,Flash,100,99,0,0,0,False,False,False,1.40625,349.1016
friberg younited,CounterTerrorist,748.9567,1894.078,127.8879,Flash,100,99,1.331812,-8.456242,0,False,False,False,9.84375,350.5078
friberg younited,CounterTerrorist,749.1497,1893.44,127.8879,Flash,100,99,8.395389,-21.09438,0,False,False,False,31.64063,353.6719
friberg younited,CounterTerrorist,749.8026,1892.448,127.9283,Flash,100,99,23.10445,-26.90259,0,False,False,False,62.57813,356.8359
friberg younited,CounterTerrorist,751.114,1891.486,127.975,Flash,100,99,40.38215,-21.71433,0,False,False,False,92.8125,359.2969
friberg younited,CounterTerrorist,753.0005,1890.881,128.0782,Flash,100,99,49.56775,-12.25931,0,False,False,False,104.4141,0
friberg younited,CounterTerrorist,754.5738,1890.47,128.1408,Flash,100,99,30.41159,-10.31233,0,False,False,False,104.4141,0
friberg younited,CounterTerrorist,754.8599,1890.073,128.1601,Flash,100,99,-5.843279,-8.38154,0,False,False,False,104.4141,0
friberg younited,CounterTerrorist,754.237,1889.781,128.1361,Flash,100,99,-21.89661,-7.940976,0,False,False,False,104.4141,0
friberg younited,CounterTerrorist,753.1093,1889.329,128.0833,Flash,100,99,-30.93639,-17.32841,0,False,False,False,104.4141,0
friberg younited,CounterTerrorist,751.8344,1888.263,128.0617,Flash,100,99,-34.08496,-33.50118,0,False,False,False,104.4141,0
friberg younited,CounterTerrorist,750.4633,1888.031,128.0964,Flash,100,99,-35.23885,0,0,False,False,False,104.4141,0
friberg younited,CounterTerrorist,749.4153,1888.031,128.1128,Flash,100,99,-18.34114,0,0,False,False,False,104.4141,0
friberg younited,CounterTerrorist,749.0842,1888.031,128.1128,Flash,100,99,-2.849352,0,0,False,False,False,104.4141,0
friberg younited,CounterTerrorist,749.0842,1888.031,128.1128,Flash,100,99,0,0,0,False,False,False,104.4141,0.3515625
friberg younited,CounterTerrorist,749.0842,1888.031,128.1128,Flash,100,99,0,0,0,False,False,False,104.0625,0.3515625
friberg younited,CounterTerrorist,749.0842,1888.031,128.1128,Flash,100,99,0,0,0,False,False,False,103.7109,0.703125
friberg younited,CounterTerrorist,749.0842,1888.031,128.1128,Flash,100,99,0,0,0,False,False,False,103.3594,0.703125
friberg younited,CounterTerrorist,749.0842,1888.031,128.1128,Flash,100,99,0,0,0,False,False,False,103.3594,0.703125
friberg younited,CounterTerrorist,749.0842,1888.031,128.1128,Flash,100,99,0,0,0,False,False,False,103.3594,0.703125
friberg younited,CounterTerrorist,749.3074,1888.084,128.1115,Flash,100,99,18.13115,4.260516,0,False,False,False,103.3594,0.703125
friberg younited,CounterTerrorist,750.6976,1888.76,128.0511,Flash,100,99,42.69363,31.98744,0,False,False,False,103.3594,1.054688
friberg younited,CounterTerrorist,752.7653,1890.867,128.0672,Flash,100,99,59.80155,68.13254,0,False,False,False,104.4141,1.40625
friberg younited,CounterTerrorist,755.2648,1894.3,128.1843,Flash,100,99,58.39568,101.3629,0,False,False,False,105.1172,1.757813
friberg younited,CounterTerrorist,756.9902,1898.99,128.2652,Flash,100,99,35.27516,131.7331,0,False,False,False,105.1172,1.757813
friberg younited,CounterTerrorist,757.9092,1904.738,128.3024,Flash,100,99,16.17658,156.8203,0,False,False,False,105.1172,1.757813
friberg younited,CounterTerrorist,758.1619,1911.362,128.3188,Flash,100,99,0.4002915,177.5435,0,False,False,False,105.1172,1.757813
friberg younited,CounterTerrorist,757.8643,1918.709,128.3062,Flash,100,99,-12.63163,194.6617,0,False,False,False,105.1172,1.757813
friberg younited,CounterTerrorist,757.0613,1926.613,128.2685,Flash,100,99,-29.89536,203.7954,0,False,False,False,105.1172,1.757813
friberg younited,CounterTerrorist,754.9825,1934.318,128.1711,Flash,100,99,-67.80376,193.1215,0,False,False,False,105.1172,1.757813
friberg younited,CounterTerrorist,751.5829,1941.652,128.0117,Flash,100,99,-99.04297,184.4341,0,False,False,False,104.7656,2.109375
friberg younited,CounterTerrorist,747.811,1949.255,127.8349,Knife,100,99,-95.16663,201.1039,0,False,False,False,105.8203,3.164063
friberg younited,CounterTerrorist,744.1459,1957.439,127.6631,Knife,100,99,-93.15909,214.7263,0,False,False,False,107.2266,4.21875
friberg younited,CounterTerrorist,740.5209,1966.089,127.4932,Knife,100,99,-92.776,225.5784,0,False,False,False,108.6328,5.625
friberg younited,CounterTerrorist,736.8777,1975.084,127.3224,Knife,100,99,-93.38998,231.9015,0,False,False,False,111.0938,7.382813
friberg younited,CounterTerrorist,733.2231,1984.14,127.1511,Knife,100,99,-93.94578,231.6769,0,False,False,False,113.9063,8.789063
friberg younited,CounterTerrorist,729.49,1993.163,126.9761,Knife,97,98,-97.08443,230.3793,0,False,False,False,118.125,10.54688
friberg younited,CounterTerrorist,725.5485,2002.098,126.5586,Knife,97,98,-103.9846,227.3482,0,False,False,False,124.1016,11.95313
friberg younited,CounterTerrorist,721.3069,2010.894,126.7892,Knife,97,98,-107.1314,225.8824,0,False,False,False,130.7813,13.00781
friberg younited,CounterTerrorist,717.5463,2019.905,131.5311,Knife,97,98,-93.69727,231.7775,286.3684,False,False,False,133.9453,14.0625
friberg younited,CounterTerrorist,713.8863,2028.959,142.107,Knife,97,98,-93.69727,231.7775,255.1184,False,False,False,129.7266,15.46875
friberg younited,CounterTerrorist,710.2263,2038.013,151.4623,Knife,93,97,-93.69727,231.7775,223.8684,False,False,False,121.9922,16.17188
friberg younited,CounterTerrorist,706.9947,2047.275,159.5968,Knife,93,97,-71.02785,242.4763,192.6184,False,False,False,113.2031,16.875
friberg younited,CounterTerrorist,705.002,2057.023,166.5106,Knife,93,97,-39.69655,253.0119,161.3684,False,False,False,105.4687,17.57813
friberg younited,CounterTerrorist,704.0473,2067.043,172.2038,Knife,93,97,-15.32805,258.3088,130.1184,False,False,False,100.1953,18.28125
friberg younited,CounterTerrorist,703.8944,2077.197,176.6762,Knife,93,97,3.362054,260.7684,98.86838,False,False,False,95.97657,18.63281
friberg younited,CounterTerrorist,704.4799,2087.414,179.9279,Knife,93,97,21.88932,261.8658,67.61838,False,False,False,91.75781,19.33594
friberg younited,CounterTerrorist,705.7563,2097.642,181.9589,Knife,88,96,39.92493,261.6767,36.36838,False,False,False,87.89063,19.6875
friberg younited,CounterTerrorist,707.7464,2107.833,182.7693,Knife,88,96,59.03768,260.114,5.118378,False,False,False,83.67188,20.03906
friberg younited,CounterTerrorist,710.4415,2117.939,182.3589,Knife,88,96,73.25654,258.0457,-26.13162,False,False,False,79.45313,20.03906
friberg younited,CounterTerrorist,713.3031,2128.018,180.7278,Knife,88,96,73.25654,258.0457,-57.38162,False,False,False,76.28906,20.03906
friberg younited,CounterTerrorist,714.9022,2138.416,177.876,Knife,88,96,37.9786,266.9478,-88.63162,False,False,False,74.88281,20.03906
friberg younited,CounterTerrorist,716.3857,2148.843,173.8035,Knife,83,95,37.9786,266.9478,-119.8816,False,False,False,74.88281,20.03906
friberg younited,CounterTerrorist,717.6804,2159.315,168.5103,Knife,83,95,26.92439,269.4889,-151.1316,False,False,False,78.04688,19.33594
friberg younited,CounterTerrorist,718.2555,2169.925,161.9964,Knife,83,95,4.839777,273.0612,-182.3816,False,False,False,82.61719,18.28125
friberg younited,CounterTerrorist,717.692,2180.645,154.2618,Knife,83,95,-29.70274,274.8323,-213.6316,False,False,False,90,17.22656
friberg younited,CounterTerrorist,715.663,2191.325,145.3065,Knife,83,95,-68.09748,271.6331,-244.8816,False,False,False,98.08594,15.82031
friberg younited,CounterTerrorist,712.337,2201.811,135.1305,Knife,77,94,-94.39426,266.4061,-276.1316,False,False,False,103.3594,14.41406
friberg younited,CounterTerrorist,709.5123,2209.125,136.2321,Knife,77,94,-51.77868,169.7048,249.3077,False,False,False,105.1172,13.00781
friberg younited,CounterTerrorist,708.5435,2216.036,145.3603,Knife,77,94,-14.63041,179.606,218.0577,False,False,False,104.0625,12.30469
friberg younited,CounterTerrorist,708.1086,2223.084,153.2679,Knife,77,94,-7.804367,181.1647,186.8077,False,False,False,101.9531,12.30469
friberg younited,CounterTerrorist,707.9899,2230.196,159.9548,Knife,77,94,0.5492851,182.6895,155.5577,False,False,False,99.14063,12.30469
friberg younited,CounterTerrorist,708.1824,2237.357,165.4209,Knife,70,93,7.354269,183.6411,124.3077,False,False,False,97.03126,12.30469
friberg younited,CounterTerrorist,708.5602,2244.541,169.6664,Knife,70,93,10.86065,184.0357,93.05771,False,False,False,95.97657,11.95313
friberg younited,CounterTerrorist,709.0131,2251.733,172.6911,Knife,70,93,11.8548,184.1364,61.80771,False,False,False,95.62501,11.95313
friberg younited,CounterTerrorist,709.4846,2258.926,183.4952,Knife,70,93,12.08441,184.159,30.55771,False,False,False,95.62501,11.95313
friberg younited,CounterTerrorist,709.9567,2266.12,184.0785,Knife,70,93,12.08441,184.159,-0.6922913,False,False,False,95.27343,11.95313
friberg younited,CounterTerrorist,710.4288,2273.313,183.4411,Knife,70,93,12.08441,184.159,-31.94229,False,False,False,95.27343,11.60156
friberg younited,CounterTerrorist,710.2993,2280.449,181.5831,Knife,70,93,-17.85202,181.2708,-63.19229,False,False,False,95.62501,11.25
friberg younited,CounterTerrorist,708.8376,2287.452,169.5043,Knife,70,93,-49.30084,178.0104,-94.44229,False,False,False,95.97657,10.89844
friberg younited,CounterTerrorist,706.8634,2294.4,165.2048,Knife,70,93,-51.36779,177.7739,-125.6923,False,False,False,96.6797,10.19531
friberg younited,CounterTerrorist,704.8275,2301.34,159.6847,Knife,70,93,-52.21019,177.6707,-156.9423,False,False,False,97.38281,9.492188
friberg younited,CounterTerrorist,702.788,2308.28,152.9438,Knife,70,93,-52.21019,177.6707,-188.1923,False,False,False,97.73438,8.789063
friberg younited,CounterTerrorist,700.7485,2315.219,144.9822,Knife,70,93,-52.21019,177.6707,-219.4423,False,False,False,98.08594,8.085938
friberg younited,CounterTerrorist,698.709,2322.159,135.7999,Knife,70,93,-52.21019,177.6707,0,False,False,False,98.08594,7.382813
friberg younited,CounterTerrorist,696.7427,2329.43,134.3108,Flash,70,93,-49.0364,190.7191,0,False,False,False,98.4375,7.03125
friberg younited,CounterTerrorist,694.8819,2337.145,134.4568,Flash,70,93,-46.84843,201.9911,0,False,False,False,98.4375,6.328125
friberg younited,CounterTerrorist,693.0839,2345.298,134.5926,Flash,70,93,-45.58731,213.234,0,False,False,False,98.78906,6.328125
friberg younited,CounterTerrorist,691.3186,2353.892,134.7215,Flash,70,93,-45.0086,224.5414,0,False,False,False,98.78906,5.976563
friberg younited,CounterTerrorist,689.5679,2362.906,134.7215,Flash,70,93,-44.6988,234.6315,0,False,False,False,98.78906,5.976563
friberg younited,CounterTerrorist,688.0313,2372.252,134.6909,Flash,70,93,0,240.9884,0,False,False,False,98.78906,5.976563
friberg younited,CounterTerrorist,688.0059,2381.795,134.41,Flash,70,93,0,244.9946,0,False,False,False,98.78906,5.625
friberg younited,CounterTerrorist,688.0059,2391.366,134.1243,Flash,70,93,0,244.9946,0,False,False,False,98.78906,5.625
friberg younited,CounterTerrorist,688.0059,2400.936,133.8386,Flash,70,93,0,244.9946,0,False,False,False,98.78906,5.273438
friberg younited,CounterTerrorist,688.3909,2410.481,133.4935,Flash,70,93,21.15928,243.4486,0,False,False,False,98.78906,5.273438
friberg younited,CounterTerrorist,689.831,2419.93,132.9864,Flash,70,93,46.59848,240.5277,0,False,False,False,99.14063,5.273438
friberg younited,CounterTerrorist,692.1411,2429.215,132.3846,Flash,70,93,66.87829,235.6953,0,False,False,False,99.14063,4.921875
friberg younited,CounterTerrorist,694.5538,2438.473,132.0076,Flash,70,93,53.43388,239.1021,0,False,False,False,99.14063,4.921875
friberg younited,CounterTerrorist,696.2107,2447.896,131.7487,Flash,70,93,35.54076,242.4084,0,False,False,False,99.14063,4.921875
friberg younited,CounterTerrorist,697.2469,2457.409,131.5868,Flash,70,93,20.92463,244.1048,0,False,False,False,99.14063,4.921875
friberg younited,CounterTerrorist,697.7788,2466.964,131.5037,Flash,70,93,9.081071,244.8316,0,False,False,False,99.14063,4.921875
friberg younited,CounterTerrorist,697.5834,2476.398,131.5342,Flash,70,93,-20.6779,236.5015,0,False,False,False,99.14063,4.921875
friberg younited,CounterTerrorist,695.8899,2485.343,131.7988,Flash,70,93,-57.55926,224.2362,0,False,False,False,99.49219,4.921875
friberg younited,CounterTerrorist,692.9595,2493.888,132.2567,Flash,70,93,-81.29327,218.2492,0,False,False,False,99.84375,4.921875
friberg younited,CounterTerrorist,689.9138,2502.677,132.6502,Flash,70,93,-75.9216,229.2263,0,False,False,False,100.1953,4.921875
friberg younited,CounterTerrorist,687.0667,2511.794,132.7575,Flash,70,93,-70.6159,234.6026,0,False,False,False,100.5469,4.921875
friberg younited,CounterTerrorist,684.4197,2520.99,132.8259,Flash,70,93,-66.09721,235.9156,0,False,False,False,101.25,4.570313
friberg younited,CounterTerrorist,681.9482,2530.074,132.9081,M4A4,70,93,-58.42813,217.2813,0,False,False,False,101.9531,4.570313
friberg younited,CounterTerrorist,679.7079,2538.573,132.9524,M4A4,70,93,-56.77878,217.7181,0,False,False,False,103.0078,4.570313
friberg younited,CounterTerrorist,677.5063,2547.082,133.0132,M4A4,70,93,-56.23156,217.8601,0,False,False,False,104.4141,4.570313
friberg younited,CounterTerrorist,675.2973,2555.589,133.0537,M4A4,70,93,-56.94897,217.6736,0,False,False,False,106.1719,4.921875
friberg younited,CounterTerrorist,673.0163,2564.095,133.139,Flash,70,93,-60.07963,219.1688,0,False,False,False,109.3359,5.273438
friberg younited,CounterTerrorist,670.4915,2572.855,133.2844,Flash,70,93,-67.93179,227.2641,0,False,False,False,113.2031,5.625
friberg younited,CounterTerrorist,667.6058,2581.86,134.232,Flash,70,93,-78.18107,232.1911,0,False,False,False,118.8281,5.976563
friberg younited,CounterTerrorist,664.2974,2590.839,135.8862,Flash,70,93,-89.65968,228.0047,0,False,False,False,126.5625,6.679688
friberg younited,CounterTerrorist,660.4283,2599.59,137.8208,Flash,70,93,-106.0224,220.8716,0,False,False,False,137.1094,7.03125
friberg younited,CounterTerrorist,657.0313,2607.961,139.5193,Flash,70,93,0,209.1834,0,False,False,False,151.5234,7.382813
friberg younited,CounterTerrorist,656.2711,2615.694,139.8994,Flash,70,93,-38.59142,188.8726,0,False,False,False,167.6953,7.734375
friberg younited,CounterTerrorist,653.7355,2622.355,141.1672,Flash,70,93,-81.4167,156.9556,0,False,False,False,185.2734,7.382813
friberg younited,CounterTerrorist,649.7317,2627.568,143.1691,Flash,70,93,-115.2906,117.2081,0,False,False,False,198.9844,5.625
friberg younited,CounterTerrorist,644.5978,2631.22,145.736,Flash,70,93,-141.4609,78.50687,0,False,False,False,201.7969,4.921875
friberg younited,CounterTerrorist,638.5544,2633.513,148.7577,Flash,70,93,-162.999,46.33414,0,False,False,False,201.7969,4.921875
friberg younited,CounterTerrorist,631.7596,2634.684,152.1551,Flash,70,93,-180.7904,19.75802,0,False,False,False,201.7969,4.921875
friberg younited,CounterTerrorist,624.3443,2634.929,155.8628,Flash,70,93,-195.4869,-2.195046,0,False,False,False,201.7969,4.921875
friberg younited,CounterTerrorist,616.4163,2634.407,159.8268,Flash,70,93,-207.6269,-20.32927,0,False,False,False,201.7969,4.921875
friberg younited,CounterTerrorist,608.0649,2633.253,160.0313,Flash,70,93,-217.6551,-35.30895,0,False,False,False,201.7969,4.921875
friberg younited,CounterTerrorist,599.3637,2631.576,160.0313,Flash,70,93,-225.9388,-47.68284,0,False,False,False,201.7969,4.921875
friberg younited,CounterTerrorist,590.3735,2629.468,160.0313,Flash,70,93,-232.7816,-57.90423,0,False,False,False,201.7969,4.921875
friberg younited,CounterTerrorist,581.1714,2627.011,160.0313,Flash,70,93,-236.0309,-65.68416,0,False,False,False,201.7969,4.921875
friberg younited,CounterTerrorist,571.9864,2624.323,160.0313,Flash,70,93,-234.5749,-70.70785,0,False,False,False,201.7969,4.921875
friberg younited,CounterTerrorist,562.8523,2621.467,160.0313,Flash,70,93,-233.3668,-74.59858,0,False,False,False,201.7969,4.921875
friberg younited,CounterTerrorist,553.7626,2618.473,160.0313,Flash,70,93,-232.2245,-78.08197,0,False,False,False,202.8516,4.921875
friberg younited,CounterTerrorist,544.73,2615.311,160.0313,Flash,70,93,-230.4258,-83.24019,0,False,False,False,206.7188,5.273438
friberg younited,CounterTerrorist,535.8008,2611.868,160.0313,Flash,70,93,-227.0775,-91.98267,0,False,False,False,214.1016,5.273438
friberg younited,CounterTerrorist,527.0635,2607.967,160.0313,Flash,70,93,-220.9607,-105.8364,0,False,False,False,223.5938,5.273438
friberg younited,CounterTerrorist,518.6537,2603.405,160.0313,Flash,70,93,-210.9544,-124.5922,0,False,False,False,235.1953,5.625
friberg younited,CounterTerrorist,510.3219,2598.698,160.0313,Flash,70,93,-215.0604,-117.3628,0,False,False,False,247.1484,5.976563
friberg younited,CounterTerrorist,502.5156,2594.468,160.0313,Flash,70,93,-184.8656,-100.1823,0,False,False,False,262.2656,6.328125
friberg younited,CounterTerrorist,496.0672,2590.973,160.0313,Flash,70,93,-152.7073,-82.75508,0,False,False,False,279.4922,6.328125
friberg younited,CounterTerrorist,490.8509,2588.146,160.0313,Flash,70,93,-112.0099,-60.70036,0,False,False,False,296.7188,5.976563
friberg younited,CounterTerrorist,486.4944,2585.741,160.0313,Flash,70,93,-110.9353,-62.64283,0,False,False,False,306.5625,4.570313
friberg younited,CounterTerrorist,482.2014,2583.224,160.0313,Flash,70,93,-109.258,-65.52446,0,False,False,False,306.9141,4.570313
friberg younited,CounterTerrorist,477.9658,2580.612,160.0313,Flash,70,93,-107.9223,-67.70185,0,False,False,False,306.9141,4.570313
friberg younited,CounterTerrorist,473.776,2577.926,160.0313,Flash,70,93,-106.8468,-69.38674,0,False,False,False,306.9141,4.570313
friberg younited,CounterTerrorist,469.6234,2575.184,160.0313,Flash,70,93,-105.9708,-70.71736,0,False,False,False,306.9141,4.570313
friberg younited,CounterTerrorist,465.6393,2572.27,160.0313,Flash,70,93,-96.52302,-79.72942,0,False,False,False,306.9141,4.570313
friberg younited,CounterTerrorist,462.1834,2568.861,160.0313,Flash,70,93,-83.43173,-91.98261,0,False,False,False,306.9141,4.570313
friberg younited,CounterTerrorist,459.1843,2565.025,160.0313,Flash,70,93,-72.61773,-102.1043,0,False,False,False,306.9141,4.570313
friberg younited,CounterTerrorist,456.5628,2560.836,160.0313,Flash,70,93,-63.63084,-110.3715,0,False,False,False,306.9141,4.570313
friberg younited,CounterTerrorist,454.2834,2556.414,160.0313,Flash,70,93,-55.03497,-114.8996,0,False,False,False,306.9141,4.570313
friberg younited,CounterTerrorist,452.3056,2551.848,160.0313,Flash,70,93,-47.87821,-118.0612,0,False,False,False,306.9141,4.570313
friberg younited,CounterTerrorist,450.7594,2547.199,160.0313,Flash,70,93,-30.44068,-119.1703,0,False,False,False,307.9688,4.570313
friberg younited,CounterTerrorist,450.0948,2542.548,160.0313,Flash,70,93,-8.496694,-118.9046,0,False,False,False,310.0781,4.570313
friberg younited,CounterTerrorist,449.8235,2537.773,160.0313,Flash,70,93,-6.976682,-124.4265,0,False,False,False,312.8906,4.570313
friberg younited,CounterTerrorist,449.5686,2532.823,160.0313,Flash,70,93,-6.076374,-127.255,0,False,False,False,315,4.570313
friberg younited,CounterTerrorist,449.3658,2527.851,160.0313,Flash,70,93,-4.564935,-127.3182,0,False,False,False,316.4063,4.570313
friberg younited,CounterTerrorist,449.224,2522.876,160.0313,Flash,70,93,-3.03232,-127.3639,0,False,False,False,316.7578,4.570313
friberg younited,CounterTerrorist,449.1367,2517.901,160.0312,Flash,70,93,-1.738486,-127.3881,0,False,False,False,316.7578,4.570313
friberg younited,CounterTerrorist,449.0941,2512.924,160.0312,Flash,70,93,-0.6850402,-127.3981,0,False,False,False,316.7578,4.570313
friberg younited,CounterTerrorist,449.3884,2508.014,160.0312,Flash,70,93,15.26654,-124.0349,0,False,False,False,316.7578,4.570313
friberg younited,CounterTerrorist,450.3836,2503.254,160.0312,Flash,70,93,31.85954,-120.5016,0,False,False,False,316.7578,4.570313
friberg younited,CounterTerrorist,451.9571,2498.617,160.0312,Flash,70,93,45.54464,-117.6059,0,False,False,False,316.7578,4.570313
friberg younited,CounterTerrorist,454.0019,2494.092,160.0312,Flash,70,93,56.36906,-114.251,0,False,False,False,316.7578,4.570313
friberg younited,CounterTerrorist,456.3981,2489.731,160.0312,Flash,70,93,64.38945,-109.9307,0,False,False,False,316.7578,4.570313
friberg younited,CounterTerrorist,459.0645,2485.53,160.0312,Flash,70,93,70.6386,-106.0233,0,False,False,False,316.7578,4.570313
friberg younited,CounterTerrorist,461.942,2481.47,160.0312,Flash,70,93,75.51466,-102.6075,0,False,False,False,317.1094,4.570313
friberg younited,CounterTerrorist,464.984,2477.532,160.0312,Flash,70,93,79.3284,-99.68833,0,False,False,False,317.1094,4.570313
friberg younited,CounterTerrorist,468.1555,2473.697,160.0312,Flash,70,93,82.33516,-97.21976,0,False,False,False,317.1094,4.570313
friberg younited,CounterTerrorist,471.4293,2469.949,160.0312,Flash,70,93,84.71152,-95.15626,0,False,False,False,317.4609,4.570313
friberg younited,CounterTerrorist,474.784,2466.273,160.0312,Flash,70,93,86.61729,-93.42485,0,False,False,False,317.8125,4.570313
friberg younited,CounterTerrorist,478.2076,2462.661,160.0312,Flash,70,93,88.33123,-91.80607,0,False,False,False,318.8672,4.570313
friberg younited,CounterTerrorist,481.7087,2459.125,160.0312,Flash,70,93,90.67258,-89.49436,0,False,False,False,323.4375,4.570313
friberg younited,CounterTerrorist,485.3414,2455.724,160.0312,Flash,70,93,94.90936,-84.98806,0,False,False,False,333.9844,4.570313
friberg younited,CounterTerrorist,488.9941,2452.345,160.0312,Flash,70,93,91.52518,-88.62222,0,False,False,False,351.5625,4.570313
friberg younited,CounterTerrorist,492.574,2448.889,160.0312,Flash,70,93,92.79551,-87.2912,0,False,False,False,14.41406,4.570313
friberg younited,CounterTerrorist,496.2422,2445.526,160.0312,Flash,70,93,92.75597,-87.3332,0,False,False,False,39.02344,3.867188
friberg younited,CounterTerrorist,499.8936,2442.145,160.0312,Flash,70,93,94.84111,-85.06422,0,False,False,False,61.17188,3.164063
friberg younited,CounterTerrorist,500.9306,2442.001,160.0312,Flash,70,93,0,0,0,False,False,False,73.82813,2.460938
friberg younited,CounterTerrorist,500.9306,2442.001,160.0312,Flash,70,93,0,0,0,False,False,False,74.17969,2.460938
friberg younited,CounterTerrorist,500.9306,2442.001,160.0312,Flash,70,93,0,0,0,False,False,False,74.17969,2.460938
friberg younited,CounterTerrorist,500.9306,2442.001,160.0312,Flash,70,93,0,0,0,False,False,False,74.17969,2.460938
friberg younited,CounterTerrorist,500.9306,2442.001,160.0312,Flash,70,93,0,0,0,False,False,False,74.17969,2.460938
friberg younited,CounterTerrorist,500.9306,2442.001,160.0312,Flash,70,93,0,0,0,False,False,False,74.17969,2.460938
friberg younited,CounterTerrorist,500.9306,2442.001,160.0312,Flash,70,93,0,0,0,False,False,False,74.17969,2.460938
friberg younited,CounterTerrorist,500.9306,2442.001,160.0312,Flash,70,93,0,0,0,False,False,False,74.17969,2.460938
friberg younited,CounterTerrorist,500.9306,2442.001,160.0312,Flash,70,93,0,0,0,False,False,False,74.17969,2.460938
friberg younited,CounterTerrorist,500.9306,2442.001,160.0312,Flash,70,93,0,0,0,False,False,False,74.17969,2.8125
friberg younited,CounterTerrorist,500.9306,2442.001,160.0312,Flash,70,93,0,0,0,False,False,False,74.53125,2.8125
friberg younited,CounterTerrorist,500.8495,2442.022,160.0312,Flash,70,93,-10.37573,2.689947,0,False,False,False,75.58594,2.8125
friberg younited,CounterTerrorist,499.544,2442.346,160.0312,Flash,70,93,-48.83087,11.84611,0,False,False,False,77.34375,2.8125
friberg younited,CounterTerrorist,496.7288,2442.985,160.0312,Flash,70,93,-87.45729,18.97892,0,False,False,False,80.15625,2.8125
friberg younited,CounterTerrorist,492.7234,2443.787,160.0312,Flash,70,93,-107.098,20.45546,0,False,False,False,84.02344,2.8125
friberg younited,CounterTerrorist,488.3553,2444.547,160.0312,Flash,70,93,-114.7917,18.61316,0,False,False,False,87.53906,2.8125
friberg younited,CounterTerrorist,483.7172,2445.209,160.0312,Flash,70,93,-121.2014,15.82095,0,False,False,False,89.64844,2.8125
friberg younited,CounterTerrorist,478.8554,2445.761,160.0312,Flash,70,93,-126.5009,13.02874,0,False,False,False,90,2.8125
friberg younited,CounterTerrorist,473.8991,2446.208,160.0312,Flash,70,93,-126.9694,10.46591,0,False,False,False,90,2.8125
friberg younited,CounterTerrorist,468.9356,2446.568,160.0312,Flash,70,93,-127.1188,8.459239,0,False,False,False,90,2.8125
friberg younited,CounterTerrorist,463.9677,2446.86,160.0312,Flash,70,93,-127.2152,6.859081,0,False,False,False,90,2.8125
friberg younited,CounterTerrorist,458.9968,2447.097,160.0312,Flash,70,93,-127.2783,5.568096,0,False,False,False,90,2.8125
friberg younited,CounterTerrorist,454.4301,2447.281,160.0312,M4A4,70,93,-116.92,4.327053,0,False,False,False,90,2.8125
friberg younited,CounterTerrorist,449.8623,2447.431,160.0312,M4A4,70,93,-116.9474,3.507128,0,False,False,False,90,2.8125
friberg younited,CounterTerrorist,445.2935,2447.552,160.0312,M4A4,70,93,-116.9656,2.835146,0,False,False,False,90,2.8125
friberg younited,CounterTerrorist,440.7243,2447.649,160.0312,M4A4,70,93,-116.9775,2.294071,0,False,False,False,90,2.8125
friberg younited,CounterTerrorist,436.4849,2447.729,160.0312,M4A4,70,93,-100.3949,1.893998,0,False,False,False,89.29688,2.8125
friberg younited,CounterTerrorist,432.9829,2447.795,160.0312,M4A4,70,93,-82.93068,1.564527,0,False,False,False,87.1875,2.8125
friberg younited,CounterTerrorist,430.1458,2448.588,160.0312,M4A4,70,93,-65.50986,38.38426,0,False,False,False,84.375,3.164063
friberg younited,CounterTerrorist,427.9918,2451.016,160.0312,M4A4,70,93,-48.30621,76.99377,0,False,False,False,81.21094,3.164063
friberg younited,CounterTerrorist,426.4982,2454.782,160.0312,M4A4,70,93,-31.57605,108.4919,0,False,False,False,78.39844,3.515625
friberg younited,CounterTerrorist,425.6966,2459.175,160.0312,M4A4,70,93,5.928348,113.8242,0,False,False,False,73.47656,3.515625
friberg younited,CounterTerrorist,426.119,2463.706,160.0312,M4A4,70,93,14.30089,116.1227,0,False,False,False,65.03906,3.867188
friberg younited,CounterTerrorist,426.72,2468.236,160.0312,M4A4,70,93,12.52534,116.3276,0,False,False,False,54.14063,4.21875
friberg younited,CounterTerrorist,427.1026,2472.79,160.0312,M4A4,70,93,8.955848,116.6567,0,False,False,False,42.53906,4.21875
friberg younited,CounterTerrorist,427.488,2477.344,160.0312,M4A4,70,93,11.18573,116.4641,0,False,False,False,30.9375,3.867188
friberg younited,CounterTerrorist,428.063,2481.877,160.0312,M4A4,70,93,17.35732,115.7053,0,False,False,False,22.85156,3.164063
friberg younited,CounterTerrorist,428.8961,2486.37,160.0312,M4A4,70,93,23.77906,114.5581,0,False,False,False,21.79688,3.164063
friberg younited,CounterTerrorist,429.9456,2490.818,160.0312,M4A4,70,93,28.75695,113.4109,0,False,False,False,21.79688,3.164063
friberg younited,CounterTerrorist,430.8552,2495.293,160.0312,M4A4,70,93,17.19026,115.7303,0,False,False,False,21.79688,3.164063
friberg younited,CounterTerrorist,431.2133,2499.848,160.0312,M4A4,70,93,4.183829,116.9252,0,False,False,False,21.79688,3.164063
friberg younited,CounterTerrorist,431.125,2504.416,160.0312,M4A4,70,93,-6.233622,116.8338,0,False,False,False,21.79688,3.164063
friberg younited,CounterTerrorist,430.6827,2508.964,160.0312,M4A4,70,93,-14.44729,116.1046,0,False,False,False,21.79688,3.164063
friberg younited,CounterTerrorist,429.963,2513.476,160.0312,M4A4,70,93,-20.86839,115.1239,0,False,False,False,21.79688,3.164063
friberg younited,CounterTerrorist,428.9643,2517.927,160.0312,M4A4,70,93,-31.5125,111.7453,0,False,False,False,21.79688,3.164063
friberg younited,CounterTerrorist,428.0313,2522.076,160.0312,M4A4,70,93,0,102.8066,0,False,False,False,21.44531,3.515625
friberg younited,CounterTerrorist,428.0313,2525.917,160.0312,M4A4,70,93,0,95.55319,0,False,False,False,21.09375,3.515625
friberg younited,CounterTerrorist,428.0313,2529.475,160.0312,M4A4,70,93,0,85.32909,0,False,False,False,20.74219,3.515625
friberg younited,CounterTerrorist,428.0313,2532.224,160.0312,M4A4,70,93,0,60.79451,0,False,False,False,20.03906,3.515625
friberg younited,CounterTerrorist,428.0313,2534.047,160.0312,M4A4,70,93,0,37.30249,0,False,False,False,18.98438,3.515625
friberg younited,CounterTerrorist,428.0313,2534.964,160.0312,M4A4,70,93,0,14.35173,0,False,False,False,17.92969,3.164063
friberg younited,CounterTerrorist,428.0313,2535.062,160.0312,M4A4,70,93,0,-1.674224,0,False,False,False,17.22656,3.164063
friberg younited,CounterTerrorist,428.0313,2534.998,160.0312,M4A4,70,93,0,-1.662741,0,False,False,False,16.875,3.164063
friberg younited,CounterTerrorist,428.0313,2534.987,160.0312,M4A4,70,93,0,2.672354,0,False,False,False,16.875,3.164063
friberg younited,CounterTerrorist,428.0313,2535.092,160.0312,M4A4,70,93,0,2.678714,0,False,False,False,16.875,3.164063
friberg younited,CounterTerrorist,428.0313,2535.197,160.0312,M4A4,70,93,0,2.701996,0,False,False,False,16.52344,3.164063
friberg younited,CounterTerrorist,428.0313,2535.303,160.0312,M4A4,70,93,0,2.721001,0,False,False,False,16.52344,3.164063
friberg younited,CounterTerrorist,428.0313,2535.41,160.0312,M4A4,70,93,0,2.737861,0,False,False,False,16.17188,3.164063
friberg younited,CounterTerrorist,428.0002,2535.836,160.0312,M4A4,70,93,0,16.29216,0,False,False,False,16.17188,3.164063
friberg younited,CounterTerrorist,427.8916,2536.785,160.0312,M4A4,70,93,-5.273973,29.63411,0,False,False,False,15.82031,3.164063
friberg younited,CounterTerrorist,427.5677,2538.26,160.0312,M4A4,70,93,-10.19354,43.22163,0,False,False,False,15.82031,3.164063
friberg younited,CounterTerrorist,427.0656,2540.27,160.0312,M4A4,70,93,-14.58884,56.92659,0,False,False,False,15.82031,3.164063
friberg younited,CounterTerrorist,426.3973,2542.816,160.0312,M4A4,70,93,-18.76056,70.68877,0,False,False,False,15.82031,3.164063
friberg younited,CounterTerrorist,425.5556,2545.881,160.0312,M4A4,70,93,-24.82922,82.50327,0,False,False,False,15.46875,3.164063
friberg younited,CounterTerrorist,424.1392,2549.073,160.0312,M4A4,70,93,-43.3936,81.28199,0,False,False,False,15.11719,2.8125
friberg younited,CounterTerrorist,422.0638,2552.128,160.0312,M4A4,70,93,-59.80576,72.01149,0,False,False,False,14.41406,2.8125
friberg younited,CounterTerrorist,419.3628,2554.486,160.0312,M4A4,70,93,-75.00082,53.09894,0,False,False,False,13.71094,2.8125
friberg younited,CounterTerrorist,415.8259,2556.117,160.0312,M4A4,70,93,-102.8947,34.06712,0,False,False,False,13.35938,2.8125
friberg younited,CounterTerrorist,411.1686,2557.053,160.0312,M4A4,70,93,-129.4412,17.66621,0,False,False,False,13.35938,2.8125
friberg younited,CounterTerrorist,405.5852,2557.418,160.0312,M4A4,70,93,-151.376,4.144613,0,False,False,False,13.35938,2.8125
friberg younited,CounterTerrorist,399.6746,2557.415,160.0312,M4A4,70,93,-141.8138,-0.509611,0,False,False,False,13.35938,2.8125
friberg younited,CounterTerrorist,395.1061,2557.304,160.0312,M4A4,70,93,-116.8872,-5.136777,0,False,False,False,13.35938,2.8125
friberg younited,CounterTerrorist,390.5469,2556.989,160.0312,M4A4,70,93,-116.5827,-9.872279,0,False,False,False,13.35938,2.8125
friberg younited,CounterTerrorist,386.0012,2556.517,160.0312,M4A4,70,93,-116.2311,-13.39143,0,False,False,False,13.00781,2.8125
friberg younited,CounterTerrorist,381.4688,2555.931,160.0312,M4A4,70,93,-115.8998,-16.00764,0,False,False,False,13.00781,2.8125
friberg younited,CounterTerrorist,376.9485,2555.257,160.0312,M4A4,70,93,-115.603,-18.02656,0,False,False,False,13.00781,2.8125
friberg younited,CounterTerrorist,372.4975,2554.339,160.0312,M4A4,70,93,-111.6469,-30.64182,0,False,False,False,13.00781,2.8125
friberg younited,CounterTerrorist,368.2687,2552.732,160.0312,M4A4,70,93,-106.1379,-47.72833,0,False,False,False,13.00781,2.8125
friberg younited,CounterTerrorist,364.261,2550.544,160.0312,M4A4,70,93,-99.91221,-60.88143,0,False,False,False,13.00781,2.8125
friberg younited,CounterTerrorist,360.4937,2547.959,160.0312,M4A4,70,93,-95.89001,-67.03808,0,False,False,False,13.00781,2.8125
friberg younited,CounterTerrorist,356.6214,2545.533,160.0312,M4A4,70,93,-101.0424,-58.9867,0,False,False,False,13.00781,2.8125
friberg younited,CounterTerrorist,352.5862,2543.389,160.0312,M4A4,70,93,-104.6367,-52.34655,0,False,False,False,13.00781,2.8125
friberg younited,CounterTerrorist,348.4371,2541.473,160.0312,M4A4,70,93,-107.1544,-46.97805,0,False,False,False,13.35938,2.8125
friberg younited,CounterTerrorist,344.4086,2539.781,160.0312,M4A4,70,93,-96.24735,-40.2509,0,False,False,False,13.35938,2.8125
friberg younited,CounterTerrorist,341.0514,2538.377,160.0312,M4A4,70,93,-79.50464,-33.24905,0,False,False,False,13.35938,2.8125
friberg younited,CounterTerrorist,338.2784,2537.217,160.0312,M4A4,70,93,-65.63842,-27.45016,0,False,False,False,13.00781,2.8125
friberg younited,CounterTerrorist,336.6261,2536.673,160.0312,M4A4,70,93,-24.40544,2.208364,0,False,False,False,11.60156,2.8125
friberg younited,CounterTerrorist,336.5445,2537.523,160.0312,M4A4,70,93,10.15785,32.47894,0,False,False,False,8.085938,2.8125
friberg younited,CounterTerrorist,337.5302,2539.393,160.0312,M4A4,70,93,35.08703,58.15026,0,False,False,False,5.273438,2.8125
friberg younited,CounterTerrorist,339.4499,2542.258,160.0312,M4A4,70,93,58.02504,82.97368,0,False,False,False,5.273438,2.8125
friberg younited,CounterTerrorist,342.1748,2545.997,160.0312,M4A4,70,93,77.09329,103.6784,0,False,False,False,5.273438,2.8125
friberg younited,CounterTerrorist,345.9567,2549.715,160.0312,M4A4,70,93,109.1498,89.8689,0,False,False,False,5.273438,2.8125
friberg younited,CounterTerrorist,350.8568,2552.951,160.0312,M4A4,70,93,135.6298,78.46168,0,False,False,False,5.273438,2.8125
friberg younited,CounterTerrorist,356.6806,2555.789,160.0312,M4A4,70,93,157.5036,69.0388,0,False,False,False,5.273438,2.8125
friberg younited,CounterTerrorist,363.2673,2558.299,160.0312,M4A4,70,93,175.5722,61.25507,0,False,False,False,5.273438,2.8125
friberg younited,CounterTerrorist,370.4843,2560.537,160.0312,M4A4,70,93,190.4977,54.82537,0,False,False,False,5.273438,2.8125
friberg younited,CounterTerrorist,378.222,2562.551,160.0312,M4A4,70,93,202.8277,49.50586,0,False,False,False,5.273438,2.8125
friberg younited,CounterTerrorist,386.2791,2564.625,160.0312,M4A4,70,93,205.0189,61.88281,0,False,False,False,4.570313,3.164063
friberg younited,CounterTerrorist,394.1644,2567.6,160.0312,M4A4,70,93,200.2572,84.72071,0,False,False,False,0.3515625,3.515625
friberg younited,CounterTerrorist,401.9705,2571.282,160.0312,M4A4,70,93,200.3705,99.26678,0,False,False,False,350.5078,3.867188
friberg younited,CounterTerrorist,409.8257,2575.225,160.0312,M4A4,70,93,201.4357,100.243,0,False,False,False,336.4453,4.21875
friberg younited,CounterTerrorist,417.7783,2578.965,160.0312,M4A4,70,93,205.3482,91.96261,0,False,False,False,325.8984,4.570313
friberg younited,CounterTerrorist,425.5552,2583.052,160.0312,M4A4,70,93,194.9791,112.2861,0,False,False,False,323.7891,4.570313
friberg younited,CounterTerrorist,432.9386,2587.816,164.0313,M4A4,70,93,185.1418,127.8575,0,False,False,False,323.7891,4.570313
friberg younited,CounterTerrorist,439.959,2593.101,160.0313,M4A4,70,93,176.2566,139.8521,0,False,False,False,323.7891,4.570313
friberg younited,CounterTerrorist,446.8726,2598.524,160.0313,M4A4,70,93,181.9465,132.365,0,False,False,False,323.7891,4.570313
friberg younited,CounterTerrorist,454.2586,2603.283,160.0313,M4A4,70,93,193.3187,115.1211,0,False,False,False,323.7891,4.570313
friberg younited,CounterTerrorist,462.0075,2607.427,160.0313,M4A4,70,93,201.3676,100.3797,0,False,False,False,323.7891,4.570313
friberg younited,CounterTerrorist,470.0129,2611.051,160.0313,M4A4,70,93,207.0578,88.0457,0,False,False,False,323.7891,4.570313
friberg younited,CounterTerrorist,478.2001,2614.246,160.0313,M4A4,70,93,211.0951,77.87081,0,False,False,False,323.7891,4.570313
friberg younited,CounterTerrorist,486.5165,2617.087,160.0313,M4A4,70,93,213.9766,69.56299,0,False,False,False,324.1406,4.570313
friberg younited,CounterTerrorist,494.9245,2619.646,160.0313,M4A4,70,93,215.9925,63.02571,0,False,False,False,324.4922,4.570313
friberg younited,CounterTerrorist,503.3964,2621.986,160.0313,M4A4,70,93,217.3976,57.99368,0,False,False,False,324.4922,4.570313
friberg younited,CounterTerrorist,511.8802,2623.382,160.0313,M4A4,70,93,217.1737,21.98858,0,False,False,False,326.25,4.921875
friberg younited,CounterTerrorist,520.4879,2623.5,160.0313,Knife,70,93,222.6089,-8.404206,0,False,False,False,329.7656,5.273438
friberg younited,CounterTerrorist,529.3282,2622.632,160.0313,Knife,70,93,228.8493,-30.42755,0,False,False,False,333.9844,5.625
friberg younited,CounterTerrorist,538.4185,2621.061,160.0313,Knife,70,93,235.2915,-45.97627,0,False,False,False,336.7969,6.679688
friberg younited,CounterTerrorist,547.7607,2619.012,160.0313,Knife,70,93,241.7334,-56.12769,0,False,False,False,340.3125,8.789063
friberg younited,CounterTerrorist,557.2535,2616.763,168.9803,Knife,70,93,243.0168,-57.56393,273.8684,False,False,False,343.8281,11.60156
friberg younited,CounterTerrorist,566.7463,2614.515,179.0679,Knife,70,93,243.0168,-57.56393,242.6184,False,False,False,345.5859,15.46875
friberg younited,CounterTerrorist,576.2391,2612.266,187.9349,Knife,70,93,243.0168,-57.56393,211.3684,False,False,False,343.4766,19.6875
friberg younited,CounterTerrorist,585.6858,2609.897,195.5812,Knife,70,93,237.1159,-73.0378,180.1184,False,False,False,339.2578,23.55469
friberg younited,CounterTerrorist,594.2487,2605.377,202.0067,Knife,70,93,210.5668,-134.9341,148.8684,False,False,False,334.3359,27.07031
friberg younited,CounterTerrorist,602.2567,2599.698,207.2116,Knife,70,93,200.657,-153.0439,117.6184,False,False,False,329.4141,30.23438
friberg younited,CounterTerrorist,609.8157,2593.288,211.1957,Knife,70,93,188.994,-170.6912,86.36838,False,False,False,324.4922,32.69531
friberg younited,CounterTerrorist,616.9808,2586.331,213.9592,Knife,70,93,180.4321,-181.9471,55.11838,False,False,False,321.3281,34.45313
friberg younited,CounterTerrorist,623.9451,2579.12,215.5019,Knife,70,93,177.166,-185.9487,23.86838,False,False,False,320.2734,35.85938
friberg younited,CounterTerrorist,630.8082,2571.789,224.8239,Knife,70,93,174.6603,-188.9137,-7.381622,False,False,False,319.5703,37.26563
friberg younited,CounterTerrorist,637.595,2564.368,223.9253,Knife,70,93,173.3188,-190.466,-38.63162,False,False,False,318.8672,37.96875
friberg younited,CounterTerrorist,644.3626,2556.924,221.8059,Knife,70,93,173.2479,-190.5475,-69.88162,False,False,False,318.8672,37.96875
friberg younited,CounterTerrorist,651.1302,2549.48,218.4658,Knife,70,93,173.2479,-190.5475,-101.1316,False,False,False,318.8672,37.96875
friberg younited,CounterTerrorist,657.8978,2542.036,213.905,Knife,70,93,173.2479,-190.5475,-132.3816,False,False,False,318.8672,37.96875
friberg younited,CounterTerrorist,664.6564,2534.583,208.1236,Knife,70,93,172.7502,-191.1171,-163.6316,False,False,False,318.8672,37.96875
friberg younited,CounterTerrorist,671.3422,2527.047,201.1214,Knife,70,93,169.28,-194.981,-194.8816,False,False,False,317.4609,37.96875
friberg younited,CounterTerrorist,677.7195,2519.187,183.8985,Knife,70,93,157.519,-206.8914,-226.1316,False,False,False,313.9453,37.61719
friberg younited,CounterTerrorist,683.3629,2510.665,174.4549,Knife,70,93,134.1944,-226.3703,-257.3816,False,False,False,307.2656,36.5625
friberg younited,CounterTerrorist,687.8576,2501.332,163.7906,Knife,70,93,101.8362,-246.7333,-288.6316,False,False,False,298.8281,34.45313
friberg younited,CounterTerrorist,691.3268,2491.442,151.9056,Knife,70,93,87.63412,-253.7506,-319.8816,False,False,False,289.6875,29.88281
friberg younited,CounterTerrorist,694.75,2481.53,138.7999,Knife,70,93,87.63412,-253.7506,-351.1316,False,False,False,280.8984,24.25781
friberg younited,CounterTerrorist,697.3623,2473.766,131.5688,Knife,70,93,50.98219,-164.8035,0,False,False,False,272.8125,18.63281
friberg younited,CounterTerrorist,699.0728,2467.012,131.3015,Knife,70,93,38.71373,-178.2248,0,False,False,False,266.4844,13.35938
friberg younited,CounterTerrorist,700.2974,2459.755,131.1102,Knife,70,93,26.80769,-190.652,0,False,False,False,265.4297,12.30469
friberg younited,CounterTerrorist,701.1193,2452.035,130.9818,Knife,70,93,17.5008,-202.1928,0,False,False,False,265.4297,12.30469
friberg younited,CounterTerrorist,701.626,2443.874,130.9026,Knife,70,93,10.17691,-213.4021,0,False,False,False,265.4297,12.30469
friberg younited,CounterTerrorist,701.8823,2435.277,130.8625,Knife,70,93,4.319475,-224.5737,0,False,False,False,265.4297,12.30469
friberg younited,CounterTerrorist,701.9362,2426.242,130.9066,Knife,70,93,-0.4518348,-235.6989,0,False,False,False,265.4297,12.30469
friberg younited,CounterTerrorist,701.8239,2416.805,131.2058,Knife,70,93,-4.388582,-245.2756,0,False,False,False,265.4297,12.30469
friberg younited,CounterTerrorist,701.577,2407.076,131.5348,Knife,70,93,-7.424692,-249.8897,0,False,False,False,265.4297,12.30469
friberg younited,CounterTerrorist,701.2338,2397.316,131.8798,Knife,70,93,-9.628057,-249.8145,0,False,False,False,265.4297,12.30469
friberg younited,CounterTerrorist,700.8145,2387.56,132.2365,Knife,70,93,-11.42495,-249.7388,0,False,False,False,265.4297,12.30469
friberg younited,CounterTerrorist,700.3325,2377.806,132.603,Knife,70,93,-12.90711,-249.6666,0,False,False,False,265.4297,13.00781
friberg younited,CounterTerrorist,699.8005,2368.055,132.9772,Knife,70,93,-14.04006,-249.6054,0,False,False,False,265.7813,13.00781
friberg younited,CounterTerrorist,699.2332,2358.306,133.3569,Knife,70,93,-14.80958,-249.561,0,False,False,False,265.7813,13.00781
friberg younited,CounterTerrorist,698.6417,2348.558,133.7403,Knife,70,93,-15.32928,-249.5296,0,False,False,False,266.1328,13.00781
friberg younited,CounterTerrorist,698.0378,2338.811,134.0991,Knife,70,93,-15.49089,-249.5196,0,False,False,False,266.4844,13.35938
friberg younited,CounterTerrorist,697.4378,2329.064,134.2375,Knife,70,93,-15.19975,-249.5375,0,False,False,False,267.1875,13.71094
friberg younited,CounterTerrorist,696.8624,2319.315,134.3732,Knife,70,93,-14.3453,-249.5881,0,False,False,False,267.8906,14.0625
friberg younited,CounterTerrorist,696.3309,2309.564,134.5041,Knife,70,93,-13.06922,-249.6582,0,False,False,False,268.5938,14.41406
friberg younited,CounterTerrorist,695.855,2299.81,134.6289,Knife,70,93,-11.56988,-249.7321,0,False,False,False,269.2969,14.76563
friberg younited,CounterTerrorist,695.4394,2290.053,134.7178,Knife,70,93,-10.01924,-249.7992,0,False,False,False,269.6484,14.76563
friberg younited,CounterTerrorist,695.0842,2280.294,134.7566,Knife,70,93,-8.487106,-249.8559,0,False,False,False,269.6484,15.11719
friberg younited,CounterTerrorist,694.7862,2270.533,134.7769,Knife,70,93,-7.075624,-249.8999,0,False,False,False,270,15.46875
friberg younited,CounterTerrorist,694.5406,2260.771,134.8111,Knife,70,93,-5.763899,-249.9335,0,False,False,False,270.3516,16.875
friberg younited,CounterTerrorist,694.3481,2251.007,134.8098,Knife,70,93,-4.342486,-249.9623,0,False,False,False,270.7031,18.98438
friberg younited,CounterTerrorist,694.218,2241.242,134.7997,Knife,70,93,-2.620093,-249.9863,0,False,False,False,271.4063,21.79688
friberg younited,CounterTerrorist,694.1586,2231.477,134.7819,Knife,70,93,-0.7918953,-249.9987,0,False,False,False,271.7578,24.96094
friberg younited,CounterTerrorist,694.171,2221.711,134.7563,Knife,70,93,1.083862,-249.9977,0,False,False,False,272.4609,28.82813
friberg younited,CounterTerrorist,694.264,2211.946,134.7218,Knife,70,93,3.304569,-249.9782,0,False,False,False,273.5156,33.75
friberg younited,CounterTerrorist,694.4491,2202.182,134.5517,Knife,70,93,5.677858,-249.9355,0,False,False,False,273.8672,40.07813
friberg younited,CounterTerrorist,694.7225,2192.42,134.2918,Knife,70,93,7.866982,-249.8762,0,False,False,False,274.2188,46.75781
friberg younited,CounterTerrorist,695.0831,2182.661,134.0189,Knife,70,93,10.1867,-249.7924,0,False,False,False,275.2734,53.08593
friberg younited,CounterTerrorist,695.5391,2172.906,136.1003,Knife,70,93,12.33686,-249.6954,292.6184,False,False,False,276.3281,58.35937
friberg younited,CounterTerrorist,696.021,2163.153,146.9204,Knife,70,93,12.33686,-249.6954,261.3684,False,False,False,277.0313,61.52344
friberg younited,CounterTerrorist,696.2261,2153.372,156.5198,Knife,70,93,-8.220311,-251.6737,230.1184,False,False,False,274.9219,62.92969
friberg younited,CounterTerrorist,695.3981,2143.518,164.8985,Knife,70,93,-31.44606,-252.3929,198.8684,False,False,False,269.6484,62.22656
friberg younited,CounterTerrorist,693.5048,2133.697,172.0564,Knife,70,93,-58.72721,-250.4657,167.6184,False,False,False,263.3203,59.41407
friberg younited,CounterTerrorist,690.7509,2123.983,177.9937,M4A4,70,93,-77.98268,-247.3753,136.3684,False,False,False,259.1016,55.54688
friberg younited,CounterTerrorist,687.3373,2114.402,182.7103,M4A4,70,93,-94.22423,-243.5907,105.1184,False,False,False,255.2344,51.67969
friberg younited,CounterTerrorist,683.174,2105.032,186.2061,M4A4,70,93,-114.9551,-237.0531,73.86838,False,False,False,250.3125,48.51563
friberg younited,CounterTerrorist,678.1885,2095.977,188.4813,M4A4,70,93,-136.0895,-227.9577,42.61838,False,False,False,244.3359,45.35156
friberg younited,CounterTerrorist,672.3784,2087.342,189.5358,M4A4,70,93,-157.1361,-216.0597,11.36838,False,False,False,238.0078,42.53906
friberg younited,CounterTerrorist,665.6218,2079.333,189.3695,Knife,70,93,-186.0661,-195.4451,-19.88162,False,False,False,232.7344,40.42969
friberg younited,CounterTerrorist,657.9575,2072.022,187.9826,Knife,70,93,-202.033,-182.1031,-51.13162,False,False,False,228.5156,37.96875
friberg younited,CounterTerrorist,649.7239,2065.235,185.3749,Knife,70,93,-216.4895,-168.039,-82.38162,False,False,False,223.9453,35.85938
friberg younited,CounterTerrorist,640.9678,2059.001,181.5466,Knife,70,93,-228.4986,-154.6209,-113.6316,False,False,False,220.4297,33.39844
friberg younited,CounterTerrorist,631.7963,2053.267,176.4975,Knife,70,93,-238.1612,-142.4164,-144.8816,False,False,False,216.9141,30.9375
friberg younited,CounterTerrorist,622.3597,2047.887,170.2278,Knife,70,93,-243.3036,-135.333,-176.1316,False,False,False,215.1563,28.47656
friberg younited,CounterTerrorist,612.8081,2042.668,162.7373,Knife,70,93,-244.9099,-133.0306,-207.3816,False,False,False,214.8047,26.36719
friberg younited,CounterTerrorist,603.2329,2037.484,154.0261,Knife,70,93,-245.1759,-132.6453,-238.6316,False,False,False,214.4531,24.60938
friberg younited,CounterTerrorist,593.6556,2032.303,144.0943,Knife,70,93,-245.1759,-132.6453,-269.8816,False,False,False,214.4531,23.20313
friberg younited,CounterTerrorist,584.0782,2027.121,132.9417,Knife,70,93,-245.1759,-132.6453,-301.1316,False,False,False,214.4531,21.44531
friberg younited,CounterTerrorist,575.8793,2022.677,124.9251,Knife,70,93,-157.5928,-86.39643,0,False,False,False,214.4531,19.6875
friberg younited,CounterTerrorist,569.5703,2019.094,124.9543,Knife,70,93,-164.1759,-95.2281,0,False,False,False,214.8047,17.57813
friberg younited,CounterTerrorist,562.9968,2015.171,125.3878,Knife,70,93,-171.0499,-103.9188,0,False,False,False,215.5078,15.82031
friberg younited,CounterTerrorist,556.151,2010.905,125.8366,Knife,70,93,-178.0686,-112.7549,0,False,False,False,216.211,14.41406
friberg younited,CounterTerrorist,549.0298,2006.287,126.3009,Knife,70,93,-185.1123,-121.9338,0,False,False,False,217.2656,13.00781
friberg younited,CounterTerrorist,541.6359,2001.298,126.8235,Knife,70,93,-192.0277,-131.6703,0,False,False,False,219.0234,11.95313
friberg younited,CounterTerrorist,534.0009,1995.925,127.4569,Knife,70,93,-197.442,-141.4324,0,False,False,False,220.7813,11.25
friberg younited,CounterTerrorist,526.2069,1990.189,128.0698,Knife,70,93,-200.1038,-149.8615,0,False,False,False,222.1875,10.54688
friberg younited,CounterTerrorist,518.4635,1984.239,128.5726,Knife,70,93,-196.9643,-153.9645,0,False,False,False,223.5938,10.19531
friberg younited,CounterTerrorist,510.8434,1978.132,129.0675,Knife,70,93,-193.837,-157.8835,0,False,False,False,224.2969,9.84375
friberg younited,CounterTerrorist,503.3403,1971.881,129.23,Knife,70,93,-190.938,-161.3775,0,False,False,False,225,9.492188
friberg younited,CounterTerrorist,495.9474,1965.501,129.3417,Knife,70,93,-188.1392,-164.6318,0,False,False,False,225.7031,9.140625
friberg younited,CounterTerrorist,488.6627,1958.997,129.2107,Knife,70,93,-185.4222,-167.6861,0,False,False,False,226.4063,9.140625
friberg younited,CounterTerrorist,481.4789,1952.382,129.0411,Knife,70,93,-182.9153,-170.4171,0,False,False,False,227.1094,9.140625
friberg younited,CounterTerrorist,474.3918,1945.664,128.8688,Knife,70,93,-180.4126,-173.0644,0,False,False,False,227.8125,8.789063
friberg younited,CounterTerrorist,466.9296,1939.448,128.7094,Knife,70,93,-198.5226,-148.7362,0,False,False,False,229.2188,8.789063
friberg younited,CounterTerrorist,458.7907,1934.146,128.559,Knife,70,93,-214.4751,-127.8643,0,False,False,False,231.6797,8.4375
friberg younited,CounterTerrorist,450.1713,1929.56,128.4009,Knife,70,93,-224.0021,-111.0093,0,False,False,False,234.1406,8.4375
friberg younited,CounterTerrorist,441.3104,1925.46,128.2541,Knife,70,93,-225.9685,-106.5224,0,False,False,False,237.3047,8.4375
friberg younited,CounterTerrorist,432.8038,1920.697,128.0921,Knife,70,93,-212.2299,-131.8047,0,False,False,False,241.1719,8.789063
friberg younited,CounterTerrorist,424.6996,1915.25,127.8659,Knife,70,93,-208.4819,-137.9684,0,False,False,False,247.8516,8.789063
friberg younited,CounterTerrorist,416.478,1909.98,127.6199,Knife,70,93,-211.0865,-133.9497,0,False,False,False,255.9375,8.789063
friberg younited,CounterTerrorist,408.262,1904.702,127.3735,Knife,70,93,-209.3387,-136.665,0,False,False,False,264.0234,8.085938
friberg younited,CounterTerrorist,400.1775,1899.224,127.121,Knife,70,93,-205.3699,-142.5594,0,False,False,False,266.4844,8.085938
friberg younited,CounterTerrorist,392.2233,1893.559,126.0752,Knife,70,93,-202.8151,-146.1712,0,False,False,False,263.6719,8.4375
friberg younited,CounterTerrorist,384.2996,1887.851,125.8238,Knife,70,93,-203.2843,-145.518,0,False,False,False,257.3438,8.789063
friberg younited,CounterTerrorist,376.4136,1882.118,126.0209,Knife,70,93,-196.1261,-153.2043,0,False,False,False,252.7734,8.789063
friberg younited,CounterTerrorist,369.1763,1875.621,126.2019,Knife,70,93,-178.8254,-174.4174,0,False,False,False,249.6094,8.789063
friberg younited,CounterTerrorist,362.5414,1868.459,126.2018,Knife,70,93,-164.2447,-188.4772,0,False,False,False,247.1484,8.4375
friberg younited,CounterTerrorist,356.402,1860.866,126.0355,Knife,70,93,-152.8493,-197.8309,0,False,False,False,245.7422,8.4375
friberg younited,CounterTerrorist,350.6495,1852.975,125.8227,Knife,70,93,-143.7764,-204.5198,0,False,False,False,245.3906,8.4375
friberg younited,CounterTerrorist,345.3088,1845.034,118.937,Flash,70,93,-133.8734,-205.1899,0,False,False,False,245.3906,8.4375
friberg younited,CounterTerrorist,340.1866,1836.861,117.1523,Knife,70,93,-130.2631,-213.1521,0,False,False,False,245.3906,8.4375
friberg younited,CounterTerrorist,335.2146,1828.456,117.0313,Knife,70,93,-125.3931,-216.2789,0,False,False,False,245.3906,8.4375
friberg younited,CounterTerrorist,330.4097,1819.954,117.0313,Knife,70,93,-121.5527,-218.4604,0,False,False,False,245.0391,8.4375
friberg younited,CounterTerrorist,325.7365,1811.379,117.0313,Knife,70,93,-118.4008,-220.1846,0,False,False,False,245.3906,8.4375
