Name,Team,Position.X,Position.Y,Position.Z,ActiveWeapon,HP,Armour,Velocity.X,Velocity.Y,Velocity.Z,IsDucking,HasHelmet,HasDefuseKit,ViewDirectionX,ViewDirectionY,Map = de_inferno
starix,CounterTerrorist,2480,2112,126.7755,P2000,100,0,0,0,0,False,False,False,267.5391,2.8125
starix,CounterTerrorist,2480,2112,126.7755,P2000,100,0,0,0,0,False,False,False,267.5391,2.8125
starix,CounterTerrorist,2480,2112,126.7755,P2000,100,0,0,0,0,False,False,False,267.5391,2.8125
starix,CounterTerrorist,2480,2112,126.7755,P2000,100,0,0,0,0,False,False,False,267.5391,2.8125
starix,CounterTerrorist,2480,2112,126.7755,P2000,100,0,0,0,0,False,False,False,267.5391,2.8125
starix,CounterTerrorist,2480,2112,126.7755,P2000,100,0,0,0,0,False,False,False,267.5391,2.8125
starix,CounterTerrorist,2480,2112,126.7755,P2000,100,0,0,0,0,False,False,False,207.4219,0
starix,CounterTerrorist,2480,2112,126.7755,P2000,100,0,0,0,0,False,False,False,207.4219,0
starix,CounterTerrorist,2480,2112,126.7755,P2000,100,0,0,0,0,False,False,False,207.4219,0
starix,CounterTerrorist,2480,2112,126.7755,P2000,100,0,0,0,0,False,False,False,207.4219,0
starix,CounterTerrorist,2480,2112,126.7755,P2000,100,0,0,0,0,False,False,False,207.4219,0
starix,CounterTerrorist,2480,2112,126.7755,P2000,100,0,0,0,0,False,False,False,207.4219,0
starix,CounterTerrorist,2480,2112,126.7755,P2000,100,0,0,0,0,False,False,False,207.4219,0
starix,CounterTerrorist,2480,2112,126.7755,P2000,100,0,0,0,0,False,False,False,207.4219,0
starix,CounterTerrorist,2480,2112,126.7755,P2000,100,0,0,0,0,False,False,False,207.4219,0
starix,CounterTerrorist,2480,2112,126.7755,P2000,100,0,0,0,0,False,False,False,207.4219,0
starix,CounterTerrorist,2480,2112,126.7755,P2000,100,0,0,0,0,False,False,False,207.4219,0
starix,CounterTerrorist,2480,2112,126.7755,P2000,100,0,0,0,0,False,False,False,207.4219,0
starix,CounterTerrorist,2480,2112,126.7755,P2000,100,0,0,0,0,False,False,False,207.4219,0
starix,CounterTerrorist,2480,2112,126.7755,P2000,100,0,0,0,0,False,False,False,207.4219,0
starix,CounterTerrorist,2480,2112,126.7755,P2000,100,0,0,0,0,False,False,False,207.4219,0
starix,CounterTerrorist,2480,2112,126.7755,P2000,100,0,0,0,0,False,False,False,207.4219,0
starix,CounterTerrorist,2480,2112,126.7755,P2000,100,0,0,0,0,False,False,False,207.4219,0
starix,CounterTerrorist,2480,2112,126.7755,P2000,100,0,0,0,0,False,False,False,207.4219,0
starix,CounterTerrorist,2480,2112,126.7755,P2000,100,0,0,0,0,False,False,False,207.4219,0
starix,CounterTerrorist,2480,2112,126.7755,P2000,100,0,0,0,0,False,False,False,207.4219,0
starix,CounterTerrorist,2480,2112,126.7755,P2000,100,0,0,0,0,False,False,False,207.4219,0
starix,CounterTerrorist,2480,2112,126.7755,P2000,100,0,0,0,0,False,False,False,207.4219,0
starix,CounterTerrorist,2480,2112,126.7755,P2000,100,0,0,0,0,False,False,False,207.4219,0
starix,CounterTerrorist,2480,2112,126.7755,P2000,100,0,0,0,0,False,False,False,207.4219,0
starix,CounterTerrorist,2480,2112,126.7755,P2000,100,0,0,0,0,False,False,False,207.4219,0
starix,CounterTerrorist,2480,2112,126.7755,P2000,100,0,0,0,0,False,False,False,207.4219,0
starix,CounterTerrorist,2480,2112,126.7755,P2000,100,0,0,0,0,False,False,False,207.4219,0
starix,CounterTerrorist,2480,2112,126.7755,P2000,100,0,0,0,0,False,False,False,207.4219,0
starix,CounterTerrorist,2480,2112,126.7755,P2000,100,0,0,0,0,False,False,False,207.4219,0
starix,CounterTerrorist,2480,2112,126.7755,P2000,100,0,0,0,0,False,False,False,207.4219,0
starix,CounterTerrorist,2480,2112,126.7755,P2000,100,0,0,0,0,False,False,False,207.4219,0
starix,CounterTerrorist,2480,2112,126.7755,P2000,100,0,0,0,0,False,False,False,207.4219,0
starix,CounterTerrorist,2480,2112,126.7755,P2000,100,0,0,0,0,False,False,False,207.4219,0
starix,CounterTerrorist,2480,2112,126.7755,P2000,100,0,0,0,0,False,False,False,207.4219,359.6484
starix,CounterTerrorist,2480,2112,126.7755,P2000,100,0,0,0,0,False,False,False,205.3125,359.2969
starix,CounterTerrorist,2480,2112,126.7755,P2000,100,0,0,0,0,False,False,False,203.5547,359.2969
starix,CounterTerrorist,2480,2112,126.7755,P2000,100,0,0,0,0,False,False,False,202.8516,359.2969
starix,CounterTerrorist,2480,2112,126.7755,P2000,100,0,0,0,0,False,False,False,202.8516,359.2969
starix,CounterTerrorist,2480,2112,126.7755,P2000,100,0,0,0,0,False,False,False,202.8516,359.2969
starix,CounterTerrorist,2480,2112,126.7755,P2000,100,0,0,0,0,False,False,False,202.8516,359.2969
starix,CounterTerrorist,2480,2112,126.7755,P2000,100,0,0,0,0,False,False,False,202.8516,359.2969
starix,CounterTerrorist,2480,2112,126.7755,P2000,100,0,0,0,0,False,False,False,203.2031,358.9453
starix,CounterTerrorist,2480,2112,126.7755,P2000,100,0,0,0,0,False,False,False,202.8516,358.2422
starix,CounterTerrorist,2480,2112,126.7755,P2000,100,0,0,0,0,False,False,False,195.4688,357.5391
starix,CounterTerrorist,2480,2112,126.7755,P2000,100,0,0,0,0,False,False,False,187.0313,356.8359
starix,CounterTerrorist,2480,2112,126.7755,P2000,100,0,0,0,0,False,False,False,182.1094,356.8359
starix,CounterTerrorist,2480,2112,126.7755,P2000,100,0,0,0,0,False,False,False,181.7578,357.1875
starix,CounterTerrorist,2480,2112,126.7755,P2000,100,0,0,0,0,False,False,False,181.7578,357.1875
starix,CounterTerrorist,2480,2112,126.7755,P2000,100,0,0,0,0,False,False,False,181.7578,357.1875
starix,CounterTerrorist,2480,2112,126.7755,P2000,100,0,0,0,0,False,False,False,181.7578,357.1875
starix,CounterTerrorist,2480,2112,126.7755,P2000,100,0,0,0,0,False,False,False,181.7578,357.1875
starix,CounterTerrorist,2480,2112,126.7755,Famas,100,0,0,0,0,False,False,False,181.7578,357.1875
starix,CounterTerrorist,2480,2112,126.7755,Famas,100,0,0,0,0,False,False,False,181.7578,357.1875
starix,CounterTerrorist,2480,2112,126.7755,Famas,100,0,0,0,0,False,False,False,181.7578,357.1875
starix,CounterTerrorist,2480,2112,126.7755,Famas,100,0,0,0,0,False,False,False,181.4063,357.1875
starix,CounterTerrorist,2480,2112,126.7755,Famas,100,0,0,0,0,False,False,False,181.4063,357.1875
starix,CounterTerrorist,2480,2112,126.7755,Famas,100,0,0,0,0,False,False,False,181.4063,357.1875
starix,CounterTerrorist,2480,2112,126.7755,Famas,100,0,0,0,0,False,False,False,181.4063,357.1875
starix,CounterTerrorist,2480,2112,126.7755,Famas,100,0,0,0,0,False,False,False,179.2969,357.5391
starix,CounterTerrorist,2480,2112,126.7755,Famas,100,0,0,0,0,False,False,False,178.2422,358.2422
starix,CounterTerrorist,2480,2112,126.7755,Famas,100,0,0,0,0,False,False,False,178.2422,358.2422
starix,CounterTerrorist,2480,2112,126.7755,Famas,100,0,0,0,0,False,False,False,178.2422,358.2422
starix,CounterTerrorist,2480,2112,126.7755,Famas,100,0,0,0,0,False,False,False,178.2422,358.2422
starix,CounterTerrorist,2480,2112,126.7755,Famas,100,0,0,0,0,False,False,False,177.8906,357.8906
starix,CounterTerrorist,2480,2112,126.7755,Famas,100,100,0,0,0,False,True,False,174.7266,356.4844
starix,CounterTerrorist,2480,2112,126.7755,Famas,100,100,0,0,0,False,True,False,166.6406,356.8359
starix,CounterTerrorist,2480,2112,126.7755,Famas,100,100,0,0,0,False,True,False,156.4453,357.1875
starix,CounterTerrorist,2480,2112,126.7755,Famas,100,100,0,0,0,False,True,False,143.4375,357.8906
starix,CounterTerrorist,2480,2112,126.7755,Famas,100,100,0,0,0,False,True,False,141.6797,357.8906
starix,CounterTerrorist,2480,2112,126.7755,Famas,100,100,0,0,0,False,True,False,141.6797,357.8906
starix,CounterTerrorist,2480,2112,126.7755,Famas,100,100,0,0,0,False,True,False,141.6797,357.8906
starix,CounterTerrorist,2480,2112,126.7755,Famas,100,100,0,0,0,False,True,False,141.6797,357.8906
starix,CounterTerrorist,2480,2112,126.7755,Famas,100,100,0,0,0,False,True,False,141.6797,357.8906
starix,CounterTerrorist,2480,2112,126.7755,Famas,100,100,0,0,0,False,True,False,141.6797,357.8906
starix,CounterTerrorist,2480,2112,126.7755,Famas,100,100,0,0,0,False,True,False,141.6797,357.8906
starix,CounterTerrorist,2480,2112,126.7755,Famas,100,100,0,0,0,False,True,False,140.9766,357.8906
starix,CounterTerrorist,2480,2112,126.7755,Famas,100,100,0,0,0,False,True,False,135.3516,358.5938
starix,CounterTerrorist,2480,2112,126.7755,Famas,100,100,0,0,0,False,True,False,130.0781,359.6484
starix,CounterTerrorist,2480,2112,126.7755,Famas,100,100,0,0,0,False,True,False,128.3203,0
starix,CounterTerrorist,2480,2112,126.7755,Famas,100,100,0,0,0,False,True,False,128.3203,0
starix,CounterTerrorist,2480,2112,126.7755,Famas,100,100,0,0,0,False,True,False,128.3203,0
starix,CounterTerrorist,2480,2112,126.7755,Famas,100,100,0,0,0,False,True,False,128.3203,0
starix,CounterTerrorist,2480,2112,126.7755,Famas,100,100,0,0,0,False,True,False,128.3203,0
starix,CounterTerrorist,2480,2112,126.7755,Famas,100,100,0,0,0,False,True,False,126.9141,0.3515625
starix,CounterTerrorist,2480,2112,126.7755,Famas,100,100,0,0,0,False,True,False,123.0469,0.3515625
starix,CounterTerrorist,2480,2112,126.7755,Famas,100,100,0,0,0,False,True,False,120.5859,0
starix,CounterTerrorist,2480,2112,126.7755,Famas,100,100,0,0,0,False,True,False,120.2344,0
starix,CounterTerrorist,2480,2112,126.7755,Famas,100,100,0,0,0,False,True,False,120.2344,0
starix,CounterTerrorist,2480,2112,126.7755,Knife,100,100,0,0,0,False,True,False,120.2344,0
starix,CounterTerrorist,2480,2112,126.7755,Knife,100,100,0,0,0,False,True,False,120.2344,0
starix,CounterTerrorist,2480,2112,126.7755,Knife,100,100,0,0,0,False,True,False,120.2344,0
starix,CounterTerrorist,2480,2112,126.7755,Knife,100,100,0,0,0,False,True,False,120.2344,0
starix,CounterTerrorist,2480,2112,126.7755,Knife,100,100,0,0,0,False,True,False,120.2344,0
starix,CounterTerrorist,2480,2112,126.7755,Knife,100,100,0,0,0,False,True,False,120.2344,0
starix,CounterTerrorist,2480,2112,126.7755,Knife,100,100,0,0,0,False,True,False,120.2344,0
starix,CounterTerrorist,2480,2112,126.7755,Knife,100,100,0,0,0,False,True,False,120.2344,0
starix,CounterTerrorist,2480,2112,126.7755,Knife,100,100,0,0,0,False,True,False,120.2344,0
starix,CounterTerrorist,2480,2112,126.7755,Knife,100,100,0,0,0,False,True,False,120.2344,0
starix,CounterTerrorist,2480,2112,126.7755,Knife,100,100,0,0,0,False,True,False,120.2344,0
starix,CounterTerrorist,2480,2112,126.7755,Knife,100,100,0,0,0,False,True,False,120.2344,0
starix,CounterTerrorist,2480,2112,126.7755,Knife,100,100,0,0,0,False,True,False,120.2344,0
starix,CounterTerrorist,2480,2112,126.7755,Knife,100,100,0,0,0,False,True,False,120.2344,0
starix,CounterTerrorist,2480,2112,126.7755,Knife,100,100,0,0,0,False,True,False,120.2344,0
starix,CounterTerrorist,2480,2112,126.7755,Knife,100,100,0,0,0,False,True,False,120.2344,0
starix,CounterTerrorist,2480,2112,126.7755,Knife,100,100,0,0,0,False,True,False,120.2344,0
starix,CounterTerrorist,2480,2112,126.7755,Knife,100,100,0,0,0,False,True,False,120.2344,0
starix,CounterTerrorist,2480,2112,126.7755,Knife,100,100,0,0,0,False,True,False,120.2344,0
starix,CounterTerrorist,2480,2112,126.7755,Knife,100,100,0,0,0,False,True,False,120.2344,0
starix,CounterTerrorist,2480,2112,126.7755,Knife,100,100,0,0,0,False,True,False,120.2344,0
starix,CounterTerrorist,2480,2112,126.7755,Knife,100,100,0,0,0,False,True,False,120.2344,0
starix,CounterTerrorist,2480,2112,126.7755,Knife,100,100,0,0,0,False,True,False,120.2344,0
starix,CounterTerrorist,2480,2112,126.7755,Knife,100,100,0,0,0,False,True,False,120.2344,0
starix,CounterTerrorist,2480,2112,126.7755,Knife,100,100,0,0,0,False,True,False,120.2344,0
starix,CounterTerrorist,2480,2112,126.7755,Knife,100,100,0,0,0,False,True,False,120.2344,0
starix,CounterTerrorist,2480,2112,126.7755,Knife,100,100,0,0,0,False,True,False,120.2344,0
starix,CounterTerrorist,2480,2112,126.7755,Knife,100,100,0,0,0,False,True,False,120.2344,0
starix,CounterTerrorist,2480,2112,126.7755,Knife,100,100,0,0,0,False,True,False,120.2344,0
starix,CounterTerrorist,2480,2112,126.7755,Knife,100,100,0,0,0,False,True,False,120.2344,0
starix,CounterTerrorist,2480,2112,126.7755,Knife,100,100,0,0,0,False,True,False,120.2344,0
starix,CounterTerrorist,2480,2112,126.7755,Knife,100,100,0,0,0,False,True,False,120.2344,0
starix,CounterTerrorist,2480,2112,126.7755,Knife,100,100,0,0,0,False,True,False,120.2344,0
starix,CounterTerrorist,2480,2112,126.7755,Knife,100,100,0,0,0,False,True,False,120.2344,0
starix,CounterTerrorist,2480,2112,126.7755,Knife,100,100,0,0,0,False,True,False,120.2344,0
starix,CounterTerrorist,2480,2112,126.7755,Knife,100,100,0,0,0,False,True,False,120.2344,0
starix,CounterTerrorist,2480,2112,126.7755,Knife,100,100,0,0,0,False,True,False,120.2344,0
starix,CounterTerrorist,2480,2112,126.7755,Knife,100,100,0,0,0,False,True,False,120.2344,0
starix,CounterTerrorist,2480,2112,126.7755,Knife,100,100,0,0,0,False,True,False,120.2344,0
starix,CounterTerrorist,2480,2112,126.7755,Knife,100,100,0,0,0,False,True,False,120.2344,0
starix,CounterTerrorist,2480,2112,126.7755,Knife,100,100,0,0,0,False,True,False,120.2344,0
starix,CounterTerrorist,2480,2112,126.7755,Knife,100,100,0,0,0,False,True,False,120.2344,0
starix,CounterTerrorist,2480,2112,126.7755,Knife,100,100,0,0,0,False,True,False,120.2344,0
starix,CounterTerrorist,2480,2112,126.7755,Knife,100,100,0,0,0,False,True,False,120.2344,0
starix,CounterTerrorist,2480,2112,126.7755,Knife,100,100,0,0,0,False,True,False,120.2344,0
starix,CounterTerrorist,2480,2112,126.7755,Knife,100,100,0,0,0,False,True,False,120.2344,0
starix,CounterTerrorist,2480,2112,126.7755,Knife,100,100,0,0,0,False,True,False,120.2344,0
starix,CounterTerrorist,2480,2112,126.7755,Knife,100,100,0,0,0,False,True,False,120.2344,0
starix,CounterTerrorist,2480,2112,126.7755,Knife,100,100,0,0,0,False,True,False,120.2344,0
starix,CounterTerrorist,2480,2112,126.7755,Knife,100,100,0,0,0,False,True,False,120.2344,0
starix,CounterTerrorist,2480,2112,126.7755,Knife,100,100,0,0,0,False,True,False,120.2344,0
starix,CounterTerrorist,2480,2112,126.7755,Knife,100,100,0,0,0,False,True,False,120.2344,0
starix,CounterTerrorist,2480,2112,126.7755,Knife,100,100,0,0,0,False,True,False,120.2344,0
starix,CounterTerrorist,2480,2112,126.7755,Knife,100,100,0,0,0,False,True,False,120.2344,0
starix,CounterTerrorist,2480,2112,126.7755,Knife,100,100,0,0,0,False,True,False,120.2344,0
starix,CounterTerrorist,2480,2112,126.7755,Knife,100,100,0,0,0,False,True,False,120.2344,0
starix,CounterTerrorist,2480,2112,126.7755,Knife,100,100,0,0,0,False,True,False,120.2344,0
starix,CounterTerrorist,2480,2112,126.7755,Knife,100,100,0,0,0,False,True,False,120.2344,0
starix,CounterTerrorist,2480,2112,126.7755,Knife,100,100,0,0,0,False,True,False,120.2344,0
starix,CounterTerrorist,2480,2112,126.7755,Knife,100,100,0,0,0,False,True,False,120.2344,0
starix,CounterTerrorist,2480,2112,126.7755,Knife,100,100,0,0,0,False,True,False,120.2344,0
starix,CounterTerrorist,2480,2112,126.7755,Knife,100,100,0,0,0,False,True,False,120.2344,0
starix,CounterTerrorist,2480,2112,126.7755,Knife,100,100,0,0,0,False,True,False,120.2344,0
starix,CounterTerrorist,2480,2112,126.7755,Knife,100,100,0,0,0,False,True,False,120.2344,0
starix,CounterTerrorist,2480,2112,126.7755,Knife,100,100,0,0,0,False,True,False,120.2344,0
starix,CounterTerrorist,2480,2112,126.7755,Knife,100,100,0,0,0,False,True,False,120.2344,0
starix,CounterTerrorist,2480,2112,126.7755,Knife,100,100,0,0,0,False,True,False,120.2344,0
starix,CounterTerrorist,2480,2112,126.7755,Knife,100,100,0,0,0,False,True,False,120.2344,0
starix,CounterTerrorist,2480,2112,126.7755,Knife,100,100,0,0,0,False,True,False,120.2344,0
starix,CounterTerrorist,2480,2112,126.7755,Knife,100,100,0,0,0,False,True,False,120.2344,0
starix,CounterTerrorist,2480,2112,126.7755,Knife,100,100,0,0,0,False,True,False,120.2344,0
starix,CounterTerrorist,2480,2112,126.7755,Knife,100,100,0,0,0,False,True,False,120.2344,0
starix,CounterTerrorist,2480,2112,126.7755,Knife,100,100,0,0,0,False,True,False,120.2344,0
starix,CounterTerrorist,2480,2112,126.7755,Knife,100,100,0,0,0,False,True,False,120.2344,0
starix,CounterTerrorist,2480,2112,126.7755,Knife,100,100,0,0,0,False,True,False,120.2344,0
starix,CounterTerrorist,2480,2112,126.7755,Knife,100,100,0,0,0,False,True,False,120.2344,0
starix,CounterTerrorist,2480,2112,126.7755,Knife,100,100,0,0,0,False,True,False,120.2344,0
starix,CounterTerrorist,2480,2112,126.7755,Knife,100,100,0,0,0,False,True,False,120.2344,0
starix,CounterTerrorist,2480,2112,126.7755,Knife,100,100,0,0,0,False,True,False,120.2344,0
starix,CounterTerrorist,2480,2112,126.7755,Knife,100,100,0,0,0,False,True,False,120.2344,0
starix,CounterTerrorist,2480,2112,126.7755,Knife,100,100,0,0,0,False,True,False,120.2344,0
starix,CounterTerrorist,2480,2112,126.7755,Knife,100,100,0,0,0,False,True,False,120.2344,0
starix,CounterTerrorist,2480,2112,126.7755,Knife,100,100,0,0,0,False,True,False,120.2344,0
starix,CounterTerrorist,2480,2112,126.7755,Knife,100,100,0,0,0,False,True,False,120.2344,0
starix,CounterTerrorist,2480,2112,126.7755,Knife,100,100,0,0,0,False,True,False,120.2344,0
starix,CounterTerrorist,2480,2112,126.7755,Knife,100,100,0,0,0,False,True,False,120.2344,0
starix,CounterTerrorist,2480,2112,126.7755,Knife,100,100,0,0,0,False,True,False,120.2344,0
starix,CounterTerrorist,2480,2112,126.7755,Knife,100,100,0,0,0,False,True,False,120.2344,0
starix,CounterTerrorist,2480,2112,126.7755,Knife,100,100,0,0,0,False,True,False,120.2344,0
starix,CounterTerrorist,2480,2112,126.7755,Knife,100,100,0,0,0,False,True,False,120.2344,0
starix,CounterTerrorist,2480,2112,126.7755,Knife,100,100,0,0,0,False,True,False,120.2344,0
starix,CounterTerrorist,2480,2112,126.7755,Knife,100,100,0,0,0,False,True,False,120.2344,0
starix,CounterTerrorist,2480,2112,126.7755,Knife,100,100,0,0,0,False,True,False,120.2344,0
starix,CounterTerrorist,2480,2112,126.7755,Knife,100,100,0,0,0,False,True,False,120.2344,0
starix,CounterTerrorist,2480,2112,126.7755,Knife,100,100,0,0,0,False,True,False,120.2344,0
starix,CounterTerrorist,2480,2112,126.7755,Knife,100,100,0,0,0,False,True,False,120.2344,0
starix,CounterTerrorist,2480,2112,126.7755,Knife,100,100,0,0,0,False,True,False,120.2344,0
starix,CounterTerrorist,2480,2112,126.7755,Knife,100,100,0,0,0,False,True,False,120.2344,0
starix,CounterTerrorist,2480,2112,126.7755,Knife,100,100,0,0,0,False,True,False,120.2344,0
starix,CounterTerrorist,2480,2112,126.7755,Knife,100,100,0,0,0,False,True,False,120.2344,0
starix,CounterTerrorist,2480,2112,126.7755,Knife,100,100,0,0,0,False,True,False,120.2344,0
starix,CounterTerrorist,2480,2112,126.7755,Knife,100,100,0,0,0,False,True,False,120.2344,0
starix,CounterTerrorist,2480,2112,126.7755,Knife,100,100,0,0,0,False,True,False,120.2344,0
starix,CounterTerrorist,2480,2112,126.7755,Knife,100,100,0,0,0,False,True,False,120.2344,0
starix,CounterTerrorist,2480,2112,126.7755,Knife,100,100,0,0,0,False,True,False,120.2344,0
starix,CounterTerrorist,2480,2112,126.7755,Knife,100,100,0,0,0,False,True,False,120.2344,0
starix,CounterTerrorist,2480,2112,126.7755,Knife,100,100,0,0,0,False,True,False,120.2344,0
starix,CounterTerrorist,2480,2112,126.7755,Knife,100,100,0,0,0,False,True,False,120.2344,0
starix,CounterTerrorist,2480,2112,126.7755,Knife,100,100,0,0,0,False,True,False,120.2344,0
starix,CounterTerrorist,2480,2112,126.7755,Knife,100,100,0,0,0,False,True,False,120.2344,0
starix,CounterTerrorist,2480,2112,126.7755,Knife,100,100,0,0,0,False,True,False,120.2344,0
starix,CounterTerrorist,2480,2112,126.7755,Knife,100,100,0,0,0,False,True,False,120.2344,0
starix,CounterTerrorist,2480,2112,126.7755,Knife,100,100,0,0,0,False,True,False,120.2344,0
starix,CounterTerrorist,2480,2112,126.7755,Knife,100,100,0,0,0,False,True,False,120.2344,0
starix,CounterTerrorist,2480,2112,126.7755,Knife,100,100,0,0,0,False,True,False,120.2344,0
starix,CounterTerrorist,2480,2112,126.7755,Knife,100,100,0,0,0,False,True,False,120.2344,0
starix,CounterTerrorist,2480,2112,126.7755,Knife,100,100,0,0,0,False,True,False,120.2344,0
starix,CounterTerrorist,2480,2112,126.7755,Knife,100,100,0,0,0,False,True,False,120.2344,0
starix,CounterTerrorist,2480,2112,126.7755,Knife,100,100,0,0,0,False,True,False,120.2344,0
starix,CounterTerrorist,2480,2112,126.7755,Knife,100,100,0,0,0,False,True,False,120.2344,0
starix,CounterTerrorist,2480,2112,126.7755,Knife,100,100,0,0,0,False,True,False,120.2344,0
starix,CounterTerrorist,2480,2112,126.7755,Knife,100,100,0,0,0,False,True,False,120.2344,0
starix,CounterTerrorist,2480,2112,126.7755,Knife,100,100,0,0,0,False,True,False,120.2344,0
starix,CounterTerrorist,2480,2112,126.7755,Knife,100,100,0,0,0,False,True,False,120.2344,0
starix,CounterTerrorist,2480,2112,126.7755,Knife,100,100,0,0,0,False,True,False,120.2344,0
starix,CounterTerrorist,2480,2112,126.7755,Knife,100,100,0,0,0,False,True,False,120.2344,0
starix,CounterTerrorist,2480,2112,126.7755,Knife,100,100,0,0,0,False,True,False,120.2344,0
starix,CounterTerrorist,2480,2112,126.7755,Knife,100,100,0,0,0,False,True,False,120.2344,0
starix,CounterTerrorist,2480,2112,126.7755,Knife,100,100,0,0,0,False,True,False,120.2344,0
starix,CounterTerrorist,2480,2112,126.7755,Knife,100,100,0,0,0,False,True,False,120.2344,359.6484
starix,CounterTerrorist,2480,2112,126.7755,Knife,100,100,0,0,0,False,True,False,120.2344,359.6484
starix,CounterTerrorist,2480,2112,126.7755,Knife,100,100,0,0,0,False,True,False,120.2344,359.6484
starix,CounterTerrorist,2480,2112,126.7755,Knife,100,100,0,0,0,False,True,False,120.2344,359.6484
starix,CounterTerrorist,2480,2112,126.7755,Knife,100,100,0,0,0,False,True,False,120.2344,359.6484
starix,CounterTerrorist,2480,2112,126.7755,Knife,100,100,0,0,0,False,True,False,120.2344,359.6484
starix,CounterTerrorist,2480,2112,126.7755,Knife,100,100,0,0,0,False,True,False,120.2344,359.6484
starix,CounterTerrorist,2480,2112,126.7755,Knife,100,100,0,0,0,False,True,False,120.2344,359.6484
starix,CounterTerrorist,2480,2112,126.7755,Knife,100,100,0,0,0,False,True,False,120.2344,359.6484
starix,CounterTerrorist,2480,2112,126.7755,Knife,100,100,0,0,0,False,True,False,120.2344,359.6484
starix,CounterTerrorist,2480,2112,126.7755,Knife,100,100,0,0,0,False,True,False,120.2344,359.6484
starix,CounterTerrorist,2480,2112,126.7755,Knife,100,100,0,0,0,False,True,False,120.2344,359.6484
starix,CounterTerrorist,2480,2112,126.7755,Knife,100,100,0,0,0,False,True,False,120.2344,359.6484
starix,CounterTerrorist,2480,2112,126.7755,Knife,100,100,0,0,0,False,True,False,120.2344,359.6484
starix,CounterTerrorist,2480,2112,126.7755,Knife,100,100,0,0,0,False,True,False,120.2344,359.6484
starix,CounterTerrorist,2480,2112,126.7755,Knife,100,100,0,0,0,False,True,False,120.2344,359.6484
starix,CounterTerrorist,2480,2112,126.7755,Knife,100,100,0,0,0,False,True,False,120.2344,359.6484
starix,CounterTerrorist,2480,2112,126.7755,Knife,100,100,0,0,0,False,True,False,120.2344,359.6484
starix,CounterTerrorist,2480,2112,126.7755,Knife,100,100,0,0,0,False,True,False,120.2344,359.6484
starix,CounterTerrorist,2480,2112,126.7755,Knife,100,100,0,0,0,False,True,False,120.2344,359.6484
starix,CounterTerrorist,2480,2112,126.7755,Knife,100,100,0,0,0,False,True,False,120.2344,359.6484
starix,CounterTerrorist,2480,2112,126.7755,Knife,100,100,0,0,0,False,True,False,120.2344,359.6484
starix,CounterTerrorist,2480,2112,126.7755,Knife,100,100,0,0,0,False,True,False,120.2344,359.6484
starix,CounterTerrorist,2480,2112,126.7755,Knife,100,100,0,0,0,False,True,False,120.2344,359.6484
starix,CounterTerrorist,2480,2112,126.7755,Knife,100,100,0,0,0,False,True,False,120.2344,359.6484
starix,CounterTerrorist,2480,2112,126.7755,Knife,100,100,0,0,0,False,True,False,120.2344,359.6484
starix,CounterTerrorist,2480,2112,126.7755,Knife,100,100,0,0,0,False,True,False,120.2344,359.6484
starix,CounterTerrorist,2480,2112,126.7755,Knife,100,100,0,0,0,False,True,False,120.2344,359.6484
starix,CounterTerrorist,2480,2112,126.7755,Knife,100,100,0,0,0,False,True,False,120.2344,359.6484
starix,CounterTerrorist,2480,2112,126.7755,Knife,100,100,0,0,0,False,True,False,120.2344,359.6484
starix,CounterTerrorist,2480,2112,126.7755,Knife,100,100,0,0,0,False,True,False,120.2344,359.6484
starix,CounterTerrorist,2480,2112,126.7755,Knife,100,100,0,0,0,False,True,False,120.2344,359.6484
starix,CounterTerrorist,2480,2112,126.7755,Knife,100,100,0,0,0,False,True,False,120.2344,359.6484
starix,CounterTerrorist,2480,2112,126.7755,Knife,100,100,0,0,0,False,True,False,120.2344,359.6484
starix,CounterTerrorist,2480,2112,126.7755,Knife,100,100,0,0,0,False,True,False,120.2344,359.6484
starix,CounterTerrorist,2480,2112,126.7755,Knife,100,100,0,0,0,False,True,False,120.2344,359.6484
starix,CounterTerrorist,2480,2112,126.7755,Knife,100,100,0,0,0,False,True,False,120.2344,359.6484
starix,CounterTerrorist,2480,2112,126.7755,Knife,100,100,0,0,0,False,True,False,120.2344,359.6484
starix,CounterTerrorist,2480,2112,126.7755,Knife,100,100,0,0,0,False,True,False,120.2344,359.6484
starix,CounterTerrorist,2480,2112,126.7755,Knife,100,100,0,0,0,False,True,False,120.2344,359.6484
starix,CounterTerrorist,2480,2112,126.7755,Knife,100,100,0,0,0,False,True,False,120.2344,359.6484
starix,CounterTerrorist,2480,2112,126.7755,Knife,100,100,0,0,0,False,True,False,120.2344,359.6484
starix,CounterTerrorist,2480,2112,126.7755,Knife,100,100,0,0,0,False,True,False,120.2344,359.6484
starix,CounterTerrorist,2480,2112,126.7755,Knife,100,100,0,0,0,False,True,False,120.2344,359.6484
starix,CounterTerrorist,2480,2112,126.7755,Knife,100,100,0,0,0,False,True,False,120.2344,359.6484
starix,CounterTerrorist,2480,2112,126.7755,Knife,100,100,0,0,0,False,True,False,120.2344,359.6484
starix,CounterTerrorist,2480,2112,126.7755,Knife,100,100,0,0,0,False,True,False,120.2344,359.6484
starix,CounterTerrorist,2480,2112,126.7755,Knife,100,100,0,0,0,False,True,False,120.2344,359.6484
starix,CounterTerrorist,2480,2112,126.7755,Knife,100,100,0,0,0,False,True,False,120.2344,359.6484
starix,CounterTerrorist,2480,2112,126.7755,Knife,100,100,0,0,0,False,True,False,120.2344,359.6484
starix,CounterTerrorist,2480,2112,126.7755,Knife,100,100,0,0,0,False,True,False,120.2344,359.6484
starix,CounterTerrorist,2480,2112,126.7755,Knife,100,100,0,0,0,False,True,False,120.2344,359.6484
starix,CounterTerrorist,2480,2112,126.7755,Knife,100,100,0,0,0,False,True,False,120.2344,359.6484
starix,CounterTerrorist,2480,2112,126.7755,Knife,100,100,0,0,0,False,True,False,120.2344,359.6484
starix,CounterTerrorist,2480,2112,126.7755,Knife,100,100,0,0,0,False,True,False,120.2344,359.6484
starix,CounterTerrorist,2480,2112,126.7755,Knife,100,100,0,0,0,False,True,False,120.2344,359.6484
starix,CounterTerrorist,2480,2112,126.7755,Knife,100,100,0,0,0,False,True,False,120.2344,359.6484
starix,CounterTerrorist,2480,2112,126.7755,Knife,100,100,0,0,0,False,True,False,120.2344,359.6484
starix,CounterTerrorist,2480,2112,126.7755,Knife,100,100,0,0,0,False,True,False,120.2344,359.6484
starix,CounterTerrorist,2480,2112,126.7755,Knife,100,100,0,0,0,False,True,False,120.2344,359.6484
starix,CounterTerrorist,2480,2112,126.7755,Knife,100,100,0,0,0,False,True,False,120.2344,359.6484
starix,CounterTerrorist,2480,2112,126.7755,Knife,100,100,0,0,0,False,True,False,120.2344,359.6484
starix,CounterTerrorist,2480,2112,126.7755,Knife,100,100,0,0,0,False,True,False,120.2344,359.6484
starix,CounterTerrorist,2480,2112,126.7755,Knife,100,100,0,0,0,False,True,False,120.2344,359.6484
starix,CounterTerrorist,2480,2112,126.7755,Knife,100,100,0,0,0,False,True,False,120.2344,359.6484
starix,CounterTerrorist,2480,2112,126.7755,Knife,100,100,0,0,0,False,True,False,120.2344,359.6484
starix,CounterTerrorist,2480,2112,126.7755,Knife,100,100,0,0,0,False,True,False,120.2344,359.6484
starix,CounterTerrorist,2480,2112,126.7755,Knife,100,100,0,0,0,False,True,False,120.2344,359.6484
starix,CounterTerrorist,2480,2112,126.7755,Knife,100,100,0,0,0,False,True,False,120.2344,359.6484
starix,CounterTerrorist,2480,2112,126.7755,Knife,100,100,0,0,0,False,True,False,120.2344,359.6484
starix,CounterTerrorist,2480,2112,126.7755,Knife,100,100,0,0,0,False,True,False,120.2344,359.6484
starix,CounterTerrorist,2480,2112,126.7755,Knife,100,100,0,0,0,False,True,False,120.2344,359.6484
starix,CounterTerrorist,2480,2112,126.7755,Knife,100,100,0,0,0,False,True,False,120.2344,359.6484
starix,CounterTerrorist,2480,2112,126.7755,Knife,100,100,0,0,0,False,True,False,120.2344,359.6484
starix,CounterTerrorist,2480,2112,126.7755,Knife,100,100,0,0,0,False,True,False,120.2344,359.6484
starix,CounterTerrorist,2480,2112,126.7755,Knife,100,100,0,0,0,False,True,False,120.2344,359.6484
starix,CounterTerrorist,2480,2112,126.7755,Knife,100,100,0,0,0,False,True,False,120.2344,359.6484
starix,CounterTerrorist,2480,2112,126.7755,Knife,100,100,0,0,0,False,True,False,120.2344,359.6484
starix,CounterTerrorist,2480,2112,126.7755,Knife,100,100,0,0,0,False,True,False,120.2344,359.6484
starix,CounterTerrorist,2480,2112,126.7755,Knife,100,100,0,0,0,False,True,False,120.2344,359.6484
starix,CounterTerrorist,2480,2112,126.7755,Knife,100,100,0,0,0,False,True,False,120.2344,359.6484
starix,CounterTerrorist,2480,2112,126.7755,Knife,100,100,0,0,0,False,True,False,120.2344,359.6484
starix,CounterTerrorist,2480,2112,126.7755,Knife,100,100,0,0,0,False,True,False,120.2344,359.6484
starix,CounterTerrorist,2480,2112,126.7755,Knife,100,100,0,0,0,False,True,False,120.2344,359.6484
starix,CounterTerrorist,2480.267,2113.028,126.7942,Knife,100,100,10.93523,42.03852,0,False,True,False,120.2344,359.6484
starix,CounterTerrorist,2480.934,2115.591,126.8407,Knife,100,100,21.15356,81.32108,0,False,True,False,120.2344,359.6484
starix,CounterTerrorist,2481.787,2119.581,126.8926,Knife,100,100,13.9748,114.0142,0,False,True,False,120.2344,359.6484
starix,CounterTerrorist,2481.657,2124.609,127.0164,Knife,100,100,-14.14538,137.9336,0,False,True,False,120.2344,359.6484
starix,CounterTerrorist,2480.546,2130.472,127.0385,Knife,100,100,-37.37391,157.692,0,False,True,False,120.2344,0
starix,CounterTerrorist,2478.626,2137.025,126.9701,Knife,100,100,-56.52475,174.0351,0,False,True,False,120.2344,0
starix,CounterTerrorist,2476.051,2144.126,126.8649,HE,100,100,-71.82292,186.6645,0,False,True,False,120.2344,0
starix,CounterTerrorist,2472.941,2151.668,126.7294,HE,100,100,-84.45989,197.0969,0,False,True,False,120.2344,0
starix,CounterTerrorist,2469.391,2159.575,126.5692,HE,100,100,-94.8986,205.7146,0,False,True,False,120.2344,0
starix,CounterTerrorist,2465.477,2167.782,126.3883,HE,100,100,-103.5214,212.8332,0,False,True,False,120.2344,0
starix,CounterTerrorist,2461.262,2176.236,126.1818,HE,100,100,-110.5957,218.6174,0,False,True,False,120.2344,0
starix,CounterTerrorist,2456.884,2184.746,125.9018,HE,100,100,-113.0142,217.3771,0,False,True,False,120.2344,0
starix,CounterTerrorist,2452.422,2193.212,125.6165,HE,100,100,-114.9638,216.3523,0,False,True,False,120.2344,0
starix,CounterTerrorist,2447.894,2201.643,125.3268,HE,100,100,-116.5465,215.5038,0,False,True,False,120.2344,0
starix,CounterTerrorist,2443.31,2210.044,125.0109,HE,100,100,-117.8379,214.8004,0,False,True,False,120.2344,0
starix,CounterTerrorist,2438.682,2218.421,124.6727,HE,100,100,-118.8951,214.2171,0,False,True,False,120.2344,0
starix,CounterTerrorist,2434.017,2226.777,124.4437,HE,100,100,-119.7626,213.7333,0,False,True,False,120.2344,0
starix,CounterTerrorist,2429.301,2235.151,124.2394,Knife,100,100,-122.2096,216.2939,0,False,True,False,120.2344,0
starix,CounterTerrorist,2424.482,2243.645,124.0304,Knife,100,100,-123.5895,217.3146,0,False,True,False,120.2344,0
starix,CounterTerrorist,2419.634,2252.122,123.8197,Knife,100,100,-124.5975,216.7382,0,False,True,False,121.6406,359.6484
starix,CounterTerrorist,2414.725,2260.564,123.6058,Knife,100,100,-126.5426,215.6084,0,False,True,False,123.75,359.6484
starix,CounterTerrorist,2409.699,2268.937,123.4872,Knife,100,100,-130.4129,213.2896,0,False,True,False,127.2656,359.6484
starix,CounterTerrorist,2404.474,2277.187,123.4872,Knife,100,100,-136.0276,209.7534,0,False,True,False,129.7266,359.6484
starix,CounterTerrorist,2399.042,2285.302,123.4559,Knife,100,100,-140.865,206.5358,0,False,True,False,129.7266,359.6484
starix,CounterTerrorist,2393.45,2293.308,123.4234,Knife,100,100,-144.5524,203.9721,0,False,True,False,129.7266,359.6484
starix,CounterTerrorist,2387.734,2301.226,123.3902,Knife,100,100,-147.431,201.9012,0,False,True,False,129.7266,359.6484
starix,CounterTerrorist,2381.92,2309.072,123.3318,Knife,100,100,-149.7172,200.2118,0,False,True,False,129.7266,359.6484
starix,CounterTerrorist,2376.027,2316.86,123.2618,Knife,100,100,-151.5539,198.8251,0,False,True,False,129.7266,359.6484
starix,CounterTerrorist,2370.071,2324.599,123.1917,Knife,100,100,-153.0412,197.6826,0,False,True,False,129.7266,359.6484
starix,CounterTerrorist,2364.063,2332.298,123.1214,Knife,100,100,-154.252,196.7392,0,False,True,False,129.7266,359.6484
starix,CounterTerrorist,2358.014,2339.965,123.051,Knife,100,100,-155.2417,195.9592,0,False,True,False,129.7266,359.6484
starix,CounterTerrorist,2351.93,2347.604,122.7383,Knife,100,100,-156.0528,195.3139,0,False,True,False,129.7266,359.6484
starix,CounterTerrorist,2345.816,2355.219,122.3311,Knife,100,100,-156.8928,194.6398,0,False,True,False,130.4297,359.6484
starix,CounterTerrorist,2339.652,2362.792,121.9231,Knife,100,100,-158.537,193.3029,0,False,True,False,132.1875,0
starix,CounterTerrorist,2333.41,2370.303,121.5138,Knife,100,100,-160.6324,191.5652,0,False,True,False,132.8906,0.703125
starix,CounterTerrorist,2327.089,2377.747,121.3443,Knife,100,100,-162.5876,189.9086,0,False,True,False,133.2422,1.054688
starix,CounterTerrorist,2320.696,2385.129,121.2219,Knife,100,100,-164.3445,188.3903,0,False,True,False,133.5938,1.054688
starix,CounterTerrorist,2314.241,2392.457,121.1013,Knife,100,100,-165.7918,187.1179,0,False,True,False,133.5938,1.054688
starix,CounterTerrorist,2307.738,2399.742,121.6674,Knife,100,100,-166.9411,186.0932,0,False,True,False,133.5938,1.054688
starix,CounterTerrorist,2301.194,2406.991,122.2343,Knife,100,100,-167.8799,185.2467,0,False,True,False,133.5938,1.054688
starix,CounterTerrorist,2294.617,2414.21,122.7903,Knife,100,100,-168.6488,184.547,0,False,True,False,133.5938,1.054688
starix,CounterTerrorist,2288.015,2421.405,123.1825,Knife,100,100,-169.2799,183.9682,0,False,True,False,133.5938,1.054688
starix,CounterTerrorist,2281.39,2428.58,123.5738,Knife,100,100,-169.7987,183.4895,0,False,True,False,133.5938,1.054688
starix,CounterTerrorist,2274.747,2435.738,123.9643,Knife,100,100,-170.2257,183.0935,0,False,True,False,133.5938,1.054688
starix,CounterTerrorist,2268.089,2442.882,124.3427,Knife,100,100,-170.5774,182.7659,0,False,True,False,133.5938,1.054688
starix,CounterTerrorist,2261.419,2450.015,124.7124,Knife,100,100,-170.8672,182.4949,0,False,True,False,133.5938,1.054688
starix,CounterTerrorist,2254.739,2457.138,125.0817,Knife,100,100,-171.1062,182.2708,0,False,True,False,133.5938,1.054688
starix,CounterTerrorist,2248.05,2464.254,125.4505,Knife,100,100,-171.3033,182.0856,0,False,True,False,133.5938,1.054688
starix,CounterTerrorist,2241.354,2471.363,125.819,Knife,100,100,-171.4589,181.9391,0,False,True,False,133.5938,1.054688
starix,CounterTerrorist,2234.655,2478.468,126.1782,Knife,100,100,-171.5616,181.8423,0,False,True,False,133.5938,1.054688
starix,CounterTerrorist,2227.951,2485.569,126.535,Knife,100,100,-171.6464,181.7623,0,False,True,False,133.5938,1.054688
starix,CounterTerrorist,2221.244,2492.667,127.0918,Knife,100,100,-171.7164,181.6961,0,False,True,False,133.5938,1.054688
starix,CounterTerrorist,2214.535,2499.764,127.85,Knife,100,100,-171.7742,181.6415,0,False,True,False,133.5938,1.054688
starix,CounterTerrorist,2207.825,2506.859,128.5829,Knife,100,100,-171.7753,181.6404,0,False,True,False,133.2422,1.40625
starix,CounterTerrorist,2201.115,2513.955,129.316,Knife,100,100,-171.7573,181.6574,0,False,True,False,133.2422,1.40625
starix,CounterTerrorist,2194.406,2521.051,129.4783,Knife,100,100,-171.7425,181.6715,0,False,True,False,133.2422,1.40625
starix,CounterTerrorist,2187.698,2528.148,128.7373,Knife,100,100,-171.7302,181.6831,0,False,True,False,133.2422,1.40625
starix,CounterTerrorist,2180.99,2535.245,128.0486,Knife,100,100,-171.72,181.6926,0,False,True,False,133.2422,1.40625
starix,CounterTerrorist,2174.282,2542.342,127.6561,Knife,100,100,-171.7117,181.7005,0,False,True,False,133.2422,1.40625
starix,CounterTerrorist,2167.574,2549.44,127.2637,Knife,100,100,-171.7047,181.7071,0,False,True,False,133.2422,1.40625
starix,CounterTerrorist,2160.868,2556.539,126.8714,Knife,100,100,-171.699,181.7125,0,False,True,False,133.2422,1.40625
starix,CounterTerrorist,2154.161,2563.637,126.479,Knife,100,100,-171.6943,181.7169,0,False,True,False,133.2422,1.40625
starix,CounterTerrorist,2147.454,2570.735,126.0866,Knife,100,100,-171.7381,181.6756,0,False,True,False,133.5938,1.40625
starix,CounterTerrorist,2140.74,2577.827,125.6934,Knife,100,100,-172.0142,181.4142,0,False,True,False,134.2969,1.40625
starix,CounterTerrorist,2134.008,2584.901,125.6415,Knife,100,100,-172.5684,180.8871,0,False,True,False,134.6484,1.757813
starix,CounterTerrorist,2127.226,2591.925,125.1197,Knife,100,100,-173.8611,179.645,0,False,True,False,135,1.757813
starix,CounterTerrorist,2120.422,2598.93,125.7028,Knife,100,100,-174.4184,179.104,0,False,True,False,135,1.757813
starix,CounterTerrorist,2113.595,2605.913,126.393,Knife,100,100,-175.0137,178.5223,0,False,True,False,135.3516,1.757813
starix,CounterTerrorist,2106.743,2612.871,126.6565,Knife,100,100,-175.6854,177.8613,0,False,True,False,135.7031,2.109375
starix,CounterTerrorist,2099.861,2619.8,126.9212,Knife,100,100,-176.5517,177.0014,0,False,True,False,136.4063,2.109375
starix,CounterTerrorist,2092.935,2626.684,127.1876,Knife,100,100,-177.878,175.6685,0,False,True,False,137.8125,2.109375
starix,CounterTerrorist,2085.944,2633.502,127.3902,Knife,100,100,-179.8031,173.6975,0,False,True,False,139.5703,2.460938
starix,CounterTerrorist,2078.865,2640.229,127.5755,Knife,100,100,-182.2239,171.1562,0,False,True,False,140.9766,2.460938
starix,CounterTerrorist,2071.683,2646.847,127.625,Knife,100,100,-184.9531,168.2033,0,False,True,False,142.0313,2.460938
starix,CounterTerrorist,2064.394,2653.345,127.7003,Knife,100,100,-187.7077,165.1236,0,False,True,False,143.0859,2.460938
starix,CounterTerrorist,2056.994,2659.719,127.7475,Knife,100,100,-190.5844,161.7949,0,False,True,False,144.4922,2.8125
starix,CounterTerrorist,2049.474,2665.948,127.722,Knife,100,100,-193.886,157.8234,0,False,True,False,146.6016,2.8125
starix,CounterTerrorist,2041.812,2672.003,127.3424,Knife,100,100,-197.7066,153.0101,0,False,True,False,148.7109,3.164063
starix,CounterTerrorist,2033.992,2677.851,127.1249,Knife,100,100,-201.8869,147.4506,0,False,True,False,151.1719,3.164063
starix,CounterTerrorist,2026.001,2683.464,126.91,Knife,100,100,-206.4318,141.0174,0,False,True,False,153.9844,3.515625
starix,CounterTerrorist,2017.818,2688.792,126.7347,Knife,100,100,-211.6247,133.0976,0,False,True,False,158.2031,3.867188
starix,CounterTerrorist,2009.415,2693.766,126.6226,Knife,100,100,-217.5618,123.1539,0,False,True,False,163.125,3.515625
starix,CounterTerrorist,2000.768,2698.303,126.4333,Knife,100,100,-223.8582,111.2991,0,False,True,False,167.3438,3.515625
starix,CounterTerrorist,1991.893,2702.376,126.0689,Knife,100,100,-229.1961,99.84552,0,False,True,False,168.0469,3.164063
starix,CounterTerrorist,1982.845,2706.05,125.9109,Knife,100,100,-233.0751,90.42117,0,False,True,False,168.0469,3.164063
starix,CounterTerrorist,1973.672,2709.397,125.7947,Knife,100,100,-235.9099,82.74373,0,False,True,False,168.0469,3.164063
starix,CounterTerrorist,1964.406,2712.479,126.127,Knife,100,100,-237.9983,76.52975,0,False,True,False,168.0469,3.164063
starix,CounterTerrorist,1955.072,2715.351,126.027,Knife,100,100,-239.5062,71.67138,0,False,True,False,168.0469,3.164063
starix,CounterTerrorist,1945.69,2718.058,125.9118,Knife,100,100,-240.6156,67.85387,0,False,True,False,168.0469,3.164063
starix,CounterTerrorist,1936.27,2720.635,125.8021,Knife,100,100,-241.4555,64.80165,0,False,True,False,168.0469,3.164063
starix,CounterTerrorist,1926.823,2723.107,124.5694,Knife,100,100,-242.1043,62.33379,0,False,True,False,168.0469,3.164063
starix,CounterTerrorist,1917.353,2725.494,122.9397,Knife,100,100,-242.613,60.32375,0,False,True,False,168.0469,3.164063
starix,CounterTerrorist,1907.867,2727.811,122.259,Knife,100,100,-243.0161,58.67866,0,False,True,False,168.0469,3.164063
starix,CounterTerrorist,1898.366,2730.07,122.0778,Knife,100,100,-243.3382,57.32795,0,False,True,False,168.0469,3.164063
starix,CounterTerrorist,1888.853,2732.278,121.897,Knife,100,100,-243.6703,55.89957,0,False,True,False,169.1016,3.164063
starix,CounterTerrorist,1879.326,2734.424,121.717,Knife,100,100,-244.0175,54.36412,0,False,True,False,169.1016,3.164063
starix,CounterTerrorist,1869.788,2736.518,121.5594,Knife,100,100,-244.2952,53.10245,0,False,True,False,169.1016,3.164063
starix,CounterTerrorist,1860.239,2738.567,122.2662,Knife,100,100,-244.5186,52.06382,0,False,True,False,169.1016,3.515625
starix,CounterTerrorist,1850.683,2740.577,122.9744,Knife,100,100,-244.7383,51.02119,0,False,True,False,169.8047,3.164063
starix,CounterTerrorist,1841.117,2742.542,123.6425,Knife,100,100,-244.9829,49.83349,0,False,True,False,169.8047,3.164063
starix,CounterTerrorist,1831.541,2744.457,124.2213,Knife,100,100,-245.2753,48.37412,0,False,True,False,170.8594,3.164063
starix,CounterTerrorist,1821.951,2746.3,124.8033,Knife,100,100,-245.676,46.29581,0,False,True,False,171.9141,3.164063
starix,CounterTerrorist,1812.344,2748.054,125.3891,Knife,100,100,-246.0875,44.05624,0,False,True,False,172.2656,3.164063
starix,CounterTerrorist,1802.724,2749.731,125.924,Knife,100,100,-246.4108,42.21066,0,False,True,False,172.2656,3.164063
starix,CounterTerrorist,1793.092,2751.343,126.1079,Knife,100,100,-246.6651,40.69828,0,False,True,False,172.2656,3.164063
starix,CounterTerrorist,1783.452,2752.904,126.2936,Knife,100,100,-246.8669,39.4556,0,False,True,False,172.2656,3.164063
starix,CounterTerrorist,1773.804,2754.42,126.4807,Knife,100,100,-247.0282,38.43266,0,False,True,False,172.2656,3.164063
starix,CounterTerrorist,1764.151,2755.9,126.6692,Knife,100,100,-247.1749,37.47778,0,False,True,False,172.6172,3.164063
starix,CounterTerrorist,1754.492,2757.335,127.1627,Knife,100,100,-247.3632,36.21376,0,False,True,False,173.3203,3.164063
starix,CounterTerrorist,1744.824,2758.714,128.1891,Knife,100,100,-247.5815,34.69007,0,False,True,False,174.0234,3.164063
starix,CounterTerrorist,1735.148,2760.031,129.002,Knife,100,100,-247.8067,33.04269,0,False,True,False,174.375,3.164063
starix,CounterTerrorist,1725.463,2761.284,129.4634,Knife,100,100,-248.0158,31.43509,0,False,True,False,174.7266,3.164063
starix,CounterTerrorist,1715.77,2762.476,129.4634,Knife,100,100,-248.2043,29.91006,0,False,True,False,175.0781,3.164063
starix,CounterTerrorist,1706.07,2763.604,129.481,Knife,100,100,-248.4103,28.14834,0,False,True,False,175.7813,3.164063
starix,CounterTerrorist,1696.361,2764.652,129.5196,Knife,100,100,-248.6585,25.86437,0,False,True,False,176.8359,2.8125
starix,CounterTerrorist,1686.642,2765.6,129.5757,Knife,100,100,-248.9222,23.18872,0,False,True,False,177.8906,2.8125
starix,CounterTerrorist,1676.912,2766.436,129.5837,Knife,100,100,-249.1831,20.19346,0,False,True,False,178.5938,2.8125
starix,CounterTerrorist,1667.173,2767.158,129.4841,Knife,100,100,-249.3941,17.39418,0,False,True,False,178.9453,2.8125
starix,CounterTerrorist,1657.427,2767.782,129.3998,Knife,100,100,-249.5448,15.07923,0,False,True,False,178.9453,2.8125
starix,CounterTerrorist,1647.677,2768.325,129.328,Knife,100,100,-249.6517,13.19217,0,False,True,False,178.9453,2.8125
starix,CounterTerrorist,1637.923,2768.801,129.2667,Knife,100,100,-249.7352,11.50218,0,False,True,False,179.2969,2.8125
starix,CounterTerrorist,1628.166,2769.209,129.2159,Knife,100,100,-249.8098,9.749966,0,False,True,False,179.6484,2.8125
starix,CounterTerrorist,1618.406,2769.552,129.1755,Knife,100,100,-249.868,8.124421,0,False,True,False,180,2.8125
starix,CounterTerrorist,1608.645,2769.837,129.1438,Knife,100,100,-249.9078,6.79073,0,False,True,False,180,2.8125
starix,CounterTerrorist,1598.882,2770.075,129.1194,Knife,100,100,-249.9352,5.694108,0,False,True,False,180,2.8125
starix,CounterTerrorist,1589.314,2770.276,129.0959,HE,100,100,-244.9534,4.780457,0,False,True,False,180,2.8125
starix,CounterTerrorist,1579.745,2770.445,129.0699,HE,100,100,-244.9668,4.036055,0,False,True,False,180,2.8125
starix,CounterTerrorist,1570.176,2770.588,129.0478,HE,100,100,-244.9761,3.422074,0,False,True,False,180,2.8125
starix,CounterTerrorist,1560.606,2770.709,129.0292,HE,100,100,-244.9827,2.915421,0,False,True,False,180,2.8125
starix,CounterTerrorist,1551.036,2770.813,128.9398,HE,100,100,-244.9873,2.497196,0,False,True,False,180,2.8125
starix,CounterTerrorist,1541.309,2770.902,128.9136,Knife,100,100,-249.9906,2.162466,0,False,True,False,180,2.8125
starix,CounterTerrorist,1531.544,2770.98,128.9136,Knife,100,100,-249.993,1.877306,0,False,True,False,180,2.8125
starix,CounterTerrorist,1521.778,2771.047,128.9136,Knife,100,100,-249.9947,1.622708,0,False,True,False,180,2.8125
starix,CounterTerrorist,1512.012,2771.105,128.9136,Knife,100,100,-249.9963,1.367309,0,False,True,False,180,2.8125
starix,CounterTerrorist,1502.247,2771.153,128.9301,Knife,100,100,-249.9975,1.130344,0,False,True,False,180,2.8125
starix,CounterTerrorist,1492.481,2771.188,128.9301,Knife,100,100,-249.9991,0.6717318,0,False,True,False,180.7031,2.8125
starix,CounterTerrorist,1482.715,2771.188,128.9301,Knife,100,100,-249.9994,-0.5298097,0,False,True,False,181.7578,2.8125
starix,CounterTerrorist,1472.95,2771.129,128.9462,Knife,100,100,-249.9904,-2.189737,0,False,True,False,182.4609,2.8125
starix,CounterTerrorist,1463.185,2771.006,128.9621,Knife,100,100,-249.9716,-3.765896,0,False,True,False,182.4609,2.8125
starix,CounterTerrorist,1453.421,2770.828,128.9785,Knife,100,100,-249.9488,-5.059242,0,False,True,False,182.4609,2.8125
starix,CounterTerrorist,1443.658,2770.605,129.0171,Knife,100,100,-249.925,-6.122744,0,False,True,False,182.4609,2.8125
starix,CounterTerrorist,1433.896,2770.344,129.0585,Knife,100,100,-249.902,-6.998498,0,False,True,False,182.4609,2.8125
starix,CounterTerrorist,1424.135,2770.054,129.0975,Knife,100,100,-249.8808,-7.720349,0,False,True,False,182.4609,2.8125
starix,CounterTerrorist,1414.374,2769.738,129.1311,Knife,100,100,-249.8617,-8.315742,0,False,True,False,182.4609,2.8125
starix,CounterTerrorist,1404.614,2769.4,129.1851,Knife,100,100,-249.8432,-8.853684,0,False,True,False,182.8125,2.8125
starix,CounterTerrorist,1394.855,2769.04,129.2235,Knife,100,100,-249.8202,-9.480795,0,False,True,False,182.8125,2.8125
starix,CounterTerrorist,1385.098,2768.654,129.2852,Knife,100,100,-249.7932,-10.16757,0,False,True,False,183.1641,2.8125
starix,CounterTerrorist,1375.341,2768.243,129.3291,Knife,100,100,-249.7691,-10.74247,0,False,True,False,183.1641,2.8125
starix,CounterTerrorist,1365.584,2767.812,129.299,Knife,100,100,-249.7482,-11.21689,0,False,True,False,183.1641,2.8125
starix,CounterTerrorist,1355.829,2767.365,129.1984,Knife,100,100,-249.7303,-11.60851,0,False,True,False,183.1641,2.8125
starix,CounterTerrorist,1346.074,2766.903,129.114,Knife,100,100,-249.7151,-11.93186,0,False,True,False,183.1641,2.8125
starix,CounterTerrorist,1336.32,2766.431,129.1508,Knife,100,100,-249.7022,-12.19887,0,False,True,False,183.1641,2.8125
starix,CounterTerrorist,1326.566,2765.949,129.2071,Knife,100,100,-249.6913,-12.41937,0,False,True,False,183.1641,2.8125
starix,CounterTerrorist,1316.813,2765.459,129.2452,Knife,100,100,-249.6822,-12.60149,0,False,True,False,183.1641,2.8125
starix,CounterTerrorist,1307.06,2764.964,129.3032,Knife,100,100,-249.6746,-12.75191,0,False,True,False,183.1641,2.8125
starix,CounterTerrorist,1297.307,2764.463,129.3423,Knife,100,100,-249.6682,-12.87615,0,False,True,False,183.1641,2.8125
starix,CounterTerrorist,1287.555,2763.957,129.4454,Knife,100,100,-249.6629,-12.97877,0,False,True,False,183.1641,2.8125
starix,CounterTerrorist,1277.802,2763.448,129.5458,Knife,100,100,-249.6585,-13.06354,0,False,True,False,183.1641,2.8125
starix,CounterTerrorist,1268.05,2762.936,129.6466,Knife,100,100,-249.6548,-13.13355,0,False,True,False,183.1641,2.8125
starix,CounterTerrorist,1258.298,2762.422,129.7475,Knife,100,100,-249.6517,-13.19139,0,False,True,False,183.1641,2.8125
starix,CounterTerrorist,1248.546,2761.906,129.8487,Knife,100,100,-249.6492,-13.23917,0,False,True,False,183.1641,2.8125
starix,CounterTerrorist,1238.794,2761.387,129.9501,Knife,100,100,-249.6471,-13.27863,0,False,True,False,183.1641,2.8125
starix,CounterTerrorist,1229.043,2760.868,130.0515,Knife,100,100,-249.6454,-13.31123,0,False,True,False,183.1641,2.8125
starix,CounterTerrorist,1219.291,2760.345,130.1329,Knife,100,100,-249.6359,-13.48711,0,False,True,False,183.5156,2.8125
starix,CounterTerrorist,1209.54,2759.808,130.1953,Knife,100,100,-249.6107,-13.94553,0,False,True,False,183.8672,2.8125
starix,CounterTerrorist,1199.79,2759.253,130.2357,Knife,100,100,-249.5874,-14.35765,0,False,True,False,183.8672,2.8125
starix,CounterTerrorist,1190.041,2758.684,130.2771,Knife,100,100,-249.5676,-14.6979,0,False,True,False,183.8672,2.8125
starix,CounterTerrorist,1180.293,2758.104,130.2365,Knife,100,100,-249.5509,-14.97885,0,False,True,False,183.8672,2.8125
starix,CounterTerrorist,1170.545,2757.513,130.1818,Knife,100,100,-249.5368,-15.21087,0,False,True,False,183.8672,2.8125
starix,CounterTerrorist,1160.798,2756.914,130.1278,Knife,100,100,-249.5251,-15.40248,0,False,True,False,183.8672,2.8125
starix,CounterTerrorist,1151.051,2756.309,130.1089,Knife,100,100,-249.5153,-15.56075,0,False,True,False,183.8672,2.8125
starix,CounterTerrorist,1141.305,2755.697,130.1969,Knife,100,100,-249.5052,-15.72021,0,False,True,False,183.8672,2.8125
starix,CounterTerrorist,1131.559,2755.071,130.2859,Knife,100,100,-249.4659,-16.33299,0,False,True,False,184.9219,2.8125
starix,CounterTerrorist,1121.817,2754.397,130.3777,Knife,100,100,-249.3501,-18.01414,0,False,True,False,186.6797,2.8125
starix,CounterTerrorist,1112.081,2753.634,130.4749,Knife,100,100,-249.1474,-20.62942,0,False,True,False,187.7344,2.8125
starix,CounterTerrorist,1102.354,2752.765,130.5957,Knife,100,100,-248.9163,-23.25261,0,False,True,False,188.0859,2.8125
starix,CounterTerrorist,1092.636,2751.804,130.8061,Knife,100,100,-248.7005,-25.45686,0,False,True,False,188.0859,2.8125
starix,CounterTerrorist,1082.926,2750.762,131.0214,Knife,100,100,-248.4837,-27.49225,0,False,True,False,188.4375,2.8125
starix,CounterTerrorist,1073.225,2749.644,131.2411,Knife,100,100,-248.2771,-29.29962,0,False,True,False,188.789,2.8125
starix,CounterTerrorist,1063.531,2748.464,131.4646,Knife,100,100,-248.0981,-30.77855,0,False,True,False,188.789,2.8125
starix,CounterTerrorist,1053.843,2747.233,131.691,Knife,100,100,-247.9445,-31.99224,0,False,True,False,188.789,2.8125
starix,CounterTerrorist,1044.161,2745.959,131.9129,Knife,100,100,-247.8137,-32.99022,0,False,True,False,188.789,2.8125
starix,CounterTerrorist,1034.484,2744.65,132.0855,Knife,100,100,-247.703,-33.81196,0,False,True,False,188.789,2.8125
starix,CounterTerrorist,1024.81,2743.313,132.2597,Knife,100,100,-247.6082,-34.4989,0,False,True,False,188.789,2.8125
starix,CounterTerrorist,1015.14,2741.948,132.4353,Knife,100,100,-247.504,-35.23894,0,False,True,False,189.1406,2.8125
starix,CounterTerrorist,1005.475,2740.552,132.6127,Knife,100,100,-247.3798,-36.10003,0,False,True,False,189.1406,2.8125
starix,CounterTerrorist,995.8143,2739.123,132.7917,Knife,100,100,-247.2662,-36.87012,0,False,True,False,189.1406,2.8125
starix,CounterTerrorist,986.1578,2737.668,132.9722,Knife,100,100,-247.1708,-37.50494,0,False,True,False,189.1406,2.8125
starix,CounterTerrorist,976.5045,2736.19,133.1538,Knife,100,100,-247.0907,-38.02856,0,False,True,False,189.1406,2.8125
starix,CounterTerrorist,966.8541,2734.694,133.3364,Knife,100,100,-247.0238,-38.46063,0,False,True,False,189.1406,2.8125
starix,CounterTerrorist,957.2061,2733.183,133.5199,Knife,100,100,-246.9681,-38.81727,0,False,True,False,189.1406,2.8125
starix,CounterTerrorist,947.56,2731.659,133.7362,Knife,100,100,-246.9216,-39.11171,0,False,True,False,189.1406,2.8125
starix,CounterTerrorist,937.9155,2730.126,133.9617,Knife,100,100,-246.883,-39.35482,0,False,True,False,189.1406,2.8125
starix,CounterTerrorist,928.4651,2728.615,134.183,HE,100,100,-241.9169,-38.74542,0,False,True,False,189.1406,2.8125
starix,CounterTerrorist,919.0159,2727.098,134.4047,HE,100,100,-241.8903,-38.91123,0,False,True,False,189.1406,2.8125
starix,CounterTerrorist,909.5676,2725.575,134.5737,HE,100,100,-241.8682,-39.04816,0,False,True,False,189.1406,2.8125
starix,CounterTerrorist,900.1201,2724.046,134.6632,HE,100,100,-241.8454,-39.18913,0,False,True,False,189.4922,2.8125
starix,CounterTerrorist,890.674,2722.509,134.7231,HE,100,100,-241.8023,-39.45424,0,False,True,False,189.4922,2.8125
starix,CounterTerrorist,881.2297,2720.961,134.8137,HE,100,100,-241.7525,-39.75845,0,False,True,False,189.4922,2.8125
starix,CounterTerrorist,871.7873,2719.402,134.3765,HE,100,100,-241.711,-40.00963,0,False,True,False,189.4922,2.8125
starix,CounterTerrorist,862.3463,2717.834,133.8821,HE,100,100,-241.6766,-40.21704,0,False,True,False,189.4922,2.8125
starix,CounterTerrorist,852.9065,2716.259,133.7023,HE,100,100,-241.6481,-40.38833,0,False,True,False,189.4922,2.8125
starix,CounterTerrorist,843.4677,2714.678,133.523,HE,100,100,-241.6244,-40.5298,0,False,True,False,189.4922,2.8125
starix,CounterTerrorist,834.0298,2713.092,133.3441,HE,100,100,-241.6048,-40.64664,0,False,True,False,189.4922,2.8125
starix,CounterTerrorist,824.4756,2711.482,133.1634,Knife,100,100,-246.5173,-41.58399,0,False,True,False,189.4922,2.8125
starix,CounterTerrorist,814.8464,2709.856,132.9095,Knife,100,100,-246.5038,-41.66371,0,False,True,False,189.4922,2.8125
starix,CounterTerrorist,805.2176,2708.227,132.126,Knife,100,100,-246.4927,-41.72955,0,False,True,False,189.4922,2.8125
starix,CounterTerrorist,795.5892,2706.595,131.3427,Knife,100,100,-246.4835,-41.78394,0,False,True,False,189.4922,2.8125
starix,CounterTerrorist,785.9611,2704.962,130.5596,Knife,100,100,-246.4758,-41.82885,0,False,True,False,189.4922,2.8125
starix,CounterTerrorist,776.3333,2703.327,129.7766,Knife,100,100,-246.4696,-41.86596,0,False,True,False,189.4922,2.8125
starix,CounterTerrorist,766.7057,2701.691,128.9937,Knife,100,100,-246.4643,-41.8966,0,False,True,False,189.4922,2.8125
starix,CounterTerrorist,757.0783,2700.054,128.2109,Knife,100,100,-246.46,-41.92192,0,False,True,False,189.4922,2.8125
starix,CounterTerrorist,747.451,2698.416,128.0313,Knife,100,100,-246.4565,-41.94283,0,False,True,False,189.4922,2.8125
starix,CounterTerrorist,737.8239,2696.777,128.0313,Knife,100,100,-246.4535,-41.9601,0,False,True,False,189.4922,2.8125
starix,CounterTerrorist,728.1968,2695.137,128.0313,Knife,100,100,-246.4511,-41.97437,0,False,True,False,189.4922,2.8125
starix,CounterTerrorist,718.5698,2693.498,128.1431,Knife,100,100,-246.4491,-41.98616,0,False,True,False,189.4922,2.8125
starix,CounterTerrorist,709.0586,2691.877,128.8862,HE,100,100,-241.5186,-41.15505,0,False,True,False,189.4922,2.8125
starix,CounterTerrorist,699.6244,2690.269,129.6232,HE,100,100,-241.5173,-41.16309,0,False,True,False,189.4922,2.8125
starix,CounterTerrorist,690.1902,2688.662,130.3602,HE,100,100,-241.5161,-41.16973,0,False,True,False,189.4922,2.8125
starix,CounterTerrorist,680.7557,2687.055,131.0973,HE,100,100,-241.5306,-41.08477,0,False,True,False,189.4922,2.8125
starix,CounterTerrorist,671.3202,2685.454,132.3748,HE,100,100,-241.5644,-40.88585,0,False,True,False,189.1406,2.8125
starix,CounterTerrorist,661.8831,2683.863,137.0934,HE,100,100,-241.6098,-40.61656,0,False,True,False,189.1406,2.8125
starix,CounterTerrorist,652.444,2682.284,141.8129,HE,100,100,-241.66,-40.31656,0,False,True,False,189.1406,2.8125
starix,CounterTerrorist,643.0331,2681.299,146.5184,HE,100,100,-240.1843,-10.71916,0,False,True,False,188.789,2.8125
starix,CounterTerrorist,633.6912,2681.632,151.1893,HE,100,100,-238.489,20.56318,0,False,True,False,188.4375,3.164063
starix,CounterTerrorist,624.4103,2683.058,155.8298,HE,100,100,-237.0299,46.48372,0,False,True,False,188.4375,3.164063
starix,CounterTerrorist,615.1832,2685.387,160.0313,HE,100,100,-235.4395,67.77352,0,False,True,False,188.789,3.164063
starix,CounterTerrorist,606.1096,2688.425,160.0313,HE,100,100,-230.1879,83.89589,0,False,True,False,188.789,3.867188
starix,CounterTerrorist,597.2289,2691.99,162.3418,HE,100,100,-226.1499,94.24023,292.6184,False,True,False,188.789,4.921875
starix,CounterTerrorist,588.395,2695.671,173.1618,HE,100,100,-226.1499,94.24023,261.3684,False,True,False,186.3281,6.679688
starix,CounterTerrorist,579.561,2699.353,182.7612,HE,100,100,-226.1499,94.24023,230.1184,False,True,False,180.3516,9.492188
starix,CounterTerrorist,570.7271,2703.035,191.1399,HE,100,100,-226.1499,94.24023,198.8684,False,True,False,173.3203,12.30469
starix,CounterTerrorist,561.8932,2706.716,198.2979,HE,100,100,-226.1499,94.24023,167.6184,False,True,False,166.2891,14.76563
starix,CounterTerrorist,553.1879,2710.789,204.2351,HE,100,100,-218.8815,115.4682,136.3684,False,True,False,159.2578,17.22656
starix,CounterTerrorist,544.8519,2715.78,208.9517,HE,100,100,-209.393,135.9843,105.1184,False,True,False,152.9297,19.33594
starix,CounterTerrorist,536.9515,2721.571,212.4476,HE,100,100,-197.1123,156.3866,73.86838,False,True,False,146.25,21.44531
starix,CounterTerrorist,529.5953,2728.151,214.7227,HE,100,100,-182.0974,176.4461,42.61838,False,True,False,140.9766,23.20313
starix,CounterTerrorist,522.6899,2735.291,215.7772,HE,100,100,-179.0458,180.4364,11.36838,False,True,False,136.7578,24.60938
starix,CounterTerrorist,515.1525,2741.78,215.6109,HE,100,100,-202.4349,156.4501,-19.88162,False,True,False,135.7031,24.96094
starix,CounterTerrorist,507.2034,2747.848,214.224,HE,100,100,-204.8131,153.9825,-51.13162,False,True,False,136.4063,25.3125
starix,CounterTerrorist,499.5403,2754.228,211.6163,HE,100,100,-174.3276,186.9222,-82.38162,False,True,False,137.1094,25.3125
starix,CounterTerrorist,493.0365,2761.861,207.788,HE,100,100,-165.8501,196.0793,-113.6316,False,True,False,136.7578,25.3125
starix,CounterTerrorist,486.6654,2769.632,202.7389,HE,100,100,-160.5028,201.594,-144.8816,False,True,False,135.3516,25.3125
starix,CounterTerrorist,480.6828,2777.778,199.9512,HE,100,100,-147.6167,213.545,269.5672,False,True,False,131.1328,25.3125
starix,CounterTerrorist,475.3845,2786.494,209.8708,HE,100,100,-127.9233,228.9141,238.3172,False,True,False,125.8594,25.3125
starix,CounterTerrorist,470.9276,2795.786,218.5697,HE,100,100,-105.6689,242.9779,207.0672,False,True,False,119.8828,26.01563
starix,CounterTerrorist,465.9435,2804.831,226.0479,HE,100,100,-145.3487,222.4455,175.8172,False,True,False,116.7187,28.125
starix,CounterTerrorist,460.1313,2813.449,232.3053,HE,100,100,-154.0601,217.7986,144.5672,False,True,False,118.8281,29.88281
starix,CounterTerrorist,453.6783,2821.693,237.3421,HE,100,100,-171.7909,206.6764,113.3172,False,True,False,124.8047,31.28906
starix,CounterTerrorist,446.6021,2829.489,241.1582,HE,100,100,-187.3842,194.6092,82.06717,False,True,False,129.7266,32.69531
starix,CounterTerrorist,438.9162,2836.773,243.7535,HE,100,100,-203.034,180.8301,50.81717,False,True,False,132.5391,33.39844
starix,CounterTerrorist,430.7546,2843.62,245.1282,HE,100,100,-211.8818,172.4178,19.56717,False,True,False,134.6484,33.75
starix,CounterTerrorist,422.3389,2850.214,245.2822,HE,100,100,-217.7965,166.3707,-11.68283,False,True,False,136.4063,34.45313
starix,CounterTerrorist,413.6961,2856.567,244.2154,HE,100,100,-223.7269,159.9093,-42.93283,False,True,False,138.1641,34.80469
starix,CounterTerrorist,404.7904,2862.62,241.928,HE,100,100,-230.9089,151.4776,-74.18283,False,True,False,140.625,34.80469
starix,CounterTerrorist,395.5845,2868.301,238.4198,HE,100,100,-239.1313,140.8842,-105.4328,False,True,False,143.4375,34.80469
starix,CounterTerrorist,386.0169,2873.481,233.691,HE,100,100,-248.7449,126.9506,-136.6828,False,True,False,146.9531,34.45313
starix,CounterTerrorist,376.1039,2878.122,227.7414,HE,100,100,-256.8362,113.628,-167.9328,False,True,False,150.1172,33.75
starix,CounterTerrorist,365.9178,2882.28,220.5712,HE,100,100,-263.044,102.14,-199.1828,False,True,False,152.5781,32.69531
starix,CounterTerrorist,355.5347,2886.052,212.1802,HE,100,100,-267.6499,92.71313,-230.4328,False,True,False,154.6875,31.64063
starix,CounterTerrorist,344.9099,2889.281,202.5685,HE,100,100,-275.249,74.61543,-261.6828,False,True,False,158.9063,30.9375
starix,CounterTerrorist,333.9877,2891.674,200.1696,HE,100,100,-282.1646,52.05299,246.8022,False,True,False,163.4766,30.23438
starix,CounterTerrorist,322.8244,2893.148,209.1999,HE,100,100,-287.8596,28.37702,215.5522,False,True,False,168.3984,29.53125
starix,CounterTerrorist,311.4856,2893.68,217.0096,HE,100,100,-291.5798,3.806914,184.3022,False,True,False,173.3203,29.17969
starix,CounterTerrorist,300.0508,2893.237,223.5986,HE,100,100,-293.1947,-21.49793,153.0522,False,True,False,178.2422,28.125
starix,CounterTerrorist,288.602,2891.859,228.967,HE,100,100,-292.8337,-42.56358,121.8022,False,True,False,183.1641,27.42188
starix,CounterTerrorist,277.1999,2889.804,233.1146,HE,100,100,-291.0717,-59.40165,90.55219,False,True,False,187.7344,26.71875
starix,CounterTerrorist,265.9016,2887.072,236.0415,HE,100,100,-287.8067,-77.08231,59.30219,False,True,False,192.3047,26.36719
starix,CounterTerrorist,254.7662,2883.631,237.7478,HE,100,100,-283.0188,-95.5316,28.05219,False,True,False,196.1719,25.66406
starix,CounterTerrorist,243.8609,2879.454,238.2333,HE,100,100,-276.311,-114.5523,-3.197815,False,True,False,201.7969,24.60938
starix,CounterTerrorist,233.4787,2874.021,237.4982,HE,100,100,-271.3132,-130.0784,-34.44781,False,True,False,209.8828,22.85156
starix,CounterTerrorist,222.8805,2868.939,235.5423,HE,100,100,-271.3132,-130.0784,-65.69781,False,True,False,220.7813,20.39063
starix,CounterTerrorist,212.2824,2863.857,232.3657,HE,100,100,-271.3132,-130.0784,-96.94781,False,True,False,234.1406,17.22656
starix,CounterTerrorist,201.6842,2858.775,227.9684,HE,100,100,-271.3132,-130.0784,-128.1978,False,True,False,235.8984,16.875
starix,CounterTerrorist,191.0861,2853.694,222.3504,HE,100,100,-271.3132,-130.0784,-159.4478,False,True,False,235.8984,16.875
starix,CounterTerrorist,180.4879,2848.612,215.5117,HE,100,100,-271.3132,-130.0784,-190.6978,False,True,False,235.8984,16.875
starix,CounterTerrorist,169.8898,2843.53,207.4523,HE,100,100,-271.3132,-130.0784,-221.9478,False,True,False,235.8984,16.875
starix,CounterTerrorist,159.2917,2838.448,198.1721,HE,100,100,-271.3132,-130.0784,-253.1978,False,True,False,237.6563,15.82031
starix,CounterTerrorist,148.6935,2833.366,187.6712,HE,100,100,-271.3132,-130.0784,-284.4478,False,True,False,251.3672,10.54688
starix,CounterTerrorist,138.0954,2828.285,175.9496,HE,100,100,-271.3132,-130.0784,-315.6978,False,True,False,264.0234,5.976563
starix,CounterTerrorist,127.4972,2823.203,163.0074,HE,100,100,-271.3132,-130.0784,-346.9478,False,True,False,264.7266,5.625
starix,CounterTerrorist,120.4814,2820.114,160.0313,HE,100,100,-162.2117,-60.46424,0,False,True,False,264.7266,5.625
starix,CounterTerrorist,113.7742,2818.155,160.0313,HE,100,100,-177.5839,-43.78712,0,False,True,False,264.7266,5.625
starix,CounterTerrorist,106.5405,2816.699,160.0313,HE,100,100,-189.0556,-38.62004,0,False,True,False,264.7266,5.625
starix,CounterTerrorist,99.05644,2814.594,160.0313,HE,100,100,-193.1327,-63.44404,0,False,True,False,264.7266,5.625
starix,CounterTerrorist,91.42936,2811.621,160.0313,HE,100,100,-196.6166,-84.18734,0,False,True,False,265.7813,4.921875
starix,CounterTerrorist,83.69118,2807.877,160.0313,HE,100,100,-198.7082,-103.4782,0,False,True,False,269.6484,2.8125
starix,CounterTerrorist,75.92915,2803.835,170.7119,HE,100,100,-198.7082,-103.4782,257.8009,False,True,False,272.1094,1.757813
starix,CounterTerrorist,68.16711,2799.794,180.1719,HE,100,100,-198.7082,-103.4782,226.5509,False,True,False,272.4609,1.757813
starix,CounterTerrorist,60.40508,2795.752,188.4112,HE,100,100,-198.7082,-103.4782,195.3009,False,True,False,272.4609,1.757813
starix,CounterTerrorist,52.64305,2791.71,195.4298,HE,100,100,-198.7082,-103.4782,164.0509,False,True,False,272.4609,1.757813
starix,CounterTerrorist,44.88102,2787.668,201.2277,HE,100,100,-198.7082,-103.4782,132.8009,False,True,False,272.4609,1.757813
starix,CounterTerrorist,37.11386,2783.727,205.8049,HE,100,100,-199.1519,-94.90042,101.5509,False,True,False,273.1641,1.757813
starix,CounterTerrorist,29.30262,2780.538,209.1613,HE,100,100,-200.5728,-72.64915,70.30087,False,True,False,273.8672,1.40625
starix,CounterTerrorist,21.42703,2778.245,211.2971,HE,100,100,-202.3414,-49.21725,39.05087,False,True,False,274.5703,1.40625
starix,CounterTerrorist,13.75964,2776.805,212.2122,HE,100,100,-189.7883,-29.27661,7.800873,False,True,False,274.5703,1.40625
starix,CounterTerrorist,7.218069,2776.68,211.9066,HE,100,100,-142.1624,26.37897,-23.44913,False,True,False,274.5703,1.40625
starix,CounterTerrorist,3.908466,2778.482,210.3802,HE,100,100,-40.77905,49.67174,-54.69913,False,True,False,274.5703,1.40625
starix,CounterTerrorist,2.315535,2780.422,207.6332,HE,100,100,-40.77905,49.67174,-85.94913,False,True,False,274.5703,1.40625
starix,CounterTerrorist,0.7226029,2782.362,203.6654,HE,100,100,-40.77905,49.67174,-117.1991,False,True,False,274.9219,1.054688
starix,CounterTerrorist,-0.8703285,2784.302,198.477,HE,100,100,-40.77905,49.67174,-148.4491,False,True,False,275.2734,0.703125
starix,CounterTerrorist,-2.46326,2786.241,192.0678,HE,100,100,-40.77905,49.67174,-179.6991,False,True,False,275.2734,0
starix,CounterTerrorist,-4.056192,2788.181,184.438,HE,100,100,-40.77905,49.67174,-210.9491,False,True,False,276.3281,358.2422
starix,CounterTerrorist,-5.649124,2790.121,175.5874,HE,100,100,-40.77905,49.67174,-242.1991,False,True,False,277.7344,356.8359
starix,CounterTerrorist,-7.242055,2792.06,165.5162,HE,100,100,-40.77905,49.67174,-273.4491,False,True,False,277.3828,356.8359
starix,CounterTerrorist,-8.751333,2793.898,160.0313,HE,100,100,-35.42521,43.15039,0,False,True,False,277.3828,356.8359
starix,CounterTerrorist,-9.920261,2795.285,160.0313,HE,100,100,-25.7681,26.64155,0,False,True,False,277.3828,356.8359
starix,CounterTerrorist,-10.57537,2795.489,160.0313,HE,100,100,-10.04217,-7.108323,0,False,True,False,277.3828,356.8359
starix,CounterTerrorist,-10.71492,2794.816,160.0313,HE,100,100,-0.9423864,-23.07334,0,False,True,False,277.3828,356.8359
starix,CounterTerrorist,-10.66608,2793.583,160.0313,HE,100,100,2.488894,-37.2241,0,False,True,False,277.3828,356.8359
starix,CounterTerrorist,-10.42216,2791.847,160.0313,HE,100,100,12.30641,-47.10962,0,False,True,False,277.3828,356.8359
starix,CounterTerrorist,-9.523696,2789.909,160.0313,HE,100,100,29.62333,-51.49981,0,False,True,False,277.0313,356.4844
starix,CounterTerrorist,-8.016625,2787.766,160.0313,HE,100,100,44.32631,-57.23611,0,False,True,False,277.0313,356.4844
starix,CounterTerrorist,-5.972136,2785.383,160.0313,HE,100,100,57.38796,-63.41332,0,False,True,False,277.0313,356.4844
starix,CounterTerrorist,-3.469865,2782.782,160.0313,HE,100,100,68.22884,-68.58228,0,False,True,False,277.0313,356.4844
starix,CounterTerrorist,-0.5894467,2780,160.0313,HE,100,100,77.18391,-72.85207,0,False,True,False,277.0313,356.4844
starix,CounterTerrorist,2.175926,2776.874,160.0313,HE,100,100,66.32206,-80.71525,0,False,True,False,277.0313,356.4844
starix,CounterTerrorist,4.489347,2774.058,160.0313,HE,100,100,54.78501,-66.67442,0,False,True,False,277.0313,356.4844
starix,CounterTerrorist,6.400161,2771.733,160.0313,HE,100,100,45.23252,-55.04887,0,False,True,False,277.0313,356.4844
starix,CounterTerrorist,8.052158,2769.189,160.0313,HE,100,100,40.52285,-71.51418,0,False,True,False,277.0313,356.4844
starix,CounterTerrorist,9.54424,2766.065,160.0313,HE,100,100,36.74319,-85.25375,0,False,True,False,277.0313,356.4844
starix,CounterTerrorist,10.90448,2762.462,160.0313,HE,100,100,33.62102,-96.60325,0,False,True,False,277.0313,356.4844
starix,CounterTerrorist,12.00003,2758.497,160.0313,HE,100,100,20.39804,-103.4526,0,False,True,False,277.0313,356.4844
starix,CounterTerrorist,12.32219,2754.388,160.0313,HE,100,100,0.6496584,-106.2803,0,False,True,False,277.0313,356.4844
starix,CounterTerrorist,11.85661,2750.354,160.0313,HE,100,100,-21.89704,-97.6235,0,False,True,False,277.0313,356.4844
starix,CounterTerrorist,11.0928,2746.948,160.0313,HE,100,100,-18.08794,-80.6414,0,False,True,False,277.0313,356.4844
starix,CounterTerrorist,10.4623,2744.137,160.0313,HE,100,100,-14.8973,-66.41656,0,False,True,False,277.0313,356.4844
starix,CounterTerrorist,9.952505,2741.865,160.0313,HE,100,100,-11.81954,-52.695,0,False,True,False,277.0313,356.4844
starix,CounterTerrorist,9.56294,2740.128,160.0313,HE,100,100,-8.741777,-38.97344,0,False,True,False,277.0313,356.4844
starix,CounterTerrorist,9.293599,2738.927,160.0313,HE,100,100,-5.664018,-25.25188,0,False,True,False,276.6797,356.4844
starix,CounterTerrorist,9.144484,2738.262,160.0313,HE,100,100,-2.58626,-11.53032,0,False,True,False,276.6797,356.4844
starix,CounterTerrorist,9.112722,2738.12,160.0313,HE,100,100,0,0,0,False,True,False,277.0313,356.4844
starix,CounterTerrorist,9.112722,2738.12,160.0313,HE,100,100,0,0,0,False,True,False,277.0313,356.4844
starix,CounterTerrorist,9.112722,2738.12,160.0313,HE,100,100,0,0,0,False,True,False,277.0313,356.4844
starix,CounterTerrorist,9.112722,2738.12,160.0313,HE,100,100,0,0,0,False,True,False,277.0313,356.4844
starix,CounterTerrorist,9.112722,2738.12,160.0313,HE,100,100,0,0,0,False,True,False,277.0313,356.4844
starix,CounterTerrorist,9.112722,2738.12,160.0313,HE,100,100,0,0,0,False,True,False,277.0313,356.4844
starix,CounterTerrorist,9.112722,2738.12,160.0313,HE,100,100,0,0,0,False,True,False,277.0313,356.4844
starix,CounterTerrorist,9.112722,2738.12,160.0313,HE,100,100,0,0,0,False,True,False,277.0313,356.4844
starix,CounterTerrorist,9.112722,2738.12,160.0313,HE,100,100,0,0,0,False,True,False,277.0313,356.4844
starix,CounterTerrorist,9.112722,2738.12,160.0313,HE,100,100,0,0,0,False,True,False,277.0313,356.4844
starix,CounterTerrorist,9.112722,2738.12,160.0313,HE,100,100,0,0,0,False,True,False,277.0313,356.4844
starix,CounterTerrorist,9.112722,2738.12,160.0313,HE,100,100,0,0,0,False,True,False,277.0313,356.4844
starix,CounterTerrorist,9.112722,2738.12,160.0313,HE,100,100,0,0,0,False,True,False,277.0313,356.4844
starix,CounterTerrorist,9.112722,2738.12,160.0313,HE,100,100,0,0,0,False,True,False,277.0313,356.4844
starix,CounterTerrorist,9.112722,2738.12,160.0313,HE,100,100,0,0,0,False,True,False,277.0313,356.4844
starix,CounterTerrorist,9.112722,2738.12,160.0313,HE,100,100,0,0,0,False,True,False,277.0313,356.4844
starix,CounterTerrorist,9.112722,2738.12,160.0313,HE,100,100,0,0,0,False,True,False,277.0313,356.4844
starix,CounterTerrorist,9.112722,2738.12,160.0313,HE,100,100,0,0,0,False,True,False,277.0313,356.4844
starix,CounterTerrorist,9.112722,2738.12,160.0313,HE,100,100,0,0,0,False,True,False,277.0313,356.4844
starix,CounterTerrorist,9.112722,2738.12,160.0313,HE,100,100,0,0,0,False,True,False,277.0313,356.4844
starix,CounterTerrorist,9.112722,2738.12,160.0313,HE,100,100,0,0,0,False,True,False,277.0313,356.4844
starix,CounterTerrorist,9.112722,2738.12,160.0313,HE,100,100,0,0,0,False,True,False,277.0313,356.4844
starix,CounterTerrorist,9.112722,2738.12,160.0313,HE,100,100,0,0,0,False,True,False,277.0313,356.4844
starix,CounterTerrorist,9.112722,2738.12,160.0313,HE,100,100,0,0,0,False,True,False,277.0313,356.4844
starix,CounterTerrorist,9.112722,2738.12,160.0313,HE,100,100,0,0,0,False,True,False,277.0313,356.4844
starix,CounterTerrorist,9.112722,2738.12,160.0313,HE,100,100,0,0,0,False,True,False,277.0313,356.4844
starix,CounterTerrorist,9.112722,2738.12,160.0313,HE,100,100,0,0,0,False,True,False,277.0313,356.4844
starix,CounterTerrorist,9.112722,2738.12,160.0313,HE,100,100,0,0,0,False,True,False,277.0313,356.4844
starix,CounterTerrorist,9.112722,2738.12,160.0313,HE,100,100,0,0,0,False,True,False,277.0313,356.4844
starix,CounterTerrorist,9.112722,2738.12,160.0313,HE,100,100,0,0,0,False,True,False,277.0313,356.4844
starix,CounterTerrorist,9.112722,2738.12,160.0313,HE,100,100,0,0,0,False,True,False,277.0313,356.4844
starix,CounterTerrorist,9.112722,2738.12,160.0313,HE,100,100,0,0,0,False,True,False,277.0313,356.4844
starix,CounterTerrorist,9.112722,2738.12,160.0313,HE,100,100,0,0,0,False,True,False,277.0313,356.4844
starix,CounterTerrorist,9.112722,2738.12,160.0313,HE,100,100,0,0,0,False,True,False,277.0313,356.4844
starix,CounterTerrorist,9.112722,2738.12,160.0313,HE,100,100,0,0,0,False,True,False,277.0313,356.4844
starix,CounterTerrorist,9.112722,2738.12,160.0313,HE,100,100,0,0,0,False,True,False,277.0313,356.4844
starix,CounterTerrorist,9.112722,2738.12,160.0313,HE,100,100,0,0,0,False,True,False,277.0313,356.4844
starix,CounterTerrorist,9.112722,2738.12,160.0313,HE,100,100,0,0,0,False,True,False,277.0313,356.4844
starix,CounterTerrorist,9.112722,2738.12,160.0313,HE,100,100,0,0,0,False,True,False,277.0313,356.4844
starix,CounterTerrorist,9.112722,2738.12,160.0313,HE,100,100,0,0,0,False,True,False,277.0313,356.4844
starix,CounterTerrorist,9.112722,2738.12,160.0313,HE,100,100,0,0,0,False,True,False,277.0313,356.4844
starix,CounterTerrorist,9.112722,2738.12,160.0313,HE,100,100,0,0,0,False,True,False,277.0313,356.4844
starix,CounterTerrorist,9.112722,2738.12,160.0313,HE,100,100,0,0,0,False,True,False,277.0313,356.4844
starix,CounterTerrorist,9.112722,2738.12,160.0313,HE,100,100,0,0,0,False,True,False,277.0313,356.4844
starix,CounterTerrorist,9.112722,2738.12,160.0313,HE,100,100,0,0,0,False,True,False,277.0313,356.4844
starix,CounterTerrorist,9.112722,2738.12,160.0313,HE,100,100,0,0,0,False,True,False,277.0313,356.4844
starix,CounterTerrorist,9.112722,2738.12,160.0313,HE,100,100,0,0,0,False,True,False,277.0313,356.4844
starix,CounterTerrorist,9.112722,2738.12,160.0313,HE,100,100,0,0,0,False,True,False,276.6797,356.1328
starix,CounterTerrorist,9.112722,2738.12,160.0313,HE,100,100,0,0,0,False,True,False,276.3281,356.1328
starix,CounterTerrorist,9.112722,2738.12,160.0313,HE,100,100,0,0,0,False,True,False,276.3281,356.1328
starix,CounterTerrorist,9.112722,2738.12,160.0313,HE,100,100,0,0,0,False,True,False,276.3281,356.1328
starix,CounterTerrorist,9.112722,2738.12,160.0313,HE,100,100,0,0,0,False,True,False,276.3281,356.1328
starix,CounterTerrorist,9.112722,2738.12,160.0313,HE,100,100,0,0,0,False,True,False,276.3281,356.1328
starix,CounterTerrorist,9.112722,2738.12,160.0313,HE,100,100,0,0,0,False,True,False,276.3281,356.1328
starix,CounterTerrorist,9.112722,2738.12,160.0313,HE,100,100,0,0,0,False,True,False,276.3281,356.1328
starix,CounterTerrorist,9.112722,2738.12,160.0313,HE,100,100,0,0,0,False,True,False,276.3281,356.1328
starix,CounterTerrorist,9.112722,2738.12,160.0313,HE,100,100,0,0,0,False,True,False,276.3281,356.1328
starix,CounterTerrorist,9.112722,2738.12,160.0313,HE,100,100,0,0,0,False,True,False,276.3281,356.1328
starix,CounterTerrorist,9.112722,2738.12,160.0313,HE,100,100,0,0,0,False,True,False,276.3281,356.1328
starix,CounterTerrorist,9.112722,2738.12,160.0313,HE,100,100,0,0,0,False,True,False,276.3281,356.1328
starix,CounterTerrorist,9.112722,2738.12,160.0313,HE,100,100,0,0,0,False,True,False,276.3281,356.1328
starix,CounterTerrorist,9.112722,2738.12,171.0955,HE,100,100,0,0,267.6184,False,True,False,276.3281,356.4844
starix,CounterTerrorist,9.112722,2738.12,180.939,HE,100,100,0,0,236.3684,False,True,False,276.3281,356.8359
starix,CounterTerrorist,9.112722,2738.12,189.5618,HE,100,100,0,0,205.1184,False,True,False,276.3281,357.1875
starix,CounterTerrorist,9.112722,2738.12,196.9639,HE,100,100,0,0,173.8684,False,True,False,276.3281,357.5391
starix,CounterTerrorist,9.112722,2738.12,203.1453,HE,100,100,0,0,142.6184,False,True,False,276.3281,357.8906
starix,CounterTerrorist,9.112722,2738.12,208.106,HE,100,100,0,0,111.3684,False,True,False,276.3281,357.8906
starix,CounterTerrorist,9.112722,2738.12,211.8461,HE,100,100,0,0,80.11838,False,True,False,276.3281,357.8906
starix,CounterTerrorist,9.112722,2738.12,214.3654,HE,100,100,0,0,48.86838,False,True,False,276.3281,357.8906
starix,CounterTerrorist,9.112722,2738.12,215.664,HE,100,100,0,0,17.61838,False,True,False,276.3281,357.8906
starix,CounterTerrorist,9.112722,2738.12,215.7419,HE,100,100,0,0,-13.63162,False,True,False,276.3281,357.8906
starix,CounterTerrorist,9.112722,2738.12,214.599,HE,100,100,0,0,-44.88162,False,True,False,276.3281,357.8906
starix,CounterTerrorist,9.112722,2738.12,212.2355,HE,100,100,0,0,-76.13162,False,True,False,276.3281,357.8906
starix,CounterTerrorist,9.112722,2738.12,208.6513,HE,100,100,0,0,-107.3816,False,True,False,275.9766,357.5391
starix,CounterTerrorist,9.112722,2738.12,203.8464,HE,100,100,0,0,-138.6316,False,True,False,275.625,357.1875
starix,CounterTerrorist,9.112722,2738.12,197.8208,HE,100,100,0,0,-169.8816,False,True,False,275.2734,356.4844
starix,CounterTerrorist,9.112722,2738.12,190.5745,HE,100,100,0,0,-201.1316,False,True,False,274.9219,355.7813
starix,CounterTerrorist,9.112722,2738.12,182.1074,HE,100,100,0,0,-232.3816,False,True,False,274.9219,354.7266
starix,CounterTerrorist,9.112722,2738.12,172.4197,HE,100,100,0,0,-263.6316,False,True,False,274.9219,354.0234
starix,CounterTerrorist,9.112722,2738.12,161.5113,HE,100,100,0,0,0,False,True,False,275.2734,353.3203
starix,CounterTerrorist,9.112722,2738.12,160.0313,HE,100,100,0,0,0,False,True,False,275.2734,353.3203
starix,CounterTerrorist,9.112722,2738.12,160.0313,HE,100,100,0,0,0,False,True,False,275.2734,352.9688
starix,CounterTerrorist,9.112722,2738.12,160.0313,HE,100,100,0,0,0,False,True,False,275.2734,352.9688
starix,CounterTerrorist,9.112722,2738.12,160.0313,HE,100,100,0,0,0,False,True,False,275.2734,352.9688
starix,CounterTerrorist,9.112722,2738.12,160.0313,HE,100,100,0,0,0,False,True,False,275.2734,352.9688
starix,CounterTerrorist,9.112722,2738.12,160.0313,HE,100,100,0,0,0,False,True,False,275.2734,352.9688
starix,CounterTerrorist,9.112722,2738.12,160.0313,HE,100,100,0,0,0,False,True,False,275.2734,352.9688
starix,CounterTerrorist,9.112722,2738.12,160.0313,HE,100,100,0,0,0,False,True,False,275.2734,352.9688
starix,CounterTerrorist,9.112722,2738.12,160.0313,HE,100,100,0,0,0,False,True,False,275.2734,352.9688
starix,CounterTerrorist,9.112722,2738.12,160.0313,HE,100,100,0,0,0,False,True,False,275.2734,352.9688
starix,CounterTerrorist,9.112722,2738.12,160.0313,HE,100,100,0,0,0,False,True,False,275.2734,352.9688
starix,CounterTerrorist,9.112722,2738.12,160.0313,HE,100,100,0,0,0,False,True,False,275.2734,352.6172
starix,CounterTerrorist,9.112722,2738.12,160.0313,HE,100,100,0,0,0,False,True,False,275.2734,352.6172
starix,CounterTerrorist,9.112722,2738.12,160.0313,HE,100,100,0,0,0,False,True,False,275.2734,351.9141
starix,CounterTerrorist,9.178344,2737.418,160.0313,HE,100,100,3.202866,-34.28823,0,False,True,False,275.2734,351.5625
starix,CounterTerrorist,9.39109,2735.156,160.0313,HE,100,100,6.951272,-73.64137,0,False,True,False,275.2734,350.5078
starix,CounterTerrorist,9.748867,2731.399,160.0313,HE,100,100,10.56033,-110.2859,0,False,True,False,275.625,349.8047
starix,CounterTerrorist,10.23796,2726.364,160.0313,HE,100,100,13.79402,-140.5639,0,False,True,False,275.9766,348.75
starix,CounterTerrorist,10.84665,2720.272,160.0313,HE,100,100,16.72983,-165.5471,0,False,True,False,276.3281,348.3984
starix,CounterTerrorist,11.56167,2713.31,160.0313,HE,100,100,19.30752,-186.1677,0,False,True,False,276.3281,347.6953
starix,CounterTerrorist,12.36981,2705.628,160.0313,HE,100,100,21.56997,-203.1862,0,False,True,False,276.3281,347.3438
starix,CounterTerrorist,13.25931,2697.354,160.0313,HE,100,100,23.52991,-217.2339,0,False,True,False,276.6797,346.9922
starix,CounterTerrorist,14.21833,2688.589,160.0313,HE,100,100,25.18907,-228.8332,0,False,True,False,276.6797,346.9922
starix,CounterTerrorist,15.23521,2679.42,160.0313,HE,100,100,26.55961,-238.4148,0,False,True,False,276.6797,346.9922
starix,CounterTerrorist,16.29604,2669.95,160.0313,HE,100,100,27.35843,-243.4677,0,False,True,False,276.6797,346.9922
starix,CounterTerrorist,17.36885,2660.44,160.0313,HE,100,100,27.5299,-243.4484,0,False,True,False,276.6797,346.9922
starix,CounterTerrorist,18.32914,2651.948,160.0313,HE,100,100,22.74093,-201.0993,0,False,True,False,276.6797,346.9922
starix,CounterTerrorist,19.12238,2644.933,160.0313,HE,100,100,18.78503,-166.117,0,False,True,False,276.3281,347.6953
starix,CounterTerrorist,19.69257,2639.941,160.0313,HE,100,100,11.28149,-96.9192,0,False,True,False,275.9766,348.3984
starix,CounterTerrorist,19.96273,2637.774,160.0313,HE,100,100,4.05734,-28.49209,0,False,True,False,275.625,349.1016
starix,CounterTerrorist,19.94727,2638.079,160.0313,HE,100,100,-2.659191,26.39765,0,False,True,False,275.625,349.4531
starix,CounterTerrorist,19.75054,2640.032,160.0313,HE,100,100,-6.621353,65.72984,0,False,True,False,275.625,349.4531
starix,CounterTerrorist,19.39989,2643.5,160.0313,HE,100,100,-10.47211,103.4419,0,False,True,False,275.625,349.4531
starix,CounterTerrorist,18.9255,2648.176,160.0313,Famas,100,100,-13.20022,129.8637,0,False,True,False,275.9766,349.8047
starix,CounterTerrorist,18.35528,2653.773,160.0313,Famas,100,100,-15.47113,151.6875,0,False,True,False,275.9766,349.8047
starix,CounterTerrorist,17.70586,2660.132,160.0313,Famas,100,100,-17.34701,169.7149,0,False,True,False,275.9766,349.8047
starix,CounterTerrorist,16.991,2667.119,160.0313,Famas,100,100,-18.89657,184.6064,0,False,True,False,275.9766,349.8047
starix,CounterTerrorist,16.21941,2674.651,160.0313,Smoke,100,100,-20.4072,199.0415,0,False,True,False,275.9766,349.8047
starix,CounterTerrorist,15.38258,2682.783,160.0313,Smoke,100,100,-22.10195,213.8619,0,False,True,False,276.3281,350.1563
starix,CounterTerrorist,14.96965,2691.318,160.0313,Smoke,100,100,2.470221,219.5921,0,False,True,False,278.7891,350.8594
starix,CounterTerrorist,15.69087,2699.989,160.0313,Smoke,100,100,27.44303,224.071,0,False,True,False,288.2813,352.2656
starix,CounterTerrorist,17.00739,2708.94,160.0313,Smoke,100,100,35.40744,232.9409,0,False,True,False,307.2656,355.0781
starix,CounterTerrorist,18.19024,2718.254,160.0313,Smoke,100,100,24.54752,241.6616,0,False,True,False,327.6563,357.8906
starix,CounterTerrorist,19.60739,2727.702,160.0313,Smoke,100,100,43.06761,241.185,0,False,True,False,332.9297,358.9453
starix,CounterTerrorist,21.62717,2737.056,160.0313,Smoke,100,100,57.04283,238.2669,0,False,True,False,332.9297,358.9453
starix,CounterTerrorist,23.99045,2746.328,160.0313,Smoke,100,100,55.80024,238.4821,0,False,True,False,332.9297,358.9453
starix,CounterTerrorist,25.56534,2755.764,160.0313,Smoke,100,100,30.58786,243.0831,0,False,True,False,332.9297,358.9453
starix,CounterTerrorist,26.25792,2765.306,160.0313,Smoke,100,100,9.705352,244.8077,0,False,True,False,332.9297,358.9453
starix,CounterTerrorist,26.22519,2774.875,160.0313,Smoke,100,100,-7.392658,244.8884,0,False,True,False,332.9297,358.9453
starix,CounterTerrorist,25.97303,2784.439,160.0313,Smoke,100,100,2.150433,244.9906,0,False,True,False,332.9297,359.2969
starix,CounterTerrorist,26.58448,2793.987,160.0313,Smoke,100,100,24.04417,243.8173,0,False,True,False,332.9297,359.2969
starix,CounterTerrorist,27.94959,2803.458,160.0313,Smoke,100,100,41.69606,241.4259,0,False,True,False,332.9297,359.2969
starix,CounterTerrorist,29.91857,2812.822,160.0313,Smoke,100,100,55.77637,238.5665,0,False,True,False,333.2813,359.2969
starix,CounterTerrorist,32.36757,2822.073,160.0313,Smoke,100,100,66.96369,235.6711,0,False,True,False,333.2813,359.2969
starix,CounterTerrorist,35.198,2831.215,160.0313,Smoke,100,100,75.84939,232.9632,0,False,True,False,333.2813,359.2969
starix,CounterTerrorist,38.33128,2840.257,160.0313,Smoke,100,100,82.90365,230.5471,0,False,True,False,333.2813,359.2969
starix,CounterTerrorist,41.75063,2849.175,160.0313,Smoke,100,100,94.36831,223.6198,0,False,True,False,333.2813,359.2969
starix,CounterTerrorist,46.17773,2857.348,160.0313,Smoke,100,100,125.196,200.2229,0,False,True,False,332.9297,359.2969
starix,CounterTerrorist,51.6816,2864.7,160.0313,Smoke,100,100,150.7359,180.6655,0,False,True,False,332.5781,359.2969
starix,CounterTerrorist,58.07926,2871.362,160.0313,Smoke,100,100,171.9483,164.1487,0,False,True,False,332.2266,359.2969
starix,CounterTerrorist,65.21809,2877.443,160.0313,Smoke,100,100,189.5128,150.3706,0,False,True,False,332.2266,359.2969
starix,CounterTerrorist,72.9542,2883.027,160.0313,Smoke,100,100,202.6151,137.7393,0,False,True,False,331.875,359.2969
starix,CounterTerrorist,81.06506,2888.104,160.0313,Smoke,100,100,210.7004,125.0214,0,False,True,False,331.1719,359.6484
starix,CounterTerrorist,89.4447,2892.725,160.0313,Smoke,100,100,216.8343,114.0521,0,False,True,False,330.8203,359.6484
starix,CounterTerrorist,98.11725,2892.907,160.17,Smoke,100,100,226.0267,0.08352973,0,False,True,False,330.4688,359.6484
starix,CounterTerrorist,107.1552,2892.911,160.1886,Smoke,100,100,234.7306,0.0806851,0,False,True,False,329.7656,359.6484
starix,CounterTerrorist,116.4989,2892.915,160.2068,Smoke,100,100,241.996,0.07971837,0,False,True,False,329.7656,359.6484
starix,CounterTerrorist,126.0519,2892.918,160.2248,Smoke,100,100,244.9845,0.07901582,0,False,True,False,329.4141,359.6484
starix,CounterTerrorist,135.4499,2892.926,160.269,Smoke,100,100,234.1284,0.2721487,0,False,True,False,329.4141,359.6484
starix,CounterTerrorist,144.225,2893.358,160.0313,Smoke,100,100,218.7684,26.84848,0,False,True,False,329.0625,359.6484
starix,CounterTerrorist,152.4766,2895.315,160.0313,Smoke,100,100,206.6132,64.62107,0,False,True,False,328.3594,359.6484
starix,CounterTerrorist,160.319,2898.582,160.0313,Smoke,100,100,197.2141,95.4244,0,False,True,False,327.3047,359.6484
starix,CounterTerrorist,167.8546,2902.909,160.0313,Smoke,100,100,190.3538,120.2845,0,False,True,False,325.8984,0
starix,CounterTerrorist,175.1745,2908.088,160.0313,Smoke,100,100,185.6767,140.1474,0,False,True,False,324.4922,0.3515625
starix,CounterTerrorist,182.3564,2913.941,160.0313,Smoke,100,100,182.8886,155.783,0,False,True,False,322.7344,0.703125
starix,CounterTerrorist,189.4515,2920.299,160.0313,Smoke,100,100,180.1004,166.0989,0,False,True,False,320.9766,0.703125
starix,CounterTerrorist,195.9777,2926.473,160.0313,Famas,100,100,158.7421,152.3185,0,False,True,False,318.8672,1.054688
starix,CounterTerrorist,202.1272,2932.477,160.0313,Famas,100,100,156.7679,154.3497,0,False,True,False,317.1094,1.054688
starix,CounterTerrorist,208.2345,2938.522,160.0313,Famas,100,100,156.2585,154.8654,0,False,True,False,314.6484,1.054688
starix,CounterTerrorist,214.3625,2944.547,160.0313,Famas,100,100,157.5622,153.5387,0,False,True,False,310.4297,1.40625
starix,CounterTerrorist,220.5854,2950.474,160.0313,Famas,100,100,160.6413,150.3142,0,False,True,False,307.2656,1.40625
starix,CounterTerrorist,226.9414,2956.258,160.0313,Famas,100,100,164.0131,146.6278,0,False,True,False,306.2109,1.40625
starix,CounterTerrorist,233.4123,2961.913,160.0313,Famas,100,100,166.6552,143.6177,0,False,True,False,306.2109,1.40625
starix,CounterTerrorist,239.9718,2967.465,160.0313,Famas,100,100,168.7004,141.2097,0,False,True,False,306.2109,1.40625
starix,CounterTerrorist,246.6006,2972.934,160.0313,Famas,100,100,170.3137,139.2596,0,False,True,False,306.2109,1.40625
starix,CounterTerrorist,253.2846,2978.336,160.0313,Famas,100,100,171.6027,137.6681,0,False,True,False,306.2109,1.40625
starix,CounterTerrorist,260.0128,2983.682,160.0313,Famas,100,100,172.6419,136.3627,0,False,True,False,306.2109,1.40625
starix,CounterTerrorist,266.7773,2988.982,160.0313,Famas,100,100,173.5232,135.2394,0,False,True,False,305.8594,1.40625
starix,CounterTerrorist,273.5909,2994.219,160.0313,Famas,100,100,175.0466,133.2617,0,False,True,False,304.1016,1.40625
starix,CounterTerrorist,280.46,2999.383,160.0313,Famas,100,100,176.3438,131.5403,0,False,True,False,304.1016,1.40625
starix,CounterTerrorist,287.2573,3004.599,160.0313,Famas,100,100,167.5274,139.5966,0,False,True,False,304.1016,1.40625
starix,CounterTerrorist,293.3043,3010.522,160.0313,Famas,100,100,146.9291,159.1359,0,False,True,False,303.3984,1.757813
starix,CounterTerrorist,298.6859,3017.115,160.0473,Famas,100,100,132.3487,174.7262,0,False,True,False,299.8828,1.757813
starix,CounterTerrorist,303.5477,3024.198,160.0473,Famas,100,100,119.1857,184.9183,0,False,True,False,299.8828,1.757813
starix,CounterTerrorist,308.6054,3031.143,160.0469,Famas,100,100,135.7452,173.1278,0,False,True,False,299.8828,1.757813
starix,CounterTerrorist,314.2145,3037.651,160.0469,Famas,100,100,148.3628,162.4453,0,False,True,False,299.8828,1.757813
starix,CounterTerrorist,320.1578,3043.857,160.0469,Famas,100,100,149.8838,161.043,0,False,True,False,299.5313,1.757813
starix,CounterTerrorist,325.6392,3050.472,160.0469,Famas,100,100,134.2078,174.3223,0,False,True,False,299.5313,1.757813
starix,CounterTerrorist,330.5558,3057.518,160.0469,Famas,100,100,120.586,184.0082,0,False,True,False,299.5313,1.757813
starix,CounterTerrorist,334.9933,3064.875,160.0469,Famas,100,100,109.3369,190.9069,0,False,True,False,298.4766,2.109375
starix,CounterTerrorist,339.7469,3072.03,160.0469,Famas,100,100,129.3098,177.9859,0,False,True,False,297.4219,2.109375
starix,CounterTerrorist,345.178,3078.687,160.1269,Famas,100,100,144.9972,165.4564,0,False,True,False,296.7188,1.757813
starix,CounterTerrorist,351.1375,3084.876,160.2259,Famas,100,100,157.2039,153.9056,0,False,True,False,296.0156,1.757813
starix,CounterTerrorist,357.1884,3090.975,160.323,Famas,100,100,149.4,161.4919,0,False,True,False,295.6641,1.757813
starix,CounterTerrorist,362.707,3097.559,160.4277,Famas,100,100,136.1294,172.8259,0,False,True,False,295.3125,1.757813
starix,CounterTerrorist,367.8026,3104.479,160.5377,Famas,100,100,130.9031,176.8174,0,False,True,False,294.9609,1.757813
starix,CounterTerrorist,373.3197,3111.063,160.6424,Famas,100,100,147.5434,163.1898,0,False,True,False,294.2578,1.757813
starix,CounterTerrorist,379.394,3117.139,160.7013,Famas,100,100,160.3736,150.5998,0,False,True,False,293.5547,1.757813
starix,CounterTerrorist,385.8991,3122.753,160.6914,Famas,100,100,170.3098,139.2644,0,False,True,False,292.8516,1.757813
starix,CounterTerrorist,392.6777,3127.928,160.6355,Famas,100,100,170.0721,126.1488,0,False,True,False,292.1484,1.40625
starix,CounterTerrorist,398.6101,3132.328,160.5867,Famas,100,100,140.4872,104.2046,0,False,True,False,291.7969,1.40625
starix,CounterTerrorist,403.5106,3135.963,160.5463,Famas,100,100,116.0488,86.07769,0,False,True,False,291.4453,1.40625
starix,CounterTerrorist,407.1768,3138.839,160.5161,Famas,100,100,86.93742,74.35888,0,False,True,False,290.7422,1.40625
starix,CounterTerrorist,410.4635,3141.866,160.489,Famas,100,100,85.31694,76.21272,0,False,True,False,290.3906,1.40625
starix,CounterTerrorist,413.9412,3144.671,160.4604,Famas,100,100,91.23837,69.0139,0,False,True,False,290.3906,1.40625
starix,CounterTerrorist,417.6099,3147.221,160.4302,Famas,100,100,95.53004,62.93941,0,False,True,False,290.0391,1.40625
starix,CounterTerrorist,421.4196,3149.556,160.3988,Famas,100,100,98.73489,57.78218,0,False,True,False,289.3359,1.40625
starix,CounterTerrorist,425.3339,3151.712,160.3665,Famas,100,100,101.0866,53.56177,0,False,True,False,289.3359,1.40625
starix,CounterTerrorist,429.3244,3153.723,160.3337,Famas,100,100,102.8088,50.17679,0,False,True,False,288.6328,1.40625
starix,CounterTerrorist,433.3726,3155.615,160.3003,Famas,100,100,104.1337,47.36596,0,False,True,False,288.2813,1.40625
starix,CounterTerrorist,437.4641,3157.411,160.2666,Famas,100,100,105.1112,45.15531,0,False,True,False,288.2813,1.40625
starix,CounterTerrorist,441.5885,3159.132,160.2326,Famas,100,100,105.881,43.3195,0,False,True,False,287.9297,1.40625
starix,CounterTerrorist,445.7398,3160.786,160.1984,Famas,100,100,106.517,41.7312,0,False,True,False,287.5781,1.40625
starix,CounterTerrorist,449.9133,3162.383,160.164,Famas,100,100,107.0477,40.35023,0,False,True,False,287.2266,1.40625
starix,CounterTerrorist,454.1056,3163.93,160.1295,Famas,100,100,107.4963,39.13949,0,False,True,False,286.875,1.40625
starix,CounterTerrorist,458.3138,3165.433,160.0948,Famas,100,100,107.8779,38.07522,0,False,True,False,286.875,1.40625
starix,CounterTerrorist,462.3476,3166.842,160.075,Famas,100,100,96.31667,33.59227,0,False,True,False,286.5234,1.40625
starix,CounterTerrorist,465.7072,3168.014,160.075,Famas,100,100,79.5619,27.74873,0,False,True,False,286.5234,1.40625
starix,CounterTerrorist,468.4817,3168.982,160.075,Famas,100,100,65.62667,22.88855,0,False,True,False,286.1719,1.40625
starix,CounterTerrorist,470.7341,3169.767,160.075,Famas,100,100,52.34857,18.25756,0,False,True,False,286.1719,1.40625
starix,CounterTerrorist,472.4677,3170.372,160.075,Famas,100,100,39.07047,13.62657,0,False,True,False,285.8203,1.40625
starix,CounterTerrorist,473.6827,3170.796,160.075,Famas,100,100,25.79237,8.995583,0,False,True,False,285.8203,1.40625
starix,CounterTerrorist,474.379,3171.039,160.075,Famas,100,100,12.51427,4.364593,0,False,True,False,285.4688,1.40625
starix,CounterTerrorist,474.5626,3171.103,160.075,Famas,100,100,0,0,0,False,True,False,285.1172,1.757813
starix,CounterTerrorist,474.5626,3171.103,160.075,Famas,100,100,0,0,0,False,True,False,285.1172,1.757813
starix,CounterTerrorist,474.5626,3171.103,160.075,Famas,100,100,0,0,0,False,True,False,285.1172,1.757813
starix,CounterTerrorist,474.5626,3171.103,160.075,Famas,100,100,0,0,0,False,True,False,285.1172,1.757813
starix,CounterTerrorist,474.6154,3170.906,160.075,Famas,100,100,4.259422,-15.87604,0,False,True,False,285.1172,1.757813
starix,CounterTerrorist,474.9886,3169.515,160.075,Famas,100,100,13.08598,-48.77506,0,False,True,False,285.1172,1.757813
starix,CounterTerrorist,476.281,3167.258,160.075,Famas,100,100,47.00701,-62.49442,0,False,True,False,285.1172,1.757813
starix,CounterTerrorist,478.8002,3164.693,160.075,Famas,100,100,70.10078,-62.06276,0,False,True,False,285.1172,1.757813
starix,CounterTerrorist,481.2455,3162.528,160.075,Famas,100,100,57.9064,-51.26663,0,False,True,False,285.1172,1.757813
starix,CounterTerrorist,483.2581,3160.746,160.075,Famas,100,100,47.31171,-41.88676,0,False,True,False,285.1172,1.757813
starix,CounterTerrorist,484.8594,3159.328,160.075,Famas,100,100,36.7827,-32.56506,0,False,True,False,284.7656,1.757813
starix,CounterTerrorist,486.0495,3158.275,160.075,Famas,100,100,26.25371,-23.24336,0,False,True,False,284.7656,1.757813
starix,CounterTerrorist,486.8283,3157.585,160.075,Famas,100,100,15.72471,-13.92166,0,False,True,False,284.7656,1.757813
starix,CounterTerrorist,486.5963,3157.096,160.075,Famas,100,100,-22.52565,-13.12092,0,False,True,False,284.7656,1.757813
starix,CounterTerrorist,484.9225,3156.438,160.075,Famas,100,100,-56.23515,-19.71262,0,False,True,False,284.7656,1.757813
starix,CounterTerrorist,483.0368,3155.777,160.075,Famas,100,100,-42.96437,-15.0607,0,False,True,False,285.1172,1.40625
starix,CounterTerrorist,481.6696,3155.298,160.075,Famas,100,100,-29.69359,-10.40877,0,False,True,False,285.1172,1.40625
starix,CounterTerrorist,481.4966,3155.199,160.075,Famas,100,100,14.86207,3.669822,0,False,True,False,285.1172,1.40625
starix,CounterTerrorist,482.6292,3155.496,160.075,Famas,100,100,29.12717,7.665908,0,False,True,False,285.1172,1.40625
starix,CounterTerrorist,483.4482,3155.711,160.075,Famas,100,100,15.52778,4.086719,0,False,True,False,285.1172,1.40625
starix,CounterTerrorist,483.7361,3155.787,160.075,Famas,100,100,1.928394,0.5075292,0,False,True,False,285.1172,1.40625
starix,CounterTerrorist,483.7361,3155.787,160.075,Famas,100,100,0,0,0,False,True,False,285.1172,1.40625
starix,CounterTerrorist,483.7361,3155.787,160.075,Famas,100,100,0,0,0,False,True,False,285.1172,1.40625
starix,CounterTerrorist,483.7361,3155.787,160.075,Famas,100,100,0,0,0,False,True,False,285.1172,1.40625
starix,CounterTerrorist,483.7361,3155.787,160.075,Famas,100,100,0,0,0,False,True,False,285.1172,1.40625
starix,CounterTerrorist,483.7649,3155.679,160.075,Famas,100,100,2.218786,-8.270029,0,False,True,False,285.1172,1.40625
starix,CounterTerrorist,483.9389,3155.031,160.075,Famas,100,100,5.943756,-22.15402,0,False,True,False,285.1172,1.40625
starix,CounterTerrorist,484.2583,3153.84,160.075,Famas,100,100,9.668726,-36.03801,0,False,True,False,285.1172,1.40625
starix,CounterTerrorist,484.7233,3152.107,160.0739,Famas,100,100,13.39369,-49.922,0,False,True,False,285.1172,1.40625
starix,CounterTerrorist,485.1611,3150.475,160.0729,Famas,100,100,9.7497,-36.33983,0,False,True,False,285.1172,1.40625
starix,CounterTerrorist,485.4565,3149.374,160.0722,Famas,100,100,6.105708,-22.75766,0,False,True,False,285.1172,1.40625
starix,CounterTerrorist,485.6096,3148.803,160.0719,Famas,100,100,2.461716,-9.175498,0,False,True,False,285.1172,1.40625
starix,CounterTerrorist,485.6447,3148.672,160.0718,Famas,100,100,1.473792,-5.493231,0,False,True,False,285.1172,1.40625
starix,CounterTerrorist,485.7895,3148.133,160.0715,Famas,100,100,5.198762,-19.37722,0,False,True,False,285.1172,1.757813
starix,CounterTerrorist,486.1075,3147.071,160.0708,Famas,100,100,12.39701,-30.60029,0,False,True,False,285.1172,1.757813
starix,CounterTerrorist,487.0116,3145.831,160.0702,Famas,100,100,29.70581,-32.8856,0,False,True,False,285.1172,1.757813
starix,CounterTerrorist,487.9511,3144.791,160.0696,Famas,100,100,20.27944,-22.4502,0,False,True,False,285.1172,1.757813
starix,CounterTerrorist,488.4651,3144.193,160.0693,Famas,100,100,-2.426893,-4.042748,0,False,True,False,285.1172,1.757813
starix,CounterTerrorist,488.4575,3144.18,160.0693,Famas,100,100,0,0,0,False,True,False,285.1172,1.757813
starix,CounterTerrorist,488.4575,3144.18,160.0693,Famas,100,100,0,0,0,False,True,False,285.1172,1.757813
starix,CounterTerrorist,488.4575,3144.18,160.0693,Famas,100,100,0,0,0,False,True,False,285.1172,1.757813
starix,CounterTerrorist,488.5546,3144.341,160.0693,Famas,100,100,4.096339,6.823735,0,False,True,False,285.1172,1.757813
starix,CounterTerrorist,488.6933,3144.573,160.0693,Famas,100,100,1.078033,1.795802,0,False,True,False,285.1172,1.757813
starix,CounterTerrorist,488.6933,3144.573,160.0693,Famas,100,100,0,0,0,False,True,False,285.1172,1.757813
starix,CounterTerrorist,488.6933,3144.573,160.0693,Famas,100,100,0,0,0,False,True,False,285.1172,1.757813
starix,CounterTerrorist,488.6933,3144.573,160.0693,Famas,100,100,0,0,0,False,True,False,285.1172,1.757813
starix,CounterTerrorist,488.6933,3144.573,160.0693,Famas,100,100,0,0,0,False,True,False,285.1172,1.757813
starix,CounterTerrorist,488.6933,3144.573,160.0693,Famas,100,100,0,0,0,False,True,False,285.1172,1.757813
starix,CounterTerrorist,488.6933,3144.573,160.0693,Famas,100,100,0,0,0,False,True,False,285.1172,1.757813
starix,CounterTerrorist,488.6403,3144.769,160.0693,Famas,100,100,-4.27588,15.87162,0,False,True,False,285.1172,1.757813
starix,CounterTerrorist,488.2656,3146.16,160.0693,Famas,100,100,-13.13654,48.76148,0,False,True,False,285.1172,1.757813
starix,CounterTerrorist,487.545,3148.834,160.0693,Famas,100,100,-21.97038,81.55176,0,False,True,False,285.1172,1.757813
starix,CounterTerrorist,486.5232,3152.627,160.0693,Famas,100,100,-27.7528,103.0155,0,False,True,False,285.1172,1.757813
starix,CounterTerrorist,485.3905,3156.832,160.0693,Famas,100,100,-29.75882,110.4616,0,False,True,False,285.1172,1.757813
starix,CounterTerrorist,484.2281,3161.147,160.0693,Famas,100,100,-29.75882,110.4616,0,False,True,False,285.1172,1.757813
starix,CounterTerrorist,483.0656,3165.462,160.0693,Famas,100,100,-29.75882,110.4616,0,False,True,False,285.1172,1.757813
starix,CounterTerrorist,481.9032,3169.778,160.0693,Famas,100,100,-29.75882,110.4616,0,False,True,False,285.1172,1.757813
starix,CounterTerrorist,480.7495,3174.06,160.0693,Famas,100,100,-28.64287,106.3193,0,False,True,False,285.1172,1.757813
starix,CounterTerrorist,479.7504,3177.769,160.0693,Famas,100,100,-23.6603,87.82452,0,False,True,False,285.1172,1.757813
starix,CounterTerrorist,478.9251,3180.833,160.0693,Famas,100,100,-19.54447,72.547,0,False,True,False,285.1172,1.757813
starix,CounterTerrorist,478.2474,3183.348,160.0693,Famas,100,100,-15.88509,58.96379,0,False,True,False,285.1172,1.757813
starix,CounterTerrorist,477.7127,3185.333,160.0693,Famas,100,100,-12.22702,45.38541,0,False,True,False,285.1172,1.757813
starix,CounterTerrorist,477.3208,3186.788,160.0693,Famas,100,100,-8.56895,31.80704,0,False,True,False,284.7656,1.757813
starix,CounterTerrorist,477.0718,3187.712,160.0693,Famas,100,100,-4.910877,18.22866,0,False,True,False,284.7656,1.757813
starix,CounterTerrorist,476.9657,3188.106,160.0693,Famas,100,100,-1.252804,4.650277,0,False,True,False,284.7656,1.757813
starix,CounterTerrorist,476.9616,3188.121,160.0693,Famas,100,100,0,0,0,False,True,False,284.7656,1.757813
starix,CounterTerrorist,476.9731,3188.078,160.0693,Famas,100,100,1.462399,-5.496275,0,False,True,False,284.7656,1.757813
starix,CounterTerrorist,477.1168,3187.538,160.0693,Famas,100,100,5.158572,-19.38796,0,False,True,False,284.7656,1.757813
starix,CounterTerrorist,477.405,3186.455,160.0693,Famas,100,100,8.854744,-33.27964,0,False,True,False,284.7656,1.757813
starix,CounterTerrorist,477.8375,3184.829,160.0693,Famas,100,100,12.55091,-47.17133,0,False,True,False,284.7656,1.757813
starix,CounterTerrorist,478.4144,3182.661,160.0693,Famas,100,100,16.24709,-61.06303,0,False,True,False,284.7656,1.757813
starix,CounterTerrorist,479.1357,3179.95,160.0693,Famas,100,100,19.94326,-74.95471,0,False,True,False,284.7656,1.757813
starix,CounterTerrorist,479.9943,3176.723,160.0693,Famas,100,100,23.2578,-87.41209,0,False,True,False,284.7656,1.757813
starix,CounterTerrorist,480.9687,3173.062,160.0693,Famas,100,100,25.99577,-97.70246,0,False,True,False,284.7656,1.757813
starix,CounterTerrorist,481.9284,3169.454,160.0693,Famas,100,100,22.72875,-85.42369,0,False,True,False,284.7656,1.757813
starix,CounterTerrorist,482.7212,3166.475,160.0693,Famas,100,100,18.77497,-70.56381,0,False,True,False,284.7656,1.757813
starix,CounterTerrorist,483.3699,3164.037,160.0693,Famas,100,100,15.15915,-56.97412,0,False,True,False,284.7656,1.757813
starix,CounterTerrorist,483.8773,3162.13,160.0693,Famas,100,100,11.54333,-43.38443,0,False,True,False,284.7656,1.757813
starix,CounterTerrorist,484.2434,3160.754,160.0693,Famas,100,100,7.92751,-29.79474,0,False,True,False,284.7656,1.757813
starix,CounterTerrorist,484.4684,3159.909,160.0693,Famas,100,100,4.311689,-16.20504,0,False,True,False,284.7656,1.757813
starix,CounterTerrorist,484.552,3159.594,160.0693,Famas,100,100,0.6958687,-2.615351,0,False,True,False,284.7656,1.757813
starix,CounterTerrorist,484.552,3159.594,160.0693,Famas,100,100,0,0,0,False,True,False,284.7656,1.757813
starix,CounterTerrorist,484.552,3159.594,160.0693,Famas,100,100,0,0,0,False,True,False,284.7656,1.757813
starix,CounterTerrorist,484.552,3159.594,160.0693,Famas,100,100,0,0,0,False,True,False,284.7656,1.757813
starix,CounterTerrorist,484.552,3159.594,160.0693,Famas,100,100,0,0,0,False,True,False,284.7656,1.757813
starix,CounterTerrorist,484.552,3159.594,160.0693,Famas,100,100,0,0,0,False,True,False,284.7656,1.757813
starix,CounterTerrorist,484.552,3159.594,160.0693,Famas,100,100,0,0,0,False,True,False,284.7656,1.757813
starix,CounterTerrorist,484.552,3159.594,160.0693,Famas,100,100,0,0,0,False,True,False,284.7656,1.757813
starix,CounterTerrorist,484.552,3159.594,160.0693,Famas,100,100,0,0,0,False,True,False,284.7656,1.757813
starix,CounterTerrorist,484.552,3159.594,160.0693,Famas,100,100,0,0,0,False,True,False,284.7656,1.757813
starix,CounterTerrorist,484.552,3159.594,160.0693,Famas,100,100,0,0,0,False,True,False,284.7656,1.757813
starix,CounterTerrorist,484.552,3159.594,160.0693,Famas,100,100,0,0,0,False,True,False,284.7656,1.757813
starix,CounterTerrorist,484.552,3159.594,160.0693,Famas,100,100,0,0,0,False,True,False,284.7656,1.757813
starix,CounterTerrorist,484.552,3159.594,160.0693,Famas,100,100,0,0,0,False,True,False,284.7656,1.757813
starix,CounterTerrorist,484.552,3159.594,160.0693,Famas,100,100,0,0,0,False,True,False,284.7656,1.757813
starix,CounterTerrorist,484.552,3159.594,160.0693,Famas,100,100,0,0,0,False,True,False,284.7656,1.757813
starix,CounterTerrorist,484.552,3159.594,160.0693,Famas,100,100,0,0,0,False,True,False,284.7656,1.757813
starix,CounterTerrorist,484.552,3159.594,160.0693,Famas,100,100,0,0,0,False,True,False,284.7656,1.757813
starix,CounterTerrorist,484.552,3159.594,160.0693,Famas,100,100,0,0,0,False,True,False,284.7656,1.757813
starix,CounterTerrorist,484.552,3159.594,160.0693,Famas,100,100,0,0,0,False,True,False,284.7656,1.757813
starix,CounterTerrorist,484.552,3159.594,160.0693,Famas,100,100,0,0,0,False,True,False,284.7656,1.757813
starix,CounterTerrorist,484.552,3159.594,160.0693,Famas,100,100,0,0,0,False,True,False,284.7656,1.757813
starix,CounterTerrorist,484.552,3159.594,160.0693,Famas,100,100,0,0,0,False,True,False,284.7656,1.757813
starix,CounterTerrorist,484.552,3159.594,160.0693,Famas,100,100,0,0,0,False,True,False,284.7656,1.757813
starix,CounterTerrorist,484.552,3159.594,160.0693,Famas,100,100,0,0,0,False,True,False,284.7656,1.757813
starix,CounterTerrorist,484.552,3159.594,160.0693,Famas,100,100,0,0,0,False,True,False,284.7656,1.757813
starix,CounterTerrorist,484.552,3159.594,160.0693,Famas,100,100,0,0,0,False,True,False,284.7656,1.757813
starix,CounterTerrorist,484.552,3159.594,160.0693,Famas,100,100,0,0,0,False,True,False,284.7656,1.757813
starix,CounterTerrorist,484.552,3159.594,160.0693,Famas,100,100,0,0,0,False,True,False,284.7656,1.757813
starix,CounterTerrorist,484.552,3159.594,160.0693,Famas,100,100,0,0,0,False,True,False,284.7656,1.757813
starix,CounterTerrorist,484.552,3159.594,160.0693,Famas,100,100,0,0,0,False,True,False,284.7656,1.757813
starix,CounterTerrorist,484.6327,3159.292,160.0693,Famas,100,100,3.69444,-13.82746,0,False,True,False,284.7656,1.757813
starix,CounterTerrorist,484.864,3158.427,160.0693,Famas,100,100,7.405015,-27.71531,0,False,True,False,284.7656,1.757813
starix,CounterTerrorist,485.2403,3157.018,160.0693,Famas,100,100,11.11559,-41.60315,0,False,True,False,284.7656,1.757813
starix,CounterTerrorist,485.7615,3155.068,160.0693,Famas,100,100,14.82616,-55.49099,0,False,True,False,284.7656,1.757813
starix,CounterTerrorist,486.4276,3152.575,160.0693,Famas,100,100,18.53674,-69.37885,0,False,True,False,284.7656,1.757813
starix,CounterTerrorist,487.1692,3149.799,160.0693,Famas,100,100,17.81821,-66.68959,0,False,True,False,284.7656,1.757813
starix,CounterTerrorist,487.5307,3147.445,160.0693,Famas,100,100,-1.512726,-57.36379,0,False,True,False,284.7656,1.757813
starix,CounterTerrorist,486.8476,3145.348,160.0693,Famas,100,100,-29.83691,-52.09255,0,False,True,False,284.7656,1.757813
starix,CounterTerrorist,484.7905,3143.285,160.0681,Famas,100,100,-67.19442,-53.69009,0,False,True,False,284.7656,1.757813
starix,CounterTerrorist,481.6253,3141.192,160.0661,Famas,100,100,-80.38513,-51.02542,0,False,True,False,285.1172,1.757813
starix,CounterTerrorist,479.5285,3139.608,160.0647,Famas,100,100,-30.50154,-31.97525,0,False,True,False,285.1172,1.40625
starix,CounterTerrorist,479.3496,3138.876,160.0642,Famas,100,100,1.280916,-11.79351,0,False,True,False,285.1172,1.40625
starix,CounterTerrorist,479.3654,3138.73,160.0641,Famas,100,100,0,0,0,False,True,False,285.1172,1.40625
starix,CounterTerrorist,479.3654,3138.73,160.0641,Famas,100,100,0,0,0,False,True,False,285.1172,1.40625
starix,CounterTerrorist,479.3654,3138.73,160.0641,Famas,100,100,0,0,0,False,True,False,285.1172,1.40625
starix,CounterTerrorist,479.3654,3138.73,160.0641,Famas,100,100,0,0,0,False,True,False,285.1172,1.40625
starix,CounterTerrorist,479.9245,3139.365,160.0641,Famas,100,100,20.02539,28.97489,0,False,True,False,285.4688,1.40625
starix,CounterTerrorist,481.037,3141.122,160.0641,Famas,100,100,32.26284,52.17204,0,False,True,False,285.4688,1.40625
starix,CounterTerrorist,482.3543,3143.471,160.0641,Famas,100,100,30.49094,65.89197,0,False,True,False,285.4688,1.40625
starix,CounterTerrorist,483.2481,3146.377,160.0641,Famas,100,100,18.14982,79.77477,0,False,True,False,285.4688,1.40625
starix,CounterTerrorist,483.713,3149.771,160.0641,Famas,100,100,7.997557,91.33652,0,False,True,False,285.4688,1.40625
starix,CounterTerrorist,483.8242,3153.569,160.0641,Famas,100,100,-0.3722411,100.8916,0,False,True,False,285.1172,1.40625
starix,CounterTerrorist,483.7568,3157.287,160.0641,Famas,100,100,-1.596761,88.04881,0,False,True,False,285.1172,1.40625
starix,CounterTerrorist,483.7011,3160.358,160.0641,Famas,100,100,-1.318996,72.73228,0,False,True,False,285.1172,1.40625
starix,CounterTerrorist,483.6555,3162.869,160.0641,Famas,100,100,-1.064015,58.6721,0,False,True,False,285.1172,1.40625
starix,CounterTerrorist,483.62,3164.832,160.0641,Famas,100,100,-0.8090343,44.6119,0,False,True,False,285.1172,1.40625
starix,CounterTerrorist,483.5944,3166.245,160.0641,Famas,100,100,-0.5540537,30.55171,0,False,True,False,285.1172,1.40625
starix,CounterTerrorist,483.5786,3167.11,160.0641,Famas,100,100,-0.2990729,16.49152,0,False,True,False,285.1172,1.40625
starix,CounterTerrorist,483.573,3167.425,160.0641,Famas,100,100,-0.04409207,2.431331,0,False,True,False,285.1172,1.40625
starix,CounterTerrorist,483.573,3167.425,160.0641,Famas,100,100,0,0,0,False,True,False,285.1172,1.40625
starix,CounterTerrorist,483.573,3167.425,160.0641,Famas,100,100,0,0,0,False,True,False,285.1172,1.40625
starix,CounterTerrorist,483.573,3167.425,160.0641,Famas,100,100,0,0,0,False,True,False,285.1172,1.40625
starix,CounterTerrorist,483.573,3167.425,160.0641,Famas,100,100,0,0,0,False,True,False,285.1172,1.40625
starix,CounterTerrorist,483.573,3167.425,160.0641,Famas,100,100,0,0,0,False,True,False,285.1172,1.40625
starix,CounterTerrorist,483.573,3167.425,160.0641,Famas,100,100,0,0,0,False,True,False,285.1172,1.40625
starix,CounterTerrorist,483.573,3167.425,160.0641,Famas,100,100,0,0,0,False,True,False,285.1172,1.40625
starix,CounterTerrorist,483.573,3167.425,160.0641,Famas,100,100,0,0,0,False,True,False,285.1172,1.40625
starix,CounterTerrorist,483.573,3167.425,160.0641,Famas,100,100,0,0,0,False,True,False,285.1172,1.757813
starix,CounterTerrorist,483.6242,3167.23,160.0641,Famas,100,100,2.914176,-11.06001,0,False,True,False,284.7656,1.757813
starix,CounterTerrorist,483.8235,3166.472,160.0641,Famas,100,100,6.562366,-24.96438,0,False,True,False,284.7656,1.757813
starix,CounterTerrorist,484.1655,3165.171,160.0641,Famas,100,100,10.2142,-38.86778,0,False,True,False,284.7656,1.757813
starix,CounterTerrorist,484.6501,3163.327,160.0641,Famas,100,100,13.86665,-52.77102,0,False,True,False,284.7656,1.757813
starix,CounterTerrorist,485.2774,3160.939,160.0641,Famas,100,100,17.51931,-66.6742,0,False,True,False,284.7656,1.757813
starix,CounterTerrorist,486.0466,3158.011,160.0641,Famas,100,100,21.09676,-80.29069,0,False,True,False,284.7656,1.757813
starix,CounterTerrorist,486.9436,3154.597,160.0641,Famas,100,100,24.13131,-91.8408,0,False,True,False,284.7656,1.757813
starix,CounterTerrorist,487.9465,3150.78,160.0641,Famas,100,100,26.638,-101.3817,0,False,True,False,284.7656,1.757813
starix,CounterTerrorist,488.8757,3147.244,160.0641,Famas,100,100,22.00418,-83.74586,0,False,True,False,284.7656,1.757813
starix,CounterTerrorist,488.8445,3144.824,160.0641,Famas,100,100,-24.85938,-41.41108,0,False,True,False,284.7656,1.757813
starix,CounterTerrorist,488.0431,3143.49,160.0641,Famas,100,100,-17.62156,-29.35422,0,False,True,False,284.7656,1.757813
starix,CounterTerrorist,487.5244,3142.625,160.0641,Famas,100,100,-10.38374,-17.29736,0,False,True,False,284.7656,1.757813
starix,CounterTerrorist,487.2884,3142.232,160.0641,Famas,100,100,-3.145913,-5.240501,0,False,True,False,284.7656,1.757813
starix,CounterTerrorist,487.2751,3142.21,160.0641,Famas,100,100,0,0,0,False,True,False,284.7656,1.757813
starix,CounterTerrorist,487.2751,3142.21,160.0641,Famas,100,100,0,0,0,False,True,False,284.7656,1.757813
starix,CounterTerrorist,487.2751,3142.21,160.0641,Famas,100,100,0,0,0,False,True,False,285.1172,1.757813
starix,CounterTerrorist,487.2751,3142.21,160.0641,Famas,100,100,0,0,0,False,True,False,285.1172,1.757813
starix,CounterTerrorist,487.2751,3142.21,160.0641,Famas,100,100,0,0,0,False,True,False,285.1172,1.757813
starix,CounterTerrorist,487.2751,3142.21,160.0641,Famas,100,100,0,0,0,False,True,False,285.1172,1.757813
starix,CounterTerrorist,487.2751,3142.21,160.0641,Famas,100,100,0,0,0,False,True,False,285.1172,1.757813
starix,CounterTerrorist,487.2751,3142.21,160.0641,Famas,100,100,0,0,0,False,True,False,285.1172,1.757813
starix,CounterTerrorist,487.2751,3142.21,160.0641,Famas,100,100,0,0,0,False,True,False,285.1172,1.757813
starix,CounterTerrorist,487.2751,3142.21,160.0641,Famas,100,100,0,0,0,False,True,False,285.1172,1.757813
starix,CounterTerrorist,487.2751,3142.21,160.0641,Famas,100,100,0,0,0,False,True,False,285.1172,1.757813
starix,CounterTerrorist,487.2751,3142.21,160.0641,Famas,100,100,0,0,0,False,True,False,285.1172,1.757813
starix,CounterTerrorist,487.2751,3142.21,160.0641,Famas,100,100,0,0,0,False,True,False,285.1172,1.757813
starix,CounterTerrorist,487.2751,3142.21,160.0641,Famas,100,100,0,0,0,False,True,False,285.1172,1.757813
starix,CounterTerrorist,487.2751,3142.21,160.0641,Famas,100,100,0,0,0,False,True,False,285.1172,1.757813
starix,CounterTerrorist,487.2751,3142.21,160.0641,Famas,100,100,0,0,0,False,True,False,285.1172,1.757813
starix,CounterTerrorist,487.2751,3142.21,160.0641,Famas,100,100,0,0,0,False,True,False,285.1172,1.40625
starix,CounterTerrorist,487.2751,3142.21,160.0641,Famas,100,100,0,0,0,False,True,False,285.1172,1.40625
starix,CounterTerrorist,487.2751,3142.21,160.0641,Famas,100,100,0,0,0,False,True,False,285.1172,1.40625
starix,CounterTerrorist,487.2751,3142.21,160.0641,Famas,100,100,0,0,0,False,True,False,285.1172,1.40625
starix,CounterTerrorist,487.2458,3142.317,160.0641,Famas,100,100,-2.253064,8.260756,0,False,True,False,285.1172,1.40625
starix,CounterTerrorist,487.0696,3142.965,160.0641,Famas,100,100,-6.011928,22.13561,0,False,True,False,285.1172,1.757813
starix,CounterTerrorist,486.7476,3144.156,160.0641,Famas,100,100,-9.732748,36.02074,0,False,True,False,285.1172,1.757813
starix,CounterTerrorist,486.2799,3145.888,160.0641,Famas,100,100,-13.46441,49.90294,0,False,True,False,285.1172,1.757813
starix,CounterTerrorist,485.7358,3147.906,160.0641,Famas,100,100,-12.76085,47.30917,0,False,True,False,285.1172,1.757813
starix,CounterTerrorist,485.3232,3149.435,160.0641,Famas,100,100,-9.098615,33.73191,0,False,True,False,285.1172,1.757813
starix,CounterTerrorist,485.0536,3150.435,160.0641,Famas,100,100,-5.436378,20.15465,0,False,True,False,285.1172,1.757813
starix,CounterTerrorist,484.927,3150.904,160.0641,Famas,100,100,-1.774142,6.577396,0,False,True,False,285.1172,1.757813
starix,CounterTerrorist,484.9165,3150.943,160.0641,Famas,100,100,0,0,0,False,True,False,285.1172,1.757813
starix,CounterTerrorist,484.9165,3150.943,160.0641,Famas,100,100,0,0,0,False,True,False,285.1172,1.757813
starix,CounterTerrorist,484.9165,3150.943,160.0641,Famas,100,100,0,0,0,False,True,False,285.1172,1.757813
starix,CounterTerrorist,484.9165,3150.943,160.0641,Famas,100,100,0,0,0,False,True,False,285.1172,1.757813
starix,CounterTerrorist,484.9165,3150.943,160.0641,Famas,100,100,0,0,0,False,True,False,285.1172,1.757813
starix,CounterTerrorist,484.9165,3150.943,160.0641,Famas,100,100,0,0,0,False,True,False,285.1172,1.757813
starix,CounterTerrorist,484.9165,3150.943,160.0641,Famas,100,100,0,0,0,False,True,False,285.1172,1.757813
starix,CounterTerrorist,484.9165,3150.943,160.0641,Famas,100,100,0,0,0,False,True,False,285.1172,1.757813
starix,CounterTerrorist,484.9165,3150.943,160.0641,Famas,100,100,0,0,0,False,True,False,285.1172,1.757813
starix,CounterTerrorist,484.9165,3150.943,160.0641,Famas,100,100,0,0,0,False,True,False,285.1172,1.757813
starix,CounterTerrorist,484.9165,3150.943,160.0641,Famas,100,100,0,0,0,False,True,False,285.1172,1.757813
starix,CounterTerrorist,484.9165,3150.943,160.0641,Famas,100,100,0,0,0,False,True,False,285.1172,1.757813
starix,CounterTerrorist,484.9165,3150.943,160.0641,Famas,100,100,0,0,0,False,True,False,285.1172,1.757813
starix,CounterTerrorist,484.9165,3150.943,160.0641,Famas,100,100,0,0,0,False,True,False,285.1172,1.757813
starix,CounterTerrorist,484.9165,3150.943,160.0641,Famas,100,100,0,0,0,False,True,False,285.1172,1.757813
starix,CounterTerrorist,484.9165,3150.943,160.0641,Famas,100,100,0,0,0,False,True,False,285.1172,1.757813
starix,CounterTerrorist,484.9165,3150.943,160.0641,Famas,100,100,0,0,0,False,True,False,285.1172,1.757813
starix,CounterTerrorist,484.9165,3150.943,160.0641,Famas,100,100,0,0,0,False,True,False,285.1172,1.757813
starix,CounterTerrorist,484.9165,3150.943,160.0641,Famas,100,100,0,0,0,False,True,False,285.1172,1.757813
starix,CounterTerrorist,484.9165,3150.943,160.0641,Famas,100,100,0,0,0,False,True,False,285.1172,1.757813
starix,CounterTerrorist,484.9165,3150.943,160.0641,Famas,100,100,0,0,0,False,True,False,285.1172,1.757813
starix,CounterTerrorist,484.9165,3150.943,160.0641,Famas,100,100,0,0,0,False,True,False,285.1172,1.757813
starix,CounterTerrorist,484.9165,3150.943,160.0641,Famas,100,100,0,0,0,False,True,False,285.1172,1.757813
starix,CounterTerrorist,484.9165,3150.943,160.0641,Famas,100,100,0,0,0,False,True,False,285.1172,1.757813
starix,CounterTerrorist,484.9165,3150.943,160.0641,Famas,100,100,0,0,0,False,True,False,285.1172,1.757813
starix,CounterTerrorist,484.9165,3150.943,160.0641,Famas,100,100,0,0,0,False,True,False,285.1172,1.757813
starix,CounterTerrorist,484.0418,3150.698,160.0641,Famas,100,100,-35.49022,-10.00944,0,False,True,False,286.1719,1.757813
starix,CounterTerrorist,481.891,3150.077,160.0641,Famas,100,100,-68.07812,-19.92593,0,False,True,False,286.875,1.757813
starix,CounterTerrorist,478.6356,3149.444,160.0641,Famas,100,100,-86.67572,-1.970863,0,False,True,False,287.5781,1.757813
starix,CounterTerrorist,475.2863,3150.397,160.0641,Famas,100,100,-85.21641,40.89268,0,False,True,False,287.9297,1.757813
starix,CounterTerrorist,472.1475,3152.831,160.0641,Famas,100,100,-70.00218,75.13348,0,False,True,False,288.2813,1.757813
starix,CounterTerrorist,470.4058,3156.157,160.0641,Famas,100,100,-23.93199,85.95673,0,False,True,False,288.6328,1.757813
starix,CounterTerrorist,470.1713,3159.357,160.0641,Famas,100,100,-3.798687,76.35484,0,False,True,False,288.6328,1.757813
starix,CounterTerrorist,470.0394,3162.008,160.0641,Famas,100,100,-3.097235,62.25542,0,False,True,False,288.6328,1.757813
starix,CounterTerrorist,469.9348,3164.111,160.0641,Famas,100,100,-2.398484,48.2103,0,False,True,False,288.6328,1.757813
starix,CounterTerrorist,469.8575,3165.665,160.0641,Famas,100,100,-1.699733,34.16517,0,False,True,False,288.9844,1.757813
starix,CounterTerrorist,469.8075,3166.67,160.0641,Famas,100,100,-1.000981,20.12004,0,False,True,False,289.3359,1.757813
starix,CounterTerrorist,469.7848,3167.127,160.0641,Famas,100,100,-0.3022295,6.074909,0,False,True,False,289.3359,1.757813
starix,CounterTerrorist,469.7835,3167.153,160.0641,Famas,100,100,0,0,0,False,True,False,289.3359,1.757813
starix,CounterTerrorist,469.7835,3167.153,160.0641,Famas,100,100,0,0,0,False,True,False,289.3359,1.757813
starix,CounterTerrorist,469.7835,3167.153,160.0641,Famas,100,100,0,0,0,False,True,False,288.9844,1.757813
starix,CounterTerrorist,469.7835,3167.153,160.0641,Famas,100,100,0,0,0,False,True,False,288.9844,1.757813
starix,CounterTerrorist,469.7835,3167.153,160.0641,Famas,100,100,0,0,0,False,True,False,288.9844,1.757813
starix,CounterTerrorist,469.7835,3167.153,160.0641,Famas,100,100,0,0,0,False,True,False,288.9844,1.757813
starix,CounterTerrorist,469.7835,3167.153,160.0641,Famas,100,100,0,0,0,False,True,False,288.9844,1.757813
starix,CounterTerrorist,469.7835,3167.153,160.0641,Famas,100,100,0,0,0,False,True,False,288.9844,1.757813
starix,CounterTerrorist,469.7835,3167.153,160.0641,Famas,100,100,0,0,0,False,True,False,288.9844,1.757813
starix,CounterTerrorist,469.7835,3167.153,160.0641,Famas,100,100,0,0,0,False,True,False,288.9844,1.757813
starix,CounterTerrorist,469.7835,3167.153,160.0641,Famas,100,100,0,0,0,False,True,False,288.9844,1.757813
starix,CounterTerrorist,469.7835,3167.153,160.0641,Famas,100,100,0,0,0,False,True,False,288.9844,1.757813
starix,CounterTerrorist,469.7835,3167.153,160.0641,Famas,100,100,0,0,0,False,True,False,288.9844,1.757813
starix,CounterTerrorist,469.7835,3167.153,160.0641,Famas,100,100,0,0,0,False,True,False,289.3359,1.757813
starix,CounterTerrorist,469.7835,3167.153,160.0641,Famas,100,100,0,0,0,False,True,False,290.0391,1.757813
starix,CounterTerrorist,469.7835,3167.153,160.0641,Famas,100,100,0,0,0,False,True,False,291.0938,2.109375
starix,CounterTerrorist,469.2054,3166.928,160.0641,Famas,100,100,-28.02872,-10.86944,0,False,True,False,291.0938,2.109375
starix,CounterTerrorist,467.5766,3166.297,160.0641,Famas,100,100,-41.83591,-16.23334,0,False,True,False,291.0938,2.109375
starix,CounterTerrorist,466.67,3165.946,160.0641,Famas,100,100,-1.822822,-0.6584093,0,False,True,False,291.4453,2.109375
starix,CounterTerrorist,467.5162,3166.275,160.0641,Famas,100,100,34.36963,13.3601,0,False,True,False,291.0938,2.109375
starix,CounterTerrorist,469.3938,3167.002,160.0641,Famas,100,100,48.21071,18.63625,0,False,True,False,290.7422,2.109375
starix,CounterTerrorist,470.9696,3167.611,160.0641,Famas,100,100,35.0941,13.56591,0,False,True,False,290.3906,2.109375
starix,CounterTerrorist,472.0331,3168.022,160.0641,Famas,100,100,21.97749,8.495578,0,False,True,False,290.0391,2.109375
starix,CounterTerrorist,472.5841,3168.235,160.0641,Famas,100,100,8.860868,3.425242,0,False,True,False,290.0391,2.109375
starix,CounterTerrorist,472.6689,3168.268,160.0641,Famas,100,100,0,0,0,False,True,False,290.0391,2.109375
starix,CounterTerrorist,472.6689,3168.268,160.0641,Famas,100,100,0,0,0,False,True,False,290.0391,2.109375
starix,CounterTerrorist,472.6689,3168.268,160.0641,Famas,100,100,0,0,0,False,True,False,290.0391,2.109375
starix,CounterTerrorist,472.6689,3168.268,160.0641,Famas,100,100,0,0,0,False,True,False,290.0391,2.109375
starix,CounterTerrorist,472.6689,3168.268,160.0641,Famas,100,100,0,0,0,False,True,False,290.0391,2.109375
starix,CounterTerrorist,472.6689,3168.268,160.0641,Famas,100,100,0,0,0,False,True,False,290.0391,2.109375
starix,CounterTerrorist,472.6689,3168.268,160.0641,Famas,100,100,0,0,0,False,True,False,290.0391,2.109375
starix,CounterTerrorist,473.3471,3167.763,160.0641,Famas,100,100,30.52136,-17.58701,0,False,True,False,290.0391,2.109375
starix,CounterTerrorist,474.6742,3166.224,160.0641,Famas,100,100,36.8879,-53.25787,0,False,True,False,290.0391,2.109375
starix,CounterTerrorist,476.3191,3163.373,160.0641,Famas,100,100,45.5375,-85.55765,0,False,True,False,290.0391,2.109375
starix,CounterTerrorist,478.0979,3160.031,171.1283,Famas,100,100,45.5375,-85.55765,267.6184,False,True,False,290.0391,2.8125
starix,CounterTerrorist,479.8768,3156.688,189.9718,Famas,100,100,45.5375,-85.55765,236.3684,False,True,False,289.6875,3.867188
starix,CounterTerrorist,481.6905,3153.358,198.5947,Famas,100,100,49.99969,-83.96941,205.1184,False,True,False,289.6875,3.867188
starix,CounterTerrorist,483.9938,3150.203,205.9968,Famas,100,100,60.41193,-80.26337,173.8684,False,True,False,289.6875,3.867188
starix,CounterTerrorist,486.3536,3147.068,212.1782,Famas,100,100,60.41194,-80.26337,142.6184,False,True,False,289.6875,3.867188
starix,CounterTerrorist,488.7133,3143.934,217.1389,Famas,100,100,60.41194,-80.26337,111.3684,False,True,False,289.3359,4.21875
starix,CounterTerrorist,491.0731,3140.799,220.8789,Famas,100,100,60.41194,-80.26337,80.11838,False,True,False,288.6328,4.570313
starix,CounterTerrorist,493.4329,3137.664,223.3982,Famas,100,100,60.41194,-80.26337,48.86838,False,True,False,288.2813,4.921875
starix,CounterTerrorist,495.7927,3134.529,224.6968,Famas,100,100,60.41194,-80.26337,17.61838,False,True,False,287.9297,5.273438
starix,CounterTerrorist,498.1524,3131.395,215.7747,Famas,100,100,60.41194,-80.26337,-13.63162,False,True,False,287.2266,5.273438
starix,CounterTerrorist,500.5122,3128.26,214.6319,Famas,100,100,60.41194,-80.26337,0,False,True,False,286.5234,5.273438
starix,CounterTerrorist,502.5607,3125.696,212.8063,Famas,100,100,31.38574,7.83891,0,False,True,False,286.5234,5.273438
starix,CounterTerrorist,503.4669,3125.922,212.8063,Famas,100,100,17.74234,4.431332,0,False,True,False,286.1719,5.273438
starix,CounterTerrorist,503.8402,3126.015,212.8063,Famas,100,100,4.09894,1.023752,0,False,True,False,285.8203,5.273438
starix,CounterTerrorist,503.8509,3126.018,212.8063,Famas,100,100,0,0,0,False,True,False,285.8203,5.273438
starix,CounterTerrorist,503.8509,3126.018,212.8063,Famas,100,100,0,0,0,False,True,False,285.8203,5.273438
starix,CounterTerrorist,503.8509,3126.018,212.8063,Famas,100,100,0,0,0,False,True,False,285.8203,5.273438
starix,CounterTerrorist,503.8509,3126.018,212.8063,Famas,100,100,0,0,0,False,True,False,286.1719,5.273438
starix,CounterTerrorist,503.8509,3126.018,212.8063,Famas,100,100,0,0,0,False,True,False,286.875,5.273438
starix,CounterTerrorist,503.8509,3126.018,212.8063,Famas,100,100,0,0,0,False,True,False,288.6328,5.273438
starix,CounterTerrorist,503.8509,3126.018,212.8063,Famas,100,100,0,0,0,False,True,False,290.3906,4.921875
starix,CounterTerrorist,503.8509,3126.018,212.8063,Famas,100,100,0,0,0,False,True,False,290.7422,4.921875
starix,CounterTerrorist,503.8509,3126.018,212.8063,Famas,100,100,0,0,0,False,True,False,290.7422,5.273438
starix,CounterTerrorist,503.8509,3126.018,212.8063,Famas,100,100,0,0,0,False,True,False,290.3906,5.273438
starix,CounterTerrorist,504.145,3126.124,212.8063,Famas,100,100,13.48018,4.809366,0,False,True,False,289.3359,5.273438
starix,CounterTerrorist,504.9902,3126.421,212.8063,Famas,100,100,27.0768,9.47637,0,False,True,False,288.9844,5.273438
starix,CounterTerrorist,506.4537,3126.931,212.8063,Famas,100,100,48.10958,16.73494,0,False,True,False,288.9844,5.273438
starix,CounterTerrorist,509.0867,3127.845,212.8063,Famas,100,100,80.20354,27.78507,0,False,True,False,288.9844,5.273438
starix,CounterTerrorist,512.0025,3128.855,212.8063,Famas,100,100,56.05638,19.5478,0,False,True,False,288.6328,5.273438
starix,CounterTerrorist,512.8124,3129.15,212.8063,Famas,100,100,-2.785414,-0.559875,0,False,True,False,288.6328,5.273438
starix,CounterTerrorist,512.0226,3128.882,212.8063,Famas,100,100,-25.82133,-8.79581,0,False,True,False,288.9844,5.273438
starix,CounterTerrorist,511.326,3128.645,212.8063,Famas,100,100,-12.50995,-4.261403,0,False,True,False,289.3359,5.273438
starix,CounterTerrorist,511.143,3128.583,212.8063,Famas,100,100,0,0,0,False,True,False,289.3359,5.273438
starix,CounterTerrorist,511.143,3128.583,212.8063,Famas,100,100,0,0,0,False,True,False,289.3359,5.273438
starix,CounterTerrorist,511.143,3128.583,212.8063,Famas,100,100,0,0,0,False,True,False,288.9844,5.273438
starix,CounterTerrorist,511.143,3128.583,212.8063,Famas,100,100,0,0,0,False,True,False,288.9844,5.273438
starix,CounterTerrorist,511.143,3128.583,212.8063,Famas,100,100,0,0,0,False,True,False,288.9844,5.273438
starix,CounterTerrorist,511.143,3128.583,212.8063,Famas,100,100,0,0,0,False,True,False,288.9844,5.273438
starix,CounterTerrorist,511.143,3128.583,212.8063,Famas,100,100,0,0,0,False,True,False,288.9844,5.273438
starix,CounterTerrorist,511.143,3128.583,212.8063,Famas,100,100,0,0,0,False,True,False,288.9844,5.273438
starix,CounterTerrorist,511.143,3128.583,212.8063,Famas,100,100,0,0,0,False,True,False,288.9844,5.273438
starix,CounterTerrorist,511.143,3128.583,212.8063,Famas,100,100,0,0,0,False,True,False,288.9844,5.273438
starix,CounterTerrorist,511.143,3128.583,212.8063,Famas,100,100,0,0,0,False,True,False,288.9844,5.273438
starix,CounterTerrorist,511.143,3128.583,212.8063,Famas,100,100,0,0,0,False,True,False,288.9844,5.273438
starix,CounterTerrorist,511.143,3128.583,212.8063,Famas,100,100,0,0,0,False,True,False,288.9844,5.273438
starix,CounterTerrorist,511.143,3128.583,212.8063,Famas,100,100,0,0,0,False,True,False,288.9844,5.273438
starix,CounterTerrorist,511.143,3128.583,212.8063,Famas,100,100,0,0,0,False,True,False,288.9844,5.273438
starix,CounterTerrorist,511.143,3128.583,212.8063,Famas,100,100,0,0,0,False,True,False,288.9844,5.273438
starix,CounterTerrorist,511.0751,3128.943,212.8063,Famas,100,100,-0.2158351,21.53359,0,False,True,False,288.9844,5.273438
starix,CounterTerrorist,511.5151,3130.474,212.8063,Famas,100,100,18.1881,51.08361,0,False,True,False,288.9844,5.273438
starix,CounterTerrorist,512.2665,3133.193,212.8063,Famas,100,100,12.86897,82.2454,0,False,True,False,288.9844,5.273438
starix,CounterTerrorist,512.1117,3136.798,212.8063,Famas,100,100,-20.25264,88.80656,0,False,True,False,288.6328,5.273438
starix,CounterTerrorist,510.3892,3139.55,212.8063,Famas,100,100,-59.00594,58.99868,0,False,True,False,288.6328,5.273438
starix,CounterTerrorist,508.0007,3141.496,212.8063,Famas,100,100,-56.56313,46.07889,0,False,True,False,288.6328,5.273438
starix,CounterTerrorist,506.0467,3143.088,212.8063,Famas,100,100,-45.66048,37.19709,0,False,True,False,288.9844,5.273438
starix,CounterTerrorist,504.5186,3144.333,212.8063,Famas,100,100,-34.75783,28.3153,0,False,True,False,288.9844,5.273438
starix,CounterTerrorist,503.4164,3145.231,212.8063,Famas,100,100,-23.85518,19.43351,0,False,True,False,288.9844,5.273438
starix,CounterTerrorist,502.7401,3145.782,212.8063,Famas,100,100,-12.95253,10.55172,0,False,True,False,288.9844,5.273438
starix,CounterTerrorist,502.4897,3145.986,212.8063,Famas,100,100,-2.049887,1.669931,0,False,True,False,288.9844,4.921875
starix,CounterTerrorist,502.4897,3145.986,212.8063,Famas,100,100,0,0,0,False,True,False,288.9844,4.921875
starix,CounterTerrorist,502.4897,3145.986,212.8063,Famas,100,100,0,0,0,False,True,False,288.9844,4.921875
starix,CounterTerrorist,502.4897,3145.986,212.8063,Famas,100,100,0,0,0,False,True,False,288.9844,4.921875
starix,CounterTerrorist,502.4897,3145.986,212.8063,Famas,100,100,0,0,0,False,True,False,288.9844,4.921875
starix,CounterTerrorist,502.4897,3145.986,212.8063,Famas,100,100,0,0,0,False,True,False,288.9844,4.921875
starix,CounterTerrorist,502.4897,3145.986,212.8063,Smoke,100,100,0,0,0,False,True,False,288.9844,4.921875
starix,CounterTerrorist,502.4897,3145.986,212.8063,Smoke,100,100,0,0,0,False,True,False,288.9844,4.921875
starix,CounterTerrorist,502.4897,3145.986,212.8063,Famas,100,100,0,0,0,False,True,False,288.9844,4.921875
starix,CounterTerrorist,502.4897,3145.986,212.8063,Famas,100,100,0,0,0,False,True,False,288.9844,4.921875
starix,CounterTerrorist,502.4897,3145.986,212.8063,Famas,100,100,0,0,0,False,True,False,288.9844,4.921875
starix,CounterTerrorist,502.4897,3145.986,212.8063,Famas,100,100,0,0,0,False,True,False,288.9844,4.921875
starix,CounterTerrorist,502.4897,3145.986,212.8063,Famas,100,100,0,0,0,False,True,False,288.9844,4.921875
starix,CounterTerrorist,502.4897,3145.986,212.8063,Famas,100,100,0,0,0,False,True,False,288.9844,4.921875
starix,CounterTerrorist,502.4897,3145.986,212.8063,Famas,100,100,0,0,0,False,True,False,288.9844,4.921875
starix,CounterTerrorist,502.4897,3145.986,212.8063,Famas,100,100,0,0,0,False,True,False,288.9844,4.921875
starix,CounterTerrorist,502.5562,3145.793,212.8063,Famas,100,100,5.367126,-15.53658,0,False,True,False,288.9844,4.921875
starix,CounterTerrorist,503.0265,3144.432,212.8063,Famas,100,100,16.48912,-47.73215,0,False,True,False,288.9844,4.921875
starix,CounterTerrorist,503.871,3141.988,212.8063,Famas,100,100,23.75413,-68.76265,0,False,True,False,288.9844,4.921875
starix,CounterTerrorist,504.8206,3139.239,212.8063,Famas,100,100,22.81986,-66.05816,0,False,True,False,288.9844,4.921875
starix,CounterTerrorist,505.6044,3136.97,212.8063,Famas,100,100,18.22821,-52.7664,0,False,True,False,288.9844,4.921875
starix,CounterTerrorist,506.2088,3135.22,212.8063,Famas,100,100,13.63656,-39.47464,0,False,True,False,288.9844,4.921875
starix,CounterTerrorist,506.6339,3133.99,212.8063,Famas,100,100,9.044912,-26.18289,0,False,True,False,288.9844,4.921875
starix,CounterTerrorist,506.8795,3133.278,212.8063,Famas,100,100,4.453259,-12.89114,0,False,True,False,288.9844,4.921875
starix,CounterTerrorist,506.947,3133.083,212.8063,Famas,100,100,0,0,0,False,True,False,288.9844,4.921875
starix,CounterTerrorist,506.947,3133.083,212.8063,Famas,100,100,0,0,0,False,True,False,288.9844,4.921875
starix,CounterTerrorist,506.947,3133.083,212.8063,Famas,100,100,0,0,0,False,True,False,288.9844,4.921875
starix,CounterTerrorist,506.947,3133.083,212.8063,Famas,100,100,0,0,0,False,True,False,288.9844,4.921875
starix,CounterTerrorist,506.947,3133.083,212.8063,Famas,100,100,0,0,0,False,True,False,288.9844,4.921875
starix,CounterTerrorist,506.947,3133.083,212.8063,Famas,100,100,0,0,0,False,True,False,288.9844,4.921875
starix,CounterTerrorist,506.947,3133.083,212.8063,Famas,100,100,0,0,0,False,True,False,288.9844,4.921875
starix,CounterTerrorist,506.947,3133.083,212.8063,Famas,100,100,0,0,0,False,True,False,288.9844,4.921875
starix,CounterTerrorist,506.947,3133.083,212.8063,Famas,100,100,0,0,0,False,True,False,288.9844,4.921875
starix,CounterTerrorist,506.947,3133.083,212.8063,Famas,100,100,0,0,0,False,True,False,288.9844,4.921875
starix,CounterTerrorist,506.947,3133.083,212.8063,Famas,100,100,0,0,0,False,True,False,288.9844,4.921875
starix,CounterTerrorist,506.947,3133.083,212.8063,Famas,100,100,0,0,0,False,True,False,288.9844,4.921875
starix,CounterTerrorist,506.947,3133.083,212.8063,Famas,100,100,0,0,0,False,True,False,288.9844,4.921875
starix,CounterTerrorist,506.947,3133.083,212.8063,Famas,100,100,0,0,0,False,True,False,288.9844,4.921875
starix,CounterTerrorist,506.947,3133.083,212.8063,Famas,100,100,0,0,0,False,True,False,288.9844,4.921875
starix,CounterTerrorist,506.947,3133.083,212.8063,Famas,100,100,0,0,0,False,True,False,288.9844,4.921875
starix,CounterTerrorist,506.947,3133.083,212.8063,Famas,100,100,0,0,0,False,True,False,288.9844,4.921875
starix,CounterTerrorist,506.947,3133.083,212.8063,Famas,100,100,0,0,0,False,True,False,288.9844,4.921875
starix,CounterTerrorist,506.947,3133.083,212.8063,Famas,100,100,0,0,0,False,True,False,288.9844,4.921875
starix,CounterTerrorist,507.0181,3133.108,212.8063,Famas,100,100,9.103963,3.123857,0,False,True,False,288.9844,4.921875
starix,CounterTerrorist,508.129,3133.489,212.8063,Famas,100,100,41.33146,14.153,0,False,True,False,288.9844,4.921875
starix,CounterTerrorist,508.4061,3133.583,212.8063,Famas,100,100,-12.18361,-4.162398,0,False,True,False,288.9844,4.921875
starix,CounterTerrorist,507.1748,3133.163,212.8063,Famas,100,100,-44.41301,-15.18598,0,False,True,False,288.9844,4.921875
starix,CounterTerrorist,505.1825,3132.481,212.8063,Famas,100,100,-40.21408,-13.75054,0,False,True,False,288.9844,4.921875
starix,CounterTerrorist,504.9493,3132.402,212.8063,Famas,100,100,13.31107,4.535345,0,False,True,False,288.6328,4.921875
starix,CounterTerrorist,506.2251,3132.836,212.8063,Famas,100,100,45.56374,15.49065,0,False,True,False,288.6328,4.921875
starix,CounterTerrorist,508.7612,3133.696,212.8063,Famas,100,100,77.81892,26.39481,0,False,True,False,288.6328,4.921875
starix,CounterTerrorist,511.4734,3134.616,212.8063,Famas,100,100,64.06156,21.72855,0,False,True,False,288.6328,4.921875
starix,CounterTerrorist,513.6637,3135.359,212.8063,Famas,100,100,50.74426,17.21156,0,False,True,False,288.2813,5.273438
starix,CounterTerrorist,515.2623,3135.902,212.8063,Famas,100,100,28.28797,9.674734,0,False,True,False,288.2813,5.273438
starix,CounterTerrorist,515.444,3135.967,212.8063,Famas,100,100,0,0,0,False,True,False,288.2813,5.273438
starix,CounterTerrorist,515.444,3135.967,212.8063,Famas,100,100,0,0,0,False,True,False,288.2813,5.273438
starix,CounterTerrorist,515.444,3135.967,212.8063,Famas,100,100,0,0,0,False,True,False,288.2813,5.273438
starix,CounterTerrorist,515.444,3135.967,212.8063,Famas,100,100,0,0,0,False,True,False,288.2813,5.273438
starix,CounterTerrorist,515.0781,3135.846,212.8063,Famas,100,100,-22.07602,-7.294656,0,False,True,False,288.2813,5.273438
starix,CounterTerrorist,513.4576,3135.311,212.8063,Famas,100,100,-54.41856,-17.98172,0,False,True,False,288.2813,5.273438
starix,CounterTerrorist,511.3592,3134.617,212.8063,Famas,100,100,-41.06613,-13.56963,0,False,True,False,288.2813,5.273438
starix,CounterTerrorist,511.0973,3134.531,212.8063,Famas,100,100,12.64031,4.17678,0,False,True,False,288.2813,5.273438
starix,CounterTerrorist,512.3491,3134.945,212.8063,Famas,100,100,44.98285,14.86384,0,False,True,False,288.2813,5.273438
starix,CounterTerrorist,514.793,3135.752,212.8063,Famas,100,100,68.1864,22.53108,0,False,True,False,288.2813,5.273438
starix,CounterTerrorist,517.1436,3136.529,212.8063,Famas,100,100,54.83397,18.11899,0,False,True,False,288.2813,5.273438
starix,CounterTerrorist,520.0394,3137.484,212.8063,Famas,100,100,86.7318,28.58982,0,False,True,False,288.2813,5.273438
starix,CounterTerrorist,524.0134,3138.791,212.8063,Famas,100,100,104.9451,34.46535,0,False,True,False,287.9297,5.273438
starix,CounterTerrorist,527.6741,3139.993,212.8063,Famas,100,100,86.68941,28.46993,0,False,True,False,287.2266,5.273438
starix,CounterTerrorist,530.6979,3140.987,212.8063,Famas,100,100,71.60934,23.51744,0,False,True,False,287.2266,5.273438
starix,CounterTerrorist,533.1815,3141.802,212.8063,Famas,100,100,58.23564,19.12534,0,False,True,False,287.2266,5.273438
starix,CounterTerrorist,535.1431,3142.447,212.8063,Famas,100,100,44.8752,14.7376,0,False,True,False,287.2266,5.273438
starix,CounterTerrorist,536.5829,3142.919,212.8063,Famas,100,100,31.51475,10.34985,0,False,True,False,287.2266,5.273438
starix,CounterTerrorist,537.5009,3143.221,212.8063,Famas,100,100,18.1543,5.962108,0,False,True,False,287.2266,5.273438
starix,CounterTerrorist,537.897,3143.351,212.8063,Famas,100,100,4.793852,1.574363,0,False,True,False,286.875,5.273438
starix,CounterTerrorist,537.9136,3143.356,212.8063,Famas,100,100,0,0,0,False,True,False,286.875,5.273438
starix,CounterTerrorist,537.3204,3143.176,212.8063,Famas,100,100,-28.7613,-8.748792,0,False,True,False,286.875,5.273438
starix,CounterTerrorist,535.5418,3142.471,212.8063,Famas,100,100,-52.10739,-29.72101,0,False,True,False,286.875,5.273438
starix,CounterTerrorist,533.2493,3140.504,212.8063,Famas,100,100,-63.2481,-63.46366,0,False,True,False,286.875,5.273438
starix,CounterTerrorist,530.5361,3137.345,212.8063,Famas,100,100,-73.34426,-91.77277,0,False,True,False,286.875,5.273438
starix,CounterTerrorist,527.4341,3133.242,212.8063,Famas,100,100,-86.35007,-109.4568,0,False,True,False,286.875,5.273438
starix,CounterTerrorist,523.3947,3129.633,212.8063,Famas,100,100,-114.0718,0,0,False,True,False,286.875,5.273438
starix,CounterTerrorist,518.8097,3129.633,212.8063,Famas,100,100,-110.3523,0,0,False,True,False,286.875,5.273438
starix,CounterTerrorist,515.0321,3129.656,212.8063,Famas,100,100,-81.98011,2.905901,0,False,True,False,287.5781,5.273438
starix,CounterTerrorist,513.2407,3130.072,212.8063,Famas,100,100,-22.10751,15.09611,0,False,True,False,287.5781,5.273438
starix,CounterTerrorist,512.6493,3130.476,212.8063,Famas,100,100,-10.49427,7.166007,0,False,True,False,287.9297,5.273438
starix,CounterTerrorist,512.5028,3130.576,212.8063,Famas,100,100,0,0,0,False,True,False,287.9297,5.273438
starix,CounterTerrorist,512.5028,3130.576,212.8063,Famas,100,100,0,0,0,False,True,False,287.9297,5.273438
starix,CounterTerrorist,512.4313,3130.552,212.8063,Famas,100,100,-9.148344,-2.991392,0,False,True,False,287.9297,5.273438
starix,CounterTerrorist,511.3155,3130.187,212.8063,Famas,100,100,-41.50399,-13.63869,0,False,True,False,288.2813,5.273438
starix,CounterTerrorist,508.937,3129.401,212.8063,Famas,100,100,-73.81209,-24.42968,0,False,True,False,288.2813,5.273438
starix,CounterTerrorist,506.0315,3128.438,212.8063,Famas,100,100,-68.80464,-22.80423,0,False,True,False,288.6328,5.625
starix,CounterTerrorist,504.3679,3127.896,212.8063,Famas,100,100,-19.03949,-5.889205,0,False,True,False,288.9844,5.625
starix,CounterTerrorist,504.3623,3127.902,212.8063,Famas,100,100,0,0,0,False,True,False,288.9844,5.625
starix,CounterTerrorist,504.3623,3127.902,212.8063,Famas,100,100,0,0,0,False,True,False,288.9844,5.625
starix,CounterTerrorist,504.3623,3127.902,212.8063,Famas,100,100,0,0,0,False,True,False,288.9844,5.625
starix,CounterTerrorist,504.3623,3127.902,212.8063,Famas,100,100,0,0,0,False,True,False,288.9844,5.625
starix,CounterTerrorist,504.3623,3127.902,212.8063,Famas,100,100,0,0,0,False,True,False,288.9844,5.625
starix,CounterTerrorist,504.3623,3127.902,212.8063,Famas,100,100,0,0,0,False,True,False,288.6328,5.625
starix,CounterTerrorist,504.3623,3127.902,212.8063,Famas,100,100,0,0,0,False,True,False,288.6328,5.625
starix,CounterTerrorist,504.3623,3127.902,212.8063,Famas,100,100,0,0,0,False,True,False,288.6328,5.625
starix,CounterTerrorist,504.3623,3127.902,212.8063,Famas,100,100,0,0,0,False,True,False,288.6328,5.625
starix,CounterTerrorist,504.3623,3127.902,212.8063,Famas,100,100,0,0,0,False,True,False,288.6328,5.625
starix,CounterTerrorist,504.5553,3127.967,212.8063,Famas,100,100,15.58056,5.238082,0,False,True,False,288.6328,5.625
starix,CounterTerrorist,505.9208,3128.426,212.8063,Famas,100,100,47.87658,16.06489,0,False,True,False,288.2813,5.625
starix,CounterTerrorist,508.5485,3129.303,212.8063,Famas,100,100,80.14057,26.66116,0,False,True,False,288.2813,5.625
starix,CounterTerrorist,512.3649,3130.563,212.8063,Famas,100,100,108.7052,35.68872,0,False,True,False,287.5781,5.625
starix,CounterTerrorist,517.1816,3132.126,212.8063,Famas,100,100,132.4621,42.63377,0,False,True,False,286.875,5.625
starix,CounterTerrorist,522.8315,3133.917,212.8063,Famas,100,100,152.2836,47.71209,0,False,True,False,285.8203,5.976563
starix,CounterTerrorist,528.1435,3135.581,212.8063,Famas,100,100,125.7931,39.41234,0,False,True,False,285.4688,5.976563
starix,CounterTerrorist,532.5314,3136.955,212.8063,Famas,100,100,103.9108,32.55637,0,True,True,False,285.4688,5.625
starix,CounterTerrorist,535.8859,3138.018,212.8063,Famas,100,100,72.2656,23.21504,0,True,True,False,285.1172,5.625
starix,CounterTerrorist,537.9734,3138.709,212.8063,Famas,100,100,40.91745,13.98626,0,True,True,False,285.1172,5.625
starix,CounterTerrorist,538.84,3139.033,212.8063,Famas,100,100,9.732741,4.419866,0,True,True,False,284.4141,5.625
starix,CounterTerrorist,538.7443,3139.023,212.8063,Famas,100,100,-5.355462,-1.383384,0,False,True,False,284.4141,5.273438
starix,CounterTerrorist,538.4323,3138.943,212.8063,Famas,100,100,-9.745195,-2.506995,0,False,True,False,284.4141,5.273438
starix,CounterTerrorist,538.0591,3138.847,212.8063,Famas,100,100,-13.256,-3.409685,0,True,True,False,284.4141,5.273438
starix,CounterTerrorist,537.3895,3138.52,212.8063,Famas,100,100,-13.36219,-11.26309,0,True,True,False,284.4141,5.273438
starix,CounterTerrorist,536.8674,3137.952,212.8063,Famas,100,100,-14.82478,-14.86587,0,True,True,False,284.4141,5.625
starix,CounterTerrorist,536.121,3137.469,212.8063,Famas,100,100,-21.57968,-11.22308,0,True,True,False,284.7656,5.976563
starix,CounterTerrorist,534.8877,3136.987,212.8063,Famas,100,100,-43.81261,-14.89991,0,False,True,False,284.7656,5.976563
starix,CounterTerrorist,532.6074,3135.949,212.8063,Famas,100,100,-63.73176,-39.83434,0,False,True,False,285.1172,6.328125
starix,CounterTerrorist,529.8541,3133.627,212.8063,Famas,100,100,-74.6629,-71.74692,0,False,True,False,285.4688,6.328125
starix,CounterTerrorist,526.7264,3130.188,212.8063,Famas,100,100,-83.42004,-98.26144,0,False,True,False,285.8203,6.328125
starix,CounterTerrorist,523.0892,3129.633,212.8063,Famas,100,100,-103.6852,0,0,False,True,False,286.5234,6.328125
starix,CounterTerrorist,518.4467,3129.633,212.8063,Famas,100,100,-128.3073,0,0,False,True,False,287.5781,6.328125
starix,CounterTerrorist,512.9495,3129.304,212.8063,Famas,100,100,-148.4647,-13.75312,0,False,True,False,288.2813,6.328125
starix,CounterTerrorist,507.2413,3128.649,212.8063,Famas,100,100,-129.5162,-13.5537,0,False,True,False,288.9844,6.328125
starix,CounterTerrorist,503.7363,3128.531,212.8063,Famas,100,100,-64.86953,3.624855,0,False,True,False,289.6875,6.328125
starix,CounterTerrorist,502.5119,3128.965,212.8063,Famas,100,100,-15.52435,12.64149,0,False,True,False,290.0391,6.328125
starix,CounterTerrorist,502.1611,3129.25,212.8063,Famas,100,100,-4.619861,3.761959,0,False,True,False,290.0391,6.328125
starix,CounterTerrorist,502.142,3129.266,212.8063,Famas,100,100,0,0,0,False,True,False,290.3906,6.328125
starix,CounterTerrorist,502.142,3129.266,212.8063,Famas,100,100,0,0,0,False,True,False,290.7422,6.328125
starix,CounterTerrorist,502.142,3129.266,212.8063,Famas,100,100,0,0,0,False,True,False,290.7422,6.328125
starix,CounterTerrorist,502.142,3129.266,212.8063,Famas,100,100,0,0,0,False,True,False,290.7422,6.328125
starix,CounterTerrorist,502.142,3129.266,212.8063,Famas,100,100,0,0,0,False,True,False,290.3906,6.328125
starix,CounterTerrorist,502.142,3129.266,212.8063,Famas,100,100,0,0,0,False,True,False,290.3906,6.328125
starix,CounterTerrorist,502.142,3129.266,212.8063,Famas,100,100,0,0,0,False,True,False,290.3906,6.328125
starix,CounterTerrorist,502.142,3129.266,212.8063,Famas,100,100,0,0,0,False,True,False,290.3906,6.328125
starix,CounterTerrorist,502.142,3129.266,212.8063,Famas,100,100,0,0,0,False,True,False,290.3906,6.328125
starix,CounterTerrorist,502.142,3129.266,212.8063,Famas,100,100,0,0,0,False,True,False,290.0391,6.328125
starix,CounterTerrorist,502.142,3129.266,212.8063,Famas,100,100,0,0,0,False,True,False,290.0391,6.328125
starix,CounterTerrorist,502.2127,3129.292,212.8063,Famas,100,100,9.047491,3.283828,0,False,True,False,290.0391,6.328125
starix,CounterTerrorist,503.3168,3129.692,212.8063,Famas,100,100,41.08237,14.86049,0,False,True,False,289.6875,6.328125
starix,CounterTerrorist,505.6743,3130.539,212.8063,Famas,100,100,73.21378,26.16689,0,False,True,False,289.3359,6.328125
starix,CounterTerrorist,509.208,3131.247,212.8063,Famas,100,100,100.9361,8.262969,0,False,True,False,288.6328,6.328125
starix,CounterTerrorist,513.6871,3131.052,212.8063,Famas,100,100,123.2054,-13.35387,0,False,True,False,287.5781,6.328125
starix,CounterTerrorist,518.358,3130.459,212.8063,Famas,100,100,117.5741,-13.56052,0,True,True,False,286.5234,6.328125
starix,CounterTerrorist,522.8572,3130.102,212.8063,Famas,100,100,113.688,-6.392151,0,True,True,False,286.1719,5.976563
starix,CounterTerrorist,526.3582,3129.997,212.8063,Famas,100,100,111.0848,-1.611373,0,True,True,False,285.8203,5.976563
starix,CounterTerrorist,530.8134,3130.012,212.8063,Famas,100,100,79.96929,0.6943681,0,True,True,False,285.1172,5.976563
starix,CounterTerrorist,533.7521,3130.096,212.8063,Famas,100,100,75.09916,1.443063,0,False,True,False,284.0625,5.625
starix,CounterTerrorist,536.7264,3129.931,212.8063,Famas,100,100,76.78901,-7.747075,0,False,True,False,283.7109,5.625
starix,CounterTerrorist,539.729,3129.633,212.8063,Famas,100,100,75.1057,0,0,False,True,False,283.3594,5.625
starix,CounterTerrorist,542.2147,3129.633,212.8063,Famas,100,100,54.10151,0,0,False,True,False,283.3594,5.625
starix,CounterTerrorist,543.6907,3129.633,212.8063,Famas,100,100,25.24619,0,0,True,True,False,283.0078,5.625
starix,CounterTerrorist,543.9525,3129.633,212.8063,Famas,100,100,-3.622588,0,0,True,True,False,283.0078,5.625
starix,CounterTerrorist,543.7159,3129.633,212.8063,Famas,100,100,-7.676507,0,0,True,True,False,283.0078,5.625
starix,CounterTerrorist,543.321,3129.633,212.8063,Famas,100,100,-11.73389,0,0,True,True,False,283.0078,5.625
starix,CounterTerrorist,542.6326,3129.633,212.8063,Famas,100,100,-27.30556,0,0,False,True,False,283.0078,5.976563
starix,CounterTerrorist,540.7963,3129.633,212.8063,Famas,100,100,-60.14606,0,0,False,True,False,283.0078,5.976563
starix,CounterTerrorist,538.1169,3129.633,212.8063,Famas,100,100,-64.84476,0,0,False,True,False,283.0078,5.976563
starix,CounterTerrorist,535.9135,3129.633,212.8063,Famas,100,100,-50.78226,0,0,False,True,False,283.3594,5.976563
starix,CounterTerrorist,534.2595,3129.633,212.8063,Famas,100,100,-36.71976,0,0,False,True,False,283.7109,5.976563
starix,CounterTerrorist,533.1547,3129.633,212.8063,Famas,100,100,-22.65726,0,0,False,True,False,284.0625,6.328125
starix,CounterTerrorist,532.5264,3129.633,212.8063,Famas,100,100,-17.92866,0,0,False,True,False,284.0625,6.328125
starix,CounterTerrorist,531.0633,3129.633,212.8063,Famas,100,100,-50.45642,0,0,False,True,False,284.7656,6.328125
starix,CounterTerrorist,528.3329,3129.633,212.8063,Famas,100,100,-82.80992,0,0,False,True,False,285.1172,6.328125
starix,CounterTerrorist,524.4799,3129.633,212.8063,Famas,100,100,-104.7194,0,0,False,True,False,285.8203,6.328125
starix,CounterTerrorist,520.3124,3129.633,212.8063,Famas,100,100,-107.8641,0,0,False,True,False,286.5234,6.328125
starix,CounterTerrorist,516.0433,3129.245,212.8063,Famas,100,100,-110.1377,-24.5421,0,False,True,False,286.875,6.328125
starix,CounterTerrorist,511.576,3127.948,212.8063,Famas,100,100,-119.1736,-29.76484,0,False,True,False,287.5781,6.679688
starix,CounterTerrorist,506.7335,3126.738,212.8063,Famas,100,100,-123.8389,-30.93002,0,False,True,False,288.2813,6.679688
starix,CounterTerrorist,502.6249,3125.73,212.8063,Famas,100,100,-84.39216,-19.53022,0,False,True,False,288.6328,6.328125
starix,CounterTerrorist,500.7367,3125.397,212.8063,Famas,100,100,-24.54775,-1.45203,0,False,True,False,288.6328,6.328125
starix,CounterTerrorist,500.7821,3125.526,212.8063,Famas,100,100,3.898059,2.088453,0,False,True,False,288.6328,6.328125
starix,CounterTerrorist,500.8171,3125.461,212.8063,Famas,100,100,3.067197,-9.123208,0,False,True,False,288.6328,6.328125
starix,CounterTerrorist,500.9372,3125.29,217.3785,Famas,100,100,3.221136,0.8045118,286.3684,False,True,False,288.6328,6.328125
starix,CounterTerrorist,501.1727,3125.349,227.9544,Famas,100,100,7.923014,1.978854,255.1184,False,True,False,288.2813,7.03125
starix,CounterTerrorist,501.5901,3125.453,246.3096,Famas,100,100,12.09618,3.021145,223.8684,False,True,False,288.2813,8.4375
starix,CounterTerrorist,502.0996,3125.581,254.4441,Famas,100,100,13.65548,3.410596,192.6184,False,True,False,287.5781,9.492188
starix,CounterTerrorist,502.668,3125.722,261.3578,Famas,100,100,15.16028,3.786437,161.3684,False,True,False,287.5781,9.492188
starix,CounterTerrorist,503.3018,3125.772,265.0713,Famas,100,100,16.03412,-4.452179,0,False,True,False,287.5781,9.492188
starix,CounterTerrorist,503.7761,3125.338,265.0713,Famas,100,100,10.30659,-14.41222,0,False,True,False,287.5781,9.492188
starix,CounterTerrorist,503.9869,3125.043,265.0713,Famas,100,100,2.126546,-2.973652,0,True,True,False,287.5781,9.492188
starix,CounterTerrorist,503.9869,3125.043,265.0713,Famas,100,100,0,0,0,True,True,False,287.5781,9.492188
starix,CounterTerrorist,503.9546,3125.146,265.0713,Famas,100,100,-1.648437,5.279903,0,True,True,False,287.2266,9.84375
starix,CounterTerrorist,503.8589,3125.454,265.0713,Famas,100,100,-2.97879,9.611482,0,True,True,False,287.2266,9.84375
starix,CounterTerrorist,503.7119,3125.931,265.0713,Famas,100,100,-4.280728,13.95177,0,True,True,False,286.875,9.84375
starix,CounterTerrorist,503.4033,3126.943,255.583,Famas,100,100,-8.743478,28.69762,-28.125,False,True,False,286.875,9.84375
starix,CounterTerrorist,503.0618,3128.064,253.874,Famas,100,100,-8.743478,28.69762,-59.375,False,True,False,286.875,9.84375
starix,CounterTerrorist,502.7203,3129.185,250.9443,Famas,100,100,-8.743523,28.69777,-90.625,False,True,False,286.875,9.492188
starix,CounterTerrorist,502.3788,3130.305,246.7939,Famas,100,100,-8.743559,28.6979,-121.875,False,True,False,286.5234,9.492188
starix,CounterTerrorist,502.0373,3131.426,241.4229,Famas,100,100,-8.743604,28.69805,-153.125,False,True,False,286.5234,9.492188
starix,CounterTerrorist,501.6958,3132.546,234.8311,Famas,100,100,-8.743875,28.69897,-184.375,False,True,False,286.5234,9.140625
starix,CounterTerrorist,501.3542,3133.667,227.0186,Famas,100,100,-8.744287,28.70038,-215.625,False,True,False,286.1719,8.789063
starix,CounterTerrorist,501.0126,3134.788,217.9854,Famas,100,100,-8.744545,28.70127,-246.875,False,True,False,286.1719,8.789063
starix,CounterTerrorist,500.5851,3136.216,212.8063,Famas,100,100,-14.24239,48.38715,0,False,True,False,285.8203,8.4375
starix,CounterTerrorist,499.8131,3138.874,212.8063,Famas,100,100,-23.42972,81.08305,0,False,True,False,285.8203,8.4375
starix,CounterTerrorist,498.7028,3142.735,212.8063,Famas,100,100,-31.54839,109.9292,0,False,True,False,285.8203,8.4375
starix,CounterTerrorist,497.3095,3147.601,212.8063,Famas,100,100,-38.22632,133.7654,0,False,True,False,285.8203,8.085938
starix,CounterTerrorist,495.696,3153.273,212.7575,Famas,100,100,-42.54264,149.8627,-9.375,False,True,False,285.1172,8.085938
starix,CounterTerrorist,494.0342,3159.127,211.7809,Famas,100,100,-42.54264,149.8627,-40.625,False,True,False,284.4141,7.734375
starix,CounterTerrorist,492.3724,3164.982,209.5836,Famas,100,100,-42.54264,149.8627,-71.875,False,True,False,284.0625,7.734375
starix,CounterTerrorist,490.7105,3170.836,206.1657,Famas,100,100,-42.54264,149.8627,-103.125,False,True,False,284.0625,7.734375
starix,CounterTerrorist,489.0487,3176.691,201.527,Famas,100,100,-42.54264,149.8627,-134.375,False,True,False,284.0625,7.382813
starix,CounterTerrorist,487.3869,3182.545,195.6676,Famas,100,100,-42.54264,149.8627,-165.625,False,True,False,284.0625,7.382813
starix,CounterTerrorist,485.725,3188.4,188.5875,Famas,100,100,-42.54264,149.8627,-196.875,False,True,False,283.7109,7.03125
starix,CounterTerrorist,484.0632,3194.254,180.2868,Famas,100,100,-42.54264,149.8627,-228.125,False,True,False,283.7109,7.03125
starix,CounterTerrorist,482.4014,3200.109,170.7653,Famas,100,100,-42.54264,149.8627,-259.375,False,True,False,283.7109,7.03125
starix,CounterTerrorist,480.7395,3205.963,160.0827,Famas,100,100,-42.6236,149.8627,0,False,True,False,283.7109,7.03125
starix,CounterTerrorist,479.0151,3212.17,160.0822,Famas,100,100,-44.728,163.0147,0,False,True,False,283.7109,7.03125
starix,CounterTerrorist,477.2387,3218.751,160.0817,Famas,100,100,-45.99846,172.1609,0,False,True,False,283.3594,6.679688
starix,CounterTerrorist,475.4091,3225.695,160.0812,Famas,100,100,-47.41559,181.5112,0,False,True,False,283.3594,6.679688
starix,CounterTerrorist,473.5202,3233.008,160.0776,Famas,100,100,-48.99918,191.0629,0,False,True,False,283.3594,6.328125
starix,CounterTerrorist,471.6238,3240.69,160.0701,Famas,100,100,-43.40449,199.5984,0,False,True,False,283.3594,6.328125
starix,CounterTerrorist,470.6729,3248.566,160.0627,Famas,100,100,-12.41244,202.877,0,False,True,False,283.3594,5.976563
starix,CounterTerrorist,470.806,3256.554,160.0512,Famas,100,100,13.32398,205.5011,0,False,True,False,283.0078,5.976563
starix,CounterTerrorist,471.8419,3264.631,160.0497,Famas,100,100,34.80432,207.5305,0,False,True,False,282.6563,5.976563
starix,CounterTerrorist,473.6312,3272.776,160.044,Famas,100,100,52.68505,209.1203,0,False,True,False,282.6563,5.976563
starix,CounterTerrorist,476.0418,3280.969,160.044,Famas,100,100,67.15595,209.4996,0,False,True,False,282.6563,5.976563
starix,CounterTerrorist,478.923,3289.064,160.044,Famas,100,100,77.90005,205.7464,0,False,True,False,281.9531,5.976563
starix,CounterTerrorist,482.1861,3297.014,160.044,Famas,100,100,87.15025,202.0021,0,False,True,False,280.5469,5.625
starix,CounterTerrorist,486.0188,3304.87,160.044,Flash,100,100,109.4069,193.3815,0,False,True,False,278.4375,4.570313
starix,CounterTerrorist,491.0201,3311.769,160.044,Flash,100,100,139.7123,165.8959,0,False,True,False,276.3281,3.867188
starix,CounterTerrorist,497.0814,3317.687,160.044,Flash,100,100,164.8318,142.482,0,False,True,False,276.3281,3.867188
starix,CounterTerrorist,504.0188,3322.788,160.0425,Flash,100,100,185.5816,123.1411,0,False,True,False,276.3281,3.867188
starix,CounterTerrorist,511.6801,3327.214,160.0408,Flash,100,100,202.7219,107.1646,0,False,True,False,276.3281,3.867188
starix,CounterTerrorist,519.9391,3331.083,160.0393,Flash,100,100,216.8806,93.96727,0,False,True,False,276.3281,3.867188
starix,CounterTerrorist,528.6921,3334.491,160.038,Flash,100,100,228.5775,83.05466,0,False,True,False,276.3281,3.867188
starix,CounterTerrorist,537.7873,3337.452,160.0369,Flash,100,100,234.74,70.15773,0,False,True,False,270,1.757813
starix,CounterTerrorist,543.9688,3340.665,160.0356,Flash,100,100,0,89.32999,0,False,True,False,264.0234,359.2969
starix,CounterTerrorist,543.9688,3344.532,160.0341,Flash,100,100,0,105.0354,0,False,True,False,264.0234,359.2969
starix,CounterTerrorist,543.9688,3348.947,160.0324,Flash,100,100,0,118.0087,0,False,True,False,264.0234,359.2969
starix,CounterTerrorist,544.0339,3353.814,160.0313,Flash,100,100,8.33812,128.7253,0,False,True,False,264.0234,359.2969
starix,CounterTerrorist,545.2544,3359.055,160.0313,Flash,100,100,45.56654,137.5777,0,False,True,False,264.0234,359.2969
starix,CounterTerrorist,547.7758,3364.602,160.0313,Flash,100,100,76.54394,144.6053,0,False,True,False,262.2656,358.5938
starix,CounterTerrorist,551.4363,3370.313,160.0313,Flash,100,100,104.9644,146.4111,0,False,True,False,254.8828,354.375
starix,CounterTerrorist,556.1461,3375.994,160.0313,Flash,100,100,130.344,144.7739,0,False,True,False,253.4766,353.3203
starix,CounterTerrorist,561.742,3381.615,160.0313,Flash,100,100,151.327,143.388,0,False,True,False,253.4766,353.3203
starix,CounterTerrorist,567.8745,3387.37,160.0313,Flash,100,100,154.1807,154.8675,0,False,True,False,253.4766,353.3203
starix,CounterTerrorist,572.6805,3393.821,160.0313,Flash,100,100,103.5619,171.5845,0,False,True,False,253.4766,353.3203
starix,CounterTerrorist,575.1466,3400.144,160.0313,Flash,100,100,37.84871,155.7788,0,False,True,False,253.4766,353.3203
starix,CounterTerrorist,575.3196,3405.912,160.0313,Flash,100,100,-16.50257,142.4833,0,False,True,False,254.1797,354.0234
starix,CounterTerrorist,573.8309,3411.133,160.0313,Flash,100,100,-41.30029,125.2721,0,False,True,False,255.2344,353.6719
starix,CounterTerrorist,572.3903,3415.502,160.0313,Flash,100,100,-34.1159,103.4804,0,False,True,False,255.2344,353.3203
starix,CounterTerrorist,570.726,3419.234,160.0313,Flash,100,100,-58.16306,93.22206,0,False,True,False,255.5859,352.2656
starix,CounterTerrorist,567.5349,3422.763,160.0313,Flash,100,100,-96.47919,88.2318,0,False,True,False,258.0469,350.1563
starix,CounterTerrorist,562.9955,3426.064,160.0313,Flash,100,100,-128.6046,81.8177,0,False,True,False,260.5078,347.6953
starix,CounterTerrorist,557.3271,3429.089,160.0313,Flash,100,100,-155.4852,74.36802,0,False,True,False,263.3203,345.2344
starix,CounterTerrorist,551.2017,3431.75,160.0313,Flash,100,100,-147.1125,63.18025,0,False,True,False,266.4844,342.7734
starix,CounterTerrorist,546.8759,3433.916,160.0313,Flash,100,100,-81.04098,50.34089,0,False,True,False,267.5391,341.0156
starix,CounterTerrorist,545.256,3435.614,160.0313,Flash,100,100,-16.24109,38.58851,0,False,True,False,268.2422,339.6094
starix,CounterTerrorist,545.402,3436.781,160.0313,Flash,100,100,4.94314,24.30007,0,False,True,False,268.5938,338.5547
starix,CounterTerrorist,545.5294,3437.407,160.0313,Flash,100,100,2.139945,10.5198,0,False,True,False,268.9453,337.5
starix,CounterTerrorist,545.5656,3437.996,160.0313,Flash,100,100,0.7244115,28.78388,0,False,True,False,269.2969,336.4453
starix,CounterTerrorist,545.6006,3440.047,160.0313,Flash,100,100,0.9899002,68.31512,0,False,True,False,269.6484,335.0391
starix,CounterTerrorist,545.6442,3443.616,160.0313,Flash,100,100,1.216879,105.937,0,False,True,False,269.2969,334.6875
starix,CounterTerrorist,545.6941,3448.016,160.0313,Flash,100,100,1.20287,106.2644,0,False,True,False,269.2969,334.6875
starix,CounterTerrorist,545.736,3451.723,160.0313,Flash,100,100,0.9936249,87.77912,0,False,True,False,268.9453,334.6875
starix,CounterTerrorist,545.7706,3454.785,160.0313,Famas,100,100,0.8207788,72.5095,0,False,True,False,268.9453,335.3906
starix,CounterTerrorist,545.799,3457.287,160.0313,Famas,100,100,0.661607,58.44791,0,False,True,False,269.2969,337.8516
starix,CounterTerrorist,545.8211,3459.24,160.0313,Famas,100,100,0.5024352,44.3863,0,False,True,False,269.2969,344.5313
starix,CounterTerrorist,545.837,3460.644,160.0313,Famas,100,100,0.3432635,30.3247,0,False,True,False,268.9453,354.0234
starix,CounterTerrorist,545.8467,3461.499,160.0313,Famas,100,100,0.1840918,16.2631,0,False,True,False,268.2422,1.757813
starix,CounterTerrorist,545.8501,3461.804,160.0313,Famas,100,100,0.02492008,2.201497,0,False,True,False,266.4844,4.921875
starix,CounterTerrorist,545.8501,3461.804,160.0313,Famas,100,100,0,0,0,False,True,False,266.4844,4.921875
starix,CounterTerrorist,545.8501,3461.804,160.0313,Famas,100,100,0,0,0,False,True,False,266.4844,4.921875
starix,CounterTerrorist,545.8121,3461.185,160.0313,Famas,100,100,-1.842847,-30.00596,0,False,True,False,266.4844,4.921875
starix,CounterTerrorist,545.6912,3459.216,160.0313,Famas,100,100,-3.930896,-64.00441,0,False,True,False,266.4844,4.921875
starix,CounterTerrorist,545.4894,3455.932,160.0313,Famas,100,100,-5.954288,-96.95007,0,False,True,False,266.4844,4.921875
starix,CounterTerrorist,545.2332,3451.658,160.0313,Famas,100,100,-6.573925,-113.3155,0,False,True,False,267.8906,3.164063
starix,CounterTerrorist,544.993,3447.196,160.0313,Famas,100,100,-5.817923,-114.252,0,False,True,False,269.2969,1.757813
starix,CounterTerrorist,544.7831,3442.732,160.0313,Famas,100,100,-5.102967,-114.2861,0,False,True,False,268.9453,1.757813
starix,CounterTerrorist,545.0451,3438.289,160.0313,Famas,100,100,14.08521,-113.4098,0,False,True,False,268.9453,1.757813
starix,CounterTerrorist,546.0956,3433.764,160.0313,Famas,100,100,37.61648,-120.4503,0,False,True,False,268.5938,1.757813
starix,CounterTerrorist,548.1457,3428.784,160.0313,Famas,100,100,61.74536,-131.9423,0,False,True,False,268.2422,1.40625
starix,CounterTerrorist,550.7126,3423.279,160.0313,Famas,100,100,61.24974,-149.08,0,False,True,False,267.1875,1.40625
starix,CounterTerrorist,552.7835,3417.008,160.0313,Famas,100,100,47.7534,-167.7041,0,False,True,False,266.1328,1.054688
starix,CounterTerrorist,554.4938,3410.117,160.0313,Famas,100,100,47.44043,-180.0619,0,False,True,False,265.7813,1.054688
starix,CounterTerrorist,556.85,3403.024,160.0313,Famas,100,100,68.3587,-182.5408,0,False,True,False,265.7813,0.703125
starix,CounterTerrorist,559.9274,3395.837,160.0313,Famas,100,100,85.18234,-184.9753,0,False,True,False,264.375,0.3515625
starix,CounterTerrorist,563.6536,3388.696,160.0313,Famas,100,100,105.2466,-175.2305,0,False,True,False,262.6172,359.6484
starix,CounterTerrorist,568.387,3382.432,160.0313,Famas,100,100,131.1057,-151.2724,0,False,True,False,260.8594,359.6484
starix,CounterTerrorist,574.0161,3376.964,160.0313,Famas,100,100,152.1787,-133.1879,0,False,True,False,258.3984,359.6484
starix,CounterTerrorist,579.3243,3372.318,160.0313,Famas,100,100,125.7065,-110.0192,0,False,True,False,255.2344,359.6484
starix,CounterTerrorist,583.709,3368.481,160.0313,Famas,100,100,103.8392,-90.88078,0,False,True,False,253.125,359.6484
starix,CounterTerrorist,586.3247,3365.173,160.0313,Famas,100,100,44.58692,-86.43504,0,False,True,False,251.7188,359.6484
starix,CounterTerrorist,586.9183,3361.681,160.0313,Famas,100,100,-3.192513,-91.18844,0,False,True,False,251.0156,0.3515625
starix,CounterTerrorist,585.8387,3358.088,160.0313,Famas,100,100,-43.2256,-87.50608,0,False,True,False,251.0156,0.3515625
starix,CounterTerrorist,584.0013,3355.15,160.0313,Famas,100,100,-43.51307,-69.58408,0,False,True,False,251.0156,0.3515625
starix,CounterTerrorist,582.4847,3352.725,160.0313,Famas,100,100,-35.81675,-57.27648,0,False,True,False,251.0156,0.3515625
starix,CounterTerrorist,581.3223,3352.031,160.0313,Famas,100,100,-24.39687,0,0,False,True,False,251.0156,0.3515625
starix,CounterTerrorist,580.6989,3352.031,160.0313,Famas,100,100,-10.33437,0,0,False,True,False,251.0156,0.3515625
starix,CounterTerrorist,580.5884,3352.031,160.0313,Famas,100,100,0,0,0,False,True,False,251.0156,0.3515625
starix,CounterTerrorist,580.5884,3352.031,160.0313,Famas,100,100,0,0,0,False,True,False,251.0156,0.3515625
starix,CounterTerrorist,580.5884,3352.031,160.0313,Famas,100,100,0,0,0,False,True,False,251.0156,0.3515625
starix,CounterTerrorist,580.5884,3352.031,160.0313,Famas,100,100,0,0,0,False,True,False,251.0156,0.3515625
starix,CounterTerrorist,580.5884,3352.031,160.0313,Famas,100,100,0,0,0,False,True,False,251.0156,0.3515625
starix,CounterTerrorist,580.5884,3352.031,160.0313,Famas,100,100,0,0,0,False,True,False,251.0156,0.3515625
starix,CounterTerrorist,579.7298,3352.327,160.0313,Famas,100,100,-34.86224,12.01621,0,False,True,False,251.0156,0.3515625
starix,CounterTerrorist,577.6132,3353.057,160.0313,Famas,100,100,-67.0655,23.11594,0,False,True,False,251.0156,0.3515625
starix,CounterTerrorist,574.2646,3354.211,160.0313,Famas,100,100,-97.48693,33.60151,0,False,True,False,251.0156,0.3515625
starix,CounterTerrorist,569.8495,3355.733,160.0313,Famas,100,100,-122.7432,42.29622,0,False,True,False,251.0156,0.3515625
starix,CounterTerrorist,564.7153,3357.765,160.0313,Famas,100,100,-132.1488,63.55371,0,False,True,False,252.0703,0
starix,CounterTerrorist,559.6071,3360.933,160.0313,Famas,100,100,-130.0567,91.95368,0,False,True,False,253.4766,0
starix,CounterTerrorist,554.5487,3365.078,160.0313,Famas,100,100,-129.2781,114.8959,0,False,True,False,254.8828,0
starix,CounterTerrorist,549.9158,3370.092,160.0313,Famas,100,100,-105.8245,137.4147,0,False,True,False,255.9375,0
starix,CounterTerrorist,547.1388,3375.447,160.0313,Famas,100,100,-49.4392,136.9885,0,False,True,False,256.9922,359.6484
starix,CounterTerrorist,546.318,3380.804,160.0313,Famas,100,100,-3.29619,137.3242,0,False,True,False,258.0469,359.6484
starix,CounterTerrorist,547.1809,3385.395,160.0313,Famas,100,100,31.60504,106.4912,0,False,True,False,259.1016,359.6484
starix,CounterTerrorist,548.2834,3389.11,160.0313,Famas,100,100,26.10719,87.96651,0,False,True,False,259.8047,359.6484
starix,CounterTerrorist,549.6277,3392.104,160.0313,Famas,100,100,48.97803,68.00385,0,False,True,False,260.5078,359.6484
starix,CounterTerrorist,552.2671,3394.844,160.0313,Famas,100,100,78.05212,76.20567,0,False,True,False,261.2109,359.6484
starix,CounterTerrorist,556.0507,3397.341,160.0313,Famas,100,100,108.6243,56.29453,0,False,True,False,261.5625,359.6484
starix,CounterTerrorist,560.8267,3399.157,160.0313,Famas,100,100,124.3669,41.32254,0,False,True,False,261.5625,359.6484
starix,CounterTerrorist,565.0903,3400.61,160.0313,Famas,100,100,93.21347,35.55762,0,False,True,False,261.5625,359.6484
starix,CounterTerrorist,567.272,3402.003,160.0313,Famas,100,100,32.03409,35.36219,0,False,True,False,261.5625,0
starix,CounterTerrorist,567.2791,3403.27,160.0313,Famas,100,100,-18.70685,30.03143,0,False,True,False,260.8594,0
starix,CounterTerrorist,566.3837,3404.249,160.0313,Famas,100,100,-19.12386,20.91321,0,False,True,False,259.1016,0.3515625
starix,CounterTerrorist,565.8591,3404.823,160.0313,Famas,100,100,-9.634052,10.53547,0,False,True,False,256.6406,0.703125
starix,CounterTerrorist,565.4922,3405.055,160.0313,Famas,100,100,-18.07862,5.974933,0,False,True,False,255.5859,0.703125
starix,CounterTerrorist,564.0825,3405.458,160.0313,Famas,100,100,-41.85509,11.68401,0,False,True,False,255.2344,0.703125
starix,CounterTerrorist,563.8118,3405.544,160.0313,Famas,100,100,12.69308,-3.255599,0,False,True,False,254.8828,1.054688
starix,CounterTerrorist,564.6423,3405.324,160.0313,Famas,100,100,17.67877,-4.692431,0,False,True,False,254.8828,1.054688
starix,CounterTerrorist,565.0143,3405.226,160.0313,Famas,100,100,4.086911,-1.084778,0,False,True,False,254.8828,1.40625
starix,CounterTerrorist,565.025,3405.223,160.0313,Famas,100,100,0,0,0,False,True,False,254.8828,1.40625
starix,CounterTerrorist,565.025,3405.223,160.0313,Famas,100,100,0,0,0,False,True,False,254.8828,1.757813
starix,CounterTerrorist,565.025,3405.223,160.0313,Famas,100,100,0,0,0,False,True,False,254.5313,2.109375
starix,CounterTerrorist,565.025,3405.223,160.0313,Famas,100,100,0,0,0,False,True,False,253.8281,2.460938
starix,CounterTerrorist,565.025,3405.223,160.0313,Famas,100,100,0,0,0,False,True,False,253.125,2.8125
starix,CounterTerrorist,565.025,3405.223,160.0313,Famas,100,100,0,0,0,False,True,False,251.3672,3.515625
starix,CounterTerrorist,565.025,3405.223,160.0313,Famas,100,100,0,0,0,False,True,False,250.3125,3.867188
starix,CounterTerrorist,565.025,3405.223,160.0313,Famas,100,100,0,0,0,False,True,False,249.6094,4.570313
starix,CounterTerrorist,565.025,3405.223,160.0313,Famas,100,100,0,0,0,False,True,False,249.6094,4.921875
starix,CounterTerrorist,565.025,3405.223,160.0313,Famas,100,100,0,0,0,False,True,False,249.2578,5.273438
starix,CounterTerrorist,565.025,3405.223,160.0313,Famas,100,100,0,0,0,False,True,False,248.9063,5.273438
starix,CounterTerrorist,565.025,3405.223,160.0313,Famas,100,100,0,0,0,False,True,False,248.9063,5.625
starix,CounterTerrorist,565.603,3404.999,160.0313,Famas,100,100,28.02498,-10.87908,0,False,True,False,248.9063,5.625
starix,CounterTerrorist,567.0213,3404.448,160.0313,Famas,100,100,32.86089,-12.75635,0,False,True,False,248.9063,5.976563
starix,CounterTerrorist,567.9977,3404.069,160.0313,Famas,100,100,19.75149,-7.66738,0,False,True,False,249.2578,6.328125
starix,CounterTerrorist,568.462,3403.889,160.0313,Famas,100,100,6.64209,-2.57841,0,False,True,False,249.6094,6.679688
starix,CounterTerrorist,568.5043,3403.872,160.0313,Famas,100,100,0,0,0,False,True,False,249.9609,7.03125
starix,CounterTerrorist,568.5043,3403.872,160.0313,Famas,100,100,0,0,0,False,True,False,249.9609,7.382813
starix,CounterTerrorist,568.5043,3403.872,160.0313,Famas,100,100,0,0,0,False,True,False,249.9609,7.382813
starix,CounterTerrorist,568.5043,3403.872,160.0313,Famas,100,100,0,0,0,False,True,False,250.3125,7.734375
starix,CounterTerrorist,568.5043,3403.872,160.0313,Famas,100,100,0,0,0,False,True,False,250.3125,7.734375
starix,CounterTerrorist,568.8644,3403.801,160.0313,Famas,100,100,21.5262,-0.4151999,0,False,True,False,250.3125,7.03125
starix,CounterTerrorist,569.9205,3404.661,160.0313,Famas,100,100,28.92999,36.80317,0,False,True,False,251.3672,6.328125
starix,CounterTerrorist,570.8817,3406.867,160.0313,Famas,100,100,14.95718,68.6001,0,False,True,False,252.7734,4.921875
starix,CounterTerrorist,570.8787,3410.189,160.0313,Famas,100,100,-9.914783,95.21857,0,False,True,False,256.6406,2.8125
starix,CounterTerrorist,569.8486,3414.261,160.0313,Famas,100,100,-40.93693,103.4217,0,False,True,False,260.5078,2.109375
starix,CounterTerrorist,567.3574,3418.013,160.0313,Famas,100,100,-78.10719,91.00843,0,False,True,False,264.0234,1.40625
starix,CounterTerrorist,563.563,3421.27,160.0313,Famas,100,100,-109.0535,78.31305,0,False,True,False,266.8359,1.40625
starix,CounterTerrorist,558.6867,3424.039,160.0313,Famas,100,100,-134.7106,65.98891,0,False,True,False,268.9453,1.054688
starix,CounterTerrorist,553.1375,3426.347,160.0313,Famas,100,100,-137.0357,54.68105,0,False,True,False,270.3516,1.054688
starix,CounterTerrorist,548.7974,3428.26,160.0313,Famas,100,100,-85.39469,45.55922,0,False,True,False,270.7031,1.054688
starix,CounterTerrorist,546.9018,3429.856,160.0313,Famas,100,100,-24.9965,37.4374,0,False,True,False,270.7031,1.054688
starix,CounterTerrorist,546.4425,3431.029,160.0313,Famas,100,100,-9.706546,24.77178,0,False,True,False,270.7031,1.054688
starix,CounterTerrorist,546.1836,3431.689,160.0313,Famas,100,100,-4.576112,11.67856,0,False,True,False,271.0547,1.054688
starix,CounterTerrorist,546.1208,3431.85,160.0313,Famas,100,100,0,0,0,False,True,False,271.0547,1.054688
starix,CounterTerrorist,546.3244,3431.854,160.0313,Famas,100,100,16.43487,0.2938834,0,False,True,False,271.0547,1.054688
starix,CounterTerrorist,547.7646,3431.877,160.0313,Famas,100,100,50.49383,0.7822589,0,False,True,False,270.7031,1.054688
starix,CounterTerrorist,550.5345,3431.913,160.0313,Famas,100,100,84.45306,0.9571964,0,False,True,False,270.3516,1.054688
starix,CounterTerrorist,553.8292,3431.948,160.0313,Famas,100,100,78.0224,0.8234987,0,False,True,False,270,1.054688
starix,CounterTerrorist,556.5428,3431.977,160.0313,Famas,100,100,63.84341,0.6738444,0,False,True,False,269.6484,0.703125
starix,CounterTerrorist,558.7071,3432,160.0313,Famas,100,100,49.78169,0.5254279,0,False,True,False,269.2969,0.703125
starix,CounterTerrorist,560.3221,3432.017,160.0313,Famas,100,100,35.71997,0.3770115,0,False,True,False,269.2969,0.703125
starix,CounterTerrorist,561.3878,3432.028,160.0313,Famas,100,100,21.65826,0.2285952,0,False,True,False,269.2969,0.703125
starix,CounterTerrorist,561.9308,3432.44,160.0313,Famas,100,100,9.95168,24.98091,0,False,True,False,268.9453,0.703125
starix,CounterTerrorist,562.2177,3434.22,160.0313,Famas,100,100,3.243321,58.54892,0,False,True,False,268.9453,0.703125
starix,CounterTerrorist,561.588,3436.993,160.0313,Famas,100,100,-28.20816,79.29119,0,False,True,False,268.9453,0.703125
starix,CounterTerrorist,559.8663,3440.374,160.0313,Famas,100,100,-50.44535,84.19529,0,False,True,False,268.9453,0.703125
starix,CounterTerrorist,558.1066,3443.31,160.0313,Famas,100,100,-41.67013,69.5491,0,False,True,False,269.2969,0.703125
starix,CounterTerrorist,556.6547,3445.733,160.0313,Famas,100,100,-34.26482,57.18935,0,False,True,False,269.6484,0.703125
starix,CounterTerrorist,555.4856,3447.685,160.0313,Famas,100,100,-27.03729,45.12633,0,False,True,False,269.6484,0.703125
starix,CounterTerrorist,554.5988,3449.165,160.0313,Famas,100,100,-19.80977,33.0633,0,False,True,False,269.2969,0.703125
starix,CounterTerrorist,553.9942,3450.173,160.0313,Famas,100,100,-12.58224,21.00027,0,False,True,False,268.9453,0.703125
starix,CounterTerrorist,553.6426,3451.817,160.0313,Famas,100,100,-7.451321,55.8434,0,False,True,False,268.9453,0.703125
starix,CounterTerrorist,553.4014,3454.72,160.0313,Famas,100,100,-5.556744,79.97806,0,False,True,False,269.2969,0.703125
starix,CounterTerrorist,553.2078,3457.505,160.0313,Famas,100,100,-4.562989,65.67497,0,False,True,False,269.6484,0.703125
starix,CounterTerrorist,553.0525,3459.742,160.0313,Famas,100,100,-3.588299,51.64629,0,False,True,False,269.6484,0.703125
starix,CounterTerrorist,552.9352,3461.431,160.0313,Famas,100,100,-2.613609,37.61761,0,False,True,False,269.6484,0.703125
starix,CounterTerrorist,552.8559,3462.571,160.0313,Famas,100,100,-1.63892,23.58892,0,False,True,False,269.6484,0.703125
starix,CounterTerrorist,552.8147,3463.164,160.0313,Famas,100,100,-0.6642299,9.560242,0,False,True,False,269.6484,0.703125
starix,CounterTerrorist,552.8083,3463.256,160.0313,Famas,100,100,0,0,0,False,True,False,269.6484,0.703125
starix,CounterTerrorist,552.8083,3463.256,160.0313,Famas,100,100,0,0,0,False,True,False,269.6484,0.703125
starix,CounterTerrorist,552.8083,3463.256,160.0313,Famas,100,100,0,0,0,False,True,False,269.6484,0.703125
starix,CounterTerrorist,552.8083,3463.256,160.0313,Famas,100,100,0,0,0,False,True,False,269.6484,0.703125
starix,CounterTerrorist,552.8083,3463.256,160.0313,Famas,100,100,0,0,0,False,True,False,269.6484,0.703125
starix,CounterTerrorist,552.8083,3463.256,160.0313,Famas,100,100,0,0,0,False,True,False,269.6484,0.3515625
starix,CounterTerrorist,552.8083,3463.256,160.0313,Famas,100,100,0,0,0,False,True,False,269.6484,0.3515625
starix,CounterTerrorist,552.8083,3463.256,160.0313,Famas,100,100,0,0,0,False,True,False,269.6484,0.3515625
starix,CounterTerrorist,552.8083,3463.256,160.0313,Famas,100,100,0,0,0,False,True,False,269.6484,0.3515625
starix,CounterTerrorist,552.8083,3463.256,160.0313,Famas,100,100,0,0,0,False,True,False,269.6484,0.3515625
starix,CounterTerrorist,552.8083,3463.256,160.0313,Famas,100,100,0,0,0,False,True,False,269.6484,0.3515625
starix,CounterTerrorist,552.8083,3463.256,160.0313,Famas,100,100,0,0,0,False,True,False,269.6484,0.3515625
starix,CounterTerrorist,552.8083,3463.256,160.0313,Famas,100,100,0,0,0,False,True,False,269.6484,0.3515625
starix,CounterTerrorist,552.8083,3463.256,160.0313,Famas,100,100,0,0,0,False,True,False,269.6484,0.3515625
starix,CounterTerrorist,552.8107,3463.642,160.0313,Famas,100,100,0.1486867,23.24952,0,False,True,False,269.6484,0.3515625
starix,CounterTerrorist,552.8168,3464.596,160.0313,Famas,100,100,0.1203083,18.81211,0,False,True,False,269.6484,0.3515625
starix,CounterTerrorist,552.8194,3465.001,160.0313,Famas,100,100,0.03037683,4.749899,0,False,True,False,269.6484,0.3515625
starix,CounterTerrorist,552.8195,3465.017,160.0313,Famas,100,100,0,0,0,False,True,False,269.6484,0.3515625
starix,CounterTerrorist,552.8195,3465.017,160.0313,Famas,100,100,0,0,0,False,True,False,269.6484,0.3515625
starix,CounterTerrorist,552.8195,3465.017,160.0313,Famas,100,100,0,0,0,False,True,False,269.6484,0.3515625
starix,CounterTerrorist,552.8195,3465.017,160.0313,Famas,100,100,0,0,0,False,True,False,269.6484,0.3515625
starix,CounterTerrorist,552.8195,3465.017,160.0313,Famas,100,100,0,0,0,False,True,False,269.6484,0.3515625
starix,CounterTerrorist,552.8195,3465.017,160.0313,Famas,100,100,0,0,0,False,True,False,269.6484,0.3515625
starix,CounterTerrorist,552.8195,3465.017,160.0313,Famas,100,100,0,0,0,False,True,False,269.6484,0.3515625
starix,CounterTerrorist,552.8195,3465.017,160.0313,Famas,100,100,0,0,0,False,True,False,269.6484,0.3515625
starix,CounterTerrorist,552.8195,3465.017,160.0313,Famas,100,100,0,0,0,False,True,False,269.6484,0.3515625
starix,CounterTerrorist,552.8195,3465.017,160.0313,Famas,100,100,0,0,0,False,True,False,269.6484,0.3515625
starix,CounterTerrorist,552.8195,3465.017,160.0313,Famas,100,100,0,0,0,False,True,False,269.6484,0.3515625
starix,CounterTerrorist,552.8195,3465.017,160.0313,Famas,100,100,0,0,0,False,True,False,269.6484,0.3515625
starix,CounterTerrorist,552.8195,3465.017,160.0313,Famas,100,100,0,0,0,False,True,False,269.6484,0.3515625
starix,CounterTerrorist,552.8204,3465.22,160.0313,Famas,100,100,0.07103662,16.43735,0,False,True,False,269.6484,0.3515625
starix,CounterTerrorist,552.8266,3466.661,160.0313,Famas,100,100,0.2182418,50.49953,0,False,True,False,269.6484,0.3515625
starix,CounterTerrorist,552.8386,3469.431,160.0313,Famas,100,100,0.3650013,84.45858,0,False,True,False,269.6484,0.3515625
starix,CounterTerrorist,552.855,3473.227,160.0313,Famas,100,100,0.4128298,95.52574,0,False,True,False,269.6484,0.3515625
starix,CounterTerrorist,552.8694,3476.559,160.0313,Famas,100,100,0.341016,78.90856,0,False,True,False,269.6484,0.3515625
starix,CounterTerrorist,552.8812,3479.305,160.0313,Famas,100,100,0.2794557,64.66396,0,False,True,False,269.6484,0.3515625
starix,CounterTerrorist,552.8907,3481.501,160.0313,Famas,100,100,0.2186829,50.60159,0,False,True,False,269.6484,0.3515625
starix,CounterTerrorist,552.8978,3483.148,160.0313,Famas,100,100,0.1579101,36.53922,0,False,True,False,269.6484,0.3515625
starix,CounterTerrorist,552.9026,3484.245,160.0313,Famas,100,100,0.09713734,22.47686,0,False,True,False,269.6484,0.3515625
starix,CounterTerrorist,552.905,3484.793,160.0313,Famas,100,100,0.03636456,8.414487,0,False,True,False,269.6484,0.3515625
starix,CounterTerrorist,552.9053,3484.859,160.0313,Famas,100,100,0,0,0,True,True,False,269.6484,0.3515625
starix,CounterTerrorist,552.9053,3484.859,160.0313,Famas,100,100,0,0,0,True,True,False,269.6484,0
starix,CounterTerrorist,552.9053,3484.859,160.0313,Famas,100,100,0,0,0,True,True,False,269.6484,0
starix,CounterTerrorist,552.9053,3484.859,160.0313,Famas,100,100,0,0,0,True,True,False,269.6484,359.6484
starix,CounterTerrorist,552.9053,3484.859,160.0313,Famas,100,100,0,0,0,False,True,False,270,359.6484
starix,CounterTerrorist,552.9053,3484.859,160.0313,Famas,100,100,0,0,0,False,True,False,270,359.6484
starix,CounterTerrorist,552.9053,3484.859,160.0313,Famas,100,100,0,0,0,True,True,False,269.6484,0
starix,CounterTerrorist,552.9053,3484.859,160.0313,Famas,100,100,0,0,0,True,True,False,269.6484,0.3515625
starix,CounterTerrorist,552.9053,3484.859,160.0313,Famas,100,100,0,0,0,True,True,False,269.6484,0.703125
starix,CounterTerrorist,552.9053,3484.859,160.0313,Famas,100,100,0,0,0,True,True,False,269.6484,0.703125
starix,CounterTerrorist,552.9053,3484.859,160.0313,Famas,100,100,0,0,0,False,True,False,269.6484,0.703125
starix,CounterTerrorist,552.9053,3484.859,160.0313,Famas,100,100,0,0,0,False,True,False,269.6484,0.703125
starix,CounterTerrorist,552.9053,3484.859,160.0313,Famas,100,100,0,0,0,False,True,False,269.6484,0.703125
starix,CounterTerrorist,552.9053,3484.859,160.0313,Famas,100,100,0,0,0,False,True,False,269.6484,0.3515625
starix,CounterTerrorist,552.9053,3484.859,160.0313,Famas,100,100,0,0,0,False,True,False,270,0.3515625
starix,CounterTerrorist,552.9053,3484.859,160.0313,Famas,100,100,0,0,0,False,True,False,270,0.3515625
starix,CounterTerrorist,552.9053,3484.859,160.0313,Famas,100,100,0,0,0,False,True,False,270,0.3515625
starix,CounterTerrorist,552.9053,3484.859,160.0313,Famas,100,100,0,0,0,False,True,False,270,0.3515625
starix,CounterTerrorist,552.9053,3484.859,160.0313,Famas,100,100,0,0,0,False,True,False,270,0.3515625
starix,CounterTerrorist,552.9053,3484.859,160.0313,Famas,100,100,0,0,0,False,True,False,270,0.3515625
starix,CounterTerrorist,552.9053,3484.859,160.0313,Famas,100,100,0,0,0,False,True,False,270,0.3515625
starix,CounterTerrorist,552.9053,3484.859,160.0313,Famas,100,100,0,0,0,False,True,False,270,0.3515625
starix,CounterTerrorist,552.9053,3484.859,160.0313,Famas,100,100,0,0,0,False,True,False,270,0.3515625
starix,CounterTerrorist,552.9053,3484.859,160.0313,Famas,100,100,0,0,0,False,True,False,270,0.3515625
starix,CounterTerrorist,552.9053,3484.859,160.0313,Famas,100,100,0,0,0,False,True,False,270,0.3515625
starix,CounterTerrorist,552.9053,3484.859,160.0313,Famas,100,100,0,0,0,False,True,False,270,0.3515625
starix,CounterTerrorist,552.9053,3484.859,160.0313,Famas,100,100,0,0,0,False,True,False,270,0.3515625
starix,CounterTerrorist,552.9053,3484.859,160.0313,Famas,100,100,0,0,0,False,True,False,270,0.3515625
starix,CounterTerrorist,552.9053,3484.859,160.0313,Famas,100,100,0,0,0,False,True,False,270,0.3515625
starix,CounterTerrorist,552.9053,3484.859,160.0313,Famas,100,100,0,0,0,False,True,False,270,0.3515625
starix,CounterTerrorist,552.9053,3484.859,160.0313,Famas,100,100,0,0,0,False,True,False,270,0.3515625
starix,CounterTerrorist,552.9053,3484.859,160.0313,Famas,100,100,0,0,0,False,True,False,269.6484,0.703125
starix,CounterTerrorist,552.9053,3484.859,160.0313,Famas,100,100,0,0,0,False,True,False,269.2969,0.703125
starix,CounterTerrorist,552.9053,3484.859,160.0313,Famas,100,100,0,0,0,False,True,False,269.2969,0.703125
starix,CounterTerrorist,552.9053,3484.859,160.0313,Famas,100,100,0,0,0,False,True,False,269.2969,0.703125
starix,CounterTerrorist,552.9053,3484.859,160.0313,Famas,100,100,0,0,0,False,True,False,269.2969,0.703125
starix,CounterTerrorist,552.9053,3484.859,160.0313,Famas,100,100,0,0,0,False,True,False,269.2969,0.703125
starix,CounterTerrorist,552.9053,3484.859,160.0313,Famas,100,100,0,0,0,False,True,False,269.2969,0.703125
starix,CounterTerrorist,552.9053,3484.859,160.0313,Famas,100,100,0,0,0,False,True,False,269.6484,0.703125
starix,CounterTerrorist,552.9053,3484.859,160.0313,Famas,100,100,0,0,0,False,True,False,269.6484,0.703125
starix,CounterTerrorist,552.9053,3484.859,160.0313,Famas,100,100,0,0,0,False,True,False,269.6484,0.703125
starix,CounterTerrorist,552.9053,3484.859,160.0313,Famas,100,100,0,0,0,False,True,False,268.9453,0.703125
starix,CounterTerrorist,552.9053,3484.859,160.0313,Famas,100,100,0,0,0,False,True,False,264.7266,1.054688
starix,CounterTerrorist,552.9053,3484.859,160.0313,Famas,100,100,0,0,0,False,True,False,256.9922,2.8125
starix,CounterTerrorist,552.9053,3484.859,160.0313,Famas,100,100,0,0,0,False,True,False,254.1797,3.164063
starix,CounterTerrorist,552.9053,3484.859,160.0313,Famas,100,100,0,0,0,False,True,False,254.8828,3.515625
starix,CounterTerrorist,552.9053,3484.859,160.0313,Famas,100,100,0,0,0,False,True,False,254.8828,3.515625
starix,CounterTerrorist,552.9053,3484.859,160.0313,Famas,100,100,0,0,0,False,True,False,254.8828,3.515625
starix,CounterTerrorist,552.9053,3484.859,160.0313,Famas,100,100,0,0,0,False,True,False,254.8828,3.867188
starix,CounterTerrorist,552.9053,3484.859,160.0313,Famas,100,100,0,0,0,False,True,False,252.7734,4.21875
starix,CounterTerrorist,552.9053,3484.859,160.0313,Famas,100,100,0,0,0,False,True,False,249.2578,4.921875
starix,CounterTerrorist,552.9053,3484.859,160.0313,Famas,100,100,0,0,0,False,True,False,247.1484,5.273438
starix,CounterTerrorist,552.9053,3484.859,160.0313,Famas,100,100,0,0,0,False,True,False,247.1484,5.625
starix,CounterTerrorist,552.9053,3484.859,160.0313,Famas,100,100,0,0,0,False,True,False,246.4453,5.976563
starix,CounterTerrorist,552.9053,3484.859,160.0313,Famas,100,100,0,0,0,False,True,False,246.4453,5.976563
starix,CounterTerrorist,552.9053,3484.859,160.0313,Famas,100,100,0,0,0,False,True,False,246.0938,6.328125
starix,CounterTerrorist,552.9053,3484.859,160.0313,Famas,100,100,0,0,0,False,True,False,246.0938,6.679688
starix,CounterTerrorist,552.9053,3484.859,160.0313,Famas,100,100,0,0,0,False,True,False,246.0938,6.679688
starix,CounterTerrorist,553.2573,3484.702,160.0313,Famas,100,100,21.24104,-9.454117,0,False,True,False,246.0938,6.679688
starix,CounterTerrorist,554.8162,3484.008,160.0313,Famas,100,100,52.356,-23.31461,0,False,True,False,246.0938,6.679688
starix,CounterTerrorist,557.5656,3482.746,160.0313,Famas,100,100,80.36211,-40.52136,0,False,True,False,245.7422,7.03125
starix,CounterTerrorist,560.7506,3480.33,160.0313,Famas,100,100,82.25499,-75.20441,0,False,True,False,245.7422,7.03125
starix,CounterTerrorist,563.9971,3476.702,160.0313,Famas,100,100,83.61839,-103.9297,0,False,True,False,245.3906,7.382813
starix,CounterTerrorist,567.2867,3472.07,160.0313,Famas,100,100,84.56207,-127.7261,0,False,True,False,245.0391,7.382813
starix,CounterTerrorist,570.6038,3466.607,160.0313,Famas,100,100,85.11597,-147.4658,0,False,True,False,245.0391,7.03125
starix,CounterTerrorist,573.9446,3460.456,160.0313,Famas,100,100,86.02679,-163.6002,0,False,True,False,246.7969,6.328125
starix,CounterTerrorist,577.4173,3453.787,160.0313,Famas,100,100,91.90118,-174.5335,0,False,True,False,258.0469,5.273438
starix,CounterTerrorist,581.1752,3446.896,166.8163,Famas,100,100,96.71912,-176.601,280.1184,False,True,False,273.5156,10.19531
starix,CounterTerrorist,584.9532,3439.998,177.1481,Famas,100,100,96.71912,-176.601,248.8684,False,True,False,287.9297,16.17188
starix,CounterTerrorist,589.4223,3433.425,186.2592,Famas,100,100,128.4357,-160.8615,217.6184,False,True,False,300.2344,21.09375
starix,CounterTerrorist,595.1776,3427.667,194.1496,Famas,100,100,160.3366,-136.8745,186.3684,False,True,False,311.1328,24.96094
starix,CounterTerrorist,602.0659,3422.973,209.8193,Famas,100,100,184.2097,-110.8462,155.1184,False,True,False,322.3828,27.42188
starix,CounterTerrorist,609.5566,3419.079,215.2682,Famas,100,100,194.4102,-95.31783,123.8684,False,True,False,331.875,29.53125
starix,CounterTerrorist,617.2174,3415.506,219.4965,Famas,100,100,197.1231,-88.81871,92.61838,False,True,False,341.3672,30.9375
starix,CounterTerrorist,624.962,3412.191,222.5041,Famas,100,100,198.7191,-83.13058,61.36838,False,True,False,345.5859,31.64063
starix,CounterTerrorist,632.6981,3408.851,215.291,Famas,100,100,196.7653,-89.93047,30.11838,False,True,False,343.4766,32.69531
starix,CounterTerrorist,640.2457,3404.931,215.8572,Famas,100,100,191.4765,-105.1032,-1.131622,False,True,False,339.2578,33.04688
starix,CounterTerrorist,647.7036,3400.77,224.2027,Famas,100,100,190.9076,-106.5674,-32.38162,False,True,False,338.5547,32.69531
starix,CounterTerrorist,655.4646,3397.371,222.3274,Famas,100,100,204.0794,-74.07758,-63.63162,False,True,False,336.4453,31.99219
starix,CounterTerrorist,663.553,3394.726,219.2315,Famas,100,100,207.0591,-67.72963,-94.88162,False,True,False,323.4375,30.9375
starix,CounterTerrorist,671.6414,3392.08,205.9149,Famas,100,100,207.0591,-67.72963,-126.1316,False,True,False,301.2891,27.77344
starix,CounterTerrorist,679.7297,3389.435,200.3775,Famas,100,100,207.0591,-67.72963,-157.3816,False,True,False,273.1641,22.5
starix,CounterTerrorist,687.8181,3386.79,193.6195,Famas,100,100,207.0591,-67.72963,-188.6316,False,True,False,239.7656,16.52344
starix,CounterTerrorist,695.9065,3384.145,185.6407,Famas,100,100,207.0591,-67.72963,-219.8816,False,True,False,209.8828,10.54688
starix,CounterTerrorist,703.9949,3381.499,176.4413,Famas,100,100,207.0591,-67.72963,-251.1316,False,True,False,190.8984,5.976563
starix,CounterTerrorist,712.0833,3378.854,166.0211,Famas,100,100,207.0591,-67.72963,-282.3816,False,True,False,188.789,5.273438
starix,CounterTerrorist,720.1716,3376.209,154.3803,Famas,100,100,207.0591,-67.72963,-313.6316,False,True,False,188.789,5.273438
starix,CounterTerrorist,728.26,3373.563,141.5187,Famas,100,100,207.0591,-67.72963,-344.8816,False,True,False,188.789,5.273438
starix,CounterTerrorist,735.3886,3371.83,133.6362,Famas,100,100,142.2525,-12.8948,0,False,True,False,188.789,5.273438
starix,CounterTerrorist,738.8063,3371.52,133.6037,Famas,100,100,70.85529,-6.422839,0,False,True,False,188.789,5.273438
starix,CounterTerrorist,741.2458,3371.299,133.5804,Famas,100,100,56.85021,-5.153317,0,False,True,False,190.1953,4.570313
starix,CounterTerrorist,743.1382,3371.128,133.5623,Famas,100,100,42.84514,-3.883795,0,False,True,False,191.25,4.21875
starix,CounterTerrorist,744.4837,3371.006,133.5495,Famas,100,100,28.84007,-2.614273,0,False,True,False,191.25,4.21875
starix,CounterTerrorist,745.282,3370.933,133.5419,Famas,100,100,14.83499,-1.344751,0,False,True,False,190.8984,3.867188
starix,CounterTerrorist,745.5267,3370.911,133.5396,Famas,100,100,0,0,0,False,True,False,189.8437,3.867188
starix,CounterTerrorist,745.5267,3370.911,133.5396,Famas,100,100,0,0,0,False,True,False,189.4922,3.515625
starix,CounterTerrorist,745.5267,3370.911,133.5396,Famas,100,100,0,0,0,False,True,False,189.4922,3.515625
starix,CounterTerrorist,745.5267,3370.911,133.5396,Famas,100,100,0,0,0,False,True,False,189.4922,3.515625
starix,CounterTerrorist,745.5267,3370.911,133.5396,Famas,100,100,0,0,0,False,True,False,189.1406,3.515625
starix,CounterTerrorist,745.5267,3370.911,133.5396,Famas,100,100,0,0,0,False,True,False,189.1406,3.515625
starix,CounterTerrorist,745.5267,3370.911,133.5396,Famas,100,100,0,0,0,False,True,False,188.789,3.515625
starix,CounterTerrorist,745.5267,3370.911,133.5396,Famas,100,100,0,0,0,False,True,False,188.789,3.515625
starix,CounterTerrorist,745.5267,3370.911,133.5396,Famas,100,100,0,0,0,False,True,False,188.789,3.515625
starix,CounterTerrorist,745.5267,3370.911,133.5396,Famas,100,100,0,0,0,False,True,False,188.789,3.515625
starix,CounterTerrorist,745.5267,3370.911,133.5396,Famas,100,100,0,0,0,False,True,False,188.789,3.515625
starix,CounterTerrorist,745.5267,3370.911,133.5396,Famas,100,100,0,0,0,False,True,False,188.789,3.515625
starix,CounterTerrorist,745.5267,3370.911,133.5396,Famas,100,100,0,0,0,False,True,False,188.789,3.515625
starix,CounterTerrorist,745.5267,3370.911,133.5396,Famas,100,100,0,0,0,False,True,False,188.789,3.515625
starix,CounterTerrorist,745.5267,3370.911,133.5396,Famas,100,100,0,0,0,False,True,False,188.789,3.515625
starix,CounterTerrorist,745.5267,3370.911,133.5396,Famas,100,100,0,0,0,False,True,False,188.789,3.515625
starix,CounterTerrorist,745.5199,3370.955,133.5338,Famas,100,100,-0.8749658,5.619794,0,False,True,False,188.789,3.515625
starix,CounterTerrorist,745.4339,3371.507,133.4613,Famas,100,100,-3.086418,19.82367,0,False,True,False,188.789,3.515625
starix,CounterTerrorist,745.1905,3373.071,133.2562,Famas,100,100,-8.326596,53.48068,0,False,True,False,188.789,3.515625
starix,CounterTerrorist,744.7427,3375.947,132.8788,Famas,100,100,-13.53,86.90147,0,False,True,False,188.789,3.164063
starix,CounterTerrorist,744.1142,3379.963,132.3517,Famas,100,100,-16.69267,106.3708,0,False,True,False,189.1406,3.164063
starix,CounterTerrorist,743.5319,3383.674,131.8649,Famas,100,100,-13.7889,87.86703,0,False,True,False,190.5469,3.164063
starix,CounterTerrorist,742.9774,3386.723,131.4665,Famas,100,100,-20.80706,70.59109,0,False,True,False,191.9531,3.164063
starix,CounterTerrorist,741.2102,3388.936,131.207,Famas,100,100,-60.46046,47.75651,0,False,True,False,194.0625,2.460938
starix,CounterTerrorist,738.0817,3390.598,131.0513,Famas,100,100,-91.4103,46.37617,0,False,True,False,195.4688,2.109375
starix,CounterTerrorist,733.953,3392.733,130.8536,Famas,100,100,-114.6913,59.71354,0,False,True,False,196.875,2.109375
starix,CounterTerrorist,728.9984,3395.307,130.6148,Famas,100,100,-134.539,69.55774,0,False,True,False,198.9844,1.757813
starix,CounterTerrorist,723.3321,3398.185,130.3506,Famas,100,100,-151.7512,75.99236,0,False,True,False,201.4453,1.40625
starix,CounterTerrorist,717.0479,3401.248,130.0749,Famas,100,100,-166.6666,79.69949,0,False,True,False,203.5547,1.054688
starix,CounterTerrorist,710.2297,3404.405,129.8446,Famas,100,100,-179.5653,81.27358,0,False,True,False,205.6641,1.054688
starix,CounterTerrorist,703.294,3407.989,129.8779,Famas,100,100,-173.6864,101.6489,0,False,True,False,210.5859,1.054688
starix,CounterTerrorist,696.6331,3412.422,130.0574,Famas,100,100,-169.2113,120.4131,0,False,True,False,217.6172,1.40625
starix,CounterTerrorist,690.0471,3417.449,130.2936,Famas,100,100,-168.2748,133.8364,0,False,True,False,219.7266,1.40625
starix,CounterTerrorist,683.3339,3422.644,130.5316,Famas,100,100,-177.4743,126.0166,0,False,True,False,219.7266,1.40625
starix,CounterTerrorist,676.0745,3427.136,130.8323,Famas,100,100,-191.0749,108.0445,0,False,True,False,220.4297,1.40625
starix,CounterTerrorist,668.356,3430.905,133.8569,Famas,100,100,-201.5906,88.09783,0,False,True,False,229.5703,1.054688
starix,CounterTerrorist,660.2872,3433.853,137.8913,Famas,100,100,-209.4084,67.43979,0,False,True,False,231.3281,1.054688
starix,CounterTerrorist,652.1451,3436.596,141.9624,Famas,100,100,-206.2876,76.4555,0,False,True,False,231.3281,1.054688
starix,CounterTerrorist,644.2109,3439.894,145.9295,Famas,100,100,-201.041,89.34504,0,False,True,False,231.3281,1.054688
starix,CounterTerrorist,636.4693,3443.624,149.8003,Famas,100,100,-196.5051,98.92284,0,False,True,False,234.1406,0.703125
starix,CounterTerrorist,628.8049,3447.511,153.6325,Famas,100,100,-196.9271,98.08006,0,False,True,False,251.3672,0
starix,CounterTerrorist,621.0237,3451.157,157.5231,Famas,100,100,-200.6639,90.18865,0,False,True,False,255.2344,0.703125
starix,CounterTerrorist,613.1149,3454.519,160.0313,Famas,100,100,-203.5484,83.47472,0,False,True,False,255.2344,0.703125
starix,CounterTerrorist,605.1613,3457.76,160.0313,Famas,100,100,-200.9345,88.27717,0,False,True,False,255.2344,0.703125
starix,CounterTerrorist,597.606,3461.763,160.0313,Famas,100,100,-188.8797,111.2478,0,False,True,False,256.6406,0.3515625
starix,CounterTerrorist,590.4538,3466.517,160.0313,Famas,100,100,-179.2658,127.5294,0,False,True,False,260.8594,0.703125
starix,CounterTerrorist,583.6343,3471.745,160.0313,Famas,100,100,-171.8025,137.4187,0,False,True,False,264.375,1.40625
starix,CounterTerrorist,577.0544,3477.272,160.0313,Famas,100,100,-166.4392,143.868,0,False,True,False,265.7813,1.40625
starix,CounterTerrorist,570.6456,3482.997,160.0313,Famas,100,100,-162.7001,148.0833,0,False,True,False,267.1875,1.054688
starix,CounterTerrorist,564.3501,3488.847,160.0313,Famas,100,100,-160.2748,150.705,0,False,True,False,267.8906,1.054688
starix,CounterTerrorist,558.1261,3494.773,160.0313,Famas,100,100,-158.8317,152.2251,0,False,True,False,269.2969,1.054688
starix,CounterTerrorist,551.9395,3500.738,160.0313,Famas,100,100,-158.1488,152.9345,0,False,True,False,270,1.054688
starix,CounterTerrorist,545.7681,3506.719,160.0313,Famas,100,100,-157.941,153.149,0,False,True,False,270.7031,0.703125
starix,CounterTerrorist,539.4279,3512.424,160.0313,Famas,100,100,-168.6728,135.7339,0,False,True,False,271.7578,1.054688
starix,CounterTerrorist,532.4719,3517.119,160.0313,Famas,100,100,-183.9444,110.3592,0,False,True,False,272.8125,1.054688
starix,CounterTerrorist,524.9842,3520.907,160.0313,Famas,100,100,-196.5126,88.47006,0,False,True,False,273.8672,1.054688
starix,CounterTerrorist,517.0597,3523.91,160.0313,Famas,100,100,-206.8322,69.49751,0,False,True,False,274.9219,1.054688
starix,CounterTerrorist,508.8004,3526.231,160.0313,Famas,100,100,-213.549,52.88507,0,False,True,False,275.2734,1.054688
starix,CounterTerrorist,500.3817,3527.949,160.0313,Famas,100,100,-216.6311,38.35314,0,False,True,False,275.9766,1.054688
starix,CounterTerrorist,491.8731,3529.148,160.0313,Famas,100,100,-218.4779,25.83461,0,False,True,False,277.0313,1.054688
starix,CounterTerrorist,483.5073,3529.933,160.0313,Famas,100,100,-203.0288,17.82011,0,False,True,False,277.3828,1.054688
starix,CounterTerrorist,476.8615,3530.613,160.0313,Famas,100,100,-140.1517,18.41415,0,False,True,False,277.7344,1.054688
starix,CounterTerrorist,472.7409,3531.359,160.0313,Famas,100,100,-99.78745,17.40912,0,False,True,False,277.3828,1.054688
starix,CounterTerrorist,468.1943,3531.842,160.0313,Famas,100,100,-126.8013,9.439313,0,False,True,False,275.625,1.054688
starix,CounterTerrorist,462.7018,3532.083,160.0313,Famas,100,100,-149.2478,4.217795,0,False,True,False,274.2188,1.054688
starix,CounterTerrorist,456.4259,3532.148,160.0313,Famas,100,100,-167.8022,0.05731969,0,False,True,False,274.5703,1.054688
starix,CounterTerrorist,449.5031,3532.064,160.0313,Famas,100,100,-183.1136,-3.572142,0,False,True,False,274.5703,1.054688
starix,CounterTerrorist,442.1213,3531.857,160.0313,Famas,100,100,-186.1628,-5.856086,0,False,True,False,274.9219,1.054688
starix,CounterTerrorist,435.8494,3531.673,160.0313,Famas,100,100,-134.9717,-3.08018,0,False,True,False,275.2734,1.054688
starix,CounterTerrorist,432.1826,3531.719,160.0313,Famas,100,100,-70.50849,8.223442,0,False,True,False,275.625,1.054688
starix,CounterTerrorist,430.4535,3532.811,160.0313,Famas,100,100,-27.40324,39.79634,0,False,True,False,275.625,1.054688
starix,CounterTerrorist,429.434,3535.201,160.0313,Famas,100,100,-25.73486,75.18465,0,False,True,False,275.625,1.054688
starix,CounterTerrorist,428.3163,3537.798,160.0313,Famas,100,100,-39.92363,59.94264,0,False,True,False,275.625,1.054688
starix,CounterTerrorist,425.8584,3539.782,160.0313,Famas,100,100,-77.35085,45.12509,0,False,True,False,275.625,1.054688
starix,CounterTerrorist,422.8131,3541.322,160.0313,Famas,100,100,-72.11749,36.48149,0,False,True,False,275.625,1.054688
starix,CounterTerrorist,420.3006,3542.593,160.0313,Famas,100,100,-59.2811,29.98805,0,False,True,False,275.625,1.054688
starix,CounterTerrorist,418.2791,3543.615,160.0313,Famas,100,100,-46.73278,23.64033,0,False,True,False,275.625,1.054688
starix,CounterTerrorist,416.834,3543.688,160.0313,Famas,100,100,-29.61166,-17.36567,0,False,True,False,275.625,1.054688
starix,CounterTerrorist,415.2317,3542.326,160.0313,Famas,100,100,-48.91309,-46.12862,0,False,True,False,275.625,1.054688
starix,CounterTerrorist,412.8542,3539.895,160.0313,Famas,100,100,-68.4817,-72.4563,0,False,True,False,275.625,1.054688
starix,CounterTerrorist,409.5242,3537.022,160.0313,Famas,100,100,-97.97371,-70.18664,0,False,True,False,277.0313,0.703125
starix,CounterTerrorist,405.8964,3534.619,160.0313,Famas,100,100,-85.02962,-56.34985,0,False,True,False,278.0859,0.703125
starix,CounterTerrorist,402.9304,3532.653,160.0313,Famas,100,100,-70.23829,-46.54751,0,False,True,False,278.0859,0.703125
starix,CounterTerrorist,400.0568,3530.968,160.0313,Famas,100,100,-79.30281,-41.51265,0,False,True,False,278.0859,0.703125
starix,CounterTerrorist,396.6629,3529.43,160.0313,Famas,100,100,-91.62023,-38.06048,0,False,True,False,278.4375,0.703125
starix,CounterTerrorist,392.7502,3527.992,160.0313,Famas,100,100,-109.3862,-36.68945,0,False,True,False,279.1406,0.703125
starix,CounterTerrorist,388.2533,3526.544,160.0403,Famas,100,100,0,-36.27258,0,False,True,False,280.5469,0.703125
starix,CounterTerrorist,388.2533,3525.457,160.0403,Famas,100,100,0,-22.21008,0,False,True,False,281.25,0.703125
starix,CounterTerrorist,388.2533,3524.918,160.0403,Famas,100,100,0,-8.147583,0,False,True,False,281.25,0.703125
starix,CounterTerrorist,388.2533,3524.857,160.0403,Famas,100,100,0,0,0,False,True,False,281.25,0.703125
starix,CounterTerrorist,388.268,3524.783,160.0403,Famas,100,100,1.891932,-9.437225,0,False,True,False,281.25,0.703125
starix,CounterTerrorist,388.4988,3523.632,160.0403,Famas,100,100,8.577619,-42.83715,0,False,True,False,281.25,0.703125
starix,CounterTerrorist,388.2533,3521.348,160.0403,Famas,100,100,0,-68.88714,0,False,True,False,280.8984,0.703125
starix,CounterTerrorist,388.2533,3518.064,160.0403,Famas,100,100,0,-93.73952,0,False,True,False,281.25,0.703125
starix,CounterTerrorist,388.2533,3514.363,160.0403,Famas,100,100,0,-91.40086,0,False,True,False,281.25,0.703125
starix,CounterTerrorist,388.2533,3511.008,160.0403,Famas,100,100,0,-80.53841,0,False,True,False,281.25,0.703125
starix,CounterTerrorist,388.2533,3508.202,160.0403,Famas,100,100,0,-66.17378,0,False,True,False,281.25,0.703125
starix,CounterTerrorist,388.2533,3505.947,160.0403,Famas,100,100,0,-52.11128,0,False,True,False,281.25,0.703125
starix,CounterTerrorist,388.2533,3504.24,160.0403,Famas,100,100,0,-38.04878,0,False,True,False,281.25,0.703125
starix,CounterTerrorist,388.2533,3504.031,160.0403,Famas,100,100,0,0,0,False,True,False,281.25,0.703125
starix,CounterTerrorist,388.2533,3504.031,160.0403,Famas,100,100,0,0,0,False,True,False,280.8984,0.703125
starix,CounterTerrorist,388.2533,3504.031,160.0403,Famas,100,100,0,0,0,False,True,False,278.7891,0.703125
starix,CounterTerrorist,388.2533,3504.031,160.0403,Famas,100,100,0,0,0,False,True,False,275.9766,0.703125
starix,CounterTerrorist,388.2533,3504.031,160.0403,Famas,100,100,0,0,0,False,True,False,274.9219,0.703125
starix,CounterTerrorist,388.2533,3504.031,160.0403,Famas,100,100,0,0,0,False,True,False,274.5703,0.703125
starix,CounterTerrorist,389.1585,3504.104,160.0403,Famas,100,100,36.75918,2.919497,0,False,True,False,274.2188,0.703125
starix,CounterTerrorist,390.9306,3504.241,160.0403,Famas,100,100,47.17623,3.58103,0,True,True,False,273.8672,0.703125
starix,CounterTerrorist,392.5897,3504.365,160.0403,Famas,100,100,36.86405,2.770883,0,True,True,False,273.5156,0.703125
starix,CounterTerrorist,393.527,3504.438,160.0403,Famas,100,100,11.71026,0.9670944,0,True,True,False,273.8672,0
starix,CounterTerrorist,393.4492,3504.434,160.0403,Famas,100,100,-5.517973,-0.3829986,0,True,True,False,273.8672,359.6484
starix,CounterTerrorist,393.4211,3504.541,160.0403,Famas,100,100,-0.350909,5.520106,0,False,True,False,273.5156,359.6484
starix,CounterTerrorist,393.401,3504.862,160.0403,Famas,100,100,-0.6251162,10.04306,0,False,True,False,273.5156,359.6484
starix,CounterTerrorist,393.37,3505.36,160.0403,Famas,100,100,-0.9051383,14.56565,0,False,True,False,273.5156,359.6484
starix,CounterTerrorist,393.3288,3506.035,160.0403,Famas,100,100,-1.147919,19.09048,0,False,True,False,273.1641,359.6484
starix,CounterTerrorist,393.2789,3506.887,160.0403,Famas,100,100,-1.359901,23.61702,0,False,True,False,273.1641,359.6484
starix,CounterTerrorist,393.2217,3507.916,160.0403,Famas,100,100,-1.526363,28.14585,0,False,True,False,272.8125,359.6484
starix,CounterTerrorist,393.1587,3509.122,160.0403,Famas,100,100,-1.665636,32.67579,0,False,True,False,272.4609,0
starix,CounterTerrorist,393.0918,3510.505,160.0403,Famas,100,100,-1.729214,37.20868,0,False,True,False,272.1094,0
starix,CounterTerrorist,393.0237,3512.065,160.0403,Famas,100,100,-1.759137,41.7423,0,False,True,False,272.1094,0.3515625
starix,CounterTerrorist,392.9533,3513.802,160.0403,Famas,100,100,-1.834755,46.27394,0,False,True,False,272.1094,0.3515625
starix,CounterTerrorist,392.8798,3515.717,160.0403,Famas,100,100,-1.906007,50.80553,0,False,True,False,271.7578,0.3515625
starix,CounterTerrorist,392.8046,3517.808,160.0403,Famas,100,100,-1.937793,55.33815,0,False,True,False,271.7578,0
starix,CounterTerrorist,392.7489,3520.068,160.0403,Famas,100,100,0.6931334,58.84959,0,False,True,False,271.4063,0
starix,CounterTerrorist,393.0552,3522.353,160.0403,Famas,100,100,12.24225,58.29499,0,False,True,False,271.0547,0
starix,CounterTerrorist,393.7548,3524.624,160.0403,Famas,100,100,21.41791,58.13145,0,False,True,False,271.0547,0
starix,CounterTerrorist,394.7715,3526.902,160.0403,Famas,100,100,28.91796,58.51815,0,False,True,False,270.7031,0
starix,CounterTerrorist,396.0533,3529.208,160.0313,Famas,100,100,35.28753,59.41148,0,False,True,False,270.3516,0
starix,CounterTerrorist,397.5645,3531.558,160.0313,Famas,100,100,40.861,60.75162,0,False,True,False,270.3516,0
starix,CounterTerrorist,399.2788,3533.97,160.0313,Famas,100,100,45.81318,62.39108,0,False,True,False,270.3516,0
starix,CounterTerrorist,401.2914,3536.148,160.0313,Famas,100,100,55.09407,51.6244,0,False,True,False,270.3516,0
starix,CounterTerrorist,403.6278,3537.95,160.0313,Famas,100,100,62.76063,42.69351,0,False,True,False,270,0
starix,CounterTerrorist,406.2316,3539.439,160.0313,Famas,100,100,69.09364,35.2639,0,False,True,False,270,0
starix,CounterTerrorist,409.0563,3540.669,160.0313,Famas,100,100,74.32497,29.10416,0,False,True,False,269.6484,0
starix,CounterTerrorist,412.0634,3541.682,160.0313,Famas,100,100,78.64611,23.96269,0,False,True,False,269.6484,0
starix,CounterTerrorist,415.2213,3542.516,160.0313,Famas,100,100,82.21543,19.68699,0,False,True,False,269.6484,0
starix,CounterTerrorist,418.5037,3543.198,160.0313,Famas,100,100,85.16306,16.06814,0,False,True,False,269.2969,0
starix,CounterTerrorist,421.8889,3543.752,160.0313,Famas,100,100,87.59645,12.97508,0,False,True,False,268.9453,0
starix,CounterTerrorist,425.3589,3544.195,160.0313,Famas,100,100,89.60423,10.30632,0,False,True,False,268.5938,0
starix,CounterTerrorist,428.8989,3544.543,160.0313,Famas,100,100,91.26186,8.066457,0,False,True,False,268.5938,0
starix,CounterTerrorist,432.4967,3544.812,160.0313,Famas,100,100,92.62759,6.096882,0,False,True,False,267.8906,0
starix,CounterTerrorist,436.142,3545.009,160.0313,Famas,100,100,93.75282,4.38549,0,False,True,False,267.8906,0
starix,CounterTerrorist,439.8265,3545.145,160.0313,Famas,100,100,94.67989,2.91077,0,False,True,False,267.5391,0
starix,CounterTerrorist,443.5433,3545.228,160.0313,Famas,100,100,95.4435,1.64213,0,False,True,False,267.1875,0
starix,CounterTerrorist,447.2866,3545.265,160.0313,Famas,100,100,96.06957,0.4941435,0,False,True,False,266.8359,0
starix,CounterTerrorist,451.0517,3545.26,160.0313,Famas,100,100,96.58327,-0.5213366,0,False,True,False,266.8359,0
starix,CounterTerrorist,454.8346,3545.217,160.0313,Famas,100,100,97.00223,-1.454244,0,False,True,False,266.4844,0
starix,CounterTerrorist,458.6319,3545.139,160.0313,Famas,100,100,97.34165,-2.331423,0,False,True,False,266.1328,0
starix,CounterTerrorist,462.441,3545.03,160.0313,Famas,100,100,97.61799,-3.116276,0,False,True,False,265.7813,0
starix,CounterTerrorist,466.2596,3544.891,160.0313,Famas,100,100,97.84248,-3.818121,0,False,True,False,265.7813,0
starix,CounterTerrorist,470.0859,3544.727,160.0313,Famas,100,100,98.02145,-4.484167,0,False,True,False,265.4297,0
starix,CounterTerrorist,473.9182,3544.536,160.0313,Famas,100,100,98.16196,-5.126091,0,False,True,False,265.0781,0
starix,CounterTerrorist,477.7555,3544.323,160.0313,Famas,100,100,98.27721,-5.666371,0,False,True,False,265.0781,0
starix,CounterTerrorist,481.5967,3544.091,160.0313,Famas,100,100,98.37241,-6.112666,0,False,True,False,265.0781,0
starix,CounterTerrorist,484.6981,3543.894,160.0313,Famas,100,100,74.64062,-4.880472,0,False,True,False,265.0781,0
starix,CounterTerrorist,487.6132,3543.695,160.0313,Famas,100,100,74.61553,-5.25004,0,False,True,False,264.375,0
starix,CounterTerrorist,490.4858,3543.223,160.0313,Famas,100,100,72.59781,-17.01318,0,False,True,False,262.9688,0
starix,CounterTerrorist,493.2542,3542.299,160.0313,Famas,100,100,69.4548,-27.76818,0,False,True,False,259.4531,0.3515625
starix,CounterTerrorist,495.8135,3540.986,160.0313,Famas,100,100,60.43795,-37.93201,0,False,True,False,257.6953,0.703125
starix,CounterTerrorist,497.8126,3539.272,160.0313,Famas,100,100,45.27465,-47.46383,0,True,True,False,257.3438,0.703125
starix,CounterTerrorist,499.1412,3537.453,160.0313,Famas,100,100,24.02902,-41.25283,0,True,True,False,257.3438,0.703125
starix,CounterTerrorist,499.5189,3536.236,160.0313,Famas,100,100,0.8572747,-24.11227,0,True,True,False,256.9922,0.703125
starix,CounterTerrorist,499.1986,3535.703,160.0313,Famas,100,100,-12.41905,-7.414627,0,True,True,False,256.9922,0.703125
starix,CounterTerrorist,498.4605,3535.649,160.0313,Famas,100,100,-28.64988,2.738362,0,False,True,False,256.9922,0.703125
starix,CounterTerrorist,496.5689,3535.967,160.0313,Famas,100,100,-61.63528,11.52195,0,False,True,False,256.9922,0.703125
starix,CounterTerrorist,493.4249,3536.333,160.0313,Famas,100,100,-91.38119,0.8725463,0,False,True,False,257.3438,0.703125
starix,CounterTerrorist,489.3314,3535.788,160.0313,Famas,100,100,-113.1735,-23.21795,0,False,True,False,257.3438,1.054688
starix,CounterTerrorist,484.5948,3534.473,160.0313,Famas,100,100,-121.3299,-36.99844,0,True,True,False,257.6953,1.054688
starix,CounterTerrorist,479.9758,3533.17,160.0313,Famas,100,100,-116.6474,-29.29739,0,True,True,False,257.6953,1.054688
starix,CounterTerrorist,475.907,3532.148,160.0313,Famas,100,100,-96.35603,-24.20096,0,True,True,False,258.0469,0.703125
starix,CounterTerrorist,472.5459,3531.303,160.0313,Famas,100,100,-79.59441,-19.99108,0,True,True,False,258.0469,0.703125
starix,CounterTerrorist,469.7719,3530.607,160.0313,Famas,100,100,-65.51608,-16.45514,0,True,True,False,258.3984,0.3515625
starix,CounterTerrorist,467.362,3530.076,160.0313,Famas,100,100,-62.76302,-11.0175,0,False,True,False,258.3984,0.3515625
starix,CounterTerrorist,464.809,3529.781,160.0313,Famas,100,100,-67.06288,-5.477277,0,False,True,False,258.75,0.3515625
starix,CounterTerrorist,462.0909,3529.672,160.0313,Famas,100,100,-71.26032,-1.104612,0,False,True,False,258.75,0.3515625
starix,CounterTerrorist,459.2145,3529.713,160.0313,Famas,100,100,-74.76276,2.360118,0,False,True,False,259.1016,0
starix,CounterTerrorist,456.2958,3529.846,160.0313,Famas,100,100,-74.76862,2.166295,0,False,True,False,259.1016,0
starix,CounterTerrorist,453.3954,3529.677,160.0313,Famas,100,100,-72.43332,-9.447998,0,False,True,False,259.4531,0
starix,CounterTerrorist,450.8094,3528.943,160.0313,Famas,100,100,-62.15151,-24.55048,0,False,True,False,259.4531,0
starix,CounterTerrorist,448.6019,3527.694,160.0313,Famas,100,100,-52.92823,-36.49974,0,False,True,False,259.8047,0
starix,CounterTerrorist,446.7842,3526.056,160.0313,Famas,100,100,-39.75002,-44.6699,0,False,True,False,260.1563,0
starix,CounterTerrorist,445.6786,3524.217,160.0313,Famas,100,100,-21.15874,-48.34889,0,False,True,False,260.1563,0
starix,CounterTerrorist,445.21,3522.282,160.0313,Famas,100,100,-6.411054,-50.15107,0,False,True,False,260.1563,0
starix,CounterTerrorist,445.1058,3520.266,160.0313,Famas,100,100,-3.12658,-53.20081,0,False,True,False,260.1563,0
starix,CounterTerrorist,444.9315,3518.087,160.0313,Famas,100,100,-5.287839,-57.495,0,False,True,False,260.1563,0
starix,CounterTerrorist,444.6825,3515.74,160.0313,Famas,100,100,-7.054874,-61.82322,0,False,True,False,260.1563,0
starix,CounterTerrorist,444.3712,3513.223,160.0313,Famas,100,100,-8.539598,-66.18382,0,False,True,False,260.1563,0
starix,CounterTerrorist,444.0074,3510.535,160.0313,Famas,100,100,-9.811744,-70.57304,0,False,True,False,260.1563,0
starix,CounterTerrorist,443.5968,3507.675,160.0313,Famas,100,100,-10.9637,-74.97878,0,False,True,False,260.1563,0
starix,CounterTerrorist,443.1445,3504.651,160.0313,Famas,100,100,-11.9606,-78.94016,0,False,True,False,260.1563,0
starix,CounterTerrorist,442.668,3501.554,160.0313,Famas,100,100,-11.44184,-73.91972,0,True,True,False,260.1563,0.3515625
starix,CounterTerrorist,442.1992,3498.567,160.0313,Famas,100,100,-12.34712,-78.06024,0,True,True,False,260.5078,0.703125
starix,CounterTerrorist,441.6988,3495.435,160.0313,Famas,100,100,-13.10391,-81.4855,0,True,True,False,260.1563,0.703125
starix,CounterTerrorist,441.1709,3492.184,160.0313,Famas,100,100,-13.77854,-84.3064,0,True,True,False,260.1563,1.054688
starix,CounterTerrorist,440.7216,3488.852,160.0313,Famas,100,100,-7.324175,-85.32476,0,True,True,False,260.1563,1.054688
starix,CounterTerrorist,440.9597,3485.173,160.0313,Famas,100,100,16.69174,-102.8758,0,False,True,False,260.1563,1.054688
starix,CounterTerrorist,441.7813,3480.663,160.0313,Famas,100,100,12.45894,-122.2118,0,False,True,False,260.1563,1.054688
starix,CounterTerrorist,441.3517,3475.764,160.0313,Famas,100,100,-25.36729,-127.8029,0,False,True,False,264.0234,1.054688
starix,CounterTerrorist,439.6966,3470.561,160.0313,Famas,100,100,-52.17632,-137.4035,0,False,True,False,274.2188,1.40625
starix,CounterTerrorist,437.129,3465.066,160.0313,Famas,100,100,-77.64803,-136.7729,0,False,True,False,279.4922,1.757813
starix,CounterTerrorist,433.3656,3460.099,160.0313,Famas,100,100,-108.0002,-121.3299,0,False,True,False,281.25,1.757813
starix,CounterTerrorist,428.6109,3455.536,160.0313,Famas,100,100,-126.7868,-119.4671,0,False,True,False,282.6563,1.40625
starix,CounterTerrorist,423.6211,3450.458,160.0313,Famas,100,100,-128.258,-136.6319,0,False,True,False,283.3594,1.40625
starix,CounterTerrorist,418.5884,3444.776,160.0313,Famas,100,100,-129.1889,-150.9861,0,False,True,False,283.7109,1.40625
starix,CounterTerrorist,413.5238,3438.593,160.0313,Famas,100,100,-129.9433,-162.8523,0,False,True,False,283.7109,1.40625
starix,CounterTerrorist,408.4344,3431.995,160.0313,Famas,100,100,-130.4675,-172.7142,0,False,True,False,284.0625,1.40625
starix,CounterTerrorist,403.3606,3425.086,160.0313,Famas,100,100,-128.7312,-178.4048,0,False,True,False,284.4141,1.40625
starix,CounterTerrorist,400.0313,3418.333,160.0313,Famas,100,100,0,-162.2682,0,False,True,False,285.1172,1.40625
starix,CounterTerrorist,400.0313,3412.673,160.0313,Famas,100,100,0,-134.0409,0,False,True,False,285.8203,1.40625
starix,CounterTerrorist,400.0313,3407.998,160.0313,Famas,100,100,0,-110.7238,0,False,True,False,286.1719,1.40625
starix,CounterTerrorist,400.0313,3404.136,160.0313,Famas,100,100,0,-91.46282,0,False,True,False,286.1719,1.40625
starix,CounterTerrorist,400.0313,3400.945,160.0313,Famas,100,100,0,-75.5524,0,False,True,False,286.5234,1.757813
starix,CounterTerrorist,400.0313,3398.324,160.0313,Famas,100,100,0,-61.46918,0,False,True,False,286.5234,1.757813
starix,CounterTerrorist,400.0313,3396.253,160.0313,Famas,100,100,0,-47.40668,0,False,True,False,286.5234,1.757813
starix,CounterTerrorist,400.0313,3394.731,160.0313,Famas,100,100,0,-33.34418,0,False,True,False,286.5234,1.757813
starix,CounterTerrorist,400.1034,3393.779,160.0313,Famas,100,100,9.231294,-16.55701,0,False,True,False,286.5234,1.757813
starix,CounterTerrorist,401.2903,3393.62,160.0313,Famas,100,100,43.3741,2.245072,0,False,True,False,286.5234,1.757813
starix,CounterTerrorist,403.8621,3394.028,160.0313,Smoke,100,100,80.85094,15.62227,0,False,True,False,286.5234,1.757813
starix,CounterTerrorist,407.8288,3394.91,160.0313,Smoke,100,100,114.4894,26.93074,0,False,True,False,286.5234,1.757813
starix,CounterTerrorist,412.9689,3396.187,160.0313,Smoke,100,100,142.2762,36.27204,0,False,True,False,286.5234,1.757813
starix,CounterTerrorist,419.0783,3397.789,160.0313,Smoke,100,100,165.2294,43.98838,0,False,True,False,286.5234,1.757813
starix,CounterTerrorist,424.7444,3399.295,160.0313,Smoke,100,100,115.6046,30.19635,0,False,True,False,286.5234,1.757813
starix,CounterTerrorist,427.6266,3400.01,160.0313,Smoke,100,100,47.31957,10.80417,0,False,True,False,286.5234,1.757813
starix,CounterTerrorist,427.9866,3400.035,160.0313,Smoke,100,100,-12.77639,-4.540298,0,False,True,False,286.5234,1.757813
starix,CounterTerrorist,426.5955,3399.606,160.0313,Smoke,100,100,-50.80574,-15.36146,0,False,True,False,286.5234,1.757813
starix,CounterTerrorist,423.7251,3398.748,160.0313,Smoke,100,100,-88.34318,-26.31508,0,False,True,False,286.5234,1.757813
starix,CounterTerrorist,419.497,3397.494,160.0313,Smoke,100,100,-120.6783,-35.76348,0,False,True,False,286.5234,1.757813
starix,CounterTerrorist,414.1412,3395.909,160.0313,Smoke,100,100,-147.3761,-43.61051,0,False,True,False,286.5234,1.757813
starix,CounterTerrorist,407.8556,3394.045,160.0313,Smoke,100,100,-169.3613,-50.32201,0,False,True,False,286.875,1.40625
starix,CounterTerrorist,401.0425,3392.012,160.0313,Smoke,100,100,-167.3273,-49.97446,0,False,True,False,287.2266,1.40625
starix,CounterTerrorist,400.0313,3390.354,160.0313,Smoke,100,100,0,-36.85041,0,False,True,False,287.2266,1.40625
starix,CounterTerrorist,400.0313,3389.244,160.0313,Smoke,100,100,0,-22.78791,0,False,True,False,287.2266,1.40625
starix,CounterTerrorist,400.0313,3388.684,160.0313,Smoke,100,100,0,-8.725414,0,False,True,False,287.2266,1.40625
starix,CounterTerrorist,400.0313,3388.613,160.0313,Smoke,100,100,0,0,0,False,True,False,287.2266,1.40625
starix,CounterTerrorist,400.0313,3388.613,160.0313,Smoke,100,100,0,0,0,False,True,False,287.2266,1.40625
starix,CounterTerrorist,400.0313,3388.613,160.0313,Smoke,100,100,0,0,0,False,True,False,287.2266,1.40625
starix,CounterTerrorist,400.0313,3388.613,160.0313,Smoke,100,100,0,0,0,False,True,False,287.2266,1.054688
starix,CounterTerrorist,400.0313,3388.613,160.0313,Smoke,100,100,0,0,0,False,True,False,287.2266,1.054688
starix,CounterTerrorist,400.0313,3388.613,160.0313,Smoke,100,100,0,0,0,False,True,False,287.2266,1.054688
starix,CounterTerrorist,400.0313,3388.613,160.0313,Smoke,100,100,0,0,0,False,True,False,287.2266,1.054688
starix,CounterTerrorist,400.0313,3388.613,160.0313,Smoke,100,100,0,0,0,False,True,False,287.2266,1.054688
starix,CounterTerrorist,400.2401,3387.939,160.0313,Smoke,100,100,10.20354,-32.89117,0,False,True,False,287.2266,1.054688
starix,CounterTerrorist,400.914,3385.77,160.0313,Smoke,100,100,21.94944,-70.63707,0,False,True,False,287.2266,0.703125
starix,CounterTerrorist,402.0341,3382.166,160.0313,Smoke,100,100,32.88754,-105.7967,0,False,True,False,287.2266,0.703125
starix,CounterTerrorist,403.537,3377.335,160.0313,Smoke,100,100,41.97286,-134.8593,0,False,True,False,287.2266,0.703125
starix,CounterTerrorist,405.2112,3371.958,160.0313,Smoke,100,100,40.26027,-129.3045,0,False,True,False,287.2266,0.703125
starix,CounterTerrorist,406.6155,3367.448,160.0313,Smoke,100,100,33.25679,-106.8114,0,False,True,False,287.2266,0.703125
starix,CounterTerrorist,407.7755,3363.722,160.0313,Smoke,100,100,27.47161,-88.23098,0,False,True,False,287.2266,0.703125
starix,CounterTerrorist,408.7338,3360.644,160.0313,Smoke,100,100,22.69278,-72.88276,0,False,True,False,287.2266,0.703125
starix,CounterTerrorist,409.1475,3359.313,160.0313,Smoke,100,100,2.534516,-8.246989,0,False,True,False,287.2266,0.703125
starix,CounterTerrorist,408.9059,3360.085,160.0313,Smoke,100,100,-10.89054,34.86747,0,False,True,False,287.2266,0.703125
starix,CounterTerrorist,408.23,3362.25,160.0313,Famas,100,100,-21.36419,68.42734,0,False,True,False,287.2266,0.703125
starix,CounterTerrorist,407.1664,3365.657,160.0313,Famas,100,100,-30.91959,99.04261,0,False,True,False,287.2266,0.703125
starix,CounterTerrorist,405.9005,3369.717,160.0313,Famas,100,100,-30.52614,97.90171,0,False,True,False,287.2266,0.703125
starix,CounterTerrorist,404.8357,3373.131,160.0313,Famas,100,100,-25.21596,80.87122,0,False,True,False,287.2266,0.703125
starix,CounterTerrorist,403.9563,3375.952,160.0313,Famas,100,100,-20.80386,66.72098,0,False,True,False,287.2266,0.703125
starix,CounterTerrorist,403.2418,3378.243,160.0313,Famas,100,100,-16.61788,53.29595,0,False,True,False,287.2266,0.703125
starix,CounterTerrorist,402.6907,3380.01,160.0313,Famas,100,100,-12.4319,39.87093,0,False,True,False,286.875,0.703125
starix,CounterTerrorist,402.3032,3381.253,160.0313,Famas,100,100,-8.245928,26.44589,0,False,True,False,286.875,0.703125
starix,CounterTerrorist,402.0792,3381.972,160.0313,Famas,100,100,-4.059953,13.02086,0,False,True,False,286.875,0.703125
starix,CounterTerrorist,402.0178,3382.169,160.0313,Famas,100,100,0,0,0,False,True,False,286.875,0.703125
starix,CounterTerrorist,402.0178,3382.169,160.0313,Famas,100,100,0,0,0,False,True,False,286.875,0.703125
starix,CounterTerrorist,402.0178,3382.169,160.0313,Famas,100,100,0,0,0,False,True,False,286.875,0.703125
starix,CounterTerrorist,402.1487,3381.742,160.0313,Famas,100,100,5.036127,-16.43312,0,False,True,False,286.875,0.703125
starix,CounterTerrorist,402.4442,3380.777,160.0313,Famas,100,100,9.24816,-30.17719,0,False,True,False,286.875,0.703125
starix,CounterTerrorist,402.9041,3379.276,160.0313,Famas,100,100,13.46019,-43.92126,0,False,True,False,286.875,0.703125
starix,CounterTerrorist,403.528,3377.238,160.0313,Famas,100,100,17.6468,-57.6731,0,False,True,False,286.875,0.703125
starix,CounterTerrorist,404.3156,3374.662,160.0313,Famas,100,100,21.83784,-71.42359,0,False,True,False,286.875,0.703125
starix,CounterTerrorist,405.2624,3371.565,160.0313,Famas,100,100,25.7405,-84.22269,0,False,True,False,286.875,0.703125
starix,CounterTerrorist,406.3454,3368.021,160.0313,Famas,100,100,28.96722,-94.80495,0,False,True,False,286.875,0.703125
starix,CounterTerrorist,407.541,3364.107,160.0313,Famas,100,100,31.63263,-103.5464,0,False,True,False,286.875,0.703125
starix,CounterTerrorist,408.8263,3359.9,160.0313,Famas,100,100,33.41988,-109.4096,0,False,True,False,286.875,0.703125
starix,CounterTerrorist,409.7481,3355.534,160.0313,Famas,100,100,16.45807,-113.2099,0,False,True,False,286.875,0.703125
starix,CounterTerrorist,410.0209,3351.076,160.0313,Famas,100,100,1.092392,-114.3948,0,False,True,False,286.875,1.054688
starix,CounterTerrorist,409.6365,3346.729,160.0313,Famas,100,100,-19.42901,-106.7692,0,False,True,False,287.2266,1.054688
starix,CounterTerrorist,408.3527,3342.819,160.0313,Famas,100,100,-41.2664,-95.95287,0,False,True,False,287.2266,1.054688
starix,CounterTerrorist,406.9133,3339.472,160.0313,Famas,100,100,-34.0879,-79.26138,0,False,True,False,287.2266,1.054688
starix,CounterTerrorist,405.7244,3336.707,160.0313,Famas,100,100,-28.14404,-65.44069,0,False,True,False,287.2266,1.054688
starix,CounterTerrorist,404.7552,3334.454,160.0313,Famas,100,100,-22.58821,-52.52224,0,False,True,False,287.2266,1.054688
starix,CounterTerrorist,404.0031,3332.705,160.0313,Famas,100,100,-17.03238,-39.60378,0,False,True,False,287.2266,1.054688
starix,CounterTerrorist,403.468,3331.461,160.0313,Famas,100,100,-11.47654,-26.68532,0,False,True,False,287.2266,1.054688
starix,CounterTerrorist,403.1499,3330.721,160.0313,Famas,100,100,-5.920706,-13.76686,0,False,True,False,287.2266,1.054688
starix,CounterTerrorist,403.0517,3330.492,160.0313,Famas,100,100,0,0,0,False,True,False,287.2266,1.054688
starix,CounterTerrorist,403.0517,3330.492,160.0313,Famas,100,100,0,0,0,False,True,False,287.2266,1.054688
starix,CounterTerrorist,403.0517,3330.492,160.0313,Famas,100,100,0,0,0,False,True,False,287.2266,1.054688
starix,CounterTerrorist,403.0517,3330.492,160.0313,Famas,100,100,0,0,0,False,True,False,287.2266,1.054688
starix,CounterTerrorist,403.0517,3330.492,160.0313,Famas,100,100,0,0,0,False,True,False,287.2266,1.054688
starix,CounterTerrorist,403.077,3330.304,160.0469,Famas,100,100,-0.9601301,-10.52319,0,False,True,False,287.2266,1.054688
starix,CounterTerrorist,402.8077,3329.621,160.0469,Famas,100,100,-10.16412,-22.30671,0,False,True,False,287.2266,1.054688
starix,CounterTerrorist,402.24,3328.458,160.0469,Famas,100,100,-17.37985,-34.76615,0,False,True,False,287.2266,1.054688
starix,CounterTerrorist,401.3134,3326.641,160.0469,Famas,100,100,-29.73495,-57.85858,0,False,True,False,287.2266,1.054688
starix,CounterTerrorist,400.0313,3323.685,160.0469,Famas,100,100,0,-87.08619,0,False,True,False,287.9297,1.40625
starix,CounterTerrorist,400.0313,3319.692,160.0469,Famas,100,100,0,-111.673,0,False,True,False,287.9297,1.40625
starix,CounterTerrorist,400.0114,3315.212,160.0469,Famas,100,100,0,-114.371,0,False,True,False,287.9297,1.40625
starix,CounterTerrorist,400.0114,3310.744,160.0469,Famas,100,100,0,-114.371,0,False,True,False,287.9297,1.40625
starix,CounterTerrorist,400.0114,3306.276,160.0469,Famas,100,100,0,-114.371,0,False,True,False,287.9297,1.40625
starix,CounterTerrorist,400.0114,3301.808,160.0469,Famas,100,100,0,-114.371,0,False,True,False,287.9297,1.40625
starix,CounterTerrorist,400.0114,3297.361,160.0469,Famas,100,100,0,-111.8273,0,False,True,False,287.9297,1.40625
starix,CounterTerrorist,400.0114,3293.279,160.0469,Famas,100,100,0,-98.71964,0,False,True,False,287.5781,1.40625
starix,CounterTerrorist,400.0847,3289.852,160.0469,Famas,100,100,9.382813,-79.4013,0,False,True,False,283.0078,1.757813
starix,CounterTerrorist,401.4746,3287.219,160.0469,Famas,100,100,52.1026,-61.40264,0,False,True,False,270.3516,2.460938
starix,CounterTerrorist,404.3601,3284.984,160.0469,Famas,100,100,87.37556,-55.59886,0,False,True,False,260.5078,2.460938
starix,CounterTerrorist,408.457,3282.82,160.0469,Famas,100,100,115.7124,-55.77524,0,False,True,False,255.5859,2.109375
starix,CounterTerrorist,413.5247,3280.579,160.0469,Famas,100,100,138.44,-58.58812,0,False,True,False,253.125,2.109375
starix,CounterTerrorist,419.2446,3278.103,160.0469,Famas,100,100,142.3685,-71.8674,0,False,True,False,251.3672,2.109375
starix,CounterTerrorist,423.8513,3274.585,160.0469,Famas,100,100,102.4669,-101.3685,0,False,True,False,249.6094,2.460938
starix,CounterTerrorist,427.035,3270.049,160.0469,Famas,100,100,68.23586,-125.2584,0,False,True,False,247.8516,2.109375
starix,CounterTerrorist,429.2437,3264.715,160.0452,Famas,100,100,54.91905,-140.0129,0,True,True,False,245.7422,1.757813
starix,CounterTerrorist,431.535,3259.656,160.043,Famas,100,100,60.96885,-123.0126,0,True,True,False,244.3359,1.40625
starix,CounterTerrorist,434.0324,3255.18,160.0428,Famas,100,100,65.75094,-109.409,0,True,True,False,242.2266,1.054688
starix,CounterTerrorist,436.6901,3251.165,160.0428,Famas,100,100,69.43184,-98.68275,0,True,True,False,240.4688,1.054688
starix,CounterTerrorist,438.9871,3247.797,160.0428,Famas,100,100,47.97756,-76.02181,0,True,True,False,239.4141,1.054688
starix,CounterTerrorist,440.1822,3245.43,160.0428,Famas,100,100,14.45454,-47.55862,0,False,True,False,239.7656,1.054688
starix,CounterTerrorist,439.7702,3244.453,160.0428,Famas,100,100,-24.80447,-10.592,0,False,True,False,239.7656,0.703125
starix,CounterTerrorist,438.5353,3244.433,160.0428,Famas,100,100,-27.66118,0.4454079,0,False,True,False,239.7656,0.703125
starix,CounterTerrorist,437.7843,3244.445,160.0428,Famas,100,100,-13.6005,0.218999,0,False,True,False,239.4141,1.054688
starix,CounterTerrorist,437.579,3244.448,160.0428,Famas,100,100,0,0,0,False,True,False,238.711,1.054688
starix,CounterTerrorist,437.579,3244.448,160.0428,Famas,100,100,0,0,0,False,True,False,237.6563,1.40625
starix,CounterTerrorist,437.579,3244.448,160.0428,Famas,100,100,0,0,0,False,True,False,237.3047,1.40625
starix,CounterTerrorist,437.579,3244.448,160.0428,Famas,100,100,0,0,0,False,True,False,237.3047,1.40625
starix,CounterTerrorist,437.2444,3243.927,160.0428,Famas,100,100,-16.22756,-25.30652,0,False,True,False,237.3047,1.40625
starix,CounterTerrorist,436.1794,3242.266,160.0586,Famas,100,100,-34.62889,-53.97086,0,False,True,False,237.3047,1.40625
starix,CounterTerrorist,434.3994,3239.499,160.0586,Famas,100,100,-52.60027,-81.65746,0,False,True,False,236.9531,1.40625
starix,CounterTerrorist,431.9805,3235.75,160.0586,Famas,100,100,-67.7521,-104.9081,0,False,True,False,236.9531,1.054688
starix,CounterTerrorist,429.4872,3231.085,160.0586,Famas,100,100,-55.62843,-129.3127,0,False,True,False,236.9531,1.054688
starix,CounterTerrorist,427.7593,3225.523,160.0586,Famas,100,100,-37.33753,-150.6253,0,False,True,False,235.1953,1.40625
starix,CounterTerrorist,426.6153,3219.208,160.0586,Famas,100,100,-24.65734,-168.6339,0,False,True,False,231.3281,1.40625
starix,CounterTerrorist,425.8454,3212.257,160.0586,Famas,100,100,-17.0062,-183.814,0,False,True,False,228.1641,1.40625
starix,CounterTerrorist,425.2355,3204.793,160.0586,Famas,100,100,-19.53286,-193.7973,0,False,True,False,226.4063,1.40625
starix,CounterTerrorist,423.8091,3197.261,160.0586,Famas,100,100,-47.16789,-192.1858,0,False,True,False,225.7031,1.40625
starix,CounterTerrorist,421.4124,3189.791,160.0586,Famas,100,100,-70.24664,-190.61,0,False,True,False,225.3516,1.40625
starix,CounterTerrorist,418.1905,3182.407,160.1653,Famas,100,100,-91.71492,-185.5274,0,False,True,False,225.7031,1.40625
starix,CounterTerrorist,413.9183,3175.92,160.2641,Famas,100,100,-120.4027,-153.9942,0,False,True,False,226.0547,1.40625
starix,CounterTerrorist,408.6457,3170.523,160.3311,Famas,100,100,-144.0946,-128.2365,0,False,True,False,226.4063,1.40625
starix,CounterTerrorist,402.5468,3166.02,160.4151,Famas,100,100,-163.6558,-107.2919,0,False,True,False,227.1094,1.40625
starix,CounterTerrorist,395.8773,3162.542,160.4596,Famas,100,100,-172.8118,-70.93322,0,False,True,False,228.8672,1.40625
starix,CounterTerrorist,389.0136,3160.706,160.4917,Famas,100,100,-179.0941,-36.958,0,False,True,False,230.625,1.054688
starix,CounterTerrorist,381.6994,3159.303,160.509,Famas,100,100,-192.3275,-35.34394,0,False,True,False,231.3281,1.40625
starix,CounterTerrorist,373.9255,3157.94,160.5258,Famas,100,100,-203.1781,-34.70314,0,False,True,False,232.3828,1.40625
starix,CounterTerrorist,365.7753,3156.583,160.5582,Famas,100,100,-212.0495,-34.86815,0,False,True,False,233.0859,1.40625
starix,CounterTerrorist,357.341,3155.208,160.575,Famas,100,100,-217.1374,-35.37442,0,False,True,False,234.4922,1.40625
starix,CounterTerrorist,348.8652,3153.976,160.592,Famas,100,100,-216.6893,-22.30325,0,False,True,False,235.5469,1.40625
starix,CounterTerrorist,340.4111,3153.788,160.592,Famas,100,100,-216.3863,5.97268,0,False,True,False,237.6563,1.054688
starix,CounterTerrorist,331.9486,3154.558,160.5368,Famas,100,100,-216.894,28.1283,0,False,True,False,239.4141,1.054688
starix,CounterTerrorist,323.4934,3156.059,160.4668,Famas,100,100,-215.4459,44.53144,0,False,True,False,241.5234,1.054688
starix,CounterTerrorist,315.1448,3158.093,160.3976,Famas,100,100,-212.5777,56.66315,0,False,True,False,241.875,1.054688
starix,CounterTerrorist,306.9056,3160.534,160.3293,Famas,100,100,-209.8555,66.03539,0,False,True,False,242.5781,1.054688
starix,CounterTerrorist,299.1043,3163.321,160.2647,Famas,100,100,-186.1092,70.56124,0,False,True,False,243.2813,1.054688
starix,CounterTerrorist,293.5744,3165.306,160.2189,Famas,100,100,-113.6794,38.56269,0,False,True,False,243.9844,1.054688
starix,CounterTerrorist,290.5761,3166.181,160.1941,Famas,100,100,-53.47188,12.23798,0,False,True,False,243.9844,1.054688
starix,CounterTerrorist,289.8246,3166.142,160.1876,Famas,100,100,3.314751,-8.034393,0,False,True,False,244.6875,1.40625
starix,CounterTerrorist,290.7548,3165.576,160.1876,Famas,100,100,36.46339,-19.6963,0,False,True,False,244.6875,1.40625
starix,CounterTerrorist,292.908,3164.48,160.205,Famas,100,100,67.52818,-33.70717,0,False,True,False,244.6875,1.40625
starix,CounterTerrorist,296.2343,3162.847,160.2409,Famas,100,100,96.1738,-46.86811,0,False,True,False,244.6875,1.40625
starix,CounterTerrorist,300.5596,3160.754,160.2616,Famas,100,100,119.825,-57.76379,0,False,True,False,244.6875,1.40625
starix,CounterTerrorist,305.7098,3158.281,160.3194,Famas,100,100,139.362,-66.76413,0,False,True,False,244.6875,1.40625
starix,CounterTerrorist,311.5382,3155.488,160.3577,Famas,100,100,155.2965,-74.6226,0,False,True,False,243.6328,1.054688
starix,CounterTerrorist,316.7578,3152.989,160.3957,Famas,100,100,111.5471,-52.88123,0,False,True,False,242.2266,1.40625
starix,CounterTerrorist,319.6973,3151.644,160.4353,Famas,100,100,52.43652,-22.82668,0,False,True,False,242.2266,1.757813
starix,CounterTerrorist,320.442,3151.397,160.4353,Famas,100,100,-3.332353,4.089231,0,False,True,False,241.875,2.460938
starix,CounterTerrorist,319.5747,3151.89,160.4343,Famas,100,100,-34.33012,18.84389,0,False,True,False,242.2266,2.8125
starix,CounterTerrorist,317.5231,3152.991,160.4173,Famas,100,100,-64.6503,34.37163,0,False,True,False,242.5781,3.164063
starix,CounterTerrorist,314.3177,3154.682,160.3907,Famas,100,100,-92.98239,48.93334,0,False,True,False,242.5781,3.515625
starix,CounterTerrorist,310.5379,3157.238,160.3594,Famas,100,100,-95.72147,78.71513,0,False,True,False,244.6875,3.515625
starix,CounterTerrorist,306.752,3160.958,160.3281,Famas,100,100,-99.00367,104.8625,0,False,True,False,257.3438,2.460938
starix,CounterTerrorist,302.5941,3165.419,160.2936,Famas,100,100,-112.5512,118.7276,0,False,True,False,274.9219,3.164063
starix,CounterTerrorist,297.7733,3167.969,160.2537,Famas,100,100,-130.9959,0,0,False,True,False,288.6328,3.515625
starix,CounterTerrorist,292.2185,3167.999,160.2077,Famas,100,100,-149.4851,0,0,False,True,False,294.9609,3.515625
starix,CounterTerrorist,285.985,3167.999,160.156,Famas,100,100,-165.9835,0,0,False,True,False,298.125,3.164063
starix,CounterTerrorist,279.1646,3167.999,160.0995,Famas,100,100,-180.0188,0,0,False,True,False,299.1797,3.164063
starix,CounterTerrorist,272.0596,3167.999,160.0691,Famas,100,100,-178.5827,0,0,False,True,False,299.5313,3.164063
starix,CounterTerrorist,265.3017,3167.999,160.0691,Famas,100,100,-169.5118,0,0,False,True,False,299.5313,3.164063
starix,CounterTerrorist,264.0313,3167.999,160.0691,Famas,100,100,0,0,0,False,True,False,299.8828,2.8125
starix,CounterTerrorist,264.0313,3167.999,160.0691,Famas,100,100,0,0,0,False,True,False,301.6406,2.460938
starix,CounterTerrorist,264.0313,3167.999,160.0691,Famas,100,100,0,0,0,False,True,False,302.3438,2.109375
starix,CounterTerrorist,264.0313,3167.999,160.0691,Famas,100,100,0,0,0,False,True,False,301.9922,2.109375
starix,CounterTerrorist,264.0313,3167.999,160.0691,Famas,100,100,0,0,0,False,True,False,301.9922,2.109375
starix,CounterTerrorist,264.0313,3167.999,160.0691,Famas,100,100,0,0,0,False,True,False,301.9922,2.109375
starix,CounterTerrorist,264.0313,3167.999,160.0691,Famas,100,100,0,0,0,False,True,False,301.9922,2.109375
starix,CounterTerrorist,264.0313,3167.999,160.0691,Famas,100,100,0,0,0,False,True,False,301.9922,2.109375
starix,CounterTerrorist,264.0313,3167.999,160.0691,Famas,100,100,0,0,0,False,True,False,301.9922,2.109375
starix,CounterTerrorist,264.0313,3167.999,160.0691,Famas,100,100,0,0,0,False,True,False,301.9922,2.109375
starix,CounterTerrorist,264.0313,3167.999,160.0691,Famas,100,100,0,0,0,False,True,False,301.2891,2.460938
starix,CounterTerrorist,264.0313,3167.999,160.0691,Famas,100,100,0,0,0,False,True,False,300.9375,2.460938
starix,CounterTerrorist,264.0313,3167.999,160.0691,Famas,100,100,0,0,0,False,True,False,300.9375,2.460938
starix,CounterTerrorist,264.0313,3167.999,160.0691,Famas,100,100,0,0,0,False,True,False,300.9375,2.460938
starix,CounterTerrorist,264.0313,3167.999,160.0691,Famas,100,100,0,0,0,False,True,False,300.9375,2.460938
starix,CounterTerrorist,264.0313,3167.999,160.0691,Famas,100,100,0,0,0,False,True,False,300.9375,2.460938
starix,CounterTerrorist,264.0313,3167.999,160.0691,Famas,100,100,0,0,0,False,True,False,300.9375,2.460938
starix,CounterTerrorist,264.0313,3167.999,160.0691,Famas,100,100,0,0,0,False,True,False,300.9375,2.460938
starix,CounterTerrorist,264.0313,3167.999,160.0691,Famas,100,100,0,0,0,False,True,False,300.9375,2.460938
starix,CounterTerrorist,264.0313,3167.999,160.0691,Famas,100,100,0,0,0,False,True,False,300.9375,2.460938
starix,CounterTerrorist,264.0313,3167.999,160.0691,Famas,100,100,0,0,0,False,True,False,300.9375,2.460938
starix,CounterTerrorist,264.0313,3167.999,160.0691,Famas,100,100,0,0,0,False,True,False,300.9375,2.460938
starix,CounterTerrorist,264.0313,3167.999,160.0691,Famas,100,100,0,0,0,False,True,False,300.9375,2.460938
starix,CounterTerrorist,264.0313,3167.999,160.0691,Famas,100,100,0,0,0,False,True,False,300.9375,2.460938
starix,CounterTerrorist,264.0313,3167.999,160.0691,Famas,100,100,0,0,0,False,True,False,300.9375,2.460938
starix,CounterTerrorist,264.0313,3167.999,160.0691,Famas,100,100,0,0,0,False,True,False,300.9375,2.460938
starix,CounterTerrorist,264.0313,3167.999,160.0691,Famas,100,100,0,0,0,False,True,False,300.9375,2.460938
starix,CounterTerrorist,264.0313,3167.999,160.0691,Famas,100,100,0,0,0,False,True,False,300.9375,2.460938
starix,CounterTerrorist,264.0313,3167.999,160.0691,Famas,100,100,0,0,0,False,True,False,300.9375,2.460938
starix,CounterTerrorist,264.0313,3167.999,160.0691,Famas,100,100,0,0,0,False,True,False,300.9375,2.460938
starix,CounterTerrorist,264.0313,3167.999,160.0691,Famas,100,100,0,0,0,False,True,False,300.9375,2.460938
starix,CounterTerrorist,264.0313,3167.999,160.0691,Famas,100,100,0,0,0,False,True,False,300.9375,2.460938
starix,CounterTerrorist,264.0313,3167.999,160.0691,Famas,100,100,0,0,0,False,True,False,300.9375,2.460938
starix,CounterTerrorist,264.3506,3167.467,160.0691,Famas,100,100,15.48222,-25.76926,0,False,True,False,300.9375,2.460938
starix,CounterTerrorist,265.3665,3165.776,160.0691,Famas,100,100,33.02445,-54.96728,0,False,True,False,300.9375,2.460938
starix,CounterTerrorist,267.0608,3162.955,160.0684,Famas,100,100,49.98099,-83.28661,0,False,True,False,300.5859,2.460938
starix,CounterTerrorist,269.3211,3159.11,160.0672,Famas,100,100,62.0499,-108.2887,0,False,True,False,294.2578,2.8125
starix,CounterTerrorist,272.4278,3154.827,160.0658,Famas,100,100,89.46606,-112.2176,0,False,True,False,277.3828,3.515625
starix,CounterTerrorist,276.4459,3150.439,160.0658,Famas,100,100,113.7327,-107.0986,0,False,True,False,261.9141,3.515625
starix,CounterTerrorist,281.4588,3149.967,160.1176,Famas,100,100,137.2861,-9.081841,0,False,True,False,253.8281,2.460938
starix,CounterTerrorist,287.2659,3149.313,160.1562,Famas,100,100,155.6195,-22.00903,0,False,True,False,249.2578,2.460938
starix,CounterTerrorist,293.6866,3148.137,160.2198,Famas,100,100,169.6607,-35.57171,0,False,True,False,245.3906,2.460938
starix,CounterTerrorist,300.5664,3146.421,160.2652,Famas,100,100,179.978,-49.5416,0,False,True,False,241.875,2.460938
starix,CounterTerrorist,307.2321,3143.828,160.332,Famas,100,100,154.879,-79.30984,0,False,True,False,239.0625,2.460938
starix,CounterTerrorist,311.5898,3140.817,160.3681,Famas,100,100,84.44768,-75.61954,0,False,True,False,238.0078,2.109375
starix,CounterTerrorist,313.4991,3137.996,160.384,Famas,100,100,27.46522,-65.18035,0,False,True,False,238.0078,2.109375
starix,CounterTerrorist,313.603,3136.324,160.384,Famas,100,100,-7.026598,-31.13597,0,False,True,False,238.0078,2.109375
starix,CounterTerrorist,314.2589,3134.829,160.384,Famas,100,100,30.98171,-43.29366,0,False,True,False,238.3594,2.109375
starix,CounterTerrorist,316.2177,3132.799,160.402,Famas,100,100,62.53276,-57.98518,0,False,True,False,238.0078,2.109375
starix,CounterTerrorist,319.1205,3130.326,160.4202,Famas,100,100,73.5126,-61.52869,0,False,True,False,238.0078,2.109375
starix,CounterTerrorist,321.0569,3128.561,160.4381,Famas,100,100,28.71212,-31.45637,0,False,True,False,240.1172,1.054688
starix,CounterTerrorist,321.0582,3128.085,160.4381,Famas,100,100,-15.95195,-4.983983,0,False,True,False,241.5234,1.054688
starix,CounterTerrorist,319.7625,3128.425,160.4346,Famas,100,100,-44.71877,16.41813,0,False,True,False,242.2266,0.703125
starix,CounterTerrorist,317.324,3129.471,160.4144,Famas,100,100,-74.30191,33.49234,0,False,True,False,242.5781,0.703125
starix,CounterTerrorist,314.819,3130.595,160.3935,Famas,100,100,-43.40243,18.37631,0,False,True,False,242.5781,1.054688
starix,CounterTerrorist,314.4022,3130.704,160.3894,Famas,100,100,8.73012,-5.005141,0,False,True,False,242.2266,1.40625
starix,CounterTerrorist,314.4924,3130.652,160.3894,Famas,100,100,0,0,0,False,True,False,242.2266,1.40625
starix,CounterTerrorist,314.4924,3130.652,160.3894,Famas,100,100,0,0,0,True,True,False,242.2266,1.40625
starix,CounterTerrorist,314.4924,3130.652,160.3894,Famas,100,100,0,0,0,True,True,False,242.2266,1.40625
starix,CounterTerrorist,314.4924,3130.652,160.3894,Famas,100,100,0,0,0,True,True,False,242.2266,1.40625
starix,CounterTerrorist,314.4924,3130.652,160.3894,Famas,100,100,0,0,0,True,True,False,242.5781,1.40625
starix,CounterTerrorist,314.4924,3130.652,160.3894,Famas,100,100,0,0,0,False,True,False,242.5781,1.40625
starix,CounterTerrorist,314.4924,3130.652,160.3894,Famas,100,100,0,0,0,False,True,False,242.9297,1.40625
starix,CounterTerrorist,314.4666,3130.665,160.3894,Famas,100,100,-3.308852,1.697233,0,False,True,False,242.9297,2.109375
starix,CounterTerrorist,314.2429,3130.78,160.3887,Famas,100,100,-7.340646,3.765289,0,True,True,False,242.9297,2.109375
starix,CounterTerrorist,313.8616,3130.976,160.3855,Famas,100,100,-11.37244,5.833345,0,True,True,False,242.9297,2.109375
starix,CounterTerrorist,313.3231,3131.252,160.3811,Famas,100,100,-15.39809,7.913368,0,True,True,False,242.9297,1.757813
starix,CounterTerrorist,312.627,3131.61,160.3753,Famas,100,100,-19.43326,9.974836,0,True,True,False,242.9297,1.40625
starix,CounterTerrorist,311.7733,3132.048,160.3682,Famas,100,100,-23.46967,12.03388,0,True,True,False,242.9297,1.054688
starix,CounterTerrorist,310.2126,3132.847,160.3553,Famas,100,100,-45.23283,23.14946,0,False,True,False,242.9297,1.054688
starix,CounterTerrorist,309.732,3133.095,160.3508,Famas,100,100,8.591248,-4.339479,0,False,True,False,243.2813,0.3515625
starix,CounterTerrorist,310.7806,3132.567,160.3508,Famas,100,100,39.01968,-19.64842,0,False,True,False,243.2813,0
starix,CounterTerrorist,312.3464,3131.779,160.3683,Famas,100,100,35.05911,-17.64707,0,False,True,False,243.2813,0
starix,CounterTerrorist,313.4215,3131.238,160.3683,Famas,100,100,22.49812,-11.32447,0,False,True,False,243.2813,0
starix,CounterTerrorist,314.006,3130.943,160.3843,Famas,100,100,9.937119,-5.001868,0,False,True,False,243.2813,0
starix,CounterTerrorist,314.1211,3130.885,160.3843,Famas,100,100,0,0,0,False,True,False,243.2813,0
starix,CounterTerrorist,314.1211,3130.885,160.3843,Famas,100,100,0,0,0,False,True,False,243.2813,0
starix,CounterTerrorist,314.1211,3130.885,160.3843,Famas,100,100,0,0,0,False,True,False,242.9297,0
starix,CounterTerrorist,314.1211,3130.885,160.3843,Famas,100,100,0,0,0,False,True,False,242.9297,0
starix,CounterTerrorist,314.1211,3130.885,160.3843,Famas,100,100,0,0,0,False,True,False,242.9297,0
starix,CounterTerrorist,314.1211,3130.885,160.3843,Famas,100,100,0,0,0,False,True,False,242.9297,0
starix,CounterTerrorist,314.087,3130.818,160.3843,Famas,100,100,-4.366179,-8.577709,0,False,True,False,242.9297,0
starix,CounterTerrorist,313.0825,3130.343,160.3788,Famas,100,100,-38.97999,-15.66481,0,False,True,False,242.9297,0
starix,CounterTerrorist,310.8058,3129.479,160.3593,Famas,100,100,-70.1821,-28.31636,0,False,True,False,242.9297,0
starix,CounterTerrorist,308.2066,3127.509,160.3367,Famas,100,100,-57.01075,-64.842,0,False,True,False,242.9297,0
starix,CounterTerrorist,306.5215,3124.296,160.3215,Famas,100,100,-36.48748,-86.94109,0,False,True,False,242.2266,0.703125
starix,CounterTerrorist,305.2487,3121.263,160.3099,Famas,100,100,-30.1403,-71.81725,0,False,True,False,240.8203,0.703125
starix,CounterTerrorist,304.2005,3118.766,160.3003,Famas,100,100,-24.6565,-58.75063,0,False,True,False,241.5234,0.703125
starix,CounterTerrorist,303.3649,3116.775,160.2926,Famas,100,100,-19.21456,-45.78378,0,False,True,False,242.9297,0.3515625
starix,CounterTerrorist,302.7419,3115.291,160.2869,Famas,100,100,-13.77263,-32.81693,0,False,True,False,242.9297,0.3515625
starix,CounterTerrorist,302.3314,3114.313,160.2834,Famas,100,100,-8.33069,-19.85007,0,False,True,False,242.9297,0.3515625
starix,CounterTerrorist,302.0312,3113.641,160.2808,Famas,100,100,-11.59562,-24.04495,0,False,True,False,242.9297,0.3515625
starix,CounterTerrorist,301.3743,3111.981,160.2752,Famas,100,100,-13.18437,-55.31017,0,False,True,False,242.5781,0.3515625
starix,CounterTerrorist,301.2416,3109.071,160.2737,Famas,100,100,2.558636,-87.11285,0,False,True,False,242.2266,0.3515625
starix,CounterTerrorist,301.639,3105.004,160.2737,Famas,100,100,14.81978,-114.7608,0,False,True,False,241.1719,0.3515625
starix,CounterTerrorist,302.4467,3099.968,160.2737,Famas,100,100,24.2676,-137.7958,0,False,True,False,240.4688,0.3515625
starix,CounterTerrorist,303.5159,3094.133,160.2905,Famas,100,100,24.31709,-155.9558,0,False,True,False,239.7656,0
starix,CounterTerrorist,303.8205,3087.768,160.2668,Famas,100,100,-2.555775,-167.3075,0,False,True,False,239.4141,0
starix,CounterTerrorist,303.1835,3081.01,160.1593,Famas,100,100,-24.9473,-176.57,0,False,True,False,239.0625,0
starix,CounterTerrorist,301.7597,3073.931,160.054,Famas,100,100,-43.6463,-184.1001,0,False,True,False,239.0625,0
starix,CounterTerrorist,299.6834,3066.591,160.0521,Famas,100,100,-59.09986,-190.3158,0,False,True,False,239.0625,0
starix,CounterTerrorist,297.068,3059.033,160.0521,Famas,100,100,-71.86518,-195.4503,0,False,True,False,239.0625,0
starix,CounterTerrorist,294.0073,3051.296,160.0521,Famas,100,100,-82.4099,-199.6916,0,False,True,False,239.0625,0
starix,CounterTerrorist,290.5635,3043.457,160.0521,Famas,100,100,-93.72179,-198.8322,0,False,True,False,239.0625,0
starix,CounterTerrorist,286.2527,3036.263,160.0521,Famas,100,100,-120.7548,-174.9887,0,False,True,False,239.0625,0.3515625
starix,CounterTerrorist,280.9997,3029.899,160.0521,Famas,100,100,-143.0508,-155.431,0,False,True,False,239.0625,0.3515625
starix,CounterTerrorist,274.9707,3024.209,160.0518,Famas,100,100,-161.3848,-139.6018,0,False,True,False,239.7656,0.3515625
starix,CounterTerrorist,268.8042,3018.411,160.0483,Famas,100,100,-155.6102,-153.9984,0,False,True,False,240.1172,0.3515625
starix,CounterTerrorist,262.9049,3012.163,160.048,Famas,100,100,-147.5815,-163.1554,0,False,True,False,241.1719,0.3515625
starix,CounterTerrorist,257.1204,3006.817,160.0435,Famas,100,100,-153.9143,-117.4608,0,False,True,False,241.875,0.703125
starix,CounterTerrorist,250.805,3003.226,160.0405,Famas,100,100,-166.5332,-76.0121,0,False,True,False,241.875,0.703125
starix,CounterTerrorist,244.3938,3001.391,160.039,Famas,100,100,-158.033,-25.34532,0,False,True,False,242.2266,0.703125
starix,CounterTerrorist,238.5562,3001.529,160.0389,Famas,100,100,-144.1539,21.58634,0,False,True,False,242.9297,0.703125
starix,CounterTerrorist,234.3971,3003.296,160.0389,Famas,100,100,0,59.45393,0,False,True,False,242.9297,0.703125
starix,CounterTerrorist,234.3971,3006.356,160.0389,Famas,100,100,0,90.61677,0,False,True,False,243.2813,0.703125
starix,CounterTerrorist,234.3971,3010.534,160.0389,Famas,100,100,0,117.1388,0,False,True,False,243.9844,0.703125
starix,CounterTerrorist,234.3971,3011.969,160.0389,Famas,100,100,0,0,0,False,True,False,244.6875,0.703125
starix,CounterTerrorist,234.3971,3011.969,160.0389,Famas,100,100,0,0,0,False,True,False,245.0391,0.703125
starix,CounterTerrorist,234.3971,3011.969,160.0389,Famas,100,100,0,0,0,False,True,False,245.0391,0.703125
starix,CounterTerrorist,234.3971,3011.969,160.0389,Famas,100,100,0,0,0,False,True,False,245.3906,0.703125
starix,CounterTerrorist,234.3971,3011.969,160.0389,Famas,100,100,0,0,0,False,True,False,245.0391,0.703125
starix,CounterTerrorist,234.3971,3011.969,160.0389,Famas,100,100,0,0,0,False,True,False,245.0391,0.703125
starix,CounterTerrorist,234.7462,3011.806,160.0389,Famas,100,100,21.06882,-9.831952,0,False,True,False,245.0391,0.703125
starix,CounterTerrorist,236.2927,3011.084,160.0389,Famas,100,100,51.93578,-24.23629,0,False,True,False,245.0391,0.703125
starix,CounterTerrorist,239.0688,3010.069,160.0389,Famas,100,100,83.86594,-20.02005,0,False,True,False,244.6875,0.703125
starix,CounterTerrorist,243.0047,3009.732,160.0389,Famas,100,100,111.3325,-1.543555,0,False,True,False,244.3359,0.703125
starix,CounterTerrorist,247.8568,3009.216,160.0389,Famas,100,100,132.2675,-20.4909,0,False,True,False,244.3359,0.703125
starix,CounterTerrorist,251.5015,3008.963,160.0389,Famas,100,100,68.93185,2.236362,0,False,True,False,244.6875,0.703125
starix,CounterTerrorist,252.8456,3009.458,160.0389,Famas,100,100,11.59128,17.9437,0,False,True,False,248.5547,1.054688
starix,CounterTerrorist,252.2906,3010.116,160.0389,Famas,100,100,-22.11097,14.32647,0,False,True,False,274.5703,1.40625
starix,CounterTerrorist,251.9343,3010.166,160.0389,Famas,100,100,4.808349,-11.64174,0,False,True,False,311.1328,358.9453
starix,CounterTerrorist,252.9978,3010.006,160.0389,Famas,100,100,40.73083,0.1198075,0,False,True,False,325.5469,358.5938
starix,CounterTerrorist,255.3682,3010.205,160.0389,Famas,100,100,73.99673,8.191545,0,False,True,False,325.5469,358.5938
starix,CounterTerrorist,259.0032,3010.689,160.0389,Famas,100,100,104.9865,15.01506,0,False,True,False,325.5469,358.5938
starix,CounterTerrorist,263.7199,3011.411,160.0389,Famas,100,100,130.6032,20.65354,0,False,True,False,325.5469,358.5938
starix,CounterTerrorist,269.2999,3012.374,160.0389,Famas,100,100,147.815,31.28197,0,False,True,False,325.1953,359.2969
starix,CounterTerrorist,275.0668,3014.347,160.0389,Famas,100,100,147.533,62.53822,0,False,True,False,325.1953,359.2969
starix,CounterTerrorist,280.7855,3017.346,160.0389,Famas,100,100,141.9683,80.34135,0,False,True,False,325.1953,359.6484
starix,CounterTerrorist,285.7376,3020.148,160.0389,Famas,100,100,117.2722,66.36558,0,False,True,False,327.6563,359.6484
starix,CounterTerrorist,289.458,3021.841,160.0389,Famas,100,100,78.3515,23.49946,0,False,True,False,329.7656,0.3515625
starix,CounterTerrorist,291.612,3021.739,160.0389,Famas,100,100,39.49075,-18.60585,0,False,True,False,327.3047,1.054688
starix,CounterTerrorist,292.2266,3020.347,160.0389,Famas,100,100,-0.03597162,-44.15742,0,False,True,False,309.0234,1.054688
starix,CounterTerrorist,291.7065,3018.589,160.0389,Famas,100,100,-13.34292,-40.53655,0,False,True,False,269.2969,1.40625
starix,CounterTerrorist,292.2243,3016.925,160.0389,Famas,100,100,27.0539,-48.42223,0,False,True,False,225.7031,0.703125
starix,CounterTerrorist,293.7296,3014.381,160.0389,Famas,100,100,44.30022,-77.19713,0,False,True,False,204.6094,358.5938
starix,CounterTerrorist,295.6022,3010.851,160.0389,Famas,77,96,43.97413,-96.05893,0,False,True,False,204.6094,358.5938
starix,CounterTerrorist,296.52,3006.799,160.0389,Famas,77,96,11.96594,-107.8486,0,False,True,False,204.6094,358.5938
starix,CounterTerrorist,295.9645,3002.593,160.038,Famas,77,96,-30.46659,-107.1269,0,False,True,False,204.6094,358.5938
starix,CounterTerrorist,294.0325,2998.635,160.0366,Famas,77,96,-60.46434,-96.92651,0,False,True,False,204.6094,358.5938
starix,CounterTerrorist,291.1901,2995.116,160.0338,Famas,77,96,-79.80785,-85.69773,0,False,True,False,204.6094,358.5938
starix,CounterTerrorist,287.7694,2991.982,160.0314,Famas,77,96,-91.94666,-77.06055,0,False,True,False,205.6641,358.5938
starix,CounterTerrorist,283.8523,2989.311,160.0314,Famas,77,96,-108.2282,-58.09228,0,False,True,False,212.6953,359.6484
starix,CounterTerrorist,279.3348,2987.517,160.0314,Famas,77,96,-119.2186,-39.83622,0,False,True,False,227.4609,359.6484
starix,CounterTerrorist,274.5519,2986.147,160.0314,Famas,77,96,-125.352,-28.55211,0,False,True,False,234.8437,0.3515625
starix,CounterTerrorist,269.4873,2985.779,160.0314,Famas,77,96,-131.4076,2.271365,0,False,True,False,235.5469,0.703125
starix,CounterTerrorist,264.3701,2986.388,160.0314,Famas,77,96,-127.1001,20.25843,0,False,True,False,236.9531,0.703125
starix,CounterTerrorist,260.3093,2986.861,160.0313,Famas,77,96,-81.42588,1.973989,0,False,True,False,238.0078,1.40625
starix,CounterTerrorist,258.4218,2986.374,160.0313,Famas,77,96,-26.59137,-21.0351,0,False,True,False,238.3594,1.40625
starix,CounterTerrorist,257.9113,2985.607,160.0313,Famas,77,96,-9.952118,-14.95983,0,False,True,False,238.711,1.757813
starix,CounterTerrorist,257.7051,2985.297,160.0313,Famas,77,96,-2.163083,-3.251503,0,False,True,False,239.0625,2.460938
starix,CounterTerrorist,257.7004,2985.29,160.0313,Famas,77,96,0,0,0,False,True,False,238.711,3.515625
starix,CounterTerrorist,257.7004,2985.29,160.0313,Famas,77,96,0,0,0,False,True,False,239.0625,3.515625
starix,CounterTerrorist,257.7004,2985.29,160.0313,Famas,77,96,0,0,0,False,True,False,239.0625,3.515625
starix,CounterTerrorist,257.7004,2985.29,160.0313,Famas,77,96,0,0,0,False,True,False,239.0625,4.21875
starix,CounterTerrorist,257.7004,2985.29,160.0313,Famas,77,96,0,0,0,False,True,False,238.3594,5.976563
starix,CounterTerrorist,257.7004,2985.29,160.0313,Famas,77,96,0,0,0,False,True,False,238.3594,6.328125
starix,CounterTerrorist,257.7004,2985.29,160.0313,Famas,77,96,0,0,0,False,True,False,238.711,5.976563
starix,CounterTerrorist,257.7004,2985.29,160.0313,Famas,77,96,0,0,0,False,True,False,239.4141,6.328125
starix,CounterTerrorist,257.7004,2985.29,160.0313,Famas,77,96,0,0,0,False,True,False,239.4141,6.328125
starix,CounterTerrorist,258.0858,2984.868,160.0313,Famas,77,96,13.47219,-23.84145,0,False,True,False,234.8437,6.328125
starix,CounterTerrorist,258.5211,2983.118,160.0313,Famas,77,96,7.452654,-58.38562,0,False,True,False,211.9922,5.976563
starix,CounterTerrorist,258.194,2980.244,160.0313,Famas,77,96,-22.02189,-80.47564,0,False,True,False,168.3984,3.867188
starix,CounterTerrorist,256.896,2976.517,160.0313,Famas,77,96,-43.09319,-102.9075,0,False,True,False,135,3.164063
starix,CounterTerrorist,254.6298,2972.173,160.0313,Famas,77,96,-67.34523,-116.3993,0,False,True,False,134.6484,3.164063
starix,CounterTerrorist,252.0327,2967.867,160.0313,P2000,77,96,-61.50397,-101.9591,0,False,True,False,134.6484,3.164063
starix,CounterTerrorist,249.8873,2964.311,160.0313,P2000,77,96,-50.80505,-84.22284,0,False,True,False,134.6484,3.164063
starix,CounterTerrorist,247.7738,2961.035,160.0313,P2000,77,96,-63.5366,-90.89991,0,False,True,False,134.6484,3.164063
starix,CounterTerrorist,244.7251,2957.041,160.0313,P2000,77,96,-87.11859,-109.3345,0,False,True,False,134.6484,3.164063
starix,CounterTerrorist,240.8537,2952.405,160.0313,P2000,77,96,-106.6137,-124.5468,0,False,True,False,134.6484,3.164063
starix,CounterTerrorist,236.2895,2947.25,160.0313,P2000,77,96,-123.4898,-136.3048,0,False,True,False,131.8359,3.164063
starix,CounterTerrorist,231.0348,2941.922,160.0312,P2000,77,96,-143.9046,-128.3071,0,False,True,False,127.6172,3.164063
starix,CounterTerrorist,224.8591,2937.63,160.0312,P2000,77,96,-166.8999,-97.92851,0,False,True,False,124.1016,3.164063
starix,CounterTerrorist,217.8934,2934.462,160.0312,P2000,77,96,-185.4033,-70.29286,0,False,True,False,121.6406,3.164063
starix,CounterTerrorist,210.2904,2932.294,160.0312,P2000,77,96,-200.3683,-46.11189,0,False,True,False,120.2344,2.8125
starix,CounterTerrorist,202.1741,2931.001,160.0312,P2000,77,96,-212.3324,-24.67214,0,False,True,False,118.125,2.8125
starix,CounterTerrorist,193.6538,2930.501,160.0312,P2000,77,96,-221.6696,-5.182236,0,False,True,False,116.0156,2.460938
starix,CounterTerrorist,184.8185,2930.712,160.0312,P2000,77,96,-228.9488,12.18196,0,False,True,False,114.6094,2.109375
starix,CounterTerrorist,175.7385,2931.554,160.0312,P2000,77,96,-234.5989,27.50459,0,False,True,False,113.5547,1.757813
starix,CounterTerrorist,166.4959,2932.936,160.0312,P2000,77,96,-236.6305,40.07498,0,False,True,False,113.9063,1.054688
starix,CounterTerrorist,157.2905,2934.708,160.0312,P2000,77,96,-235.0817,48.33848,0,False,True,False,116.3672,0.3515625
starix,CounterTerrorist,148.1255,2936.643,160.0312,P2000,77,96,-234.7759,44.86774,0,False,True,False,118.4766,0.3515625
starix,CounterTerrorist,139.4388,2938.254,160.1264,P2000,77,96,-7.297704,44.28175,0,False,True,False,116.0156,0.703125
starix,CounterTerrorist,139.425,2940.094,160.2036,P2000,77,96,-0.3086854,49.37733,0,False,True,False,112.1484,1.40625
starix,CounterTerrorist,139.4161,2942.126,160.2534,P2000,77,96,-0.1076188,51.16148,0,True,True,False,110.0391,1.40625
starix,CounterTerrorist,139.4118,2943.761,160.2776,P2000,77,96,-0.1120172,33.79221,0,True,True,False,108.9844,1.054688
starix,CounterTerrorist,139.4042,2944.598,160.3202,P2000,77,96,-0.3295533,14.24124,0,False,True,False,108.6328,1.054688
starix,CounterTerrorist,139.3926,2945.388,160.3848,P2000,77,96,-0.2931897,24.47225,0,False,True,False,106.5234,1.054688
starix,CounterTerrorist,139.3813,2946.617,160.4484,P2000,77,96,-0.2908552,36.18643,0,False,True,False,105.4687,0.703125
starix,CounterTerrorist,139.3699,2948.303,160.5122,P2000,77,96,-0.2922433,47.76743,0,False,True,False,105.8203,0.703125
starix,CounterTerrorist,139.3584,2950.44,160.576,P2000,77,96,-0.29102,59.3862,0,False,True,False,105.4687,0.703125
starix,CounterTerrorist,139.3471,2953.047,160.6393,P2000,77,96,-0.2888257,71.71377,0,False,True,False,104.7656,1.054688
starix,CounterTerrorist,139.3359,2956.136,160.7024,P2000,77,96,-0.2879896,83.80361,0,False,True,False,104.4141,1.054688
starix,CounterTerrorist,139.3247,2959.669,160.7648,P2000,77,96,-0.2834786,94.73917,0,False,True,False,102.6563,1.054688
starix,CounterTerrorist,139.3136,2963.6,160.8266,P2000,77,96,-0.2827093,104.3406,0,False,True,False,102.6563,0.703125
starix,CounterTerrorist,139.3026,2967.866,160.8884,P2000,77,96,-0.2827096,112.2875,0,False,True,False,102.6563,0.703125
starix,CounterTerrorist,139.0866,2972.41,160.0313,P2000,77,96,-17.66066,118.8521,0,False,True,False,102.6563,0.703125
starix,CounterTerrorist,137.4819,2977.183,160.0313,P2000,77,96,-55.73736,124.2382,0,False,True,False,102.6563,0.703125
starix,CounterTerrorist,134.545,2982.137,160.0313,P2000,77,96,-87.35725,128.4221,0,False,True,False,103.0078,0.703125
starix,CounterTerrorist,130.5042,2987.236,160.0313,P2000,77,96,-113.5076,131.8287,0,False,True,False,103.0078,0.3515625
starix,CounterTerrorist,125.5479,2992.448,160.0313,P2000,77,96,-135.2996,134.3332,0,False,True,False,103.7109,0.3515625
starix,CounterTerrorist,119.8245,2997.736,160.0313,P2000,77,96,-153.5367,136.0136,0,False,True,False,104.0625,0.3515625
starix,CounterTerrorist,113.4714,3003.093,160.0313,P2000,77,96,-168.2316,138.0054,0,False,True,False,102.6563,0.3515625
starix,CounterTerrorist,106.6223,3008.545,160.0313,P2000,77,96,-179.656,140.7683,0,False,True,False,100.8984,359.6484
starix,CounterTerrorist,99.40744,3014.142,160.0477,P2000,77,96,-187.5764,145.213,0,False,True,False,97.03126,358.2422
starix,CounterTerrorist,92.01618,3019.894,160.0477,P2000,77,96,-189.0792,147.8143,0,False,True,False,95.27343,356.1328
starix,CounterTerrorist,84.64778,3025.69,160.0477,P2000,77,96,-188.3879,148.6943,0,False,True,False,95.62501,354.7266
starix,CounterTerrorist,77.30317,3031.517,160.0477,P2000,77,96,-187.6837,149.5821,0,False,True,False,94.21874,354.7266
starix,CounterTerrorist,70.27438,3037.551,160.0636,P2000,77,96,-163.4313,159.86,0,False,True,False,89.64844,354.7266
starix,CounterTerrorist,65.41252,3043.944,160.0636,P2000,77,96,-100.0425,165.9669,0,False,True,False,88.94531,354.7266
starix,CounterTerrorist,62.71345,3050.567,160.0636,P2000,77,96,-54.56472,173.9311,0,False,True,False,87.89063,355.4297
starix,CounterTerrorist,60.82823,3057.014,160.0636,P2000,77,96,-44.64473,152.6761,0,False,True,False,84.72656,358.2422
starix,CounterTerrorist,59.27095,3062.339,160.0636,P2000,77,96,-36.87856,126.1174,0,False,True,False,84.72656,1.40625
starix,CounterTerrorist,57.90297,3066.747,160.0636,P2000,77,96,-40.90714,105.2636,0,False,True,False,84.02344,4.570313
starix,CounterTerrorist,55.78951,3070.494,160.0636,P2000,77,96,-52.05547,88.95578,0,False,True,False,83.67188,6.328125
starix,CounterTerrorist,53.97374,3073.597,160.0572,P2000,77,96,-43.00016,73.48148,0,False,True,False,87.1875,6.679688
starix,CounterTerrorist,52.23084,3076.164,160.0551,P2000,52,92,-56.12299,61.06941,0,False,True,False,88.94531,7.382813
starix,CounterTerrorist,49.10266,3078.311,160.0534,P2000,52,92,-95.06351,50.95579,0,False,True,False,90,7.03125
starix,CounterTerrorist,44.77143,3080.003,160.0522,P2000,52,92,-116.419,36.89344,0,False,True,False,92.46094,6.328125
starix,CounterTerrorist,40.06247,3081.13,160.0511,P2000,52,92,-122.7916,24.69405,0,False,True,False,90.70313,6.328125
starix,CounterTerrorist,35.21174,3081.972,160.0505,P2000,52,92,-121.3241,19.98722,0,False,True,False,86.48438,6.679688
starix,CounterTerrorist,31.45786,3082.627,160.05,P2000,52,92,-70.00372,13.83665,0,False,True,False,85.07813,4.21875
starix,CounterTerrorist,30.02543,3083.021,160.0496,P2000,52,92,-24.99701,8.069615,0,False,True,False,87.1875,3.164063
starix,CounterTerrorist,28.87275,3083.262,160.0494,P2000,52,92,-42.92121,5.577723,0,False,True,False,88.59375,3.164063
starix,CounterTerrorist,26.29482,3083.409,160.0493,P2000,52,92,-81.31837,1.87328,0,False,True,False,95.62501,3.164063
starix,CounterTerrorist,22.29523,3083.342,160.0493,P2000,52,92,-115.5632,-3.993865,0,False,True,False,96.32813,4.21875
starix,CounterTerrorist,17.57608,3083.144,160.0493,P2000,52,92,-113.7688,-4.839785,0,False,True,False,89.64844,4.570313
starix,CounterTerrorist,14.08708,3082.952,160.0493,P2000,52,92,-63.67936,-5.448828,0,False,True,False,87.1875,4.570313
starix,CounterTerrorist,13.15381,3082.746,160.0493,P2000,52,92,2.433653,-4.233661,0,False,True,False,88.59375,5.625
starix,CounterTerrorist,14.20608,3082.662,160.0493,P2000,40,84,42.32161,-2.482883,0,False,True,False,87.53906,5.976563
starix,CounterTerrorist,16.75949,3082.53,160.0493,P2000,40,84,80.7236,-4.128458,0,False,True,False,86.83594,5.976563
starix,CounterTerrorist,20.73847,3082.262,160.0493,P2000,40,84,114.9363,-9.657681,0,False,True,False,78.75,5.625
starix,CounterTerrorist,25.53301,3081.661,160.0493,P2000,40,84,123.7308,-19.44904,0,False,True,False,67.85156,3.867188
starix,CounterTerrorist,30.39643,3080.662,160.0493,P2000,40,84,125.0348,-29.09374,0,False,True,False,66.44531,2.8125
starix,CounterTerrorist,35.20357,3079.44,160.0493,P2000,40,84,116.8091,-30.25812,0,False,True,False,68.20313,2.460938
starix,CounterTerrorist,38.54161,3078.672,160.0493,P2000,40,84,59.4071,-10.68109,0,False,True,False,69.60938,2.109375
starix,CounterTerrorist,39.35602,3078.633,160.0493,P2000,40,84,-5.137092,3.382981,0,False,True,False,78.75,1.757813
starix,CounterTerrorist,38.24765,3078.859,160.0493,P2000,40,84,-43.56105,8.233141,0,False,True,False,79.45313,1.757813
starix,CounterTerrorist,35.67021,3079.39,160.0493,P2000,40,84,-80.71523,18.00988,0,False,True,False,72.77344,2.109375
starix,CounterTerrorist,31.7596,3080.43,160.0493,P2000,40,84,-111.9606,32.74433,0,False,True,False,66.09375,2.8125
starix,CounterTerrorist,26.78375,3082.046,160.0493,P2000,40,84,-137.0532,46.69561,0,False,True,False,66.44531,2.109375
starix,CounterTerrorist,21.1917,3084.032,160.0488,P2000,40,84,-144.1957,52.2643,0,False,True,False,66.09375,1.757813
starix,CounterTerrorist,15.5091,3086.149,160.0471,P2000,40,84,-146.3117,55.54482,0,False,True,False,65.03906,2.460938
starix,CounterTerrorist,10.61951,3087.972,160.0457,P2000,40,84,-102.7378,36.07517,0,False,True,False,61.17188,4.570313
starix,CounterTerrorist,8.06941,3088.659,160.0451,P2000,40,84,-41.27339,5.903143,0,False,True,False,60.82031,4.921875
starix,CounterTerrorist,7.803792,3088.345,160.0451,P2000,40,84,13.08814,-14.60518,0,False,True,False,60.11719,4.921875
starix,CounterTerrorist,9.135257,3087.378,160.0451,P2000,40,84,47.74594,-31.93734,0,False,True,False,60.11719,4.570313
starix,CounterTerrorist,11.79428,3085.717,160.0451,P2000,40,84,81.37594,-49.18486,0,False,True,False,62.22656,4.921875
starix,CounterTerrorist,15.67706,3083.473,160.0451,P2000,40,84,110.7221,-62.53647,0,False,True,False,63.63281,5.976563
starix,CounterTerrorist,20.58809,3080.771,160.0451,P2000,40,84,135.1276,-73.23708,0,False,True,False,63.98437,5.625
starix,CounterTerrorist,26.37739,3077.759,160.0451,P2000,40,84,156.9183,-78.14101,0,False,True,False,74.17969,3.867188
starix,CounterTerrorist,32.66188,3074.914,160.0451,P2000,40,84,146.3775,-70.30467,0,False,True,False,110.0391,2.109375
starix,CounterTerrorist,36.67162,3072.156,160.0451,P2000,40,84,75.55776,-72.27731,0,False,True,False,165.2344,3.164063
starix,CounterTerrorist,38.74401,3068.65,160.0611,P2000,40,84,45.35478,-103.2174,0,False,True,False,226.0547,8.4375
starix,CounterTerrorist,40.85997,3064.049,160.0611,P2000,40,84,64.91417,-123.4505,0,False,True,False,277.3828,10.54688
starix,CounterTerrorist,44.06933,3059.018,160.0611,Knife,40,84,93.28546,-132.3721,0,False,True,False,277.3828,10.54688
starix,CounterTerrorist,47.74582,3053.344,160.0611,Knife,40,84,89.93082,-156.0481,0,False,True,False,277.3828,10.54688
starix,CounterTerrorist,51.04266,3046.692,160.0611,Knife,40,84,80.94006,-179.2015,0,False,True,False,277.3828,10.54688
starix,CounterTerrorist,54.02588,3039.232,160.0611,Knife,40,84,73.5133,-198.3273,0,False,True,False,277.3828,10.54688
starix,CounterTerrorist,56.71711,3031.205,160.0611,Knife,40,84,65.48328,-208.31,0,False,True,False,277.3828,10.54688
starix,CounterTerrorist,59.197,3022.964,160.0554,Knife,40,84,64.17307,-212.1206,0,False,True,False,291.0938,11.60156
starix,CounterTerrorist,61.99717,3014.693,160.049,Knife,40,84,77.85784,-210.9619,0,False,True,False,305.8594,11.60156
starix,CounterTerrorist,64.65312,3008.133,160.0438,Knife,40,84,89.0175,-209.3338,0,False,True,False,305.8594,11.60156
starix,CounterTerrorist,69.17151,2998.358,160.0362,Knife,40,84,97.96587,-209.6184,0,False,True,False,305.8594,11.60156
starix,CounterTerrorist,72.39708,2989.843,160.0313,Knife,40,84,72.89787,-223.0248,0,False,True,False,305.8594,11.60156
starix,CounterTerrorist,74.20876,2981.2,160.0313,Knife,40,84,25.22914,-217.5539,0,False,True,False,305.8594,11.60156
starix,CounterTerrorist,74.10284,2972.893,160.0313,Knife,40,84,-20.18216,-209.5653,0,False,True,False,305.8594,11.60156
starix,CounterTerrorist,72.4718,2971.069,160.3085,Knife,40,84,-54.18184,-0.189508,0,False,True,False,305.8594,11.60156
starix,CounterTerrorist,69.64955,2971.062,160.3516,Knife,40,84,-84.21222,-0.1895189,0,False,True,False,305.8594,11.60156
starix,CounterTerrorist,65.72921,2971.054,160.3943,Knife,40,84,-110.3053,-0.1968733,0,False,True,False,307.6172,11.60156
starix,CounterTerrorist,61.6617,2971.042,160.4639,Knife,40,84,-97.20821,-0.3220269,0,False,True,False,314.2969,11.95313
starix,CounterTerrorist,58.34878,2970.779,160.0313,Knife,40,84,-76.0145,-21.58701,0,False,True,False,323.0859,13.00781
starix,CounterTerrorist,55.92331,2968.828,160.0313,Knife,40,84,-52.90076,-67.58559,0,False,True,False,327.6563,13.00781
starix,CounterTerrorist,54.35736,2965.283,160.0313,Knife,40,84,-32.0451,-105.2091,0,False,True,False,328.3594,13.00781
starix,CounterTerrorist,53.50811,2960.424,160.0313,Knife,40,84,-15.42971,-136.4277,0,False,True,False,327.3047,13.00781
starix,CounterTerrorist,53.22745,2954.474,160.0313,Knife,40,84,-2.029459,-162.2877,0,False,True,False,327.3047,13.00781
starix,CounterTerrorist,53.41802,2947.622,160.0313,Knife,40,84,9.308321,-183.5898,0,False,True,False,327.6563,13.00781
starix,CounterTerrorist,54.01857,2940.03,160.0313,Knife,40,84,19.31356,-201.0398,0,False,True,False,328.7109,13.00781
starix,CounterTerrorist,55.00859,2931.84,160.0313,Knife,40,84,29.57635,-214.9322,0,False,True,False,332.2266,13.71094
starix,CounterTerrorist,56.47997,2923.206,160.0313,Knife,40,84,43.92585,-224.3148,0,False,True,False,341.7188,12.65625
starix,CounterTerrorist,58.64364,2914.34,160.0313,Knife,40,84,63.40853,-228.1259,0,False,True,False,350.1563,11.60156
starix,CounterTerrorist,59.36031,2905.402,160.1283,Knife,40,84,0.2103469,-229.1024,0,False,True,False,351.9141,11.25
starix,CounterTerrorist,59.36849,2896.436,160.174,Knife,40,84,0.2082876,-229.8434,0,False,True,False,351.5625,10.89844
starix,CounterTerrorist,59.67442,2887.44,160.0313,Knife,40,84,19.02758,-230.5898,0,False,True,False,351.5625,10.89844
starix,CounterTerrorist,61.26178,2878.746,160.0313,Knife,40,84,58.38986,-210.4539,0,False,True,False,351.5625,10.89844
starix,CounterTerrorist,64.50488,2871.227,160.0313,Knife,40,84,98.4261,-181.2503,0,False,True,False,351.5625,10.89844
starix,CounterTerrorist,69.14452,2864.727,160.0313,Knife,40,84,131.4978,-157.1268,0,False,True,False,351.5625,10.89844
starix,CounterTerrorist,74.93773,2859.068,160.0313,Knife,40,84,158.815,-137.2109,0,False,True,False,351.5625,10.54688
starix,CounterTerrorist,81.68371,2854.103,160.0313,Knife,40,84,181.3789,-120.7679,0,False,True,False,351.5625,10.19531
starix,CounterTerrorist,89.21705,2849.714,160.0313,Knife,40,84,200.0282,-107.1136,0,False,True,False,351.5625,10.19531
starix,CounterTerrorist,97.40091,2845.801,160.0313,Knife,40,84,215.4335,-95.83451,0,False,True,False,351.5625,10.19531
starix,CounterTerrorist,106.1221,2842.281,160.0313,Knife,40,84,228.1589,-86.51749,0,False,True,False,351.5625,10.19531
starix,CounterTerrorist,115.2772,2839.09,160.0313,Knife,40,84,237.3894,-78.39809,0,False,True,False,351.5625,10.19531
starix,CounterTerrorist,124.6167,2836.238,160.0313,Knife,40,84,240.1724,-69.40627,0,False,True,False,353.3203,11.25
starix,CounterTerrorist,134.0456,2833.696,164.6034,Knife,40,84,241.6731,-63.98534,286.3684,False,True,False,354.7266,13.35938
starix,CounterTerrorist,143.4936,2831.309,175.1794,Knife,40,84,242.6485,-49.59977,255.1184,False,True,False,356.1328,14.76563
starix,CounterTerrorist,153.0111,2831.107,184.5346,Knife,40,84,242.9809,25.05084,223.8684,False,True,False,3.164063,15.46875
starix,CounterTerrorist,162.356,2833.477,192.6691,Knife,40,84,237.0853,74.69434,192.6184,False,True,False,10.54688,16.17188
starix,CounterTerrorist,171.5192,2836.835,199.583,Knife,40,84,233.5435,90.21167,161.3684,False,True,False,14.0625,17.22656
starix,CounterTerrorist,180.6101,2840.479,205.2761,Knife,40,84,232.2121,95.19688,130.1184,False,True,False,15.46875,18.28125
starix,CounterTerrorist,189.6234,2844.394,209.7485,Knife,40,84,229.7711,103.3819,98.86838,False,True,False,17.22656,19.33594
starix,CounterTerrorist,198.5285,2848.644,213.0003,Knife,40,84,227.1255,111.2647,67.61838,False,True,False,19.33594,19.6875
starix,CounterTerrorist,207.3912,2853.017,215.0313,Knife,40,84,226.8657,112.0014,36.36838,False,True,False,19.33594,19.6875
starix,CounterTerrorist,216.2531,2857.392,215.8416,Knife,40,84,226.8657,112.0014,5.118378,False,True,False,18.98438,19.6875
starix,CounterTerrorist,225.115,2861.767,215.4312,Knife,40,84,226.8657,112.0014,-26.13162,False,True,False,16.17188,19.6875
starix,CounterTerrorist,233.9769,2866.142,213.8001,Knife,40,84,226.8657,112.0014,-57.38162,False,True,False,13.35938,19.33594
starix,CounterTerrorist,242.8389,2870.517,210.9483,Knife,40,84,226.8657,112.0014,-88.63162,False,True,False,12.30469,19.33594
starix,CounterTerrorist,251.7008,2874.892,206.8758,Knife,40,84,226.8657,112.0014,-119.8816,False,True,False,11.60156,18.98438
starix,CounterTerrorist,260.5627,2879.267,201.5826,Knife,40,84,226.8657,112.0014,-151.1316,False,True,False,9.492188,18.98438
starix,CounterTerrorist,268.8599,2883.333,196.0313,Knife,40,84,192.4423,91.11628,0,False,True,False,7.734375,18.63281
starix,CounterTerrorist,276.7625,2886.653,196.0313,Knife,40,84,208.6645,81.11256,0,False,True,False,6.679688,18.28125
starix,CounterTerrorist,285.2525,2889.622,196.0313,Knife,40,84,222.7733,72.7785,0,False,True,False,6.328125,17.92969
starix,CounterTerrorist,294.2349,2892.297,196.0313,Knife,40,84,234.4358,65.8238,0,False,True,False,6.328125,17.92969
starix,CounterTerrorist,303.6147,2894.723,196.0313,Knife,40,84,242.8331,59.43113,0,False,True,False,5.625,17.92969
starix,CounterTerrorist,313.1427,2896.863,196.0313,Knife,40,84,244.6068,51.64814,0,False,True,False,3.867188,17.57813
starix,CounterTerrorist,322.737,2898.681,196.0313,Knife,40,84,246.3238,42.71519,0,False,True,False,358.9453,17.92969
starix,CounterTerrorist,332.4064,2900.039,196.0313,Knife,40,84,248.3561,28.62269,0,False,True,False,349.1016,18.28125
starix,CounterTerrorist,342.146,2900.717,196.0313,Knife,40,84,249.8209,9.460065,0,False,True,False,341.3672,18.28125
starix,CounterTerrorist,351.9089,2900.625,196.0313,Knife,40,84,249.8019,-9.950771,0,False,True,False,338.9063,18.28125
starix,CounterTerrorist,361.6419,2899.846,196.0313,Knife,40,84,248.6311,-26.12566,0,False,True,False,338.9063,18.28125
starix,CounterTerrorist,371.315,2898.513,196.0313,Knife,40,84,246.924,-39.0964,0,False,True,False,338.9063,18.28125
starix,CounterTerrorist,380.9169,2896.735,196.0313,Knife,40,84,245.0594,-49.45585,0,False,True,False,338.9063,18.28125
starix,CounterTerrorist,390.4466,2894.604,196.0313,Knife,40,84,243.2471,-57.71367,0,False,True,False,338.9063,18.28125
starix,CounterTerrorist,399.9094,2892.191,196.0313,Knife,40,84,241.6055,-64.24016,0,False,True,False,338.9063,18.28125
starix,CounterTerrorist,409.3135,2889.559,196.0313,Knife,40,84,240.2061,-69.28931,0,False,True,False,338.9063,18.28125
starix,CounterTerrorist,418.6686,2886.758,196.0313,Knife,40,84,239.0424,-73.20342,0,False,True,False,338.9063,18.28125
starix,CounterTerrorist,427.9829,2883.823,196.0313,Knife,40,84,238.0717,-76.30099,0,False,True,False,338.9063,18.28125
starix,CounterTerrorist,437.2293,2880.731,196.0313,Knife,40,84,232.9392,-85.39304,0,False,True,False,338.9063,18.28125
starix,CounterTerrorist,445.8485,2876.637,196.0313,Knife,40,84,212.9699,-116.9266,0,False,True,False,338.9063,18.28125
starix,CounterTerrorist,453.7711,2871.444,196.0313,Knife,40,84,196.4639,-142.9794,0,False,True,False,338.9063,18.28125
starix,CounterTerrorist,461.2507,2865.481,196.0313,Knife,40,84,194.1344,-152.6326,0,False,True,False,338.9063,17.92969
starix,CounterTerrorist,469.1251,2859.74,196.0313,Knife,40,84,205.2325,-142.7572,0,False,True,False,338.5547,17.92969
starix,CounterTerrorist,477.2974,2854.395,196.0313,Knife,40,84,211.5967,-133.1422,0,False,True,False,338.2031,17.92969
starix,CounterTerrorist,485.6729,2849.375,196.0313,Knife,40,84,216.0459,-125.7941,0,False,True,False,337.1484,17.57813
starix,CounterTerrorist,494.1814,2844.582,196.0313,Knife,40,84,218.779,-120.9783,0,False,True,False,335.7422,17.22656
starix,CounterTerrorist,502.396,2839.445,196.0313,Knife,40,84,201.6161,-142.3331,0,False,True,False,333.2813,17.22656
starix,CounterTerrorist,509.8753,2833.42,195.8848,Knife,40,84,188.9535,-157.1467,-15.625,False,True,False,329.7656,17.92969
starix,CounterTerrorist,517.2563,2827.281,194.6641,Knife,40,84,188.9535,-157.1467,-46.875,False,True,False,324.8438,18.28125
starix,CounterTerrorist,524.6373,2821.142,192.2227,Knife,40,84,188.9535,-157.1467,-78.125,False,True,False,320.9766,18.63281
starix,CounterTerrorist,532.0183,2815.003,188.5605,Knife,40,84,188.9535,-157.1467,-109.375,False,True,False,319.2188,18.63281
starix,CounterTerrorist,539.3993,2808.864,183.6777,Knife,40,84,188.9535,-157.1467,-140.625,False,True,False,319.2188,18.63281
starix,CounterTerrorist,546.7803,2802.725,177.5742,Knife,40,84,188.9535,-157.1467,-171.875,False,True,False,319.2188,18.63281
starix,CounterTerrorist,554.1613,2796.586,170.25,Knife,40,84,188.9535,-157.1467,-203.125,False,True,False,319.2188,18.63281
starix,CounterTerrorist,561.5422,2790.448,161.7051,Knife,40,84,188.9535,-157.1467,0,False,True,False,318.8672,18.63281
starix,CounterTerrorist,566.9106,2784.904,160.0313,Knife,40,84,128.4492,-153.0986,0,False,True,False,318.1641,18.28125
starix,CounterTerrorist,571.4583,2778.346,160.0313,Knife,40,84,108.8827,-177.1271,0,False,True,False,318.1641,18.28125
starix,CounterTerrorist,575.3223,2770.95,160.0313,Knife,40,84,92.69038,-196.9774,0,False,True,False,318.1641,18.28125
starix,CounterTerrorist,578.6215,2762.862,160.0313,Knife,40,84,79.31477,-213.3746,0,False,True,False,318.1641,18.28125
starix,CounterTerrorist,581.4542,2754.201,160.0313,Knife,40,84,68.2659,-226.9194,0,False,True,False,318.1641,18.28125
starix,CounterTerrorist,583.9016,2745.069,160.0313,Knife,40,84,59.15036,-238.1074,0,False,True,False,318.1641,18.63281
starix,CounterTerrorist,586.2139,2735.633,160.0313,Knife,40,84,66.8672,-239.9462,0,False,True,False,319.2188,18.98438
starix,CounterTerrorist,589.4855,2726.486,160.0313,Knife,40,84,94.54887,-230.2709,0,False,True,False,322.0313,19.33594
starix,CounterTerrorist,593.7739,2717.742,160.0313,Knife,40,84,119.7242,-219.19,0,False,True,False,327.6563,19.6875
starix,CounterTerrorist,599.0019,2709.5,160.0313,Knife,40,84,142.9258,-205.1152,0,False,True,False,333.2813,19.6875
starix,CounterTerrorist,605.1495,2702.653,160.0313,Knife,40,84,165.7851,-153.804,0,False,True,False,338.5547,19.33594
starix,CounterTerrorist,612.0308,2697.817,160.0313,Knife,40,84,182.4068,-104.5453,0,False,True,False,342.7734,18.28125
starix,CounterTerrorist,619.4533,2694.773,158.3083,Knife,40,84,194.5084,-60.82767,0,False,True,False,346.9922,17.22656
starix,CounterTerrorist,627.4379,2692.436,154.316,Knife,40,84,210.7235,-58.40404,0,False,True,False,352.9688,15.46875
starix,CounterTerrorist,636.001,2690.272,150.0344,Knife,40,84,224.5313,-53.49591,0,False,True,False,354.0234,14.76563
starix,CounterTerrorist,645.046,2688.281,145.5119,Knife,40,84,235.9412,-49.40403,0,False,True,False,354.0234,14.76563
starix,CounterTerrorist,654.4891,2686.432,140.7904,Knife,40,84,245.3663,-46.02395,0,False,True,False,354.0234,14.76563
starix,CounterTerrorist,664.0961,2684.784,135.9869,Knife,40,84,245.4199,-34.40033,0,False,True,False,354.7266,14.41406
starix,CounterTerrorist,673.5616,2684.401,131.6593,Knife,40,84,240.1088,5.879946,0,False,True,False,358.2422,13.00781
starix,CounterTerrorist,682.8224,2685.445,130.9359,Knife,40,84,235.1818,39.74207,0,False,True,False,358.2422,13.00781
starix,CounterTerrorist,692.0482,2687.312,130.2151,Knife,40,84,239.754,45.12696,0,False,True,False,358.2422,13.00781
starix,CounterTerrorist,701.6199,2688.851,129.4673,Knife,40,84,247.4376,35.70204,0,False,True,False,358.2422,13.00781
starix,CounterTerrorist,711.3121,2690.043,128.7101,Knife,40,84,248.505,27.29969,0,False,True,False,358.2422,13.00781
starix,CounterTerrorist,721.0308,2690.997,128.0313,Knife,40,84,248.5999,26.42111,0,False,True,False,1.054688,12.65625
starix,CounterTerrorist,730.5266,2692.818,128.0313,Knife,40,84,239.4797,59.36833,0,False,True,False,3.164063,12.65625
starix,CounterTerrorist,739.6924,2695.798,128.0313,Knife,40,84,231.6485,86.85527,0,False,True,False,3.164063,12.65625
starix,CounterTerrorist,748.9448,2698.876,128.0313,Knife,40,84,238.988,73.38079,0,False,True,False,2.8125,13.00781
starix,CounterTerrorist,758.3621,2701.458,128.2286,Knife,40,84,242.298,61.5768,0,False,True,False,2.8125,13.00781
starix,CounterTerrorist,767.8807,2703.638,128.9614,Knife,40,84,244.4676,52.30271,0,False,True,False,3.515625,13.35938
starix,CounterTerrorist,777.4646,2705.512,129.7228,Knife,40,84,245.8527,45.34809,0,False,True,False,4.21875,13.71094
starix,CounterTerrorist,787.0897,2707.162,130.5044,Knife,40,84,246.7121,40.4123,0,False,True,False,4.570313,14.0625
starix,CounterTerrorist,796.6859,2708.832,131.2818,Knife,40,84,242.6499,51.87501,0,False,True,False,4.921875,14.41406
starix,CounterTerrorist,805.9299,2711.579,131.9475,Knife,40,84,232.8854,81.85766,0,False,True,False,5.273438,14.76563
starix,CounterTerrorist,814.8327,2715.372,132.5046,Knife,40,84,224.8041,106.6374,0,False,True,False,5.273438,14.76563
starix,CounterTerrorist,823.5103,2719.84,132.5216,Knife,40,84,223.7502,111.5162,0,False,True,False,5.273438,15.11719
starix,CounterTerrorist,832.4352,2723.8,132.5086,Knife,40,84,231.2574,94.97364,0,False,True,False,5.273438,15.11719
starix,CounterTerrorist,841.5961,2727.179,132.5498,Knife,40,84,236.4344,81.2327,0,False,True,False,5.273438,15.11719
starix,CounterTerrorist,843.8783,2730.108,132.4068,Knife,40,84,41.18122,71.34494,0,False,True,False,5.273438,15.11719
starix,CounterTerrorist,846.5294,2732.705,132.2997,Knife,40,84,84.55818,63.39209,0,False,True,False,4.921875,15.11719
starix,CounterTerrorist,850.6939,2735.02,132.2963,Knife,40,84,120.4022,56.67678,0,False,True,False,4.921875,15.11719
starix,CounterTerrorist,856.1089,2737.099,132.5333,Knife,40,84,150.0162,51.06714,0,False,True,False,4.921875,15.11719
starix,CounterTerrorist,862.5571,2738.98,132.8446,Knife,40,84,174.4886,46.31478,0,False,True,False,4.570313,14.76563
starix,CounterTerrorist,869.8593,2740.69,133.2176,Knife,40,84,194.7228,42.14911,0,False,True,False,4.21875,14.76563
starix,CounterTerrorist,877.8676,2742.251,133.6419,Knife,40,84,211.4459,38.59471,0,False,True,False,4.21875,14.76563
starix,CounterTerrorist,886.4594,2743.686,133.7051,Knife,40,84,225.2692,35.53028,0,False,True,False,3.867188,14.41406
starix,CounterTerrorist,895.5339,2745.007,133.6407,Knife,40,84,236.7091,32.69218,0,False,True,False,3.515625,14.41406
starix,CounterTerrorist,904.9863,2746.158,133.5845,Knife,40,84,243.4067,22.06069,0,False,True,False,3.164063,13.71094
starix,CounterTerrorist,914.3821,2746.111,133.5496,Knife,40,84,238.7099,-15.7927,0,False,True,False,2.8125,13.35938
starix,CounterTerrorist,923.6112,2744.74,133.4723,Knife,40,84,234.7269,-47.17531,0,False,True,False,2.8125,13.00781
starix,CounterTerrorist,932.7012,2742.274,133.4505,Knife,40,84,231.4452,-73.08948,0,False,True,False,2.8125,13.00781
starix,CounterTerrorist,941.7003,2738.968,133.4665,Knife,40,84,231.6208,-86.50069,0,False,True,False,3.164063,13.00781
starix,CounterTerrorist,950.9813,2736.024,133.4665,Knife,40,84,240.5394,-68.12343,0,False,True,False,3.515625,13.00781
starix,CounterTerrorist,960.4765,2733.749,133.4512,Knife,40,84,244.5125,-52.09261,0,False,True,False,3.515625,13.00781
starix,CounterTerrorist,970.0887,2732.031,133.4489,Knife,40,84,246.954,-38.90654,0,False,True,False,3.515625,12.65625
starix,CounterTerrorist,979.7723,2730.774,133.417,Knife,40,84,248.432,-27.95607,0,False,True,False,3.867188,12.30469
starix,CounterTerrorist,989.498,2729.898,133.3638,Knife,40,84,249.2769,-19.00126,0,False,True,False,3.867188,12.30469
starix,CounterTerrorist,999.2468,2729.329,133.2934,Knife,40,84,249.7215,-11.79667,0,False,True,False,3.867188,12.30469
starix,CounterTerrorist,1009.007,2729.007,133.2094,Knife,40,84,249.9254,-6.105054,0,False,True,False,3.867188,12.30469
starix,CounterTerrorist,1018.771,2728.875,133.1149,Knife,40,84,249.9942,-1.698168,0,False,True,False,3.867188,12.30469
starix,CounterTerrorist,1028.537,2728.893,133.0122,Knife,40,84,249.9935,1.798034,0,False,True,False,3.867188,12.30469
starix,CounterTerrorist,1038.302,2729.032,132.9029,Knife,40,84,249.9569,4.641969,0,False,True,False,3.867188,12.30469
starix,CounterTerrorist,1048.064,2729.269,132.7882,Knife,40,84,249.9035,6.943913,0,False,True,False,3.867188,12.30469
starix,CounterTerrorist,1057.825,2729.585,132.6692,Knife,40,84,249.8444,8.81933,0,False,True,False,3.867188,12.30469
starix,CounterTerrorist,1067.583,2729.967,132.5292,Knife,40,84,249.7855,10.35396,0,False,True,False,3.867188,12.30469
starix,CounterTerrorist,1077.339,2730.4,132.3503,Knife,40,84,249.7337,11.53574,0,False,True,False,3.867188,12.65625
starix,CounterTerrorist,1087.094,2730.861,132.1698,Knife,40,84,249.721,11.80726,0,False,True,False,2.460938,13.35938
starix,CounterTerrorist,1096.849,2731.302,131.9904,Knife,40,84,249.7664,10.80388,0,False,True,False,0.703125,14.41406
starix,CounterTerrorist,1106.608,2731.683,131.8419,Knife,40,84,249.8387,8.979356,0,False,True,False,359.6484,15.82031
starix,CounterTerrorist,1116.368,2731.988,131.7725,Knife,40,84,249.9011,7.030467,0,False,True,False,359.2969,16.52344
starix,CounterTerrorist,1126.131,2732.22,131.7202,Knife,40,84,249.945,5.242353,0,False,True,False,359.2969,16.52344
starix,CounterTerrorist,1135.895,2732.389,131.8124,Knife,40,84,249.9717,3.759827,0,False,True,False,359.2969,16.875
starix,CounterTerrorist,1145.66,2732.506,131.9049,Knife,40,84,249.9875,2.494682,0,False,True,False,358.9453,17.57813
starix,CounterTerrorist,1155.426,2732.577,132.001,Knife,40,84,249.996,1.409547,0,False,True,False,358.9453,18.63281
starix,CounterTerrorist,1165.191,2732.61,132.1001,Knife,40,84,249.9995,0.48683,0,False,True,False,358.9453,19.6875
starix,CounterTerrorist,1174.957,2732.604,132.2022,Knife,40,84,249.9993,-0.6072094,0,False,True,False,358.5938,21.09375
starix,CounterTerrorist,1184.723,2732.552,132.3081,Knife,40,84,249.9934,-1.815835,0,False,True,False,358.2422,22.85156
starix,CounterTerrorist,1194.488,2732.454,132.4176,Knife,40,84,249.9824,-2.967344,0,False,True,False,357.8906,25.3125
starix,CounterTerrorist,1204.252,2732.308,132.5309,Knife,40,84,249.9632,-4.287755,0,False,True,False,357.1875,28.47656
starix,CounterTerrorist,1214.015,2732.103,132.6489,Knife,40,84,249.9285,-5.979345,0,False,True,False,356.4844,31.99219
starix,CounterTerrorist,1223.777,2731.822,132.7475,Knife,40,84,249.8708,-8.034833,0,False,True,False,355.7813,35.85938
starix,CounterTerrorist,1233.536,2731.458,132.7883,Knife,40,84,249.7923,-10.18997,0,False,True,False,355.4297,40.07813
starix,CounterTerrorist,1243.291,2731.011,132.8291,Knife,40,84,249.702,-12.2037,0,False,True,False,355.0781,44.64844
starix,CounterTerrorist,1253.043,2730.494,132.8665,Knife,40,84,249.6154,-13.86206,0,False,True,False,355.0781,47.8125
starix,CounterTerrorist,1262.792,2729.927,132.8865,Knife,40,84,249.5596,-14.83199,0,False,True,False,355.7813,48.86719
starix,CounterTerrorist,1272.54,2729.335,132.8865,Knife,40,84,249.5304,-15.31637,0,False,True,False,356.1328,48.86719
starix,CounterTerrorist,1282.287,2728.741,132.9029,Knife,40,84,249.5497,-14.99879,0,False,True,False,357.5391,46.40625
starix,CounterTerrorist,1292.037,2728.186,132.9029,Knife,40,84,249.6319,-13.56152,0,False,True,False,358.9453,43.24219
starix,CounterTerrorist,1301.791,2727.701,138.0313,Knife,40,84,249.7306,-11.60389,0,False,True,False,359.6484,40.42969
starix,CounterTerrorist,1311.548,2727.302,138.0313,Knife,40,84,249.8302,-9.213504,0,False,True,False,0.703125,37.26563
starix,CounterTerrorist,1321.309,2727.007,138.0313,Knife,40,84,249.916,-6.480824,0,False,True,False,1.40625,33.39844
starix,CounterTerrorist,1327.969,2726.828,138.0313,Knife,40,84,0,-1.619088,0,False,True,False,1.054688,29.88281
starix,CounterTerrorist,1327.969,2726.836,138.0313,Knife,40,84,0,0.1439993,0,False,True,False,0.703125,26.71875
starix,CounterTerrorist,1327.969,2726.837,138.0313,Knife,40,84,0,-0.04764116,0,False,True,False,359.6484,23.90625
starix,CounterTerrorist,1327.969,2726.831,138.0313,Knife,40,84,0,-0.1848242,0,False,True,False,358.9453,20.74219
starix,CounterTerrorist,1327.969,2726.823,138.0313,Knife,40,84,0,-0.2415092,0,False,True,False,358.5938,17.92969
