Name,Team,Position.X,Position.Y,Position.Z,ActiveWeapon,HP,Armour,Velocity.X,Velocity.Y,Velocity.Z,IsDucking,HasHelmet,HasDefuseKit,ViewDirectionX,ViewDirectionY,Map = de_inferno
Edward,CounterTerrorist,2361,2200,126.8168,M4A1,100,100,0,0,0,False,True,True,204.2578,17.57813
Edward,CounterTerrorist,2361,2200,126.8168,M4A1,100,100,0,0,0,False,True,True,204.2578,17.57813
Edward,CounterTerrorist,2361,2200,126.8168,M4A1,100,100,0,0,0,False,True,True,204.2578,17.57813
Edward,CounterTerrorist,2361,2200,126.8168,M4A1,100,100,0,0,0,False,True,True,204.2578,17.22656
Edward,CounterTerrorist,2361,2200,126.8168,M4A1,100,100,0,0,0,False,True,True,204.2578,17.22656
Edward,CounterTerrorist,2361,2200,126.8168,M4A1,100,100,0,0,0,False,True,True,204.2578,17.22656
Edward,CounterTerrorist,2361,2200,126.8168,M4A1,100,100,0,0,0,False,True,True,298.8281,0
Edward,CounterTerrorist,2361,2200,126.8168,M4A1,100,100,0,0,0,False,True,True,298.8281,0
Edward,CounterTerrorist,2361,2200,126.8168,M4A1,100,100,0,0,0,False,True,True,298.8281,0
Edward,CounterTerrorist,2361,2200,126.8168,M4A1,100,100,0,0,0,False,True,True,298.8281,0
Edward,CounterTerrorist,2361,2200,126.8168,M4A1,100,100,0,0,0,False,True,True,298.8281,0
Edward,CounterTerrorist,2361,2200,126.8168,USP,100,100,0,0,0,False,True,True,298.8281,0
Edward,CounterTerrorist,2361,2200,126.8168,M4A1,100,100,0,0,0,False,True,True,298.8281,0
Edward,CounterTerrorist,2361,2200,126.8168,M4A1,100,100,0,0,0,False,True,True,298.8281,0
Edward,CounterTerrorist,2361,2200,126.8168,M4A1,100,100,0,0,0,False,True,True,298.8281,0
Edward,CounterTerrorist,2361,2200,126.8168,USP,100,100,0,0,0,False,True,True,298.8281,0
Edward,CounterTerrorist,2361,2200,126.8168,USP,100,100,0,0,0,False,True,True,298.8281,0
Edward,CounterTerrorist,2361,2200,126.8168,M4A1,100,100,0,0,0,False,True,True,297.4219,0
Edward,CounterTerrorist,2361,2200,126.8168,M4A1,100,100,0,0,0,False,True,True,292.1484,0.703125
Edward,CounterTerrorist,2361,2200,126.8168,M4A1,100,100,0,0,0,False,True,True,286.875,1.054688
Edward,CounterTerrorist,2361,2200,126.8168,M4A1,100,100,0,0,0,False,True,True,282.3047,1.757813
Edward,CounterTerrorist,2361,2200,126.8168,M4A1,100,100,0,0,0,False,True,True,278.7891,1.757813
Edward,CounterTerrorist,2361,2200,126.8168,M4A1,100,100,0,0,0,False,True,True,277.0313,1.757813
Edward,CounterTerrorist,2361,2200,126.8168,M4A1,100,100,0,0,0,False,True,True,276.6797,1.757813
Edward,CounterTerrorist,2361,2200,126.8168,M4A1,100,100,0,0,0,False,True,True,276.6797,1.757813
Edward,CounterTerrorist,2361,2200,126.8168,M4A1,100,100,0,0,0,False,True,True,276.6797,1.757813
Edward,CounterTerrorist,2361,2200,126.8168,M4A1,100,100,0,0,0,False,True,True,276.6797,1.757813
Edward,CounterTerrorist,2361,2200,126.8168,M4A1,100,100,0,0,0,False,True,True,276.6797,1.757813
Edward,CounterTerrorist,2361,2200,126.8168,M4A1,100,100,0,0,0,False,True,True,276.6797,1.757813
Edward,CounterTerrorist,2361,2200,126.8168,M4A1,100,100,0,0,0,False,True,True,276.6797,1.757813
Edward,CounterTerrorist,2361,2200,126.8168,M4A1,100,100,0,0,0,False,True,True,276.6797,1.757813
Edward,CounterTerrorist,2361,2200,126.8168,M4A1,100,100,0,0,0,False,True,True,276.6797,1.757813
Edward,CounterTerrorist,2361,2200,126.8168,M4A1,100,100,0,0,0,False,True,True,276.6797,1.757813
Edward,CounterTerrorist,2361,2200,126.8168,M4A1,100,100,0,0,0,False,True,True,276.6797,1.757813
Edward,CounterTerrorist,2361,2200,126.8168,M4A1,100,100,0,0,0,False,True,True,276.6797,1.757813
Edward,CounterTerrorist,2361,2200,126.8168,M4A1,100,100,0,0,0,False,True,True,276.6797,1.757813
Edward,CounterTerrorist,2361,2200,126.8168,M4A1,100,100,0,0,0,False,True,True,276.6797,1.757813
Edward,CounterTerrorist,2361,2200,126.8168,M4A1,100,100,0,0,0,False,True,True,276.6797,1.757813
Edward,CounterTerrorist,2361,2200,126.8168,M4A1,100,100,0,0,0,False,True,True,276.6797,1.757813
Edward,CounterTerrorist,2361,2200,126.8168,M4A1,100,100,0,0,0,False,True,True,276.6797,1.757813
Edward,CounterTerrorist,2361,2200,126.8168,M4A1,100,100,0,0,0,False,True,True,276.6797,1.757813
Edward,CounterTerrorist,2361,2200,126.8168,M4A1,100,100,0,0,0,False,True,True,276.6797,1.757813
Edward,CounterTerrorist,2361,2200,126.8168,M4A1,100,100,0,0,0,False,True,True,276.6797,1.757813
Edward,CounterTerrorist,2361,2200,126.8168,M4A1,100,100,0,0,0,False,True,True,276.6797,1.757813
Edward,CounterTerrorist,2361,2200,126.8168,M4A1,100,100,0,0,0,False,True,True,276.6797,1.757813
Edward,CounterTerrorist,2361,2200,126.8168,M4A1,100,100,0,0,0,False,True,True,276.6797,1.757813
Edward,CounterTerrorist,2361,2200,126.8168,M4A1,100,100,0,0,0,False,True,True,276.6797,1.757813
Edward,CounterTerrorist,2361,2200,126.8168,M4A1,100,100,0,0,0,False,True,True,276.6797,1.757813
Edward,CounterTerrorist,2361,2200,126.8168,M4A1,100,100,0,0,0,False,True,True,276.6797,1.757813
Edward,CounterTerrorist,2361,2200,126.8168,M4A1,100,100,0,0,0,False,True,True,276.6797,1.757813
Edward,CounterTerrorist,2361,2200,126.8168,M4A1,100,100,0,0,0,False,True,True,276.6797,1.757813
Edward,CounterTerrorist,2361,2200,126.8168,M4A1,100,100,0,0,0,False,True,True,276.6797,1.757813
Edward,CounterTerrorist,2361,2200,126.8168,M4A1,100,100,0,0,0,False,True,True,276.6797,1.757813
Edward,CounterTerrorist,2361,2200,126.8168,M4A1,100,100,0,0,0,False,True,True,276.6797,1.757813
Edward,CounterTerrorist,2361,2200,126.8168,M4A1,100,100,0,0,0,False,True,True,276.6797,1.757813
Edward,CounterTerrorist,2361,2200,126.8168,M4A1,100,100,0,0,0,False,True,True,276.6797,1.757813
Edward,CounterTerrorist,2361,2200,126.8168,M4A1,100,100,0,0,0,False,True,True,276.6797,1.757813
Edward,CounterTerrorist,2361,2200,126.8168,M4A1,100,100,0,0,0,False,True,True,276.6797,1.757813
Edward,CounterTerrorist,2361,2200,126.8168,M4A1,100,100,0,0,0,False,True,True,276.6797,1.757813
Edward,CounterTerrorist,2361,2200,126.8168,M4A1,100,100,0,0,0,False,True,True,276.6797,1.757813
Edward,CounterTerrorist,2361,2200,126.8168,M4A1,100,100,0,0,0,False,True,True,276.6797,1.757813
Edward,CounterTerrorist,2361,2200,126.8168,M4A1,100,100,0,0,0,False,True,True,276.6797,1.757813
Edward,CounterTerrorist,2361,2200,126.8168,M4A1,100,100,0,0,0,False,True,True,276.6797,1.757813
Edward,CounterTerrorist,2361,2200,126.8168,M4A1,100,100,0,0,0,False,True,True,276.6797,1.757813
Edward,CounterTerrorist,2361,2200,126.8168,M4A1,100,100,0,0,0,False,True,True,276.6797,1.757813
Edward,CounterTerrorist,2361,2200,126.8168,M4A1,100,100,0,0,0,False,True,True,276.6797,1.757813
Edward,CounterTerrorist,2361,2200,126.8168,M4A1,100,100,0,0,0,False,True,True,276.6797,1.757813
Edward,CounterTerrorist,2361,2200,126.8168,M4A1,100,100,0,0,0,False,True,True,276.6797,1.757813
Edward,CounterTerrorist,2361,2200,126.8168,M4A1,100,100,0,0,0,False,True,True,276.6797,1.757813
Edward,CounterTerrorist,2361,2200,126.8168,M4A1,100,100,0,0,0,False,True,True,276.6797,1.757813
Edward,CounterTerrorist,2361,2200,126.8168,M4A1,100,100,0,0,0,False,True,True,276.6797,1.757813
Edward,CounterTerrorist,2361,2200,126.8168,M4A1,100,100,0,0,0,False,True,True,276.6797,1.757813
Edward,CounterTerrorist,2361,2200,126.8168,M4A1,100,100,0,0,0,False,True,True,276.6797,1.757813
Edward,CounterTerrorist,2361,2200,126.8168,M4A1,100,100,0,0,0,False,True,True,276.6797,1.757813
Edward,CounterTerrorist,2361,2200,126.8168,M4A1,100,100,0,0,0,False,True,True,276.6797,1.757813
Edward,CounterTerrorist,2361,2200,126.8168,M4A1,100,100,0,0,0,False,True,True,276.6797,1.757813
Edward,CounterTerrorist,2361,2200,126.8168,M4A1,100,100,0,0,0,False,True,True,276.6797,1.757813
Edward,CounterTerrorist,2361,2200,126.8168,M4A1,100,100,0,0,0,False,True,True,276.6797,1.757813
Edward,CounterTerrorist,2361,2200,126.8168,M4A1,100,100,0,0,0,False,True,True,276.6797,1.757813
Edward,CounterTerrorist,2361,2200,126.8168,M4A1,100,100,0,0,0,False,True,True,276.6797,1.757813
Edward,CounterTerrorist,2361,2200,126.8168,M4A1,100,100,0,0,0,False,True,True,276.6797,1.757813
Edward,CounterTerrorist,2361,2200,126.8168,M4A1,100,100,0,0,0,False,True,True,276.6797,1.757813
Edward,CounterTerrorist,2361,2200,126.8168,M4A1,100,100,0,0,0,False,True,True,276.6797,1.757813
Edward,CounterTerrorist,2361,2200,126.8168,M4A1,100,100,0,0,0,False,True,True,276.6797,1.757813
Edward,CounterTerrorist,2361,2200,126.8168,M4A1,100,100,0,0,0,False,True,True,276.6797,1.757813
Edward,CounterTerrorist,2361,2200,126.8168,M4A1,100,100,0,0,0,False,True,True,276.6797,1.757813
Edward,CounterTerrorist,2361,2200,126.8168,M4A1,100,100,0,0,0,False,True,True,276.6797,1.757813
Edward,CounterTerrorist,2361,2200,126.8168,M4A1,100,100,0,0,0,False,True,True,276.6797,1.757813
Edward,CounterTerrorist,2361,2200,126.8168,M4A1,100,100,0,0,0,False,True,True,276.6797,1.757813
Edward,CounterTerrorist,2361,2200,126.8168,M4A1,100,100,0,0,0,False,True,True,276.6797,1.757813
Edward,CounterTerrorist,2361,2200,126.8168,M4A1,100,100,0,0,0,False,True,True,276.6797,1.757813
Edward,CounterTerrorist,2361,2200,126.8168,M4A1,100,100,0,0,0,False,True,True,276.6797,1.757813
Edward,CounterTerrorist,2361,2200,126.8168,M4A1,100,100,0,0,0,False,True,True,276.6797,1.757813
Edward,CounterTerrorist,2361,2200,126.8168,M4A1,100,100,0,0,0,False,True,True,276.6797,1.757813
Edward,CounterTerrorist,2361,2200,126.8168,M4A1,100,100,0,0,0,False,True,True,276.6797,1.757813
Edward,CounterTerrorist,2361,2200,126.8168,M4A1,100,100,0,0,0,False,True,True,276.6797,1.757813
Edward,CounterTerrorist,2361,2200,126.8168,M4A1,100,100,0,0,0,False,True,True,276.6797,1.757813
Edward,CounterTerrorist,2361,2200,126.8168,M4A1,100,100,0,0,0,False,True,True,276.6797,1.757813
Edward,CounterTerrorist,2361,2200,126.8168,M4A1,100,100,0,0,0,False,True,True,276.6797,1.757813
Edward,CounterTerrorist,2361,2200,126.8168,M4A1,100,100,0,0,0,False,True,True,276.6797,1.757813
Edward,CounterTerrorist,2361,2200,126.8168,M4A1,100,100,0,0,0,False,True,True,276.6797,1.757813
Edward,CounterTerrorist,2361,2200,126.8168,Knife,100,100,0,0,0,False,True,True,276.6797,1.757813
Edward,CounterTerrorist,2361,2200,126.8168,Knife,100,100,0,0,0,False,True,True,276.6797,1.757813
Edward,CounterTerrorist,2361,2200,126.8168,Knife,100,100,0,0,0,False,True,True,276.6797,1.757813
Edward,CounterTerrorist,2361,2200,126.8168,Knife,100,100,0,0,0,False,True,True,276.6797,1.757813
Edward,CounterTerrorist,2361,2200,126.8168,Knife,100,100,0,0,0,False,True,True,276.6797,1.757813
Edward,CounterTerrorist,2361,2200,126.8168,Knife,100,100,0,0,0,False,True,True,276.6797,1.757813
Edward,CounterTerrorist,2361,2200,126.8168,Knife,100,100,0,0,0,False,True,True,276.6797,1.757813
Edward,CounterTerrorist,2361,2200,126.8168,Knife,100,100,0,0,0,False,True,True,276.6797,1.757813
Edward,CounterTerrorist,2361,2200,126.8168,Knife,100,100,0,0,0,False,True,True,276.6797,1.757813
Edward,CounterTerrorist,2361,2200,126.8168,Knife,100,100,0,0,0,False,True,True,276.6797,1.757813
Edward,CounterTerrorist,2361,2200,126.8168,Knife,100,100,0,0,0,False,True,True,276.6797,1.757813
Edward,CounterTerrorist,2361,2200,126.8168,Knife,100,100,0,0,0,False,True,True,276.6797,1.757813
Edward,CounterTerrorist,2361,2200,126.8168,Knife,100,100,0,0,0,False,True,True,276.6797,1.757813
Edward,CounterTerrorist,2361,2200,126.8168,Knife,100,100,0,0,0,False,True,True,276.6797,1.757813
Edward,CounterTerrorist,2361,2200,126.8168,Knife,100,100,0,0,0,False,True,True,276.6797,1.757813
Edward,CounterTerrorist,2361,2200,126.8168,Knife,100,100,0,0,0,False,True,True,276.6797,1.757813
Edward,CounterTerrorist,2361,2200,126.8168,Knife,100,100,0,0,0,False,True,True,276.6797,1.757813
Edward,CounterTerrorist,2361,2200,126.8168,Knife,100,100,0,0,0,False,True,True,276.6797,1.757813
Edward,CounterTerrorist,2361,2200,126.8168,Knife,100,100,0,0,0,False,True,True,276.6797,1.757813
Edward,CounterTerrorist,2361,2200,126.8168,Knife,100,100,0,0,0,False,True,True,276.6797,1.757813
Edward,CounterTerrorist,2361,2200,126.8168,Knife,100,100,0,0,0,False,True,True,276.6797,1.757813
Edward,CounterTerrorist,2361,2200,126.8168,Knife,100,100,0,0,0,False,True,True,276.6797,1.757813
Edward,CounterTerrorist,2361,2200,126.8168,Knife,100,100,0,0,0,False,True,True,276.6797,1.757813
Edward,CounterTerrorist,2361,2200,126.8168,Knife,100,100,0,0,0,False,True,True,276.6797,1.757813
Edward,CounterTerrorist,2361,2200,126.8168,Knife,100,100,0,0,0,False,True,True,276.6797,1.757813
Edward,CounterTerrorist,2361,2200,126.8168,Knife,100,100,0,0,0,False,True,True,276.6797,1.757813
Edward,CounterTerrorist,2361,2200,126.8168,Knife,100,100,0,0,0,False,True,True,276.6797,1.757813
Edward,CounterTerrorist,2361,2200,126.8168,Knife,100,100,0,0,0,False,True,True,276.6797,1.757813
Edward,CounterTerrorist,2361,2200,126.8168,Knife,100,100,0,0,0,False,True,True,276.6797,1.757813
Edward,CounterTerrorist,2361,2200,126.8168,Knife,100,100,0,0,0,False,True,True,276.6797,1.757813
Edward,CounterTerrorist,2361,2200,126.8168,Knife,100,100,0,0,0,False,True,True,276.6797,1.757813
Edward,CounterTerrorist,2361,2200,126.8168,Knife,100,100,0,0,0,False,True,True,276.6797,1.757813
Edward,CounterTerrorist,2361,2200,126.8168,Knife,100,100,0,0,0,False,True,True,276.6797,1.757813
Edward,CounterTerrorist,2361,2200,126.8168,Knife,100,100,0,0,0,False,True,True,276.6797,1.757813
Edward,CounterTerrorist,2361,2200,126.8168,Knife,100,100,0,0,0,False,True,True,276.6797,1.757813
Edward,CounterTerrorist,2361,2200,126.8168,Knife,100,100,0,0,0,False,True,True,276.6797,1.757813
Edward,CounterTerrorist,2361,2200,126.8168,Knife,100,100,0,0,0,False,True,True,276.6797,1.757813
Edward,CounterTerrorist,2361,2200,126.8168,Knife,100,100,0,0,0,False,True,True,276.6797,1.757813
Edward,CounterTerrorist,2361,2200,126.8168,Knife,100,100,0,0,0,False,True,True,276.6797,1.757813
Edward,CounterTerrorist,2361,2200,126.8168,Knife,100,100,0,0,0,False,True,True,276.6797,1.757813
Edward,CounterTerrorist,2361,2200,126.8168,Knife,100,100,0,0,0,False,True,True,276.6797,1.757813
Edward,CounterTerrorist,2361,2200,126.8168,Knife,100,100,0,0,0,False,True,True,276.6797,1.757813
Edward,CounterTerrorist,2361,2200,126.8168,Knife,100,100,0,0,0,False,True,True,276.6797,1.757813
Edward,CounterTerrorist,2361,2200,126.8168,Knife,100,100,0,0,0,False,True,True,276.6797,1.757813
Edward,CounterTerrorist,2361,2200,126.8168,Knife,100,100,0,0,0,False,True,True,276.6797,1.757813
Edward,CounterTerrorist,2361,2200,126.8168,Knife,100,100,0,0,0,False,True,True,276.6797,1.757813
Edward,CounterTerrorist,2361,2200,126.8168,Knife,100,100,0,0,0,False,True,True,276.6797,1.757813
Edward,CounterTerrorist,2361,2200,126.8168,Knife,100,100,0,0,0,False,True,True,276.6797,1.757813
Edward,CounterTerrorist,2361,2200,126.8168,Knife,100,100,0,0,0,False,True,True,276.6797,1.757813
Edward,CounterTerrorist,2361,2200,126.8168,Knife,100,100,0,0,0,False,True,True,276.6797,1.757813
Edward,CounterTerrorist,2361,2200,126.8168,Knife,100,100,0,0,0,False,True,True,276.6797,1.757813
Edward,CounterTerrorist,2361,2200,126.8168,Knife,100,100,0,0,0,False,True,True,276.6797,1.757813
Edward,CounterTerrorist,2361,2200,126.8168,Knife,100,100,0,0,0,False,True,True,276.6797,1.757813
Edward,CounterTerrorist,2361,2200,126.8168,Knife,100,100,0,0,0,False,True,True,276.6797,1.757813
Edward,CounterTerrorist,2361,2200,126.8168,Knife,100,100,0,0,0,False,True,True,276.6797,1.757813
Edward,CounterTerrorist,2361,2200,126.8168,Knife,100,100,0,0,0,False,True,True,276.6797,1.757813
Edward,CounterTerrorist,2361,2200,126.8168,Knife,100,100,0,0,0,False,True,True,276.6797,1.757813
Edward,CounterTerrorist,2361,2200,126.8168,Knife,100,100,0,0,0,False,True,True,276.6797,1.757813
Edward,CounterTerrorist,2361,2200,126.8168,Knife,100,100,0,0,0,False,True,True,276.6797,1.757813
Edward,CounterTerrorist,2361,2200,126.8168,Knife,100,100,0,0,0,False,True,True,276.6797,1.757813
Edward,CounterTerrorist,2361,2200,126.8168,Knife,100,100,0,0,0,False,True,True,276.6797,1.757813
Edward,CounterTerrorist,2361,2200,126.8168,Knife,100,100,0,0,0,False,True,True,276.6797,1.757813
Edward,CounterTerrorist,2361,2200,126.8168,Knife,100,100,0,0,0,False,True,True,276.6797,1.757813
Edward,CounterTerrorist,2361,2200,126.8168,Knife,100,100,0,0,0,False,True,True,276.6797,1.757813
Edward,CounterTerrorist,2361,2200,126.8168,Knife,100,100,0,0,0,False,True,True,276.6797,1.757813
Edward,CounterTerrorist,2361,2200,126.8168,Knife,100,100,0,0,0,False,True,True,276.6797,1.757813
Edward,CounterTerrorist,2361,2200,126.8168,Knife,100,100,0,0,0,False,True,True,276.6797,1.757813
Edward,CounterTerrorist,2361,2200,126.8168,Knife,100,100,0,0,0,False,True,True,276.6797,1.757813
Edward,CounterTerrorist,2361,2200,126.8168,Knife,100,100,0,0,0,False,True,True,276.6797,1.757813
Edward,CounterTerrorist,2361,2200,126.8168,Knife,100,100,0,0,0,False,True,True,276.6797,1.757813
Edward,CounterTerrorist,2361,2200,126.8168,Knife,100,100,0,0,0,False,True,True,276.6797,1.757813
Edward,CounterTerrorist,2361,2200,126.8168,Knife,100,100,0,0,0,False,True,True,276.6797,1.757813
Edward,CounterTerrorist,2361,2200,126.8168,Knife,100,100,0,0,0,False,True,True,276.6797,1.757813
Edward,CounterTerrorist,2361,2200,126.8168,Knife,100,100,0,0,0,False,True,True,276.6797,1.757813
Edward,CounterTerrorist,2361,2200,126.8168,Knife,100,100,0,0,0,False,True,True,276.6797,1.757813
Edward,CounterTerrorist,2361,2200,126.8168,Knife,100,100,0,0,0,False,True,True,276.6797,1.757813
Edward,CounterTerrorist,2361,2200,126.8168,Knife,100,100,0,0,0,False,True,True,276.6797,1.757813
Edward,CounterTerrorist,2361,2200,126.8168,Knife,100,100,0,0,0,False,True,True,276.6797,1.757813
Edward,CounterTerrorist,2361,2200,126.8168,HE,100,100,0,0,0,False,True,True,276.6797,1.757813
Edward,CounterTerrorist,2361,2200,126.8168,HE,100,100,0,0,0,False,True,True,276.6797,1.757813
Edward,CounterTerrorist,2361,2200,126.8168,HE,100,100,0,0,0,False,True,True,276.6797,1.757813
Edward,CounterTerrorist,2361,2200,126.8168,HE,100,100,0,0,0,False,True,True,276.6797,1.757813
Edward,CounterTerrorist,2361,2200,126.8168,HE,100,100,0,0,0,False,True,True,276.6797,1.757813
Edward,CounterTerrorist,2361,2200,126.8168,Flash,100,100,0,0,0,False,True,True,276.6797,1.757813
Edward,CounterTerrorist,2361,2200,126.8168,Flash,100,100,0,0,0,False,True,True,276.6797,1.757813
Edward,CounterTerrorist,2361,2200,126.8168,Flash,100,100,0,0,0,False,True,True,276.6797,1.757813
Edward,CounterTerrorist,2361,2200,126.8168,Flash,100,100,0,0,0,False,True,True,276.6797,1.757813
Edward,CounterTerrorist,2361,2200,126.8168,Smoke,100,100,0,0,0,False,True,True,276.6797,1.757813
Edward,CounterTerrorist,2361,2200,126.8168,Smoke,100,100,0,0,0,False,True,True,276.6797,1.757813
Edward,CounterTerrorist,2361,2200,126.8168,Smoke,100,100,0,0,0,False,True,True,276.6797,1.757813
Edward,CounterTerrorist,2361,2200,126.8168,Smoke,100,100,0,0,0,False,True,True,276.6797,1.757813
Edward,CounterTerrorist,2361,2200,126.8168,Smoke,100,100,0,0,0,False,True,True,276.6797,1.757813
Edward,CounterTerrorist,2361,2200,126.8168,Knife,100,100,0,0,0,False,True,True,276.6797,1.757813
Edward,CounterTerrorist,2361,2200,126.8168,Knife,100,100,0,0,0,False,True,True,276.6797,1.757813
Edward,CounterTerrorist,2361,2200,126.8168,Knife,100,100,0,0,0,False,True,True,276.6797,1.757813
Edward,CounterTerrorist,2361,2200,126.8168,Smoke,100,100,0,0,0,False,True,True,276.6797,1.757813
Edward,CounterTerrorist,2361,2200,126.8168,Smoke,100,100,0,0,0,False,True,True,276.6797,1.757813
Edward,CounterTerrorist,2361,2200,126.8168,Smoke,100,100,0,0,0,False,True,True,276.6797,1.757813
Edward,CounterTerrorist,2361,2200,126.8168,Smoke,100,100,0,0,0,False,True,True,276.6797,1.757813
Edward,CounterTerrorist,2361,2200,126.8168,Smoke,100,100,0,0,0,False,True,True,276.6797,1.757813
Edward,CounterTerrorist,2361,2200,126.8168,Smoke,100,100,0,0,0,False,True,True,276.6797,1.757813
Edward,CounterTerrorist,2361,2200,126.8168,Smoke,100,100,0,0,0,False,True,True,276.6797,1.757813
Edward,CounterTerrorist,2361,2200,126.8168,Smoke,100,100,0,0,0,False,True,True,276.6797,1.757813
Edward,CounterTerrorist,2361,2200,126.8168,Smoke,100,100,0,0,0,False,True,True,276.6797,1.757813
Edward,CounterTerrorist,2361,2200,126.8168,Smoke,100,100,0,0,0,False,True,True,276.6797,1.757813
Edward,CounterTerrorist,2361,2200,126.8168,Smoke,100,100,0,0,0,False,True,True,276.6797,1.757813
Edward,CounterTerrorist,2361,2200,126.8168,Smoke,100,100,0,0,0,False,True,True,276.6797,1.757813
Edward,CounterTerrorist,2361,2200,126.8168,Smoke,100,100,0,0,0,False,True,True,276.6797,1.757813
Edward,CounterTerrorist,2361,2200,126.8168,Smoke,100,100,0,0,0,False,True,True,276.6797,1.757813
Edward,CounterTerrorist,2361,2200,126.8168,Smoke,100,100,0,0,0,False,True,True,276.6797,1.757813
Edward,CounterTerrorist,2361,2200,126.8168,Smoke,100,100,0,0,0,False,True,True,276.6797,1.757813
Edward,CounterTerrorist,2361,2200,126.8168,Smoke,100,100,0,0,0,False,True,True,276.6797,1.757813
Edward,CounterTerrorist,2361,2200,126.8168,Smoke,100,100,0,0,0,False,True,True,276.6797,1.757813
Edward,CounterTerrorist,2361,2200,126.8168,Smoke,100,100,0,0,0,False,True,True,276.6797,1.757813
Edward,CounterTerrorist,2361,2200,126.8168,Smoke,100,100,0,0,0,False,True,True,276.6797,1.757813
Edward,CounterTerrorist,2361,2200,126.8168,Smoke,100,100,0,0,0,False,True,True,276.6797,1.757813
Edward,CounterTerrorist,2361,2200,126.8168,Smoke,100,100,0,0,0,False,True,True,276.6797,1.757813
Edward,CounterTerrorist,2361,2200,126.8168,Smoke,100,100,0,0,0,False,True,True,276.6797,1.757813
Edward,CounterTerrorist,2361,2200,126.8168,Smoke,100,100,0,0,0,False,True,True,276.6797,1.757813
Edward,CounterTerrorist,2361,2200,126.8168,Smoke,100,100,0,0,0,False,True,True,276.6797,1.757813
Edward,CounterTerrorist,2361,2200,126.8168,Smoke,100,100,0,0,0,False,True,True,276.6797,1.757813
Edward,CounterTerrorist,2361,2200,126.8168,Smoke,100,100,0,0,0,False,True,True,276.6797,1.757813
Edward,CounterTerrorist,2361,2200,126.8168,Smoke,100,100,0,0,0,False,True,True,276.6797,1.757813
Edward,CounterTerrorist,2361,2200,126.8168,Smoke,100,100,0,0,0,False,True,True,276.6797,1.757813
Edward,CounterTerrorist,2361,2200,126.8168,Smoke,100,100,0,0,0,False,True,True,276.6797,1.757813
Edward,CounterTerrorist,2361,2200,126.8168,Smoke,100,100,0,0,0,False,True,True,276.6797,1.757813
Edward,CounterTerrorist,2361,2200,126.8168,Smoke,100,100,0,0,0,False,True,True,276.6797,1.757813
Edward,CounterTerrorist,2361,2200,126.8168,Smoke,100,100,0,0,0,False,True,True,276.6797,1.757813
Edward,CounterTerrorist,2361,2200,126.8168,Smoke,100,100,0,0,0,False,True,True,276.6797,1.757813
Edward,CounterTerrorist,2361,2200,126.8168,Smoke,100,100,0,0,0,False,True,True,276.6797,1.757813
Edward,CounterTerrorist,2361,2200,126.8168,Smoke,100,100,0,0,0,False,True,True,276.6797,1.757813
Edward,CounterTerrorist,2361,2200,126.8168,Smoke,100,100,0,0,0,False,True,True,276.6797,1.757813
Edward,CounterTerrorist,2361,2200,126.8168,Smoke,100,100,0,0,0,False,True,True,276.6797,1.757813
Edward,CounterTerrorist,2361,2200,126.8168,Smoke,100,100,0,0,0,False,True,True,276.6797,1.757813
Edward,CounterTerrorist,2361,2200,126.8168,Smoke,100,100,0,0,0,False,True,True,276.6797,1.757813
Edward,CounterTerrorist,2361,2200,126.8168,Smoke,100,100,0,0,0,False,True,True,276.6797,1.757813
Edward,CounterTerrorist,2361,2200,126.8168,Smoke,100,100,0,0,0,False,True,True,276.6797,1.757813
Edward,CounterTerrorist,2361,2200,126.8168,Smoke,100,100,0,0,0,False,True,True,276.6797,1.757813
Edward,CounterTerrorist,2361,2200,126.8168,Smoke,100,100,0,0,0,False,True,True,276.6797,1.757813
Edward,CounterTerrorist,2361,2200,126.8168,Smoke,100,100,0,0,0,False,True,True,276.6797,1.757813
Edward,CounterTerrorist,2361,2200,126.8168,Smoke,100,100,0,0,0,False,True,True,276.6797,1.757813
Edward,CounterTerrorist,2361,2200,126.8168,Smoke,100,100,0,0,0,False,True,True,276.6797,1.757813
Edward,CounterTerrorist,2361,2200,126.8168,Smoke,100,100,0,0,0,False,True,True,276.6797,1.757813
Edward,CounterTerrorist,2361,2200,126.8168,Smoke,100,100,0,0,0,False,True,True,276.6797,1.757813
Edward,CounterTerrorist,2361,2200,126.8168,Smoke,100,100,0,0,0,False,True,True,276.6797,1.757813
Edward,CounterTerrorist,2361,2200,126.8168,Smoke,100,100,0,0,0,False,True,True,276.6797,1.757813
Edward,CounterTerrorist,2361,2200,126.8168,Smoke,100,100,0,0,0,False,True,True,276.6797,1.757813
Edward,CounterTerrorist,2361,2200,126.8168,Smoke,100,100,0,0,0,False,True,True,276.6797,1.757813
Edward,CounterTerrorist,2361,2200,126.8168,Smoke,100,100,0,0,0,False,True,True,276.6797,1.757813
Edward,CounterTerrorist,2361,2200,126.8168,Smoke,100,100,0,0,0,False,True,True,276.6797,1.757813
Edward,CounterTerrorist,2361,2200,126.8168,Smoke,100,100,0,0,0,False,True,True,276.6797,1.757813
Edward,CounterTerrorist,2361,2200,126.8168,Smoke,100,100,0,0,0,False,True,True,276.6797,1.757813
Edward,CounterTerrorist,2361,2200,126.8168,Smoke,100,100,0,0,0,False,True,True,276.6797,1.757813
Edward,CounterTerrorist,2361,2200,126.8168,Smoke,100,100,0,0,0,False,True,True,276.6797,1.757813
Edward,CounterTerrorist,2361,2200,126.8168,Smoke,100,100,0,0,0,False,True,True,276.6797,1.757813
Edward,CounterTerrorist,2361,2200,126.8168,Smoke,100,100,0,0,0,False,True,True,276.6797,1.757813
Edward,CounterTerrorist,2361,2200,126.8168,Smoke,100,100,0,0,0,False,True,True,276.6797,1.757813
Edward,CounterTerrorist,2361,2200,126.8168,Smoke,100,100,0,0,0,False,True,True,276.6797,1.757813
Edward,CounterTerrorist,2361,2200,126.8168,Smoke,100,100,0,0,0,False,True,True,276.6797,1.757813
Edward,CounterTerrorist,2361,2200,126.8168,Smoke,100,100,0,0,0,False,True,True,276.6797,1.757813
Edward,CounterTerrorist,2361,2200,126.8168,Smoke,100,100,0,0,0,False,True,True,276.6797,1.757813
Edward,CounterTerrorist,2361,2200,126.8168,Smoke,100,100,0,0,0,False,True,True,276.6797,1.757813
Edward,CounterTerrorist,2361,2200,126.8168,Smoke,100,100,0,0,0,False,True,True,276.6797,1.757813
Edward,CounterTerrorist,2361,2200,126.8168,Smoke,100,100,0,0,0,False,True,True,276.6797,1.757813
Edward,CounterTerrorist,2361,2200,126.8168,Smoke,100,100,0,0,0,False,True,True,276.6797,1.757813
Edward,CounterTerrorist,2361,2200,126.8168,Smoke,100,100,0,0,0,False,True,True,276.6797,1.757813
Edward,CounterTerrorist,2361,2200,126.8168,Smoke,100,100,0,0,0,False,True,True,276.6797,1.757813
Edward,CounterTerrorist,2361,2200,126.8168,Smoke,100,100,0,0,0,False,True,True,276.6797,1.757813
Edward,CounterTerrorist,2361,2200,126.8168,Smoke,100,100,0,0,0,False,True,True,276.6797,1.757813
Edward,CounterTerrorist,2361,2200,126.8168,Smoke,100,100,0,0,0,False,True,True,276.6797,1.757813
Edward,CounterTerrorist,2361,2200,126.8168,Smoke,100,100,0,0,0,False,True,True,276.6797,1.757813
Edward,CounterTerrorist,2361,2200,126.8168,Smoke,100,100,0,0,0,False,True,True,276.6797,1.757813
Edward,CounterTerrorist,2361,2200,126.8168,Smoke,100,100,0,0,0,False,True,True,276.6797,1.757813
Edward,CounterTerrorist,2361,2200,126.8168,Smoke,100,100,0,0,0,False,True,True,276.6797,1.757813
Edward,CounterTerrorist,2361,2200,126.8168,Smoke,100,100,0,0,0,False,True,True,276.6797,1.757813
Edward,CounterTerrorist,2361,2200,126.8168,Smoke,100,100,0,0,0,False,True,True,276.6797,1.757813
Edward,CounterTerrorist,2361,2200,126.8168,Smoke,100,100,0,0,0,False,True,True,276.6797,1.757813
Edward,CounterTerrorist,2361,2200,126.8168,Smoke,100,100,0,0,0,False,True,True,276.6797,1.757813
Edward,CounterTerrorist,2361,2200,126.8168,Smoke,100,100,0,0,0,False,True,True,276.6797,1.757813
Edward,CounterTerrorist,2361,2200,126.8168,Smoke,100,100,0,0,0,False,True,True,276.6797,1.757813
Edward,CounterTerrorist,2361,2200,126.8168,Smoke,100,100,0,0,0,False,True,True,276.6797,1.757813
Edward,CounterTerrorist,2361,2200,126.8168,Smoke,100,100,0,0,0,False,True,True,276.6797,1.757813
Edward,CounterTerrorist,2361,2200,126.8168,Smoke,100,100,0,0,0,False,True,True,276.6797,1.757813
Edward,CounterTerrorist,2361,2200,126.8168,Smoke,100,100,0,0,0,False,True,True,276.6797,1.757813
Edward,CounterTerrorist,2361,2200,126.8168,Smoke,100,100,0,0,0,False,True,True,276.6797,1.757813
Edward,CounterTerrorist,2361,2200,126.8168,Smoke,100,100,0,0,0,False,True,True,276.6797,1.757813
Edward,CounterTerrorist,2361,2200,126.8168,Smoke,100,100,0,0,0,False,True,True,276.6797,1.757813
Edward,CounterTerrorist,2361,2200,126.8168,Smoke,100,100,0,0,0,False,True,True,276.6797,1.757813
Edward,CounterTerrorist,2361,2200,126.8168,Smoke,100,100,0,0,0,False,True,True,276.6797,1.757813
Edward,CounterTerrorist,2361,2200,126.8168,Smoke,100,100,0,0,0,False,True,True,276.6797,1.757813
Edward,CounterTerrorist,2361,2200,126.8168,Smoke,100,100,0,0,0,False,True,True,276.6797,1.757813
Edward,CounterTerrorist,2361,2200,126.8168,Smoke,100,100,0,0,0,False,True,True,276.6797,1.757813
Edward,CounterTerrorist,2361,2200,126.8168,Smoke,100,100,0,0,0,False,True,True,276.6797,1.757813
Edward,CounterTerrorist,2361,2200,126.8168,Smoke,100,100,0,0,0,False,True,True,276.6797,1.757813
Edward,CounterTerrorist,2361,2200,126.8168,Smoke,100,100,0,0,0,False,True,True,276.6797,1.757813
Edward,CounterTerrorist,2361,2200,126.8168,Smoke,100,100,0,0,0,False,True,True,276.6797,1.757813
Edward,CounterTerrorist,2361,2200,126.8168,Smoke,100,100,0,0,0,False,True,True,276.6797,1.757813
Edward,CounterTerrorist,2361,2200,126.8168,Smoke,100,100,0,0,0,False,True,True,276.6797,1.757813
Edward,CounterTerrorist,2361,2200,126.8168,Smoke,100,100,0,0,0,False,True,True,276.6797,1.757813
Edward,CounterTerrorist,2361,2200,126.8168,Smoke,100,100,0,0,0,False,True,True,276.6797,1.757813
Edward,CounterTerrorist,2361,2200,126.8168,Smoke,100,100,0,0,0,False,True,True,276.6797,1.757813
Edward,CounterTerrorist,2361,2200,126.8168,Smoke,100,100,0,0,0,False,True,True,276.6797,1.757813
Edward,CounterTerrorist,2361,2200,126.8168,Smoke,100,100,0,0,0,False,True,True,276.6797,1.757813
Edward,CounterTerrorist,2361,2200,126.8168,Smoke,100,100,0,0,0,False,True,True,276.6797,1.757813
Edward,CounterTerrorist,2361,2200,126.8168,Smoke,100,100,0,0,0,False,True,True,276.6797,1.757813
Edward,CounterTerrorist,2361,2200,126.8168,Smoke,100,100,0,0,0,False,True,True,276.6797,1.757813
Edward,CounterTerrorist,2360.257,2199.384,126.8748,Smoke,100,100,-27.89874,-29.26362,0,False,True,True,276.6797,1.757813
Edward,CounterTerrorist,2358.612,2197.497,127.027,Smoke,100,100,-51.69278,-60.88301,0,False,True,True,276.6797,1.757813
Edward,CounterTerrorist,2356.069,2194.435,127.3772,Smoke,100,100,-73.48534,-89.33809,0,False,True,True,276.6797,1.757813
Edward,CounterTerrorist,2352.765,2190.381,127.8758,Smoke,100,100,-91.48698,-112.8433,0,False,True,True,276.6797,1.757813
Edward,CounterTerrorist,2348.834,2185.506,128.4713,Smoke,100,100,-106.3572,-132.2596,0,False,True,True,276.6797,1.757813
Edward,CounterTerrorist,2345.619,2180.449,129.007,Smoke,100,100,-55.2949,-118.7558,0,False,True,True,276.6797,1.757813
Edward,CounterTerrorist,2344.877,2176.448,129.2595,Smoke,100,100,3.701737,-92.25607,0,False,True,True,276.6797,1.757813
Edward,CounterTerrorist,2346.193,2173.37,129.2742,Smoke,100,100,52.43561,-70.36609,0,False,True,True,276.6797,1.757813
Edward,CounterTerrorist,2349.209,2171.056,129.0925,Smoke,100,100,92.69199,-52.284,0,False,True,True,276.6797,1.757813
Edward,CounterTerrorist,2353.546,2169.363,128.7568,Smoke,100,100,115.3011,-38.60666,0,False,True,True,276.6797,1.757813
Edward,CounterTerrorist,2356.38,2167.877,128.5548,Smoke,100,100,45.70469,-37.62826,0,False,True,True,276.6797,1.757813
Edward,CounterTerrorist,2356.734,2166.517,128.5829,Smoke,100,100,-13.33974,-32.04307,0,False,True,True,276.6797,1.757813
Edward,CounterTerrorist,2355.22,2165.244,128.7848,Smoke,100,100,-51.46623,-40.09247,0,False,True,True,276.6797,1.757813
Edward,CounterTerrorist,2352.697,2162.917,129.1306,Smoke,100,100,-72.99603,-71.92563,0,False,True,True,276.6797,1.757813
Edward,CounterTerrorist,2349.41,2159.469,129.6,Smoke,100,100,-91.08279,-98.45979,0,False,True,True,276.6797,1.757813
Edward,CounterTerrorist,2346.144,2154.96,130.1157,Smoke,100,100,-69.01521,-124.7904,0,False,True,True,276.6797,1.757813
Edward,CounterTerrorist,2344.675,2149.868,130.4789,Smoke,100,100,-17.96368,-133.8673,0,False,True,True,276.6797,1.757813
Edward,CounterTerrorist,2344.987,2144.458,130.6207,Smoke,100,100,24.20719,-141.3652,0,False,True,True,276.6797,1.757813
Edward,CounterTerrorist,2346.77,2138.788,130.8434,Smoke,100,100,59.04221,-147.5588,0,False,True,True,276.6797,1.757813
Edward,CounterTerrorist,2349.611,2132.851,130.7798,Smoke,100,100,70.32823,-156.69,0,False,True,True,276.6797,1.757813
Edward,CounterTerrorist,2351.325,2126.447,130.6685,Smoke,100,100,27.30951,-168.479,0,False,True,True,276.6797,1.757813
Edward,CounterTerrorist,2351.538,2119.632,130.7567,Smoke,100,100,-8.225898,-178.2173,0,False,True,True,276.6797,1.757813
Edward,CounterTerrorist,2350.51,2112.477,131.0098,Smoke,100,100,-37.57974,-186.2615,0,False,True,True,276.6797,1.757813
Edward,CounterTerrorist,2348.46,2105.042,131.3989,Smoke,100,100,-61.82732,-192.9064,0,False,True,True,276.6797,1.757813
Edward,CounterTerrorist,2345.563,2097.374,131.9005,Smoke,100,100,-81.85693,-198.3954,0,False,True,True,276.6797,1.757813
Edward,CounterTerrorist,2342.848,2089.267,132.3863,Smoke,100,100,-61.77594,-213.2613,0,False,True,True,276.6797,1.757813
Edward,CounterTerrorist,2340.834,2080.642,132.7272,Smoke,100,100,-45.18816,-225.5412,0,False,True,True,276.6797,1.757813
Edward,CounterTerrorist,2339.398,2071.588,132.9109,Smoke,100,100,-31.48589,-235.685,0,False,True,True,276.6797,1.757813
Edward,CounterTerrorist,2338.44,2062.18,133.0334,Smoke,100,100,-20.1672,-244.0642,0,False,True,True,276.6797,1.757813
Edward,CounterTerrorist,2337.702,2052.646,133.1278,Smoke,100,100,-26.08418,-243.1124,0,False,True,True,276.6797,1.757813
Edward,CounterTerrorist,2336.071,2043.23,132.4565,Smoke,100,100,-51.80523,-239.4603,0,False,True,True,276.6797,1.757813
Edward,CounterTerrorist,2333.542,2034.004,131.8995,Smoke,100,100,-72.76482,-233.945,0,False,True,True,276.6797,1.757813
Edward,CounterTerrorist,2330.055,2025.483,131.5298,Smoke,100,100,-95.17265,-203.2807,0,False,True,True,276.6797,1.757813
Edward,CounterTerrorist,2326.735,2018.392,131.2747,Smoke,100,100,-78.61689,-167.919,0,False,True,True,276.6797,1.757813
Edward,CounterTerrorist,2323.852,2013.721,131.2413,Smoke,100,100,-70.78265,-89.33086,0,False,True,True,276.6797,1.757813
Edward,CounterTerrorist,2321.243,2011.792,131.4295,Smoke,100,100,-64.30971,-24.41265,0,False,True,True,276.6797,1.757813
Edward,CounterTerrorist,2318.902,2012.13,131.7707,Smoke,100,100,-56.95917,29.12843,0,False,True,True,276.6797,1.757813
Edward,CounterTerrorist,2316.807,2014.237,132.2265,Smoke,100,100,-51.04977,62.43636,0,False,True,True,276.6797,1.757813
Edward,CounterTerrorist,2315.029,2016.412,132.6455,Smoke,100,100,-41.95205,51.3094,0,False,True,True,276.6797,1.757813
Edward,CounterTerrorist,2314.067,2018.15,132.919,Smoke,100,100,-4.688374,35.52414,0,False,True,True,276.6797,1.757813
Edward,CounterTerrorist,2314.769,2018.494,132.8537,Smoke,100,100,30.26791,-6.581751,0,False,True,True,276.6797,1.757813
Edward,CounterTerrorist,2316.646,2017.63,132.5307,Smoke,100,100,61.62234,-26.59797,0,False,True,True,276.6797,1.757813
Edward,CounterTerrorist,2319.971,2016.848,132.0209,Smoke,100,100,100.009,-16.01557,0,False,True,True,276.6797,1.757813
Edward,CounterTerrorist,2323.377,2016.279,131.5181,Smoke,100,100,71.96745,-14.48886,0,False,True,True,276.6797,1.757813
Edward,CounterTerrorist,2324.63,2015.665,131.2994,Smoke,100,100,5.962963,-15.50175,0,False,True,True,276.6797,1.757813
Edward,CounterTerrorist,2323.719,2015.166,131.3796,Smoke,100,100,-39.93449,-12.46697,0,False,True,True,276.6797,1.757813
Edward,CounterTerrorist,2321.23,2014.617,131.6666,Smoke,100,100,-79.51974,-15.36856,0,False,True,True,276.6797,1.757813
Edward,CounterTerrorist,2317.632,2013.384,132.045,Smoke,100,100,-92.01594,-47.82519,0,False,True,True,276.6797,1.757813
Edward,CounterTerrorist,2314.563,2010.529,132.2021,Smoke,100,100,-70.16772,-88.88358,0,False,True,True,276.6797,1.757813
Edward,CounterTerrorist,2312.256,2006.242,132.1688,Smoke,100,100,-52.12014,-122.7997,0,False,True,True,276.6797,1.757813
Edward,CounterTerrorist,2310.578,2000.772,131.9373,Smoke,100,100,-37.21202,-150.8158,0,False,True,True,276.6797,1.757813
Edward,CounterTerrorist,2309.42,1994.324,131.5548,Smoke,100,100,-24.89725,-173.9584,0,False,True,True,276.6797,1.757813
Edward,CounterTerrorist,2308.692,1987.07,131.1001,Smoke,100,100,-14.72468,-193.0753,0,False,True,True,276.6797,1.757813
Edward,CounterTerrorist,2308.319,1979.148,130.5499,Smoke,100,100,-6.321687,-208.8667,0,False,True,True,276.6797,1.757813
Edward,CounterTerrorist,2307.878,1970.778,129.9747,Smoke,100,100,-22.19022,-215.4767,0,False,True,True,276.6797,1.757813
Edward,CounterTerrorist,2306.364,1962.323,129.5367,Smoke,100,100,-49.11489,-217.0395,0,False,True,True,276.6797,1.757813
Edward,CounterTerrorist,2303.911,1953.814,129.2201,Smoke,100,100,-71.3559,-218.3304,0,False,True,True,276.6797,1.757813
Edward,CounterTerrorist,2300.682,1945.26,129.2915,Smoke,100,100,-89.72797,-219.3967,0,False,True,True,276.6797,1.757813
Edward,CounterTerrorist,2296.812,1936.668,129.4989,Smoke,100,100,-104.9041,-220.2776,0,False,True,True,276.6797,1.757813
Edward,CounterTerrorist,2292.463,1928.144,129.749,Smoke,100,100,-115.0264,-216.3191,0,False,True,True,276.6797,1.757813
Edward,CounterTerrorist,2287.786,1919.795,130.0028,Smoke,100,100,-122.6379,-212.0965,0,False,True,True,276.6797,1.757813
Edward,CounterTerrorist,2282.869,1911.587,129.7469,Smoke,100,100,-128.2217,-208.7683,0,False,True,True,276.6797,1.757813
Edward,CounterTerrorist,2277.745,1903.504,129.4163,Smoke,100,100,-132.9679,-205.7779,0,False,True,True,276.6797,1.757813
Edward,CounterTerrorist,2272.463,1895.524,129.1015,Smoke,100,100,-136.5921,-203.3902,0,False,True,True,276.6797,1.757813
Edward,CounterTerrorist,2267.059,1887.625,128.5847,Smoke,100,100,-139.4265,-201.4578,0,False,True,True,276.6797,1.757813
Edward,CounterTerrorist,2261.558,1879.794,128.0538,Smoke,100,100,-141.6805,-199.8791,0,False,True,True,276.6797,1.757813
Edward,CounterTerrorist,2255.98,1872.017,127.6192,Smoke,100,100,-143.4929,-198.5819,0,False,True,True,276.6797,1.757813
Edward,CounterTerrorist,2250.339,1864.286,127.4548,Smoke,100,100,-144.9617,-197.5123,0,False,True,True,276.6797,1.757813
Edward,CounterTerrorist,2244.648,1856.592,127.2919,Smoke,100,100,-146.1581,-196.6286,0,False,True,True,276.6797,1.757813
Edward,CounterTerrorist,2238.689,1849.201,127.1128,Smoke,100,100,-161.4451,-178.6894,0,False,True,True,276.6797,1.757813
Edward,CounterTerrorist,2231.87,1842.828,126.8767,Smoke,100,100,-182.7387,-153.447,0,False,True,True,276.6797,1.757813
Edward,CounterTerrorist,2224.309,1837.335,126.6733,Smoke,100,100,-200.3282,-132.5957,0,False,True,True,276.6797,1.757813
Edward,CounterTerrorist,2216.135,1832.569,126.4968,Smoke,100,100,-214.8579,-115.3716,0,False,True,True,276.6797,1.757813
Edward,CounterTerrorist,2207.51,1828.431,126.3435,Smoke,100,100,-223.7917,-99.71097,0,False,True,True,276.6797,1.757813
Edward,CounterTerrorist,2198.632,1824.86,126.2113,Smoke,100,100,-229.3209,-86.23763,0,False,True,True,276.6797,1.757813
Edward,CounterTerrorist,2189.579,1821.758,126.0964,Smoke,100,100,-233.1871,-75.15845,0,False,True,True,276.6797,1.757813
Edward,CounterTerrorist,2180.404,1819.039,126.3799,Smoke,100,100,-235.9076,-66.12555,0,False,True,True,276.6797,1.757813
Edward,CounterTerrorist,2171.141,1816.633,127.0543,Smoke,100,100,-237.8387,-58.80265,0,False,True,True,276.6797,1.757813
Edward,CounterTerrorist,2161.817,1814.478,127.7134,Smoke,100,100,-239.2153,-52.92496,0,False,True,True,276.6797,1.757813
Edward,CounterTerrorist,2152.449,1812.521,127.9557,Smoke,100,100,-240.1794,-48.36192,0,False,True,True,276.6797,1.757813
Edward,CounterTerrorist,2143.108,1810.548,128.1019,Smoke,100,100,-235.9383,-59.23103,0,False,True,True,276.6797,1.757813
Edward,CounterTerrorist,2134.138,1807.544,128.3244,Smoke,100,100,-225.6804,-87.9735,0,False,True,True,276.6797,1.757813
Edward,CounterTerrorist,2125.526,1803.546,128.4881,Smoke,100,100,-217.207,-111.1524,0,False,True,True,276.6797,1.757813
Edward,CounterTerrorist,2117.249,1798.753,128.3996,Smoke,100,100,-207.9644,-129.5214,0,False,True,True,276.6797,1.757813
Edward,CounterTerrorist,2109.142,1793.67,128.6629,Smoke,100,100,-211.4915,-123.6785,0,False,True,True,276.6797,1.757813
Edward,CounterTerrorist,2100.653,1789.255,128.8622,Smoke,100,100,-220.7446,-106.2866,0,False,True,True,276.6797,1.757813
Edward,CounterTerrorist,2091.872,1785.454,130.4828,Smoke,100,100,-227.1958,-91.68996,0,False,True,True,276.6797,1.757813
Edward,CounterTerrorist,2082.887,1782.162,132.61,Smoke,100,100,-231.6988,-79.62819,0,False,True,True,276.6797,1.757813
Edward,CounterTerrorist,2073.821,1779.115,134.7561,Smoke,100,100,-229.5484,-84.57977,0,False,True,True,276.6797,1.757813
Edward,CounterTerrorist,2065.083,1775.23,136.8246,Smoke,100,100,-219.6419,-108.547,0,False,True,True,276.6797,1.757813
Edward,CounterTerrorist,2056.744,1770.54,138.3339,Smoke,100,100,-209.4362,-127.1279,0,False,True,True,276.6797,1.757813
Edward,CounterTerrorist,2048.788,1765.225,139.7095,Smoke,100,100,-199.9971,-141.5138,0,False,True,True,276.6797,1.757813
Edward,CounterTerrorist,2041.175,1759.428,141.0257,Smoke,100,100,-191.6504,-152.6274,0,False,True,True,276.6797,1.757813
Edward,CounterTerrorist,2033.86,1753.258,142.2903,Smoke,100,100,-184.4798,-161.221,0,False,True,True,276.6797,1.757813
Edward,CounterTerrorist,2026.238,1750.002,144.5412,Smoke,100,100,-201.7664,-2.471343,0,False,True,True,276.6797,1.757813
Edward,CounterTerrorist,2018.013,1750.002,147.0959,Smoke,100,100,-216.0459,0,0,False,True,True,276.6797,1.757813
Edward,CounterTerrorist,2009.291,1750.002,149.8052,Smoke,100,100,-227.8414,0,0,False,True,True,276.6797,1.757813
Edward,CounterTerrorist,2000.156,1750.002,152.6423,Smoke,100,100,-237.585,0,0,False,True,True,276.6797,1.757813
Edward,CounterTerrorist,1990.688,1750.002,154.9113,Smoke,100,100,-244.9968,0,0,False,True,True,276.6797,1.757813
Edward,CounterTerrorist,1981.117,1750.002,157.1929,Smoke,100,100,-244.9968,0,0,False,True,True,276.6797,1.757813
Edward,CounterTerrorist,1971.547,1750.002,159.4745,Smoke,100,100,-244.9968,0,0,False,True,True,276.6797,1.757813
Edward,CounterTerrorist,1961.977,1750.002,160.3204,Smoke,100,100,-244.9968,0,0,False,True,True,276.6797,1.757813
Edward,CounterTerrorist,1952.406,1750.002,160.3204,Smoke,100,100,-244.9968,0,0,False,True,True,276.6797,1.757813
Edward,CounterTerrorist,1942.836,1750.002,160.3204,Smoke,100,100,-244.9968,0,0,False,True,True,276.6797,1.757813
Edward,CounterTerrorist,1933.266,1750.002,160.1803,Smoke,100,100,-244.9968,0,0,False,True,True,276.6797,1.757813
Edward,CounterTerrorist,1923.812,1749.58,160.0313,Smoke,100,100,-237.6272,-25.4329,0,False,True,True,276.6797,1.757813
Edward,CounterTerrorist,1914.783,1747.755,160.0313,Smoke,100,100,-227.0755,-60.05471,0,False,True,True,276.6797,1.757813
Edward,CounterTerrorist,1906.123,1744.721,160.0313,Smoke,100,100,-218.3594,-88.65388,0,False,True,True,276.6797,1.757813
Edward,CounterTerrorist,1897.766,1740.691,160.0313,Smoke,100,100,-211.1594,-112.2781,0,False,True,True,276.6797,1.757813
Edward,CounterTerrorist,1889.661,1735.836,160.0313,Smoke,100,100,-205.212,-131.7927,0,False,True,True,276.6797,1.757813
Edward,CounterTerrorist,1881.825,1730.344,160.0313,Smoke,100,100,-197.0469,-145.5937,0,False,True,True,276.6797,1.757813
Edward,CounterTerrorist,1874.318,1724.41,160.0313,Smoke,100,100,-189.0966,-155.7802,0,False,True,True,276.6797,1.757813
Edward,CounterTerrorist,1867.409,1717.991,160.0313,Smoke,100,100,-162.432,-172.6832,0,False,True,True,276.6797,1.757813
Edward,CounterTerrorist,1861.884,1710.781,160.0313,Smoke,100,100,-128.3346,-192.0219,0,False,True,True,276.6797,1.757813
Edward,CounterTerrorist,1857.547,1702.896,160.0313,Smoke,100,100,-100.1686,-207.9965,0,False,True,True,276.6797,1.757813
Edward,CounterTerrorist,1854.194,1694.454,160.0313,Smoke,100,100,-76.90221,-221.1922,0,False,True,True,276.6797,1.757813
Edward,CounterTerrorist,1851.652,1685.552,160.0313,Smoke,100,100,-57.68312,-232.0925,0,False,True,True,276.6797,1.757813
Edward,CounterTerrorist,1849.597,1676.321,160.0313,Smoke,100,100,-57.30249,-236.7257,0,False,True,True,276.6797,1.757813
Edward,CounterTerrorist,1846.869,1667.158,160.0313,Smoke,100,100,-77.4355,-232.4408,0,False,True,True,276.6797,1.757813
Edward,CounterTerrorist,1843.466,1658.215,160.0313,Smoke,100,100,-93.0595,-226.6383,0,False,True,True,276.6797,1.757813
Edward,CounterTerrorist,1839.533,1649.491,160.0313,Smoke,100,100,-105.3615,-221.1876,0,False,True,True,276.6797,1.757813
Edward,CounterTerrorist,1835.184,1640.967,160.0313,Smoke,100,100,-115.0348,-216.3146,0,False,True,True,276.6797,1.757813
Edward,CounterTerrorist,1830.506,1632.618,160.0313,Smoke,100,100,-122.6446,-212.0927,0,False,True,True,276.6797,1.757813
Edward,CounterTerrorist,1826.109,1624.158,160.0313,Smoke,100,100,-101.6254,-221.6087,0,False,True,True,276.6797,1.757813
Edward,CounterTerrorist,1822.705,1615.243,160.0313,Smoke,100,100,-78.03915,-232.2389,0,False,True,True,276.6797,1.757813
Edward,CounterTerrorist,1820.143,1606.025,160.0313,Smoke,100,100,-57.76947,-238.0918,0,False,True,True,276.6797,1.757813
Edward,CounterTerrorist,1818.29,1596.638,160.0313,Smoke,100,100,-40.99976,-241.5451,0,False,True,True,276.6797,1.757813
Edward,CounterTerrorist,1817.018,1587.153,160.0313,Smoke,100,100,-27.30564,-243.4736,0,False,True,True,276.6797,1.757813
Edward,CounterTerrorist,1816.219,1577.617,160.0313,Smoke,100,100,-16.21407,-244.4629,0,False,True,True,276.6797,1.757813
Edward,CounterTerrorist,1815.801,1568.057,160.0313,Smoke,100,100,-7.27566,-244.892,0,False,True,True,276.6797,1.757813
Edward,CounterTerrorist,1815.692,1558.487,160.0313,Smoke,100,100,0.08779832,-245,0,False,True,True,277.3828,1.757813
Edward,CounterTerrorist,1815.865,1548.919,160.0313,Smoke,100,100,7.365668,-244.8893,0,False,True,True,279.1406,1.054688
Edward,CounterTerrorist,1816.314,1539.359,160.0313,Smoke,100,100,14.08316,-244.5949,0,False,True,True,279.4922,1.054688
Edward,CounterTerrorist,1816.993,1529.813,160.0313,Smoke,100,100,19.36658,-244.2334,0,False,True,True,279.4922,1.054688
Edward,CounterTerrorist,1817.848,1520.281,160.0313,Smoke,100,100,23.46602,-243.8736,0,False,True,True,279.4922,1.054688
Edward,CounterTerrorist,1818.843,1510.763,160.0313,Smoke,100,100,26.71401,-243.5392,0,False,True,True,279.4922,1.054688
Edward,CounterTerrorist,1819.95,1501.257,160.0313,Smoke,100,100,29.32251,-243.239,0,False,True,True,279.4922,1.40625
Edward,CounterTerrorist,1821.147,1491.762,160.0313,Smoke,100,100,31.49977,-242.9666,0,False,True,True,279.8438,1.40625
Edward,CounterTerrorist,1822.423,1482.277,160.0313,Smoke,100,100,33.39022,-242.714,0,False,True,True,279.8438,1.40625
Edward,CounterTerrorist,1823.767,1472.801,160.0313,Smoke,100,100,35.05567,-242.4791,0,False,True,True,280.1953,1.757813
Edward,CounterTerrorist,1825.171,1463.334,160.0313,Smoke,100,100,36.51043,-242.2643,0,False,True,True,280.1953,2.8125
Edward,CounterTerrorist,1826.041,1453.895,160.0313,Smoke,100,100,8.294871,-241.0814,0,False,True,True,279.8438,3.867188
Edward,CounterTerrorist,1825.644,1444.507,160.0313,Smoke,100,100,-21.73905,-239.8238,0,False,True,True,279.8438,5.976563
Edward,CounterTerrorist,1824.19,1435.17,160.0313,Smoke,100,100,-46.97807,-238.4792,0,False,True,True,278.7891,7.382813
Edward,CounterTerrorist,1821.845,1425.91,160.0313,Smoke,100,100,-68.08633,-235.3492,0,False,True,True,277.7344,8.4375
Edward,CounterTerrorist,1818.835,1416.826,160.0313,Smoke,100,100,-77.37615,-232.4606,0,False,True,True,277.3828,8.085938
Edward,CounterTerrorist,1816.311,1407.598,160.0313,Smoke,100,100,-56.6211,-238.3675,0,False,True,True,277.3828,8.085938
Edward,CounterTerrorist,1814.513,1398.2,160.0313,Smoke,100,100,-39.43784,-241.805,0,False,True,True,277.3828,8.085938
Edward,CounterTerrorist,1813.31,1388.707,160.0313,Smoke,100,100,-25.40235,-243.6796,0,False,True,True,277.3828,8.085938
Edward,CounterTerrorist,1812.592,1379.164,160.0313,Smoke,100,100,-14.03417,-244.5977,0,False,True,True,277.3828,8.085938
Edward,CounterTerrorist,1812.265,1369.6,160.0313,Smoke,100,100,-4.874012,-244.9515,0,False,True,True,277.3828,8.085938
Edward,CounterTerrorist,1812.252,1360.03,160.0313,Smoke,100,100,2.483939,-244.9874,0,False,True,True,277.3828,8.085938
Edward,CounterTerrorist,1812.488,1350.463,160.0313,Smoke,100,100,8.111738,-244.8657,0,False,True,True,277.0313,8.789063
Edward,CounterTerrorist,1812.884,1340.901,160.0313,Smoke,100,100,11.24133,-244.742,0,False,True,True,275.2734,9.84375
Edward,CounterTerrorist,1813.361,1331.343,160.0313,Smoke,100,100,12.62935,-244.6743,0,False,True,True,273.8672,11.25
Edward,CounterTerrorist,1813.87,1321.786,160.0313,Smoke,100,100,13.33448,-244.6369,0,False,True,True,274.2188,13.00781
Edward,CounterTerrorist,1814.442,1312.233,160.0313,Smoke,100,100,16.02769,-244.4752,0,False,True,True,278.4375,15.11719
Edward,CounterTerrorist,1815.214,1302.694,160.0313,Smoke,100,100,22.64293,-243.9514,0,False,True,True,283.0078,18.28125
Edward,CounterTerrorist,1816.206,1293.175,166.8163,Smoke,100,100,25.69411,-243.649,280.1184,False,True,True,283.7109,20.74219
Edward,CounterTerrorist,1816.965,1283.615,177.1481,Smoke,100,100,7.288358,-246.7583,248.8684,False,True,True,278.7891,22.85156
Edward,CounterTerrorist,1816.638,1273.914,186.2592,Smoke,100,100,-18.77015,-249.0433,217.6184,False,True,True,272.4609,24.60938
Edward,CounterTerrorist,1815.335,1264.185,194.1496,Smoke,100,100,-41.19933,-248.8244,186.3684,False,True,True,267.5391,26.36719
Edward,CounterTerrorist,1813.227,1254.508,200.8193,Smoke,100,100,-63.40625,-246.6353,155.1184,False,True,True,262.2656,28.47656
Edward,CounterTerrorist,1810.241,1244.964,206.2682,Smoke,100,100,-84.88864,-242.5636,123.8684,False,True,True,256.9922,30.23438
Edward,CounterTerrorist,1806.408,1235.635,210.4965,Smoke,100,100,-106.9929,-235.9173,92.61838,False,True,True,250.6641,31.64063
Edward,CounterTerrorist,1801.705,1226.633,213.5041,Smoke,100,100,-129.3632,-226.4141,61.36838,False,True,True,244.3359,33.04688
Edward,CounterTerrorist,1796.124,1218.065,215.291,Smoke,100,100,-151.8772,-214.3038,30.11838,False,True,True,239.7656,33.75
Edward,CounterTerrorist,1789.665,1210.032,215.8572,Smoke,100,100,-174.3029,-199.5401,-1.131622,False,True,True,234.8437,34.45313
Edward,CounterTerrorist,1782.347,1202.629,215.2027,Smoke,100,100,-195.6683,-182.6822,-32.38162,False,True,True,229.5703,34.80469
Edward,CounterTerrorist,1774.311,1195.856,213.3274,Smoke,100,100,-211.0848,-168.1673,-63.63162,False,True,True,225,34.80469
Edward,CounterTerrorist,1765.689,1189.697,210.2315,Smoke,100,100,-226.5737,-150.9419,-94.88162,False,True,True,220.0781,34.45313
Edward,CounterTerrorist,1756.542,1184.181,205.9149,Smoke,100,100,-239.4069,-134.1031,-126.1316,False,True,True,215.5078,33.75
Edward,CounterTerrorist,1746.873,1179.431,200.3775,Smoke,100,100,-253.3504,-111.9902,-157.3816,False,True,True,209.8828,33.04688
Edward,CounterTerrorist,1736.683,1175.624,193.6195,Smoke,100,100,-265.8295,-87.05577,-188.6316,False,True,True,204.2578,32.34375
Edward,CounterTerrorist,1726.072,1172.792,185.6407,Smoke,100,100,-275.2568,-62.53051,-219.8816,False,True,True,198.9844,31.28906
Edward,CounterTerrorist,1715.174,1170.83,176.4413,Smoke,100,100,-281.1159,-42.55412,-251.1316,False,True,True,194.7656,29.53125
Edward,CounterTerrorist,1704.108,1169.529,166.0211,Smoke,100,100,-284.3456,-28.44436,-282.3816,False,True,True,191.6016,27.42188
Edward,CounterTerrorist,1692.984,1168.5,154.3803,Smoke,100,100,-284.7979,-26.19701,-313.6316,False,True,True,191.6016,24.25781
Edward,CounterTerrorist,1681.86,1167.476,159.4338,Smoke,100,100,-284.7807,-26.19543,228.4022,False,True,True,194.4141,21.79688
Edward,CounterTerrorist,1670.736,1166.453,167.7454,Smoke,100,100,-284.7807,-26.19543,197.1522,False,True,True,199.3359,19.33594
Edward,CounterTerrorist,1659.612,1165.429,174.8363,Smoke,100,100,-284.7807,-26.19543,165.9022,False,True,True,204.2578,17.22656
Edward,CounterTerrorist,1648.487,1164.406,180.7066,Smoke,100,100,-284.7807,-26.19543,134.6522,False,True,True,208.4766,15.46875
Edward,CounterTerrorist,1637.363,1163.382,194.3561,Smoke,100,100,-284.7807,-26.19543,103.4022,False,True,True,212.3437,13.71094
Edward,CounterTerrorist,1626.239,1162.359,197.7849,Smoke,100,100,-284.7807,-26.19543,72.15219,False,True,True,216.5625,12.30469
Edward,CounterTerrorist,1615.115,1161.335,199.993,Smoke,100,100,-284.7807,-26.19543,40.90219,False,True,True,220.0781,10.89844
Edward,CounterTerrorist,1603.99,1160.312,200.9804,Smoke,100,100,-284.7807,-26.19543,9.652191,False,True,True,223.2422,9.84375
Edward,CounterTerrorist,1592.866,1159.288,200.7471,Smoke,100,100,-284.7807,-26.19543,-21.59781,False,True,True,227.4609,8.789063
Edward,CounterTerrorist,1581.742,1158.264,190.293,Smoke,100,100,-284.7807,-26.19543,-52.84781,False,True,True,230.9766,7.734375
Edward,CounterTerrorist,1570.617,1157.241,187.6183,Smoke,100,100,-284.7807,-26.19543,-84.09781,False,True,True,234.8437,6.679688
Edward,CounterTerrorist,1559.493,1156.217,183.7229,Smoke,100,100,-284.7807,-26.19543,-115.3478,False,True,True,239.0625,5.273438
Edward,CounterTerrorist,1549.186,1154.75,178.6068,Smoke,100,100,-232.1776,-54.49963,-146.5978,False,True,True,242.2266,3.867188
Edward,CounterTerrorist,1542.284,1151.56,172.27,Smoke,100,100,-138.8128,-99.41151,-177.8478,False,True,True,245.3906,2.8125
Edward,CounterTerrorist,1539.187,1146.673,164.7124,Smoke,100,100,-38.72996,-142.0482,-209.0978,False,True,True,247.5,2.460938
Edward,CounterTerrorist,1538.129,1140.94,155.9342,Smoke,100,100,-27.08178,-146.7664,-240.3478,False,True,True,248.5547,2.109375
Edward,CounterTerrorist,1537.313,1135.009,150.9841,Smoke,100,100,-11.80638,-159.2664,0,False,True,True,248.5547,2.109375
Edward,CounterTerrorist,1537.377,1128.357,150.357,Smoke,100,100,10.05132,-177.1692,0,False,True,True,248.5547,2.460938
Edward,CounterTerrorist,1538.839,1121.737,149.6572,Smoke,100,100,54.51618,-164.6969,0,False,True,True,248.2031,2.460938
Edward,CounterTerrorist,1541.849,1115.546,148.9137,Smoke,100,100,91.14085,-154.657,0,False,True,True,247.8516,2.8125
Edward,CounterTerrorist,1544.641,1110.309,149.1881,Smoke,100,100,46.28562,-115.9157,0,False,True,True,247.8516,2.8125
Edward,CounterTerrorist,1545.15,1106.719,149.4546,Smoke,100,100,-7.774538,-76.89678,0,False,True,True,247.5,2.8125
Edward,CounterTerrorist,1543.858,1104.474,149.6212,Smoke,100,100,-41.99517,-47.84682,0,False,True,True,247.5,2.8125
Edward,CounterTerrorist,1542.435,1102.853,149.7415,Smoke,100,100,-32.7188,-37.27786,0,False,True,True,246.7969,2.460938
Edward,CounterTerrorist,1541.375,1101.644,149.8157,Smoke,100,100,-23.44242,-26.7089,0,False,True,True,246.4453,2.460938
Edward,CounterTerrorist,1540.676,1100.849,149.8902,Smoke,100,100,-14.16604,-16.13995,0,False,True,True,245.7422,2.460938
Edward,CounterTerrorist,1540.34,1100.466,149.9109,Smoke,100,100,-4.889666,-5.570996,0,False,True,True,245.3906,2.109375
Edward,CounterTerrorist,1540.307,1100.428,149.9109,Smoke,100,100,0,0,0,False,True,True,245.3906,2.109375
Edward,CounterTerrorist,1540.307,1100.428,149.9109,Smoke,100,100,0,0,0,False,True,True,245.3906,2.109375
Edward,CounterTerrorist,1540.307,1100.428,149.9109,Smoke,100,100,0,0,0,False,True,True,245.3906,2.109375
Edward,CounterTerrorist,1540.307,1100.428,149.9109,Smoke,100,100,0,0,0,False,True,True,245.0391,2.109375
Edward,CounterTerrorist,1540.307,1100.428,149.9109,Smoke,100,100,0,0,0,False,True,True,245.0391,2.109375
Edward,CounterTerrorist,1540.307,1100.428,149.9109,Smoke,100,100,0,0,0,False,True,True,245.0391,2.109375
Edward,CounterTerrorist,1540.307,1100.428,149.9109,Smoke,100,100,0,0,0,False,True,True,245.0391,2.109375
Edward,CounterTerrorist,1540.307,1100.428,149.9109,Smoke,100,100,0,0,0,False,True,True,245.0391,2.109375
Edward,CounterTerrorist,1539.351,1100.385,149.9109,M4A1,100,100,-38.06121,-7.437533,0,False,True,True,245.0391,2.109375
Edward,CounterTerrorist,1537.102,1099.77,149.9703,M4A1,100,100,-70.59696,-21.08171,0,False,True,True,245.3906,2.109375
Edward,CounterTerrorist,1533.612,1098.655,150.053,M4A1,100,100,-101.1152,-33.20997,0,False,True,True,245.3906,2.109375
Edward,CounterTerrorist,1529.055,1097.117,150.1672,M4A1,100,100,-126.3655,-43.24063,0,False,True,True,245.3906,2.109375
Edward,CounterTerrorist,1523.618,1095.228,150.3073,M4A1,100,100,-147.2143,-51.55077,0,False,True,True,245.3906,1.757813
Edward,CounterTerrorist,1517.407,1093.032,150.3732,Knife,100,100,-167.387,-59.54634,0,False,True,True,245.3906,1.757813
Edward,CounterTerrorist,1510.425,1090.531,150.297,Knife,100,100,-185.8352,-66.84309,0,False,True,True,245.3906,1.757813
Edward,CounterTerrorist,1503.436,1087.09,150.2793,Knife,100,100,-174.5964,-101.3621,0,False,True,True,245.3906,1.757813
Edward,CounterTerrorist,1497.181,1083.194,150.4483,Knife,100,100,-148.1194,-92.27032,0,False,True,True,245.3906,1.757813
Edward,CounterTerrorist,1492.014,1079.975,150.7173,Knife,100,100,-122.3533,-76.21943,0,False,True,True,245.3906,1.757813
Edward,CounterTerrorist,1487.559,1076.907,150.9979,M4A1,100,100,-112.8691,-88.83474,0,False,True,True,245.3906,1.757813
Edward,CounterTerrorist,1483.167,1072.81,151.2496,M4A1,100,100,-112.1821,-114.9282,0,False,True,True,245.3906,1.757813
Edward,CounterTerrorist,1479.106,1068.477,151.4696,M4A1,100,100,-96.17288,-102.6225,0,False,True,True,245.3906,1.757813
Edward,CounterTerrorist,1475.751,1064.897,151.6512,M4A1,100,100,-79.44312,-84.77077,0,False,True,True,245.3906,1.757813
Edward,CounterTerrorist,1473.017,1061.254,151.8649,M4A1,100,100,-59.31354,-104.6499,0,False,True,True,245.3906,1.757813
Edward,CounterTerrorist,1471.319,1056.629,152.0241,M4A1,100,100,-33.56508,-127.0452,0,False,True,True,245.3906,1.757813
Edward,CounterTerrorist,1470.532,1051.169,151.9193,M4A1,100,100,-11.74595,-147.7206,0,False,True,True,245.3906,2.109375
Edward,CounterTerrorist,1470.506,1044.988,151.9628,M4A1,100,100,6.277632,-164.7995,0,False,True,True,245.3906,2.109375
Edward,CounterTerrorist,1471.109,1038.212,152.1288,M4A1,100,100,21.16592,-178.9074,0,False,True,True,245.3906,2.109375
Edward,CounterTerrorist,1472.232,1030.943,152.396,M4A1,100,100,33.46432,-190.5612,0,False,True,True,245.3906,2.109375
Edward,CounterTerrorist,1473.783,1023.267,152.7469,M4A1,100,100,43.62334,-200.1878,0,False,True,True,245.3906,2.109375
Edward,CounterTerrorist,1475.63,1015.259,153.1558,M4A1,100,100,44.48574,-207.8748,0,False,True,True,245.3906,2.109375
Edward,CounterTerrorist,1476.727,1007.009,153.418,M4A1,100,100,17.80005,-213.2607,0,False,True,True,245.3906,2.109375
Edward,CounterTerrorist,1476.892,998.5716,153.449,M4A1,100,100,-4.243534,-217.7097,0,False,True,True,245.3906,2.109375
Edward,CounterTerrorist,1477.128,989.9495,153.4933,M4A1,100,100,12.47496,-222.6136,0,False,True,True,245.3906,2.109375
Edward,CounterTerrorist,1477.923,981.205,155.9184,M4A1,100,100,23.51761,-223.7676,292.6184,False,True,True,245.3906,2.109375
Edward,CounterTerrorist,1478.842,972.4642,166.7385,M4A1,100,100,23.51761,-223.7676,261.3684,False,True,True,245.3906,2.109375
Edward,CounterTerrorist,1479.76,963.7233,185.3379,M4A1,100,100,23.51761,-223.7676,230.1184,False,True,True,245.0391,2.460938
Edward,CounterTerrorist,1480.679,954.9825,193.7166,M4A1,100,100,23.51761,-223.7676,198.8684,False,True,True,244.6875,2.8125
Edward,CounterTerrorist,1481.597,946.2416,200.8745,M4A1,100,100,23.51761,-223.7676,167.6184,False,True,True,244.3359,3.164063
Edward,CounterTerrorist,1482.516,937.5008,206.8118,M4A1,100,100,23.51761,-223.7676,136.3684,False,True,True,243.9844,3.515625
Edward,CounterTerrorist,1483.434,928.7599,211.5284,M4A1,100,100,23.51761,-223.7676,105.1184,False,True,True,243.6328,3.867188
Edward,CounterTerrorist,1484.353,920.0191,206.0242,M4A1,100,100,23.51761,-223.7676,73.86838,False,True,True,243.2813,3.867188
Edward,CounterTerrorist,1485.272,911.2783,208.2994,M4A1,100,100,23.51761,-223.7676,42.61838,False,True,True,242.5781,4.21875
Edward,CounterTerrorist,1486.19,902.5374,209.3539,M4A1,100,100,23.51761,-223.7676,11.36838,False,True,True,242.2266,4.21875
Edward,CounterTerrorist,1487.109,893.7966,209.1876,M4A1,100,100,23.51761,-223.7676,-19.88162,False,True,True,241.5234,4.570313
Edward,CounterTerrorist,1488.027,885.0557,207.8007,M4A1,100,100,23.51761,-223.7676,-51.13162,False,True,True,240.1172,4.570313
Edward,CounterTerrorist,1488.946,876.3149,205.193,M4A1,100,100,23.51761,-223.7676,-82.38162,False,True,True,239.0625,4.570313
Edward,CounterTerrorist,1489.865,867.574,201.3647,M4A1,100,100,23.51761,-223.7676,-113.6316,False,True,True,238.0078,4.570313
Edward,CounterTerrorist,1490.783,858.8332,196.3156,HE,100,100,23.51761,-223.7676,-144.8816,False,True,True,236.6016,4.570313
Edward,CounterTerrorist,1491.702,850.0923,190.0458,HE,100,100,23.51761,-223.7676,-176.1316,False,True,True,234.4922,4.21875
Edward,CounterTerrorist,1492.62,841.3515,182.5554,HE,100,100,23.51761,-223.7676,-207.3816,False,True,True,233.0859,3.867188
Edward,CounterTerrorist,1493.539,832.6107,173.8442,HE,100,100,23.51761,-223.7676,-238.6316,False,True,True,232.0313,3.867188
Edward,CounterTerrorist,1494.457,823.8698,163.9123,HE,100,100,23.51761,-223.7676,-269.8816,False,True,True,231.3281,3.515625
Edward,CounterTerrorist,1494.452,815.0348,152.7598,HE,100,100,-9.002625,-227.0681,-301.1316,False,True,True,230.2734,3.515625
Edward,CounterTerrorist,1493.962,806.5896,142.4188,HE,100,100,-17.88529,-171.9688,0,False,True,True,229.2188,3.164063
Edward,CounterTerrorist,1492.146,800.5054,141.8659,HE,100,100,-64.36908,-145.6072,0,False,True,True,229.2188,3.164063
Edward,CounterTerrorist,1488.985,794.7892,141.2421,HE,100,100,-88.88832,-151.5551,0,False,True,True,229.2188,3.164063
Edward,CounterTerrorist,1485.102,788.5997,140.4836,HE,100,100,-105.9916,-162.7647,0,False,True,True,229.2188,3.164063
Edward,CounterTerrorist,1481.405,782.9221,139.7794,HE,100,100,-87.55379,-134.451,0,False,True,True,229.2188,3.164063
Edward,CounterTerrorist,1478.721,777.9114,139.1941,HE,100,100,-48.9238,-131.3436,0,False,True,True,229.2188,3.164063
Edward,CounterTerrorist,1477.748,772.4622,138.6792,HE,100,100,-17.23774,-148.2663,0,False,True,True,229.2188,3.164063
Edward,CounterTerrorist,1477.232,766.0984,138.1166,HE,100,100,-10.69828,-172.0706,0,False,True,True,229.2188,3.164063
Edward,CounterTerrorist,1476.944,758.9044,137.4991,HE,100,100,-5.29639,-191.734,0,False,True,True,229.2188,3.164063
Edward,CounterTerrorist,1476.841,751.0242,136.836,HE,100,100,-1.160948,-207.9975,0,False,True,True,227.8125,2.8125
Edward,CounterTerrorist,1476.841,742.5746,136.1319,HE,100,100,0.4572552,-221.5144,0,False,True,True,225.7031,2.8125
Edward,CounterTerrorist,1476.841,733.653,135.3884,HE,100,100,-0.7820728,-232.6797,0,False,True,True,222.1875,2.460938
Edward,CounterTerrorist,1476.717,724.3458,134.549,HE,100,100,-5.107107,-241.718,0,False,True,True,218.6719,2.460938
Edward,CounterTerrorist,1476.376,714.7954,133.6564,HE,100,100,-11.34702,-244.7371,0,False,True,True,215.1563,2.109375
Edward,CounterTerrorist,1476.645,705.2656,132.8207,HE,100,100,17.97844,-243.6809,0,False,True,True,212.3437,2.109375
Edward,CounterTerrorist,1477.877,695.7798,132.329,HE,100,100,39.58672,-241.7807,0,False,True,True,209.1797,2.109375
Edward,CounterTerrorist,1479.79,686.4041,131.8778,HE,100,100,54.41991,-238.8796,0,False,True,True,206.0156,1.757813
Edward,CounterTerrorist,1482.153,677.1307,131.455,HE,100,100,63.93585,-236.5105,0,False,True,True,203.2031,1.757813
Edward,CounterTerrorist,1484.341,669.0289,131.0753,HE,100,100,44.79342,-173.8122,0,False,True,True,200.7422,1.757813
Edward,CounterTerrorist,1485.5,664.0908,130.7297,HE,100,100,20.44168,-96.69557,0,False,True,True,198.6328,1.757813
Edward,CounterTerrorist,1485.839,661.877,130.556,HE,100,100,1.365605,-30.6168,0,False,True,True,197.5781,1.757813
Edward,CounterTerrorist,1485.611,662.0689,130.5503,HE,100,100,-9.252945,23.37029,0,False,True,True,196.875,1.757813
Edward,CounterTerrorist,1484.997,663.8738,130.6568,HE,100,100,-20.17419,61.38726,0,False,True,True,196.875,1.757813
Edward,CounterTerrorist,1483.949,667.1421,130.8564,HE,100,100,-31.05097,97.86837,0,False,True,True,196.875,1.757813
Edward,CounterTerrorist,1483.104,669.777,131.0172,HE,100,100,-13.56151,41.28948,0,False,True,True,196.875,1.757813
Edward,CounterTerrorist,1483.041,669.9215,131.0242,HE,100,100,5.360868,-17.71451,0,False,True,True,196.875,1.757813
Edward,CounterTerrorist,1483.516,668.3419,130.9245,HE,100,100,16.62777,-55.60601,0,False,True,True,196.1719,1.40625
Edward,CounterTerrorist,1484.044,665.33,130.6951,HE,100,100,3.590934,-90.1139,0,False,True,True,195.4688,1.054688
Edward,CounterTerrorist,1483.574,661.1503,130.2514,HE,100,100,-21.86622,-117.5148,0,False,True,True,194.7656,0.703125
Edward,CounterTerrorist,1481.832,656.5205,129.6326,HE,100,100,-62.05882,-114.7629,0,False,True,True,193.711,0.3515625
Edward,CounterTerrorist,1478.503,652.2472,128.8823,HE,100,100,-99.7316,-105.8913,0,False,True,True,192.3047,359.6484
Edward,CounterTerrorist,1473.855,648.3068,128.026,HE,100,100,-131.0647,-97.58373,0,False,True,True,191.25,358.9453
Edward,CounterTerrorist,1468.109,644.6819,127.0851,HE,100,100,-157.1559,-89.65968,0,False,True,True,190.1953,357.8906
Edward,CounterTerrorist,1461.449,641.3535,126.077,HE,100,100,-178.8475,-82.33009,0,False,True,True,189.1406,356.8359
Edward,CounterTerrorist,1454.03,638.294,125.065,HE,100,100,-196.8493,-75.76524,0,False,True,True,188.789,356.1328
Edward,CounterTerrorist,1445.983,635.4697,124.027,HE,100,100,-211.7517,-70.13718,0,False,True,True,188.789,354.375
Edward,CounterTerrorist,1437.416,632.8394,122.9576,HE,100,100,-224.0333,-65.66888,0,False,True,True,189.1406,352.6172
Edward,CounterTerrorist,1428.424,630.3438,121.8602,HE,100,100,-234.0312,-62.86147,0,False,True,True,190.1953,351.2109
Edward,CounterTerrorist,1419.166,627.9535,120.7472,HE,100,100,-237.5567,-59.93173,0,False,True,True,190.5469,349.8047
Edward,CounterTerrorist,1409.942,625.6859,119.6491,HE,100,100,-229.1307,-55.73747,0,False,True,True,190.8984,349.8047
Edward,CounterTerrorist,1401.902,623.9854,119.6488,HE,100,100,-193.247,-25.38504,0,False,True,True,190.8984,349.8047
Edward,CounterTerrorist,1394.936,624.2734,119.9857,HE,100,100,-169.0258,27.85727,0,False,True,True,190.8984,349.8047
Edward,CounterTerrorist,1388.877,626.4058,120.3937,HE,100,100,-140.9821,70.18706,0,False,True,True,190.8984,350.1563
Edward,CounterTerrorist,1384.628,629.8441,120.7986,HE,100,100,-88.64529,99.19373,0,False,True,True,191.25,350.5078
Edward,CounterTerrorist,1382.197,634.3,121.1823,HE,100,100,-45.8297,123.4324,0,False,True,True,191.9531,351.2109
Edward,CounterTerrorist,1381.207,639.5563,121.5489,M4A1,100,100,-12.92096,141.1064,0,False,True,True,193.0078,352.2656
Edward,CounterTerrorist,1381.329,645.4147,121.9013,M4A1,100,100,13.01916,155.5951,0,False,True,True,194.0625,353.6719
Edward,CounterTerrorist,1382.334,651.7911,122.2449,M4A1,100,100,33.57018,168.0822,0,False,True,True,195.4688,354.7266
Edward,CounterTerrorist,1384.035,658.6156,122.584,M4A1,100,100,49.61384,178.9203,0,False,True,True,196.875,355.4297
Edward,CounterTerrorist,1386.268,665.8322,122.9227,M4A1,100,100,61.68557,188.4941,0,False,True,True,198.9844,356.4844
Edward,CounterTerrorist,1388.91,673.4703,123.5032,USP,100,100,71.02103,200.0812,0,False,True,True,201.7969,357.8906
Edward,CounterTerrorist,1391.818,681.5375,124.3809,USP,100,100,76.21277,210.7053,0,False,True,True,205.3125,358.2422
Edward,CounterTerrorist,1394.821,690.006,125.3013,USP,100,100,76.64738,220.7778,0,False,True,True,210.9375,358.5938
Edward,CounterTerrorist,1397.724,698.8444,126.258,USP,100,100,71.80527,229.0066,0,False,True,True,216.9141,358.9453
Edward,CounterTerrorist,1400.29,707.8604,127.2469,USP,100,100,61.27242,232.0467,0,False,True,True,222.8906,359.2969
Edward,CounterTerrorist,1402.397,716.9944,128.3613,USP,100,100,48.85369,234.9751,0,False,True,True,227.1094,359.6484
Edward,CounterTerrorist,1403.993,726.2314,129.4436,USP,100,100,35.4229,237.3715,0,False,True,True,231.3281,0
Edward,CounterTerrorist,1405.052,735.545,130.4891,USP,100,100,21.5536,239.0302,0,False,True,True,234.8437,0.703125
Edward,CounterTerrorist,1405.555,744.9052,131.493,USP,100,100,6.928835,239.9,0,False,True,True,239.4141,1.757813
Edward,CounterTerrorist,1405.705,754.2789,140.6372,USP,100,100,3.849687,239.9691,273.8684,False,True,True,244.6875,2.8125
Edward,CounterTerrorist,1405.855,763.6527,159.7249,USP,100,100,3.849687,239.9691,242.6184,False,True,True,247.8516,3.867188
Edward,CounterTerrorist,1406.005,773.0265,168.5919,USP,100,100,3.849687,239.9691,211.3684,False,True,True,247.8516,4.21875
Edward,CounterTerrorist,1406.156,782.4003,176.2381,USP,100,100,3.849687,239.9691,180.1184,False,True,True,247.8516,4.21875
Edward,CounterTerrorist,1406.306,791.774,182.6637,USP,100,100,3.849687,239.9691,148.8684,False,True,True,247.8516,4.21875
Edward,CounterTerrorist,1406.456,801.1478,187.8685,USP,100,100,3.849687,239.9691,117.6184,False,True,True,247.8516,4.21875
Edward,CounterTerrorist,1406.606,810.5216,191.8527,M4A1,100,100,3.849687,239.9691,86.36838,False,True,True,247.8516,4.21875
Edward,CounterTerrorist,1406.756,819.8954,194.6161,M4A1,100,100,3.849687,239.9691,55.11838,False,True,True,247.8516,4.21875
Edward,CounterTerrorist,1406.906,829.2692,196.1588,M4A1,100,100,3.849687,239.9691,23.86838,False,True,True,247.8516,4.21875
Edward,CounterTerrorist,1407.056,838.6429,187.4809,M4A1,100,100,3.849687,239.9691,-7.381622,False,True,True,247.8516,4.21875
Edward,CounterTerrorist,1407.207,848.0167,186.5822,M4A1,100,100,3.849687,239.9691,-38.63162,False,True,True,247.8516,4.21875
Edward,CounterTerrorist,1407.357,857.3905,184.4628,M4A1,100,100,3.849687,239.9691,-69.88162,False,True,True,247.8516,3.867188
Edward,CounterTerrorist,1407.507,866.7643,181.1228,M4A1,100,100,3.849687,239.9691,-101.1316,False,True,True,247.8516,3.867188
Edward,CounterTerrorist,1407.657,876.1381,176.562,M4A1,100,100,3.849687,239.9691,-132.3816,False,True,True,247.8516,3.867188
Edward,CounterTerrorist,1407.807,885.5118,170.7805,M4A1,100,100,3.849687,239.9691,-163.6316,False,True,True,247.8516,3.867188
Edward,CounterTerrorist,1407.957,894.8856,163.7783,M4A1,100,100,3.849687,239.9691,-194.8816,False,True,True,248.2031,4.21875
Edward,CounterTerrorist,1408.107,904.2594,155.5555,M4A1,100,100,3.849687,239.9691,-226.1316,False,True,True,248.5547,4.21875
Edward,CounterTerrorist,1408.249,913.1119,146.302,M4A1,100,100,2.77939,173.2525,0,False,True,True,249.2578,4.570313
Edward,CounterTerrorist,1408.587,920.0027,152.5559,M4A1,100,100,9.275336,176.7536,249.1285,False,True,True,249.9609,4.921875
Edward,CounterTerrorist,1408.95,926.907,161.6771,M4A1,100,100,9.275336,176.7536,217.8785,False,True,True,250.6641,5.273438
Edward,CounterTerrorist,1409.312,933.8113,169.5777,M4A1,100,100,9.275336,176.7536,186.6285,False,True,True,251.7188,5.625
Edward,CounterTerrorist,1409.675,940.7156,185.2575,M4A1,100,100,9.275336,176.7536,155.3785,False,True,True,252.4219,5.976563
Edward,CounterTerrorist,1410.037,947.6199,190.7167,M4A1,100,100,9.275336,176.7536,124.1285,False,True,True,253.125,5.976563
Edward,CounterTerrorist,1410.4,954.5242,194.9551,M4A1,100,100,9.275336,176.7536,92.87848,False,True,True,253.8281,6.328125
Edward,CounterTerrorist,1410.762,961.4285,197.9728,M4A1,100,100,9.275336,176.7536,61.62848,False,True,True,254.1797,6.328125
Edward,CounterTerrorist,1411.125,968.3328,199.7699,M4A1,100,100,9.275336,176.7536,30.37848,False,True,True,254.5313,6.328125
Edward,CounterTerrorist,1411.487,975.2371,200.3462,M4A1,100,100,9.275336,176.7536,-0.871521,False,True,True,254.5313,6.328125
Edward,CounterTerrorist,1411.85,982.1414,190.7018,M4A1,100,100,9.275336,176.7536,-32.12152,False,True,True,254.8828,6.328125
Edward,CounterTerrorist,1412.213,989.0457,188.8367,M4A1,100,100,9.275336,176.7536,-63.37152,False,True,True,254.8828,6.328125
Edward,CounterTerrorist,1412.575,995.95,185.7509,M4A1,100,100,9.275336,176.7536,-94.62152,False,True,True,254.8828,6.328125
Edward,CounterTerrorist,1412.938,1002.854,181.4444,M4A1,100,100,9.275336,176.7536,-125.8715,False,True,True,254.8828,6.328125
Edward,CounterTerrorist,1414.725,1009.372,175.9173,M4A1,100,100,74.3046,159.0879,-157.1215,False,True,True,254.8828,6.328125
Edward,CounterTerrorist,1417.627,1015.586,169.1694,M4A1,100,100,74.3046,159.0879,-188.3715,False,True,True,254.8828,6.328125
Edward,CounterTerrorist,1420.53,1021.8,161.2008,M4A1,100,100,74.3046,159.0879,-219.6215,False,True,True,254.8828,6.328125
Edward,CounterTerrorist,1423.432,1028.015,152.0115,M4A1,100,100,74.3046,159.0879,0,False,True,True,254.8828,6.328125
Edward,CounterTerrorist,1427.061,1033.449,151.3915,M4A1,100,100,103.5659,134.1086,0,False,True,True,254.8828,6.328125
Edward,CounterTerrorist,1431.288,1038.682,159.4815,M4A1,100,100,108.2241,133.9719,247.1202,False,True,True,254.8828,6.328125
Edward,CounterTerrorist,1435.515,1043.915,168.5243,M4A1,100,100,108.2241,133.9719,215.8702,False,True,True,254.8828,6.328125
Edward,CounterTerrorist,1439.743,1049.149,185.3464,M4A1,100,100,108.2241,133.9719,184.6202,False,True,True,254.8828,6.328125
Edward,CounterTerrorist,1443.97,1054.382,191.9478,M4A1,100,100,108.2241,133.9719,153.3702,False,True,True,254.8828,6.328125
Edward,CounterTerrorist,1448.197,1059.615,197.3285,M4A1,100,100,108.2241,133.9719,122.1202,False,True,True,254.8828,6.328125
Edward,CounterTerrorist,1452.424,1064.848,201.4885,M4A1,100,100,108.2241,133.9719,90.87018,False,True,True,254.8828,6.328125
Edward,CounterTerrorist,1456.652,1070.081,204.4278,M4A1,100,100,108.2241,133.9719,59.62018,False,True,True,254.8828,6.328125
Edward,CounterTerrorist,1460.879,1075.314,206.1464,M4A1,100,100,108.2241,133.9719,28.37018,False,True,True,254.8828,6.328125
Edward,CounterTerrorist,1465.106,1080.547,206.6443,M4A1,100,100,108.2241,133.9719,-2.879822,False,True,True,254.8828,6.328125
Edward,CounterTerrorist,1469.334,1085.781,205.9215,M4A1,100,100,108.2241,133.9719,-34.12982,False,True,True,254.5313,6.328125
Edward,CounterTerrorist,1473.561,1091.014,203.978,M4A1,100,100,108.2241,133.9719,-65.37982,False,True,True,254.5313,5.976563
Edward,CounterTerrorist,1477.788,1096.247,200.8138,M4A1,100,100,108.2241,133.9719,-96.62982,False,True,True,254.5313,5.976563
Edward,CounterTerrorist,1482.016,1101.48,187.4289,M4A1,100,100,108.2241,133.9719,-127.8798,False,True,True,254.5313,5.976563
Edward,CounterTerrorist,1486.243,1106.713,181.8233,M4A1,100,100,108.2241,133.9719,-159.1298,False,True,True,254.5313,5.976563
Edward,CounterTerrorist,1490.47,1111.946,174.9969,M4A1,100,100,108.2241,133.9719,-190.3798,False,True,True,254.5313,5.976563
Edward,CounterTerrorist,1494.697,1117.18,166.9499,M4A1,100,100,108.2241,133.9719,-221.6298,False,True,True,254.5313,5.625
Edward,CounterTerrorist,1498.925,1122.413,157.6822,M4A1,100,100,108.2241,133.9719,-252.8798,False,True,True,254.5313,5.625
Edward,CounterTerrorist,1503.4,1127.296,152.4324,M4A1,100,100,123.9023,111.8557,0,False,True,True,254.5313,5.625
Edward,CounterTerrorist,1508.78,1130.904,152.3698,M4A1,100,100,146.35,80.19022,0,False,True,True,254.5313,5.625
Edward,CounterTerrorist,1514.942,1133.407,152.1642,M4A1,100,100,164.8759,53.9722,0,False,True,True,254.1797,5.625
Edward,CounterTerrorist,1520.963,1135.214,151.9111,M4A1,100,100,134.8735,45.03829,0,False,True,True,253.8281,5.625
Edward,CounterTerrorist,1524.616,1137.102,151.8574,M4A1,100,100,67.72266,50.48351,0,False,True,True,252.7734,5.625
Edward,CounterTerrorist,1525.923,1139.179,151.992,M4A1,100,100,11.81348,54.41209,0,False,True,True,252.0703,5.273438
Edward,CounterTerrorist,1525.292,1141.337,152.2285,M4A1,100,100,-33.33897,55.99661,0,False,True,True,252.0703,5.273438
Edward,CounterTerrorist,1524.24,1143.224,152.4624,M4A1,100,100,-7.39607,37.87617,0,False,True,True,251.7188,5.273438
Edward,CounterTerrorist,1524.985,1144.046,152.4991,M4A1,100,100,34.15555,11.00649,0,False,True,True,251.7188,5.273438
Edward,CounterTerrorist,1527.092,1144.062,152.3865,M4A1,100,100,67.01616,-5.857474,0,False,True,True,251.7188,5.273438
Edward,CounterTerrorist,1530.17,1143.608,152.1771,M4A1,100,100,70.73957,-10.01483,0,False,True,True,251.3672,4.921875
Edward,CounterTerrorist,1531.514,1143.616,152.1047,M4A1,100,100,10.23165,6.41749,0,False,True,True,250.6641,4.921875
Edward,CounterTerrorist,1530.857,1144.035,152.1799,M4A1,100,100,-30.91535,14.26886,0,False,True,True,249.9609,4.921875
Edward,CounterTerrorist,1529.012,1144.803,152.3519,M4A1,100,100,-45.72889,18.86473,0,False,True,True,249.9609,4.921875
Edward,CounterTerrorist,1528.579,1145.014,152.3934,M4A1,100,100,9.242659,-3.387132,0,False,True,True,249.9609,4.921875
Edward,CounterTerrorist,1529.714,1144.598,152.2947,M4A1,100,100,42.25216,-15.48403,0,False,True,True,249.9609,4.921875
Edward,CounterTerrorist,1532.138,1143.71,152.0801,M4A1,100,100,75.26166,-27.58093,0,False,True,True,249.9609,4.921875
Edward,CounterTerrorist,1535.157,1142.604,151.8128,M4A1,100,100,60.20448,-22.06297,0,False,True,True,249.9609,4.921875
Edward,CounterTerrorist,1536.11,1142.254,151.7285,M4A1,100,100,0,0,0,False,True,True,249.9609,4.921875
Edward,CounterTerrorist,1535.233,1142.576,151.8061,M4A1,100,100,-35.65025,13.06465,0,False,True,True,249.9609,4.921875
Edward,CounterTerrorist,1533.067,1143.369,151.9978,M4A1,100,100,-68.65976,25.16155,0,False,True,True,249.9609,4.921875
Edward,CounterTerrorist,1530.558,1144.289,152.22,M4A1,100,100,-45.95603,16.84138,0,False,True,True,249.9609,4.921875
Edward,CounterTerrorist,1530.122,1144.449,152.2585,M4A1,100,100,9.242659,-3.387132,0,False,True,True,249.9609,4.921875
Edward,CounterTerrorist,1531.257,1144.033,152.1581,M4A1,100,100,42.25216,-15.48403,0,False,True,True,249.9609,4.921875
Edward,CounterTerrorist,1533.641,1143.159,151.9471,Flash,100,100,67.66214,-24.79596,0,False,True,True,249.9609,4.921875
Edward,CounterTerrorist,1535.974,1142.304,151.7405,Flash,100,100,54.45834,-19.9572,0,False,True,True,249.9609,4.921875
Edward,CounterTerrorist,1537.792,1141.638,151.5796,Flash,100,100,41.25455,-15.11844,0,False,True,True,249.9609,4.921875
Edward,CounterTerrorist,1539.094,1141.161,151.4643,Flash,100,100,28.05075,-10.27968,0,False,True,True,249.9609,4.921875
Edward,CounterTerrorist,1539.88,1140.872,151.3947,Flash,100,100,14.84695,-5.44092,0,False,True,True,249.9609,4.921875
Edward,CounterTerrorist,1540.15,1140.773,151.3708,Flash,100,100,1.643152,-0.6021613,0,False,True,True,249.9609,4.921875
Edward,CounterTerrorist,1540.15,1140.773,151.3708,Flash,100,100,0,0,0,False,True,True,248.9063,4.21875
Edward,CounterTerrorist,1540.15,1140.773,151.3708,Flash,100,100,0,0,0,False,True,True,247.1484,1.40625
Edward,CounterTerrorist,1540.359,1140.678,151.3506,Flash,100,100,16.9081,-7.810058,0,False,True,True,245.0391,356.4844
Edward,CounterTerrorist,1541.849,1139.961,151.2026,Flash,100,100,52.24154,-25.53921,0,False,True,True,242.9297,353.3203
Edward,CounterTerrorist,1544.705,1138.541,150.9148,Flash,100,100,86.63507,-43.34948,0,False,True,True,242.9297,352.9688
Edward,CounterTerrorist,1548.79,1136.483,150.5006,Flash,100,100,115.8146,-58.485,0,False,True,True,242.9297,352.9688
Edward,CounterTerrorist,1553.894,1133.898,150.0548,Flash,100,100,139.9182,-70.98764,0,False,True,True,242.9297,352.9688
Edward,CounterTerrorist,1559.617,1130.99,149.6927,Flash,100,100,141.1083,-71.72187,0,False,True,True,242.9297,352.9688
Edward,CounterTerrorist,1564.539,1128.489,149.3813,Flash,100,100,116.5618,-59.24549,0,False,True,True,242.5781,353.6719
Edward,CounterTerrorist,1568.605,1126.422,149.124,Flash,100,100,96.28526,-48.93944,0,False,True,True,240.4688,352.6172
Edward,CounterTerrorist,1572.057,1125.843,149.0158,Flash,100,100,77.22508,7.136734,0,False,True,True,238.711,350.5078
Edward,CounterTerrorist,1574.67,1127.221,149.1041,Flash,100,100,68.70901,51.37614,0,False,True,True,236.6016,348.0469
Edward,CounterTerrorist,1577.739,1130.001,149.3168,Flash,100,100,84.8877,83.43652,0,False,True,True,234.8437,345.9375
Edward,CounterTerrorist,1581.394,1133.884,149.6237,Flash,100,100,99.09845,109.3272,0,False,True,True,234.1406,344.1797
Edward,CounterTerrorist,1585.558,1138.661,150.0065,Flash,100,100,111.3553,130.3376,0,False,True,True,233.4375,342.7734
Edward,CounterTerrorist,1589.864,1143.772,150.4184,Flash,100,100,103.1993,122.6993,0,False,True,True,233.0859,341.3672
Edward,CounterTerrorist,1593.464,1148.052,150.7634,Flash,100,100,85.2473,101.3552,0,False,True,True,233.0859,339.9609
Edward,CounterTerrorist,1596.437,1151.588,151.0484,Flash,100,100,70.4181,83.72392,0,False,True,True,233.0859,339.2578
Edward,CounterTerrorist,1599.556,1154.087,151.234,Flash,100,100,92.65472,52.86009,0,False,True,True,233.0859,338.2031
Edward,CounterTerrorist,1603.971,1156.099,151.3536,Flash,100,100,125.7765,50.57453,0,False,True,True,232.7344,337.1484
Edward,CounterTerrorist,1609.542,1158.023,151.4469,Flash,100,100,153.1782,48.38409,0,False,True,True,232.3828,336.0938
Edward,CounterTerrorist,1615.893,1160.119,151.5442,Flash,100,100,159.0825,65.48054,0,False,True,True,232.0313,335.0391
Edward,CounterTerrorist,1621.244,1163.559,151.7831,Flash,100,100,118.379,99.4721,0,False,True,True,231.6797,333.9844
Edward,CounterTerrorist,1624.631,1167.616,152.1106,Flash,100,100,75.30556,99.98787,0,False,True,True,231.6797,332.5781
Edward,CounterTerrorist,1627.258,1171.104,152.3722,Flash,100,100,62.20577,82.59447,0,False,True,True,231.3281,331.875
Edward,CounterTerrorist,1629.428,1173.985,152.5859,Flash,100,100,51.38476,68.22675,0,False,True,True,231.3281,331.1719
Edward,CounterTerrorist,1631.22,1176.365,152.7624,Flash,100,100,42.40785,56.30754,0,False,True,True,231.3281,330.8203
Edward,CounterTerrorist,1632.678,1178.301,152.906,Flash,100,100,33.94775,45.07454,0,False,True,True,231.3281,330.4688
Edward,CounterTerrorist,1634.119,1180.191,153.0459,Flash,100,100,45.52061,58.99394,0,False,True,True,231.3281,329.7656
Edward,CounterTerrorist,1636.452,1183.182,153.2665,Flash,100,100,68.61753,87.57465,0,False,True,True,231.3281,329.7656
Edward,CounterTerrorist,1639.772,1186.843,153.5292,Flash,100,100,99.1576,90.44624,0,False,True,True,231.3281,329.4141
Edward,CounterTerrorist,1644.419,1190.131,153.7392,Flash,100,100,131.3215,80.24959,0,False,True,True,231.3281,329.4141
Edward,CounterTerrorist,1650.187,1193.063,153.9657,Flash,100,100,157.8935,71.79858,0,False,True,True,231.3281,329.4141
Edward,CounterTerrorist,1656.883,1195.696,154.3156,Flash,100,100,179.8638,64.62916,0,False,True,True,230.9766,329.4141
Edward,CounterTerrorist,1664.338,1198.099,154.637,Flash,100,100,197.1475,61.79847,0,False,True,True,230.625,329.0625
Edward,CounterTerrorist,1670.555,1201.155,155.0406,Flash,100,100,130.7303,86.05013,0,False,True,True,230.2734,329.0625
Edward,CounterTerrorist,1674.265,1204.872,155.5256,Flash,100,100,78.15075,96.19967,0,False,True,True,229.9219,329.0625
Edward,CounterTerrorist,1676.991,1208.228,155.9624,Flash,100,100,64.55603,79.46525,0,False,True,True,229.9219,329.0625
Edward,CounterTerrorist,1679.243,1211,156.3233,Flash,100,100,53.32618,65.64186,0,False,True,True,229.5703,329.0625
Edward,CounterTerrorist,1681.102,1213.289,156.6195,Flash,100,100,43.99266,54.15277,0,False,True,True,229.5703,329.0625
Edward,CounterTerrorist,1682.613,1215.148,156.8592,Flash,100,100,35.12574,43.23802,0,False,True,True,229.5703,329.0625
Edward,CounterTerrorist,1684.586,1217.535,157.1668,Flash,100,100,60.51674,72.7246,0,False,True,True,229.5703,329.4141
Edward,CounterTerrorist,1687.471,1220.982,157.6112,Flash,100,100,82.20049,97.95184,0,False,True,True,229.5703,329.7656
Edward,CounterTerrorist,1690.984,1225.363,158.1759,Flash,100,100,88.0564,123.4704,0,False,True,True,229.5703,329.7656
Edward,CounterTerrorist,1693.789,1230.773,158.8734,Flash,100,100,54.32686,144.1664,0,False,True,True,229.9219,330.1172
Edward,CounterTerrorist,1695.072,1231.969,159.0201,Flash,100,100,25.82062,0,0,False,True,True,229.9219,330.1172
Edward,CounterTerrorist,1695.752,1231.969,159.0201,Flash,100,100,11.75812,0,0,False,True,True,230.2734,330.4688
Edward,CounterTerrorist,1695.896,1231.969,159.0201,Flash,100,100,0,0,0,False,True,True,230.2734,330.8203
Edward,CounterTerrorist,1695.896,1231.969,159.0201,Flash,100,100,0,0,0,False,True,True,230.625,331.1719
Edward,CounterTerrorist,1695.896,1231.969,159.0201,Flash,100,100,0,0,0,False,True,True,230.9766,331.1719
Edward,CounterTerrorist,1695.896,1231.969,159.0201,Flash,100,100,0,0,0,False,True,True,230.9766,331.5234
Edward,CounterTerrorist,1695.896,1231.969,159.0201,Flash,100,100,0,0,0,False,True,True,230.9766,331.5234
Edward,CounterTerrorist,1695.896,1231.969,159.0201,Flash,100,100,0,0,0,False,True,True,230.9766,331.5234
Edward,CounterTerrorist,1695.896,1231.969,159.0201,Flash,100,100,0,0,0,False,True,True,230.9766,331.1719
Edward,CounterTerrorist,1695.896,1231.969,159.0201,Flash,100,100,0,0,0,False,True,True,230.9766,331.1719
Edward,CounterTerrorist,1695.896,1231.969,159.0201,Flash,100,100,0,0,0,False,True,True,230.9766,331.1719
Edward,CounterTerrorist,1695.896,1231.969,159.0201,Flash,100,100,0,0,0,False,True,True,230.9766,331.1719
Edward,CounterTerrorist,1695.896,1231.969,159.0201,Flash,100,100,0,0,0,False,True,True,230.9766,331.1719
Edward,CounterTerrorist,1695.896,1231.969,159.0201,Flash,100,100,0,0,0,False,True,True,230.9766,331.1719
Edward,CounterTerrorist,1695.896,1231.969,159.0201,Flash,100,100,0,0,0,False,True,True,230.9766,331.1719
Edward,CounterTerrorist,1695.465,1231.436,158.9589,M4A1,100,100,-20.56712,-25.40603,0,False,True,True,230.9766,331.1719
Edward,CounterTerrorist,1694.143,1229.803,158.7484,M4A1,100,100,-42.68758,-52.73087,0,False,True,True,230.9766,331.1719
Edward,CounterTerrorist,1691.97,1227.118,158.4022,M4A1,100,100,-63.81607,-78.89109,0,False,True,True,230.9766,331.1719
Edward,CounterTerrorist,1689.055,1223.513,157.9374,M4A1,100,100,-81.39869,-100.6974,0,False,True,True,230.9766,331.875
Edward,CounterTerrorist,1685.501,1219.115,157.3706,Flash,100,100,-97.51059,-120.6773,0,False,True,True,230.9766,334.6875
Edward,CounterTerrorist,1681.35,1213.975,156.708,Flash,100,100,-111.6938,-138.4434,0,False,True,True,231.3281,342.4219
Edward,CounterTerrorist,1676.717,1208.205,155.9591,Flash,100,100,-122.7792,-153.6158,0,False,True,True,232.7344,351.9141
Edward,CounterTerrorist,1671.403,1202.417,155.2046,Flash,100,100,-147.0162,-140.2899,0,False,True,True,233.789,357.8906
Edward,CounterTerrorist,1665.094,1197.34,154.5404,Flash,100,100,-170.575,-123.517,0,False,True,True,233.789,358.2422
Edward,CounterTerrorist,1657.963,1192.848,153.9501,Flash,100,100,-190.0318,-109.6868,0,False,True,True,233.789,358.2422
Edward,CounterTerrorist,1650.154,1188.838,153.5385,Flash,100,100,-206.1039,-98.26235,0,False,True,True,233.789,358.2422
Edward,CounterTerrorist,1642.054,1185.327,153.3633,M4A1,100,100,-208.3545,-84.93185,0,False,True,True,233.789,358.2422
Edward,CounterTerrorist,1633.825,1182.242,153.2268,M4A1,100,100,-212.0432,-75.25066,0,False,True,True,233.789,358.2422
Edward,CounterTerrorist,1625.478,1179.492,153.1208,M4A1,100,100,-214.6401,-67.48801,0,False,True,True,234.4922,358.2422
Edward,CounterTerrorist,1617.054,1176.985,153.0371,M4A1,100,100,-216.2017,-62.30443,0,False,True,True,235.8984,358.2422
Edward,CounterTerrorist,1608.588,1174.789,152.9806,M4A1,100,100,-217.0457,-45.47397,0,False,True,True,237.3047,358.5938
Edward,CounterTerrorist,1600.088,1173.787,153.0273,M4A1,100,100,-218.0289,-13.39166,0,False,True,True,238.711,359.2969
Edward,CounterTerrorist,1591.535,1173.873,153.1684,M4A1,100,100,-219.6855,11.69491,0,False,True,True,241.1719,0.3515625
Edward,CounterTerrorist,1582.893,1174.777,153.381,M4A1,100,100,-222.4143,29.85408,0,False,True,True,245.3906,1.757813
Edward,CounterTerrorist,1574.226,1176.23,153.6414,M4A1,100,100,-221.1228,41.58979,0,False,True,True,247.5,1.757813
Edward,CounterTerrorist,1565.633,1178.075,153.9342,M4A1,100,100,-219.2159,50.68909,0,False,True,True,247.5,1.757813
Edward,CounterTerrorist,1557.103,1180.173,154.2478,M4A1,100,100,-218.6952,50.73898,0,False,True,True,247.5,1.757813
Edward,CounterTerrorist,1548.46,1181.525,154.6355,M4A1,100,100,-222.8669,24.50466,0,False,True,True,247.5,1.757813
Edward,CounterTerrorist,1539.69,1181.961,155.1479,M4A1,100,100,-224.9826,2.799136,0,False,True,True,247.5,1.757813
Edward,CounterTerrorist,1530.909,1181.642,155.5962,M4A1,100,100,-224.5025,-14.95469,0,False,True,True,247.5,1.757813
Edward,CounterTerrorist,1522.123,1181.539,156.0632,M4A1,100,100,-224.9462,4.921377,0,False,True,True,248.2031,1.757813
Edward,CounterTerrorist,1513.353,1182.102,156.5866,M4A1,100,100,-224.0937,20.17451,0,False,True,True,249.2578,2.109375
Edward,CounterTerrorist,1504.63,1183.17,157.0779,M4A1,100,100,-222.7619,31.65629,0,False,True,True,250.3125,2.460938
Edward,CounterTerrorist,1495.903,1184.058,157.1888,M4A1,100,100,-224.3041,12.28777,0,False,True,True,251.7188,2.460938
Edward,CounterTerrorist,1487.119,1183.986,157.2792,M4A1,100,100,-224.7407,-10.79839,0,False,True,True,252.7734,2.460938
Edward,CounterTerrorist,1478.378,1183.098,157.3827,M4A1,100,100,-222.9584,-30.24185,0,False,True,True,253.4766,2.8125
Edward,CounterTerrorist,1469.702,1181.696,157.9249,M4A1,100,100,-222.7024,-32.07272,0,False,True,True,254.5313,2.8125
Edward,CounterTerrorist,1460.953,1180.872,158.4717,M4A1,100,100,-224.5431,-14.33223,0,False,True,True,255.2344,3.164063
Edward,CounterTerrorist,1452.168,1180.647,159.0208,M4A1,100,100,-224.9993,-0.5752043,0,False,True,True,256.2891,3.164063
Edward,CounterTerrorist,1444.205,1180.674,159.5185,M4A1,100,100,-172.873,-2.863861,0,False,True,True,257.3438,3.164063
Edward,CounterTerrorist,1439.247,1180.341,159.8284,M4A1,100,100,-98.15847,-11.96496,0,False,True,True,258.0469,3.164063
Edward,CounterTerrorist,1436.914,1179.71,159.9742,M4A1,100,100,-34.94955,-18.46618,0,False,True,True,258.75,3.164063
Edward,CounterTerrorist,1436.867,1178.993,159.9771,M4A1,100,100,18.01647,-17.18398,0,False,True,True,258.75,3.164063
Edward,CounterTerrorist,1437.332,1178.549,159.9481,M4A1,100,100,7.840455,-7.478169,0,False,True,True,258.75,3.164063
Edward,CounterTerrorist,1437.42,1178.465,159.9425,M4A1,100,100,0,0,0,False,True,True,258.75,3.164063
Edward,CounterTerrorist,1437.42,1178.465,159.9425,M4A1,100,100,0,0,0,False,True,True,258.75,3.164063
Edward,CounterTerrorist,1437.42,1178.465,159.9425,M4A1,100,100,0,0,0,False,True,True,258.75,3.164063
Edward,CounterTerrorist,1438.045,1178.341,159.9035,M4A1,100,100,30.34893,-6.005947,0,False,True,True,258.75,3.164063
Edward,CounterTerrorist,1440.039,1177.947,159.7789,M4A1,100,100,64.83635,-12.83089,0,False,True,True,258.75,3.164063
Edward,CounterTerrorist,1443.364,1177.289,159.5711,M4A1,100,100,98.00953,-19.39574,0,False,True,True,258.75,3.164063
Edward,CounterTerrorist,1447.858,1176.395,159.2902,M4A1,100,100,125.7098,-25.10993,0,False,True,True,258.3984,3.164063
Edward,CounterTerrorist,1453.316,1175.291,158.949,M4A1,100,100,148.4853,-30.33694,0,False,True,True,257.6953,3.164063
Edward,CounterTerrorist,1459.052,1174.108,158.5905,M4A1,100,100,129.8705,-26.62277,0,False,True,True,256.9922,3.164063
Edward,CounterTerrorist,1462.514,1173.429,158.3742,M4A1,100,100,62.81613,-11.58996,0,False,True,True,256.6406,3.164063
Edward,CounterTerrorist,1463.519,1173.292,158.3114,M4A1,100,100,0.9879129,1.620985,0,False,True,True,256.6406,3.164063
Edward,CounterTerrorist,1462.61,1173.506,158.3682,M4A1,100,100,-36.95448,8.717342,0,False,True,True,256.6406,3.164063
Edward,CounterTerrorist,1461.937,1173.665,158.4096,M4A1,100,100,5.474743,-1.291459,0,False,True,True,256.6406,3.164063
Edward,CounterTerrorist,1462.952,1173.426,158.3468,M4A1,100,100,39.69186,-9.363072,0,False,True,True,256.6406,3.164063
Edward,CounterTerrorist,1465.304,1172.87,158.1998,M4A1,100,100,73.89113,-17.50978,0,False,True,True,256.6406,3.164063
Edward,CounterTerrorist,1468.947,1171.995,157.9721,M4A1,100,100,105.3353,-25.54392,0,False,True,True,255.5859,3.164063
Edward,CounterTerrorist,1473.682,1170.822,157.6762,M4A1,100,100,131.1095,-32.95225,0,False,True,True,254.5313,2.8125
Edward,CounterTerrorist,1479.31,1169.371,157.3244,M4A1,100,100,152.1608,-39.92735,0,False,True,True,253.4766,2.8125
Edward,CounterTerrorist,1485.666,1167.653,156.9042,M4A1,100,100,169.2797,-46.58924,0,False,True,True,252.4219,2.8125
Edward,CounterTerrorist,1492.182,1165.831,156.3414,M4A1,100,100,146.5312,-40.60677,0,False,True,True,252.0703,2.8125
Edward,CounterTerrorist,1496.25,1164.755,155.997,M4A1,100,100,77.62884,-19.38394,0,False,True,True,251.7188,2.8125
Edward,CounterTerrorist,1497.857,1164.432,155.8797,M4A1,100,100,16.924,-1.092352,0,False,True,True,251.7188,2.8125
Edward,CounterTerrorist,1497.424,1164.639,155.9225,M4A1,100,100,-18.16796,6.782124,0,False,True,True,251.7188,2.8125
Edward,CounterTerrorist,1497.394,1164.663,155.9264,M4A1,100,100,16.03066,-5.270996,0,False,True,True,251.7188,2.8125
Edward,CounterTerrorist,1497.926,1164.487,155.8767,M4A1,100,100,-6.685619,2.17739,0,False,True,True,251.7188,2.8125
Edward,CounterTerrorist,1496.881,1164.827,155.9696,M4A1,100,100,-40.1328,13.0053,0,False,True,True,252.0703,2.8125
Edward,CounterTerrorist,1494.526,1165.58,156.1677,M4A1,100,100,-73.72698,23.3693,0,False,True,True,253.125,2.8125
Edward,CounterTerrorist,1491.122,1166.645,156.4898,M4A1,100,100,-86.14453,26.84395,0,False,True,True,253.8281,3.164063
Edward,CounterTerrorist,1488.845,1167.372,156.6869,M4A1,100,100,-33.91731,11.45028,0,False,True,True,254.1797,3.164063
Edward,CounterTerrorist,1488.818,1167.411,156.6911,M4A1,100,100,16.22388,-4.642357,0,False,True,True,254.1797,3.164063
Edward,CounterTerrorist,1490.096,1167.045,156.587,M4A1,100,100,31.09576,-8.89785,0,False,True,True,254.1797,3.164063
Edward,CounterTerrorist,1490.012,1167.07,156.5939,M4A1,100,100,-18.92786,5.416084,0,False,True,True,254.1797,3.164063
Edward,CounterTerrorist,1488.48,1167.508,156.7187,M4A1,100,100,-52.7276,15.08766,0,False,True,True,254.1797,3.164063
Edward,CounterTerrorist,1485.631,1168.323,156.9294,M4A1,100,100,-86.20751,24.66772,0,False,True,True,254.1797,3.164063
Edward,CounterTerrorist,1483.712,1168.872,157.0372,M4A1,100,100,-24.78287,7.105219,0,False,True,True,254.1797,3.164063
Edward,CounterTerrorist,1483.994,1168.792,157.0317,M4A1,100,100,22.99264,-6.545777,0,False,True,True,254.1797,3.164063
Edward,CounterTerrorist,1485.685,1168.311,156.926,M4A1,100,100,56.80535,-16.17192,0,False,True,True,254.1797,3.164063
Edward,CounterTerrorist,1488.616,1167.477,156.7081,M4A1,100,100,80.53194,-22.92665,0,False,True,True,254.1797,3.164063
Edward,CounterTerrorist,1490.98,1166.804,156.5141,M4A1,100,100,37.99488,-10.81677,0,False,True,True,254.1797,3.164063
Edward,CounterTerrorist,1491.099,1166.77,156.5018,M4A1,100,100,-16.2301,4.620549,0,False,True,True,254.1797,3.164063
Edward,CounterTerrorist,1489.673,1167.176,156.6221,M4A1,100,100,-50.04281,14.24669,0,False,True,True,254.1797,3.164063
Edward,CounterTerrorist,1487.369,1167.832,156.8096,M4A1,100,100,-55.45284,15.78687,0,False,True,True,254.1797,3.164063
Edward,CounterTerrorist,1486.26,1168.148,156.8881,M4A1,100,100,-4.0509,1.17847,0,False,True,True,254.1797,3.164063
Edward,CounterTerrorist,1487.106,1167.909,156.8312,M4A1,100,100,35.17977,-9.959761,0,False,True,True,254.1797,3.164063
Edward,CounterTerrorist,1489.273,1167.295,156.655,M4A1,100,100,69.00508,-19.54152,0,False,True,True,254.1797,3.164063
Edward,CounterTerrorist,1492.731,1166.316,156.3445,M4A1,100,100,100.831,-28.57015,0,False,True,True,254.1797,3.164063
Edward,CounterTerrorist,1497.303,1165.015,155.9644,M4A1,100,100,127.1569,-36.28473,0,False,True,True,253.8281,3.164063
Edward,CounterTerrorist,1502.791,1163.437,155.5192,M4A1,100,100,148.7914,-43.03727,0,False,True,True,253.125,3.164063
Edward,CounterTerrorist,1509.028,1161.609,155.0099,M4A1,100,100,166.4675,-49.25104,0,False,True,True,252.0703,3.164063
Edward,CounterTerrorist,1515.877,1159.546,154.4455,M4A1,100,100,180.8218,-55.1449,0,False,True,True,251.0156,3.164063
Edward,CounterTerrorist,1523.22,1157.259,153.8334,M4A1,100,100,192.4202,-60.76714,0,False,True,True,250.3125,3.164063
Edward,CounterTerrorist,1530.963,1154.762,153.1799,M4A1,100,100,201.7978,-65.97495,0,False,True,True,249.6094,3.164063
Edward,CounterTerrorist,1539.026,1152.068,152.4906,M4A1,100,100,209.287,-70.95774,0,False,True,True,248.5547,3.164063
Edward,CounterTerrorist,1546.856,1149.382,151.8146,M4A1,100,100,179.768,-61.27267,0,False,True,True,247.5,3.164063
Edward,CounterTerrorist,1552.114,1147.667,151.3734,M4A1,100,100,106.3771,-32.97675,0,False,True,True,247.1484,3.164063
Edward,CounterTerrorist,1554.808,1146.948,151.2639,M4A1,100,100,45.11354,-9.189235,0,False,True,True,246.7969,3.164063
Edward,CounterTerrorist,1555.214,1147.041,151.2533,M4A1,100,100,-10.28248,7.504956,0,False,True,True,246.7969,3.164063
Edward,CounterTerrorist,1554.034,1147.619,151.3389,M4A1,100,100,-43.28085,20.01173,0,False,True,True,246.7969,3.164063
Edward,CounterTerrorist,1551.582,1148.716,151.4962,M4A1,100,100,-75.72818,33.47964,0,False,True,True,246.7969,3.164063
Edward,CounterTerrorist,1548.001,1150.284,151.8371,M4A1,100,100,-95.51405,41.68159,0,False,True,True,247.1484,3.164063
Edward,CounterTerrorist,1544.88,1151.65,152.1343,M4A1,100,100,-61.06764,26.99816,0,False,True,True,247.5,3.164063
Edward,CounterTerrorist,1543.86,1152.127,152.2199,M4A1,100,100,-2.824386,2.286101,0,False,True,True,247.5,3.164063
Edward,CounterTerrorist,1544.698,1151.789,152.1572,M4A1,100,100,34.42804,-14.0465,0,False,True,True,247.5,3.164063
Edward,CounterTerrorist,1546.804,1150.926,151.9622,M4A1,100,100,66.93079,-27.44557,0,False,True,True,247.5,3.164063
Edward,CounterTerrorist,1550.151,1149.553,151.6522,M4A1,100,100,97.43869,-40.00973,0,False,True,True,247.5,3.164063
Edward,CounterTerrorist,1554.283,1147.855,151.3572,M4A1,100,100,95.74921,-39.32708,0,False,True,True,247.5,3.164063
Edward,CounterTerrorist,1556.595,1146.906,151.2321,M4A1,100,100,35.66552,-14.62359,0,False,True,True,247.5,3.164063
Edward,CounterTerrorist,1556.685,1146.87,151.2168,M4A1,100,100,-15.61989,6.386269,0,False,True,True,247.8516,3.164063
Edward,CounterTerrorist,1555.309,1147.425,151.3007,M4A1,100,100,-48.31165,19.31658,0,False,True,True,248.5547,3.164063
Edward,CounterTerrorist,1552.652,1148.466,151.4399,M4A1,100,100,-81.10799,31.439,0,False,True,True,249.6094,3.164063
Edward,CounterTerrorist,1548.791,1149.938,151.7619,M4A1,100,100,-109.9396,41.50037,0,False,True,True,250.3125,3.164063
Edward,CounterTerrorist,1543.92,1151.747,152.1954,M4A1,100,100,-133.9563,49.24554,0,False,True,True,251.0156,3.164063
Edward,CounterTerrorist,1538.85,1153.6,152.6437,M4A1,100,100,-108.6506,40.07065,0,False,True,True,251.7188,3.164063
Edward,CounterTerrorist,1536.105,1154.65,152.8909,M4A1,100,100,-45.96141,18.53279,0,False,True,True,251.7188,3.164063
Edward,CounterTerrorist,1535.673,1154.875,152.9326,M4A1,100,100,9.342925,-3.099866,0,False,True,True,251.7188,3.164063
Edward,CounterTerrorist,1536.82,1154.494,152.8376,M4A1,100,100,42.71051,-14.17081,0,False,True,True,251.7188,3.164063
Edward,CounterTerrorist,1538.759,1153.851,152.6722,M4A1,100,100,38.70641,-12.8423,0,False,True,True,251.7188,3.164063
Edward,CounterTerrorist,1538.905,1153.802,152.6597,M4A1,100,100,-16.01644,5.314055,0,False,True,True,251.7188,3.164063
Edward,CounterTerrorist,1537.497,1154.269,152.7797,M4A1,100,100,-49.39569,16.34977,0,False,True,True,251.7188,3.164063
Edward,CounterTerrorist,1534.787,1155.165,153.0106,M4A1,100,100,-82.59662,27.30894,0,False,True,True,251.7188,3.164063
Edward,CounterTerrorist,1531.719,1156.179,153.2718,M4A1,100,100,-57.51939,19.0212,0,False,True,True,251.7188,3.164063
Edward,CounterTerrorist,1530.88,1156.457,153.3433,M4A1,100,100,2.565731,-0.8356405,0,False,True,True,251.7188,3.164063
Edward,CounterTerrorist,1531.767,1156.164,153.2678,M4A1,100,100,36.05303,-11.90818,0,False,True,True,251.7188,3.164063
Edward,CounterTerrorist,1533.446,1155.61,153.1248,M4A1,100,100,32.04714,-10.58505,0,False,True,True,251.7188,3.164063
Edward,CounterTerrorist,1533.415,1155.62,153.1275,M4A1,100,100,-17.35887,5.733569,0,False,True,True,251.7188,3.164063
Edward,CounterTerrorist,1531.955,1156.102,153.2518,M4A1,100,100,-50.74131,16.75966,0,False,True,True,251.7188,3.164063
Edward,CounterTerrorist,1529.192,1157.014,153.4869,M4A1,100,100,-83.90572,27.66113,0,False,True,True,251.7188,3.164063
Edward,CounterTerrorist,1525.223,1158.322,153.8245,M4A1,100,100,-112.6884,37.11245,0,False,True,True,251.7188,3.164063
Edward,CounterTerrorist,1520.249,1159.959,154.2474,M4A1,100,100,-136.4722,44.895,0,False,True,True,251.7188,3.164063
Edward,CounterTerrorist,1514.445,1161.865,154.7405,M4A1,100,100,-156.1574,51.20527,0,False,True,True,252.0703,3.164063
Edward,CounterTerrorist,1508.659,1163.76,155.2316,M4A1,100,100,-137.0326,44.8935,0,False,True,True,252.4219,3.164063
Edward,CounterTerrorist,1504.153,1165.232,155.6137,M4A1,100,100,-111.2663,36.17752,0,False,True,True,253.125,3.164063
Edward,CounterTerrorist,1499.802,1166.634,155.9807,M4A1,100,100,-111.4342,35.65705,0,False,True,True,253.8281,3.164063
Edward,CounterTerrorist,1495.445,1168.013,156.3459,M4A1,100,100,-111.624,35.05817,0,False,True,True,254.1797,3.164063
Edward,CounterTerrorist,1491.08,1169.366,156.6015,M4A1,100,100,-111.8409,34.35991,0,False,True,True,254.8828,3.164063
Edward,CounterTerrorist,1486.706,1170.691,156.8622,M4A1,100,100,-112.074,33.59196,0,False,True,True,255.2344,3.164063
Edward,CounterTerrorist,1482.322,1171.983,157.1362,M4A1,100,100,-112.3269,32.73629,0,False,True,True,255.9375,3.164063
Edward,CounterTerrorist,1477.928,1173.241,157.4108,M4A1,100,100,-112.5785,31.86015,0,False,True,True,256.2891,3.164063
Edward,CounterTerrorist,1473.525,1174.466,157.686,M4A1,100,100,-112.8189,30.99825,0,False,True,True,256.9922,3.164063
Edward,CounterTerrorist,1469.113,1175.656,157.9618,M4A1,100,100,-113.0534,30.13193,0,False,True,True,257.3438,3.164063
Edward,CounterTerrorist,1464.691,1176.813,158.2381,M4A1,100,100,-113.2791,29.27174,0,False,True,True,257.6953,3.164063
Edward,CounterTerrorist,1460.261,1177.935,158.515,M4A1,100,100,-113.5107,28.36052,0,False,True,True,258.3984,3.515625
Edward,CounterTerrorist,1455.821,1179.021,158.7925,M4A1,100,100,-113.7417,27.41937,0,False,True,True,258.75,3.515625
Edward,CounterTerrorist,1451.373,1180.071,159.0705,M4A1,100,100,-113.9585,26.50401,0,False,True,True,259.1016,3.515625
Edward,CounterTerrorist,1446.917,1181.086,159.349,M4A1,100,100,-114.154,25.64887,0,False,True,True,259.4531,3.515625
Edward,CounterTerrorist,1442.453,1182.069,159.628,M4A1,100,100,-114.3297,24.85399,0,False,True,True,259.8047,3.515625
Edward,CounterTerrorist,1438.032,1183.199,159.9043,M4A1,100,100,-111.4444,35.32882,0,False,True,True,260.1563,3.515625
Edward,CounterTerrorist,1433.808,1184.937,160.1683,M4A1,100,100,-105.7644,50.02895,0,False,True,True,260.5078,3.515625
Edward,CounterTerrorist,1429.818,1187.16,160.2869,M4A1,100,100,-99.79706,61.07001,0,False,True,True,260.8594,3.515625
Edward,CounterTerrorist,1426.05,1189.745,160.3295,M4A1,100,100,-94.32865,69.2178,0,False,True,True,261.2109,3.515625
Edward,CounterTerrorist,1422.478,1192.595,160.3694,M4A1,100,100,-89.60761,75.22948,0,False,True,True,261.5625,3.515625
Edward,CounterTerrorist,1419.072,1195.642,160.3885,M4A1,100,100,-85.68797,79.66537,0,False,True,True,261.5625,3.515625
Edward,CounterTerrorist,1415.801,1198.833,160.4253,M4A1,100,100,-82.55133,82.91125,0,False,True,True,261.9141,3.515625
Edward,CounterTerrorist,1412.633,1202.127,160.4425,M4A1,100,100,-80.23781,85.15218,0,False,True,True,262.2656,3.515625
Edward,CounterTerrorist,1409.472,1205.427,160.4586,M4A1,100,100,-84.26578,81.1682,0,False,True,True,262.2656,3.515625
Edward,CounterTerrorist,1405.934,1208.315,160.4766,M4A1,100,100,-94.28384,69.27884,0,False,True,True,262.6172,3.515625
Edward,CounterTerrorist,1402.081,1210.769,160.5107,M4A1,100,100,-101.1959,58.72298,0,False,True,True,262.9688,3.515625
Edward,CounterTerrorist,1398.012,1212.847,160.6984,M4A1,100,100,-105.9064,49.72753,0,False,True,True,263.3203,3.515625
Edward,CounterTerrorist,1393.796,1214.609,160.9141,M4A1,100,100,-109.1189,42.21458,0,False,True,True,263.3203,3.515625
Edward,CounterTerrorist,1389.479,1216.109,161.1252,M4A1,100,100,-111.3206,36.01002,0,False,True,True,263.6719,3.515625
Edward,CounterTerrorist,1385.093,1217.393,161.332,M4A1,100,100,-112.8466,30.89742,0,False,True,True,264.375,3.515625
Edward,CounterTerrorist,1380.659,1218.498,161.5348,M4A1,100,100,-113.9212,26.66383,0,False,True,True,264.7266,3.515625
Edward,CounterTerrorist,1376.187,1219.439,161.7338,M4A1,100,100,-115.1265,20.85413,0,False,True,True,265.0781,3.515625
Edward,CounterTerrorist,1371.778,1219.711,161.9089,M4A1,100,100,-107.5751,-3.747223,0,False,True,True,265.4297,3.515625
Edward,CounterTerrorist,1368.01,1219.374,162.0403,M4A1,100,100,-89.23129,-7.962549,0,False,True,True,265.7813,3.515625
Edward,CounterTerrorist,1364.897,1219.097,162.1488,M4A1,100,100,-73.70905,-6.577424,0,False,True,True,266.4844,3.515625
Edward,CounterTerrorist,1362.346,1218.869,162.2378,M4A1,100,100,-59.70221,-5.327524,0,False,True,True,266.8359,3.515625
Edward,CounterTerrorist,1360.342,1218.69,162.2952,M4A1,100,100,-45.69537,-4.077624,0,False,True,True,267.1875,3.515625
Edward,CounterTerrorist,1358.886,1218.56,162.3584,M4A1,100,100,-31.68852,-2.827724,0,False,True,True,267.5391,3.515625
Edward,CounterTerrorist,1357.976,1218.479,162.3798,M4A1,100,100,-17.68168,-1.577824,0,False,True,True,268.2422,3.515625
Edward,CounterTerrorist,1357.614,1218.447,162.3975,M4A1,100,100,-3.674835,-0.3279238,0,False,True,True,268.5938,3.515625
Edward,CounterTerrorist,1357.614,1218.447,162.3975,M4A1,100,100,0,0,0,False,True,True,268.9453,3.515625
Edward,CounterTerrorist,1357.609,1218.051,162.3903,M4A1,100,100,-0.2956382,-23.90441,0,False,True,True,269.2969,3.515625
Edward,CounterTerrorist,1357.59,1216.293,162.3345,M4A1,100,100,-0.5753406,-59.05959,0,False,True,True,269.6484,3.164063
Edward,CounterTerrorist,1357.435,1213.271,162.2432,M4A1,100,100,-10.1009,-83.50283,0,True,True,True,269.6484,3.164063
Edward,CounterTerrorist,1356.788,1210.066,162.1647,M4A1,100,100,-20.61242,-81.10399,0,True,True,True,269.6484,3.164063
Edward,CounterTerrorist,1355.775,1206.945,162.1026,M4A1,100,100,-29.24327,-79.17496,0,True,True,True,270,3.164063
Edward,CounterTerrorist,1354.755,1203.768,162.039,M4A1,100,100,-24.13147,-82.6526,0,True,True,True,270,3.164063
Edward,CounterTerrorist,1353.914,1200.641,161.9702,M4A1,100,100,-19.91067,-74.78214,0,True,True,True,270.3516,3.164063
Edward,CounterTerrorist,1353.222,1198.041,161.9128,M4A1,100,100,-16.26955,-61.10654,0,False,True,True,270.3516,3.164063
Edward,CounterTerrorist,1352.671,1195.973,161.8671,M4A1,100,100,-12.65147,-47.51744,0,False,True,True,270.3516,2.8125
Edward,CounterTerrorist,1352.262,1194.435,161.8332,M4A1,100,100,-9.033388,-33.92834,0,False,True,True,270.3516,2.8125
Edward,CounterTerrorist,1351.994,1193.428,161.8109,M4A1,100,100,-5.415305,-20.33925,0,False,True,True,270.3516,2.8125
Edward,CounterTerrorist,1351.867,1192.952,161.8004,M4A1,100,100,-1.797223,-6.75016,0,False,True,True,270.3516,2.8125
Edward,CounterTerrorist,1351.856,1192.911,161.7995,M4A1,100,100,0,0,0,False,True,True,270.3516,2.8125
Edward,CounterTerrorist,1351.856,1192.911,161.7995,M4A1,100,100,0,0,0,False,True,True,270.3516,2.8125
Edward,CounterTerrorist,1351.856,1192.911,161.7995,M4A1,100,100,0,0,0,True,True,True,270.3516,2.8125
Edward,CounterTerrorist,1351.856,1192.911,161.7995,M4A1,100,100,0,0,0,True,True,True,270.3516,2.8125
Edward,CounterTerrorist,1352.015,1192.911,161.7935,M4A1,100,100,6.437375,0.04007072,0,True,True,True,270.3516,2.8125
Edward,CounterTerrorist,1352.372,1192.913,161.7801,M4A1,100,100,10.96868,0.03483108,0,True,True,True,270,3.164063
Edward,CounterTerrorist,1353.194,1192.912,161.749,M4A1,100,100,33.87458,-0.1126415,0,False,True,True,269.6484,3.164063
Edward,CounterTerrorist,1355.341,1192.895,161.6675,M4A1,100,100,69.02612,-0.7111075,0,False,True,True,268.9453,3.164063
Edward,CounterTerrorist,1358.838,1192.843,161.5338,M4A1,100,100,102.4734,-1.795546,0,False,True,True,268.2422,3.164063
Edward,CounterTerrorist,1363.509,1192.741,161.3543,M4A1,100,100,130.2786,-3.193938,0,False,True,True,267.5391,3.164063
Edward,CounterTerrorist,1369.15,1192.577,161.1362,M4A1,100,100,153.2196,-4.956008,0,False,True,True,266.4844,3.164063
Edward,CounterTerrorist,1375.59,1192.33,160.8852,M4A1,100,100,172.1177,-7.279941,0,False,True,True,265.7813,3.164063
Edward,CounterTerrorist,1382.688,1191.99,160.7379,M4A1,100,100,187.6951,-9.647857,0,False,True,True,265.0781,3.164063
Edward,CounterTerrorist,1390.327,1191.552,160.6671,M4A1,100,100,200.4972,-12.34345,0,False,True,True,264.0234,3.164063
Edward,CounterTerrorist,1396.23,1191.243,160.6125,M4A1,100,100,120.253,-5.005933,0,False,True,True,262.9688,3.164063
Edward,CounterTerrorist,1399.334,1191.207,160.5837,M4A1,100,100,53.71921,1.697544,0,False,True,True,262.2656,3.164063
Edward,CounterTerrorist,1399.972,1191.377,160.5773,M4A1,100,100,-7.692791,4.442957,0,False,True,True,262.2656,3.164063
Edward,CounterTerrorist,1400.473,1191.351,160.5732,M4A1,100,100,27.78627,-3.258754,0,False,True,True,262.2656,3.164063
Edward,CounterTerrorist,1402.375,1191.108,160.5556,M4A1,100,100,62.59503,-8.200424,0,False,True,True,262.2656,3.164063
Edward,CounterTerrorist,1405.624,1190.675,160.5255,M4A1,100,100,96.40366,-12.93054,0,False,True,True,262.2656,3.164063
Edward,CounterTerrorist,1410.073,1190.069,160.4843,M4A1,100,100,124.8317,-17.18153,0,False,True,True,261.5625,2.8125
Edward,CounterTerrorist,1415.513,1189.308,160.4339,M4A1,100,100,148.2784,-20.94113,0,False,True,True,261.5625,2.8125
Edward,CounterTerrorist,1421.77,1188.415,160.376,M4A1,100,100,167.6464,-24.04672,0,False,True,True,261.5625,2.8125
Edward,CounterTerrorist,1428.033,1187.514,160.318,M4A1,100,100,136.414,-19.5516,0,False,True,True,261.5625,2.8125
Edward,CounterTerrorist,1431.706,1186.996,160.284,M4A1,100,100,67.53534,-9.315725,0,False,True,True,261.2109,2.8125
Edward,CounterTerrorist,1432.877,1186.85,160.2265,M4A1,100,100,4.935546,-0.08385543,0,False,True,True,261.2109,2.8125
Edward,CounterTerrorist,1432.492,1186.915,160.2431,M4A1,100,100,-6.250463,1.038975,0,False,True,True,261.2109,2.8125
Edward,CounterTerrorist,1432.465,1186.92,160.2431,M4A1,100,100,0,0,0,False,True,True,261.2109,2.8125
Edward,CounterTerrorist,1432.672,1186.888,160.2393,M4A1,100,100,16.67951,-2.561172,0,False,True,True,261.2109,2.8125
Edward,CounterTerrorist,1434.138,1186.663,160.1477,M4A1,100,100,51.42849,-7.896947,0,False,True,True,261.2109,2.8125
Edward,CounterTerrorist,1436.959,1186.229,159.9713,M4A1,100,100,85.98434,-13.21645,0,False,True,True,261.2109,2.8125
Edward,CounterTerrorist,1441.043,1185.598,159.7161,M4A1,100,100,116.1299,-18.04743,0,False,True,True,260.8594,2.8125
Edward,CounterTerrorist,1446.176,1184.789,159.3953,M4A1,100,100,140.9601,-22.47546,0,False,True,True,260.1563,2.8125
Edward,CounterTerrorist,1452.174,1183.815,159.0204,M4A1,100,100,161.4063,-26.50824,0,False,True,True,259.8047,2.8125
Edward,CounterTerrorist,1458.883,1182.69,158.6011,M4A1,100,100,178.2101,-30.31038,0,False,True,True,259.1016,2.8125
Edward,CounterTerrorist,1465.294,1181.595,158.2005,M4A1,100,100,136.1964,-22.9351,0,False,True,True,259.1016,2.8125
Edward,CounterTerrorist,1468.967,1181.002,157.9709,M4A1,100,100,67.65846,-10.34458,0,False,True,True,259.1016,2.8125
Edward,CounterTerrorist,1470.15,1180.86,157.8969,M4A1,100,100,5.37762,0.7029954,0,False,True,True,259.1016,2.8125
Edward,CounterTerrorist,1469.558,1180.994,157.9339,M4A1,100,100,-15.47769,3.307703,0,False,True,True,259.1016,2.8125
Edward,CounterTerrorist,1469.276,1181.055,157.9507,M4A1,100,100,-1.725718,0.3687994,0,False,True,True,259.1016,2.8125
Edward,CounterTerrorist,1469.351,1181.04,157.9469,M4A1,100,100,9.66411,-1.872002,0,False,True,True,259.1016,2.8125
Edward,CounterTerrorist,1470.537,1180.809,157.8727,M4A1,100,100,44.16738,-8.616292,0,False,True,True,258.75,2.8125
Edward,CounterTerrorist,1473.07,1180.31,157.7144,M4A1,100,100,78.61682,-15.63065,0,False,True,True,258.3984,2.8125
Edward,CounterTerrorist,1476.886,1179.537,157.4759,M4A1,100,100,109.6005,-22.43221,0,False,True,True,257.6953,2.8125
Edward,CounterTerrorist,1481.78,1178.514,157.1701,M4A1,100,100,135.0701,-28.61582,0,False,True,True,256.9922,2.8125
Edward,CounterTerrorist,1487.559,1177.262,156.9848,M4A1,100,100,155.9815,-34.27181,0,False,True,True,256.2891,2.8125
Edward,CounterTerrorist,1494.066,1175.806,156.8495,M4A1,100,100,173.199,-39.1771,0,False,True,True,256.2891,2.8125
Edward,CounterTerrorist,1500.299,1174.393,156.6312,M4A1,100,100,132.1945,-29.63536,0,False,True,True,255.9375,2.8125
Edward,CounterTerrorist,1503.846,1173.625,156.3732,M4A1,100,100,64.89735,-13.41103,0,False,True,True,255.9375,2.8125
Edward,CounterTerrorist,1504.938,1173.442,156.2983,M4A1,100,100,3.302128,0.9381328,0,False,True,True,255.9375,2.8125
Edward,CounterTerrorist,1504.054,1173.671,156.3658,M4A1,100,100,-36.27961,9.22144,0,False,True,True,255.9375,2.8125
Edward,CounterTerrorist,1502.956,1173.95,156.4493,M4A1,100,100,-22.65048,5.75723,0,False,True,True,255.9375,2.8125
Edward,CounterTerrorist,1502.391,1174.094,156.4922,M4A1,100,100,-9.021352,2.29302,0,False,True,True,255.9375,2.8125
Edward,CounterTerrorist,1502.314,1174.113,156.4922,M4A1,100,100,0,0,0,False,True,True,255.9375,2.8125
Edward,CounterTerrorist,1502.314,1174.113,156.4922,M4A1,100,100,0,0,0,False,True,True,255.9375,2.8125
Edward,CounterTerrorist,1502.932,1173.958,156.4513,M4A1,100,100,30.00279,-7.547281,0,False,True,True,255.9375,2.8125
Edward,CounterTerrorist,1504.903,1173.461,156.3018,M4A1,100,100,64.07527,-16.20903,0,False,True,True,255.5859,2.8125
Edward,CounterTerrorist,1508.187,1172.625,156.0521,M4A1,100,100,96.80019,-24.73238,0,False,True,True,255.2344,2.8125
Edward,CounterTerrorist,1512.625,1171.483,155.7135,M4A1,100,100,124.1056,-32.10904,0,False,True,True,254.8828,2.8125
Edward,CounterTerrorist,1518.013,1170.076,155.3008,M4A1,100,100,146.5852,-38.4861,0,False,True,True,254.5313,2.8125
Edward,CounterTerrorist,1523.036,1168.759,154.9155,M4A1,100,100,101.8127,-26.48812,0,False,True,True,254.5313,2.8125
Edward,CounterTerrorist,1525.517,1168.128,154.7269,M4A1,100,100,38.92059,-9.50283,0,False,True,True,254.5313,2.8125
Edward,CounterTerrorist,1525.729,1168.092,154.7025,M4A1,100,100,-6.780358,1.861511,0,False,True,True,254.5313,2.8125
Edward,CounterTerrorist,1525.687,1168.104,154.7025,M4A1,100,100,0,0,0,False,True,True,254.5313,2.8125
Edward,CounterTerrorist,1525.687,1168.104,154.7025,M4A1,100,100,0,0,0,False,True,True,254.5313,2.8125
Edward,CounterTerrorist,1526.301,1167.935,154.6674,M4A1,100,100,29.83357,-8.190649,0,False,True,True,254.5313,2.8125
Edward,CounterTerrorist,1528.261,1167.397,154.5108,M4A1,100,100,63.73536,-17.49821,0,False,True,True,254.5313,2.8125
Edward,CounterTerrorist,1531.529,1166.5,154.2497,M4A1,100,100,96.34523,-26.45107,0,False,True,True,254.5313,2.8125
Edward,CounterTerrorist,1535.947,1165.285,153.8964,M4A1,100,100,123.5853,-34.06184,0,False,True,True,254.1797,2.8125
Edward,CounterTerrorist,1541.313,1163.796,153.4662,M4A1,100,100,145.9751,-40.74337,0,False,True,True,253.4766,2.8125
Edward,CounterTerrorist,1546.952,1162.213,153.0123,M4A1,100,100,127.6627,-35.74238,0,False,True,True,253.4766,2.8125
Edward,CounterTerrorist,1550.353,1161.279,152.7405,M4A1,100,100,61.69609,-16.47619,0,False,True,True,253.125,2.8125
Edward,CounterTerrorist,1551.341,1161.053,152.6654,M4A1,100,100,0.9620803,1.175777,0,False,True,True,252.7734,2.8125
Edward,CounterTerrorist,1550.449,1161.329,152.74,M4A1,100,100,-36.27071,11.22771,0,False,True,True,252.7734,2.8125
Edward,CounterTerrorist,1550.039,1161.455,152.7741,M4A1,100,100,9.403518,-2.910889,0,False,True,True,252.7734,2.8125
Edward,CounterTerrorist,1551.193,1161.097,152.678,M4A1,100,100,42.96981,-13.36391,0,False,True,True,252.7734,2.8125
Edward,CounterTerrorist,1553.656,1160.322,152.5357,M4A1,100,100,76.39014,-24.2739,0,False,True,True,251.7188,2.8125
Edward,CounterTerrorist,1557.357,1159.115,152.3647,M4A1,100,100,106.1494,-35.2772,0,False,True,True,249.6094,3.164063
Edward,CounterTerrorist,1562.082,1157.486,152.1381,M4A1,100,100,130.1308,-45.96731,0,False,True,True,247.5,3.164063
Edward,CounterTerrorist,1567.627,1155.443,151.86,M4A1,100,100,149.2457,-56.45702,0,False,True,True,245.3906,3.164063
Edward,CounterTerrorist,1573.825,1153.005,151.5345,M4A1,100,100,164.5009,-66.28731,0,False,True,True,243.9844,3.515625
Edward,CounterTerrorist,1579.22,1150.864,151.2496,M4A1,100,100,110.1144,-41.9735,0,False,True,True,243.6328,3.515625
Edward,CounterTerrorist,1582.075,1149.889,151.1135,M4A1,100,100,49.68154,-14.22718,0,False,True,True,243.6328,3.515625
Edward,CounterTerrorist,1582.671,1149.888,151.0948,M4A1,100,100,-6.966932,7.112394,0,False,True,True,243.6328,3.515625
Edward,CounterTerrorist,1582.313,1150.134,151.13,M4A1,100,100,-4.538378,3.122037,0,False,True,True,243.6328,3.515625
Edward,CounterTerrorist,1582.295,1150.146,151.13,M4A1,100,100,0,0,0,False,True,True,243.2813,3.515625
Edward,CounterTerrorist,1582.295,1150.146,151.13,M4A1,100,100,0,0,0,False,True,True,243.2813,3.515625
Edward,CounterTerrorist,1582.295,1150.146,151.13,M4A1,100,100,0,0,0,False,True,True,243.2813,3.164063
Edward,CounterTerrorist,1582.295,1150.146,151.13,M4A1,100,100,0,0,0,False,True,True,242.9297,3.164063
Edward,CounterTerrorist,1582.295,1150.146,151.13,M4A1,100,100,0,0,0,False,True,True,242.9297,3.164063
Edward,CounterTerrorist,1582.295,1150.146,151.13,M4A1,100,100,0,0,0,False,True,True,242.9297,3.164063
Edward,CounterTerrorist,1582.295,1150.146,151.13,M4A1,100,100,0,0,0,False,True,True,242.9297,3.164063
Edward,CounterTerrorist,1582.295,1150.146,151.13,M4A1,100,100,0,0,0,False,True,True,242.9297,3.164063
Edward,CounterTerrorist,1582.295,1150.146,151.13,M4A1,100,100,0,0,0,False,True,True,242.9297,3.164063
Edward,CounterTerrorist,1582.295,1150.146,151.13,M4A1,100,100,0,0,0,True,True,True,242.9297,2.8125
Edward,CounterTerrorist,1582.154,1150.218,151.13,M4A1,100,100,-5.732982,2.928194,0,True,True,True,242.9297,2.460938
Edward,CounterTerrorist,1581.835,1150.381,151.1634,M4A1,100,100,-9.768334,4.989301,0,True,True,True,242.9297,2.460938
Edward,CounterTerrorist,1581.359,1150.624,151.1804,M4A1,100,100,-13.79811,7.061302,0,True,True,True,242.9297,2.109375
Edward,CounterTerrorist,1580.984,1150.816,151.2175,M4A1,100,100,-4.589797,2.349596,0,False,True,True,242.9297,2.109375
Edward,CounterTerrorist,1580.968,1150.824,151.2175,M4A1,100,100,0,0,0,False,True,True,242.9297,2.109375
Edward,CounterTerrorist,1580.968,1150.824,151.2175,M4A1,100,100,0,0,0,False,True,True,242.5781,1.757813
Edward,CounterTerrorist,1580.968,1150.824,151.2175,M4A1,100,100,0,0,0,False,True,True,242.5781,1.757813
Edward,CounterTerrorist,1580.872,1150.874,151.2175,M4A1,100,100,-4.912315,2.542417,0,False,True,True,242.5781,1.757813
Edward,CounterTerrorist,1580.733,1150.946,151.2336,M4A1,100,100,0,0,0,False,True,True,242.5781,1.757813
Edward,CounterTerrorist,1580.733,1150.946,151.2336,M4A1,100,100,0,0,0,False,True,True,242.5781,1.757813
Edward,CounterTerrorist,1580.733,1150.946,151.2336,M4A1,100,100,0,0,0,False,True,True,242.5781,1.757813
Edward,CounterTerrorist,1580.733,1150.946,151.2336,M4A1,100,100,0,0,0,False,True,True,242.5781,1.757813
Edward,CounterTerrorist,1580.733,1150.946,151.2336,M4A1,100,100,0,0,0,False,True,True,242.5781,1.757813
Edward,CounterTerrorist,1580.733,1150.946,151.2336,M4A1,100,100,0,0,0,False,True,True,242.5781,1.757813
Edward,CounterTerrorist,1580.733,1150.946,151.2336,M4A1,100,100,0,0,0,False,True,True,242.5781,1.757813
Edward,CounterTerrorist,1580.733,1150.946,151.2336,M4A1,100,100,0,0,0,False,True,True,242.5781,1.757813
Edward,CounterTerrorist,1580.733,1150.946,151.2336,M4A1,100,100,0,0,0,False,True,True,242.5781,1.757813
Edward,CounterTerrorist,1580.733,1150.946,151.2336,M4A1,100,100,0,0,0,False,True,True,242.5781,1.757813
Edward,CounterTerrorist,1580.733,1150.946,151.2336,M4A1,100,100,0,0,0,False,True,True,242.5781,1.757813
Edward,CounterTerrorist,1580.733,1150.946,151.2336,M4A1,100,100,0,0,0,False,True,True,242.5781,1.40625
Edward,CounterTerrorist,1580.733,1150.946,151.2336,M4A1,100,100,0,0,0,False,True,True,242.5781,1.40625
Edward,CounterTerrorist,1580.733,1150.946,151.2336,M4A1,100,100,0,0,0,False,True,True,242.5781,1.40625
Edward,CounterTerrorist,1580.733,1150.946,151.2336,M4A1,100,100,0,0,0,False,True,True,242.5781,1.40625
Edward,CounterTerrorist,1580.733,1150.946,151.2336,M4A1,100,100,0,0,0,False,True,True,242.5781,1.40625
Edward,CounterTerrorist,1580.733,1150.946,151.2336,M4A1,100,100,0,0,0,False,True,True,242.5781,1.40625
Edward,CounterTerrorist,1580.733,1150.946,151.2336,M4A1,100,100,0,0,0,False,True,True,242.5781,1.40625
Edward,CounterTerrorist,1580.733,1150.946,151.2336,M4A1,100,100,0,0,0,False,True,True,242.5781,1.40625
Edward,CounterTerrorist,1580.733,1150.946,151.2336,M4A1,100,100,0,0,0,False,True,True,242.5781,1.40625
Edward,CounterTerrorist,1580.733,1150.946,151.2336,M4A1,100,100,0,0,0,False,True,True,242.5781,1.40625
Edward,CounterTerrorist,1580.733,1150.946,151.2336,M4A1,100,100,0,0,0,False,True,True,242.5781,1.40625
Edward,CounterTerrorist,1580.733,1150.946,151.2336,M4A1,100,100,0,0,0,False,True,True,242.5781,1.40625
Edward,CounterTerrorist,1580.733,1150.946,151.2336,M4A1,100,100,0,0,0,False,True,True,242.5781,1.40625
Edward,CounterTerrorist,1580.733,1150.946,151.2336,M4A1,100,100,0,0,0,False,True,True,242.5781,1.40625
Edward,CounterTerrorist,1580.733,1150.946,151.2336,M4A1,100,100,0,0,0,False,True,True,242.5781,1.40625
Edward,CounterTerrorist,1580.733,1150.946,151.2336,M4A1,100,100,0,0,0,False,True,True,242.5781,1.40625
Edward,CounterTerrorist,1580.733,1150.946,151.2336,M4A1,100,100,0,0,0,False,True,True,242.5781,1.40625
Edward,CounterTerrorist,1580.733,1150.946,151.2336,M4A1,100,100,0,0,0,False,True,True,242.5781,1.40625
Edward,CounterTerrorist,1580.733,1150.946,151.2336,M4A1,100,100,0,0,0,False,True,True,242.5781,1.40625
Edward,CounterTerrorist,1580.733,1150.946,151.2336,M4A1,100,100,0,0,0,False,True,True,242.5781,1.40625
Edward,CounterTerrorist,1580.733,1150.946,151.2336,M4A1,100,100,0,0,0,False,True,True,242.5781,1.40625
Edward,CounterTerrorist,1580.733,1150.946,151.2336,M4A1,100,100,0,0,0,False,True,True,242.5781,1.40625
Edward,CounterTerrorist,1580.733,1150.946,151.2336,M4A1,100,100,0,0,0,False,True,True,242.5781,1.40625
Edward,CounterTerrorist,1580.733,1150.946,151.2336,M4A1,100,100,0,0,0,False,True,True,242.5781,1.40625
Edward,CounterTerrorist,1580.733,1150.946,151.2336,M4A1,100,100,0,0,0,False,True,True,242.5781,1.40625
Edward,CounterTerrorist,1580.733,1150.946,151.2336,M4A1,100,100,0,0,0,False,True,True,242.5781,1.40625
Edward,CounterTerrorist,1580.733,1150.946,151.2336,M4A1,100,100,0,0,0,False,True,True,242.9297,1.40625
Edward,CounterTerrorist,1580.733,1150.946,151.2336,M4A1,100,100,0,0,0,False,True,True,242.9297,1.40625
Edward,CounterTerrorist,1580.733,1150.946,151.2336,M4A1,100,100,0,0,0,False,True,True,242.9297,1.757813
Edward,CounterTerrorist,1580.733,1150.946,151.2336,M4A1,100,100,0,0,0,False,True,True,242.9297,1.757813
Edward,CounterTerrorist,1580.733,1150.946,151.2336,M4A1,100,100,0,0,0,False,True,True,242.9297,1.757813
Edward,CounterTerrorist,1580.733,1150.946,151.2336,M4A1,100,100,0,0,0,False,True,True,242.9297,1.757813
Edward,CounterTerrorist,1580.733,1150.946,151.2336,M4A1,100,100,0,0,0,False,True,True,242.9297,1.757813
Edward,CounterTerrorist,1580.733,1150.946,151.2336,M4A1,100,100,0,0,0,False,True,True,242.9297,1.757813
Edward,CounterTerrorist,1580.733,1150.946,151.2336,M4A1,100,100,0,0,0,False,True,True,242.9297,1.757813
Edward,CounterTerrorist,1580.733,1150.946,151.2336,M4A1,100,100,0,0,0,False,True,True,242.9297,1.757813
Edward,CounterTerrorist,1580.733,1150.946,151.2336,M4A1,100,100,0,0,0,False,True,True,242.9297,1.757813
Edward,CounterTerrorist,1580.733,1150.946,151.2336,M4A1,100,100,0,0,0,False,True,True,242.9297,1.757813
Edward,CounterTerrorist,1580.733,1150.946,151.2336,M4A1,100,100,0,0,0,False,True,True,242.9297,1.757813
Edward,CounterTerrorist,1580.733,1150.946,151.2336,M4A1,100,100,0,0,0,False,True,True,242.9297,1.757813
Edward,CounterTerrorist,1580.733,1150.946,151.2336,M4A1,100,100,0,0,0,False,True,True,242.9297,1.757813
Edward,CounterTerrorist,1580.733,1150.946,151.2336,M4A1,100,100,0,0,0,False,True,True,242.9297,1.757813
Edward,CounterTerrorist,1580.733,1150.946,151.2336,M4A1,100,100,0,0,0,False,True,True,242.9297,1.757813
Edward,CounterTerrorist,1580.733,1150.946,151.2336,M4A1,100,100,0,0,0,False,True,True,242.9297,1.757813
Edward,CounterTerrorist,1580.733,1150.946,151.2336,M4A1,100,100,0,0,0,False,True,True,242.9297,1.757813
Edward,CounterTerrorist,1580.733,1150.946,151.2336,M4A1,100,100,0,0,0,False,True,True,242.9297,1.757813
Edward,CounterTerrorist,1580.733,1150.946,151.2336,M4A1,100,100,0,0,0,False,True,True,242.9297,1.757813
Edward,CounterTerrorist,1580.733,1150.946,151.2336,M4A1,100,100,0,0,0,False,True,True,242.9297,1.757813
Edward,CounterTerrorist,1580.733,1150.946,151.2336,M4A1,100,100,0,0,0,False,True,True,242.9297,1.757813
Edward,CounterTerrorist,1580.733,1150.946,151.2336,M4A1,100,100,0,0,0,False,True,True,242.9297,1.757813
Edward,CounterTerrorist,1580.733,1150.946,151.2336,M4A1,100,100,0,0,0,False,True,True,242.9297,1.757813
Edward,CounterTerrorist,1580.733,1150.946,151.2336,M4A1,100,100,0,0,0,False,True,True,242.9297,1.757813
Edward,CounterTerrorist,1580.733,1150.946,151.2336,M4A1,100,100,0,0,0,False,True,True,242.9297,1.757813
Edward,CounterTerrorist,1580.733,1150.946,151.2336,M4A1,100,100,0,0,0,False,True,True,242.9297,1.757813
Edward,CounterTerrorist,1580.733,1150.946,151.2336,M4A1,100,100,0,0,0,False,True,True,242.9297,1.757813
Edward,CounterTerrorist,1580.733,1150.946,151.2336,M4A1,100,100,0,0,0,False,True,True,242.9297,1.757813
Edward,CounterTerrorist,1580.733,1150.946,151.2336,M4A1,100,100,0,0,0,False,True,True,242.9297,1.757813
Edward,CounterTerrorist,1580.733,1150.946,151.2336,M4A1,100,100,0,0,0,False,True,True,242.9297,1.757813
Edward,CounterTerrorist,1580.733,1150.946,151.2336,M4A1,100,100,0,0,0,False,True,True,242.9297,1.757813
Edward,CounterTerrorist,1580.733,1150.946,151.2336,M4A1,100,100,0,0,0,False,True,True,242.9297,1.757813
Edward,CounterTerrorist,1580.733,1150.946,151.2336,M4A1,100,100,0,0,0,False,True,True,242.9297,1.757813
Edward,CounterTerrorist,1580.733,1150.946,151.2336,M4A1,100,100,0,0,0,False,True,True,242.9297,1.757813
Edward,CounterTerrorist,1580.733,1150.946,151.2336,M4A1,100,100,0,0,0,False,True,True,242.9297,1.757813
Edward,CounterTerrorist,1580.733,1150.946,151.2336,M4A1,100,100,0,0,0,False,True,True,242.9297,1.757813
Edward,CounterTerrorist,1580.733,1150.946,151.2336,M4A1,100,100,0,0,0,False,True,True,242.9297,1.757813
Edward,CounterTerrorist,1580.733,1150.946,151.2336,M4A1,100,100,0,0,0,False,True,True,242.9297,1.757813
Edward,CounterTerrorist,1580.733,1150.946,151.2336,M4A1,100,100,0,0,0,False,True,True,242.9297,1.757813
Edward,CounterTerrorist,1580.733,1150.946,151.2336,M4A1,100,100,0,0,0,False,True,True,242.9297,1.757813
Edward,CounterTerrorist,1580.733,1150.946,151.2336,M4A1,100,100,0,0,0,False,True,True,242.9297,1.757813
Edward,CounterTerrorist,1580.733,1150.946,151.2336,M4A1,100,100,0,0,0,False,True,True,242.9297,1.757813
Edward,CounterTerrorist,1580.733,1150.946,151.2336,M4A1,100,100,0,0,0,False,True,True,242.9297,1.757813
Edward,CounterTerrorist,1580.733,1150.946,151.2336,M4A1,100,100,0,0,0,False,True,True,242.9297,1.757813
Edward,CounterTerrorist,1580.733,1150.946,151.2336,M4A1,100,100,0,0,0,False,True,True,242.5781,1.757813
Edward,CounterTerrorist,1580.733,1150.946,151.2336,M4A1,100,100,0,0,0,False,True,True,242.5781,1.757813
Edward,CounterTerrorist,1580.733,1150.946,151.2336,M4A1,100,100,0,0,0,False,True,True,242.5781,1.757813
Edward,CounterTerrorist,1580.733,1150.946,151.2336,M4A1,100,100,0,0,0,False,True,True,242.5781,1.757813
Edward,CounterTerrorist,1580.733,1150.946,151.2336,M4A1,100,100,0,0,0,False,True,True,242.5781,1.757813
Edward,CounterTerrorist,1580.733,1150.946,151.2336,M4A1,100,100,0,0,0,False,True,True,242.5781,1.757813
Edward,CounterTerrorist,1580.733,1150.946,151.2336,M4A1,100,100,0,0,0,False,True,True,242.5781,1.757813
Edward,CounterTerrorist,1580.733,1150.946,151.2336,M4A1,100,100,0,0,0,False,True,True,242.5781,1.757813
Edward,CounterTerrorist,1580.733,1150.946,151.2336,M4A1,100,100,0,0,0,False,True,True,242.5781,1.757813
Edward,CounterTerrorist,1580.733,1150.946,151.2336,M4A1,100,100,0,0,0,False,True,True,242.5781,1.757813
Edward,CounterTerrorist,1580.733,1150.946,151.2336,M4A1,100,100,0,0,0,False,True,True,242.5781,1.757813
Edward,CounterTerrorist,1580.733,1150.946,151.2336,M4A1,100,100,0,0,0,False,True,True,242.5781,1.757813
Edward,CounterTerrorist,1580.733,1150.946,151.2336,M4A1,100,100,0,0,0,False,True,True,242.5781,1.757813
Edward,CounterTerrorist,1580.733,1150.946,151.2336,M4A1,100,100,0,0,0,False,True,True,242.5781,1.757813
Edward,CounterTerrorist,1580.733,1150.946,151.2336,M4A1,100,100,0,0,0,False,True,True,242.5781,1.757813
Edward,CounterTerrorist,1580.733,1150.946,151.2336,M4A1,100,100,0,0,0,False,True,True,242.5781,1.757813
Edward,CounterTerrorist,1580.733,1150.946,151.2336,M4A1,100,100,0,0,0,False,True,True,242.5781,1.757813
Edward,CounterTerrorist,1580.733,1150.946,151.2336,M4A1,100,100,0,0,0,False,True,True,242.5781,1.757813
Edward,CounterTerrorist,1580.733,1150.946,151.2336,M4A1,100,100,0,0,0,False,True,True,242.5781,1.757813
Edward,CounterTerrorist,1580.733,1150.946,151.2336,M4A1,100,100,0,0,0,False,True,True,242.5781,1.757813
Edward,CounterTerrorist,1580.733,1150.946,151.2336,M4A1,100,100,0,0,0,False,True,True,242.5781,1.757813
Edward,CounterTerrorist,1580.733,1150.946,151.2336,M4A1,100,100,0,0,0,False,True,True,242.5781,1.757813
Edward,CounterTerrorist,1580.733,1150.946,151.2336,M4A1,100,100,0,0,0,False,True,True,242.5781,1.757813
Edward,CounterTerrorist,1580.733,1150.946,151.2336,M4A1,100,100,0,0,0,False,True,True,242.5781,1.757813
Edward,CounterTerrorist,1580.733,1150.946,151.2336,M4A1,100,100,0,0,0,False,True,True,242.5781,1.757813
Edward,CounterTerrorist,1580.733,1150.946,151.2336,M4A1,100,100,0,0,0,False,True,True,242.5781,1.757813
Edward,CounterTerrorist,1580.733,1150.946,151.2336,M4A1,100,100,0,0,0,False,True,True,242.5781,1.757813
Edward,CounterTerrorist,1580.733,1150.946,151.2336,M4A1,100,100,0,0,0,False,True,True,242.5781,1.757813
Edward,CounterTerrorist,1580.733,1150.946,151.2336,M4A1,100,100,0,0,0,False,True,True,242.5781,1.757813
Edward,CounterTerrorist,1580.733,1150.946,151.2336,M4A1,100,100,0,0,0,False,True,True,242.5781,1.757813
Edward,CounterTerrorist,1580.733,1150.946,151.2336,M4A1,100,100,0,0,0,False,True,True,242.5781,1.757813
Edward,CounterTerrorist,1580.733,1150.946,151.2336,M4A1,100,100,0,0,0,False,True,True,242.5781,1.757813
Edward,CounterTerrorist,1580.733,1150.946,151.2336,M4A1,100,100,0,0,0,False,True,True,242.5781,1.757813
Edward,CounterTerrorist,1580.733,1150.946,151.2336,M4A1,100,100,0,0,0,False,True,True,242.5781,1.757813
Edward,CounterTerrorist,1580.733,1150.946,151.2336,M4A1,100,100,0,0,0,False,True,True,242.5781,1.757813
Edward,CounterTerrorist,1580.733,1150.946,151.2336,M4A1,100,100,0,0,0,False,True,True,242.5781,1.757813
Edward,CounterTerrorist,1580.733,1150.946,151.2336,M4A1,100,100,0,0,0,False,True,True,242.5781,1.757813
Edward,CounterTerrorist,1580.733,1150.946,151.2336,M4A1,100,100,0,0,0,False,True,True,242.5781,1.757813
Edward,CounterTerrorist,1580.733,1150.946,151.2336,M4A1,100,100,0,0,0,False,True,True,242.5781,1.757813
Edward,CounterTerrorist,1580.733,1150.946,151.2336,M4A1,100,100,0,0,0,False,True,True,242.5781,1.757813
Edward,CounterTerrorist,1580.733,1150.946,151.2336,M4A1,100,100,0,0,0,False,True,True,242.5781,1.757813
Edward,CounterTerrorist,1580.733,1150.946,151.2336,M4A1,100,100,0,0,0,False,True,True,242.5781,1.757813
Edward,CounterTerrorist,1580.733,1150.946,151.2336,M4A1,100,100,0,0,0,False,True,True,242.5781,1.757813
Edward,CounterTerrorist,1580.733,1150.946,151.2336,M4A1,100,100,0,0,0,False,True,True,242.5781,1.757813
Edward,CounterTerrorist,1580.733,1150.946,151.2336,M4A1,100,100,0,0,0,False,True,True,242.5781,1.757813
Edward,CounterTerrorist,1580.733,1150.946,151.2336,M4A1,100,100,0,0,0,False,True,True,242.5781,1.757813
Edward,CounterTerrorist,1580.733,1150.946,151.2336,M4A1,100,100,0,0,0,False,True,True,242.5781,1.757813
Edward,CounterTerrorist,1580.733,1150.946,151.2336,M4A1,100,100,0,0,0,False,True,True,242.5781,1.757813
Edward,CounterTerrorist,1580.733,1150.946,151.2336,M4A1,100,100,0,0,0,False,True,True,242.5781,1.757813
Edward,CounterTerrorist,1580.733,1150.946,151.2336,M4A1,100,100,0,0,0,False,True,True,242.5781,1.757813
Edward,CounterTerrorist,1580.733,1150.946,151.2336,M4A1,100,100,0,0,0,False,True,True,242.5781,1.757813
Edward,CounterTerrorist,1580.733,1150.946,151.2336,M4A1,100,100,0,0,0,False,True,True,242.5781,1.757813
Edward,CounterTerrorist,1580.733,1150.946,151.2336,M4A1,100,100,0,0,0,False,True,True,242.5781,1.757813
Edward,CounterTerrorist,1580.733,1150.946,151.2336,M4A1,100,100,0,0,0,False,True,True,242.5781,1.757813
Edward,CounterTerrorist,1580.733,1150.946,151.2336,M4A1,100,100,0,0,0,False,True,True,242.5781,1.757813
Edward,CounterTerrorist,1580.733,1150.946,151.2336,M4A1,100,100,0,0,0,False,True,True,242.5781,1.757813
Edward,CounterTerrorist,1580.733,1150.946,151.2336,M4A1,100,100,0,0,0,False,True,True,242.5781,1.757813
Edward,CounterTerrorist,1580.733,1150.946,151.2336,M4A1,100,100,0,0,0,False,True,True,242.5781,1.757813
Edward,CounterTerrorist,1580.733,1150.946,151.2336,M4A1,100,100,0,0,0,False,True,True,242.5781,1.757813
Edward,CounterTerrorist,1580.733,1150.946,151.2336,M4A1,100,100,0,0,0,False,True,True,242.5781,1.757813
Edward,CounterTerrorist,1580.733,1150.946,151.2336,M4A1,100,100,0,0,0,False,True,True,242.5781,1.757813
Edward,CounterTerrorist,1580.733,1150.946,151.2336,M4A1,100,100,0,0,0,False,True,True,242.5781,1.757813
Edward,CounterTerrorist,1580.733,1150.946,151.2336,M4A1,100,100,0,0,0,False,True,True,242.5781,1.757813
Edward,CounterTerrorist,1580.733,1150.946,151.2336,M4A1,100,100,0,0,0,False,True,True,242.5781,1.757813
Edward,CounterTerrorist,1580.733,1150.946,151.2336,M4A1,100,100,0,0,0,False,True,True,242.5781,1.757813
Edward,CounterTerrorist,1580.733,1150.946,151.2336,M4A1,100,100,0,0,0,False,True,True,242.5781,1.757813
Edward,CounterTerrorist,1580.733,1150.946,151.2336,M4A1,100,100,0,0,0,False,True,True,242.5781,1.757813
Edward,CounterTerrorist,1580.733,1150.946,151.2336,M4A1,100,100,0,0,0,False,True,True,242.5781,1.757813
Edward,CounterTerrorist,1580.733,1150.946,151.2336,M4A1,100,100,0,0,0,False,True,True,242.5781,1.757813
Edward,CounterTerrorist,1580.733,1150.946,151.2336,M4A1,100,100,0,0,0,False,True,True,242.5781,1.757813
Edward,CounterTerrorist,1580.733,1150.946,151.2336,M4A1,100,100,0,0,0,False,True,True,242.5781,1.757813
Edward,CounterTerrorist,1580.733,1150.946,151.2336,M4A1,100,100,0,0,0,False,True,True,242.5781,1.757813
Edward,CounterTerrorist,1580.733,1150.946,151.2336,M4A1,100,100,0,0,0,False,True,True,242.5781,1.757813
Edward,CounterTerrorist,1580.733,1150.946,151.2336,M4A1,100,100,0,0,0,False,True,True,242.5781,1.757813
Edward,CounterTerrorist,1580.733,1150.946,151.2336,M4A1,100,100,0,0,0,False,True,True,242.5781,1.757813
Edward,CounterTerrorist,1580.733,1150.946,151.2336,M4A1,100,100,0,0,0,False,True,True,242.5781,1.757813
Edward,CounterTerrorist,1580.733,1150.946,151.2336,M4A1,100,100,0,0,0,False,True,True,242.5781,1.757813
Edward,CounterTerrorist,1580.733,1150.946,151.2336,M4A1,100,100,0,0,0,False,True,True,242.5781,1.757813
Edward,CounterTerrorist,1580.733,1150.946,151.2336,M4A1,100,100,0,0,0,False,True,True,242.5781,1.757813
Edward,CounterTerrorist,1580.733,1150.946,151.2336,M4A1,100,100,0,0,0,False,True,True,242.5781,1.757813
Edward,CounterTerrorist,1580.733,1150.946,151.2336,M4A1,100,100,0,0,0,False,True,True,242.5781,1.757813
Edward,CounterTerrorist,1580.733,1150.946,151.2336,M4A1,100,100,0,0,0,False,True,True,242.5781,1.757813
Edward,CounterTerrorist,1580.733,1150.946,151.2336,M4A1,100,100,0,0,0,False,True,True,242.5781,1.757813
Edward,CounterTerrorist,1580.733,1150.946,151.2336,M4A1,100,100,0,0,0,False,True,True,242.5781,1.757813
Edward,CounterTerrorist,1580.733,1150.946,151.2336,M4A1,100,100,0,0,0,False,True,True,242.5781,1.757813
Edward,CounterTerrorist,1580.733,1150.946,151.2336,M4A1,100,100,0,0,0,False,True,True,242.5781,1.757813
Edward,CounterTerrorist,1580.733,1150.946,151.2336,M4A1,100,100,0,0,0,False,True,True,242.5781,1.757813
Edward,CounterTerrorist,1580.758,1150.933,151.232,M4A1,100,100,3.30263,-1.709308,0,False,True,True,242.5781,1.757813
Edward,CounterTerrorist,1580.982,1150.817,151.2177,M4A1,100,100,7.326843,-3.792079,0,True,True,True,242.5781,1.757813
Edward,CounterTerrorist,1581.362,1150.62,151.1933,M4A1,100,100,11.35106,-5.87485,0,True,True,True,242.5781,1.757813
Edward,CounterTerrorist,1581.9,1150.342,151.1588,M4A1,100,100,15.37527,-7.957621,0,True,True,True,242.5781,1.757813
Edward,CounterTerrorist,1582.595,1149.982,151.1142,M4A1,100,100,19.39948,-10.04039,0,True,True,True,242.5781,1.757813
Edward,CounterTerrorist,1583.574,1149.475,151.0513,M4A1,100,100,34.30294,-17.75383,0,False,True,True,242.5781,1.757813
Edward,CounterTerrorist,1585.646,1148.403,150.9184,M4A1,100,100,65.51337,-33.93625,0,False,True,True,242.5781,2.109375
Edward,CounterTerrorist,1588.626,1146.858,150.727,M4A1,100,100,80.63864,-41.86275,0,False,True,True,242.2266,2.109375
Edward,CounterTerrorist,1591.999,1145.101,150.5096,M4A1,100,100,89.90807,-46.96267,0,False,True,True,241.5234,2.109375
Edward,CounterTerrorist,1595.692,1143.159,150.2698,M4A1,100,100,97.39922,-51.48231,0,False,True,True,240.8203,2.460938
Edward,CounterTerrorist,1599.639,1141.053,150.0108,M4A1,100,100,103.0858,-55.33811,0,False,True,True,240.1172,2.460938
Edward,CounterTerrorist,1603.657,1138.876,149.7439,M4A1,100,100,102.714,-56.02536,0,False,True,True,239.0625,2.8125
Edward,CounterTerrorist,1607.658,1136.667,149.4742,M4A1,100,100,102.209,-56.94139,0,False,True,True,238.0078,3.164063
Edward,CounterTerrorist,1611.636,1134.416,149.201,M4A1,100,100,101.5468,-58.11415,0,False,True,True,236.9531,3.164063
Edward,CounterTerrorist,1615.585,1132.116,148.9237,M4A1,100,100,100.8087,-59.3853,0,False,True,True,235.8984,3.515625
Edward,CounterTerrorist,1619.505,1129.765,148.6421,M4A1,100,100,100.001,-60.73541,0,False,True,True,234.8437,3.515625
Edward,CounterTerrorist,1623.389,1127.357,148.3557,M4A1,100,100,99.05789,-62.2618,0,False,True,True,233.4375,3.867188
Edward,CounterTerrorist,1627.233,1124.885,148.0638,M4A1,100,100,97.93365,-64.01561,0,False,True,True,231.6797,3.867188
Edward,CounterTerrorist,1631.029,1122.34,147.7659,M4A1,100,100,96.65997,-65.92306,0,False,True,True,230.2734,3.867188
Edward,CounterTerrorist,1634.885,1119.63,147.4517,Flash,100,100,99.91898,-71.57545,0,False,True,True,228.8672,4.21875
Edward,CounterTerrorist,1638.878,1116.807,147.1246,Flash,100,100,105.0754,-68.69892,0,False,True,True,227.4609,4.570313
Edward,CounterTerrorist,1643.177,1114.431,146.8347,Flash,100,100,113.1687,-55.99975,0,False,True,True,226.0547,4.570313
Edward,CounterTerrorist,1647.746,1112.485,146.7875,Flash,100,100,118.8436,-45.90153,0,False,True,True,224.2969,4.921875
Edward,CounterTerrorist,1652.456,1110.883,146.7875,Flash,100,100,121.5609,-38.12758,0,False,True,True,221.1328,4.921875
Edward,CounterTerrorist,1657.24,1109.513,146.775,Flash,100,100,122.9194,-33.49014,0,False,True,True,216.211,4.921875
Edward,CounterTerrorist,1662.052,1108.243,146.7544,Flash,100,100,123.2458,-32.26816,0,False,True,True,210.2344,4.921875
Edward,CounterTerrorist,1666.859,1106.955,146.7346,Flash,100,100,122.8592,-33.71009,0,False,True,True,204.9609,4.21875
Edward,CounterTerrorist,1671.643,1105.582,146.7189,Flash,100,100,122.194,-36.04712,0,False,True,True,203.9063,4.21875
Edward,CounterTerrorist,1676.402,1104.129,146.7069,Flash,100,100,121.638,-37.88088,0,False,True,True,203.9063,4.21875
Edward,CounterTerrorist,1681.143,1102.614,146.698,Flash,100,100,121.174,-39.33994,0,False,True,True,203.9063,4.21875
Edward,CounterTerrorist,1685.867,1101.049,146.6914,Flash,100,100,120.7863,-40.51448,0,False,True,True,203.9063,4.21875
Edward,CounterTerrorist,1690.577,1099.444,146.6868,Flash,100,100,120.4625,-41.46746,0,False,True,True,203.9063,4.21875
Edward,CounterTerrorist,1695.276,1097.805,146.6838,Flash,100,100,120.1921,-42.24479,0,False,True,True,203.9063,4.21875
Edward,CounterTerrorist,1699.966,1096.14,146.6821,Flash,100,100,119.9665,-42.88118,0,False,True,True,203.9063,4.21875
Edward,CounterTerrorist,1704.665,1094.545,146.6772,Flash,100,100,121.2337,-35.50419,0,False,True,True,203.9063,4.21875
Edward,CounterTerrorist,1709.473,1093.563,146.6442,Flash,100,100,124.2646,-18.63731,0,False,True,True,203.9063,4.21875
Edward,CounterTerrorist,1714.388,1093.17,146.5992,Flash,100,100,126.7683,-4.704505,0,False,True,True,203.9063,4.21875
Edward,CounterTerrorist,1719.361,1093.262,146.5486,Flash,100,100,127.221,6.751792,0,False,True,True,203.9063,4.21875
Edward,CounterTerrorist,1724.333,1093.425,146.4951,Flash,100,100,127.3997,-0.260221,0,False,True,True,203.9063,4.21875
Edward,CounterTerrorist,1729.303,1093.189,146.4586,Flash,100,100,127.0374,-9.604525,0,False,True,True,203.9063,4.21875
Edward,CounterTerrorist,1734.247,1092.634,146.4361,Flash,100,100,126.2488,-17.08796,0,False,True,True,203.9063,4.21875
Edward,CounterTerrorist,1739.157,1091.822,146.425,Flash,100,100,125.298,-23.04731,0,False,True,True,203.9063,4.21875
Edward,CounterTerrorist,1744.029,1090.808,146.4227,Flash,100,100,124.3377,-27.76507,0,False,True,True,203.9063,4.21875
Edward,CounterTerrorist,1748.865,1089.633,146.4227,Flash,100,100,123.4475,-31.48769,0,False,True,True,203.9063,4.21875
Edward,CounterTerrorist,1753.751,1088.792,146.4183,Flash,100,100,126.0933,-15.3195,0,False,True,True,203.9063,4.21875
Edward,CounterTerrorist,1758.491,1088.74,146.3398,Flash,100,100,116.3603,9.384266,0,False,True,True,203.9063,4.21875
Edward,CounterTerrorist,1762.779,1089.659,146.2446,Flash,100,100,105.6418,32.3564,0,False,True,True,203.9063,4.21875
Edward,CounterTerrorist,1766.693,1091.379,146.137,Flash,100,100,96.79394,51.33006,0,False,True,True,203.9063,4.21875
Edward,CounterTerrorist,1770.299,1093.761,146.0192,Flash,100,100,89.4852,67.00316,0,False,True,True,203.9063,4.21875
Edward,CounterTerrorist,1773.65,1096.689,145.8925,Flash,100,100,83.48091,79.937,0,False,True,True,203.9063,4.21875
Edward,CounterTerrorist,1776.791,1100.068,145.7178,Flash,100,100,78.5211,90.62093,0,False,True,True,203.9063,4.21875
Edward,CounterTerrorist,1779.76,1103.82,145.5287,Flash,100,100,74.42407,99.44634,0,False,True,True,203.9063,4.21875
Edward,CounterTerrorist,1782.433,1107.604,145.3411,M4A1,100,100,65.45192,96.97961,0,False,True,True,203.9063,4.21875
Edward,CounterTerrorist,1784.875,1111.467,145.1522,M4A1,100,100,60.68416,100.0322,0,False,True,True,203.9063,4.21875
Edward,CounterTerrorist,1787.153,1115.429,145.1483,M4A1,100,100,56.86429,102.2519,0,False,True,True,203.9063,4.21875
Edward,CounterTerrorist,1789.307,1119.46,145.506,M4A1,100,100,54.11783,103.7317,0,False,True,True,203.2031,4.21875
Edward,CounterTerrorist,1791.377,1123.534,145.8685,M4A1,100,100,52.39265,104.6136,0,False,True,True,202.1484,4.21875
Edward,CounterTerrorist,1793.398,1127.633,146.2339,M4A1,100,100,51.35814,105.1254,0,False,True,True,201.0938,4.21875
Edward,CounterTerrorist,1795.393,1131.745,146.6007,M4A1,100,100,50.98638,105.3062,0,False,True,True,199.3359,4.21875
Edward,CounterTerrorist,1797.391,1135.856,146.928,M4A1,100,100,51.32874,105.1397,0,False,True,True,197.2266,4.21875
Edward,CounterTerrorist,1799.412,1139.955,147.1975,M4A1,100,100,52.04607,104.7865,0,False,True,True,196.5234,4.21875
Edward,CounterTerrorist,1801.464,1144.039,147.4653,M4A1,100,100,52.80646,104.4053,0,False,True,True,196.1719,4.21875
Edward,CounterTerrorist,1803.542,1148.109,147.7317,M4A1,100,100,53.461,104.0717,0,False,True,True,196.1719,4.21875
Edward,CounterTerrorist,1805.643,1152.168,147.9968,M4A1,100,100,53.9966,103.7948,0,False,True,True,196.1719,4.21875
Edward,CounterTerrorist,1807.763,1156.217,148.2609,M4A1,100,100,54.436,103.5651,0,False,True,True,196.1719,4.21875
Edward,CounterTerrorist,1810.051,1160.155,148.5138,M4A1,100,100,64.45918,96.83765,0,False,True,True,196.1719,4.21875
Edward,CounterTerrorist,1812.906,1163.706,148.7283,M4A1,100,100,78.27168,86.96288,0,False,True,True,196.1719,4.21875
Edward,CounterTerrorist,1816.2,1166.87,148.9066,M4A1,100,100,87.92231,77.19239,0,False,True,True,196.1719,4.21875
Edward,CounterTerrorist,1819.802,1169.681,149.1782,M4A1,100,100,94.77077,68.61123,0,False,True,True,196.1719,4.21875
Edward,CounterTerrorist,1823.623,1172.187,149.4846,M4A1,100,100,99.60854,61.37701,0,False,True,True,196.1719,3.867188
Edward,CounterTerrorist,1827.597,1174.442,149.7509,M4A1,100,100,103.0352,55.4323,0,False,True,True,196.1719,3.867188
Edward,CounterTerrorist,1831.682,1176.491,149.985,M4A1,100,100,105.4798,50.62628,0,False,True,True,196.1719,3.867188
Edward,CounterTerrorist,1835.845,1178.376,150.1933,M4A1,100,100,107.2184,46.83166,0,False,True,True,196.1719,3.867188
Edward,CounterTerrorist,1840.063,1180.137,150.3821,M4A1,100,100,108.4103,44.00237,0,False,True,True,196.1719,3.867188
Edward,CounterTerrorist,1844.318,1181.803,150.5563,M4A1,100,100,109.2669,41.83004,0,False,True,True,196.1719,3.867188
Edward,CounterTerrorist,1848.283,1183.306,150.7112,M4A1,100,100,93.89839,35.57822,0,False,True,True,196.1719,3.867188
Edward,CounterTerrorist,1851.559,1184.547,150.8391,M4A1,100,100,77.56429,29.38921,0,False,True,True,196.1719,3.867188
Edward,CounterTerrorist,1854.263,1185.571,150.9446,M4A1,100,100,63.90137,24.21231,0,False,True,True,196.1719,3.867188
Edward,CounterTerrorist,1856.45,1186.4,151.0713,M4A1,100,100,50.75119,19.22969,0,False,True,True,196.1719,3.867188
Edward,CounterTerrorist,1858.125,1187.034,151.1968,M4A1,100,100,37.60101,14.24707,0,False,True,True,196.1719,3.867188
Edward,CounterTerrorist,1859.285,1187.474,151.2695,M4A1,100,100,24.45082,9.264445,0,False,True,True,196.1719,3.867188
Edward,CounterTerrorist,1859.932,1187.719,151.3176,M4A1,100,100,11.30063,4.281823,0,False,True,True,196.1719,3.867188
Edward,CounterTerrorist,1860.074,1187.773,151.3375,M4A1,100,100,0,0,0,False,True,True,196.1719,3.867188
Edward,CounterTerrorist,1860.074,1187.773,151.3375,M4A1,100,100,0,0,0,False,True,True,196.1719,3.867188
Edward,CounterTerrorist,1860.374,1187.859,151.3549,M4A1,100,100,13.74925,3.975655,0,False,True,True,196.1719,3.867188
Edward,CounterTerrorist,1861.235,1188.108,151.4013,M4A1,100,100,27.55853,7.96867,0,False,True,True,196.1719,3.867188
Edward,CounterTerrorist,1862.336,1188.866,151.5477,M4A1,100,100,29.04872,26.19409,0,False,True,True,196.1719,3.867188
Edward,CounterTerrorist,1863.557,1190.241,151.7747,M4A1,100,100,32.94767,41.00749,0,False,True,True,196.5234,3.515625
Edward,CounterTerrorist,1864.922,1192.173,152.0871,M4A1,100,100,33.40879,55.29052,0,False,True,True,197.5781,3.515625
Edward,CounterTerrorist,1865.871,1194.671,152.4757,M4A1,100,100,18.62674,69.46481,0,False,True,True,198.9844,3.515625
Edward,CounterTerrorist,1866.306,1197.686,152.9314,M4A1,100,100,6.390876,82.06236,0,False,True,True,200.3906,3.164063
Edward,CounterTerrorist,1866.302,1201.141,153.4442,M4A1,100,100,-4.199849,92.40836,0,False,True,True,201.4453,2.8125
Edward,CounterTerrorist,1865.919,1204.952,154.0027,M4A1,100,100,-13.40979,100.7719,0,False,True,True,202.5,2.8125
Edward,CounterTerrorist,1865.204,1209.051,154.5977,M4A1,100,100,-21.42974,107.5089,0,False,True,True,203.5547,2.8125
Edward,CounterTerrorist,1864.198,1213.38,155.2215,M4A1,100,100,-28.5301,112.8653,0,False,True,True,204.6094,2.460938
Edward,CounterTerrorist,1862.961,1217.78,155.8513,M4A1,100,100,-33.59398,112.0734,0,False,True,True,206.3672,2.109375
Edward,CounterTerrorist,1861.542,1222.125,156.4696,M4A1,100,100,-38.06008,110.6365,0,False,True,True,207.7734,2.109375
Edward,CounterTerrorist,1859.96,1226.412,157.3391,M4A1,100,100,-42.07843,109.1714,0,False,True,True,209.1797,1.757813
Edward,CounterTerrorist,1858.232,1230.643,158.3219,M4A1,100,100,-45.6632,107.7213,0,False,True,True,210.5859,1.757813
Edward,CounterTerrorist,1856.368,1234.815,160.0313,M4A1,100,100,-49.06251,106.2161,0,False,True,True,212.3437,1.40625
Edward,CounterTerrorist,1854.551,1239.006,160.0313,M4A1,100,100,-41.21137,109.5017,0,False,True,True,213.3984,1.40625
Edward,CounterTerrorist,1853.252,1243.386,160.0313,M4A1,100,100,-28.39257,113.5027,0,False,True,True,215.1563,1.40625
Edward,CounterTerrorist,1852.379,1247.871,160.0313,M4A1,100,100,-18.69204,115.4972,0,False,True,True,216.9141,1.054688
Edward,CounterTerrorist,1851.829,1252.407,160.0313,M4A1,100,100,-11.22753,116.46,0,False,True,True,217.2656,1.054688
Edward,CounterTerrorist,1851.534,1256.967,160.0313,M4A1,100,100,-5.321484,116.8789,0,False,True,True,217.2656,1.054688
Edward,CounterTerrorist,1851.438,1261.536,160.0313,M4A1,100,100,-0.6816567,116.998,0,False,True,True,217.2656,1.054688
Edward,CounterTerrorist,1851.495,1266.106,160.0313,M4A1,100,100,2.770199,116.9672,0,False,True,True,217.2656,1.054688
Edward,CounterTerrorist,1851.666,1270.673,160.0313,M4A1,100,100,5.330613,116.8785,0,False,True,True,217.2656,1.054688
Edward,CounterTerrorist,1851.919,1275.236,160.0313,M4A1,100,100,7.163245,116.7805,0,False,True,True,217.6172,1.054688
Edward,CounterTerrorist,1852.233,1279.796,160.0313,M4A1,100,100,8.592226,116.6841,0,False,True,True,217.6172,1.40625
Edward,CounterTerrorist,1852.594,1284.352,160.0313,M4A1,100,100,9.595017,116.6059,0,False,True,True,218.3203,1.40625
Edward,CounterTerrorist,1852.984,1288.906,160.0313,M4A1,100,100,10.2163,116.5531,0,False,True,True,218.6719,1.40625
Edward,CounterTerrorist,1853.392,1293.458,160.0313,M4A1,100,100,10.5267,116.5255,0,False,True,True,219.375,1.40625
Edward,CounterTerrorist,1853.802,1298.01,160.0313,M4A1,100,100,10.44919,116.5324,0,False,True,True,220.4297,1.757813
Edward,CounterTerrorist,1854.204,1302.563,160.0313,M4A1,100,100,10.14618,116.5592,0,False,True,True,221.1328,1.757813
Edward,CounterTerrorist,1854.496,1307.114,160.0313,M4A1,100,100,1.744895,116.3576,0,False,True,True,221.4844,1.757813
Edward,CounterTerrorist,1854.841,1310.853,160.0313,M4A1,100,100,15.74266,80.06012,0,False,True,True,221.8359,1.757813
Edward,CounterTerrorist,1855.807,1313.158,160.0313,M4A1,100,100,30.07553,45.36924,0,False,True,True,221.8359,1.757813
Edward,CounterTerrorist,1857.206,1314.192,160.0313,M4A1,100,100,38.87036,14.73144,0,False,True,True,221.8359,1.757813
Edward,CounterTerrorist,1858.416,1314.651,160.0313,M4A1,100,100,25.72056,9.747808,0,False,True,True,221.8359,1.757813
Edward,CounterTerrorist,1859.112,1314.915,160.0313,M4A1,100,100,12.57076,4.764177,0,False,True,True,221.4844,1.40625
Edward,CounterTerrorist,1859.3,1314.986,160.0313,M4A1,100,100,0,0,0,False,True,True,221.1328,1.054688
Edward,CounterTerrorist,1859.3,1314.986,160.0313,M4A1,100,100,0,0,0,False,True,True,221.1328,1.054688
Edward,CounterTerrorist,1859.3,1314.986,160.0313,M4A1,100,100,0,0,0,False,True,True,221.1328,1.054688
Edward,CounterTerrorist,1859.3,1314.986,160.0313,M4A1,100,100,0,0,0,False,True,True,221.1328,1.054688
Edward,CounterTerrorist,1859.3,1314.986,160.0313,M4A1,100,100,0,0,0,False,True,True,221.1328,1.054688
Edward,CounterTerrorist,1859.3,1314.986,160.0313,M4A1,100,100,0,0,0,False,True,True,221.1328,1.054688
Edward,CounterTerrorist,1859.3,1314.986,160.0313,M4A1,100,100,0,0,0,False,True,True,221.1328,1.054688
Edward,CounterTerrorist,1859.3,1314.986,160.0313,M4A1,100,100,0,0,0,False,True,True,221.1328,1.054688
Edward,CounterTerrorist,1859.3,1314.986,160.0313,M4A1,100,100,0,0,0,False,True,True,221.1328,1.054688
Edward,CounterTerrorist,1859.3,1314.986,160.0313,M4A1,100,100,0,0,0,False,True,True,221.1328,1.054688
Edward,CounterTerrorist,1859.3,1314.986,160.0313,M4A1,100,100,0,0,0,False,True,True,221.1328,1.054688
Edward,CounterTerrorist,1859.3,1314.986,160.0313,M4A1,100,100,0,0,0,False,True,True,221.1328,1.054688
Edward,CounterTerrorist,1859.3,1314.986,160.0313,M4A1,100,100,0,0,0,False,True,True,221.1328,1.054688
Edward,CounterTerrorist,1859.3,1314.986,160.0313,M4A1,100,100,0,0,0,False,True,True,221.1328,1.054688
Edward,CounterTerrorist,1859.3,1314.986,160.0313,M4A1,100,100,0,0,0,False,True,True,221.1328,1.054688
Edward,CounterTerrorist,1859.3,1314.986,160.0313,M4A1,100,100,0,0,0,False,True,True,221.1328,1.054688
Edward,CounterTerrorist,1859.3,1314.986,160.0313,M4A1,100,100,0,0,0,False,True,True,221.1328,1.054688
Edward,CounterTerrorist,1859.3,1314.986,160.0313,M4A1,100,100,0,0,0,False,True,True,221.1328,1.054688
Edward,CounterTerrorist,1859.3,1314.986,160.0313,M4A1,100,100,0,0,0,False,True,True,221.1328,1.054688
Edward,CounterTerrorist,1859.3,1314.986,160.0313,M4A1,100,100,0,0,0,False,True,True,221.1328,1.054688
Edward,CounterTerrorist,1859.3,1314.986,160.0313,M4A1,100,100,0,0,0,False,True,True,221.1328,1.054688
Edward,CounterTerrorist,1859.3,1314.986,160.0313,M4A1,100,100,0,0,0,False,True,True,221.1328,1.054688
Edward,CounterTerrorist,1859.3,1314.986,160.0313,M4A1,100,100,0,0,0,False,True,True,221.1328,1.054688
Edward,CounterTerrorist,1859.3,1314.986,160.0313,M4A1,100,100,0,0,0,False,True,True,221.1328,1.054688
Edward,CounterTerrorist,1859.3,1314.986,160.0313,M4A1,100,100,0,0,0,False,True,True,221.1328,1.054688
Edward,CounterTerrorist,1859.3,1314.986,160.0313,M4A1,100,100,0,0,0,False,True,True,221.1328,1.054688
Edward,CounterTerrorist,1859.3,1314.986,160.0313,M4A1,100,100,0,0,0,False,True,True,221.1328,1.054688
Edward,CounterTerrorist,1859.3,1314.986,160.0313,M4A1,100,100,0,0,0,False,True,True,221.1328,1.054688
Edward,CounterTerrorist,1859.3,1314.986,160.0313,M4A1,100,100,0,0,0,False,True,True,221.1328,1.054688
Edward,CounterTerrorist,1859.3,1314.986,160.0313,M4A1,100,100,0,0,0,False,True,True,221.1328,1.054688
Edward,CounterTerrorist,1859.3,1314.986,160.0313,M4A1,100,100,0,0,0,False,True,True,221.1328,1.054688
Edward,CounterTerrorist,1859.3,1314.986,160.0313,M4A1,100,100,0,0,0,False,True,True,221.1328,1.054688
Edward,CounterTerrorist,1859.3,1314.986,160.0313,M4A1,100,100,0,0,0,False,True,True,221.1328,1.054688
Edward,CounterTerrorist,1859.3,1314.986,160.0313,M4A1,100,100,0,0,0,False,True,True,221.1328,1.054688
Edward,CounterTerrorist,1859.3,1314.986,160.0313,M4A1,100,100,0,0,0,False,True,True,221.1328,1.054688
Edward,CounterTerrorist,1859.3,1314.986,160.0313,M4A1,100,100,0,0,0,False,True,True,221.1328,1.054688
Edward,CounterTerrorist,1859.3,1314.986,160.0313,M4A1,100,100,0,0,0,False,True,True,221.1328,1.054688
Edward,CounterTerrorist,1859.3,1314.986,160.0313,M4A1,100,100,0,0,0,False,True,True,221.1328,1.054688
Edward,CounterTerrorist,1859.3,1314.986,160.0313,M4A1,100,100,0,0,0,False,True,True,221.1328,1.054688
Edward,CounterTerrorist,1859.3,1314.986,160.0313,M4A1,100,100,0,0,0,False,True,True,221.1328,1.054688
Edward,CounterTerrorist,1859.3,1314.986,160.0313,M4A1,100,100,0,0,0,False,True,True,221.1328,1.054688
Edward,CounterTerrorist,1859.3,1314.986,160.0313,M4A1,100,100,0,0,0,False,True,True,221.1328,1.054688
Edward,CounterTerrorist,1859.3,1314.986,160.0313,M4A1,100,100,0,0,0,False,True,True,221.1328,1.054688
Edward,CounterTerrorist,1859.3,1314.986,160.0313,M4A1,100,100,0,0,0,False,True,True,221.1328,1.054688
Edward,CounterTerrorist,1859.3,1314.986,160.0313,M4A1,100,100,0,0,0,False,True,True,221.1328,1.054688
Edward,CounterTerrorist,1859.3,1314.986,160.0313,M4A1,100,100,0,0,0,False,True,True,221.1328,1.054688
Edward,CounterTerrorist,1859.3,1314.986,160.0313,M4A1,100,100,0,0,0,False,True,True,221.1328,1.054688
Edward,CounterTerrorist,1859.3,1314.986,160.0313,M4A1,100,100,0,0,0,False,True,True,220.7813,1.054688
Edward,CounterTerrorist,1859.3,1314.986,160.0313,M4A1,100,100,0,0,0,False,True,True,220.7813,1.054688
Edward,CounterTerrorist,1859.3,1314.986,160.0313,M4A1,100,100,0,0,0,False,True,True,220.7813,1.054688
Edward,CounterTerrorist,1859.3,1314.986,160.0313,M4A1,100,100,0,0,0,False,True,True,220.7813,1.054688
Edward,CounterTerrorist,1859.3,1314.986,160.0313,M4A1,100,100,0,0,0,False,True,True,220.7813,1.054688
Edward,CounterTerrorist,1859.3,1314.986,160.0313,M4A1,100,100,0,0,0,False,True,True,220.7813,1.054688
Edward,CounterTerrorist,1859.3,1314.986,160.0313,M4A1,100,100,0,0,0,False,True,True,220.7813,1.054688
Edward,CounterTerrorist,1859.3,1314.986,160.0313,M4A1,100,100,0,0,0,False,True,True,220.7813,1.054688
Edward,CounterTerrorist,1859.3,1314.986,160.0313,M4A1,100,100,0,0,0,False,True,True,220.7813,1.054688
Edward,CounterTerrorist,1859.3,1314.986,160.0313,M4A1,100,100,0,0,0,False,True,True,220.7813,1.054688
Edward,CounterTerrorist,1859.3,1314.986,160.0313,M4A1,100,100,0,0,0,False,True,True,220.7813,1.054688
Edward,CounterTerrorist,1859.3,1314.986,160.0313,M4A1,100,100,0,0,0,False,True,True,220.7813,1.054688
Edward,CounterTerrorist,1859.3,1314.986,160.0313,M4A1,100,100,0,0,0,False,True,True,220.7813,1.054688
Edward,CounterTerrorist,1859.3,1314.986,160.0313,M4A1,100,100,0,0,0,False,True,True,220.7813,1.054688
Edward,CounterTerrorist,1859.3,1314.986,160.0313,M4A1,100,100,0,0,0,False,True,True,220.7813,1.054688
Edward,CounterTerrorist,1859.3,1314.986,160.0313,M4A1,100,100,0,0,0,False,True,True,220.7813,1.054688
Edward,CounterTerrorist,1859.3,1314.986,160.0313,M4A1,100,100,0,0,0,False,True,True,220.7813,1.054688
Edward,CounterTerrorist,1859.3,1314.986,160.0313,M4A1,100,100,0,0,0,False,True,True,220.7813,1.054688
Edward,CounterTerrorist,1859.3,1314.986,160.0313,M4A1,100,100,0,0,0,False,True,True,220.7813,1.054688
Edward,CounterTerrorist,1859.3,1314.986,160.0313,M4A1,100,100,0,0,0,False,True,True,220.7813,1.054688
Edward,CounterTerrorist,1859.3,1314.986,160.0313,M4A1,100,100,0,0,0,False,True,True,220.7813,1.054688
Edward,CounterTerrorist,1859.3,1314.986,160.0313,M4A1,100,100,0,0,0,False,True,True,220.7813,1.054688
Edward,CounterTerrorist,1859.3,1314.986,160.0313,M4A1,100,100,0,0,0,False,True,True,220.7813,1.054688
Edward,CounterTerrorist,1859.3,1314.986,160.0313,M4A1,100,100,0,0,0,False,True,True,220.7813,1.054688
Edward,CounterTerrorist,1859.3,1314.986,160.0313,M4A1,100,100,0,0,0,False,True,True,220.7813,1.054688
Edward,CounterTerrorist,1858.688,1315.692,160.0313,M4A1,100,100,-24.8703,28.68962,0,False,True,True,220.7813,1.054688
Edward,CounterTerrorist,1857.198,1317.41,160.0313,M4A1,100,100,-45.19125,52.10027,0,False,True,True,221.1328,1.054688
Edward,CounterTerrorist,1855.299,1319.597,160.0313,M4A1,100,100,-47.12605,54.2645,0,False,True,True,221.1328,1.054688
Edward,CounterTerrorist,1853.675,1321.468,160.0313,M4A1,100,100,-37.90528,43.647,0,False,True,True,221.4844,1.054688
Edward,CounterTerrorist,1852.41,1322.924,160.0313,M4A1,100,100,-28.68451,33.0295,0,False,True,True,221.8359,1.054688
Edward,CounterTerrorist,1851.535,1323.932,160.0313,M4A1,100,100,-15.65811,18.18531,0,False,True,True,221.8359,1.054688
Edward,CounterTerrorist,1851.506,1323.977,160.0313,M4A1,100,100,5.737878,-6.35556,0,False,True,True,222.1875,1.054688
Edward,CounterTerrorist,1851.957,1323.479,160.0313,M4A1,100,100,15.40171,-16.99752,0,False,True,True,222.1875,1.054688
Edward,CounterTerrorist,1852.696,1322.665,160.0313,M4A1,100,100,17.42426,-19.21323,0,False,True,True,222.1875,1.054688
Edward,CounterTerrorist,1853.155,1322.158,160.0313,M4A1,100,100,7.977365,-8.79641,0,False,True,True,222.1875,1.054688
Edward,CounterTerrorist,1853.253,1322.05,160.0313,M4A1,100,100,0,0,0,False,True,True,222.1875,1.054688
Edward,CounterTerrorist,1853.253,1322.05,160.0313,M4A1,100,100,0,0,0,False,True,True,222.1875,1.054688
Edward,CounterTerrorist,1853.328,1321.968,160.0313,M4A1,100,100,5.763454,-6.332376,0,False,True,True,222.1875,1.054688
Edward,CounterTerrorist,1853.78,1321.471,160.0313,M4A1,100,100,15.43932,-16.96337,0,False,True,True,222.1875,1.054688
Edward,CounterTerrorist,1854.311,1320.888,160.0313,M4A1,100,100,9.802076,-10.76966,0,False,True,True,222.1875,1.054688
Edward,CounterTerrorist,1854.469,1320.714,160.0313,M4A1,100,100,0,0,0,False,True,True,222.1875,1.054688
Edward,CounterTerrorist,1854.469,1320.714,160.0313,M4A1,100,100,0,0,0,False,True,True,222.1875,1.054688
Edward,CounterTerrorist,1854.679,1320.482,160.0313,M4A1,100,100,9.61957,-10.59771,0,False,True,True,222.1875,1.054688
Edward,CounterTerrorist,1854.832,1320.314,160.0313,M4A1,100,100,0,0,0,False,True,True,222.1875,1.054688
Edward,CounterTerrorist,1854.832,1320.314,160.0313,M4A1,100,100,0,0,0,False,True,True,222.1875,1.054688
Edward,CounterTerrorist,1854.832,1320.314,160.0313,M4A1,100,100,0,0,0,False,True,True,222.1875,1.054688
Edward,CounterTerrorist,1854.832,1320.314,160.0313,M4A1,100,100,0,0,0,False,True,True,222.1875,1.054688
Edward,CounterTerrorist,1854.832,1320.314,160.0313,M4A1,100,100,0,0,0,False,True,True,222.1875,1.054688
Edward,CounterTerrorist,1854.832,1320.314,160.0313,M4A1,100,100,0,0,0,False,True,True,222.1875,1.054688
Edward,CounterTerrorist,1854.832,1320.314,160.0313,M4A1,100,100,0,0,0,False,True,True,222.1875,1.054688
Edward,CounterTerrorist,1854.832,1320.314,160.0313,M4A1,100,100,0,0,0,False,True,True,222.1875,1.054688
Edward,CounterTerrorist,1854.832,1320.314,160.0313,M4A1,100,100,0,0,0,False,True,True,222.1875,1.054688
Edward,CounterTerrorist,1854.832,1320.314,160.0313,M4A1,100,100,0,0,0,False,True,True,222.1875,1.054688
Edward,CounterTerrorist,1854.832,1320.314,160.0313,M4A1,100,100,0,0,0,False,True,True,222.1875,1.054688
Edward,CounterTerrorist,1854.832,1320.314,160.0313,M4A1,100,100,0,0,0,False,True,True,222.1875,1.054688
Edward,CounterTerrorist,1854.832,1320.314,160.0313,M4A1,100,100,0,0,0,False,True,True,222.1875,1.054688
Edward,CounterTerrorist,1854.832,1320.314,160.0313,M4A1,100,100,0,0,0,False,True,True,222.1875,1.054688
Edward,CounterTerrorist,1854.832,1320.314,160.0313,M4A1,100,100,0,0,0,False,True,True,222.1875,1.054688
Edward,CounterTerrorist,1854.832,1320.314,160.0313,M4A1,100,100,0,0,0,False,True,True,222.1875,1.054688
Edward,CounterTerrorist,1854.832,1320.314,160.0313,M4A1,100,100,0,0,0,False,True,True,222.1875,1.054688
Edward,CounterTerrorist,1854.515,1319.815,160.0313,M4A1,100,100,-9.981167,-26.66697,0,False,True,True,222.1875,1.054688
Edward,CounterTerrorist,1854.157,1317.938,160.0313,M4A1,100,100,-9.027474,-62.20153,0,False,True,True,222.1875,1.054688
Edward,CounterTerrorist,1853.793,1314.694,160.0313,M4A1,100,100,-9.585169,-96.43337,0,False,True,True,222.1875,1.054688
Edward,CounterTerrorist,1853.42,1310.546,160.0313,M4A1,100,100,-9.380102,-109.5728,0,False,True,True,222.1875,1.054688
Edward,CounterTerrorist,1853.061,1306.092,160.0313,M4A1,100,100,-9.06881,-116.648,0,False,True,True,222.1875,1.054688
Edward,CounterTerrorist,1852.72,1301.535,160.0313,M4A1,100,100,-8.54878,-116.6873,0,False,True,True,221.8359,1.054688
Edward,CounterTerrorist,1852.395,1296.976,160.0313,M4A1,100,100,-8.193259,-116.7128,0,False,True,True,221.8359,1.054688
Edward,CounterTerrorist,1852.08,1292.417,160.0313,M4A1,100,100,-7.999269,-116.7262,0,False,True,True,221.4844,1.054688
Edward,CounterTerrorist,1851.768,1287.857,160.0313,M4A1,100,100,-8.021417,-116.7247,0,False,True,True,220.7813,1.40625
Edward,CounterTerrorist,1851.447,1283.298,160.0313,M4A1,100,100,-8.393031,-116.6986,0,False,True,True,219.375,1.40625
Edward,CounterTerrorist,1851.101,1278.741,160.0313,M4A1,100,100,-9.252828,-116.6335,0,False,True,True,217.6172,1.757813
Edward,CounterTerrorist,1850.707,1274.187,160.0313,M4A1,100,100,-10.72529,-116.5074,0,False,True,True,215.5078,1.757813
Edward,CounterTerrorist,1850.242,1269.641,160.0313,M4A1,100,100,-12.74333,-116.3039,0,False,True,True,213.75,1.757813
Edward,CounterTerrorist,1849.779,1265.095,160.0313,M4A1,100,100,-7.345289,-116.7692,0,False,True,True,211.289,2.109375
Edward,CounterTerrorist,1849.84,1260.528,160.0313,M4A1,100,100,6.938113,-116.7941,0,False,True,True,208.8281,2.109375
Edward,CounterTerrorist,1850.366,1255.989,160.0313,M4A1,100,100,17.29726,-115.7143,0,False,True,True,206.3672,2.109375
Edward,CounterTerrorist,1851.215,1251.499,160.0313,M4A1,100,100,24.3234,-114.4437,0,False,True,True,203.9063,2.109375
Edward,CounterTerrorist,1852.273,1247.053,160.0313,M4A1,100,100,28.57626,-113.4566,0,False,True,True,201.0938,2.109375
Edward,CounterTerrorist,1853.436,1242.633,160.0313,M4A1,100,100,30.29393,-113.0101,0,False,True,True,197.5781,2.109375
Edward,CounterTerrorist,1854.493,1238.692,160.0313,M4A1,100,100,25.02415,-93.3514,0,False,True,True,195.4688,2.109375
Edward,CounterTerrorist,1855.354,1235.478,160.0313,M4A1,100,100,19.1501,-71.6321,0,False,True,True,195.4688,2.109375
Edward,CounterTerrorist,1855.851,1233.598,160.0313,M4A1,100,100,9.463678,-36.11749,0,False,True,True,195.4688,2.109375
Edward,CounterTerrorist,1856.137,1232.506,160.0313,M4A1,100,100,5.899283,-22.51422,0,False,True,True,195.4688,2.109375
Edward,CounterTerrorist,1856.284,1231.945,158.536,M4A1,100,100,2.334889,-8.910947,0,False,True,True,195.4688,2.109375
Edward,CounterTerrorist,1856.304,1231.87,158.5178,M4A1,100,100,0,0,0,False,True,True,195.4688,2.109375
Edward,CounterTerrorist,1856.133,1232.484,160.0313,M4A1,100,100,-8.27342,29.81073,0,False,True,True,195.4688,2.109375
Edward,CounterTerrorist,1855.59,1234.442,160.0313,M4A1,100,100,-17.67503,63.68654,0,False,True,True,195.4688,2.109375
Edward,CounterTerrorist,1854.733,1237.524,160.0313,M4A1,100,100,-23.61931,84.67025,0,False,True,True,196.1719,2.109375
Edward,CounterTerrorist,1853.732,1241.087,160.0313,M4A1,100,100,-26.90967,95.2658,0,False,True,True,196.5234,2.109375
Edward,CounterTerrorist,1852.61,1245.017,160.0313,M4A1,100,100,-29.89499,103.9384,0,False,True,True,197.2266,2.109375
Edward,CounterTerrorist,1851.375,1249.246,160.0313,M4A1,100,100,-32.75734,110.9782,0,False,True,True,198.2813,2.109375
Edward,CounterTerrorist,1850.059,1253.623,160.0313,M4A1,100,100,-34.11782,111.915,0,False,True,True,199.6875,2.109375
Edward,CounterTerrorist,1848.695,1257.985,160.0313,M4A1,100,100,-35.51436,111.4797,0,False,True,True,201.7969,1.757813
Edward,CounterTerrorist,1847.268,1262.327,160.0313,M4A1,100,100,-37.25443,110.9103,0,False,True,True,203.2031,1.757813
Edward,CounterTerrorist,1845.766,1266.643,160.0313,M4A1,100,100,-39.27081,110.2125,0,False,True,True,204.6094,1.757813
Edward,CounterTerrorist,1844.178,1270.929,160.0313,M4A1,100,100,-41.60077,109.3543,0,False,True,True,206.3672,1.757813
Edward,CounterTerrorist,1842.492,1275.177,160.0313,M4A1,100,100,-44.27091,108.3009,0,False,True,True,208.8281,1.757813
Edward,CounterTerrorist,1840.693,1279.378,160.0313,M4A1,100,100,-47.26302,107.029,0,False,True,True,210.9375,1.757813
Edward,CounterTerrorist,1838.77,1283.524,160.0313,M4A1,100,100,-50.5473,105.5176,0,False,True,True,213.0469,1.757813
Edward,CounterTerrorist,1836.715,1287.606,160.0313,M4A1,100,100,-54.00368,103.7911,0,False,True,True,215.5078,1.757813
Edward,CounterTerrorist,1834.523,1291.616,160.0313,M4A1,100,100,-57.5619,101.8608,0,False,True,True,217.6172,1.757813
Edward,CounterTerrorist,1832.187,1295.544,160.0313,M4A1,100,100,-61.30809,99.65097,0,False,True,True,220.4297,1.757813
Edward,CounterTerrorist,1829.727,1299.396,160.0313,M4A1,100,100,-61.75333,99.37567,0,False,True,True,223.5938,1.757813
Edward,CounterTerrorist,1827.601,1303.439,160.0313,M4A1,100,100,-49.97606,105.7894,0,False,True,True,227.1094,1.757813
Edward,CounterTerrorist,1825.86,1307.663,160.0313,M4A1,100,100,-41.39537,109.4323,0,False,True,True,230.2734,1.757813
Edward,CounterTerrorist,1824.387,1311.989,160.0313,M4A1,100,100,-35.53197,111.4741,0,False,True,True,232.3828,1.757813
Edward,CounterTerrorist,1823.106,1316.376,160.0313,M4A1,100,100,-31.12099,112.7851,0,False,True,True,232.3828,1.757813
Edward,CounterTerrorist,1821.674,1320.713,160.0313,M4A1,100,100,-42.63838,108.954,0,False,True,True,232.3828,1.757813
Edward,CounterTerrorist,1819.746,1324.817,160.0313,M4A1,100,100,-50.6143,100.5971,0,False,True,True,232.3828,1.757813
Edward,CounterTerrorist,1817.981,1328.326,160.0313,M4A1,100,100,-41.80968,83.09769,0,False,True,True,232.3828,1.757813
Edward,CounterTerrorist,1816.583,1331.177,160.0313,M4A1,100,100,-26.75435,62.61459,0,False,True,True,232.3828,1.757813
Edward,CounterTerrorist,1816.064,1332.32,160.0313,M4A1,100,100,-8.297631,4.737103,0,False,True,True,232.3828,1.757813
Edward,CounterTerrorist,1816.04,1331.509,160.0313,M4A1,100,100,2.243645,-34.78594,0,False,True,True,232.3828,1.757813
Edward,CounterTerrorist,1816.248,1329.335,160.0313,M4A1,100,100,7.321515,-69.59245,0,False,True,True,232.3828,1.757813
Edward,CounterTerrorist,1816.643,1325.826,160.0313,M4A1,100,100,11.86979,-102.614,0,False,True,True,232.3828,2.109375
Edward,CounterTerrorist,1817.183,1321.266,160.0313,M4A1,100,100,13.85138,-116.1772,0,False,True,True,232.3828,2.109375
Edward,CounterTerrorist,1817.727,1316.729,160.0313,M4A1,100,100,13.99015,-116.1606,0,False,True,True,232.0313,2.109375
Edward,CounterTerrorist,1818.275,1312.191,160.0313,M4A1,100,100,14.01092,-116.1581,0,False,True,True,231.6797,2.109375
Edward,CounterTerrorist,1818.818,1307.653,160.0313,M4A1,100,100,13.81369,-116.1817,0,False,True,True,230.9766,2.460938
Edward,CounterTerrorist,1819.347,1303.114,160.0313,M4A1,100,100,13.3326,-116.2379,0,False,True,True,229.9219,2.460938
Edward,CounterTerrorist,1819.852,1298.572,160.0313,M4A1,100,100,12.59497,-116.3201,0,False,True,True,228.8672,2.460938
Edward,CounterTerrorist,1820.319,1294.025,160.0313,M4A1,100,100,11.52689,-116.4308,0,False,True,True,227.8125,2.8125
Edward,CounterTerrorist,1820.74,1289.474,160.0313,M4A1,100,100,10.27049,-116.5483,0,False,True,True,226.7578,2.8125
Edward,CounterTerrorist,1821.109,1284.919,160.0313,M4A1,100,100,8.82812,-116.6665,0,False,True,True,225.7031,3.164063
Edward,CounterTerrorist,1821.414,1280.359,160.0313,M4A1,100,100,7.139413,-116.782,0,False,True,True,224.2969,3.515625
Edward,CounterTerrorist,1821.651,1275.795,160.0313,M4A1,100,100,5.29182,-116.8803,0,False,True,True,223.2422,3.515625
Edward,CounterTerrorist,1821.81,1271.227,160.0313,M4A1,100,100,3.260816,-116.9545,0,False,True,True,221.8359,3.867188
Edward,CounterTerrorist,1821.59,1266.708,160.0313,M4A1,100,100,-13.83884,-114.4366,0,False,True,True,220.4297,3.867188
Edward,CounterTerrorist,1820.62,1262.31,160.0313,M4A1,100,100,-31.7296,-111.3831,0,False,True,True,219.375,3.867188
Edward,CounterTerrorist,1819.024,1258.041,160.0313,M4A1,100,100,-46.39581,-107.4078,0,False,True,True,218.3203,4.21875
Edward,CounterTerrorist,1817.004,1253.942,160.0313,M4A1,100,100,-51.67237,-104.9713,0,False,True,True,217.2656,4.21875
Edward,CounterTerrorist,1815.163,1249.76,160.0313,M4A1,100,100,-44.35897,-108.2649,0,False,True,True,216.9141,4.21875
Edward,CounterTerrorist,1813.568,1245.477,160.0313,M4A1,100,100,-38.68444,-110.4197,0,False,True,True,216.211,4.21875
Edward,CounterTerrorist,1812.162,1241.129,160.0313,M4A1,100,100,-34.35495,-111.8425,0,False,True,True,215.8594,4.21875
Edward,CounterTerrorist,1810.462,1236.89,160.0313,M4A1,100,100,-49.11414,-106.1923,0,False,True,True,215.8594,4.21875
Edward,CounterTerrorist,1808.258,1232.895,160.0313,M4A1,100,100,-61.80585,-98.4937,0,False,True,True,215.5078,4.21875
Edward,CounterTerrorist,1805.477,1229.562,157.8409,M4A1,100,100,-77.08973,-77.09006,0,False,True,True,215.5078,4.21875
Edward,CounterTerrorist,1802.162,1226.976,157.5386,Flash,100,100,-89.7149,-59.40969,0,False,True,True,215.5078,4.21875
Edward,CounterTerrorist,1798.18,1225.043,157.3268,Flash,100,100,-114.487,-42.45245,0,False,True,True,215.5078,4.21875
Edward,CounterTerrorist,1793.007,1223.756,157.2094,Flash,100,100,-143.638,-27.02003,0,False,True,True,215.5078,4.21875
Edward,CounterTerrorist,1786.817,1223.007,157.1709,Flash,100,100,-167.718,-14.27217,0,False,True,True,215.5078,4.21875
Edward,CounterTerrorist,1779.788,1222.703,157.1876,Flash,100,100,-187.6092,-3.74187,0,False,True,True,215.5078,4.21875
Edward,CounterTerrorist,1772.063,1222.757,157.2769,Flash,100,100,-204.1234,4.425028,0,False,True,True,216.9141,4.21875
Edward,CounterTerrorist,1763.755,1223.036,157.3908,Flash,100,100,-218.1099,8.243255,0,False,True,True,221.8359,3.515625
Edward,CounterTerrorist,1754.952,1223.313,157.5091,Flash,100,100,-229.8381,5.452822,0,False,True,True,229.2188,3.164063
Edward,CounterTerrorist,1745.752,1223.34,157.5843,Flash,100,100,-238.9883,-3.000396,0,False,True,True,235.5469,2.460938
Edward,CounterTerrorist,1736.256,1223.002,157.6312,Flash,100,100,-244.6969,-12.18201,0,False,True,True,236.25,2.460938
Edward,CounterTerrorist,1726.708,1222.352,157.6482,Flash,100,100,-244.2332,-19.36844,0,False,True,True,236.25,2.460938
Edward,CounterTerrorist,1717.179,1221.458,157.624,Flash,100,100,-243.7166,-25.04469,0,False,True,True,236.25,2.460938
Edward,CounterTerrorist,1707.671,1220.374,157.5328,Flash,100,100,-243.2268,-29.4232,0,False,True,True,236.25,2.460938
Edward,CounterTerrorist,1698.18,1219.141,157.3739,Flash,100,100,-242.7845,-32.87352,0,False,True,True,236.25,2.460938
Edward,CounterTerrorist,1688.706,1217.789,157.1996,Flash,100,100,-242.3788,-35.74222,0,False,True,True,236.6016,2.460938
Edward,CounterTerrorist,1679.25,1216.314,157.0083,Flash,100,100,-241.8159,-39.37114,0,False,True,True,239.0625,2.460938
Edward,CounterTerrorist,1669.859,1214.587,156.771,Flash,100,100,-236.7731,-52.08354,0,False,True,True,243.2813,2.8125
Edward,CounterTerrorist,1661.125,1211.674,156.3819,Flash,100,100,-214.3542,-89.01913,0,False,True,True,251.3672,2.109375
Edward,CounterTerrorist,1652.997,1207.837,155.8745,Flash,100,100,-211.3277,-91.03898,0,False,True,True,254.8828,1.757813
Edward,CounterTerrorist,1644.471,1204.97,155.4916,Flash,100,100,-222.6014,-62.36069,0,False,True,True,254.8828,1.757813
Edward,CounterTerrorist,1635.552,1203.103,155.2371,Flash,100,100,-231.914,-38.67112,0,False,True,True,254.8828,1.757813
Edward,CounterTerrorist,1626.308,1202.063,155.0885,Flash,100,100,-239.6067,-19.10247,0,False,True,True,254.8828,1.757813
Edward,CounterTerrorist,1616.803,1201.705,155.1654,Flash,100,100,-244.9825,-2.926202,0,False,True,True,254.8828,1.757813
Edward,CounterTerrorist,1607.236,1201.91,155.3324,Flash,100,100,-244.7835,10.29703,0,False,True,True,254.8828,1.757813
Edward,CounterTerrorist,1597.69,1202.568,155.5382,Flash,100,100,-244.1053,20.91902,0,False,True,True,254.8828,1.757813
Edward,CounterTerrorist,1588.174,1203.591,155.7747,Flash,100,100,-243.2267,29.42439,0,False,True,True,254.8828,1.757813
Edward,CounterTerrorist,1578.695,1204.904,156.0357,Flash,100,100,-242.3073,36.22363,0,False,True,True,254.8828,2.109375
Edward,CounterTerrorist,1569.25,1206.448,156.316,Flash,100,100,-241.453,41.53841,0,False,True,True,254.8828,2.109375
Edward,CounterTerrorist,1559.836,1208.17,156.6111,Flash,100,100,-240.7099,45.64799,0,False,True,True,254.8828,2.109375
Edward,CounterTerrorist,1550.518,1210.013,156.9722,Flash,100,100,-231.1839,46.49223,0,False,True,True,254.8828,1.757813
Edward,CounterTerrorist,1542.928,1211.51,157.5119,Flash,100,100,-161.032,30.48775,0,False,True,True,255.2344,1.757813
Edward,CounterTerrorist,1538.466,1212.268,157.8187,Flash,100,100,-84.95008,12.4718,0,False,True,True,255.2344,1.757813
Edward,CounterTerrorist,1536.624,1212.416,157.9313,Flash,100,100,-29.10292,0.1979608,0,False,True,True,255.2344,1.757813
Edward,CounterTerrorist,1535.817,1212.421,157.969,Flash,100,100,-15.04075,0.1023086,0,False,True,True,255.2344,1.757813
Edward,CounterTerrorist,1535.566,1212.423,157.9847,Flash,100,100,0,0,0,False,True,True,255.2344,1.40625
Edward,CounterTerrorist,1535.566,1212.423,157.9847,Flash,100,100,0,0,0,False,True,True,255.2344,1.40625
Edward,CounterTerrorist,1535.566,1212.423,157.9847,Flash,100,100,0,0,0,False,True,True,255.2344,1.054688
Edward,CounterTerrorist,1535.387,1211.741,157.9403,Flash,100,100,-8.759876,-33.30474,0,False,True,True,255.2344,1.054688
Edward,CounterTerrorist,1534.809,1209.544,157.7828,Flash,100,100,-18.81545,-71.53568,0,False,True,True,255.2344,1.054688
Edward,CounterTerrorist,1533.849,1205.894,157.5211,Flash,100,100,-28.18181,-107.1462,0,False,True,True,255.2344,0.703125
Edward,CounterTerrorist,1532.562,1201.001,157.1703,Flash,100,100,-35.95461,-136.5871,0,False,True,True,255.2344,0.703125
Edward,CounterTerrorist,1531.002,1195.081,156.7461,Flash,100,100,-42.41257,-160.8967,0,False,True,True,255.2344,0.3515625
Edward,CounterTerrorist,1529.217,1188.314,156.2612,Flash,100,100,-47.78736,-180.9668,0,False,True,True,255.2344,0.3515625
Edward,CounterTerrorist,1527.243,1180.846,155.7264,Flash,100,100,-52.25154,-197.5392,0,False,True,True,255.2344,0
Edward,CounterTerrorist,1525.113,1172.801,155.1504,Flash,100,100,-55.93916,-211.2287,0,False,True,True,255.2344,359.6484
Edward,CounterTerrorist,1522.855,1164.278,154.5112,Flash,100,100,-58.98529,-222.5368,0,False,True,True,255.2344,359.6484
Edward,CounterTerrorist,1520.49,1155.361,153.8033,Flash,100,100,-61.50154,-231.8779,0,False,True,True,255.2344,359.6484
Edward,CounterTerrorist,1518.047,1146.15,153.0721,Flash,100,100,-62.82639,-236.8076,0,False,True,True,255.2344,359.6484
Edward,CounterTerrorist,1515.647,1137.105,152.4205,Flash,100,100,-58.18397,-219.385,0,False,True,True,255.2344,359.6484
Edward,CounterTerrorist,1513.618,1129.452,151.9281,Flash,100,100,-48.06258,-181.2219,0,False,True,True,255.2344,359.6484
Edward,CounterTerrorist,1512.247,1124.286,151.5957,Flash,100,100,-26.9894,-101.6278,0,False,True,True,255.2344,359.6484
Edward,CounterTerrorist,1511.61,1121.891,151.4417,M4A1,100,100,-9.667693,-36.21303,0,False,True,True,255.2344,359.6484
Edward,CounterTerrorist,1511.588,1121.813,151.4238,M4A1,100,100,4.314428,16.31414,0,False,True,True,255.2344,359.6484
Edward,CounterTerrorist,1511.967,1123.247,151.5292,M4A1,100,100,13.30282,50.30195,0,False,True,True,255.2344,359.6484
Edward,CounterTerrorist,1513.356,1125.491,151.6063,M4A1,100,100,49.65826,62.55143,0,False,True,True,255.2344,359.6484
Edward,CounterTerrorist,1516.108,1128.266,151.6523,Knife,100,100,84.06507,76.7098,0,False,True,True,255.2344,0
Edward,CounterTerrorist,1520.121,1131.362,151.6512,Knife,100,100,115.4977,72.53119,0,False,True,True,254.8828,0
Edward,CounterTerrorist,1525.328,1133.577,151.499,Knife,100,100,144.4218,46.81034,0,False,True,True,254.8828,0.3515625
Edward,CounterTerrorist,1531.543,1134.893,151.2858,Knife,100,100,168.2963,25.4959,0,False,True,True,254.8828,0.703125
Edward,CounterTerrorist,1538.583,1135.467,150.9582,M4A1,100,100,186.9411,8.097926,0,False,True,True,254.8828,0.703125
Edward,CounterTerrorist,1546.162,1135.461,150.5471,M4A1,100,100,198.4878,-5.281832,0,False,True,True,254.8828,0.703125
Edward,CounterTerrorist,1554.145,1134.989,150.1531,M4A1,100,100,208.0259,-16.33411,0,False,True,True,254.8828,0.703125
Edward,CounterTerrorist,1562.46,1134.132,149.9428,M4A1,100,100,215.9013,-25.47656,0,False,True,True,254.5313,0.703125
Edward,CounterTerrorist,1571.05,1132.954,149.6982,M4A1,100,100,222.3942,-33.07508,0,False,True,True,254.5313,0.703125
Edward,CounterTerrorist,1579.723,1131.533,149.4294,M4A1,100,100,221.6981,-38.40504,0,False,True,True,254.5313,0.703125
Edward,CounterTerrorist,1588.364,1129.926,149.1438,M4A1,100,100,220.8708,-42.908,0,False,True,True,253.4766,1.054688
Edward,CounterTerrorist,1596.967,1128.128,148.8408,M4A1,100,100,219.7148,-48.48113,0,False,True,True,249.6094,1.054688
Edward,CounterTerrorist,1605.501,1126.03,148.5108,M4A1,100,100,217.4386,-57.83994,0,False,True,True,241.875,1.40625
Edward,CounterTerrorist,1613.892,1123.421,148.1351,M4A1,100,100,212.5885,-73.69629,0,False,True,True,227.8125,1.054688
Edward,CounterTerrorist,1621.994,1120.03,147.6906,M4A1,100,100,203.158,-96.25011,0,False,True,True,212.6953,1.054688
Edward,CounterTerrorist,1629.559,1115.687,147.1652,M4A1,100,100,186.4625,-121.0969,0,False,True,True,199.6875,0
Edward,CounterTerrorist,1636.366,1110.408,147.0627,M4A1,100,100,166.1994,-144.0318,0,False,True,True,194.4141,359.6484
Edward,CounterTerrorist,1642.38,1104.542,147.2208,M4A1,100,100,143.8206,-144.4989,0,False,True,True,194.4141,359.6484
Edward,CounterTerrorist,1647.396,1099.502,147.359,M4A1,100,100,118.8023,-119.3626,0,False,True,True,194.4141,359.6484
Edward,CounterTerrorist,1651.54,1095.338,147.4997,M4A1,100,100,98.136,-98.59884,0,False,True,True,194.4141,359.6484
Edward,CounterTerrorist,1654.613,1091.957,147.6642,M4A1,100,100,77.37814,-87.75888,0,False,True,True,194.4141,359.6484
Edward,CounterTerrorist,1657.776,1088.659,147.82,M4A1,100,100,83.13749,-82.32349,0,False,True,True,194.4141,359.6484
Edward,CounterTerrorist,1661.128,1085.552,147.9563,M4A1,100,100,87.40449,-77.77823,0,False,True,True,194.4141,359.6484
Edward,CounterTerrorist,1664.619,1082.604,148.077,M4A1,100,100,90.58097,-74.05462,0,False,True,True,194.4141,359.6484
Edward,CounterTerrorist,1668.214,1079.781,148.1853,M4A1,100,100,92.87498,-71.15643,0,False,True,True,194.4141,359.6484
Edward,CounterTerrorist,1671.883,1077.056,148.2844,M4A1,100,100,94.55245,-68.91178,0,False,True,True,194.4141,359.6484
Edward,CounterTerrorist,1675.607,1074.407,148.3763,M4A1,100,100,95.82104,-67.13663,0,False,True,True,194.4141,359.6484
Edward,CounterTerrorist,1679.374,1071.819,148.4761,M4A1,100,100,96.80692,-65.70708,0,False,True,True,194.4141,359.6484
Edward,CounterTerrorist,1683.174,1069.28,148.7461,M4A1,100,100,97.57992,-64.55354,0,False,True,True,194.4141,359.6484
Edward,CounterTerrorist,1687,1066.781,149.0094,M4A1,100,100,98.19465,-63.61454,0,False,True,True,194.4141,359.6484
Edward,CounterTerrorist,1690.848,1064.315,149.2673,M4A1,100,100,98.68839,-62.84584,0,False,True,True,194.4141,359.6484
Edward,CounterTerrorist,1694.712,1061.875,149.5334,M4A1,100,100,99.07546,-62.23384,0,False,True,True,194.4141,359.6484
Edward,CounterTerrorist,1698.59,1059.455,149.799,M4A1,100,100,99.37241,-61.75859,0,False,True,True,194.4141,359.6484
Edward,CounterTerrorist,1702.477,1057.051,150.0619,M4A1,100,100,99.58875,-61.40911,0,False,True,True,194.0625,359.6484
Edward,CounterTerrorist,1706.37,1054.657,150.3233,M4A1,100,100,99.68406,-61.25428,0,False,True,True,193.3594,359.6484
Edward,CounterTerrorist,1710.304,1052.342,150.6684,M4A1,100,100,103.2036,-54.5057,0,False,True,True,191.9531,359.6484
Edward,CounterTerrorist,1714.511,1050.57,150.9582,M4A1,100,100,110.0808,-39.63853,0,False,True,True,190.1953,359.6484
Edward,CounterTerrorist,1718.903,1049.311,151.1705,M4A1,100,100,113.6786,-27.6798,0,False,True,True,188.0859,0
Edward,CounterTerrorist,1723.39,1048.45,151.3227,M4A1,100,100,115.5061,-18.63705,0,False,True,True,186.6797,0
Edward,CounterTerrorist,1727.924,1047.881,151.4306,M4A1,100,100,116.3636,-12.18644,0,False,True,True,184.5703,0.3515625
Edward,CounterTerrorist,1732.479,1047.509,151.4947,M4A1,100,100,116.7223,-8.055994,0,False,True,True,182.8125,0.703125
Edward,CounterTerrorist,1737.042,1047.256,151.5686,M4A1,100,100,116.8653,-5.611457,0,False,True,True,181.7578,0.703125
Edward,CounterTerrorist,1741.609,1047.075,151.6085,M4A1,100,100,116.9291,-4.072793,0,False,True,True,181.0547,0.703125
Edward,CounterTerrorist,1746.177,1046.94,151.6431,M4A1,100,100,116.9593,-3.08696,0,False,True,True,180.7031,0.703125
Edward,CounterTerrorist,1750.746,1046.836,151.6601,M4A1,100,100,116.9757,-2.382735,0,False,True,True,180.3516,0.703125
Edward,CounterTerrorist,1755.488,1046.758,151.6601,M4A1,100,100,122.9008,-1.773944,0,False,True,True,180.3516,0.703125
Edward,CounterTerrorist,1759.776,1046.696,151.6772,M4A1,100,100,101.5216,-1.465358,0,False,True,True,180.3516,0.703125
Edward,CounterTerrorist,1763.317,1046.645,151.6772,M4A1,100,100,83.86142,-1.210451,0,False,True,True,180.3516,0.703125
Edward,CounterTerrorist,1766.241,1046.603,151.6929,M4A1,100,100,69.15195,-0.9981359,0,False,True,True,180.3516,1.054688
Edward,CounterTerrorist,1768.613,1046.569,151.6929,M4A1,100,100,55.09092,-0.7951797,0,False,True,True,180.7031,1.054688
Edward,CounterTerrorist,1770.435,1046.542,151.6929,M4A1,100,100,41.02989,-0.5922235,0,False,True,True,180.7031,1.054688
Edward,CounterTerrorist,1771.708,1046.524,151.709,M4A1,100,100,26.96885,-0.3892672,0,False,True,True,180.7031,1.054688
Edward,CounterTerrorist,1772.432,1046.514,151.709,M4A1,100,100,12.90782,-0.1863108,0,False,True,True,180.7031,1.054688
Edward,CounterTerrorist,1772.616,1046.511,151.709,M4A1,100,100,0,0,0,False,True,True,180.7031,1.054688
Edward,CounterTerrorist,1772.616,1046.511,151.709,M4A1,100,100,0,0,0,False,True,True,180.7031,1.054688
Edward,CounterTerrorist,1772.616,1046.511,151.709,M4A1,100,100,0,0,0,False,True,True,180.7031,1.054688
Edward,CounterTerrorist,1772.616,1046.511,151.709,M4A1,100,100,0,0,0,False,True,True,180.7031,1.054688
Edward,CounterTerrorist,1772.616,1046.511,151.709,M4A1,100,100,0,0,0,False,True,True,181.0547,1.054688
Edward,CounterTerrorist,1772.616,1046.511,151.709,M4A1,100,100,0,0,0,False,True,True,181.0547,1.054688
Edward,CounterTerrorist,1772.616,1046.511,151.709,M4A1,100,100,0,0,0,False,True,True,181.0547,1.054688
Edward,CounterTerrorist,1772.616,1046.511,151.709,M4A1,100,100,0,0,0,False,True,True,181.0547,1.054688
Edward,CounterTerrorist,1772.616,1046.511,151.709,M4A1,100,100,0,0,0,False,True,True,181.0547,1.054688
Edward,CounterTerrorist,1772.616,1046.511,151.709,M4A1,100,100,0,0,0,False,True,True,181.0547,1.054688
Edward,CounterTerrorist,1772.616,1046.511,151.709,M4A1,100,100,0,0,0,False,True,True,181.0547,1.054688
Edward,CounterTerrorist,1772.616,1046.511,151.709,M4A1,100,100,0,0,0,False,True,True,181.0547,1.054688
Edward,CounterTerrorist,1772.616,1046.511,151.709,M4A1,100,100,0,0,0,False,True,True,181.0547,1.054688
Edward,CounterTerrorist,1772.617,1046.434,151.7261,M4A1,100,100,0.1911542,-9.841893,0,False,True,True,181.0547,1.054688
Edward,CounterTerrorist,1773.26,1045.481,151.8824,M4A1,100,100,27.58388,-33.36687,0,False,True,True,181.0547,1.054688
Edward,CounterTerrorist,1774.927,1043.647,152.1833,M4A1,100,100,50.65166,-54.17305,0,False,True,True,180.7031,0.703125
Edward,CounterTerrorist,1777.148,1041.316,152.5657,M4A1,100,100,60.73218,-63.12765,0,False,True,True,180.7031,0.703125
Edward,CounterTerrorist,1779.718,1038.669,160.0313,M4A1,100,100,68.90497,-70.71953,0,False,True,True,180,0.703125
Edward,CounterTerrorist,1782.694,1036.046,160.0313,M4A1,100,100,81.83735,-62.46915,0,False,True,True,177.5391,1.054688
Edward,CounterTerrorist,1786.031,1034.278,160.0313,M4A1,100,100,87.90627,-34.77018,0,False,True,True,172.6172,1.40625
Edward,CounterTerrorist,1789.625,1033.417,160.0313,M4A1,100,100,94.84422,-14.55698,0,False,True,True,164.1797,1.757813
Edward,CounterTerrorist,1793.513,1033.164,160.0313,Knife,100,100,102.7748,-2.18796,0,False,True,True,152.2266,2.460938
Edward,CounterTerrorist,1797.451,1033.613,160.0313,Knife,100,100,100.2919,19.55047,0,False,True,True,138.8672,3.515625
Edward,CounterTerrorist,1801.413,1034.726,160.0313,Knife,100,100,102.652,33.51015,0,False,True,True,126.9141,4.21875
Edward,CounterTerrorist,1805.532,1036.228,160.0313,Knife,100,100,107.5525,40.95698,0,False,True,True,116.0156,4.921875
Edward,CounterTerrorist,1809.85,1037.919,160.0313,Knife,100,100,110.6814,46.50202,0,False,True,True,107.5781,5.273438
Edward,CounterTerrorist,1814.24,1040.423,152.312,Knife,100,100,115.7942,77.68033,0,False,True,True,101.25,5.273438
Edward,CounterTerrorist,1818.092,1044.338,151.4354,Knife,100,100,88.43923,114.3755,0,False,True,True,96.32813,5.273438
Edward,CounterTerrorist,1821.078,1049.542,150.3066,Knife,100,100,69.31931,145.072,0,False,True,True,93.16406,5.273438
Edward,CounterTerrorist,1823.458,1055.822,148.9657,Knife,100,100,55.97599,170.5536,0,False,True,True,90.70313,4.921875
Edward,CounterTerrorist,1825.41,1062.99,147.448,Knife,100,100,46.35679,191.621,0,False,True,True,89.29688,4.921875
Edward,CounterTerrorist,1827.044,1070.893,145.7837,Knife,100,100,39.01311,209.0193,0,False,True,True,88.94531,4.921875
Edward,CounterTerrorist,1828.424,1079.404,145.3567,Knife,100,100,33.02561,223.3899,0,False,True,True,88.94531,4.921875
Edward,CounterTerrorist,1829.595,1088.415,145.1254,Knife,100,100,28.07967,235.2607,0,False,True,True,88.94531,4.921875
Edward,CounterTerrorist,1830.594,1097.841,144.8873,Knife,100,100,23.99411,245.0665,0,False,True,True,88.94531,4.921875
Edward,CounterTerrorist,1831.447,1107.549,144.6451,Knife,100,100,20.43808,249.1632,0,False,True,True,88.94531,4.921875
Edward,CounterTerrorist,1832.171,1117.287,144.9005,Knife,100,100,17.33073,249.3986,0,False,True,True,89.29688,4.921875
Edward,CounterTerrorist,1832.808,1127.032,152.022,Knife,100,100,16.2043,249.4743,280.1184,False,True,True,89.64844,4.570313
Edward,CounterTerrorist,1833.441,1136.777,162.3538,Knife,100,100,16.2043,249.4743,248.8684,False,True,True,90.70313,4.570313
Edward,CounterTerrorist,1834.074,1146.522,171.4649,Knife,100,100,16.2043,249.4743,217.6184,False,True,True,92.46094,4.21875
Edward,CounterTerrorist,1834.707,1156.267,179.3553,Knife,100,100,16.2043,249.4743,186.3684,False,True,True,96.6797,4.21875
Edward,CounterTerrorist,1835.34,1166.012,186.0249,Knife,100,100,16.2043,249.4743,155.1184,False,True,True,101.9531,4.21875
Edward,CounterTerrorist,1835.973,1175.756,191.4739,Knife,100,100,16.2043,249.4743,123.8684,False,True,True,107.5781,4.21875
Edward,CounterTerrorist,1836.606,1185.501,195.7022,Knife,100,100,16.2043,249.4743,92.61838,False,True,True,113.9063,4.570313
Edward,CounterTerrorist,1837.239,1195.246,198.7098,Knife,100,100,16.2043,249.4743,61.36838,False,True,True,119.8828,4.921875
Edward,CounterTerrorist,1837.872,1204.991,200.4967,Knife,100,100,16.2043,249.4743,30.11838,False,True,True,126.2109,5.273438
Edward,CounterTerrorist,1838.505,1214.736,201.0629,Knife,100,100,16.2043,249.4743,-1.131622,False,True,True,133.2422,5.273438
Edward,CounterTerrorist,1839.138,1224.481,200.4083,Knife,100,100,16.2043,249.4743,-32.38162,False,True,True,139.5703,5.273438
Edward,CounterTerrorist,1839.771,1234.226,198.5331,M4A1,100,100,16.2043,249.4743,-63.63162,False,True,True,145.8984,5.625
Edward,CounterTerrorist,1840.403,1243.971,195.4372,M4A1,100,100,16.2043,249.4743,-94.88162,False,True,True,152.2266,5.625
Edward,CounterTerrorist,1841.036,1253.715,191.1205,M4A1,100,100,16.2043,249.4743,-126.1316,False,True,True,158.9063,5.273438
Edward,CounterTerrorist,1841.669,1263.46,185.5832,M4A1,100,100,16.2043,249.4743,-157.3816,False,True,True,166.2891,4.921875
Edward,CounterTerrorist,1842.241,1272.715,178.8252,M4A1,100,100,11.19602,207.589,-188.6316,False,True,True,174.0234,3.867188
Edward,CounterTerrorist,1842.556,1278.356,170.8464,M4A1,100,100,7.577014,102.2393,-219.8816,False,True,True,180.3516,2.8125
Edward,CounterTerrorist,1842.921,1279.879,161.647,M4A1,100,100,10.7015,-3.182236,0,False,True,True,181.7578,2.460938
Edward,CounterTerrorist,1843.185,1278.864,160.0313,M4A1,100,100,5.801604,-36.94358,0,False,True,True,181.7578,2.460938
Edward,CounterTerrorist,1843.389,1277.082,160.0313,M4A1,100,100,4.952817,-51.41911,0,False,True,True,181.7578,2.460938
Edward,CounterTerrorist,1843.575,1274.735,160.0313,M4A1,100,100,4.698167,-65.82948,0,False,True,True,181.7578,2.460938
Edward,CounterTerrorist,1843.758,1271.827,160.0313,M4A1,100,100,4.70471,-80.1265,0,False,True,True,181.7578,2.460938
Edward,CounterTerrorist,1843.943,1268.398,160.0313,M4A1,100,100,4.752956,-92.55704,0,False,True,True,181.7578,2.460938
Edward,CounterTerrorist,1844.13,1264.536,160.0313,M4A1,100,100,4.792809,-102.8252,0,False,True,True,181.7578,2.109375
Edward,CounterTerrorist,1844.319,1260.316,160.0313,M4A1,100,100,4.883231,-111.3052,0,False,True,True,182.1094,2.109375
Edward,CounterTerrorist,1844.071,1256.024,160.0313,M4A1,100,100,-16.19456,-104.3473,0,False,True,True,182.1094,2.109375
Edward,CounterTerrorist,1842.872,1252.361,160.0313,M4A1,100,100,-39.74315,-87.15516,0,False,True,True,182.1094,2.109375
Edward,CounterTerrorist,1840.852,1249.298,160.0313,M4A1,100,100,-59.19486,-72.96701,0,False,True,True,182.1094,2.109375
Edward,CounterTerrorist,1838.153,1246.729,160.0313,M4A1,100,100,-75.26286,-61.24699,0,False,True,True,182.1094,2.109375
Edward,CounterTerrorist,1835.322,1244.585,160.0313,M4A1,100,100,-67.04836,-50.77277,0,False,True,True,182.1094,2.109375
Edward,CounterTerrorist,1832.984,1242.815,160.0313,M4A1,100,100,-55.3004,-41.87656,0,False,True,True,182.1094,2.109375
Edward,CounterTerrorist,1831.087,1241.378,160.0313,M4A1,100,100,-44.08956,-33.38709,0,False,True,True,182.1094,2.109375
Edward,CounterTerrorist,1829.627,1240.273,160.0313,M4A1,100,100,-32.87872,-24.89761,0,False,True,True,182.1094,2.109375
Edward,CounterTerrorist,1828.606,1239.499,160.0313,M4A1,100,100,-21.66789,-16.40814,0,False,True,True,182.1094,2.109375
Edward,CounterTerrorist,1828.022,1239.057,160.0313,M4A1,100,100,-10.45705,-7.918667,0,False,True,True,182.1094,2.109375
Edward,CounterTerrorist,1827.87,1238.943,160.0313,M4A1,100,100,0,0,0,False,True,True,182.1094,2.109375
Edward,CounterTerrorist,1827.87,1238.943,160.0313,M4A1,100,100,0,0,0,False,True,True,182.1094,2.109375
Edward,CounterTerrorist,1827.87,1238.943,160.0313,M4A1,100,100,0,0,0,False,True,True,182.1094,2.109375
Edward,CounterTerrorist,1827.87,1238.943,160.0313,M4A1,100,100,0,0,0,False,True,True,182.1094,2.109375
Edward,CounterTerrorist,1827.794,1238.94,160.0313,M4A1,100,100,-9.836042,-0.3894529,0,False,True,True,182.1094,2.109375
Edward,CounterTerrorist,1826.586,1238.892,160.0313,M4A1,100,100,-44.96477,-1.780356,0,False,True,True,182.1094,2.109375
Edward,CounterTerrorist,1824.323,1238.491,160.0313,M4A1,100,100,-61.08317,-17.75826,0,False,True,True,182.1094,2.109375
Edward,CounterTerrorist,1821.795,1237.417,160.0313,M4A1,100,100,-67.2547,-33.65636,0,False,True,True,182.1094,2.109375
Edward,CounterTerrorist,1819.019,1235.777,160.0313,M4A1,100,100,-73.45845,-47.18087,0,False,True,True,182.1094,2.109375
Edward,CounterTerrorist,1816.026,1233.665,160.0313,M4A1,100,100,-78.58303,-58.35271,0,False,True,True,182.1094,2.109375
Edward,CounterTerrorist,1812.855,1231.164,157.9783,M4A1,100,100,-82.81616,-67.58118,0,False,True,True,182.1094,2.109375
Edward,CounterTerrorist,1809.453,1228.522,157.6696,M4A1,100,100,-91.58123,-63.78556,0,False,True,True,182.1094,2.109375
Edward,CounterTerrorist,1805.624,1226.272,157.4154,M4A1,100,100,-102.0127,-53.73355,0,False,True,True,182.1094,2.109375
Edward,CounterTerrorist,1801.692,1224.383,157.2087,M4A1,100,100,-94.21183,-44.78009,0,False,True,True,182.1094,2.109375
Edward,CounterTerrorist,1798.406,1222.821,157.0382,M4A1,100,100,-77.8232,-36.99036,0,False,True,True,182.1094,2.109375
Edward,CounterTerrorist,1795.692,1221.531,156.8973,M4A1,100,100,-64.24993,-30.53882,0,False,True,True,182.1094,2.109375
Edward,CounterTerrorist,1793.479,1220.479,156.7825,M4A1,100,100,-51.54913,-24.50196,0,False,True,True,182.1094,2.109375
Edward,CounterTerrorist,1791.764,1219.664,156.6935,M4A1,100,100,-38.84832,-18.46511,0,False,True,True,182.1094,2.109375
Edward,CounterTerrorist,1790.544,1219.084,156.6302,M4A1,100,100,-26.14752,-12.42826,0,False,True,True,182.1094,2.109375
Edward,CounterTerrorist,1789.82,1218.74,156.5926,M4A1,100,100,-13.44672,-6.391401,0,False,True,True,182.1094,2.109375
Edward,CounterTerrorist,1789.598,1218.634,156.5811,M4A1,100,100,0,0,0,False,True,True,182.4609,2.109375
Edward,CounterTerrorist,1789.598,1218.634,156.5811,M4A1,100,100,0,0,0,False,True,True,182.4609,2.109375
Edward,CounterTerrorist,1789.598,1218.634,156.5811,M4A1,100,100,0,0,0,False,True,True,182.4609,2.109375
Edward,CounterTerrorist,1789.598,1218.634,156.5811,M4A1,100,100,0,0,0,False,True,True,182.4609,2.109375
Edward,CounterTerrorist,1789.598,1218.634,156.5811,M4A1,100,100,0,0,0,False,True,True,182.4609,2.109375
Edward,CounterTerrorist,1789.598,1218.634,156.5811,M4A1,100,100,0,0,0,False,True,True,182.4609,2.109375
Edward,CounterTerrorist,1789.598,1218.634,156.5811,M4A1,100,100,0,0,0,False,True,True,182.4609,2.109375
Edward,CounterTerrorist,1789.598,1218.634,156.5811,M4A1,100,100,0,0,0,False,True,True,182.4609,2.109375
Edward,CounterTerrorist,1789.598,1218.634,156.5811,M4A1,100,100,0,0,0,False,True,True,182.4609,2.109375
Edward,CounterTerrorist,1789.598,1218.634,156.5811,M4A1,100,100,0,0,0,False,True,True,182.4609,2.109375
Edward,CounterTerrorist,1789.598,1218.634,156.5811,M4A1,100,100,0,0,0,False,True,True,182.4609,2.109375
Edward,CounterTerrorist,1789.598,1218.634,156.5811,M4A1,100,100,0,0,0,False,True,True,182.4609,2.109375
Edward,CounterTerrorist,1789.598,1218.634,156.5811,M4A1,100,100,0,0,0,False,True,True,182.4609,2.109375
Edward,CounterTerrorist,1789.598,1218.634,156.5811,M4A1,100,100,0,0,0,False,True,True,182.4609,2.109375
Edward,CounterTerrorist,1789.598,1218.634,156.5811,M4A1,100,100,0,0,0,False,True,True,182.4609,2.109375
Edward,CounterTerrorist,1789.598,1218.634,156.5811,M4A1,100,100,0,0,0,False,True,True,182.4609,2.109375
Edward,CounterTerrorist,1789.598,1218.634,156.5811,M4A1,100,100,0,0,0,False,True,True,182.4609,2.109375
Edward,CounterTerrorist,1789.598,1218.634,156.5811,M4A1,100,100,0,0,0,False,True,True,182.4609,2.109375
Edward,CounterTerrorist,1789.598,1218.634,156.5811,M4A1,100,100,0,0,0,False,True,True,182.4609,2.109375
Edward,CounterTerrorist,1789.598,1218.634,156.5811,M4A1,100,100,0,0,0,False,True,True,182.4609,2.109375
Edward,CounterTerrorist,1789.598,1218.634,156.5811,M4A1,100,100,0,0,0,False,True,True,182.4609,2.109375
Edward,CounterTerrorist,1789.598,1218.634,156.5811,M4A1,100,100,0,0,0,False,True,True,182.4609,2.109375
Edward,CounterTerrorist,1789.598,1218.634,156.5811,M4A1,100,100,0,0,0,False,True,True,182.4609,2.109375
Edward,CounterTerrorist,1789.598,1218.634,156.5811,M4A1,100,100,0,0,0,False,True,True,182.4609,2.109375
Edward,CounterTerrorist,1789.598,1218.634,156.5811,M4A1,100,100,0,0,0,False,True,True,182.4609,2.109375
Edward,CounterTerrorist,1789.598,1218.634,156.5811,M4A1,100,100,0,0,0,False,True,True,182.4609,2.109375
Edward,CounterTerrorist,1789.598,1218.634,156.5811,M4A1,100,100,0,0,0,False,True,True,182.4609,2.109375
Edward,CounterTerrorist,1789.598,1218.634,156.5811,M4A1,100,100,0,0,0,False,True,True,182.4609,2.109375
Edward,CounterTerrorist,1789.598,1218.634,156.5811,M4A1,100,100,0,0,0,False,True,True,182.4609,2.109375
Edward,CounterTerrorist,1789.598,1218.634,156.5811,M4A1,100,100,0,0,0,False,True,True,182.4609,2.109375
Edward,CounterTerrorist,1790.235,1218.662,156.5787,M4A1,100,100,30.90809,1.348611,0,False,True,True,182.4609,2.109375
Edward,CounterTerrorist,1792.265,1218.751,156.5711,M4A1,100,100,66.03093,2.881124,0,False,True,True,182.4609,2.109375
Edward,CounterTerrorist,1795.651,1218.899,156.5584,M4A1,100,100,99.81532,4.355236,0,False,True,True,182.4609,2.109375
Edward,CounterTerrorist,1800.229,1219.098,156.5413,M4A1,100,100,128.0717,5.588146,0,False,True,True,182.4609,2.109375
Edward,CounterTerrorist,1805.647,1219.653,156.562,M4A1,100,100,142.2247,26.32392,0,False,True,True,182.4609,2.109375
Edward,CounterTerrorist,1810.918,1221.026,156.6896,M4A1,100,100,112.6469,31.61764,0,False,True,True,181.7578,2.460938
Edward,CounterTerrorist,1815.221,1222.559,156.8468,M4A1,100,100,108.4988,43.78358,0,False,True,True,179.2969,2.8125
Edward,CounterTerrorist,1819.031,1224.72,157.0897,M4A1,100,100,90.92738,62.51291,0,False,True,True,175.4297,3.867188
Edward,CounterTerrorist,1822.278,1227.53,157.4214,M4A1,100,100,78.65417,77.77174,0,False,True,True,170.1563,4.921875
Edward,CounterTerrorist,1825.165,1230.86,157.8237,M4A1,100,100,71.32375,89.83678,0,False,True,True,163.8281,5.976563
Edward,CounterTerrorist,1827.842,1234.55,160.0313,M4A1,100,100,66.56873,96.21643,0,False,True,True,156.0938,7.03125
Edward,CounterTerrorist,1830.445,1238.459,160.0313,M4A1,100,100,69.87669,106.8619,0,False,True,True,148.7109,7.734375
Edward,CounterTerrorist,1833.5,1243.093,160.0313,M4A1,100,100,83.98069,125.6065,0,False,True,True,142.7344,8.085938
Edward,CounterTerrorist,1837.085,1248.257,160.0313,M4A1,100,100,92.52695,131.0774,0,False,True,True,137.4609,8.4375
Edward,CounterTerrorist,1840.242,1252.73,160.0313,M4A1,100,100,67.47278,95.58463,0,False,True,True,135,8.4375
Edward,CounterTerrorist,1842.966,1256.399,160.0313,M4A1,100,100,71.10941,92.91098,0,False,True,True,134.6484,8.4375
Edward,CounterTerrorist,1845.806,1259.98,160.0313,M4A1,100,100,73.59118,90.95789,0,False,True,True,135.3516,8.4375
Edward,CounterTerrorist,1848.708,1263.51,160.0313,M4A1,100,100,74.54986,90.17381,0,False,True,True,139.5703,7.734375
Edward,CounterTerrorist,1851.49,1266.881,160.0313,M4A1,100,100,66.3883,80.47534,0,False,True,True,145.5469,7.382813
Edward,CounterTerrorist,1853.593,1269.316,160.0313,M4A1,100,100,44.45547,47.59613,0,False,True,True,153.6328,6.679688
Edward,CounterTerrorist,1854.713,1270.041,160.0313,M4A1,100,100,17.18639,-2.692343,0,False,True,True,161.3672,6.679688
Edward,CounterTerrorist,1854.885,1269.03,160.0313,M4A1,100,100,-1.012615,-39.709,0,False,True,True,168.75,6.328125
Edward,CounterTerrorist,1854.698,1266.666,160.0313,M4A1,100,100,-6.436143,-74.46357,0,False,True,True,175.0781,5.625
Edward,CounterTerrorist,1854.42,1262.973,160.0313,M4A1,100,100,-7.093671,-107.1221,0,False,True,True,179.2969,5.273438
Edward,CounterTerrorist,1854.189,1258.139,160.0313,M4A1,100,100,-4.906552,-134.1375,0,False,True,True,182.1094,4.570313
Edward,CounterTerrorist,1854.056,1253.025,160.0313,M4A1,100,100,-2.584996,-116.9714,0,False,True,True,183.1641,3.867188
Edward,CounterTerrorist,1853.998,1248.455,160.0313,M4A1,100,100,-0.7730816,-116.9974,0,False,True,True,183.5156,3.515625
Edward,CounterTerrorist,1854.005,1243.885,160.0313,M4A1,100,100,0.7526401,-116.9976,0,False,True,True,183.8672,3.515625
Edward,CounterTerrorist,1854.065,1239.315,160.0313,M4A1,100,100,2.016461,-116.9826,0,False,True,True,183.8672,3.164063
Edward,CounterTerrorist,1854.168,1234.746,160.0313,M4A1,100,100,3.041327,-116.9605,0,False,True,True,183.8672,3.164063
Edward,CounterTerrorist,1854.305,1230.177,157.9565,M4A1,100,100,3.737383,-116.9403,0,False,True,True,183.1641,2.8125
Edward,CounterTerrorist,1854.458,1225.61,156.8722,M4A1,100,100,3.985461,-116.9321,0,False,True,True,182.1094,2.460938
Edward,CounterTerrorist,1854.61,1221.042,156.2039,M4A1,100,100,3.784982,-116.9388,0,False,True,True,181.0547,2.109375
Edward,CounterTerrorist,1854.744,1216.804,155.5725,M4A1,100,100,3.163757,-100.3629,0,False,True,True,179.2969,1.757813
Edward,CounterTerrorist,1854.88,1214.417,155.2159,M4A1,100,100,3.732998,-35.72285,0,False,True,True,178.2422,1.054688
Edward,CounterTerrorist,1854.984,1214.387,155.2097,M4A1,100,100,1.428252,17.38661,0,False,True,True,177.1875,0.703125
Edward,CounterTerrorist,1855.053,1215.429,155.3631,M4A1,100,100,1.499309,23.01792,0,False,True,True,176.4844,0
Edward,CounterTerrorist,1855.09,1215.999,155.4471,M4A1,100,100,0.5852625,8.985155,0,False,True,True,176.4844,359.6484
Edward,CounterTerrorist,1855.095,1216.074,155.4471,M4A1,100,100,0,0,0,False,True,True,176.4844,359.2969
Edward,CounterTerrorist,1855.49,1216.049,155.4471,M4A1,100,100,23.86147,-1.462588,0,False,True,True,176.4844,359.2969
Edward,CounterTerrorist,1856.878,1215.225,155.358,M4A1,100,100,43.72397,-33.04063,0,False,True,True,176.4844,359.2969
Edward,CounterTerrorist,1859.092,1213.28,155.1108,M4A1,100,100,65.33522,-60.68099,0,False,True,True,176.4844,358.9453
Edward,CounterTerrorist,1861.792,1210.688,154.7767,M4A1,100,100,71.44925,-69.88737,0,False,True,True,176.4844,358.9453
Edward,CounterTerrorist,1864.704,1207.775,154.3989,M4A1,100,100,76.49971,-77.49227,0,False,True,True,176.4844,358.9453
Edward,CounterTerrorist,1867.792,1204.597,153.985,M4A1,100,100,80.63806,-83.80383,0,False,True,True,176.1328,358.9453
Edward,CounterTerrorist,1870.943,1201.286,153.5527,M4A1,100,100,80.37411,-85.02354,0,False,True,True,176.1328,358.9453
Edward,CounterTerrorist,1874.195,1198.084,153.1384,M4A1,100,100,87.82299,-77.17871,0,False,True,True,175.7813,358.9453
Edward,CounterTerrorist,1877.864,1195.365,152.8036,M4A1,100,100,97.47444,-64.71268,0,False,True,True,175.7813,358.9453
Edward,CounterTerrorist,1881.831,1193.099,152.5415,M4A1,100,100,103.8954,-53.80279,0,False,True,True,175.7813,358.9453
Edward,CounterTerrorist,1885.994,1191.217,152.3402,M4A1,100,100,108.1424,-44.65671,0,False,True,True,175.7813,358.9453
Edward,CounterTerrorist,1890.287,1189.652,152.1885,M4A1,100,100,110.9334,-37.18584,0,False,True,True,175.7813,358.9453
Edward,CounterTerrorist,1894.666,1188.344,152.0765,M4A1,100,100,112.7685,-31.18098,0,False,True,True,175.7813,358.9453
Edward,CounterTerrorist,1899.101,1187.242,151.996,M4A1,100,100,113.9837,-26.39552,0,False,True,True,175.7813,358.9453
Edward,CounterTerrorist,1903.509,1186.045,151.901,M4A1,100,100,111.194,-36.39916,0,False,True,True,176.1328,358.9453
Edward,CounterTerrorist,1907.823,1184.248,151.7151,M4A1,100,100,113.3177,-55.23351,0,False,True,True,177.1875,358.9453
Edward,CounterTerrorist,1912.521,1181.516,151.3977,M4A1,100,100,124.743,-79.02412,0,False,True,True,178.5938,358.9453
Edward,CounterTerrorist,1917.637,1177.973,150.9676,M4A1,100,100,134.9973,-97.89577,0,False,True,True,180,358.9453
Edward,CounterTerrorist,1923.132,1173.793,150.4502,M4A1,100,100,144.3863,-112.558,0,False,True,True,181.7578,358.9453
Edward,CounterTerrorist,1928.98,1169.127,149.8673,M4A1,100,100,153.1649,-123.5724,0,False,True,True,183.8672,359.2969
Edward,CounterTerrorist,1935.164,1164.112,149.5271,M4A1,100,100,161.745,-131.1266,0,False,True,True,186.6797,359.6484
Edward,CounterTerrorist,1941.691,1158.891,149.262,M4A1,100,100,170.7516,-134.8597,0,False,True,True,191.25,0
Edward,CounterTerrorist,1948.583,1153.614,148.9995,M4A1,100,100,180.2571,-134.6565,0,False,True,True,196.5234,0.3515625
Edward,CounterTerrorist,1955.744,1148.519,148.8086,M4A1,100,100,185.5558,-127.2558,0,False,True,True,202.1484,0.703125
Edward,CounterTerrorist,1963.14,1143.773,148.8246,M4A1,100,100,191.9713,-117.3543,0,False,True,True,207.7734,1.054688
Edward,CounterTerrorist,1970.733,1139.346,155.632,M4A1,100,100,194.6283,-112.893,280.1184,False,True,True,213.0469,1.757813
Edward,CounterTerrorist,1978.335,1134.936,165.9638,M4A1,100,100,194.6283,-112.893,248.8684,False,True,True,216.9141,2.109375
Edward,CounterTerrorist,1985.938,1130.526,175.0749,M4A1,100,100,194.6283,-112.893,217.6184,False,True,True,221.8359,2.8125
Edward,CounterTerrorist,1993.54,1126.116,182.9653,M4A1,100,100,194.6283,-112.893,186.3684,False,True,True,227.4609,3.515625
Edward,CounterTerrorist,2001.143,1121.707,189.635,M4A1,100,100,194.6283,-112.893,155.1184,False,True,True,232.3828,4.21875
Edward,CounterTerrorist,2008.745,1117.297,195.084,M4A1,100,100,194.6283,-112.893,123.8684,False,True,True,236.6016,4.21875
Edward,CounterTerrorist,2016.348,1112.887,199.3123,M4A1,100,100,194.6283,-112.893,92.61838,False,True,True,238.0078,4.21875
Edward,CounterTerrorist,2023.95,1108.477,202.3198,M4A1,100,100,194.6283,-112.893,61.36838,False,True,True,238.0078,4.21875
Edward,CounterTerrorist,2031.553,1104.068,204.1067,M4A1,100,100,194.6283,-112.893,30.11838,False,True,True,238.0078,4.21875
Edward,CounterTerrorist,2039.155,1099.658,204.6729,M4A1,100,100,194.6283,-112.893,-1.131622,False,True,True,238.0078,4.21875
Edward,CounterTerrorist,2045.216,1096.205,204.0184,M4A1,100,100,119.6357,-66.34061,-32.38162,False,True,True,238.0078,4.21875
Edward,CounterTerrorist,2047.789,1094.917,202.1431,M4A1,100,100,30.02799,-10.71578,-63.63162,False,True,True,238.0078,4.21875
Edward,CounterTerrorist,2047.324,1095.516,199.0472,M4A1,100,100,-21.93755,21.54235,-94.88162,False,True,True,238.0078,3.867188
Edward,CounterTerrorist,2046.467,1096.357,194.7306,M4A1,100,100,-21.93755,21.54235,-126.1316,False,True,True,236.9531,3.515625
Edward,CounterTerrorist,2045.61,1097.199,189.1932,M4A1,100,100,-21.93755,21.54235,-157.3816,False,True,True,233.4375,3.164063
Edward,CounterTerrorist,2044.753,1098.041,182.4352,M4A1,100,100,-21.93755,21.54235,-188.6316,False,True,True,227.4609,3.164063
Edward,CounterTerrorist,2043.561,1098.874,174.4565,M4A1,100,100,-30.52597,21.33416,-219.8816,False,True,True,220.7813,3.515625
Edward,CounterTerrorist,2042.034,1099.469,165.257,M4A1,100,100,-44.78866,11.17771,-251.1316,False,True,True,212.6953,3.515625
Edward,CounterTerrorist,2040.285,1099.905,154.8369,M4A1,100,100,-44.78866,11.17771,-282.3816,False,True,True,205.3125,3.164063
Edward,CounterTerrorist,2038.232,1100.159,148.9249,M4A1,100,100,-64.24078,-0.05081709,0,False,True,True,198.6328,2.8125
Edward,CounterTerrorist,2035.136,1099.916,148.9612,M4A1,100,100,-85.12444,-8.56725,0,False,True,True,192.3047,2.460938
Edward,CounterTerrorist,2031.541,1099.512,148.9824,M4A1,100,100,-96.38123,-11.12143,0,False,True,True,187.0313,2.109375
Edward,CounterTerrorist,2027.671,1099.374,148.9824,M4A1,100,100,-100.47,3.92293,0,False,True,True,185.625,1.757813
Edward,CounterTerrorist,2023.675,1099.912,148.9824,M4A1,100,100,-103.4186,19.93947,0,False,True,True,185.625,1.757813
Edward,CounterTerrorist,2019.577,1101.009,148.9647,M4A1,100,100,-105.8544,33.16984,0,False,True,True,185.625,1.757813
Edward,CounterTerrorist,2015.393,1102.568,148.9342,M4A1,100,100,-107.8664,44.09873,0,False,True,True,185.625,1.757813
Edward,CounterTerrorist,2011.236,1104.464,148.8972,M4A1,100,100,-105.2285,51.14645,0,False,True,True,185.625,1.757813
Edward,CounterTerrorist,2007.19,1106.589,148.8557,M4A1,100,100,-102.5091,56.39937,0,False,True,True,185.625,1.757813
Edward,CounterTerrorist,2003.029,1108.473,148.8189,M4A1,100,100,-108.8055,43.01581,0,False,True,True,185.625,1.757813
Edward,CounterTerrorist,1998.683,1109.883,148.7502,M4A1,100,100,-112.6043,31.76888,0,False,True,True,185.625,1.757813
Edward,CounterTerrorist,1994.23,1110.902,148.5911,M4A1,100,100,-114.7977,22.59388,0,False,True,True,185.625,1.757813
Edward,CounterTerrorist,1989.715,1111.608,148.4363,M4A1,100,100,-116.0028,15.24258,0,False,True,True,185.625,1.757813
Edward,CounterTerrorist,1985.168,1112.062,148.2853,M4A1,100,100,-116.6222,9.394458,0,False,True,True,185.625,1.757813
Edward,CounterTerrorist,1980.605,1112.317,148.1377,M4A1,100,100,-116.9034,4.753862,0,False,True,True,185.9766,1.40625
Edward,CounterTerrorist,1976.036,1112.414,147.9931,M4A1,100,100,-116.9951,1.067847,0,False,True,True,186.3281,1.40625
Edward,CounterTerrorist,1971.469,1112.536,147.848,M4A1,100,100,-116.6923,8.480065,0,False,True,True,186.6797,1.40625
Edward,CounterTerrorist,1966.952,1113.214,147.6935,M4A1,100,100,-114.7487,22.84137,0,False,True,True,187.0313,1.054688
Edward,CounterTerrorist,1962.533,1114.376,147.5563,M4A1,100,100,-111.9751,33.91997,0,False,True,True,187.7344,1.054688
Edward,CounterTerrorist,1958.228,1115.907,147.4875,M4A1,100,100,-109.0486,42.3958,0,False,True,True,187.7344,1.054688
Edward,CounterTerrorist,1953.918,1117.42,147.4179,M4A1,100,100,-112.0053,33.82033,0,False,True,True,188.0859,1.054688
Edward,CounterTerrorist,1949.475,1118.485,147.3248,M4A1,100,100,-114.6855,23.1566,0,False,True,True,188.4375,0.703125
Edward,CounterTerrorist,1944.959,1119.178,147.2135,M4A1,100,100,-116.1113,14.39303,0,False,True,True,188.789,0.703125
Edward,CounterTerrorist,1940.406,1119.57,147.088,M4A1,100,100,-116.7716,7.30774,0,False,True,True,189.1406,0.703125
Edward,CounterTerrorist,1935.839,1119.719,146.9517,M4A1,100,100,-116.9884,1.650189,0,False,True,True,189.1406,0.703125
Edward,CounterTerrorist,1931.269,1119.673,146.8069,M4A1,100,100,-116.9632,-2.932237,0,False,True,True,189.4922,0.703125
Edward,CounterTerrorist,1926.703,1119.472,146.6555,M4A1,100,100,-116.8194,-6.497696,0,False,True,True,189.8437,0.3515625
Edward,CounterTerrorist,1922.144,1119.151,146.4993,M4A1,100,100,-116.6309,-9.286307,0,False,True,True,190.1953,0.3515625
Edward,CounterTerrorist,1917.593,1118.735,146.3392,M4A1,100,100,-116.4359,-11.47495,0,False,True,True,190.1953,0.3515625
Edward,CounterTerrorist,1913.083,1118.251,146.1775,M4A1,100,100,-111.9257,-12.41831,0,False,True,True,190.1953,0.3515625
Edward,CounterTerrorist,1909.178,1117.818,146.0368,M4A1,100,100,-92.45565,-10.25808,0,False,True,True,190.1953,0.3515625
Edward,CounterTerrorist,1905.953,1117.46,145.9207,M4A1,100,100,-76.37252,-8.473638,0,False,True,True,190.1953,0.3515625
Edward,CounterTerrorist,1903.3,1117.166,145.8251,M4A1,100,100,-62.32716,-6.915285,0,False,True,True,190.1953,0.3515625
Edward,CounterTerrorist,1901.193,1116.932,145.7493,M4A1,100,100,-48.35043,-5.364546,0,False,True,True,190.1953,0.3515625
Edward,CounterTerrorist,1899.632,1116.759,145.693,M4A1,100,100,-34.37371,-3.813809,0,False,True,True,190.1953,0.3515625
Edward,CounterTerrorist,1898.617,1116.646,145.6565,M4A1,100,100,-20.39697,-2.263071,0,False,True,True,190.5469,0.3515625
Edward,CounterTerrorist,1898.148,1116.594,145.6396,M4A1,100,100,-6.420235,-0.7123336,0,False,True,True,190.5469,0.3515625
Edward,CounterTerrorist,1898.119,1116.591,145.6385,M4A1,100,100,0,0,0,False,True,True,190.5469,0.3515625
Edward,CounterTerrorist,1898.119,1116.591,145.6385,M4A1,100,100,0,0,0,False,True,True,190.5469,0.3515625
Edward,CounterTerrorist,1898.119,1116.591,145.6385,M4A1,100,100,0,0,0,False,True,True,190.5469,0.3515625
Edward,CounterTerrorist,1898.119,1116.591,145.6385,M4A1,100,100,0,0,0,False,True,True,190.5469,0.3515625
Edward,CounterTerrorist,1898.119,1116.591,145.6385,M4A1,100,100,0,0,0,False,True,True,190.5469,0.3515625
Edward,CounterTerrorist,1898.119,1116.591,145.6385,M4A1,100,100,0,0,0,False,True,True,190.5469,0.3515625
Edward,CounterTerrorist,1898.119,1116.591,145.6385,M4A1,100,100,0,0,0,False,True,True,190.5469,0.3515625
Edward,CounterTerrorist,1898.133,1116.515,145.6357,M4A1,100,100,1.781961,-9.681117,0,False,True,True,190.5469,0.3515625
Edward,CounterTerrorist,1898.352,1115.327,145.5915,M4A1,100,100,8.146106,-44.25653,0,False,True,True,190.5469,0.3515625
Edward,CounterTerrorist,1899.511,1113.251,145.5853,M4A1,100,100,43.18243,-59.3889,0,False,True,True,190.5469,0.3515625
Edward,CounterTerrorist,1901.92,1110.559,145.7158,M4A1,100,100,73.24125,-74.92725,0,False,True,True,190.5469,0.3515625
Edward,CounterTerrorist,1905.378,1107.322,145.8943,M4A1,100,100,98.10094,-87.80352,0,False,True,True,190.5469,0.3515625
Edward,CounterTerrorist,1909.716,1103.694,146.1081,M4A1,100,100,120.2116,-91.0724,0,False,True,True,190.5469,0.3515625
Edward,CounterTerrorist,1914.989,1100.716,146.3345,M4A1,100,100,144.209,-66.96374,0,False,True,True,190.5469,0.3515625
Edward,CounterTerrorist,1921.098,1098.579,146.5659,M4A1,100,100,164.0319,-47.04891,0,False,True,True,190.5469,0.3515625
Edward,CounterTerrorist,1927.899,1097.137,146.8016,M4A1,100,100,180.4065,-30.59836,0,False,True,True,190.5469,0.3515625
Edward,CounterTerrorist,1934.543,1096.134,147.0224,M4A1,100,100,157.3325,-23.74629,0,False,True,True,190.5469,0.3515625
Edward,CounterTerrorist,1940.031,1095.306,147.2047,M4A1,100,100,129.9637,-19.6155,0,False,True,True,190.5469,0.3515625
Edward,CounterTerrorist,1944.565,1094.622,147.3571,M4A1,100,100,107.3559,-16.20329,0,False,True,True,190.5469,0.3515625
Edward,CounterTerrorist,1948.351,1093.832,147.4908,M4A1,100,100,92.17789,-32.38383,0,False,True,True,190.5469,0.3515625
Edward,CounterTerrorist,1952.176,1091.864,147.6488,M4A1,100,100,106.3705,-58.20564,0,False,True,True,190.5469,0.3515625
Edward,CounterTerrorist,1956.79,1089.211,147.8451,M4A1,100,100,125.4671,-73.99072,0,False,True,True,190.5469,0.3515625
Edward,CounterTerrorist,1962.157,1086.612,148.0654,M4A1,100,100,143.1026,-52.85285,0,False,True,True,190.5469,0.3515625
Edward,CounterTerrorist,1967.772,1085.672,148.2571,M4A1,100,100,144.1194,-6.058467,0,False,True,True,190.5469,0.3515625
Edward,CounterTerrorist,1972.6,1086.54,148.3911,M4A1,100,100,110.7829,39.90421,0,False,True,True,190.5469,0.3515625
Edward,CounterTerrorist,1976.266,1089.011,148.4489,M4A1,100,100,83.24551,77.87144,0,False,True,True,190.5469,0.3515625
Edward,CounterTerrorist,1979.093,1092.14,148.4846,M4A1,100,100,69.11787,62.26237,0,False,True,True,190.1953,0.3515625
Edward,CounterTerrorist,1981.697,1093.231,148.5298,M4A1,100,100,64.8895,6.396461,0,False,True,True,190.1953,0.3515625
Edward,CounterTerrorist,1984.115,1092.378,148.6369,M4A1,100,100,60.15454,-39.35292,0,False,True,True,190.1953,0.3515625
Edward,CounterTerrorist,1986.118,1091.396,148.7186,M4A1,100,100,42.70906,-3.426838,0,False,True,True,190.1953,0.3515625
Edward,CounterTerrorist,1987.277,1092.318,148.7362,M4A1,100,100,21.89042,39.57052,0,False,True,True,190.1953,0.3515625
Edward,CounterTerrorist,1987.809,1094.694,148.7071,M4A1,100,100,8.857838,74.71198,0,False,True,True,190.1953,0.3515625
Edward,CounterTerrorist,1988.24,1096.53,148.6847,M4A1,100,100,13.10519,22.20551,0,False,True,True,190.1953,0.3515625
Edward,CounterTerrorist,1988.72,1096.169,148.7067,M4A1,100,100,11.78242,-25.79659,0,False,True,True,190.1953,0.3515625
Edward,CounterTerrorist,1989.27,1094.335,148.7466,M4A1,100,100,15.9712,-60.95746,0,False,True,True,190.1953,0.3515625
Edward,CounterTerrorist,1989.593,1093.403,148.7875,M4A1,100,100,2.668179,0.7547215,0,False,True,True,190.1953,0.3515625
Edward,CounterTerrorist,1989.422,1094.322,148.7648,M4A1,100,100,-6.930245,37.33091,0,False,True,True,190.5469,0.3515625
Edward,CounterTerrorist,1988.854,1096.494,148.7046,M4A1,100,100,-25.73845,63.71324,0,False,True,True,190.5469,0.3515625
Edward,CounterTerrorist,1986.938,1098.769,148.6003,M4A1,100,100,-64.69559,50.13552,0,False,True,True,190.8984,0
Edward,CounterTerrorist,1984.07,1099.606,148.4943,M4A1,100,100,-78.82996,3.459708,0,False,True,True,191.25,0
Edward,CounterTerrorist,1980.715,1098.811,148.405,M4A1,100,100,-90.28192,-35.24534,0,False,True,True,191.6016,0
Edward,CounterTerrorist,1976.709,1097.471,148.3059,M4A1,100,100,-111.614,-22.39363,0,False,True,True,191.9531,0
Edward,CounterTerrorist,1972.078,1097.235,148.1658,M4A1,100,100,-116.9839,1.940821,0,False,True,True,192.3047,0
Edward,CounterTerrorist,1967.529,1097.641,148.0157,M4A1,100,100,-115.9592,15.57133,0,False,True,True,192.3047,0
Edward,CounterTerrorist,1963.043,1098.508,147.8586,M4A1,100,100,-114.0173,26.25,0,False,True,True,192.6563,0
Edward,CounterTerrorist,1958.641,1099.733,147.6971,M4A1,100,100,-111.8022,34.48573,0,False,True,True,192.6563,0
Edward,CounterTerrorist,1954.324,1101.233,147.533,M4A1,100,100,-109.668,40.76662,0,False,True,True,193.0078,0
Edward,CounterTerrorist,1950.086,1102.942,147.3671,M4A1,100,100,-107.7645,45.56101,0,False,True,True,193.0078,0
Edward,CounterTerrorist,1945.914,1104.809,147.2003,M4A1,100,100,-106.1889,49.1215,0,False,True,True,193.0078,0
Edward,CounterTerrorist,1941.795,1106.789,147.0329,M4A1,100,100,-104.9951,51.62397,0,False,True,True,193.3594,0
Edward,CounterTerrorist,1937.716,1108.849,146.8652,M4A1,100,100,-104.0862,53.43285,0,False,True,True,193.711,0
Edward,CounterTerrorist,1933.666,1110.968,146.6973,M4A1,100,100,-103.424,54.70355,0,False,True,True,194.0625,0
Edward,CounterTerrorist,1929.638,1113.126,146.5292,M4A1,100,100,-102.9622,55.56785,0,False,True,True,194.4141,0
Edward,CounterTerrorist,1925.584,1115.225,146.4381,M4A1,100,100,-105.9882,48.91484,0,False,True,True,195.1172,0
Edward,CounterTerrorist,1921.286,1116.762,146.3698,M4A1,100,100,-112.1837,33.22362,0,False,True,True,195.1172,0.3515625
Edward,CounterTerrorist,1916.823,1117.738,146.2723,M4A1,100,100,-115.3129,19.79714,0,False,True,True,195.8203,0.3515625
Edward,CounterTerrorist,1912.283,1118.245,146.1522,M4A1,100,100,-116.6719,8.75594,0,False,True,True,195.8203,0.3515625
Edward,CounterTerrorist,1907.716,1118.371,146.0149,M4A1,100,100,-116.9998,-0.2078648,0,False,True,True,196.1719,0.3515625
Edward,CounterTerrorist,1903.15,1118.183,145.8642,M4A1,100,100,-116.7437,-7.74031,0,False,True,True,197.5781,0.3515625
Edward,CounterTerrorist,1898.602,1117.731,145.7026,M4A1,100,100,-116.1663,-13.94242,0,False,True,True,197.9297,0.3515625
Edward,CounterTerrorist,1894.081,1117.069,145.5329,M4A1,100,100,-115.4792,-18.80293,0,False,True,True,197.9297,0.3515625
Edward,CounterTerrorist,1889.585,1116.245,145.357,M4A1,100,100,-114.8249,-22.45551,0,False,True,True,197.9297,0.3515625
Edward,CounterTerrorist,1885.113,1115.302,145.1767,M4A1,100,100,-114.2655,-25.1475,0,False,True,True,197.9297,0.3515625
Edward,CounterTerrorist,1880.661,1114.27,144.9977,M4A1,100,100,-113.7915,-27.212,0,False,True,True,197.9297,0.3515625
Edward,CounterTerrorist,1876.226,1113.168,144.8918,M4A1,100,100,-113.3911,-28.8349,0,False,True,True,197.9297,0.3515625
Edward,CounterTerrorist,1871.804,1112.01,144.7877,M4A1,100,100,-113.06,-30.1072,0,False,True,True,197.9297,0.3515625
Edward,CounterTerrorist,1867.395,1110.81,144.6849,M4A1,100,100,-112.7827,-31.12961,0,False,True,True,197.9297,0.3515625
Edward,CounterTerrorist,1862.995,1109.574,144.5833,M4A1,100,100,-112.5532,-31.9496,0,False,True,True,197.5781,0.3515625
Edward,CounterTerrorist,1858.602,1108.31,144.4825,M4A1,100,100,-112.3603,-32.62148,0,False,True,True,197.9297,0.3515625
Edward,CounterTerrorist,1853.84,1107.602,144.3577,M4A1,100,100,-130.3113,-7.813404,0,False,True,True,197.9297,0.3515625
Edward,CounterTerrorist,1848.312,1107.77,144.3501,M4A1,100,100,-148.9146,6.783519,0,False,True,True,197.9297,0.3515625
Edward,CounterTerrorist,1842.074,1107.667,144.4597,M4A1,100,100,-166.4256,-8.546693,0,False,True,True,197.9297,0.703125
Edward,CounterTerrorist,1835.225,1107.028,144.5924,M4A1,100,100,-180.8904,-21.21014,0,False,True,True,197.9297,0.703125
Edward,CounterTerrorist,1827.872,1105.948,144.744,M4A1,100,100,-192.835,-31.68329,0,False,True,True,198.2813,0.703125
Edward,CounterTerrorist,1820.103,1104.502,144.9115,M4A1,100,100,-202.6867,-40.38034,0,False,True,True,198.2813,0.703125
Edward,CounterTerrorist,1811.912,1102.726,145.0939,Knife,100,100,-214.7544,-48.85114,0,False,True,True,198.2813,0.703125
Edward,CounterTerrorist,1803.262,1100.642,145.2914,Knife,100,100,-225.6104,-56.15444,0,False,True,True,198.2813,1.054688
Edward,CounterTerrorist,1794.234,1098.301,145.5014,Knife,100,100,-234.5302,-62.33221,0,False,True,True,198.2813,1.757813
Edward,CounterTerrorist,1784.908,1095.734,145.7219,Knife,100,100,-240.6353,-67.78371,0,False,True,True,199.6875,2.109375
Edward,CounterTerrorist,1775.542,1092.968,145.9477,Knife,100,100,-238.9769,-73.41681,0,False,True,True,204.9609,2.109375
Edward,CounterTerrorist,1766.263,1089.925,150.658,Knife,100,100,-237.1528,-79.11089,286.3684,False,True,True,213.0469,2.109375
Edward,CounterTerrorist,1756.999,1086.835,161.2339,Knife,100,100,-237.1528,-79.11089,255.1184,False,True,True,217.9688,2.109375
Edward,CounterTerrorist,1747.735,1083.745,170.5892,Knife,100,100,-237.1528,-79.11089,223.8684,False,True,True,212.6953,2.8125
Edward,CounterTerrorist,1738.406,1080.809,187.7237,M4A1,100,100,-241.7343,-67.94506,192.6184,False,True,True,200.7422,3.515625
Edward,CounterTerrorist,1728.788,1078.724,194.6376,M4A1,100,100,-249.0547,-43.39479,161.3684,False,True,True,195.4688,3.515625
Edward,CounterTerrorist,1719.029,1077.136,200.3307,M4A1,100,100,-249.8414,-40.66044,130.1184,False,True,True,203.2031,4.21875
Edward,CounterTerrorist,1709.269,1075.548,204.8031,M4A1,100,100,-249.8414,-40.66044,98.86838,False,True,True,214.8047,4.570313
Edward,CounterTerrorist,1699.51,1073.96,199.0548,M4A1,100,100,-249.8414,-40.66044,67.61838,False,True,True,218.3203,4.570313
Edward,CounterTerrorist,1689.75,1072.372,201.0859,M4A1,100,100,-249.8414,-40.66044,36.36838,False,True,True,217.6172,4.570313
Edward,CounterTerrorist,1679.991,1070.784,201.8962,M4A1,100,100,-249.8414,-40.66044,5.118378,False,True,True,217.6172,4.570313
Edward,CounterTerrorist,1670.231,1069.196,201.4858,M4A1,100,100,-249.8414,-40.66044,-26.13162,False,True,True,217.6172,4.570313
Edward,CounterTerrorist,1660.472,1067.607,199.8547,M4A1,100,100,-249.8414,-40.66044,-57.38162,False,True,True,217.6172,4.570313
Edward,CounterTerrorist,1650.712,1066.019,197.0029,M4A1,100,100,-249.8414,-40.66044,-88.63162,False,True,True,217.6172,4.570313
Edward,CounterTerrorist,1640.953,1064.431,192.9304,M4A1,100,100,-249.8414,-40.66044,-119.8816,False,True,True,217.6172,4.570313
Edward,CounterTerrorist,1631.193,1062.843,187.6372,M4A1,100,100,-249.8414,-40.66044,-151.1316,False,True,True,217.9688,4.570313
Edward,CounterTerrorist,1621.434,1061.255,181.1233,M4A1,100,100,-249.8414,-40.66044,-182.3816,False,True,True,218.6719,4.570313
Edward,CounterTerrorist,1611.674,1059.667,173.3887,M4A1,100,100,-249.8414,-40.66044,-213.6316,False,True,True,219.375,4.921875
Edward,CounterTerrorist,1601.915,1058.079,164.4334,M4A1,100,100,-249.8414,-40.66044,-244.8816,False,True,True,221.1328,5.273438
Edward,CounterTerrorist,1592.155,1056.49,154.2574,M4A1,100,100,-249.8414,-40.66044,0,False,True,True,222.8906,5.273438
Edward,CounterTerrorist,1585.608,1054.998,153.6101,M4A1,100,100,-168.7814,-49.00504,0,False,True,True,224.6484,5.273438
Edward,CounterTerrorist,1578.977,1052.513,154.1655,M4A1,100,100,-170.227,-72.94245,0,False,True,True,226.7578,5.273438
Edward,CounterTerrorist,1572.316,1049.159,154.8506,M4A1,100,100,-170.6308,-94.16381,0,False,True,True,229.2188,5.273438
Edward,CounterTerrorist,1565.665,1045.029,155.6508,M4A1,100,100,-169.8061,-113.1677,0,False,True,True,231.6797,5.273438
Edward,CounterTerrorist,1559.084,1040.203,156.5522,M4A1,100,100,-167.3539,-130.237,0,False,True,True,234.8437,5.273438
Edward,CounterTerrorist,1552.533,1034.894,157.5245,M4A1,100,100,-171.9324,-133.4553,0,False,True,True,237.3047,5.273438
Edward,CounterTerrorist,1545.47,1029.977,158.2693,M4A1,100,100,-186.2982,-121.4009,0,False,True,True,240.1172,4.921875
Edward,CounterTerrorist,1537.954,1025.455,158.9406,M4A1,100,100,-195.2128,-111.8793,0,False,True,True,242.2266,4.921875
Edward,CounterTerrorist,1530.276,1021.407,159.5415,M4A1,100,100,-191.9339,-94.63483,0,False,True,True,243.2813,4.570313
Edward,CounterTerrorist,1523.441,1018.176,160.0211,M4A1,100,100,-168.3244,-73.26064,0,False,True,True,243.2813,4.570313
Edward,CounterTerrorist,1517.133,1016.031,160.2319,M4A1,100,100,-157.1848,0,0,False,True,True,243.2813,4.570313
Edward,CounterTerrorist,1511.89,1016.051,159.9483,M4A1,100,100,-116.9731,2.509867,0,False,True,True,243.6328,4.570313
Edward,CounterTerrorist,1507.323,1016.216,159.0908,M4A1,100,100,-116.9956,1.013448,0,False,True,True,243.9844,4.570313
Edward,CounterTerrorist,1502.757,1016.047,158.2359,M4A1,100,100,-116.7518,-7.617419,0,False,True,True,244.3359,4.570313
Edward,CounterTerrorist,1498.191,1016.002,157.3801,M4A1,100,100,-116.942,0,0,False,True,True,244.6875,4.21875
Edward,CounterTerrorist,1493.621,1016.002,156.5233,M4A1,100,100,-116.984,0,0,False,True,True,245.0391,4.21875
Edward,CounterTerrorist,1489.098,1016.002,155.6751,M4A1,100,100,-113.0399,0,0,False,True,True,245.3906,4.21875
Edward,CounterTerrorist,1484.89,1015.766,154.8881,M4A1,100,100,-104.3744,-14.93726,0,False,True,True,245.3906,4.21875
Edward,CounterTerrorist,1481.472,1014.65,154.2558,M4A1,100,100,-76.98515,-37.05377,0,False,True,True,245.3906,4.21875
Edward,CounterTerrorist,1479.075,1012.586,153.8225,M4A1,100,100,-50.15854,-66.5708,0,False,True,True,245.3906,4.21875
Edward,CounterTerrorist,1477.709,1009.236,153.5926,M4A1,100,100,-25.46576,-97.77094,0,False,True,True,245.3906,4.21875
Edward,CounterTerrorist,1477.202,1004.796,153.5071,M4A1,100,100,-5.220635,-123.6001,0,False,True,True,245.0391,4.21875
Edward,CounterTerrorist,1477.362,999.6743,153.527,M4A1,100,100,6.880964,-116.7975,0,False,True,True,245.0391,4.21875
Edward,CounterTerrorist,1477.808,995.1265,153.6209,M4A1,100,100,14.2182,-116.1329,0,False,True,True,245.0391,4.21875
Edward,CounterTerrorist,1478.501,990.6095,153.7507,M4A1,100,100,19.87808,-115.299,0,False,True,True,244.6875,4.21875
Edward,CounterTerrorist,1479.383,986.1254,153.9161,M4A1,100,100,24.20096,-114.4697,0,False,True,True,244.6875,4.21875
Edward,CounterTerrorist,1480.401,981.6701,154.1071,M4A1,100,100,27.16354,-113.8031,0,False,True,True,243.9844,4.21875
Edward,CounterTerrorist,1481.513,977.2372,154.3155,M4A1,100,100,29.24575,-113.2859,0,False,True,True,243.9844,4.21875
Edward,CounterTerrorist,1482.665,972.8165,154.3762,M4A1,100,100,29.96166,-113.0986,0,False,True,True,243.6328,4.21875
Edward,CounterTerrorist,1483.866,968.4067,154.394,M4A1,100,100,31.19272,-112.7653,0,False,True,True,242.9297,4.21875
Edward,CounterTerrorist,1485.105,964.0076,154.4121,M4A1,100,100,32.03289,-112.5295,0,False,True,True,242.9297,4.21875
Edward,CounterTerrorist,1486.371,959.6161,154.4464,M4A1,100,100,32.63857,-112.3553,0,False,True,True,242.5781,4.21875
Edward,CounterTerrorist,1487.655,955.23,154.4864,M4A1,100,100,32.99018,-112.2526,0,False,True,True,241.875,4.21875
Edward,CounterTerrorist,1488.043,950.789,154.3494,M4A1,100,100,4.689038,-115.8222,0,False,True,True,241.5234,4.21875
Edward,CounterTerrorist,1488.378,946.2315,154.197,M4A1,100,100,10.88766,-116.4923,0,False,True,True,240.8203,4.21875
Edward,CounterTerrorist,1488.913,941.6929,154.0829,M4A1,100,100,15.35654,-115.9878,0,False,True,True,240.4688,4.21875
Edward,CounterTerrorist,1489.589,937.1729,153.9962,M4A1,100,100,18.42773,-115.5397,0,False,True,True,239.7656,4.21875
Edward,CounterTerrorist,1490.359,932.668,153.9279,M4A1,100,100,20.4623,-115.1968,0,False,True,True,239.0625,4.21875
Edward,CounterTerrorist,1491.192,928.1743,153.5768,M4A1,100,100,21.8337,-114.9447,0,False,True,True,238.711,4.21875
Edward,CounterTerrorist,1492.067,923.6885,153.1586,M4A1,100,100,22.72055,-114.7727,0,False,True,True,238.0078,4.21875
Edward,CounterTerrorist,1492.967,919.2077,152.7433,M4A1,100,100,23.22559,-114.6716,0,False,True,True,237.3047,4.21875
Edward,CounterTerrorist,1493.881,914.7297,152.3295,M4A1,100,100,23.46116,-114.6236,0,False,True,True,236.6016,4.21875
Edward,CounterTerrorist,1494.797,910.2521,151.9159,M4A1,100,100,23.39922,-114.6363,0,False,True,True,236.25,4.21875
Edward,CounterTerrorist,1495.706,905.7732,151.5016,M4A1,100,100,23.1936,-114.678,0,False,True,True,235.8984,4.21875
Edward,CounterTerrorist,1496.605,901.2922,151.0861,M4A1,100,100,22.88243,-114.7405,0,False,True,True,235.1953,4.21875
Edward,CounterTerrorist,1497.488,896.8081,150.6689,M4A1,100,100,22.43027,-114.8298,0,False,True,True,234.8437,4.21875
Edward,CounterTerrorist,1498.352,892.3201,150.2494,M4A1,100,100,21.85495,-114.9407,0,False,True,True,234.1406,4.21875
Edward,CounterTerrorist,1499.19,887.8273,149.827,M4A1,100,100,21.20681,-115.062,0,False,True,True,233.789,4.21875
Edward,CounterTerrorist,1500.002,883.3298,149.4536,M4A1,100,100,20.49502,-115.1909,0,False,True,True,233.0859,4.21875
Edward,CounterTerrorist,1500.785,878.827,149.1126,M4A1,100,100,19.72808,-115.3248,0,False,True,True,232.7344,4.21875
Edward,CounterTerrorist,1501.088,874.3002,148.7254,M4A1,100,100,0.2551075,-116.2097,0,False,True,True,232.3828,4.21875
Edward,CounterTerrorist,1500.707,869.757,148.274,M4A1,100,100,-15.99553,-115.9014,0,False,True,True,231.6797,4.21875
Edward,CounterTerrorist,1499.767,865.2868,147.7781,M4A1,100,100,-29.05744,-113.3343,0,False,True,True,230.9766,4.21875
Edward,CounterTerrorist,1498.381,860.9332,147.252,M4A1,100,100,-39.42984,-110.1557,0,False,True,True,230.625,4.21875
Edward,CounterTerrorist,1496.945,856.5963,146.7228,M4A1,100,100,-32.47326,-112.4032,0,False,True,True,230.2734,4.21875
Edward,CounterTerrorist,1495.894,852.1495,146.2189,M4A1,100,100,-23.46877,-114.622,0,False,True,True,229.9219,4.21875
Edward,CounterTerrorist,1495.149,847.6411,145.7372,M4A1,100,100,-16.38467,-115.8471,0,False,True,True,229.5703,3.867188
Edward,CounterTerrorist,1494.544,843.1118,145.2666,M4A1,100,100,-19.15451,-115.4214,0,False,True,True,229.2188,3.867188
Edward,CounterTerrorist,1493.473,838.6712,144.7614,M4A1,100,100,-32.50722,-112.3934,0,False,True,True,228.5156,3.867188
Edward,CounterTerrorist,1491.95,834.364,144.299,M4A1,100,100,-42.99252,-108.8147,0,False,True,True,228.1641,3.867188
Edward,CounterTerrorist,1490.454,830.0471,143.8937,M4A1,100,100,-34.28754,-111.8631,0,False,True,True,227.8125,3.867188
Edward,CounterTerrorist,1489.316,825.6216,143.503,M4A1,100,100,-25.95634,-114.0845,0,False,True,True,227.4609,3.515625
Edward,CounterTerrorist,1488.458,821.1332,143.1252,M4A1,100,100,-19.56102,-115.3532,0,False,True,True,226.7578,3.515625
Edward,CounterTerrorist,1487.811,816.6092,142.758,M4A1,100,100,-14.72676,-116.0695,0,False,True,True,226.0547,3.515625
Edward,CounterTerrorist,1487.134,812.0918,142.3894,M4A1,100,100,-23.08238,-114.7005,0,False,True,True,225.7031,3.515625
Edward,CounterTerrorist,1485.898,807.6943,141.9946,M4A1,100,100,-36.89127,-111.0317,0,False,True,True,225,3.515625
Edward,CounterTerrorist,1484.339,803.3987,141.5869,M4A1,100,100,-37.79034,-110.7289,0,False,True,True,224.6484,3.515625
Edward,CounterTerrorist,1483.047,799.0154,141.1896,M4A1,100,100,-30.16749,-113.0439,0,False,True,True,223.9453,3.515625
Edward,CounterTerrorist,1482.01,794.5646,140.7875,M4A1,100,100,-24.33703,-114.4408,0,False,True,True,223.2422,3.515625
Edward,CounterTerrorist,1481.166,790.0734,140.3604,M4A1,100,100,-20.00882,-115.2764,0,False,True,True,222.8906,3.515625
Edward,CounterTerrorist,1480.458,785.5583,139.9399,M4A1,100,100,-16.99023,-115.7598,0,False,True,True,222.1875,3.515625
Edward,CounterTerrorist,1479.844,781.0294,139.5242,M4A1,100,100,-14.98253,-116.0367,0,False,True,True,221.4844,3.515625
Edward,CounterTerrorist,1479.291,776.4927,139.1115,M4A1,100,100,-13.69774,-116.1954,0,False,True,True,220.7813,3.515625
Edward,CounterTerrorist,1478.776,771.9516,138.7009,M4A1,100,100,-12.93221,-116.2831,0,False,True,True,220.0781,3.515625
Edward,CounterTerrorist,1478.378,768.317,138.3731,M4A1,100,100,-12.65237,-116.3139,0,False,True,True,219.375,3.515625
Edward,CounterTerrorist,1477.788,762.8645,137.8819,M4A1,100,100,-12.58326,-116.3214,0,False,True,True,218.6719,3.515625
Edward,CounterTerrorist,1477.291,758.3212,137.4722,M4A1,100,100,-12.82676,-116.2948,0,False,True,True,217.9688,3.515625
Edward,CounterTerrorist,1476.781,753.7794,137.0618,M4A1,100,100,-13.2511,-116.2472,0,False,True,True,217.2656,3.515625
Edward,CounterTerrorist,1476.249,749.2402,136.6503,M4A1,100,100,-13.89615,-116.1718,0,False,True,True,216.211,3.515625
Edward,CounterTerrorist,1475.981,744.537,136.2417,M4A1,100,100,3.869461,-126.681,0,False,True,True,215.5078,3.515625
Edward,CounterTerrorist,1476.744,739.2182,135.8461,M4A1,100,100,29.23073,-142.1579,0,False,True,True,214.4531,3.515625
Edward,CounterTerrorist,1478.372,733.3463,135.4568,M4A1,100,100,49.36769,-155.4936,0,False,True,True,213.0469,3.515625
Edward,CounterTerrorist,1480.684,726.9969,134.9904,M4A1,100,100,65.20688,-167.0242,0,False,True,True,211.9922,3.515625
Edward,CounterTerrorist,1483.529,720.2328,134.5125,M4A1,100,100,77.43249,-177.0788,0,False,True,True,210.5859,3.515625
Edward,CounterTerrorist,1486.779,713.106,134.0218,M4A1,100,100,86.70934,-185.8686,0,False,True,True,209.5313,3.515625
Edward,CounterTerrorist,1490.01,706.2571,133.5555,M4A1,100,100,70.78957,-151.6073,0,False,True,True,208.4766,3.164063
Edward,CounterTerrorist,1491.961,701.9361,133.3923,M4A1,100,100,36.93209,-84.97272,0,False,True,True,208.125,3.164063
Edward,CounterTerrorist,1492.723,699.9679,133.3156,M4A1,100,100,8.258181,-27.71357,0,False,True,True,207.7734,3.164063
Edward,CounterTerrorist,1492.72,699.785,133.3048,M4A1,100,100,0,0,0,False,True,True,207.7734,3.164063
Edward,CounterTerrorist,1492.72,699.785,133.3048,M4A1,100,100,0,0,0,False,True,True,207.7734,3.164063
Edward,CounterTerrorist,1492.72,699.785,133.3048,M4A1,100,100,0,0,0,False,True,True,207.4219,3.164063
Edward,CounterTerrorist,1492.72,699.785,133.3048,M4A1,100,100,0,0,0,False,True,True,207.4219,3.164063
Edward,CounterTerrorist,1492.902,699.4341,133.2935,M4A1,100,100,11.01418,-21.21782,0,False,True,True,207.4219,3.164063
Edward,CounterTerrorist,1493.648,697.8665,133.2393,M4A1,100,100,19.36994,-53.13709,0,False,True,True,206.7188,3.164063
Edward,CounterTerrorist,1493.958,695.0184,133.0887,M4A1,100,100,0.8840841,-85.80412,0,False,True,True,205.6641,3.515625
Edward,CounterTerrorist,1493.61,690.9954,132.8366,M4A1,100,100,-15.25804,-113.648,0,False,True,True,203.5547,3.515625
Edward,CounterTerrorist,1492.662,686.0157,132.4987,M4A1,100,100,-30.09441,-136.0572,0,False,True,True,201.7969,3.515625
Edward,CounterTerrorist,1491.168,680.2664,132.0886,M4A1,100,100,-43.50833,-154.0695,0,False,True,True,200.3906,3.515625
Edward,CounterTerrorist,1489.185,673.8983,131.618,M4A1,100,100,-55.39858,-168.5773,0,False,True,True,199.3359,3.515625
Edward,CounterTerrorist,1487.334,666.9953,131.1228,M4A1,100,100,-37.6144,-182.1371,0,False,True,True,198.2813,3.515625
Edward,CounterTerrorist,1486.351,659.595,130.3938,M4A1,100,100,-17.53291,-194.0625,0,False,True,True,196.875,3.515625
Edward,CounterTerrorist,1486.042,651.7709,129.6227,M4A1,100,100,-2.065843,-204.2453,0,False,True,True,195.1172,3.515625
Edward,CounterTerrorist,1486.241,643.5829,128.87,M4A1,100,100,9.318162,-213.0259,0,False,True,True,193.3594,3.164063
Edward,CounterTerrorist,1486.801,635.0804,128.1254,M4A1,100,100,17.31409,-220.6062,0,False,True,True,191.6016,3.164063
Edward,CounterTerrorist,1487.6,626.3515,127.3842,M4A1,100,100,22.01692,-223.9202,0,False,True,True,189.4922,3.164063
Edward,CounterTerrorist,1488.51,617.6097,126.9043,M4A1,100,100,23.92645,-223.7242,0,False,True,True,187.7344,3.164063
Edward,CounterTerrorist,1489.459,608.8721,127.0357,M4A1,100,100,24.35807,-223.6776,0,False,True,True,185.9766,3.164063
Edward,CounterTerrorist,1490.396,600.1331,127.1659,M4A1,100,100,23.58221,-223.7608,0,False,True,True,184.5703,2.8125
Edward,CounterTerrorist,1491.282,591.3888,127.2793,M4A1,100,100,22.02248,-223.9197,0,False,True,True,183.1641,2.8125
Edward,CounterTerrorist,1492.067,583.2725,127.3544,M4A1,100,100,18.57824,-192.2056,0,False,True,True,182.1094,2.8125
Edward,CounterTerrorist,1492.68,577.665,127.4027,M4A1,100,100,14.05764,-113.1263,0,False,True,True,181.0547,2.8125
Edward,CounterTerrorist,1493.16,574.8214,127.4592,M4A1,100,100,11.21849,-47.21452,0,False,True,True,180,2.8125
Edward,CounterTerrorist,1493.497,573.9805,127.481,M4A1,100,100,6.416927,-14.39522,0,False,True,True,179.2969,3.164063
Edward,CounterTerrorist,1493.613,573.7192,127.4985,M4A1,100,100,0.691413,-1.55106,0,False,True,True,178.5938,3.164063
Edward,CounterTerrorist,1493.592,572.7856,127.4985,M4A1,100,100,-0.8934487,-37.95821,0,False,True,True,178.5938,3.164063
Edward,CounterTerrorist,1493.221,570.6226,127.4651,M4A1,100,100,-21.59412,-63.96314,0,False,True,True,178.2422,3.164063
Edward,CounterTerrorist,1491.671,567.652,127.3165,M4A1,100,100,-51.09903,-83.74618,0,False,True,True,177.8906,3.164063
Edward,CounterTerrorist,1489.081,563.988,127.0683,M4A1,100,100,-75.85902,-100.0466,0,False,True,True,177.1875,3.164063
Edward,CounterTerrorist,1485.619,559.7637,126.6744,M4A1,100,100,-96.64296,-113.1465,0,False,True,True,176.4844,3.164063
Edward,CounterTerrorist,1481.424,555.0922,126.1426,M4A1,100,100,-114.1784,-123.5537,0,False,True,True,175.7813,3.164063
Edward,CounterTerrorist,1476.608,550.0679,125.5416,M4A1,100,100,-129.0334,-131.7228,0,False,True,True,175.0781,3.164063
Edward,CounterTerrorist,1471.295,545.0886,124.8004,M4A1,100,100,-139.1833,-110.9438,0,False,True,True,175.0781,3.164063
Edward,CounterTerrorist,1466.232,542.2303,124.1329,M4A1,100,100,-119.8248,-48.02354,0,False,True,True,181.7578,2.8125
Edward,CounterTerrorist,1461.855,541.6311,123.6337,M4A1,100,100,-109.2879,4.612421,0,False,True,True,200.7422,3.515625
Edward,CounterTerrorist,1457.512,542.7489,123.2926,M4A1,100,100,-113.9547,42.68312,0,False,True,True,217.2656,3.515625
Edward,CounterTerrorist,1452.803,545.0537,123.0355,M4A1,100,100,-125.1814,68.70832,0,False,True,True,225,3.515625
Edward,CounterTerrorist,1447.626,548.1898,122.7779,M4A1,100,100,-137.4164,87.21397,0,False,True,True,229.2188,3.164063
Edward,CounterTerrorist,1441.994,551.9399,122.3696,M4A1,100,100,-148.4272,101.4716,0,False,True,True,229.9219,2.8125
Edward,CounterTerrorist,1435.979,556.1884,121.8718,M4A1,100,100,-157.3582,113.4412,0,False,True,True,228.8672,2.8125
Edward,CounterTerrorist,1430.91,559.8146,121.4531,M4A1,100,100,-166.96,113.1115,0,False,True,True,222.1875,3.515625
Edward,CounterTerrorist,1422.595,564.4036,120.6968,M4A1,100,100,-183.1635,80.86488,0,False,True,True,203.9063,4.570313
Edward,CounterTerrorist,1415.156,566.9141,119.9838,M4A1,100,100,-195.4168,55.45824,0,False,True,True,188.789,4.570313
Edward,CounterTerrorist,1407.245,568.7779,119.2257,M4A1,100,100,-207.0048,43.77131,0,False,True,True,180,3.867188
Edward,CounterTerrorist,1398.927,570.3173,118.5089,M4A1,100,100,-216.6554,36.68148,0,False,True,True,179.2969,3.515625
Edward,CounterTerrorist,1390.4,571.2898,118.3313,M4A1,100,100,-216.5296,10.62216,0,False,True,True,179.2969,3.515625
Edward,CounterTerrorist,1382.063,570.8932,118.1576,M4A1,100,100,-211.5206,-23.14143,0,False,True,True,179.2969,3.515625
Edward,CounterTerrorist,1373.9,569.3189,117.9875,M4A1,100,100,-207.3829,-51.03167,0,False,True,True,179.2969,3.515625
Edward,CounterTerrorist,1365.874,566.7784,118.2102,M4A1,100,100,-204.3143,-73.70811,0,False,True,True,178.2422,3.515625
Edward,CounterTerrorist,1357.94,563.464,118.226,M4A1,100,100,-202.4878,-91.68051,0,False,True,True,176.8359,3.164063
Edward,CounterTerrorist,1350.081,559.5685,118.1424,M4A1,100,100,-199.4946,-104.0525,0,False,True,True,174.7266,3.164063
Edward,CounterTerrorist,1342.392,555.3123,117.9874,M4A1,100,100,-195.2205,-111.8658,0,False,True,True,173.6719,3.164063
Edward,CounterTerrorist,1334.845,550.8083,117.7916,M4A1,100,100,-191.9935,-117.318,0,False,True,True,172.6172,3.164063
Edward,CounterTerrorist,1327.399,546.1389,117.568,M4A1,100,100,-189.8541,-120.7494,0,False,True,True,171.2109,3.164063
Edward,CounterTerrorist,1320.013,541.3741,117.3283,M4A1,100,100,-188.6417,-122.6349,0,False,True,True,170.1563,3.164063
Edward,CounterTerrorist,1312.659,536.5618,117.0806,M4A1,100,100,-188.1045,-123.4573,0,False,True,True,169.1016,3.164063
Edward,CounterTerrorist,1305.313,531.7354,116.4682,M4A1,100,100,-188.056,-123.5312,0,False,True,True,168.0469,3.164063
Edward,CounterTerrorist,1297.961,526.9196,115.8217,M4A1,100,100,-188.3541,-123.076,0,False,True,True,167.3438,2.8125
Edward,CounterTerrorist,1290.593,522.1284,115.1784,M4A1,100,100,-188.8436,-122.3238,0,False,True,True,166.2891,2.8125
Edward,CounterTerrorist,1283.198,517.3776,114.5406,M4A1,100,100,-189.6415,-121.083,0,False,True,True,165.2344,2.8125
Edward,CounterTerrorist,1275.766,512.6891,114.2932,M4A1,100,100,-190.763,-119.3083,0,False,True,True,164.5313,2.8125
Edward,CounterTerrorist,1268.286,508.0728,114.263,M4A1,100,100,-191.9556,-117.3798,0,False,True,True,163.4766,2.8125
Edward,CounterTerrorist,1260.756,503.5401,114.2277,M4A1,100,100,-193.3354,-115.093,0,False,True,True,162.0703,3.164063
Edward,CounterTerrorist,1253.171,499.1016,114.1869,M4A1,100,100,-194.7667,-112.654,0,False,True,True,161.3672,3.164063
Edward,CounterTerrorist,1245.529,494.7592,114.1404,M4A1,100,100,-196.1875,-110.1611,0,False,True,True,160.6641,3.164063
Edward,CounterTerrorist,1237.831,490.5186,114.088,M4A1,100,100,-197.6792,-107.4614,0,False,True,True,159.6094,3.164063
Edward,CounterTerrorist,1230.074,486.3863,114.0293,M4A1,100,100,-199.1716,-104.6694,0,False,True,True,158.9063,3.164063
Edward,CounterTerrorist,1222.26,482.3628,114.3941,M4A1,100,100,-200.6187,-101.8683,0,False,True,True,157.8516,3.164063
Edward,CounterTerrorist,1214.389,478.4521,114.7844,M4A1,100,100,-202.0662,-98.9659,0,False,True,True,157.1484,3.164063
Edward,CounterTerrorist,1206.464,474.6506,115.0166,M4A1,100,100,-203.3796,-96.23798,0,False,True,True,156.4453,3.515625
Edward,CounterTerrorist,1198.491,470.9536,115.1043,M4A1,100,100,-204.6051,-93.60418,0,False,True,True,156.0938,3.515625
Edward,CounterTerrorist,1190.475,467.3481,114.9233,M4A1,100,100,-205.5001,-91.62265,0,False,True,True,157.1484,3.515625
Edward,CounterTerrorist,1182.797,463.9346,114.6345,M4A1,100,100,-183.3315,-81.48563,0,False,True,True,161.0156,3.515625
Edward,CounterTerrorist,1176.402,461.0922,114.3939,M4A1,100,100,-151.44,-67.31079,0,False,True,True,164.1797,3.867188
Edward,CounterTerrorist,1170.989,458.7777,114.1785,M4A1,100,100,-134.4225,-53.22879,0,False,True,True,165.9375,3.867188
Edward,CounterTerrorist,1166.295,457.1974,113.9363,M4A1,100,100,-112.5206,-32.06413,0,False,True,True,166.2891,3.867188
Edward,CounterTerrorist,1161.828,456.2445,113.6343,M4A1,100,100,-115.3449,-19.60977,0,False,True,True,166.2891,3.867188
Edward,CounterTerrorist,1157.289,455.7216,113.2698,M4A1,100,100,-116.6105,-9.539225,0,False,True,True,166.2891,3.867188
Edward,CounterTerrorist,1152.723,455.5426,112.8582,M4A1,100,100,-116.9901,-1.518396,0,False,True,True,166.2891,3.867188
Edward,CounterTerrorist,1148.154,455.6375,112.4108,M4A1,100,100,-116.8985,4.8729,0,False,True,True,166.2891,3.515625
Edward,CounterTerrorist,1143.595,455.9512,111.9359,M4A1,100,100,-116.5734,9.982489,0,False,True,True,165.9375,3.515625
Edward,CounterTerrorist,1139.051,456.4395,111.4398,M4A1,100,100,-116.1542,14.04262,0,False,True,True,165.5859,3.515625
Edward,CounterTerrorist,1134.523,457.0642,110.9277,M4A1,100,100,-115.7313,17.18307,0,False,True,True,165.2344,3.515625
Edward,CounterTerrorist,1130.012,457.7934,110.4035,M4A1,100,100,-115.351,19.57413,0,False,True,True,165.2344,3.515625
Edward,CounterTerrorist,1125.479,458.3465,109.9,M4A1,100,100,-116.7519,7.615265,0,False,True,True,165.2344,3.515625
Edward,CounterTerrorist,1120.911,458.2921,109.4721,M4A1,100,100,-116.7915,-6.982266,0,False,True,True,165.2344,3.515625
Edward,CounterTerrorist,1116.376,457.7379,109.112,M4A1,100,100,-115.509,-18.61919,0,False,True,True,165.2344,3.515625
Edward,CounterTerrorist,1111.906,456.7899,108.8114,M4A1,100,100,-113.6655,-27.73358,0,False,True,True,165.2344,3.515625
Edward,CounterTerrorist,1107.513,455.5351,108.6602,M4A1,100,100,-111.7025,-34.80724,0,False,True,True,165.2344,3.515625
Edward,CounterTerrorist,1103.195,454.0385,108.5458,M4A1,100,100,-109.7604,-40.51746,0,False,True,True,166.2891,4.21875
Edward,CounterTerrorist,1098.953,452.338,108.4633,M4A1,100,100,-107.7953,-45.48822,0,False,True,True,168.0469,4.570313
Edward,CounterTerrorist,1094.794,450.4432,108.4118,M4A1,100,100,-105.4946,-50.59539,0,False,True,True,172.2656,5.625
Edward,CounterTerrorist,1090.605,448.6215,108.3488,M4A1,100,100,-109.2117,-41.97395,0,False,True,True,178.2422,6.328125
Edward,CounterTerrorist,1086.271,447.174,108.1762,M4A1,100,100,-111.8664,-34.27705,0,False,True,True,183.8672,6.328125
Edward,CounterTerrorist,1081.863,445.9699,107.8678,M4A1,100,100,-113.4266,-28.69515,0,False,True,True,183.8672,6.328125
Edward,CounterTerrorist,1077.407,444.956,107.5373,M4A1,100,100,-114.4534,-24.27775,0,False,True,True,183.8672,6.328125
Edward,CounterTerrorist,1072.92,444.0879,107.1903,M4A1,100,100,-115.1031,-20.98274,0,False,True,True,183.8672,6.328125
Edward,CounterTerrorist,1068.408,443.3983,106.8245,M4A1,100,100,-115.7861,-12.08285,0,False,True,True,183.8672,6.328125
Edward,CounterTerrorist,1063.891,443.3932,106.3948,M4A1,100,100,-115.5449,7.340904,0,False,True,True,183.8672,6.328125
Edward,CounterTerrorist,1059.359,444.0831,105.8992,M4A1,100,100,-118.4543,25.8348,0,False,True,True,184.9219,6.328125
Edward,CounterTerrorist,1054.37,445.6703,105.2772,M4A1,100,100,-133.7459,49.5505,0,False,True,True,188.4375,6.328125
Edward,CounterTerrorist,1048.801,448.0213,104.5292,M4A1,100,100,-148.3436,66.43759,0,False,True,True,192.6563,5.625
Edward,CounterTerrorist,1042.679,450.8918,103.6803,M4A1,100,100,-162.2439,77.40504,0,False,True,True,197.2266,4.921875
Edward,CounterTerrorist,1036.026,454.0563,102.7536,M4A1,100,100,-175.5804,82.83569,0,False,True,True,202.1484,4.21875
Edward,CounterTerrorist,1028.876,457.3368,101.769,M4A1,100,100,-187.8618,84.24606,0,False,True,True,206.3672,3.164063
Edward,CounterTerrorist,1021.625,461.0332,100.8288,M4A1,100,100,-181.4929,104.6075,0,False,True,True,210.5859,2.8125
Edward,CounterTerrorist,1014.703,465.6064,99.84686,M4A1,100,100,-174.9043,124.6223,0,False,True,True,214.8047,2.460938
Edward,CounterTerrorist,1007.944,470.8316,98.81768,M4A1,100,100,-172.1938,139.2245,0,False,True,True,218.6719,2.109375
Edward,CounterTerrorist,1001.258,476.4986,97.43726,M4A1,100,100,-169.8119,147.6107,0,False,True,True,222.1875,1.757813
Edward,CounterTerrorist,994.6953,482.3445,95.95224,M4A1,100,100,-167.0703,150.7067,0,False,True,True,224.2969,1.757813
Edward,CounterTerrorist,988.1982,488.2636,94.59936,M4A1,100,100,-166.0333,151.8484,0,False,True,True,226.7578,1.40625
Edward,CounterTerrorist,981.706,494.188,93.46492,M4A1,100,100,-166.5173,151.3175,0,False,True,True,229.9219,1.40625
Edward,CounterTerrorist,975.1547,500.0469,92.329,M4A1,100,100,-168.7874,148.7811,0,False,True,True,234.1406,1.054688
Edward,CounterTerrorist,968.4698,505.7526,91.19012,M4A1,100,100,-172.9203,143.9569,0,False,True,True,238.3594,359.6484
Edward,CounterTerrorist,961.5849,511.2148,90.04785,M4A1,100,100,-178.6714,136.7536,0,False,True,True,244.3359,357.5391
Edward,CounterTerrorist,954.439,516.3298,88.90333,M4A1,100,100,-185.9117,126.7353,0,False,True,True,251.0156,355.4297
Edward,CounterTerrorist,946.9904,520.9921,87.75991,M4A1,100,100,-193.9298,114.0887,0,False,True,True,257.6953,352.9688
Edward,CounterTerrorist,939.2318,525.1176,87.05923,M4A1,100,100,-201.6295,99.85258,0,False,True,True,262.2656,351.2109
Edward,CounterTerrorist,931.1976,528.6769,86.67005,M4A1,100,100,-208.1837,85.34948,0,False,True,True,265.4297,349.8047
Edward,CounterTerrorist,922.9395,531.681,86.31849,M4A1,100,100,-213.3805,71.37069,0,False,True,True,267.8906,348.75
Edward,CounterTerrorist,914.5094,534.1628,86.00294,M4A1,100,100,-217.2637,58.49353,0,False,True,True,269.2969,348.3984
Edward,CounterTerrorist,905.9537,536.1703,85.72054,M4A1,100,100,-220.0796,46.79718,0,False,True,True,271.0547,348.0469
Edward,CounterTerrorist,897.3072,537.7423,85.469,M4A1,100,100,-222.1007,36.00401,0,False,True,True,272.8125,347.6953
Edward,CounterTerrorist,888.5977,538.9169,85.24591,M4A1,100,100,-223.4616,26.26613,0,False,True,True,273.8672,347.6953
Edward,CounterTerrorist,879.8475,539.7386,85.04713,M4A1,100,100,-224.3008,17.72395,0,False,True,True,274.5703,347.6953
Edward,CounterTerrorist,871.074,540.2551,84.81263,M4A1,100,100,-224.7621,10.34313,0,False,True,True,275.2734,347.6953
Edward,CounterTerrorist,862.2886,540.4989,84.59769,M4A1,100,100,-224.9715,3.584741,0,False,True,True,276.3281,348.3984
Edward,CounterTerrorist,853.4998,540.4907,84.39201,M4A1,100,100,-224.9841,-2.676608,0,False,True,True,277.3828,348.75
Edward,CounterTerrorist,844.7144,540.2466,84.19514,M4A1,100,100,-224.8367,-8.569808,0,False,True,True,278.4375,349.1016
Edward,CounterTerrorist,835.9376,539.787,84.01441,M4A1,100,100,-224.5765,-13.79781,0,False,True,True,279.1406,349.1016
Edward,CounterTerrorist,827.1726,539.1385,83.9526,M4A1,100,100,-224.2434,-18.43596,0,False,True,True,280.1953,349.1016
Edward,CounterTerrorist,818.4222,538.3161,84.1807,M4A1,100,100,-223.8468,-22.7511,0,False,True,True,280.8984,349.4531
Edward,CounterTerrorist,809.6841,537.3716,91.06189,M4A1,100,100,-223.68,-24.33665,280.1184,False,True,True,281.25,349.8047
Edward,CounterTerrorist,800.9466,536.421,101.3936,M4A1,100,100,-223.68,-24.33665,248.8684,False,True,True,282.6563,350.5078
Edward,CounterTerrorist,792.2091,535.4703,110.5046,M4A1,100,100,-223.68,-24.33665,217.6184,False,True,True,283.3594,351.2109
Edward,CounterTerrorist,783.4716,534.5197,118.395,M4A1,100,100,-223.68,-24.33665,186.3684,False,True,True,284.4141,351.5625
Edward,CounterTerrorist,774.7341,533.5691,125.0646,M4A1,100,100,-223.68,-24.33665,155.1184,False,True,True,285.4688,352.2656
Edward,CounterTerrorist,765.9966,532.6185,130.5135,M4A1,100,100,-223.68,-24.33665,123.8684,False,True,True,286.5234,352.6172
Edward,CounterTerrorist,757.2592,531.6678,134.7418,M4A1,100,100,-223.68,-24.33665,92.61838,False,True,True,287.2266,352.9688
Edward,CounterTerrorist,748.5217,530.7172,137.7494,M4A1,100,100,-223.68,-24.33665,61.36838,False,True,True,288.2813,353.3203
Edward,CounterTerrorist,739.7842,529.7666,139.5363,M4A1,100,100,-223.68,-24.33665,30.11838,False,True,True,288.9844,353.6719
Edward,CounterTerrorist,731.0467,528.816,140.1024,M4A1,100,100,-223.68,-24.33665,-1.131622,False,True,True,288.9844,353.6719
Edward,CounterTerrorist,722.3092,527.8654,139.4479,M4A1,100,100,-223.68,-24.33665,-32.38162,False,True,True,289.3359,353.3203
Edward,CounterTerrorist,713.5717,526.9147,137.5727,M4A1,100,100,-223.68,-24.33665,-63.63162,False,True,True,289.3359,353.3203
Edward,CounterTerrorist,704.8342,525.9641,134.4768,M4A1,100,100,-223.68,-24.33665,-94.88162,False,True,True,289.3359,353.3203
Edward,CounterTerrorist,696.0967,525.0135,130.1601,M4A1,100,100,-223.68,-24.33665,-126.1316,False,True,True,289.3359,353.3203
Edward,CounterTerrorist,687.3593,524.0629,124.6227,M4A1,100,100,-223.68,-24.33665,-157.3816,False,True,True,288.2813,353.3203
Edward,CounterTerrorist,678.6218,523.1122,117.8646,M4A1,100,100,-223.68,-24.33665,-188.6316,False,True,True,277.0313,354.7266
Edward,CounterTerrorist,669.8843,522.1616,109.8858,M4A1,100,100,-223.68,-24.33665,-219.8816,False,True,True,252.0703,357.1875
Edward,CounterTerrorist,661.1468,521.211,100.6863,M4A1,100,100,-223.68,-24.33665,-251.1316,False,True,True,213.75,359.6484
Edward,CounterTerrorist,652.4093,520.2604,90.26606,M4A1,100,100,-223.68,-24.33665,-282.3816,False,True,True,177.1875,358.9453
Edward,CounterTerrorist,645.4197,520.6228,87.76933,M4A1,100,100,-171.1181,10.31441,0,False,True,True,157.5,358.5938
Edward,CounterTerrorist,638.5086,520.5645,87.52766,M4A1,100,100,-180.5445,-8.787926,0,False,True,True,157.1484,358.5938
Edward,CounterTerrorist,631.2612,519.8473,87.42004,M4A1,100,100,-188.7729,-24.3364,0,False,True,True,157.1484,358.5938
Edward,CounterTerrorist,623.702,518.5879,87.40874,M4A1,100,100,-196.6719,-37.20052,0,False,True,True,157.1484,358.5938
Edward,CounterTerrorist,615.8347,516.8751,87.51219,M4A1,100,100,-204.4852,-48.02837,0,False,True,True,157.1484,358.5938
Edward,CounterTerrorist,607.6869,514.8418,87.66385,M4A1,100,100,-211.132,-49.48268,0,False,True,True,157.1484,358.5938
Edward,CounterTerrorist,599.3096,513.539,87.64471,M4A1,100,100,-216.5372,-23.26911,0,False,True,True,157.1484,358.5938
Edward,CounterTerrorist,590.7444,513.1519,87.43891,M4A1,100,100,-220.9734,-1.546732,0,False,True,True,157.1484,358.5938
Edward,CounterTerrorist,582.0298,513.5347,87.12452,M4A1,100,100,-224.3546,17.03036,0,False,True,True,155.7422,359.2969
Edward,CounterTerrorist,573.2757,514.3068,86.72256,M4A1,100,100,-224.5495,14.23129,0,False,True,True,154.3359,359.6484
Edward,CounterTerrorist,564.4897,514.4556,86.4583,M4A1,100,100,-224.9864,-2.474519,0,False,True,True,152.2266,0
Edward,CounterTerrorist,555.7105,514.0616,86.31482,M4A1,100,100,-224.525,-14.61219,0,False,True,True,150.4688,0.3515625
Edward,CounterTerrorist,546.9566,513.2809,86.25793,M4A1,100,100,-223.8029,-23.17849,0,False,True,True,149.4141,0.3515625
Edward,CounterTerrorist,538.2311,512.2281,85.80781,M4A1,100,100,-223.1026,-29.15862,0,False,True,True,148.3594,0.703125
Edward,CounterTerrorist,529.5284,511.1612,85.25906,M4A1,100,100,-222.6235,-18.85236,0,False,True,True,147.3047,0.703125
Edward,CounterTerrorist,520.8464,511.1074,84.58061,M4A1,100,100,-221.9657,9.643148,0,False,True,True,146.25,1.054688
Edward,CounterTerrorist,512.195,512.0589,83.77426,M4A1,100,100,-221.1316,33.61595,0,False,True,True,145.5469,1.054688
Edward,CounterTerrorist,503.5016,513.296,82.92758,M4A1,100,100,-223.5354,25.63032,0,False,True,True,144.8438,1.054688
Edward,CounterTerrorist,494.7415,513.9957,82.24812,M4A1,100,100,-224.613,13.19047,0,False,True,True,144.1406,1.054688
Edward,CounterTerrorist,485.9576,514.2811,81.79505,M4A1,100,100,-224.9685,3.765431,0,False,True,True,143.4375,1.054688
Edward,CounterTerrorist,477.1689,514.2607,81.38139,M4A1,100,100,-224.9789,-3.082975,0,False,True,True,142.3828,1.054688
Edward,CounterTerrorist,468.3832,514.0219,80.99617,M4A1,100,100,-224.8628,-7.85714,0,False,True,True,141.6797,1.054688
Edward,CounterTerrorist,459.6026,513.6383,80.62997,M4A1,100,100,-224.7335,-10.94752,0,False,True,True,140.9766,1.054688
Edward,CounterTerrorist,450.8266,513.1605,80.27621,M4A1,100,100,-224.6266,-12.95789,0,False,True,True,140.2734,1.054688
Edward,CounterTerrorist,442.0537,512.6273,80.21657,M4A1,100,100,-224.5657,-13.97369,0,False,True,True,139.2188,1.054688
Edward,CounterTerrorist,433.2819,512.0773,80.15987,M4A1,100,100,-224.5601,-14.06229,0,False,True,True,138.5156,1.054688
Edward,CounterTerrorist,424.5092,511.5396,80.10239,M4A1,100,100,-224.5965,-13.46872,0,False,True,True,137.1094,1.054688
Edward,CounterTerrorist,415.7341,511.045,80.04207,M4A1,100,100,-224.6805,-11.98614,0,False,True,True,135.7031,1.054688
Edward,CounterTerrorist,406.9546,510.6378,79.97604,M4A1,100,100,-224.8149,-9.124556,0,False,True,True,132.8906,1.054688
Edward,CounterTerrorist,398.1693,510.3844,79.92542,M4A1,100,100,-224.952,-4.645556,0,False,True,True,130.7813,0.703125
Edward,CounterTerrorist,389.3807,510.2987,79.88471,M4A1,100,100,-224.9989,-0.6895054,0,False,True,True,130.7813,0.703125
Edward,CounterTerrorist,380.5919,510.3473,79.8353,M4A1,100,100,-224.9868,2.43937,0,False,True,True,130.7813,0.703125
Edward,CounterTerrorist,371.8042,510.5037,79.77892,M4A1,100,100,-224.9447,4.986135,0,False,True,True,130.7813,0.703125
Edward,CounterTerrorist,363.0186,510.7497,79.71674,M4A1,100,100,-224.8854,7.179137,0,False,True,True,130.0781,0.703125
Edward,CounterTerrorist,354.238,511.1301,79.59793,M4A1,100,100,-224.67,12.18135,0,False,True,True,123.75,0.3515625
Edward,CounterTerrorist,345.4727,511.7708,79.42987,M4A1,100,100,-224.1937,19.03087,0,False,True,True,123.0469,0.3515625
Edward,CounterTerrorist,336.7277,512.6483,80.03125,M4A1,100,100,-223.6542,24.57205,0,False,True,True,123.0469,0.3515625
Edward,CounterTerrorist,328.0033,513.7117,80.03125,M4A1,100,100,-223.1435,28.84381,0,False,True,True,123.0469,0.3515625
Edward,CounterTerrorist,319.2977,514.9194,80.03125,M4A1,100,100,-222.6831,32.20599,0,False,True,True,123.0469,0.3515625
Edward,CounterTerrorist,310.6111,516.2565,80.03125,M4A1,100,100,-222.1474,35.71454,0,False,True,True,120.9375,0.3515625
Edward,CounterTerrorist,301.9501,517.7513,80.03125,M4A1,100,100,-221.4124,40.01959,0,False,True,True,119.5313,0.3515625
Edward,CounterTerrorist,293.3212,519.4206,80.03125,M4A1,100,100,-220.5277,44.63789,0,False,True,True,117.7734,0.3515625
Edward,CounterTerrorist,284.7315,521.281,80.03125,M4A1,100,100,-219.4547,49.64499,0,False,True,True,116.3672,0.3515625
Edward,CounterTerrorist,276.1883,523.3442,80.03125,M4A1,100,100,-218.1849,54.95779,0,False,True,True,114.6094,0
Edward,CounterTerrorist,267.6711,525.4565,80.03125,M4A1,100,100,-219.1418,46.56779,0,False,True,True,112.5,0
Edward,CounterTerrorist,259.0058,526.6791,80.03125,M4A1,100,100,-223.5919,21.95482,0,False,True,True,110.3906,359.6484
Edward,CounterTerrorist,250.2283,527.0826,80.03125,M4A1,100,100,-224.9751,3.345347,0,False,True,True,107.9297,359.6484
Edward,CounterTerrorist,241.4427,526.8803,80.03125,M4A1,100,100,-224.767,-10.23789,0,False,True,True,105.8203,359.6484
Edward,CounterTerrorist,232.6767,526.252,80.03125,M4A1,100,100,-224.1592,-19.43268,0,False,True,True,103.3594,359.6484
Edward,CounterTerrorist,223.9354,525.6813,78.79221,M4A1,100,100,-223.4911,-4.196843,0,False,True,True,101.6016,359.6484
Edward,CounterTerrorist,215.2299,526.1486,78.28012,M4A1,100,100,-222.3871,22.18895,0,False,True,True,100.1953,359.2969
Edward,CounterTerrorist,206.5805,527.5573,77.77133,M4A1,100,100,-220.4929,44.80949,0,False,True,True,98.78906,359.2969
Edward,CounterTerrorist,198.074,529.7579,77.27095,M4A1,100,100,-215.8265,63.59197,0,False,True,True,97.73438,359.2969
Edward,CounterTerrorist,189.5333,531.8239,77.03125,M4A1,100,100,-220.1751,46.34583,0,False,True,True,96.32813,359.2969
Edward,CounterTerrorist,180.9661,533.774,76.5327,M4A1,100,100,-217.4077,57.95611,0,False,True,True,95.27343,359.2969
Edward,CounterTerrorist,172.608,536.4844,75.47454,M4A1,100,100,-211.5793,76.5455,0,False,True,True,94.21874,359.2969
Edward,CounterTerrorist,164.4878,539.8425,74.3564,M4A1,100,100,-205.4014,91.84377,0,False,True,True,93.16406,359.2969
Edward,CounterTerrorist,156.6087,543.734,73.54884,M4A1,100,100,-199.2566,104.5074,0,False,True,True,92.46094,358.9453
Edward,CounterTerrorist,148.9648,548.0699,72.75538,M4A1,100,100,-193.3303,115.1017,0,False,True,True,91.05469,358.9453
Edward,CounterTerrorist,141.547,552.7827,72.56994,M4A1,100,100,-187.6221,124.1892,0,False,True,True,90,358.9453
Edward,CounterTerrorist,134.3479,557.8234,72.38996,M4A1,100,100,-182.1127,132.1361,0,False,True,True,88.59375,358.5938
Edward,CounterTerrorist,128.2449,562.9391,72.22294,M4A1,100,100,-126.6998,122.3701,0,False,True,True,87.53906,358.5938
Edward,CounterTerrorist,124.9218,567.157,72.07497,M4A1,100,100,-59.04701,98.9383,0,False,True,True,87.1875,358.2422
Edward,CounterTerrorist,123.616,569.8614,72.00072,M4A1,100,100,-23.37151,47.08752,0,False,True,True,87.1875,358.2422
Edward,CounterTerrorist,122.8493,570.3088,71.97467,M4A1,100,100,-15.77467,-10.22791,0,False,True,True,87.1875,358.2422
Edward,CounterTerrorist,122.4382,569.7607,71.97282,M4A1,100,100,-7.149179,-9.530276,0,False,True,True,87.1875,358.2422
Edward,CounterTerrorist,122.3498,569.6428,71.97243,M4A1,100,100,0,0,0,False,True,True,87.53906,358.5938
Edward,CounterTerrorist,122.3498,569.6428,71.97243,M4A1,100,100,0,0,0,False,True,True,87.53906,358.9453
Edward,CounterTerrorist,122.3498,569.6428,71.97243,M4A1,100,100,0,0,0,False,True,True,87.89063,358.9453
Edward,CounterTerrorist,122.3498,569.6428,71.97243,M4A1,100,100,0,0,0,False,True,True,87.89063,359.6484
Edward,CounterTerrorist,122.3498,569.6428,71.97243,M4A1,100,100,0,0,0,False,True,True,88.24219,359.6484
Edward,CounterTerrorist,122.3498,569.6428,71.97243,M4A1,100,100,0,0,0,False,True,True,88.94531,1.054688
Edward,CounterTerrorist,122.3498,569.6428,71.97243,M4A1,100,100,0,0,0,False,True,True,88.94531,1.054688
Edward,CounterTerrorist,122.3498,569.6428,71.97243,M4A1,100,100,0,0,0,False,True,True,89.29688,1.757813
Edward,CounterTerrorist,122.3498,569.6428,71.97243,M4A1,100,100,0,0,0,False,True,True,89.29688,1.757813
Edward,CounterTerrorist,122.3498,569.6428,71.97243,M4A1,100,100,0,0,0,False,True,True,89.29688,1.757813
Edward,CounterTerrorist,122.5585,569.6389,71.97243,M4A1,100,100,16.87214,-0.3105868,0,False,True,True,88.94531,1.757813
Edward,CounterTerrorist,124.0414,569.613,72.00491,M4A1,100,100,52.02343,-0.9008831,0,False,True,True,88.94531,2.109375
Edward,CounterTerrorist,126.8959,569.5639,72.08729,M4A1,100,100,86.9815,-1.481517,0,False,True,True,88.94531,2.109375
Edward,CounterTerrorist,131.0274,569.499,72.19157,M4A1,100,100,117.5106,-1.768777,0,False,True,True,89.29688,2.460938
Edward,CounterTerrorist,136.2238,569.4284,72.32257,M4A1,100,100,142.731,-1.767264,0,False,True,True,89.64844,2.8125
Edward,CounterTerrorist,142.2999,569.3653,72.47545,M4A1,100,100,163.5653,-1.459136,0,False,True,True,90,2.460938
Edward,CounterTerrorist,149.1028,569.3234,72.65273,M4A1,100,100,180.7731,-0.7618037,0,False,True,True,90.70313,1.757813
Edward,CounterTerrorist,156.5057,569.3202,73.11538,M4A1,100,100,194.9768,0.4438262,0,False,True,True,91.75781,0.703125
Edward,CounterTerrorist,164.3268,569.3706,73.97073,M4A1,100,100,196.8574,1.610891,0,False,True,True,92.10938,0
Edward,CounterTerrorist,170.7439,569.4074,74.9147,M4A1,100,100,134.2023,0.09543703,0,False,True,True,92.46094,359.2969
Edward,CounterTerrorist,173.819,569.377,75.36669,M4A1,100,100,77.99847,-1.583276,0,False,True,True,92.46094,358.9453
Edward,CounterTerrorist,175.3961,569.2539,75.59544,M4A1,100,100,2.091712,-2.907025,0,False,True,True,92.46094,358.9453
Edward,CounterTerrorist,175.3961,569.2539,75.59544,M4A1,100,100,0,0,0,False,True,True,92.46094,358.5938
Edward,CounterTerrorist,175.3961,569.2539,75.59544,M4A1,100,100,0,0,0,False,True,True,92.46094,358.5938
Edward,CounterTerrorist,175.3961,569.2539,75.59544,M4A1,100,100,0,0,0,False,True,True,92.10938,358.5938
Edward,CounterTerrorist,175.3961,569.2539,75.59544,M4A1,100,100,0,0,0,False,True,True,92.10938,358.5938
Edward,CounterTerrorist,175.3961,569.2539,75.59544,M4A1,100,100,0,0,0,False,True,True,91.75781,358.2422
Edward,CounterTerrorist,175.6048,569.2589,75.6284,M4A1,100,100,16.87021,0.4018641,0,False,True,True,91.40625,358.2422
Edward,CounterTerrorist,177.0107,569.2897,75.83454,M4A1,100,100,42.17766,0.9086772,0,False,True,True,91.40625,358.2422
Edward,CounterTerrorist,178.3287,569.3181,75.95107,M4A1,100,100,28.11842,0.6057844,0,False,True,True,91.05469,358.5938
Edward,CounterTerrorist,179.0976,569.3347,76.01903,M4A1,100,100,14.05918,0.3028916,0,False,True,True,91.40625,359.2969
Edward,CounterTerrorist,179.3173,569.3395,76.03651,M4A1,100,100,0,0,0,False,True,True,91.05469,359.2969
Edward,CounterTerrorist,179.3173,569.3395,76.03651,M4A1,100,100,0,0,0,False,True,True,91.40625,359.6484
Edward,CounterTerrorist,179.3173,569.3395,76.03651,M4A1,100,100,0,0,0,False,True,True,91.75781,0.3515625
Edward,CounterTerrorist,179.7125,569.3533,76.07343,M4A1,100,100,23.89036,0.8688768,0,False,True,True,92.10938,1.054688
Edward,CounterTerrorist,181.9842,569.4576,76.27468,M4A1,100,100,66.00969,3.27975,0,False,True,True,93.16406,2.460938
Edward,CounterTerrorist,184.5889,569.5925,76.53339,M4A1,100,100,93.44283,4.924605,0,False,True,True,93.16406,2.460938
Edward,CounterTerrorist,188.9436,569.8336,77.04942,M4A1,100,100,122.756,7.011813,0,False,True,True,93.86719,3.164063
Edward,CounterTerrorist,195.5018,570.2311,77.82709,M4A1,100,100,151.2492,9.51741,0,False,True,True,94.21874,3.164063
Edward,CounterTerrorist,201.8718,570.6486,78.58292,M4A1,100,100,170.4626,11.42491,0,False,True,True,94.5703,3.515625
Edward,CounterTerrorist,208.9117,571.1345,79.17416,M4A1,100,100,186.3246,13.11398,0,False,True,True,94.5703,3.515625
Edward,CounterTerrorist,216.5052,571.6776,79.63754,M4A1,100,100,199.4506,14.17533,0,False,True,True,93.16406,4.21875
Edward,CounterTerrorist,224.3345,572.826,79.67464,M4A1,100,100,201.0159,39.09789,0,False,True,True,78.39844,9.140625
Edward,CounterTerrorist,232.3627,574.5764,80.03125,M4A1,100,100,209.3467,45.02534,0,False,True,True,49.21875,10.19531
Edward,CounterTerrorist,240.7024,576.3241,80.03125,M4A1,100,100,215.297,48.99997,0,False,True,True,22.5,6.328125
Edward,CounterTerrorist,249.2354,578.2996,80.03125,M4A1,100,100,219.4344,49.73475,0,False,True,True,8.085938,1.054688
Edward,CounterTerrorist,257.8253,580.1593,80.03125,M4A1,100,100,220.186,46.29388,0,False,True,True,8.085938,1.054688
Edward,CounterTerrorist,266.44,581.9014,80.03125,M4A1,100,100,220.7465,43.543,0,False,True,True,8.085938,1.054688
Edward,CounterTerrorist,275.0732,583.5487,80.03125,M4A1,100,100,221.1735,41.31924,0,False,True,True,8.085938,1.054688
Edward,CounterTerrorist,283.7209,585.1191,80.03125,M4A1,100,100,221.5041,39.50845,0,False,True,True,8.085938,1.054688
Edward,CounterTerrorist,292.3796,586.6268,80.03125,M4A1,100,100,221.7633,38.02684,0,False,True,True,8.085938,1.054688
Edward,CounterTerrorist,300.8363,588.7428,80.03125,M4A1,100,100,212.1217,65.80986,0,False,True,True,8.085938,1.054688
Edward,CounterTerrorist,308.9278,591.8622,80.03125,M4A1,100,100,206.6118,84.23005,0,False,True,True,7.734375,1.40625
Edward,CounterTerrorist,317.1538,594.6689,80.03125,M4A1,100,100,211.223,56.85884,0,False,True,True,7.03125,1.757813
Edward,CounterTerrorist,325.3775,595.9653,80.07215,M4A1,100,100,209.9505,18.21468,0,False,True,True,5.273438,2.460938
Edward,CounterTerrorist,333.5369,595.8898,86.19174,M4A1,100,100,208.1834,-14.57166,0,False,True,True,4.570313,2.460938
Edward,CounterTerrorist,341.6329,594.6684,88.03125,M4A1,100,100,206.6793,-41.70689,0,False,True,True,4.570313,2.460938
Edward,CounterTerrorist,349.8519,593.0398,88.03125,M4A1,100,100,214.2476,-37.00997,0,False,True,True,4.570313,2.460938
Edward,CounterTerrorist,358.4189,591.8399,87.95293,M4A1,100,100,222.4832,-26.77444,0,False,True,True,4.921875,2.460938
Edward,CounterTerrorist,367.1678,591.0077,87.53683,M4A1,100,100,224.2908,-17.84978,0,False,True,True,4.921875,2.460938
Edward,CounterTerrorist,375.941,590.4858,87.27587,M4A1,100,100,224.7511,-10.58083,0,False,True,True,4.921875,2.8125
Edward,CounterTerrorist,384.7256,590.2126,87.13927,M4A1,100,100,224.9489,-4.796295,0,False,True,True,4.570313,2.8125
Edward,CounterTerrorist,393.5142,590.1306,87.09826,M4A1,100,100,224.9995,-0.4750229,0,False,True,True,4.570313,2.8125
Edward,CounterTerrorist,402.1496,590.7029,87.38442,M4A1,100,100,217.282,28.50748,0,False,True,True,4.570313,3.164063
Edward,CounterTerrorist,410.4423,592.5312,88.03125,M4A1,100,100,209.1946,58.22478,0,False,True,True,4.21875,3.164063
Edward,CounterTerrorist,418.471,595.38,88.03125,M4A1,100,100,203.5415,81.85587,0,False,True,True,1.40625,3.164063
Edward,CounterTerrorist,426.3644,598.9929,88.03125,M4A1,100,100,201.5753,98.6861,0,False,True,True,355.4297,2.8125
Edward,CounterTerrorist,433.7604,603.3849,88.03125,M4A1,100,100,178.5347,123.3825,0,False,True,True,348.75,2.8125
Edward,CounterTerrorist,440.2741,608.7478,88.03125,M4A1,100,100,160.0903,145.782,0,False,True,True,341.7188,2.460938
Edward,CounterTerrorist,446.2539,614.8564,88.03125,M4A1,100,100,149.2123,162.8009,0,False,True,True,336.4453,2.460938
Edward,CounterTerrorist,451.8555,621.3851,90.72746,M4A1,100,100,133.9847,157.7475,0,False,True,True,332.9297,2.460938
Edward,CounterTerrorist,456.0207,625.9149,92.99239,M4A1,100,100,89.44737,89.87904,0,False,True,True,331.875,2.460938
Edward,CounterTerrorist,458.625,628.081,94.07542,M4A1,100,100,52.40762,33.90995,0,False,True,True,331.875,2.460938
Edward,CounterTerrorist,459.831,628.2646,94.16725,M4A1,100,100,16.06888,-13.00916,0,False,True,True,331.1719,2.460938
Edward,CounterTerrorist,459.7575,627.0388,93.55431,M4A1,100,100,-12.00533,-42.62944,0,False,True,True,327.3047,2.109375
Edward,CounterTerrorist,458.7072,624.7628,92.41631,M4A1,100,100,-37.56326,-67.89553,0,False,True,True,315,2.8125
Edward,CounterTerrorist,457.1989,621.3228,90.6963,M4A1,100,100,-42.3291,-99.87071,0,False,True,True,288.2813,3.867188
Edward,CounterTerrorist,455.7422,616.7612,88.41554,M4A1,100,100,-39.04932,-126.8925,0,False,True,True,246.0938,3.867188
Edward,CounterTerrorist,454.0167,611.8016,88.03125,M4A1,100,100,-42.06049,-118.9164,0,False,True,True,203.9063,3.164063
Edward,CounterTerrorist,452.5495,607.6537,88.03125,M4A1,100,100,-34.74385,-98.23029,0,False,True,True,172.6172,0.703125
Edward,CounterTerrorist,451.3376,604.2273,88.03125,M4A1,100,100,-28.69999,-81.14263,0,False,True,True,171.5625,1.054688
Edward,CounterTerrorist,450.3366,601.3972,88.03125,M4A1,100,100,-23.6933,-66.9874,0,False,True,True,171.5625,1.054688
Edward,CounterTerrorist,449.5207,599.3162,88.03125,M4A1,100,100,-20.50793,-34.67296,0,False,True,True,171.5625,1.054688
Edward,CounterTerrorist,448.2762,599.0797,88.03125,M4A1,100,100,-38.26025,10.74492,0,False,True,True,171.5625,1.054688
Edward,CounterTerrorist,446.394,600.2932,88.03125,M4A1,100,100,-55.16498,43.87606,0,False,True,True,171.5625,1.054688
Edward,CounterTerrorist,443.8215,602.7019,88.03125,M4A1,100,100,-72.62591,72.85293,0,False,True,True,171.5625,1.054688
Edward,CounterTerrorist,440.6352,606.1252,88.03125,M4A1,100,100,-87.16311,96.87955,0,False,True,True,171.5625,1.054688
Edward,CounterTerrorist,436.9425,610.3871,88.03125,M4A1,100,100,-99.08658,116.789,0,False,True,True,170.8594,1.054688
Edward,CounterTerrorist,432.885,615.3784,88.03125,M4A1,100,100,-106.1426,135.1008,0,False,True,True,164.1797,3.164063
Edward,CounterTerrorist,428.7103,621.0809,90.57539,M4A1,100,100,-106.5925,153.1297,0,False,True,True,157.1484,4.570313
Edward,CounterTerrorist,424.1877,627.0614,93.56563,M4A1,100,100,-124.9875,149.8163,0,False,True,True,155.3906,4.921875
Edward,CounterTerrorist,418.8304,632.7448,96.03125,M4A1,100,100,-144.7563,142.7803,0,False,True,True,155.3906,5.273438
Edward,CounterTerrorist,412.7817,638.1788,96.03125,M4A1,100,100,-161.1742,136.7749,0,False,True,True,155.7422,5.273438
Edward,CounterTerrorist,406.1115,642.6698,96.03125,M4A1,100,100,-176.3295,99.30723,0,False,True,True,156.0938,5.625
Edward,CounterTerrorist,398.9371,645.7383,96.03125,M4A1,100,100,-188.2438,65.55779,0,False,True,True,156.0938,5.625
Edward,CounterTerrorist,393.2183,648.3109,96.11522,M4A1,100,100,-33.5187,100.0215,0,False,True,True,156.0938,5.625
Edward,CounterTerrorist,391.2964,652.3268,96.03125,M4A1,100,100,-63.51122,103.042,0,False,True,True,156.0938,5.625
Edward,CounterTerrorist,388.0782,656.3669,96.03125,M4A1,100,100,-94.17973,103.6875,0,False,True,True,156.0938,5.625
Edward,CounterTerrorist,384.1194,660.7729,96.03125,M4A1,100,100,-101.4083,122.3679,0,False,True,True,156.4453,5.625
Edward,CounterTerrorist,380.3553,663.9688,96.03125,M4A1,100,100,-85.69888,0,0,False,True,True,156.4453,5.625
Edward,CounterTerrorist,377.8019,664.6495,96.03125,M4A1,100,100,-52.48383,34.131,0,False,True,True,157.8516,5.625
Edward,CounterTerrorist,376.4005,666.8325,96.03125,M4A1,100,100,-25.93076,69.62683,0,False,True,True,159.6094,5.625
Edward,CounterTerrorist,375.8297,670.2974,96.03125,M4A1,100,100,-10.73828,100.9951,0,False,True,True,161.0156,5.273438
Edward,CounterTerrorist,374.9547,674.797,96.03125,M4A1,100,100,-29.90464,123.9537,0,False,True,True,163.125,4.921875
Edward,CounterTerrorist,373.3765,680.0789,96.03125,M4A1,100,100,-47.12432,142.169,0,False,True,True,164.8828,4.570313
Edward,CounterTerrorist,371.1784,685.9852,96.03125,M4A1,100,100,-62.0396,156.8196,0,False,True,True,165.5859,4.21875
Edward,CounterTerrorist,368.4529,692.3984,96.03125,M4A1,100,100,-74.64428,168.7537,0,False,True,True,165.9375,4.21875
Edward,CounterTerrorist,365.2828,699.2247,94.67633,M4A1,100,100,-85.26678,178.4854,0,False,True,True,166.2891,4.21875
Edward,CounterTerrorist,362.2921,706.4764,93.18098,M4A1,100,100,-66.4381,190.9071,0,False,True,True,167.3438,4.21875
Edward,CounterTerrorist,360.1929,714.211,92.13139,M4A1,100,100,-46.08185,202.5016,0,False,True,True,169.8047,4.570313
Edward,CounterTerrorist,358.8033,722.3302,91.43661,M4A1,100,100,-24.93214,208.7442,0,False,True,True,172.9688,4.570313
Edward,CounterTerrorist,358.7498,727.9688,91.40987,M4A1,100,100,11.34093,0,0,False,True,True,177.5391,4.21875
Edward,CounterTerrorist,359.8326,727.9518,91.95123,M4A1,100,100,41.24448,-1.058477,0,False,True,True,177.8906,3.867188
Edward,CounterTerrorist,362.2669,727.8746,93.1684,M4A1,100,100,76.36913,-2.570447,0,False,True,True,177.8906,3.867188
Edward,CounterTerrorist,366.0274,727.7421,95.04865,M4A1,100,100,108.7129,-3.901589,0,False,True,True,177.8906,3.867188
Edward,CounterTerrorist,369.8581,727.6031,96.03125,M4A1,100,100,130.4888,-4.758537,0,False,True,True,177.8906,3.867188
Edward,CounterTerrorist,376.737,727.3525,96.03125,M4A1,100,100,157.5093,-5.655143,0,False,True,True,178.2422,3.867188
Edward,CounterTerrorist,379.9688,727.3879,96.03125,M4A1,100,100,0,10.70642,0,False,True,True,178.2422,4.21875
Edward,CounterTerrorist,379.9688,727.9688,96.03125,M4A1,100,100,0,0,0,False,True,True,178.2422,4.21875
Edward,CounterTerrorist,379.9688,727.9688,96.03125,M4A1,100,100,0,0,0,False,True,True,178.5938,4.21875
Edward,CounterTerrorist,379.9688,727.9688,96.03125,M4A1,100,100,0,0,0,False,True,True,178.5938,4.570313
Edward,CounterTerrorist,379.9688,727.9688,96.03125,M4A1,100,100,0,0,0,False,True,True,178.5938,4.570313
Edward,CounterTerrorist,379.9688,727.9688,96.03125,M4A1,100,100,0,0,0,False,True,True,178.5938,4.921875
Edward,CounterTerrorist,379.9688,727.9672,96.03125,M4A1,100,100,0,-0.2010879,0,False,True,True,178.9453,4.921875
Edward,CounterTerrorist,379.9688,727.9656,96.03125,M4A1,100,100,0,0,0,False,True,True,178.9453,4.921875
Edward,CounterTerrorist,379.9688,727.9656,96.03125,M4A1,100,100,0,0,0,False,True,True,178.9453,4.921875
Edward,CounterTerrorist,379.9688,727.9656,96.03125,M4A1,100,100,0,0,0,False,True,True,178.9453,4.921875
Edward,CounterTerrorist,379.9688,727.9656,96.03125,M4A1,100,100,0,0,0,False,True,True,178.9453,4.921875
Edward,CounterTerrorist,379.9688,727.9656,96.03125,M4A1,100,100,0,0,0,False,True,True,178.9453,4.921875
Edward,CounterTerrorist,379.9688,727.9656,96.03125,M4A1,100,100,0,0,0,False,True,True,178.9453,4.921875
Edward,CounterTerrorist,379.9688,727.9656,96.03125,M4A1,100,100,0,0,0,False,True,True,178.9453,4.921875
Edward,CounterTerrorist,379.9688,727.9656,96.03125,M4A1,100,100,0,0,0,False,True,True,178.9453,4.921875
Edward,CounterTerrorist,379.9688,727.9656,96.03125,M4A1,100,100,0,0,0,False,True,True,179.2969,4.921875
Edward,CounterTerrorist,379.9688,727.9656,96.03125,M4A1,100,100,0,0,0,False,True,True,180,4.570313
Edward,CounterTerrorist,379.9688,727.9656,96.03125,M4A1,100,100,0,0,0,False,True,True,180,4.570313
Edward,CounterTerrorist,379.9688,727.9656,96.03125,M4A1,100,100,0,0,0,False,True,True,180,4.570313
Edward,CounterTerrorist,379.9688,727.9656,96.03125,M4A1,100,100,0,0,0,False,True,True,180,4.570313
Edward,CounterTerrorist,379.9688,727.9656,96.03125,M4A1,100,100,0,0,0,False,True,True,179.6484,4.570313
Edward,CounterTerrorist,379.9688,727.9656,96.03125,M4A1,100,100,0,0,0,False,True,True,180,4.570313
Edward,CounterTerrorist,379.9688,727.9656,96.03125,M4A1,100,100,0,0,0,False,True,True,180,4.570313
Edward,CounterTerrorist,379.9688,727.9656,96.03125,M4A1,100,100,0,0,0,False,True,True,180,4.570313
Edward,CounterTerrorist,379.9688,727.9656,96.03125,M4A1,100,100,0,0,0,False,True,True,180.3516,4.570313
Edward,CounterTerrorist,379.9688,727.9656,96.03125,M4A1,100,100,0,0,0,False,True,True,180.3516,4.570313
Edward,CounterTerrorist,379.9688,727.9656,96.03125,M4A1,100,100,0,0,0,False,True,True,180.3516,4.570313
Edward,CounterTerrorist,379.9688,727.9656,96.03125,M4A1,100,100,0,0,0,False,True,True,180.3516,4.570313
Edward,CounterTerrorist,379.9688,727.9656,96.03125,M4A1,100,100,0,0,0,False,True,True,180.3516,4.570313
Edward,CounterTerrorist,379.9688,727.9656,96.03125,M4A1,100,100,0,0,0,False,True,True,180.3516,4.570313
Edward,CounterTerrorist,379.9688,727.9656,96.03125,M4A1,100,100,0,0,0,False,True,True,180.7031,4.570313
Edward,CounterTerrorist,379.9688,727.9656,96.03125,M4A1,100,100,0,0,0,False,True,True,180.7031,4.570313
Edward,CounterTerrorist,379.9688,727.9656,96.03125,M4A1,100,100,0,0,0,False,True,True,180.7031,4.570313
Edward,CounterTerrorist,379.9688,727.9656,96.03125,M4A1,100,100,0,0,0,False,True,True,181.0547,4.570313
Edward,CounterTerrorist,379.9688,727.9656,96.03125,M4A1,100,100,0,0,0,False,True,True,182.8125,4.21875
Edward,CounterTerrorist,379.9688,727.9656,96.03125,M4A1,100,100,0,0,0,False,True,True,183.8672,4.21875
Edward,CounterTerrorist,379.9688,727.9656,96.03125,M4A1,100,100,0,0,0,False,True,True,184.2188,4.570313
Edward,CounterTerrorist,379.9688,727.9656,96.03125,M4A1,100,100,0,0,0,False,True,True,185.2734,4.570313
Edward,CounterTerrorist,379.9688,727.9656,96.03125,M4A1,100,100,0,0,0,False,True,True,187.0313,4.921875
Edward,CounterTerrorist,379.997,727.5738,96.03125,M4A1,100,100,0,-23.68214,0,False,True,True,187.7344,5.273438
Edward,CounterTerrorist,379.997,725.8362,96.03125,M4A1,100,100,0,-58.34354,0,False,True,True,188.0859,5.625
Edward,CounterTerrorist,379.997,722.7507,96.03125,M4A1,100,100,0,-92.43718,0,False,True,True,187.7344,5.625
Edward,CounterTerrorist,379.9607,719.6226,96.03125,M4A1,100,100,-2.166515,-56.15612,0,False,True,True,183.5156,5.625
Edward,CounterTerrorist,379.868,718.9086,96.03125,M4A1,100,100,-1.427279,6.818013,0,False,True,True,180.7031,5.625
Edward,CounterTerrorist,379.8495,720.0013,96.03125,M4A1,100,100,-0.03154906,42.03714,0,False,True,True,178.5938,5.976563
Edward,CounterTerrorist,379.8757,722.3901,96.03125,M4A1,100,100,0.9297808,67.33569,0,False,True,True,178.9453,6.679688
Edward,CounterTerrorist,379.9074,724.6908,96.03125,M4A1,100,100,0.7356223,53.27452,0,True,True,True,182.1094,7.03125
Edward,CounterTerrorist,379.9316,726.4422,96.03125,M4A1,100,100,0.5414637,39.21336,0,True,True,True,182.4609,7.734375
Edward,CounterTerrorist,379.9482,727.6443,96.03125,M4A1,100,100,0.3473052,25.15219,0,True,True,True,183.5156,7.734375
Edward,CounterTerrorist,379.9546,727.9714,96.03125,M4A1,100,100,0,0,0,True,True,True,183.5156,7.734375
Edward,CounterTerrorist,379.9546,727.9714,96.03125,M4A1,100,100,0,0,0,True,True,True,184.5703,7.382813
Edward,CounterTerrorist,379.9546,727.9714,96.03125,M4A1,100,100,0,0,0,False,True,True,184.5703,6.328125
Edward,CounterTerrorist,379.9546,727.9714,96.03125,M4A1,100,100,0,0,0,False,True,True,184.9219,5.625
Edward,CounterTerrorist,379.9546,727.9714,96.03125,M4A1,100,100,0,0,0,False,True,True,187.0313,5.625
Edward,CounterTerrorist,379.9546,727.9714,96.03125,M4A1,100,100,0,0,0,False,True,True,189.1406,6.328125
Edward,CounterTerrorist,379.9546,727.9714,96.03125,M4A1,100,100,0,0,0,False,True,True,194.0625,6.679688
Edward,CounterTerrorist,379.9546,727.9714,96.03125,M4A1,100,100,0,0,0,False,True,True,197.2266,6.679688
Edward,CounterTerrorist,379.9546,727.9714,96.03125,M4A1,73,95,0,0,0,False,True,True,197.9297,6.679688
Edward,CounterTerrorist,379.9546,727.9714,96.03125,M4A1,73,95,0,0,0,False,True,True,200.0391,7.382813
