Name,Team,Position.X,Position.Y,Position.Z,ActiveWeapon,HP,Armour,Velocity.X,Velocity.Y,Velocity.Z,IsDucking,HasHelmet,HasDefuseKit,ViewDirectionX,ViewDirectionY,Map = de_inferno
f1,CounterTerrorist,2432,2184,124.3104,Knife,100,85,0,0,0,False,True,True,180.3516,12.65625
f1,CounterTerrorist,2432,2184,124.3104,Knife,100,85,0,0,0,False,True,True,180.3516,12.65625
f1,CounterTerrorist,2432,2184,124.3104,Knife,100,85,0,0,0,False,True,True,271.0547,0
f1,CounterTerrorist,2432,2184,124.3104,Knife,100,85,0,0,0,False,True,True,271.0547,0
f1,CounterTerrorist,2432,2184,124.3104,Knife,100,85,0,0,0,False,True,True,271.0547,0
f1,CounterTerrorist,2432,2184,124.3104,Knife,100,85,0,0,0,False,True,True,271.0547,0
f1,CounterTerrorist,2432,2184,124.3104,Knife,100,85,0,0,0,False,True,True,271.0547,0
f1,CounterTerrorist,2432,2184,124.3104,Knife,100,85,0,0,0,False,True,True,271.0547,0
f1,CounterTerrorist,2432,2184,124.3104,Knife,100,85,0,0,0,False,True,True,271.0547,0
f1,CounterTerrorist,2432,2184,124.3104,Knife,100,85,0,0,0,False,True,True,271.0547,0
f1,CounterTerrorist,2432,2184,124.3104,Knife,100,85,0,0,0,False,True,True,271.0547,0
f1,CounterTerrorist,2432,2184,124.3104,HE,100,85,0,0,0,False,True,True,271.0547,0
f1,CounterTerrorist,2432,2184,124.3104,HE,100,85,0,0,0,False,True,True,271.0547,0
f1,CounterTerrorist,2432,2184,124.3104,HE,100,85,0,0,0,False,True,True,271.0547,0
f1,CounterTerrorist,2432,2184,124.3104,HE,100,85,0,0,0,False,True,True,271.0547,0
f1,CounterTerrorist,2432,2184,124.3104,HE,100,85,0,0,0,False,True,True,270.7031,0
f1,CounterTerrorist,2432,2184,124.3104,HE,100,85,0,0,0,False,True,True,254.8828,1.054688
f1,CounterTerrorist,2432,2184,124.3104,HE,100,85,0,0,0,False,True,True,201.7969,1.054688
f1,CounterTerrorist,2432,2184,124.3104,HE,100,85,0,0,0,False,True,True,170.1563,359.2969
f1,CounterTerrorist,2432,2184,124.3104,HE,100,85,0,0,0,False,True,True,166.9922,359.6484
f1,CounterTerrorist,2432,2184,124.3104,HE,100,85,0,0,0,False,True,True,166.9922,359.6484
f1,CounterTerrorist,2432,2184,124.3104,HE,100,85,0,0,0,False,True,True,166.9922,359.6484
f1,CounterTerrorist,2432,2184,124.3104,HE,100,85,0,0,0,False,True,True,166.9922,359.6484
f1,CounterTerrorist,2432,2184,124.3104,HE,100,85,0,0,0,False,True,True,166.9922,359.6484
f1,CounterTerrorist,2432,2184,124.3104,HE,100,85,0,0,0,False,True,True,166.9922,359.6484
f1,CounterTerrorist,2432,2184,124.3104,HE,100,85,0,0,0,False,True,True,166.9922,359.6484
f1,CounterTerrorist,2432,2184,124.3104,HE,100,85,0,0,0,False,True,True,166.9922,359.6484
f1,CounterTerrorist,2432,2184,124.3104,HE,100,85,0,0,0,False,True,True,166.9922,359.6484
f1,CounterTerrorist,2432,2184,124.3104,HE,100,85,0,0,0,False,True,True,166.9922,359.6484
f1,CounterTerrorist,2432,2184,124.3104,HE,100,85,0,0,0,False,True,True,166.9922,359.6484
f1,CounterTerrorist,2432,2184,124.3104,HE,100,85,0,0,0,False,True,True,166.9922,359.6484
f1,CounterTerrorist,2432,2184,124.3104,HE,100,85,0,0,0,False,True,True,166.9922,359.6484
f1,CounterTerrorist,2432,2184,124.3104,HE,100,85,0,0,0,False,True,True,166.9922,359.6484
f1,CounterTerrorist,2432,2184,124.3104,HE,100,85,0,0,0,False,True,True,165.5859,359.2969
f1,CounterTerrorist,2432,2184,124.3104,HE,100,85,0,0,0,False,True,True,165.5859,359.2969
f1,CounterTerrorist,2432,2184,124.3104,HE,100,85,0,0,0,False,True,True,165.5859,359.2969
f1,CounterTerrorist,2432,2184,124.3104,HE,100,85,0,0,0,False,True,True,165.5859,359.2969
f1,CounterTerrorist,2432,2184,124.3104,HE,100,85,0,0,0,False,True,True,163.4766,359.2969
f1,CounterTerrorist,2432,2184,124.3104,HE,100,85,0,0,0,False,True,True,159.9609,359.6484
f1,CounterTerrorist,2432,2184,124.3104,HE,100,85,0,0,0,False,True,True,158.5547,359.6484
f1,CounterTerrorist,2432,2184,124.3104,HE,100,85,0,0,0,False,True,True,158.5547,359.6484
f1,CounterTerrorist,2432,2184,124.3104,HE,100,85,0,0,0,False,True,True,158.5547,359.6484
f1,CounterTerrorist,2432,2184,124.3104,HE,100,85,0,0,0,False,True,True,158.5547,359.6484
f1,CounterTerrorist,2432,2184,124.3104,HE,100,85,0,0,0,False,True,True,158.5547,359.6484
f1,CounterTerrorist,2432,2184,124.3104,HE,100,85,0,0,0,False,True,True,158.5547,359.6484
f1,CounterTerrorist,2432,2184,124.3104,HE,100,85,0,0,0,False,True,True,158.5547,359.6484
f1,CounterTerrorist,2432,2184,124.3104,HE,100,85,0,0,0,False,True,True,158.5547,359.6484
f1,CounterTerrorist,2432,2184,124.3104,HE,100,85,0,0,0,False,True,True,161.7188,0.3515625
f1,CounterTerrorist,2432,2184,124.3104,HE,100,85,0,0,0,False,True,True,178.9453,359.6484
f1,CounterTerrorist,2432,2184,124.3104,HE,100,85,0,0,0,False,True,True,194.0625,359.6484
f1,CounterTerrorist,2432,2184,124.3104,HE,100,85,0,0,0,False,True,True,196.1719,359.2969
f1,CounterTerrorist,2432,2184,124.3104,HE,100,85,0,0,0,False,True,True,196.1719,359.2969
f1,CounterTerrorist,2432,2184,124.3104,HE,100,85,0,0,0,False,True,True,196.1719,359.2969
f1,CounterTerrorist,2432,2184,124.3104,HE,100,85,0,0,0,False,True,True,196.1719,359.2969
f1,CounterTerrorist,2432,2184,124.3104,HE,100,85,0,0,0,False,True,True,196.1719,358.9453
f1,CounterTerrorist,2432,2184,124.3104,HE,100,85,0,0,0,False,True,True,196.1719,358.9453
f1,CounterTerrorist,2432,2184,124.3104,HE,100,85,0,0,0,False,True,True,194.4141,358.9453
f1,CounterTerrorist,2432,2184,124.3104,HE,100,85,0,0,0,False,True,True,194.4141,358.9453
f1,CounterTerrorist,2432,2184,124.3104,HE,100,85,0,0,0,False,True,True,194.4141,359.2969
f1,CounterTerrorist,2432,2184,124.3104,HE,100,85,0,0,0,False,True,True,194.4141,359.2969
f1,CounterTerrorist,2432,2184,124.3104,HE,100,85,0,0,0,False,True,True,194.4141,359.2969
f1,CounterTerrorist,2432,2184,124.3104,HE,100,85,0,0,0,False,True,True,192.6563,359.2969
f1,CounterTerrorist,2432,2184,124.3104,HE,100,85,0,0,0,False,True,True,191.6016,359.2969
f1,CounterTerrorist,2432,2184,124.3104,HE,100,85,0,0,0,False,True,True,184.2188,359.2969
f1,CounterTerrorist,2432,2184,124.3104,HE,100,85,0,0,0,False,True,True,156.7969,0
f1,CounterTerrorist,2432,2184,124.3104,HE,100,85,0,0,0,False,True,True,144.4922,0.703125
f1,CounterTerrorist,2432,2184,124.3104,HE,100,85,0,0,0,False,True,True,146.6016,0.703125
f1,CounterTerrorist,2432,2184,124.3104,HE,100,85,0,0,0,False,True,True,149.4141,1.40625
f1,CounterTerrorist,2432,2184,124.3104,HE,100,85,0,0,0,False,True,True,149.7656,1.757813
f1,CounterTerrorist,2432,2184,124.3104,HE,100,85,0,0,0,False,True,True,150.1172,1.40625
f1,CounterTerrorist,2432,2184,124.3104,HE,100,85,0,0,0,False,True,True,150.4688,0.703125
f1,CounterTerrorist,2432,2184,124.3104,HE,100,85,0,0,0,False,True,True,150.4688,0.703125
f1,CounterTerrorist,2432,2184,124.3104,HE,100,85,0,0,0,False,True,True,150.4688,0.703125
f1,CounterTerrorist,2432,2184,124.3104,HE,100,85,0,0,0,False,True,True,150.4688,0.703125
f1,CounterTerrorist,2432,2184,124.3104,HE,100,85,0,0,0,False,True,True,150.4688,0.703125
f1,CounterTerrorist,2432,2184,124.3104,HE,100,85,0,0,0,False,True,True,150.8203,0.703125
f1,CounterTerrorist,2432,2184,124.3104,HE,100,85,0,0,0,False,True,True,150.8203,0.703125
f1,CounterTerrorist,2432,2184,124.3104,HE,100,85,0,0,0,False,True,True,151.1719,1.40625
f1,CounterTerrorist,2432,2184,124.3104,HE,100,85,0,0,0,False,True,True,151.1719,1.40625
f1,CounterTerrorist,2432,2184,124.3104,HE,100,85,0,0,0,False,True,True,151.1719,1.40625
f1,CounterTerrorist,2432,2184,124.3104,HE,100,85,0,0,0,False,True,True,151.1719,1.40625
f1,CounterTerrorist,2432,2184,124.3104,HE,100,85,0,0,0,True,True,True,151.1719,1.40625
f1,CounterTerrorist,2432,2184,124.3104,HE,100,85,0,0,0,True,True,True,151.5234,1.40625
f1,CounterTerrorist,2432,2184,124.3104,HE,100,85,0,0,0,True,True,True,162.4219,2.460938
f1,CounterTerrorist,2432,2184,124.3104,HE,100,85,0,0,0,False,True,True,184.2188,2.460938
f1,CounterTerrorist,2432,2184,124.3104,HE,100,85,0,0,0,True,True,True,203.9063,2.460938
f1,CounterTerrorist,2432,2184,124.3104,HE,100,85,0,0,0,True,True,True,208.4766,1.40625
f1,CounterTerrorist,2432,2184,124.3104,HE,100,85,0,0,0,False,True,True,204.6094,0.703125
f1,CounterTerrorist,2432,2184,124.3104,HE,100,85,0,0,0,False,True,True,185.9766,0.703125
f1,CounterTerrorist,2432,2184,124.3104,HE,100,85,0,0,0,False,True,True,165.2344,0.703125
f1,CounterTerrorist,2432,2184,124.3104,HE,100,85,0,0,0,False,True,True,158.9063,0.703125
f1,CounterTerrorist,2432,2184,124.3104,HE,100,85,0,0,0,False,True,True,157.1484,0.3515625
f1,CounterTerrorist,2432,2184,124.3104,HE,100,85,0,0,0,False,True,True,154.6875,0.3515625
f1,CounterTerrorist,2432,2184,124.3104,HE,100,85,0,0,0,False,True,True,153.2813,359.6484
f1,CounterTerrorist,2432,2184,124.3104,HE,100,85,0,0,0,False,True,True,153.2813,359.6484
f1,CounterTerrorist,2432,2184,124.3104,HE,100,85,0,0,0,False,True,True,153.2813,359.6484
f1,CounterTerrorist,2432,2184,124.3104,HE,100,85,0,0,0,False,True,True,153.2813,359.6484
f1,CounterTerrorist,2432,2184,124.3104,HE,100,85,0,0,0,False,True,True,153.2813,359.6484
f1,CounterTerrorist,2432,2184,124.3104,HE,100,85,0,0,0,False,True,True,159.9609,0.3515625
f1,CounterTerrorist,2432,2184,124.3104,HE,100,85,0,0,0,False,True,True,176.8359,2.109375
f1,CounterTerrorist,2432,2184,124.3104,HE,100,85,0,0,0,False,True,True,197.5781,2.8125
f1,CounterTerrorist,2432,2184,124.3104,HE,100,85,0,0,0,False,True,True,203.2031,1.757813
f1,CounterTerrorist,2432,2184,124.3104,HE,100,85,0,0,0,False,True,True,193.3594,1.757813
f1,CounterTerrorist,2432,2184,124.3104,HE,100,85,0,0,0,False,True,True,170.5078,0.703125
f1,CounterTerrorist,2432,2184,124.3104,Knife,100,85,0,0,0,False,True,True,157.1484,0.3515625
f1,CounterTerrorist,2432,2184,124.3104,Knife,100,85,0,0,0,False,True,True,156.0938,0
f1,CounterTerrorist,2432,2184,124.3104,Knife,100,85,0,0,0,False,True,True,156.0938,0
f1,CounterTerrorist,2432,2184,124.3104,Knife,100,85,0,0,0,False,True,True,155.7422,359.6484
f1,CounterTerrorist,2432,2184,124.3104,Knife,100,85,0,0,0,False,True,True,155.7422,359.6484
f1,CounterTerrorist,2432,2184,124.3104,Knife,100,85,0,0,0,False,True,True,154.6875,359.6484
f1,CounterTerrorist,2432,2184,124.3104,Knife,100,85,0,0,0,False,True,True,154.6875,359.6484
f1,CounterTerrorist,2432,2184,124.3104,Knife,100,85,0,0,0,False,True,True,154.6875,359.6484
f1,CounterTerrorist,2432,2184,124.3104,Knife,100,85,0,0,0,False,True,True,155.0391,359.6484
f1,CounterTerrorist,2432,2184,124.3104,Knife,100,85,0,0,0,False,True,True,155.0391,359.6484
f1,CounterTerrorist,2432,2184,124.3104,Knife,100,85,0,0,0,False,True,True,155.0391,359.6484
f1,CounterTerrorist,2432,2184,124.3104,Knife,100,85,0,0,0,False,True,True,155.3906,359.6484
f1,CounterTerrorist,2432,2184,124.3104,Knife,100,85,0,0,0,False,True,True,155.3906,359.6484
f1,CounterTerrorist,2432,2184,124.3104,Knife,100,85,0,0,0,False,True,True,155.7422,0
f1,CounterTerrorist,2432,2184,124.3104,Knife,100,85,0,0,0,False,True,True,166.6406,1.40625
f1,CounterTerrorist,2432,2184,124.3104,Knife,100,85,0,0,0,False,True,True,183.8672,3.515625
f1,CounterTerrorist,2432,2184,124.3104,Knife,100,85,0,0,0,False,True,True,205.6641,3.867188
f1,CounterTerrorist,2432,2184,124.3104,Knife,100,85,0,0,0,False,True,True,217.9688,2.8125
f1,CounterTerrorist,2432,2184,124.3104,Knife,100,85,0,0,0,False,True,True,219.0234,2.460938
f1,CounterTerrorist,2432,2184,124.3104,Knife,100,85,0,0,0,False,True,True,219.0234,2.460938
f1,CounterTerrorist,2432,2184,124.3104,Knife,100,85,0,0,0,False,True,True,207.4219,1.757813
f1,CounterTerrorist,2432,2184,124.3104,Knife,100,85,0,0,0,False,True,True,171.5625,2.109375
f1,CounterTerrorist,2432,2184,124.3104,Knife,100,85,0,0,0,False,True,True,152.9297,1.757813
f1,CounterTerrorist,2432,2184,124.3104,Knife,100,85,0,0,0,False,True,True,153.2813,1.757813
f1,CounterTerrorist,2432,2184,124.3104,Knife,100,85,0,0,0,False,True,True,153.2813,1.757813
f1,CounterTerrorist,2432,2184,124.3104,Knife,100,85,0,0,0,False,True,True,152.9297,1.757813
f1,CounterTerrorist,2432,2184,124.3104,Knife,100,85,0,0,0,False,True,True,152.9297,1.054688
f1,CounterTerrorist,2432,2184,124.3104,Knife,100,85,0,0,0,False,True,True,152.5781,359.6484
f1,CounterTerrorist,2432,2184,124.3104,Knife,100,85,0,0,0,False,True,True,152.5781,359.6484
f1,CounterTerrorist,2432,2184,124.3104,Knife,100,85,0,0,0,False,True,True,152.5781,359.6484
f1,CounterTerrorist,2432,2184,124.3104,Knife,100,85,0,0,0,False,True,True,152.5781,359.6484
f1,CounterTerrorist,2432,2184,124.3104,Knife,100,85,0,0,0,False,True,True,152.5781,359.6484
f1,CounterTerrorist,2432,2184,124.3104,Knife,100,85,0,0,0,False,True,True,152.5781,359.6484
f1,CounterTerrorist,2432,2184,124.3104,Knife,100,85,0,0,0,False,True,True,152.5781,359.6484
f1,CounterTerrorist,2432,2184,124.3104,Knife,100,85,0,0,0,False,True,True,152.5781,359.6484
f1,CounterTerrorist,2432,2184,124.3104,Knife,100,85,0,0,0,False,True,True,152.5781,359.6484
f1,CounterTerrorist,2432,2184,124.3104,Knife,100,85,0,0,0,False,True,True,152.5781,359.6484
f1,CounterTerrorist,2432,2184,124.3104,Knife,100,85,0,0,0,False,True,True,152.5781,359.6484
f1,CounterTerrorist,2432,2184,124.3104,Knife,100,85,0,0,0,False,True,True,152.5781,359.6484
f1,CounterTerrorist,2432,2184,124.3104,Knife,100,85,0,0,0,False,True,True,152.5781,359.6484
f1,CounterTerrorist,2432,2184,124.3104,Knife,100,85,0,0,0,False,True,True,152.5781,359.6484
f1,CounterTerrorist,2432,2184,124.3104,Knife,100,85,0,0,0,False,True,True,152.5781,359.6484
f1,CounterTerrorist,2432,2184,124.3104,Knife,100,85,0,0,0,False,True,True,152.5781,359.6484
f1,CounterTerrorist,2432,2184,124.3104,Knife,100,85,0,0,0,False,True,True,152.5781,359.6484
f1,CounterTerrorist,2432,2184,124.3104,Knife,100,85,0,0,0,False,True,True,152.5781,359.6484
f1,CounterTerrorist,2432,2184,124.3104,Knife,100,85,0,0,0,False,True,True,152.5781,359.6484
f1,CounterTerrorist,2432,2184,124.3104,Knife,100,85,0,0,0,False,True,True,152.5781,359.6484
f1,CounterTerrorist,2432,2184,124.3104,Knife,100,85,0,0,0,False,True,True,152.5781,359.6484
f1,CounterTerrorist,2432,2184,124.3104,Knife,100,85,0,0,0,False,True,True,152.5781,359.6484
f1,CounterTerrorist,2432,2184,124.3104,Knife,100,85,0,0,0,False,True,True,152.5781,359.6484
f1,CounterTerrorist,2432,2184,124.3104,Knife,100,85,0,0,0,False,True,True,152.5781,359.6484
f1,CounterTerrorist,2432,2184,124.3104,Knife,100,85,0,0,0,False,True,True,152.5781,359.6484
f1,CounterTerrorist,2432,2184,124.3104,Knife,100,85,0,0,0,False,True,True,152.5781,359.6484
f1,CounterTerrorist,2432,2184,124.3104,Knife,100,85,0,0,0,False,True,True,152.5781,359.6484
f1,CounterTerrorist,2432,2184,124.3104,Knife,100,85,0,0,0,False,True,True,152.5781,359.6484
f1,CounterTerrorist,2432,2184,124.3104,Knife,100,85,0,0,0,False,True,True,152.5781,359.6484
f1,CounterTerrorist,2432,2184,124.3104,Knife,100,85,0,0,0,False,True,True,152.5781,359.6484
f1,CounterTerrorist,2432,2184,124.3104,Knife,100,85,0,0,0,False,True,True,152.5781,359.6484
f1,CounterTerrorist,2432,2184,124.3104,Knife,100,85,0,0,0,False,True,True,152.5781,359.6484
f1,CounterTerrorist,2432,2184,124.3104,Knife,100,85,0,0,0,False,True,True,152.5781,359.6484
f1,CounterTerrorist,2432,2184,124.3104,Knife,100,85,0,0,0,False,True,True,152.5781,359.6484
f1,CounterTerrorist,2432,2184,124.3104,Knife,100,85,0,0,0,False,True,True,152.5781,359.6484
f1,CounterTerrorist,2432,2184,124.3104,Knife,100,85,0,0,0,False,True,True,152.5781,359.6484
f1,CounterTerrorist,2432,2184,124.3104,Knife,100,85,0,0,0,False,True,True,152.5781,359.6484
f1,CounterTerrorist,2432,2184,124.3104,Knife,100,85,0,0,0,False,True,True,152.5781,359.6484
f1,CounterTerrorist,2432,2184,124.3104,Knife,100,85,0,0,0,False,True,True,152.5781,359.6484
f1,CounterTerrorist,2432,2184,124.3104,Knife,100,85,0,0,0,False,True,True,152.5781,359.6484
f1,CounterTerrorist,2432,2184,124.3104,Knife,100,85,0,0,0,False,True,True,152.5781,359.6484
f1,CounterTerrorist,2432,2184,124.3104,Knife,100,85,0,0,0,False,True,True,152.5781,359.6484
f1,CounterTerrorist,2432,2184,124.3104,Knife,100,85,0,0,0,False,True,True,152.5781,359.6484
f1,CounterTerrorist,2432,2184,124.3104,Knife,100,85,0,0,0,False,True,True,152.5781,359.6484
f1,CounterTerrorist,2432,2184,124.3104,Knife,100,85,0,0,0,False,True,True,152.5781,359.6484
f1,CounterTerrorist,2432,2184,124.3104,Knife,100,85,0,0,0,False,True,True,152.5781,359.6484
f1,CounterTerrorist,2432,2184,124.3104,Knife,100,85,0,0,0,False,True,True,152.5781,359.6484
f1,CounterTerrorist,2432,2184,124.3104,Knife,100,85,0,0,0,False,True,True,152.5781,359.6484
f1,CounterTerrorist,2432,2184,124.3104,Knife,100,85,0,0,0,False,True,True,152.5781,359.6484
f1,CounterTerrorist,2432,2184,124.3104,Knife,100,85,0,0,0,False,True,True,152.5781,359.6484
f1,CounterTerrorist,2432,2184,124.3104,Knife,100,85,0,0,0,False,True,True,152.5781,359.6484
f1,CounterTerrorist,2432,2184,124.3104,Knife,100,85,0,0,0,False,True,True,152.5781,359.6484
f1,CounterTerrorist,2432,2184,124.3104,Knife,100,85,0,0,0,False,True,True,152.5781,359.6484
f1,CounterTerrorist,2432,2184,124.3104,Knife,100,85,0,0,0,False,True,True,152.5781,359.6484
f1,CounterTerrorist,2432,2184,124.3104,Knife,100,85,0,0,0,False,True,True,152.5781,359.6484
f1,CounterTerrorist,2432,2184,124.3104,Knife,100,85,0,0,0,False,True,True,152.5781,359.6484
f1,CounterTerrorist,2432,2184,124.3104,Knife,100,85,0,0,0,False,True,True,152.5781,359.6484
f1,CounterTerrorist,2432,2184,124.3104,Knife,100,85,0,0,0,False,True,True,152.5781,359.6484
f1,CounterTerrorist,2432,2184,124.3104,Knife,100,85,0,0,0,False,True,True,152.5781,359.6484
f1,CounterTerrorist,2432,2184,124.3104,Knife,100,85,0,0,0,False,True,True,152.5781,359.6484
f1,CounterTerrorist,2432,2184,124.3104,Knife,100,85,0,0,0,False,True,True,152.5781,359.6484
f1,CounterTerrorist,2431.603,2184.205,124.285,Knife,100,85,-24.16546,12.45756,0,False,True,True,152.5781,359.6484
f1,CounterTerrorist,2427.375,2186.384,124.2879,Knife,100,85,-88.26962,45.50397,0,False,True,True,152.5781,359.6484
f1,CounterTerrorist,2420.204,2190.081,124.6296,Knife,100,85,-133.3124,68.724,0,False,True,True,152.5781,359.6484
f1,CounterTerrorist,2411.954,2194.334,124.8025,Knife,100,85,-162.875,83.96386,0,False,True,True,152.5781,359.6484
f1,CounterTerrorist,2399.351,2200.831,125.0714,Knife,100,85,-190.9253,98.42412,0,False,True,True,152.5781,359.6484
f1,CounterTerrorist,2388.389,2206.482,125.333,Knife,100,85,-206.9635,106.692,0,False,True,True,152.5781,359.6484
f1,CounterTerrorist,2374.948,2213.411,125.6537,Knife,100,85,-220.7371,113.7924,0,False,True,True,152.5781,359.6484
f1,CounterTerrorist,2359.323,2221.466,126.0265,Knife,100,85,-222.2111,114.5523,0,False,True,True,152.5781,359.6484
f1,CounterTerrorist,2347.17,2227.731,126.868,Knife,100,85,-222.2111,114.5523,0,False,True,True,152.5781,359.6484
f1,CounterTerrorist,2331.546,2235.787,128.0364,Knife,100,85,-222.2111,114.5523,0,False,True,True,152.5781,359.6484
f1,CounterTerrorist,2319.393,2242.052,128.9452,Knife,100,85,-222.2111,114.5523,0,False,True,True,152.5781,359.6484
f1,CounterTerrorist,2305.504,2249.212,129.3286,Knife,100,85,-222.2111,114.5523,0,False,True,True,152.5781,359.6484
f1,CounterTerrorist,2289.88,2257.267,129.4677,Knife,100,85,-222.2111,114.5523,0,False,True,True,152.5781,359.6484
f1,CounterTerrorist,2275.991,2264.427,129.579,Knife,100,85,-222.2111,114.5523,0,False,True,True,152.5781,359.6484
f1,CounterTerrorist,2263.838,2270.692,129.6455,Knife,100,85,-222.2111,114.5523,0,False,True,True,152.5781,359.6484
f1,CounterTerrorist,2248.214,2278.748,129.7388,Knife,100,85,-222.2111,114.5523,0,False,True,True,152.5781,359.6484
f1,CounterTerrorist,2234.325,2285.908,129.8134,Knife,100,85,-222.2111,114.5523,0,False,True,True,152.5781,359.6484
f1,CounterTerrorist,2222.172,2292.173,129.8694,Knife,100,85,-222.2111,114.5523,0,False,True,True,152.5781,359.6484
f1,CounterTerrorist,2208.284,2299.333,130.968,Knife,100,85,-222.2111,114.5523,0,False,True,True,152.5781,359.6484
f1,CounterTerrorist,2192.659,2307.388,133.5272,Knife,100,85,-222.2111,114.5523,0,False,True,True,152.5781,359.6484
f1,CounterTerrorist,2180.457,2313.527,135.4077,Knife,100,85,-226.4088,102.728,0,False,True,True,152.5781,359.6484
f1,CounterTerrorist,2165.809,2318.094,140.0313,Knife,100,85,-239.9516,52.26743,0,False,True,True,152.5781,359.6484
f1,CounterTerrorist,2148.498,2320.082,140.0313,Knife,100,85,-249.7515,11.14333,0,False,True,True,152.5781,359.6484
f1,CounterTerrorist,2132.879,2319.878,140.0313,Knife,100,85,-249.909,-6.746209,0,False,True,True,152.5781,359.6484
f1,CounterTerrorist,2117.295,2320.808,140.0313,Knife,100,85,-248.203,29.92068,0,False,True,True,152.5781,359.6484
f1,CounterTerrorist,2103.839,2323.201,140.0313,Knife,100,85,-244.2987,53.08619,0,False,True,True,152.5781,359.6484
f1,CounterTerrorist,2086.877,2327.793,140.0313,Knife,100,85,-238.8455,73.84317,0,False,True,True,152.5781,359.6484
f1,CounterTerrorist,2072.101,2332.87,140.0313,Knife,100,85,-234.6365,86.28857,0,False,True,True,152.5781,359.6484
f1,CounterTerrorist,2059.365,2337.838,140.0313,Knife,100,85,-231.7067,93.87236,0,False,True,True,152.5781,359.6484
f1,CounterTerrorist,2043.743,2345.385,140.0313,Knife,100,85,-205.7463,128.54,0,False,True,True,152.5781,359.6484
f1,CounterTerrorist,2032.015,2354.863,140.0313,Knife,100,85,-174.9412,167.8658,0,False,True,True,152.5781,359.6484
f1,CounterTerrorist,2021.767,2366.293,140.0313,Knife,100,85,-164.7943,186.2213,0,False,True,True,152.5781,359.6484
f1,CounterTerrorist,2012.131,2375.98,140.0313,Knife,100,85,-183.1631,170.1507,0,False,True,True,152.5781,359.6484
f1,CounterTerrorist,1998.651,2387.253,140.0313,Knife,100,85,-197.2968,153.5381,0,False,True,True,151.1719,359.2969
f1,CounterTerrorist,1988.13,2395.879,140.0313,Knife,100,85,-180.2227,169.461,0,False,True,True,146.6016,358.9453
f1,CounterTerrorist,1976.944,2409.189,140.0313,Knife,100,85,-143.9473,203.4743,0,False,True,True,145.8984,359.6484
f1,CounterTerrorist,1968.109,2422.07,140.0313,Knife,100,85,-150.1856,199.8606,0,False,True,True,145.8984,359.6484
f1,CounterTerrorist,1959.339,2432.553,140.0313,Knife,100,85,-167.1217,185.931,0,False,True,True,145.8984,359.6484
f1,CounterTerrorist,1948.407,2443.712,140.0313,Knife,100,85,-180.1707,173.3163,0,False,True,True,145.8984,359.6484
f1,CounterTerrorist,1935.344,2455.471,132.0694,Knife,100,85,-189.6483,162.8912,0,False,True,True,145.8984,359.6484
f1,CounterTerrorist,1924.814,2464.19,130.9212,Knife,100,85,-194.4415,157.1385,0,False,True,True,145.8984,359.6484
f1,CounterTerrorist,1912.525,2473.839,129.5986,Knife,100,85,-198.112,152.4848,0,False,True,True,145.8984,359.6484
f1,CounterTerrorist,1898.48,2484.41,128.1549,Knife,100,85,-200.8804,148.8188,0,False,True,True,145.8984,359.6484
f1,CounterTerrorist,1885.863,2493.626,126.9522,Knife,100,85,-202.5777,146.5,0,False,True,True,145.8984,359.6484
f1,CounterTerrorist,1873.157,2502.72,127.086,Knife,100,85,-203.7958,144.8008,0,False,True,True,145.8984,359.6484
f1,CounterTerrorist,1861.655,2509.786,126.9844,Knife,100,85,-218.3654,109.7031,0,False,True,True,145.8984,359.6484
f1,CounterTerrorist,1845.502,2515.593,127.4827,Knife,100,85,-236.4389,69.98441,0,False,True,True,145.5469,359.6484
f1,CounterTerrorist,1830.859,2520.943,128.0291,Knife,100,85,-230.4474,96.92252,0,False,True,True,139.9219,3.164063
f1,CounterTerrorist,1818.542,2526.867,128.4184,Knife,100,85,-221.401,116.1103,0,False,True,True,138.5156,6.679688
f1,CounterTerrorist,1803.027,2535.113,128.9281,Knife,100,85,-227.1837,104.3435,0,False,True,True,136.0547,6.679688
f1,CounterTerrorist,1790.239,2539.928,136.9135,Knife,100,85,-237.9197,76.77379,0,False,True,True,136.0547,6.679688
f1,CounterTerrorist,1773.703,2545.847,145.1812,Knife,100,85,-229.3248,99.54961,0,False,True,True,136.0547,6.679688
f1,CounterTerrorist,1759.789,2552.94,152.1386,Knife,100,85,-217.6506,122.9969,0,False,True,True,136.0547,6.679688
f1,CounterTerrorist,1746.54,2561.217,158.7629,Knife,100,85,-207.8546,138.9118,0,False,True,True,136.0547,6.679688
f1,CounterTerrorist,1733.829,2570.3,160.0313,Knife,100,85,-200.2133,149.7152,0,False,True,True,136.0547,7.382813
f1,CounterTerrorist,1721.536,2579.944,160.0313,Knife,100,85,-194.1306,157.5224,0,False,True,True,135.3516,8.789063
f1,CounterTerrorist,1711.052,2588.718,160.0313,Knife,100,85,-190.0891,162.3766,0,False,True,True,135.3516,10.54688
f1,CounterTerrorist,1697.821,2600.291,160.0313,Knife,100,85,-186.9506,165.9804,0,False,True,True,136.0547,14.41406
f1,CounterTerrorist,1686.181,2610.714,160.0313,Knife,100,85,-185.9199,167.134,0,False,True,True,137.4609,20.74219
f1,CounterTerrorist,1675.165,2621.645,160.0313,Knife,100,85,-158.92,187.8864,0,False,True,True,138.1641,32.34375
f1,CounterTerrorist,1666.781,2632.146,173.1618,Knife,100,85,-151.771,193.5574,261.3684,False,True,True,135,42.1875
f1,CounterTerrorist,1657.585,2647.003,189.5618,Knife,100,85,-111.0111,225.7989,205.1184,False,True,True,123.0469,51.67969
f1,CounterTerrorist,1652.451,2662.058,200.8193,Knife,100,85,-61.07964,250.0202,155.1184,False,True,True,110.3906,56.95313
f1,CounterTerrorist,1650.087,2678.109,208.9517,Knife,100,85,-21.97287,260.3919,105.1184,False,True,True,100.5469,60.82031
f1,CounterTerrorist,1649.436,2692.439,213.5041,Knife,100,85,-17.72598,261.545,61.36838,False,True,True,95.27343,61.875
f1,CounterTerrorist,1646.419,2710.665,215.8416,Knife,100,85,-59.22385,257.6203,5.118378,False,True,True,96.32813,61.52344
f1,CounterTerrorist,1641.864,2726.635,214.599,Knife,100,85,-84.70253,253.3077,-44.88162,False,True,True,101.9531,60.46875
f1,CounterTerrorist,1635.169,2742.066,210.2315,Knife,100,85,-127.0117,240.015,-94.88162,False,True,True,111.4453,58.00781
f1,CounterTerrorist,1626.826,2754.508,203.8464,Knife,100,85,-170.8949,217.1282,-138.6316,False,True,True,121.9922,56.25
f1,CounterTerrorist,1612.146,2767.569,192.1214,Knife,100,85,-237.2504,156.5789,-194.8816,False,True,True,140.625,52.03125
f1,CounterTerrorist,1595.578,2774.512,178.3788,Knife,100,85,-282.7101,73.53082,-244.8816,False,True,True,159.6094,46.05469
f1,CounterTerrorist,1577.23,2776.419,161.5113,Knife,100,85,-296.4869,15.84275,-294.8816,False,True,True,177.8906,37.96875
f1,CounterTerrorist,1558.7,2777.41,141.5187,Knife,100,85,-296.4869,15.84275,-344.8816,False,True,True,190.1953,27.42188
f1,CounterTerrorist,1543.219,2778.61,127.9073,Knife,100,85,-168.774,19.72626,0,False,True,True,190.8984,24.25781
f1,CounterTerrorist,1532.063,2779.088,127.878,Knife,100,85,-185.7318,-0.5652843,0,False,True,True,190.8984,24.25781
f1,CounterTerrorist,1519.893,2778.54,127.9321,Knife,100,85,-201.7286,-14.4502,0,False,True,True,190.8984,24.25781
f1,CounterTerrorist,1508.417,2777.458,128.0776,Knife,100,85,-216.0011,-23.45598,0,False,True,True,190.8984,24.25781
f1,CounterTerrorist,1494.324,2775.697,128.3322,Knife,100,85,-232.8927,-31.57667,0,False,True,True,190.8984,24.25781
f1,CounterTerrorist,1477.32,2773.198,128.6756,Knife,100,85,-247.0733,-38.1413,0,False,True,True,190.8984,24.25781
f1,CounterTerrorist,1461.892,2770.726,129.0073,Knife,100,85,-246.6891,-40.55219,0,False,True,True,190.8984,24.25781
f1,CounterTerrorist,1448.395,2768.961,129.2441,Knife,100,85,-246.6603,-14.98788,0,False,True,True,190.8984,24.25781
f1,CounterTerrorist,1431.114,2770.042,129.0991,Knife,100,85,-245.1161,37.03904,0,False,True,True,190.8984,24.25781
f1,CounterTerrorist,1415.785,2772.954,128.7084,Knife,100,85,-246.9606,38.8648,0,False,True,True,190.8984,24.25781
f1,CounterTerrorist,1402.189,2774.35,128.5211,Knife,100,85,-249.4502,16.5707,0,False,True,True,190.1953,23.90625
f1,CounterTerrorist,1384.619,2774.666,128.4717,Knife,100,85,-249.9622,-4.345643,0,False,True,True,191.6016,23.20313
f1,CounterTerrorist,1370.965,2773.988,128.5697,Knife,100,85,-249.3385,-18.17489,0,False,True,True,193.711,21.44531
f1,CounterTerrorist,1353.492,2772.095,128.6135,Knife,100,85,-247.7032,-33.80992,0,False,True,True,196.5234,18.98438
f1,CounterTerrorist,1340.003,2769.873,128.8242,Knife,100,85,-245.7804,-45.73828,0,False,True,True,199.3359,17.92969
f1,CounterTerrorist,1322.838,2766.099,129.1924,Knife,100,85,-242.8498,-59.363,0,False,True,True,200.3906,17.22656
f1,CounterTerrorist,1309.619,2762.612,129.5326,Knife,100,85,-240.9442,-66.67765,0,False,True,True,200.3906,17.22656
f1,CounterTerrorist,1292.752,2757.661,130.0325,Knife,100,85,-239.1047,-72.9997,0,False,True,True,200.3906,17.22656
f1,CounterTerrorist,1277.853,2752.957,130.5691,Knife,100,85,-237.8989,-76.83822,0,False,True,True,200.3906,17.22656
f1,CounterTerrorist,1264.86,2748.736,131.0486,Knife,100,85,-238.2442,-71.46364,0,False,True,True,200.3906,17.22656
f1,CounterTerrorist,1247.787,2746.018,131.4027,Knife,100,85,-246.0761,-15.29684,0,False,True,True,200.3906,17.22656
f1,CounterTerrorist,1232.239,2746.191,131.4407,Knife,100,85,-249.9634,4.275089,0,False,True,True,200.3906,17.22656
f1,CounterTerrorist,1216.64,2745.443,131.5091,Knife,100,85,-248.9192,-23.2213,0,False,True,True,200.3906,17.22656
f1,CounterTerrorist,1203.094,2743.608,131.6144,Knife,100,85,-246.695,-40.51621,0,False,True,True,200.3906,17.22656
f1,CounterTerrorist,1185.869,2740.116,131.7056,Knife,100,85,-243.6322,-56.06574,0,False,True,True,200.3906,17.22656
f1,CounterTerrorist,1170.727,2736.266,131.8679,Knife,100,85,-241.3109,-65.33791,0,False,True,True,200.3906,17.22656
f1,CounterTerrorist,1157.581,2732.512,132.0286,Knife,100,85,-239.749,-70.8549,0,False,True,True,200.3906,17.22656
f1,CounterTerrorist,1140.785,2727.326,132.2646,Knife,100,85,-238.2383,-75.7793,0,False,True,True,200.3906,17.22656
f1,CounterTerrorist,1125.932,2722.478,132.4942,Knife,100,85,-237.248,-78.82519,0,False,True,True,200.3906,17.22656
f1,CounterTerrorist,1111.131,2717.471,132.737,Knife,100,85,-236.5051,-81.02675,0,False,True,True,200.3906,17.22656
f1,CounterTerrorist,1096.37,2712.348,133.1537,Knife,100,85,-235.9495,-82.6307,0,False,True,True,200.3906,17.22656
f1,CounterTerrorist,1081.611,2707.321,133.6432,Knife,100,85,-237.8004,-68.45384,0,False,True,True,200.3906,17.22656
f1,CounterTerrorist,1068.398,2705.024,133.9069,Knife,100,85,-244.2211,-23.86125,0,False,True,True,200.3906,17.22656
f1,CounterTerrorist,1050.985,2705.083,134.0851,Knife,100,85,-249.3235,18.37954,0,False,True,True,200.3906,17.22656
f1,CounterTerrorist,1035.37,2705.069,134.2485,Knife,100,85,-249.6532,-13.16271,0,False,True,True,200.3906,17.22656
f1,CounterTerrorist,1021.771,2703.697,134.4654,Knife,100,85,-247.7931,-33.14462,0,False,True,True,200.3906,17.22656
f1,CounterTerrorist,1004.468,2700.618,134.8147,Knife,100,85,-244.6805,-51.2978,0,False,True,True,200.7422,16.875
f1,CounterTerrorist,989.2685,2697.002,135.1714,Knife,100,85,-242.1134,-62.29861,0,False,True,True,200.3906,16.875
f1,CounterTerrorist,974.209,2692.838,138.0313,Knife,100,85,-240.1311,-69.54901,0,False,True,True,200.3906,16.875
f1,CounterTerrorist,961.1201,2688.888,138.9334,Knife,100,85,-238.7728,-74.07815,0,False,True,True,200.7422,16.875
f1,CounterTerrorist,944.4012,2683.461,140.7922,Knife,100,85,-236.8484,-80.01778,0,False,True,True,203.5547,16.52344
f1,CounterTerrorist,929.7477,2678.043,142.3882,Knife,100,85,-234.0062,-87.98363,0,False,True,True,217.6172,15.46875
f1,CounterTerrorist,914.7895,2673.548,143.3515,Knife,100,85,-241.84,-63.35163,0,False,True,True,230.9766,13.35938
f1,CounterTerrorist,900.0833,2668.993,143.7239,Knife,100,85,-222.9342,-92.8805,0,False,True,True,246.7969,10.89844
f1,CounterTerrorist,888.8383,2662.531,143.6444,Knife,100,85,-193.2032,-135.6962,0,False,True,True,251.3672,9.84375
f1,CounterTerrorist,876.4398,2651.312,143.1485,Knife,100,85,-164.3178,-176.5676,0,False,True,True,251.0156,9.492188
f1,CounterTerrorist,869.0052,2639.453,144.0313,Knife,100,85,-87.1047,-198.9952,0,False,True,True,251.0156,9.492188
f1,CounterTerrorist,865.5843,2626.405,144.0313,Knife,100,85,-38.58666,-216.0547,0,False,True,True,251.0156,9.492188
f1,CounterTerrorist,862.6367,2612.32,144.0313,Knife,100,85,-53.17122,-231.879,0,False,True,True,251.3672,9.492188
f1,CounterTerrorist,858.6755,2597.591,144.0313,Knife,100,85,-80.3269,-230.0459,0,False,True,True,250.6641,9.492188
f1,CounterTerrorist,852.8946,2585.795,144.0313,Knife,100,85,-123.1111,-205.8472,0,False,True,True,250.6641,9.492188
f1,CounterTerrorist,844.1962,2570.849,144.0313,Knife,100,85,-118.7144,-220.0156,0,False,True,True,250.6641,9.492188
f1,CounterTerrorist,837.1678,2556.895,144.0313,Knife,100,85,-108.0887,-225.4259,0,False,True,True,250.6641,9.492188
f1,CounterTerrorist,830.7283,2542.788,144.0313,HE,100,85,-98.98149,-224.1153,0,False,True,True,251.0156,9.492188
f1,CounterTerrorist,824.729,2528.7,144.0313,HE,100,85,-93.95618,-226.2681,0,False,True,True,250.6641,9.492188
f1,CounterTerrorist,819.6931,2516.284,144.0313,HE,100,85,-90.81216,-227.5481,0,False,True,True,250.6641,9.492188
f1,CounterTerrorist,813.4269,2500.238,135.0509,HE,100,85,-87.96666,-228.6632,0,False,True,True,250.3125,9.492188
f1,CounterTerrorist,807.9643,2485.932,133.6382,HE,100,85,-87.26978,-228.9301,0,False,True,True,248.9063,9.84375
f1,CounterTerrorist,803.1638,2473.424,132.398,HE,100,85,-88.45158,-228.4761,0,False,True,True,246.7969,9.84375
f1,CounterTerrorist,798.7125,2456.975,135.2639,HE,100,85,-40.74148,-239.3096,0,False,True,True,242.5781,10.19531
f1,CounterTerrorist,797.3459,2441.76,134.444,HE,100,85,-9.201403,-244.8271,0,False,True,True,239.4141,10.19531
f1,CounterTerrorist,797.4719,2426.452,134.5196,HE,100,85,9.054228,-244.8326,0,False,True,True,235.8984,10.19531
f1,CounterTerrorist,796.3601,2411.256,133.8525,HE,100,85,-36.99481,-241.6772,0,False,True,True,233.789,9.84375
f1,CounterTerrorist,794.5661,2397.984,132.7761,HE,100,85,-24.27592,-243.7943,0,False,True,True,233.0859,9.84375
f1,CounterTerrorist,793.6486,2380.785,132.2256,HE,100,85,-5.282462,-244.943,0,False,True,True,232.7344,9.492188
f1,CounterTerrorist,793.6728,2367.388,132.2401,HE,100,85,4.121996,-244.9653,0,False,True,True,231.6797,9.140625
f1,CounterTerrorist,794.2505,2350.171,132.5868,HE,100,85,10.83817,-244.7602,0,False,True,True,230.625,8.789063
f1,CounterTerrorist,794.9437,2336.791,133.0026,HE,100,85,13.85456,-244.608,0,False,True,True,230.2734,8.4375
f1,CounterTerrorist,795.6668,2321.497,130.513,HE,100,85,12.41074,-244.6855,0,False,True,True,228.8672,7.734375
f1,CounterTerrorist,796.547,2304.293,131.5065,HE,100,85,12.11631,-244.7002,0,False,True,True,226.7578,5.976563
f1,CounterTerrorist,797.1482,2290.907,132.1782,HE,100,85,9.965097,-244.7972,0,False,True,True,225,4.570313
f1,CounterTerrorist,797.6918,2273.689,132.6222,HE,100,85,5.773678,-244.932,0,False,True,True,223.2422,2.460938
f1,CounterTerrorist,796.7299,2260.593,132.8118,HE,100,85,-39.11815,-234.2223,0,False,True,True,221.8359,1.054688
f1,CounterTerrorist,791.897,2244.651,132.6096,HE,100,85,-89.9706,-221.2558,0,False,True,True,221.1328,359.6484
f1,CounterTerrorist,786.0121,2232.816,132.2474,HE,100,85,-119.8067,-212.9695,0,False,True,True,220.0781,358.5938
f1,CounterTerrorist,776.5468,2218.434,131.5821,HE,100,85,-144.8071,-197.6257,0,False,True,True,219.0234,356.8359
f1,CounterTerrorist,768.1823,2207.971,130.9156,HE,100,85,-158.4726,-186.846,0,False,True,True,217.9688,354.7266
f1,CounterTerrorist,756.5339,2195.284,130.8148,HE,100,85,-170.5439,-175.8971,0,False,True,True,218.3203,352.9688
f1,CounterTerrorist,745.6345,2184.53,130.875,HE,100,85,-176.9288,-169.4733,0,False,True,True,218.6719,352.9688
f1,CounterTerrorist,735.6558,2173.099,130.7044,HE,100,85,-143.0169,-195.9165,0,False,True,True,219.0234,353.6719
f1,CounterTerrorist,727.8357,2160.015,130.407,HE,100,85,-111.981,-217.9111,0,False,True,True,219.7266,358.9453
f1,CounterTerrorist,722.9498,2149.326,130.0926,AK47,100,85,-80.91088,-199.1945,0,False,True,True,219.7266,2.109375
f1,CounterTerrorist,718.5493,2136.634,129.7407,AK47,100,85,-63.05396,-205.5461,0,False,True,True,219.7266,2.109375
f1,CounterTerrorist,715.0143,2123.239,129.3562,Knife,100,85,-52.64157,-223.8102,0,False,True,True,219.7266,2.109375
f1,CounterTerrorist,712.8585,2108.879,129.1317,Knife,100,85,-8.995344,-230.0274,0,False,True,True,219.375,2.109375
f1,CounterTerrorist,714.5306,2092.749,128.4726,Knife,100,85,47.05829,-229.0411,0,False,True,True,218.6719,2.109375
f1,CounterTerrorist,718.1288,2080.23,128.5388,Knife,100,85,78.41753,-229.0264,0,False,True,True,217.6172,2.109375
f1,CounterTerrorist,723.8993,2065.877,128.8014,Knife,100,85,97.36421,-230.2612,0,False,True,True,215.1563,2.460938
f1,CounterTerrorist,728.8719,2049.05,128.7705,Knife,100,85,50.28562,-244.8905,0,False,True,True,210.2344,2.8125
f1,CounterTerrorist,730.8967,2033.563,128.4168,Knife,100,85,30.2491,-248.1632,0,False,True,True,206.7188,2.460938
f1,CounterTerrorist,733.2518,2020.1,128.1367,Knife,100,85,51.44429,-244.6497,0,False,True,True,204.9609,2.460938
f1,CounterTerrorist,737.4402,2003.594,127.8538,AK47,100,85,58.19688,-206.9737,0,False,True,True,204.6094,2.8125
f1,CounterTerrorist,741.3873,1990.75,127.5789,AK47,100,85,65.92941,-204.6419,0,False,True,True,201.4453,2.460938
f1,CounterTerrorist,745.5129,1977.962,127.7717,AK47,100,85,64.61662,-205.0602,0,False,True,True,193.0078,1.054688
f1,CounterTerrorist,749.427,1965.124,127.9502,AK47,100,85,69.45167,-202.2641,0,False,True,True,189.8437,0.3515625
f1,CounterTerrorist,754.4712,1955.631,128.1826,AK47,100,85,106.0742,-144.3014,0,False,True,True,189.8437,0.3515625
f1,CounterTerrorist,760.4614,1949.834,128.4603,AK47,100,85,66.44878,-44.33389,0,False,True,True,189.8437,0.3515625
f1,CounterTerrorist,763.6278,1948.921,128.6079,AK47,100,85,38.58754,1.838341,0,False,True,True,189.8437,0.703125
f1,CounterTerrorist,765.2977,1948.757,128.6712,AK47,100,85,19.32943,-14.04716,0,False,True,True,189.8437,0.703125
f1,CounterTerrorist,766.0831,1947.797,128.7089,AK47,100,85,6.570454,-8.35198,0,False,True,True,189.8437,0.703125
f1,CounterTerrorist,766.4586,1946.416,128.7262,AK47,100,85,6.897623,-32.19925,0,False,True,True,189.8437,0.703125
f1,CounterTerrorist,767.0068,1943.603,128.7603,AK47,100,85,10.316,-54.95745,0,False,True,True,189.8437,0.703125
f1,CounterTerrorist,767.4054,1941.514,128.7769,AK47,100,85,1.191094,-4.846296,0,False,True,True,189.8437,0.703125
f1,CounterTerrorist,767.316,1942.037,128.7769,AK47,100,85,-1.607098,9.253621,0,False,True,True,189.8437,0.703125
f1,CounterTerrorist,767.3022,1942.117,128.7769,AK47,100,85,0,0,0,False,True,True,189.8437,0.703125
f1,CounterTerrorist,767.3022,1942.117,128.7769,AK47,100,85,0,0,0,False,True,True,189.8437,0.703125
f1,CounterTerrorist,767.3022,1942.117,128.7769,AK47,100,85,0,0,0,False,True,True,189.8437,0.703125
f1,CounterTerrorist,767.3022,1942.117,128.7769,AK47,100,85,0,0,0,False,True,True,189.8437,0.703125
f1,CounterTerrorist,767.3022,1942.117,128.7769,AK47,100,85,0,0,0,False,True,True,189.8437,0.703125
f1,CounterTerrorist,767.3558,1941.809,128.7769,AK47,100,85,2.457429,-14.09995,0,False,True,True,189.8437,0.703125
f1,CounterTerrorist,767.5906,1940.462,128.7769,AK47,100,85,4.93632,-28.32305,0,False,True,True,189.8437,0.703125
f1,CounterTerrorist,767.7679,1939.445,128.793,AK47,100,85,0.5902125,-3.386455,0,False,True,True,189.8437,0.703125
f1,CounterTerrorist,767.7679,1939.445,128.793,AK47,100,85,0,0,0,False,True,True,189.8437,0.703125
f1,CounterTerrorist,767.7679,1939.445,128.793,AK47,100,85,0,0,0,False,True,True,189.8437,0.703125
f1,CounterTerrorist,767.7679,1939.445,128.793,AK47,100,85,0,0,0,False,True,True,189.8437,0.703125
f1,CounterTerrorist,767.7679,1939.445,128.793,AK47,100,85,0,0,0,False,True,True,189.1406,0.703125
f1,CounterTerrorist,767.7484,1939.874,128.793,AK47,100,85,-3.421953,15.937,0,False,True,True,158.2031,2.109375
f1,CounterTerrorist,767.4724,1941.639,128.785,Knife,100,85,-10.83988,49.78665,0,False,True,True,116.3672,2.109375
f1,CounterTerrorist,765.6129,1947.697,128.7002,Knife,100,85,-37.2648,113.4116,0,False,True,True,110.0391,0.703125
f1,CounterTerrorist,762.672,1956.337,128.5657,Knife,100,85,-53.92733,155.6649,0,False,True,True,110.0391,0.703125
f1,CounterTerrorist,758.5027,1964.999,128.3739,Knife,100,85,-96.88514,154.795,0,False,True,True,110.0391,0.703125
f1,CounterTerrorist,749.6857,1975.498,127.9657,Knife,100,85,-145.7242,145.4043,0,False,True,True,110.0391,0.703125
f1,CounterTerrorist,740.8105,1983.275,127.5518,Knife,100,85,-173.6486,140.0351,0,False,True,True,110.0391,0.703125
f1,CounterTerrorist,727.7648,1993.121,126.9379,Knife,100,85,-178.8823,148.8064,0,False,True,True,100.5469,1.40625
f1,CounterTerrorist,720.7922,2001.807,126.2214,Knife,100,85,-90.74014,164.3117,0,False,True,True,88.59375,2.460938
f1,CounterTerrorist,716.1172,2014.665,126.7178,Knife,100,85,-54.75152,198.7021,0,False,True,True,87.1875,2.460938
f1,CounterTerrorist,713.6463,2026.237,127.326,Knife,100,85,-38.62153,220.4467,0,False,True,True,87.1875,2.460938
f1,CounterTerrorist,711.7412,2040.701,127.7355,Knife,100,85,-24.76906,239.121,0,False,True,True,87.1875,2.460938
f1,CounterTerrorist,710.4668,2058.058,128.1765,Knife,100,85,-13.25744,249.6482,0,False,True,True,87.1875,2.460938
f1,CounterTerrorist,709.9524,2071.72,128.5614,Knife,100,85,-6.832916,249.9066,0,False,True,True,87.1875,2.460938
f1,CounterTerrorist,709.7169,2087.343,129.0179,Knife,100,85,-1.653806,249.9945,0,False,True,True,87.1875,2.460938
f1,CounterTerrorist,709.7618,2104.921,129.4854,Knife,100,85,2.182778,249.9905,0,False,True,True,87.53906,2.8125
f1,CounterTerrorist,709.9769,2120.545,129.8749,Knife,100,85,4.324149,249.9626,0,False,True,True,87.53906,2.8125
f1,CounterTerrorist,710.2547,2134.214,130.1739,Knife,100,85,5.672032,249.9356,0,False,True,True,87.1875,1.757813
f1,CounterTerrorist,710.7726,2151.784,130.4902,Knife,100,85,8.599068,249.8521,0,False,True,True,86.83594,2.460938
f1,CounterTerrorist,711.3206,2167.399,130.7583,Knife,100,85,8.77803,249.8458,0,False,True,True,87.89063,3.164063
f1,CounterTerrorist,711.8694,2183.014,131.0263,Knife,100,85,8.784168,249.8456,0,False,True,True,87.89063,3.164063
f1,CounterTerrorist,712.35,2196.677,131.2607,Knife,100,85,8.788195,249.8455,0,False,True,True,87.89063,3.164063
f1,CounterTerrorist,712.968,2214.245,131.5621,Knife,100,85,8.792017,249.8453,0,False,True,True,87.89063,3.164063
f1,CounterTerrorist,713.5176,2229.86,131.8299,Knife,100,85,8.79447,249.8452,0,False,True,True,87.89063,3.164063
f1,CounterTerrorist,714.0685,2245.475,132.0976,Knife,100,85,8.926091,249.8406,0,False,True,True,87.1875,3.164063
f1,CounterTerrorist,714.5726,2259.138,145.2612,Knife,100,85,9.216074,249.8301,261.3684,False,True,True,68.90625,6.328125
f1,CounterTerrorist,715.2208,2276.706,161.6612,Knife,100,85,9.216074,249.8301,205.1184,False,True,True,7.03125,14.0625
f1,CounterTerrorist,715.797,2292.321,172.9186,Knife,100,85,9.216074,249.8301,155.1184,False,True,True,303.75,16.52344
f1,CounterTerrorist,716.732,2307.922,181.0511,Knife,100,85,27.64408,248.4051,105.1184,False,True,True,259.4531,15.82031
f1,CounterTerrorist,719.699,2323.09,186.0585,AK47,100,85,62.09081,238.0206,55.11838,False,True,True,252.0703,15.46875
f1,CounterTerrorist,724.7968,2337.573,187.9409,AK47,100,85,97.11246,226.7052,5.118378,False,True,True,252.0703,15.46875
f1,CounterTerrorist,731.2813,2351.608,186.6984,Knife,100,85,104.0507,224.4635,-44.88162,False,True,True,252.0703,15.46875
f1,CounterTerrorist,736.9714,2363.884,183.0477,Knife,100,85,104.0507,224.4635,-88.63162,False,True,True,252.0703,15.46875
f1,CounterTerrorist,743.4743,2377.913,175.9458,Knife,100,85,104.0507,224.4635,-138.6316,False,True,True,252.0703,15.46875
f1,CounterTerrorist,749.9772,2391.943,165.7188,Knife,100,85,104.0507,224.4635,-188.6316,False,True,True,252.0703,15.46875
f1,CounterTerrorist,753.7621,2406.85,152.3669,Knife,100,85,46.95681,242.9104,-238.6316,False,True,True,252.0703,15.46875
f1,CounterTerrorist,756.5419,2424.073,133.6106,Knife,100,85,22.43667,249.1913,-294.8816,False,True,True,258.0469,15.82031
f1,CounterTerrorist,755.7132,2437.894,129.7243,Knife,100,85,-44.76157,252.89,234.652,False,True,True,273.5156,14.76563
f1,CounterTerrorist,750.615,2453.298,142.8276,Knife,100,85,-94.31383,243.6633,184.652,False,True,True,284.4141,14.41406
f1,CounterTerrorist,746.4646,2470.843,153.8334,Knife,100,85,-20.53431,254.3476,128.402,False,True,True,273.1641,15.11719
f1,CounterTerrorist,746.0494,2484.733,159.6591,Knife,100,85,2.371809,253.1256,84.65204,False,True,True,262.6172,16.52344
f1,CounterTerrorist,747.0918,2500.383,163.3874,Knife,100,85,23.2779,248.9717,34.65204,False,True,True,255.9375,16.52344
f1,CounterTerrorist,748.5469,2515.944,163.9907,Knife,100,85,23.2779,248.9717,-15.34796,False,True,True,258.3984,16.52344
f1,CounterTerrorist,750.1838,2533.449,160.934,Knife,100,85,23.2779,248.9717,-71.59796,False,True,True,260.5078,15.46875
f1,CounterTerrorist,751.6389,2549.01,154.8967,Knife,100,85,23.2779,248.9717,-121.598,False,True,True,260.5078,15.46875
f1,CounterTerrorist,753.094,2564.571,145.7343,Knife,100,85,23.2779,248.9717,-171.598,False,True,True,264.0234,15.46875
f1,CounterTerrorist,754.3672,2578.186,135.1538,Knife,100,85,23.2779,248.9717,-215.348,False,True,True,271.0547,15.46875
f1,CounterTerrorist,755.6146,2593.342,134.8009,Knife,100,85,13.85765,199.9786,251.6739,False,True,True,281.25,16.52344
f1,CounterTerrorist,756.3726,2604.278,147.368,Knife,100,85,13.85765,199.9786,207.9239,False,True,True,277.0313,18.28125
f1,CounterTerrorist,758.7961,2618.321,160.0101,Knife,100,85,58.604,197.9094,151.6739,False,True,True,261.9141,21.44531
f1,CounterTerrorist,763.1408,2628.885,167.1085,Knife,100,85,91.20676,189.5772,107.9239,False,True,True,250.3125,24.96094
f1,CounterTerrorist,769.9556,2642.057,172.7193,Knife,100,85,86.62113,191.2699,51.67389,False,True,True,249.9609,27.77344
f1,CounterTerrorist,774.1996,2654.333,174.3864,Knife,100,85,52.63153,199.3262,1.673889,False,True,True,262.9688,30.23438
f1,CounterTerrorist,776.2925,2666.881,172.9286,Knife,100,85,32.153,200.8937,-48.32611,False,True,True,271.0547,31.28906
f1,CounterTerrorist,778.1707,2677.863,169.0894,Knife,100,85,42.14315,200.429,-92.07611,False,True,True,266.4844,31.28906
f1,CounterTerrorist,782.8978,2691.681,160.6378,Knife,100,85,88.37189,191.6123,-148.3261,False,True,True,253.4766,30.58594
f1,CounterTerrorist,788.7288,2701.788,151.3299,Knife,100,85,117.7308,180.0322,-192.0761,False,True,True,244.6875,29.17969
f1,CounterTerrorist,797.9922,2713.919,135.847,Knife,100,85,139.9972,167.6895,-248.3261,False,True,True,238.0078,28.125
f1,CounterTerrorist,805.7005,2720.996,131.3441,Knife,100,85,147.4483,93.53357,0,False,True,True,233.789,26.71875
f1,CounterTerrorist,817.0363,2724.29,132.024,Knife,100,85,170.26,12.62362,0,False,True,True,228.8672,24.25781
f1,CounterTerrorist,828.117,2723.058,132.4551,Knife,100,85,182.0791,-42.58693,0,False,True,True,227.1094,23.55469
f1,CounterTerrorist,838.3197,2719.547,133.0259,Knife,100,85,189.6371,-79.04082,0,False,True,True,227.1094,23.55469
f1,CounterTerrorist,851.9479,2712.569,133.9558,Knife,100,85,196.8085,-113.6299,0,False,True,True,227.1094,23.55469
f1,CounterTerrorist,864.4207,2704.656,134.9186,Knife,100,85,201.6321,-135.5815,0,False,True,True,228.1641,23.20313
f1,CounterTerrorist,875.9619,2696.279,135.8866,Knife,100,85,162.0497,-120.1192,0,False,True,True,232.0313,21.79688
f1,CounterTerrorist,884.6229,2689.229,138.6219,Knife,100,85,122.9787,-113.4217,0,False,True,True,233.4375,20.39063
f1,CounterTerrorist,891.09,2682.283,140.6355,Knife,100,85,82.0939,-100.7998,0,False,True,True,234.1406,20.39063
f1,CounterTerrorist,894.8073,2675.712,141.6797,Knife,100,85,40.56969,-107.5406,0,False,True,True,234.8437,20.03906
f1,CounterTerrorist,896.1033,2668.833,143.3782,Knife,100,85,6.813956,-111.8337,0,False,True,True,234.8437,20.03906
f1,CounterTerrorist,895.6162,2661.728,144.3823,Knife,100,85,-18.04904,-114.9958,0,False,True,True,234.8437,20.03906
f1,CounterTerrorist,893.8157,2654.455,144.9528,Knife,100,85,-36.36203,-117.3249,0,False,True,True,234.8437,20.03906
f1,CounterTerrorist,890.6896,2647.627,144.6862,Knife,100,85,-62.53978,-98.91869,0,False,True,True,234.8437,20.03906
f1,CounterTerrorist,886.6611,2642.69,144.2593,Knife,100,85,-78.39233,-88.94493,0,False,True,True,234.8437,20.03906
f1,CounterTerrorist,881.0396,2640.031,143.6636,Knife,100,85,-81.06155,0,0,False,True,True,234.8437,20.03906
f1,CounterTerrorist,876.0086,2639.066,144.0313,Knife,100,85,-74.44257,-30.95759,0,False,True,True,234.8437,20.03906
f1,CounterTerrorist,872.3243,2635.984,144.0313,Knife,100,85,-48.07396,-62.18211,0,False,True,True,234.8437,20.03906
f1,CounterTerrorist,870.0328,2631.253,144.0313,Knife,100,85,-28.652,-85.18074,0,False,True,True,234.8437,20.03906
f1,CounterTerrorist,868.7675,2625.307,144.0313,Knife,100,85,-14.34663,-102.1205,0,False,True,True,234.8437,20.03906
f1,CounterTerrorist,868.2576,2618.467,144.0313,Knife,100,85,-3.809919,-114.5976,0,False,True,True,234.8437,20.03906
f1,CounterTerrorist,868.3046,2610.967,144.0313,Knife,100,85,3.950959,-123.7877,0,False,True,True,234.8437,20.03906
f1,CounterTerrorist,868.7607,2602.99,144.0313,Knife,100,85,9.582951,-129.6463,0,False,True,True,234.8437,20.03906
f1,CounterTerrorist,869.388,2595.909,144.0313,Knife,100,85,12.7338,-129.3748,0,False,True,True,234.8437,20.03906
f1,CounterTerrorist,870.278,2587.833,144.0313,Knife,100,85,15.28117,-129.0987,0,False,True,True,234.8437,20.03906
f1,CounterTerrorist,871.4348,2578.766,144.0313,Knife,100,85,17.27858,-128.8466,0,False,True,True,234.8437,20.03906
f1,CounterTerrorist,871.5099,2569.791,144.0313,Knife,100,85,-19.67772,-155.9565,0,False,True,True,234.8437,20.03906
f1,CounterTerrorist,869.0303,2559.206,144.0313,Knife,100,85,-42.83257,-181.2387,0,False,True,True,234.8437,20.03906
f1,CounterTerrorist,867.2448,2546.851,144.0313,Knife,100,85,-18.55402,-209.2235,0,False,True,True,234.8437,20.03906
f1,CounterTerrorist,866.7413,2533.018,144.0313,Knife,100,85,-0.7326798,-229.8463,0,False,True,True,234.4922,20.03906
f1,CounterTerrorist,867.1489,2518.09,144.0313,Knife,100,85,11.32985,-245.2084,0,False,True,True,233.0859,18.63281
f1,CounterTerrorist,867.9431,2504.473,144.0313,Knife,100,85,15.95941,-249.4901,0,False,True,True,230.2734,14.41406
f1,CounterTerrorist,868.9775,2488.882,144.0313,Knife,100,85,16.75793,-249.4377,0,False,True,True,228.8672,14.0625
f1,CounterTerrorist,870.0801,2471.351,144.0313,Knife,100,85,8.862114,-248.4147,0,False,True,True,229.5703,26.71875
f1,CounterTerrorist,868.7158,2456.083,144.0313,Knife,100,85,-43.37727,-241.397,0,False,True,True,229.5703,22.85156
f1,CounterTerrorist,865.1929,2443.1,144.0313,Knife,100,85,-81.51123,-231.2191,0,False,True,True,233.0859,13.35938
f1,CounterTerrorist,858.2899,2430.154,144.0313,Knife,100,85,-123.7327,-202.0801,0,False,True,True,233.0859,13.00781
f1,CounterTerrorist,848.9987,2415.592,144.0313,Knife,100,85,-137.0205,-209.1061,0,False,True,True,233.0859,13.00781
f1,CounterTerrorist,841.4036,2404.224,144.0313,Knife,100,85,-140.1429,-207.0265,0,False,True,True,233.0859,13.00781
f1,CounterTerrorist,831.4319,2389.749,144.0313,Knife,100,85,-143.0024,-205.0617,0,False,True,True,233.0859,13.00781
f1,CounterTerrorist,822.4283,2376.979,144.0313,Knife,100,85,-144.7959,-203.7993,0,False,True,True,233.0859,13.00781
f1,CounterTerrorist,813.3306,2364.275,142.7002,Knife,100,85,-146.1002,-202.8663,0,False,True,True,233.0859,13.00781
f1,CounterTerrorist,804.1608,2351.624,138.1153,Knife,100,85,-147.3025,-201.995,0,False,True,True,232.3828,13.00781
f1,CounterTerrorist,794.7936,2339.119,135.9368,Knife,100,85,-152.2651,-198.2809,292.6184,False,True,True,223.5938,14.76563
f1,CounterTerrorist,786.4666,2328.275,150.7431,Knife,100,85,-152.2651,-198.2809,248.8684,False,True,True,215.8594,16.17188
f1,CounterTerrorist,776.95,2315.883,164.735,Knife,100,85,-152.2651,-198.2809,198.8684,False,True,True,225,15.82031
f1,CounterTerrorist,769.1807,2299.815,176.7404,Knife,100,85,-81.13552,-245.3264,142.6184,False,True,True,245.0391,13.35938
f1,CounterTerrorist,765.3683,2286.134,183.3436,Knife,100,85,-67.7472,-250.97,98.86838,False,True,True,248.2031,13.00781
f1,CounterTerrorist,760.6046,2268.488,188.3178,Knife,100,85,-67.7472,-250.97,42.61838,False,True,True,245.3906,13.35938
f1,CounterTerrorist,756.3702,2252.802,189.419,Knife,100,85,-67.7472,-250.97,-7.381622,False,True,True,235.5469,14.0625
f1,CounterTerrorist,752.6652,2239.077,187.8191,Knife,100,85,-67.7472,-250.97,-51.13162,False,True,True,226.4063,13.35938
f1,CounterTerrorist,747.9015,2221.431,182.2464,Knife,100,85,-67.7472,-250.97,-107.3816,False,True,True,219.0234,12.65625
f1,CounterTerrorist,743.6671,2205.745,173.9726,Knife,100,85,-67.7472,-250.97,-157.3816,False,True,True,216.5625,12.65625
f1,CounterTerrorist,739.962,2192.021,164.1695,Knife,100,85,-67.7472,-250.97,-201.1316,False,True,True,216.5625,15.82031
f1,CounterTerrorist,735.1984,2174.374,148.05,Knife,100,85,-67.7472,-250.97,-257.3816,False,True,True,216.9141,13.00781
f1,CounterTerrorist,730.964,2158.689,130.4012,Knife,100,85,-67.7472,-250.97,0,False,True,True,216.9141,11.60156
f1,CounterTerrorist,728.1536,2147.316,130.1276,Knife,100,85,-43.24588,-189.7234,0,False,True,True,216.9141,11.60156
f1,CounterTerrorist,725.5359,2134.836,129.8079,Knife,100,85,-41.08066,-207.4552,0,False,True,True,216.9141,11.60156
f1,CounterTerrorist,723.3156,2122.999,129.477,Knife,100,85,-40.3702,-223.2211,0,False,True,True,216.9141,11.60156
f1,CounterTerrorist,720.4801,2106.536,128.9603,Knife,100,85,-40.32812,-242.125,0,False,True,True,216.9141,11.60156
f1,CounterTerrorist,717.9869,2091.142,128.5359,Knife,100,85,-39.24222,-246.9009,0,False,True,True,217.2656,11.60156
f1,CounterTerrorist,715.9155,2077.628,128.4354,Knife,100,85,-35.8772,-247.4122,0,False,True,True,222.1875,13.35938
f1,CounterTerrorist,713.7703,2060.182,141.5293,Knife,100,85,-29.73159,-248.2258,261.3684,False,True,True,252.7734,15.46875
f1,CounterTerrorist,710.9005,2046.812,154.6266,Knife,100,85,-58.70145,-243.506,217.6184,False,True,True,268.2422,16.52344
f1,CounterTerrorist,706.6121,2029.715,167.9504,Knife,100,85,-71.52014,-241.5105,161.3684,False,True,True,260.1563,16.875
f1,CounterTerrorist,699.9976,2015.22,176.4735,Knife,100,85,-124.0833,-225.0526,111.3684,False,True,True,245.0391,16.52344
f1,CounterTerrorist,691.066,2001.829,181.8715,Knife,100,85,-157.3724,-204.6578,61.36838,False,True,True,234.1406,16.875
f1,CounterTerrorist,680.1068,1989.989,184.1446,Knife,100,85,-189.0547,-176.5783,11.36838,False,True,True,224.6484,17.22656
f1,CounterTerrorist,669.3798,1980.742,183.5701,Knife,100,85,-196.6937,-168.4954,-32.38162,False,True,True,220.0781,16.875
f1,CounterTerrorist,657.0864,1970.211,179.9838,Knife,100,85,-196.6937,-168.4954,-82.38162,False,True,True,217.9688,16.52344
f1,CounterTerrorist,643.2562,1958.363,172.2138,Knife,100,85,-196.6937,-168.4954,-138.6316,False,True,True,217.9688,16.52344
f1,CounterTerrorist,632.8369,1948.714,163.4362,Knife,100,85,-185.8967,-182.3945,-182.3816,False,True,True,217.9688,16.52344
f1,CounterTerrorist,622.3145,1937.174,150.4749,Knife,100,85,-115.9131,-191.0982,-232.3816,False,True,True,218.3203,16.52344
f1,CounterTerrorist,621.4496,1923.092,132.158,Knife,100,85,37.85483,-202.7388,-288.6316,False,True,True,227.1094,17.92969
f1,CounterTerrorist,621.8569,1910.421,138.6811,Knife,100,85,0,-202.7388,218.7039,False,True,True,251.0156,23.20313
f1,CounterTerrorist,623.2635,1897.769,150.7876,Knife,100,85,58.60463,-198.9708,168.7039,False,True,True,281.6016,31.99219
f1,CounterTerrorist,628.8625,1888.031,158.8172,Knife,100,85,128.0585,0,124.9539,False,True,True,306.2109,41.83594
f1,CounterTerrorist,631.8577,1889.898,158.6091,Knife,100,85,0.1938313,52.20519,0,False,True,True,330.4688,53.78907
f1,CounterTerrorist,631.8683,1895.096,158.6655,Knife,100,85,0.1755179,106.0871,0,False,True,True,333.2813,61.52344
f1,CounterTerrorist,631.8713,1901.942,158.6814,Knife,100,85,-0.8949487,134.103,0,False,True,True,316.4063,66.09375
f1,CounterTerrorist,631.8919,1910.613,158.7897,Knife,100,85,0.3788884,135.85,0,False,True,True,285.4688,69.25781
f1,CounterTerrorist,631.9183,1918.404,157.4886,Knife,100,85,0.3381913,89.28078,0,False,True,True,239.0625,66.79688
f1,CounterTerrorist,631.9362,1923.115,156.5065,Knife,100,85,0.2474007,65.31251,0,False,True,True,208.8281,60.46875
f1,CounterTerrorist,632.1903,1926.497,155.9878,Knife,100,85,15.35257,48.64626,0,False,True,True,198.9844,49.57031
f1,CounterTerrorist,633.5263,1928.858,155.7008,Knife,100,85,22.44679,36.68552,0,False,True,True,197.5781,34.45313
f1,CounterTerrorist,634.5886,1930.594,155.495,Knife,100,85,9.235649,15.09412,0,False,True,True,197.5781,31.64063
f1,CounterTerrorist,634.7773,1930.903,155.4584,Knife,100,85,0,0,0,False,True,True,197.5781,31.64063
f1,CounterTerrorist,634.7773,1930.903,155.4584,Knife,100,85,0,0,0,False,True,True,197.5781,31.64063
f1,CounterTerrorist,634.351,1930.769,155.452,Knife,100,85,-16.39683,-5.153069,0,False,True,True,197.5781,31.64063
f1,CounterTerrorist,632.2339,1930.104,155.4201,Knife,100,85,-41.08152,-12.91078,0,False,True,True,197.5781,31.64063
f1,CounterTerrorist,629.3871,1929.209,155.3773,Knife,100,85,-60.28073,-18.94456,0,False,True,True,197.5781,31.64063
f1,CounterTerrorist,625.1111,1926.531,148.4651,Knife,100,85,-61.8795,-51.97741,0,False,True,True,197.2266,31.64063
f1,CounterTerrorist,621.1804,1922.686,148.0438,Knife,100,85,-63.11372,-63.63997,-28.125,False,True,True,197.2266,31.28906
f1,CounterTerrorist,617.2356,1918.708,144.7235,Knife,100,85,-63.11372,-63.63997,-78.125,False,True,True,197.2266,31.28906
f1,CounterTerrorist,613.7839,1915.228,139.2548,Knife,100,85,-63.11372,-63.63997,-121.875,False,True,True,195.4688,29.17969
f1,CounterTerrorist,609.8391,1911.25,130.0751,Knife,100,85,-63.11372,-63.63997,-171.875,False,True,True,193.0078,25.66406
f1,CounterTerrorist,604.5781,1907.08,128.0642,Knife,100,85,-85.5594,-55.22506,0,False,True,True,191.6016,20.74219
f1,CounterTerrorist,598.6204,1903.871,128.2831,Knife,100,85,-102.1857,-48.57848,0,False,True,True,191.25,16.52344
f1,CounterTerrorist,593.2551,1901.478,128.3367,Knife,100,85,-92.85508,-39.89103,0,False,True,True,189.8437,13.71094
f1,CounterTerrorist,586.046,1898.866,128.2487,Knife,100,85,-109.4491,-35.05707,0,False,True,True,188.4375,12.30469
f1,CounterTerrorist,578.8574,1896.801,128.1392,Knife,100,85,-114.498,-30.94739,0,False,True,True,188.4375,12.30469
f1,CounterTerrorist,572.809,1895.167,128.0428,Knife,100,85,-84.33423,-22.79449,0,False,True,True,188.4375,12.30469
f1,CounterTerrorist,568.8425,1894.094,127.9796,Knife,100,85,-64.23282,-17.36133,0,False,True,True,188.4375,12.30469
f1,CounterTerrorist,565.2806,1893.132,127.9229,AK47,100,85,-39.79716,-10.75668,0,False,True,True,189.1406,12.30469
f1,CounterTerrorist,563.6981,1892.704,127.8977,AK47,100,85,-20.79166,-5.619724,0,False,True,True,188.789,12.30469
f1,CounterTerrorist,563.155,1892.557,127.8891,AK47,100,85,0,0,0,False,True,True,188.789,12.30469
f1,CounterTerrorist,561.9561,1892.369,127.8645,AK47,100,85,-41.86105,-6.57973,0,False,True,True,188.789,12.30469
f1,CounterTerrorist,557.5317,1891.59,127.7771,AK47,100,85,-92.43787,-18.43089,0,False,True,True,196.1719,10.19531
f1,CounterTerrorist,551.3555,1890.158,127.6692,AK47,100,85,-126.9726,-31.56294,0,False,True,True,197.2266,9.84375
f1,CounterTerrorist,541.4943,1888.031,127.4903,AK47,100,85,-133.7733,0,0,False,True,True,197.2266,9.84375
f1,CounterTerrorist,534.4277,1888.031,127.2345,AK47,100,85,-98.53156,0,0,False,True,True,197.2266,9.84375
f1,CounterTerrorist,529.916,1888.24,127.043,AK47,100,85,-37.08487,10.37897,0,False,True,True,197.2266,9.84375
f1,CounterTerrorist,530.1444,1889.026,127.014,AK47,100,85,28.55357,15.35952,0,False,True,True,192.6563,9.492188
f1,CounterTerrorist,534.4698,1889.708,127.168,AK47,100,85,85.60591,-2.785667,0,False,True,True,149.7656,9.492188
f1,CounterTerrorist,539.7543,1888.978,127.4053,AK47,100,85,106.2296,-4.951201,0,False,True,True,116.3672,7.03125
f1,CounterTerrorist,548.7104,1889.866,127.6099,AK47,100,85,142.5201,25.00117,0,False,True,True,112.8516,6.328125
f1,CounterTerrorist,557.1796,1891.784,127.7598,AK47,100,85,163.3316,41.98285,0,False,True,True,112.8516,6.328125
f1,CounterTerrorist,567.6467,1894.78,127.9198,AK47,100,85,156.1313,46.09023,0,False,True,True,113.2031,5.976563
f1,CounterTerrorist,576.2598,1897.322,128.0483,AK47,100,85,95.60937,28.22405,0,False,True,True,113.9063,6.328125
f1,CounterTerrorist,580.7602,1898.651,128.1069,AK47,100,85,73.16537,21.59855,0,False,True,True,118.4766,7.03125
f1,CounterTerrorist,585.3211,1900.078,128.1655,AK47,100,85,68.70566,20.21121,0,False,True,True,138.8672,8.789063
f1,CounterTerrorist,590.226,1900.48,128.2957,AK47,100,85,87.01431,0.6497246,0,False,True,True,174.375,8.789063
f1,CounterTerrorist,596.222,1900.861,128.4414,AK47,100,85,100.6146,14.3518,0,False,True,True,217.2656,5.625
f1,CounterTerrorist,602.4947,1902.55,128.384,AK47,100,85,91.45646,34.1909,0,False,True,True,222.8906,4.921875
f1,CounterTerrorist,606.0123,1905.005,128.2149,AK47,100,85,45.64518,52.14427,0,False,True,True,222.8906,4.921875
f1,CounterTerrorist,607.3959,1909.281,127.9119,Knife,100,85,1.366267,66.7145,0,False,True,True,222.8906,4.921875
f1,CounterTerrorist,607.4651,1912.66,127.6708,Knife,100,85,0.9055793,44.21923,0,False,True,True,222.8906,4.921875
f1,CounterTerrorist,607.3301,1914.659,127.5278,AK47,100,85,-10.2054,37.09227,0,False,True,True,222.8906,4.921875
f1,CounterTerrorist,605.9301,1917.385,127.3307,AK47,100,85,-27.93889,45.89598,0,False,True,True,222.8906,4.921875
f1,CounterTerrorist,604.4798,1919.768,127.1581,AK47,100,85,-14.77698,24.27454,0,False,True,True,222.8906,4.921875
f1,CounterTerrorist,603.9676,1920.61,127.0971,AK47,100,85,-3.077497,5.055488,0,False,True,True,222.8906,4.921875
f1,CounterTerrorist,602.5924,1919.473,127.1759,AK47,100,85,-27.34402,-23.93602,0,False,True,True,222.8906,4.921875
f1,CounterTerrorist,601.4786,1918.498,127.2386,AK47,100,85,-10.41411,-9.116158,0,False,True,True,222.8906,4.921875
f1,CounterTerrorist,601.3185,1918.358,127.2386,AK47,100,85,0,0,0,False,True,True,222.8906,4.921875
f1,CounterTerrorist,601.3185,1918.358,127.2386,AK47,100,85,0,0,0,False,True,True,222.8906,4.921875
f1,CounterTerrorist,601.3185,1918.358,127.2386,AK47,100,85,0,0,0,False,True,True,222.8906,4.921875
f1,CounterTerrorist,600.4279,1917.534,127.3106,AK47,100,85,-31.09649,-28.78626,0,False,True,True,222.8906,5.273438
f1,CounterTerrorist,597.0728,1914.596,127.5145,AK47,100,85,-73.90411,-53.52514,0,False,True,True,222.5391,4.921875
f1,CounterTerrorist,590.7444,1911.874,127.6981,AK47,100,85,-120.4534,-36.57263,0,False,True,True,222.5391,4.921875
f1,CounterTerrorist,582.2318,1909.292,127.7246,AK47,100,85,-143.303,-55.46261,0,False,True,True,222.5391,4.921875
f1,CounterTerrorist,571.6401,1904.082,127.6508,AK47,100,85,-157.8626,-81.90453,0,False,True,True,222.5391,4.921875
f1,CounterTerrorist,560.8766,1899.86,127.5325,AK47,100,85,-182.295,-57.50814,0,False,True,True,222.5391,4.921875
f1,CounterTerrorist,550.3859,1897.196,127.3584,AK47,100,85,-198.3721,-43.06244,0,False,True,True,225,4.921875
f1,CounterTerrorist,535.8372,1894.455,127.0303,AK47,100,85,-211.5584,-38.31526,0,False,True,True,235.8984,4.21875
f1,CounterTerrorist,522.6473,1891.89,126.5997,AK47,100,85,-210.4064,-44.20554,0,False,True,True,243.2813,3.867188
f1,CounterTerrorist,511.1962,1889.225,126.3683,AK47,100,85,-208.5754,-52.16595,0,False,True,True,246.0938,3.867188
f1,CounterTerrorist,496.6325,1885.176,126.7789,AK47,100,85,-205.9646,-61.67334,0,False,True,True,247.5,3.867188
f1,CounterTerrorist,483.8073,1881.226,126.8688,AK47,100,85,-206.4224,-55.3171,0,False,True,True,248.5547,3.867188
f1,CounterTerrorist,470.645,1880.289,126.8251,AK47,100,85,-213.559,12.9264,0,False,True,True,248.9063,3.867188
f1,CounterTerrorist,458.9595,1881.56,126.881,AK47,100,85,-212.8911,30.03922,0,False,True,True,249.6094,3.515625
f1,CounterTerrorist,444.092,1884.281,126.8787,AK47,100,85,-210.3392,44.52435,0,False,True,True,250.6641,3.515625
f1,CounterTerrorist,431.0035,1887.321,126.896,AK47,100,85,-208.8857,50.90926,0,False,True,True,253.125,3.515625
f1,CounterTerrorist,419.5919,1890.154,126.9126,AK47,100,85,-208.6167,52.00052,0,False,True,True,255.9375,3.515625
f1,CounterTerrorist,404.9076,1893.745,126.9473,AK47,100,85,-209.1214,49.93243,0,False,True,True,259.1016,3.515625
f1,CounterTerrorist,393.4509,1896.389,126.421,AK47,100,85,-209.7801,47.08814,0,False,True,True,260.1563,3.515625
f1,CounterTerrorist,380.3162,1899.224,125.9234,AK47,100,85,-210.4201,44.14064,0,False,True,True,260.5078,3.515625
f1,CounterTerrorist,365.4987,1902.219,126.2938,AK47,100,85,-210.9684,41.44054,0,False,True,True,260.8594,3.515625
f1,CounterTerrorist,353.9489,1904.421,126.5825,AK47,100,85,-211.3665,39.36008,0,False,True,True,261.5625,3.515625
f1,CounterTerrorist,340.7248,1906.806,126.9131,AK47,100,85,-211.7498,37.24268,0,False,True,True,261.9141,3.515625
f1,CounterTerrorist,325.8176,1909.316,127.0846,AK47,100,85,-212.2295,34.40387,0,False,True,True,262.9688,3.515625
f1,CounterTerrorist,314.2007,1911.131,127.1362,AK47,100,85,-212.5552,32.33115,0,False,True,True,263.3203,3.515625
f1,CounterTerrorist,299.318,1913.397,127.1858,AK47,100,85,-204.4438,32.02939,0,False,True,True,256.9922,3.164063
f1,CounterTerrorist,289.2065,1914.924,123.2596,AK47,100,85,-115.9912,15.35133,0,False,True,True,256.6406,3.164063
f1,CounterTerrorist,285.4903,1915.13,121.3342,AK47,100,85,-17.65456,-5.716217,0,False,True,True,253.4766,4.921875
f1,CounterTerrorist,286.8277,1914.467,121.7324,AK47,100,85,44.81696,-15.44693,0,False,True,True,253.8281,4.921875
f1,CounterTerrorist,287.5354,1914.179,121.9747,AK47,100,85,-19.4822,5.454623,0,False,True,True,253.4766,5.273438
f1,CounterTerrorist,285.5111,1914.754,121.1575,AK47,100,85,-42.00029,11.83685,0,True,True,True,254.8828,7.03125
f1,CounterTerrorist,283.033,1915.448,121.4383,AK47,100,85,-24.80923,6.937266,0,True,True,True,254.8828,7.382813
f1,CounterTerrorist,282.2442,1915.668,121.5467,AK47,100,85,-3.140421,0.8781386,0,True,True,True,255.2344,7.382813
f1,CounterTerrorist,282.2442,1915.668,121.5467,AK47,100,85,0,0,0,False,True,True,255.5859,7.734375
f1,CounterTerrorist,282.2442,1915.668,121.5467,AK47,100,85,0,0,0,False,True,True,258.3984,11.25
f1,CounterTerrorist,282.2442,1915.668,121.5467,AK47,100,85,0,0,0,False,True,True,256.6406,9.492188
f1,CounterTerrorist,282.2372,1915.64,121.5467,AK47,100,85,-0.8961781,-3.60915,0,False,True,True,255.9375,12.65625
f1,CounterTerrorist,282.1107,1915.169,121.5456,Knife,100,85,-2.980522,-10.55515,0,True,True,True,253.4766,25.3125
f1,CounterTerrorist,281.8495,1914.417,121.5444,Knife,100,85,-6.330129,-16.0773,0,True,True,True,245.7422,30.58594
f1,CounterTerrorist,281.3247,1913.19,121.5604,Knife,100,85,-9.87871,-22.4398,0,True,True,True,245.7422,30.58594
f1,CounterTerrorist,279.8409,1909.886,121.5989,Knife,100,85,-34.21581,-75.84063,0,False,True,True,245.7422,30.58594
f1,CounterTerrorist,276.869,1903.31,121.6891,Knife,100,85,-56.91087,-125.8507,0,False,True,True,245.7422,30.58594
f1,CounterTerrorist,273.2754,1895.362,121.8197,Knife,100,85,-71.66061,-158.739,0,False,True,True,246.0938,30.58594
f1,CounterTerrorist,267.6732,1882.914,121.9985,Knife,100,85,-85.37862,-190.0694,0,False,True,True,246.0938,30.9375
f1,CounterTerrorist,262.7517,1871.938,122.0879,Knife,100,85,-93.15948,-208.0109,0,False,True,True,246.0938,31.28906
f1,CounterTerrorist,255.9038,1856.611,121.9338,Knife,100,85,-100.3899,-225.1021,0,False,True,True,246.0938,31.28906
f1,CounterTerrorist,249.554,1842.352,122.3494,Knife,100,85,-101.6182,-228.4157,0,False,True,True,246.0938,31.28906
f1,CounterTerrorist,244.0009,1829.858,122.7111,Knife,100,85,-101.4886,-228.4733,0,False,True,True,246.0938,31.28906
f1,CounterTerrorist,236.8614,1813.795,122.3937,Knife,100,85,-101.7843,-228.3418,0,False,True,True,245.3906,31.28906
f1,CounterTerrorist,230.4298,1799.556,120.7492,Knife,100,85,-104.5935,-227.0687,0,False,True,True,240.8203,30.23438
f1,CounterTerrorist,224.3749,1787.3,119.4139,Knife,100,85,-116.9961,-220.9342,0,False,True,True,227.4609,28.82813
f1,CounterTerrorist,216.4579,1771.613,119.4367,Knife,100,85,-104.4571,-227.1315,0,False,True,True,206.0156,25.66406
f1,CounterTerrorist,209.7789,1757.489,119.6294,Knife,100,85,-111.9396,-223.5386,0,False,True,True,187.3828,23.55469
f1,CounterTerrorist,203.3284,1745.436,119.8945,Knife,100,85,-120.1231,-219.2497,0,False,True,True,196.5234,23.90625
f1,CounterTerrorist,195.7276,1731.788,113.2224,Knife,100,85,-127.3334,-215.1423,0,False,True,True,234.1406,21.44531
f1,CounterTerrorist,188.856,1719.969,113.6152,Knife,100,85,-123.0834,-217.6016,0,False,True,True,246.0938,17.57813
f1,CounterTerrorist,180.4533,1704.53,114.0192,Knife,100,85,-117.1395,-220.8582,0,False,True,True,245.3906,16.52344
f1,CounterTerrorist,172.3827,1688.915,114.2986,Knife,100,85,-112.9871,-223.011,0,False,True,True,245.3906,16.52344
f1,CounterTerrorist,166.2825,1676.68,113.9375,Knife,100,85,-110.4136,-224.2963,0,False,True,True,246.0938,16.17188
f1,CounterTerrorist,158.6475,1660.847,113.8987,Knife,100,85,-107.2678,-225.8176,0,False,True,True,246.4453,16.17188
f1,CounterTerrorist,152.021,1646.696,113.837,Knife,100,85,-105.1461,-226.8134,0,False,True,True,246.4453,16.17188
f1,CounterTerrorist,146.3073,1634.276,120.4592,Knife,100,85,-104.3042,-227.2018,280.1184,False,True,True,246.7969,16.17188
f1,CounterTerrorist,138.9733,1618.3,138.1775,Knife,100,85,-104.3042,-227.2018,223.8684,False,True,True,246.4453,17.92969
f1,CounterTerrorist,133.2692,1605.875,158.224,Knife,100,85,-104.3042,-227.2018,180.1184,False,True,True,245.7422,20.03906
f1,CounterTerrorist,126.7501,1591.675,167.919,Knife,100,85,-104.3042,-227.2018,130.1184,False,True,True,246.0938,22.14844
f1,CounterTerrorist,119.4163,1575.7,175.0904,Knife,100,85,-104.3042,-227.2018,73.86838,False,True,True,247.1484,22.85156
f1,CounterTerrorist,112.8973,1561.5,178.1448,Knife,100,85,-104.3042,-227.2018,23.86838,False,True,True,249.2578,22.85156
f1,CounterTerrorist,106.3783,1547.299,178.0741,Knife,100,85,-104.3042,-227.2018,-26.13162,False,True,True,250.6641,22.85156
f1,CounterTerrorist,102.3257,1538.452,175.5531,Knife,100,85,-33.79071,-75.28156,0,True,True,True,250.6641,22.85156
f1,CounterTerrorist,100.2545,1533.65,176.7354,Knife,100,85,-31.05293,-73.23815,0,True,True,True,251.0156,22.85156
f1,CounterTerrorist,98.62791,1529.814,177.6771,Knife,100,85,-22.1803,-52.3121,0,True,True,True,251.0156,22.85156
f1,CounterTerrorist,97.55042,1527.272,178.3009,Knife,100,85,-13.39719,-31.5972,0,False,True,True,251.0156,22.85156
f1,CounterTerrorist,96.99441,1525.961,178.6228,Knife,100,85,-3.516199,-8.292933,0,False,True,True,251.0156,22.85156
f1,CounterTerrorist,96.9652,1525.892,178.6397,Knife,100,85,0,0,0,False,True,True,251.0156,22.85156
f1,CounterTerrorist,96.9652,1525.892,178.6397,Knife,100,85,0,0,0,False,True,True,251.0156,22.85156
f1,CounterTerrorist,96.9652,1525.892,178.6397,Knife,100,85,0,0,0,False,True,True,251.0156,22.85156
f1,CounterTerrorist,96.9652,1525.892,178.6397,Knife,100,85,0,0,0,False,True,True,251.0156,22.85156
f1,CounterTerrorist,96.9652,1525.892,178.6397,Knife,100,85,0,0,0,False,True,True,251.0156,22.85156
f1,CounterTerrorist,96.9652,1525.892,178.6397,Knife,100,85,0,0,0,False,True,True,251.0156,22.85156
f1,CounterTerrorist,96.9652,1525.892,178.6397,Knife,100,85,0,0,0,False,True,True,251.0156,22.85156
f1,CounterTerrorist,96.9652,1525.892,178.6397,Knife,100,85,0,0,0,False,True,True,251.0156,22.85156
f1,CounterTerrorist,96.9652,1525.892,178.6397,Knife,100,85,0,0,0,False,True,True,250.6641,22.85156
f1,CounterTerrorist,96.9652,1525.892,178.6397,Knife,100,85,0,0,0,False,True,True,251.0156,22.14844
f1,CounterTerrorist,96.9652,1525.892,178.6397,Knife,100,85,0,0,0,False,True,True,251.0156,22.14844
f1,CounterTerrorist,96.9652,1525.892,178.6397,Knife,100,85,0,0,0,False,True,True,251.0156,22.14844
f1,CounterTerrorist,96.9652,1525.892,178.6397,Knife,100,85,0,0,0,False,True,True,251.0156,22.14844
f1,CounterTerrorist,96.33772,1524.066,179.0732,Knife,100,85,-19.39387,-56.44888,0,False,True,True,251.0156,22.14844
f1,CounterTerrorist,94.13857,1517.506,180.0313,Knife,100,85,-38.85273,-120.4317,0,False,True,True,254.8828,22.14844
f1,CounterTerrorist,91.85823,1509.663,180.0313,Knife,100,85,-42.39716,-159.4069,0,False,True,True,261.9141,21.44531
f1,CounterTerrorist,89.05508,1496.891,180.0313,Knife,100,85,-37.32692,-197.58,0,False,True,True,265.7813,20.74219
f1,CounterTerrorist,87.13721,1485.375,180.0313,Knife,100,85,-33.47785,-219.4899,0,False,True,True,266.1328,20.74219
f1,CounterTerrorist,84.96624,1469.087,178.9932,Knife,100,85,-28.8593,-240.3427,0,False,True,True,266.8359,20.74219
f1,CounterTerrorist,83.48611,1455.605,182.3068,Knife,100,85,-26.31795,-248.6109,286.3684,False,True,True,267.5391,20.74219
f1,CounterTerrorist,81.6356,1438.125,200.4646,Knife,100,85,-26.31795,-248.6109,230.1184,False,True,True,267.5391,20.74219
f1,CounterTerrorist,80.11987,1422.58,213.2845,Knife,100,85,-9.783786,-249.5506,180.1184,False,True,True,266.8359,20.74219
f1,CounterTerrorist,80.83274,1408.855,221.9385,Knife,100,85,14.0526,-251.032,136.3684,False,True,True,266.4844,20.74219
f1,CounterTerrorist,81.82082,1391.204,229.5493,Knife,100,85,14.0526,-251.032,80.11838,False,True,True,266.4844,20.74219
f1,CounterTerrorist,82.69912,1375.515,232.9941,Knife,100,85,14.0526,-251.032,30.11838,False,True,True,265.4297,20.74219
f1,CounterTerrorist,83.57742,1359.825,233.3139,Knife,100,85,14.0526,-251.032,-19.88162,False,True,True,260.5078,21.09375
f1,CounterTerrorist,84.34592,1346.097,231.0303,Knife,100,85,14.0526,-251.032,-63.63162,False,True,True,254.1797,21.44531
f1,CounterTerrorist,85.33401,1328.447,224.5786,Knife,100,85,14.0526,-251.032,-119.8816,False,True,True,242.2266,23.55469
f1,CounterTerrorist,86.2123,1312.757,215.5234,Knife,100,85,14.0526,-251.032,-169.8816,False,True,True,241.875,23.55469
f1,CounterTerrorist,87.0906,1297.068,203.3434,Knife,100,85,14.0526,-251.032,-219.8816,False,True,True,244.6875,22.85156
f1,CounterTerrorist,87.96889,1281.378,188.0383,AK47,100,85,14.0526,-251.032,-269.8816,False,True,True,255.9375,22.5
f1,CounterTerrorist,88.84719,1265.689,169.6083,AK47,100,85,14.0526,-251.032,-319.8816,False,True,True,266.8359,18.98438
f1,CounterTerrorist,89.72549,1249.999,148.0532,AK47,100,85,14.0526,-251.032,-369.8816,False,True,True,269.6484,15.46875
f1,CounterTerrorist,90.494,1236.271,126.6291,Knife,100,85,14.0526,-251.032,-413.6316,False,True,True,271.4063,10.54688
f1,CounterTerrorist,91.48208,1218.62,95.56797,Knife,100,85,14.0526,-251.032,0,False,True,True,271.4063,9.492188
f1,CounterTerrorist,91.27091,1209.007,94.21895,Knife,100,85,-4.847751,-160.3256,0,False,True,True,271.4063,9.492188
f1,CounterTerrorist,91.12638,1202.521,94.34407,Knife,100,85,-2.979953,-169.8968,0,False,True,True,271.4063,9.492188
f1,CounterTerrorist,91.02591,1186.901,94.6285,Knife,100,85,0.172984,-191.8425,0,False,True,True,271.4063,9.492188
