Name,Team,Position.X,Position.Y,Position.Z,ActiveWeapon,HP,Armour,Velocity.X,Velocity.Y,Velocity.Z,IsDucking,HasHelmet,HasDefuseKit,ViewDirectionX,ViewDirectionY,Map = de_inferno
cajunb,Terrorist,-1507,410,-63.96875,AK47,100,93,0,0,0,False,True,False,261.5625,357.5391
cajunb,Terrorist,-1507,410,-63.96875,AK47,100,93,0,0,0,False,True,False,261.5625,357.5391
cajunb,Terrorist,-1507,410,-63.96875,AK47,100,93,0,0,0,False,True,False,261.5625,357.5391
cajunb,Terrorist,-1507,410,-63.96875,AK47,100,93,0,0,0,False,True,False,261.5625,357.5391
cajunb,Terrorist,-1507,410,-63.96875,AK47,100,93,0,0,0,False,True,False,221.8359,0
cajunb,Terrorist,-1507,410,-63.96875,AK47,100,93,0,0,0,False,True,False,221.8359,0
cajunb,Terrorist,-1507,410,-63.96875,AK47,100,93,0,0,0,False,True,False,221.8359,0
cajunb,Terrorist,-1507,410,-63.96875,AK47,100,93,0,0,0,False,True,False,221.8359,0
cajunb,Terrorist,-1507,410,-63.96875,AK47,100,93,0,0,0,False,True,False,221.8359,0
cajunb,Terrorist,-1507,410,-63.96875,AK47,100,93,0,0,0,False,True,False,221.8359,0
cajunb,Terrorist,-1507,410,-63.96875,AK47,100,93,0,0,0,False,True,False,221.8359,0
cajunb,Terrorist,-1507,410,-63.96875,AK47,100,93,0,0,0,False,True,False,221.8359,0
cajunb,Terrorist,-1507,410,-63.96875,AK47,100,93,0,0,0,False,True,False,221.8359,0
cajunb,Terrorist,-1507,410,-63.96875,AK47,100,93,0,0,0,False,True,False,221.8359,0
cajunb,Terrorist,-1507,410,-63.96875,AK47,100,93,0,0,0,False,True,False,221.8359,0
cajunb,Terrorist,-1507,410,-63.96875,AK47,100,93,0,0,0,False,True,False,221.8359,0
cajunb,Terrorist,-1507,410,-63.96875,AK47,100,93,0,0,0,False,True,False,221.8359,0
cajunb,Terrorist,-1507,410,-63.96875,AK47,100,93,0,0,0,False,True,False,221.8359,0
cajunb,Terrorist,-1507,410,-63.96875,AK47,100,93,0,0,0,False,True,False,221.8359,0
cajunb,Terrorist,-1507,410,-63.96875,AK47,100,93,0,0,0,False,True,False,221.8359,0
cajunb,Terrorist,-1507,410,-63.96875,AK47,100,93,0,0,0,False,True,False,221.8359,0
cajunb,Terrorist,-1507,410,-63.96875,AK47,100,93,0,0,0,False,True,False,221.8359,0
cajunb,Terrorist,-1507,410,-63.96875,AK47,100,93,0,0,0,False,True,False,221.8359,0
cajunb,Terrorist,-1507,410,-63.96875,AK47,100,93,0,0,0,False,True,False,221.8359,0
cajunb,Terrorist,-1507,410,-63.96875,AK47,100,93,0,0,0,False,True,False,221.8359,0
cajunb,Terrorist,-1507,410,-63.96875,AK47,100,93,0,0,0,False,True,False,221.8359,0
cajunb,Terrorist,-1507,410,-63.96875,AK47,100,93,0,0,0,False,True,False,221.8359,0
cajunb,Terrorist,-1507,410,-63.96875,AK47,100,93,0,0,0,False,True,False,221.8359,0
cajunb,Terrorist,-1507,410,-63.96875,AK47,100,93,0,0,0,False,True,False,221.8359,0
cajunb,Terrorist,-1507,410,-63.96875,AK47,100,93,0,0,0,False,True,False,221.8359,0
cajunb,Terrorist,-1507,410,-63.96875,AK47,100,93,0,0,0,False,True,False,221.8359,0
cajunb,Terrorist,-1507,410,-63.96875,Knife,100,93,0,0,0,False,True,False,234.8437,1.054688
cajunb,Terrorist,-1507,410,-63.96875,Knife,100,93,0,0,0,False,True,False,242.9297,3.515625
cajunb,Terrorist,-1507,410,-63.96875,Knife,100,93,0,0,0,False,True,False,241.875,3.515625
cajunb,Terrorist,-1507,410,-63.96875,Knife,100,93,0,0,0,False,True,False,241.875,3.515625
cajunb,Terrorist,-1507,410,-63.96875,Knife,100,93,0,0,0,False,True,False,241.875,3.515625
cajunb,Terrorist,-1507,410,-63.96875,Knife,100,93,0,0,0,False,True,False,247.5,4.21875
cajunb,Terrorist,-1507,410,-63.96875,Knife,100,93,0,0,0,False,True,False,259.8047,4.921875
cajunb,Terrorist,-1507,410,-63.96875,Knife,100,93,0,0,0,False,True,False,267.1875,4.570313
cajunb,Terrorist,-1507,410,-63.96875,Knife,100,93,0,0,0,False,True,False,268.5938,4.21875
cajunb,Terrorist,-1507,410,-63.96875,Knife,100,93,0,0,0,False,True,False,270,3.867188
cajunb,Terrorist,-1507,410,-63.96875,Knife,100,93,0,0,0,False,True,False,270,3.867188
cajunb,Terrorist,-1507,410,-63.96875,Knife,100,93,0,0,0,False,True,False,270,3.867188
cajunb,Terrorist,-1507,410,-63.96875,Knife,100,93,0,0,0,False,True,False,270,3.867188
cajunb,Terrorist,-1507,410,-63.96875,Knife,100,93,0,0,0,False,True,False,270,3.867188
cajunb,Terrorist,-1507,410,-63.96875,Knife,100,93,0,0,0,False,True,False,270,3.867188
cajunb,Terrorist,-1507,410,-63.96875,Knife,100,93,0,0,0,False,True,False,270,3.867188
cajunb,Terrorist,-1507,410,-63.96875,Knife,100,93,0,0,0,False,True,False,270,3.867188
cajunb,Terrorist,-1507,410,-63.96875,Knife,100,93,0,0,0,False,True,False,270,3.867188
cajunb,Terrorist,-1507,410,-63.96875,Knife,100,93,0,0,0,False,True,False,270,3.867188
cajunb,Terrorist,-1507,410,-63.96875,Knife,100,93,0,0,0,False,True,False,270,3.867188
cajunb,Terrorist,-1507,410,-63.96875,Knife,100,93,0,0,0,False,True,False,270,3.867188
cajunb,Terrorist,-1507,410,-63.96875,Knife,100,93,0,0,0,False,True,False,270,3.867188
cajunb,Terrorist,-1507,410,-63.96875,Knife,100,93,0,0,0,False,True,False,270,3.867188
cajunb,Terrorist,-1507,410,-63.96875,Knife,100,93,0,0,0,False,True,False,270,3.867188
cajunb,Terrorist,-1507,410,-63.96875,Knife,100,93,0,0,0,False,True,False,270,3.867188
cajunb,Terrorist,-1507,410,-63.96875,Knife,100,93,0,0,0,False,True,False,270,3.867188
cajunb,Terrorist,-1507,410,-63.96875,Knife,100,93,0,0,0,False,True,False,270,3.867188
cajunb,Terrorist,-1507,410,-63.96875,Knife,100,93,0,0,0,False,True,False,270,3.867188
cajunb,Terrorist,-1507,410,-63.96875,Knife,100,93,0,0,0,False,True,False,270,3.867188
cajunb,Terrorist,-1507,410,-63.96875,Knife,100,93,0,0,0,False,True,False,270,3.867188
cajunb,Terrorist,-1507,410,-63.96875,Knife,100,93,0,0,0,False,True,False,270,3.867188
cajunb,Terrorist,-1507,410,-63.96875,Knife,100,93,0,0,0,False,True,False,270,3.867188
cajunb,Terrorist,-1507,410,-63.96875,Knife,100,93,0,0,0,False,True,False,270,3.867188
cajunb,Terrorist,-1507,410,-63.96875,Knife,100,93,0,0,0,False,True,False,270,3.867188
cajunb,Terrorist,-1507,410,-63.96875,Knife,100,93,0,0,0,False,True,False,270,3.867188
cajunb,Terrorist,-1507,410,-63.96875,Knife,100,93,0,0,0,False,True,False,270,3.867188
cajunb,Terrorist,-1507,410,-63.96875,Knife,100,93,0,0,0,False,True,False,270,3.867188
cajunb,Terrorist,-1507,410,-63.96875,Knife,100,93,0,0,0,False,True,False,270,3.867188
cajunb,Terrorist,-1507,410,-63.96875,Knife,100,93,0,0,0,False,True,False,270,3.867188
cajunb,Terrorist,-1507,410,-63.96875,Knife,100,93,0,0,0,False,True,False,270,3.867188
cajunb,Terrorist,-1507,410,-63.96875,Knife,100,93,0,0,0,False,True,False,270,3.867188
cajunb,Terrorist,-1507,410,-63.96875,Knife,100,93,0,0,0,False,True,False,270,3.867188
cajunb,Terrorist,-1507,410,-63.96875,Knife,100,93,0,0,0,False,True,False,270,3.867188
cajunb,Terrorist,-1507,410,-63.96875,Knife,100,93,0,0,0,False,True,False,270,3.867188
cajunb,Terrorist,-1507,410,-63.96875,Knife,100,93,0,0,0,False,True,False,270,3.867188
cajunb,Terrorist,-1507,410,-63.96875,Knife,100,93,0,0,0,False,True,False,270,3.867188
cajunb,Terrorist,-1507,410,-63.96875,Knife,100,93,0,0,0,False,True,False,270,3.867188
cajunb,Terrorist,-1507,410,-63.96875,Knife,100,93,0,0,0,False,True,False,270,3.867188
cajunb,Terrorist,-1507,410,-63.96875,Knife,100,93,0,0,0,False,True,False,270,3.867188
cajunb,Terrorist,-1507,410,-63.96875,Knife,100,93,0,0,0,False,True,False,270,3.867188
cajunb,Terrorist,-1507,410,-63.96875,Knife,100,93,0,0,0,False,True,False,270,3.867188
cajunb,Terrorist,-1507,410,-63.96875,Knife,100,93,0,0,0,False,True,False,270,3.867188
cajunb,Terrorist,-1507,410,-63.96875,Knife,100,93,0,0,0,False,True,False,270,3.867188
cajunb,Terrorist,-1507,410,-63.96875,Knife,100,93,0,0,0,False,True,False,270,3.867188
cajunb,Terrorist,-1507,410,-63.96875,Knife,100,93,0,0,0,False,True,False,270,3.867188
cajunb,Terrorist,-1507,410,-63.96875,Knife,100,93,0,0,0,False,True,False,270,3.867188
cajunb,Terrorist,-1507,410,-63.96875,Knife,100,93,0,0,0,False,True,False,270,3.867188
cajunb,Terrorist,-1507,410,-63.96875,Knife,100,93,0,0,0,False,True,False,270,3.867188
cajunb,Terrorist,-1507,410,-63.96875,Knife,100,93,0,0,0,False,True,False,270,3.867188
cajunb,Terrorist,-1507,410,-63.96875,Knife,100,93,0,0,0,False,True,False,270,3.867188
cajunb,Terrorist,-1507,410,-63.96875,Knife,100,93,0,0,0,False,True,False,270,3.867188
cajunb,Terrorist,-1507,410,-63.96875,Knife,100,93,0,0,0,False,True,False,270,3.867188
cajunb,Terrorist,-1507,410,-63.96875,Knife,100,93,0,0,0,False,True,False,270,3.867188
cajunb,Terrorist,-1507,410,-63.96875,Knife,100,93,0,0,0,False,True,False,270,3.867188
cajunb,Terrorist,-1507,410,-63.96875,Knife,100,93,0,0,0,False,True,False,270,3.867188
cajunb,Terrorist,-1507,410,-63.96875,Knife,100,93,0,0,0,False,True,False,270,3.867188
cajunb,Terrorist,-1507,410,-63.96875,Knife,100,93,0,0,0,False,True,False,270,3.867188
cajunb,Terrorist,-1507,410,-63.96875,Knife,100,93,0,0,0,False,True,False,270,3.867188
cajunb,Terrorist,-1507,410,-63.96875,Knife,100,93,0,0,0,False,True,False,270,3.867188
cajunb,Terrorist,-1507,410,-63.96875,Knife,100,93,0,0,0,False,True,False,270,3.867188
cajunb,Terrorist,-1507,410,-63.96875,Knife,100,93,0,0,0,False,True,False,270,4.21875
cajunb,Terrorist,-1507,410,-63.96875,Knife,100,93,0,0,0,False,True,False,270,4.21875
cajunb,Terrorist,-1507,410,-63.96875,Knife,100,93,0,0,0,False,True,False,270,4.21875
cajunb,Terrorist,-1507,410,-63.96875,Knife,100,93,0,0,0,False,True,False,270,4.21875
cajunb,Terrorist,-1507,410,-63.96875,Knife,100,93,0,0,0,False,True,False,270,4.21875
cajunb,Terrorist,-1507,410,-63.96875,Knife,100,93,0,0,0,False,True,False,270,4.21875
cajunb,Terrorist,-1507,410,-63.96875,Knife,100,93,0,0,0,False,True,False,270,4.21875
cajunb,Terrorist,-1507,410,-63.96875,Knife,100,93,0,0,0,False,True,False,270,4.21875
cajunb,Terrorist,-1507,410,-63.96875,Knife,100,93,0,0,0,False,True,False,270,4.21875
cajunb,Terrorist,-1507,410,-63.96875,Knife,100,93,0,0,0,False,True,False,270,4.21875
cajunb,Terrorist,-1507,410,-63.96875,Knife,100,93,0,0,0,False,True,False,270,4.21875
cajunb,Terrorist,-1507,410,-63.96875,Knife,100,93,0,0,0,False,True,False,270,4.21875
cajunb,Terrorist,-1507,410,-63.96875,Knife,100,93,0,0,0,False,True,False,270,4.21875
cajunb,Terrorist,-1507,410,-63.96875,Knife,100,93,0,0,0,False,True,False,270,4.21875
cajunb,Terrorist,-1507,410,-63.96875,Knife,100,93,0,0,0,False,True,False,270,4.21875
cajunb,Terrorist,-1507,410,-63.96875,Knife,100,93,0,0,0,False,True,False,270,4.21875
cajunb,Terrorist,-1507,410,-63.96875,Knife,100,93,0,0,0,False,True,False,270,4.21875
cajunb,Terrorist,-1507,410,-63.96875,Knife,100,93,0,0,0,False,True,False,270,4.21875
cajunb,Terrorist,-1507,410,-63.96875,Knife,100,93,0,0,0,False,True,False,270,4.21875
cajunb,Terrorist,-1507,410,-63.96875,Knife,100,93,0,0,0,False,True,False,270,4.21875
cajunb,Terrorist,-1507,410,-63.96875,Knife,100,93,0,0,0,False,True,False,270,4.21875
cajunb,Terrorist,-1507,410,-63.96875,Knife,100,93,0,0,0,False,True,False,270,4.21875
cajunb,Terrorist,-1507,410,-63.96875,Knife,100,93,0,0,0,False,True,False,270,4.21875
cajunb,Terrorist,-1507,410,-63.96875,Knife,100,93,0,0,0,False,True,False,270,4.21875
cajunb,Terrorist,-1507,410,-63.96875,Knife,100,93,0,0,0,False,True,False,270,4.21875
cajunb,Terrorist,-1507,410,-63.96875,Knife,100,93,0,0,0,False,True,False,270,4.21875
cajunb,Terrorist,-1507,410,-63.96875,Knife,100,93,0,0,0,False,True,False,270,4.21875
cajunb,Terrorist,-1507,410,-63.96875,Knife,100,93,0,0,0,False,True,False,270,4.21875
cajunb,Terrorist,-1507,410,-63.96875,Knife,100,93,0,0,0,False,True,False,270,4.21875
cajunb,Terrorist,-1507,410,-63.96875,Knife,100,93,0,0,0,False,True,False,270,4.21875
cajunb,Terrorist,-1507,410,-63.96875,Knife,100,93,0,0,0,False,True,False,270,4.21875
cajunb,Terrorist,-1507,410,-63.96875,Knife,100,93,0,0,0,False,True,False,270,4.21875
cajunb,Terrorist,-1507,410,-63.96875,Knife,100,93,0,0,0,False,True,False,270,4.21875
cajunb,Terrorist,-1507,410,-63.96875,Knife,100,93,0,0,0,False,True,False,270,4.21875
cajunb,Terrorist,-1507,410,-63.96875,Knife,100,93,0,0,0,False,True,False,270,4.21875
cajunb,Terrorist,-1507,410,-63.96875,Knife,100,93,0,0,0,False,True,False,270,4.21875
cajunb,Terrorist,-1507,410,-63.96875,Knife,100,93,0,0,0,False,True,False,270,4.21875
cajunb,Terrorist,-1507,410,-63.96875,Knife,100,93,0,0,0,False,True,False,270,4.21875
cajunb,Terrorist,-1507,410,-63.96875,Knife,100,93,0,0,0,False,True,False,270,4.21875
cajunb,Terrorist,-1507,410,-63.96875,Knife,100,93,0,0,0,False,True,False,270,4.21875
cajunb,Terrorist,-1507,410,-63.96875,Knife,100,93,0,0,0,False,True,False,270,4.21875
cajunb,Terrorist,-1507,410,-63.96875,Knife,100,93,0,0,0,False,True,False,270,4.21875
cajunb,Terrorist,-1507,410,-63.96875,Knife,100,93,0,0,0,False,True,False,270,4.21875
cajunb,Terrorist,-1507,410,-63.96875,Knife,100,93,0,0,0,False,True,False,270,4.21875
cajunb,Terrorist,-1507,410,-63.96875,Knife,100,93,0,0,0,False,True,False,270,4.21875
cajunb,Terrorist,-1507,410,-63.96875,Knife,100,93,0,0,0,False,True,False,270,4.21875
cajunb,Terrorist,-1507,410,-63.96875,Knife,100,93,0,0,0,False,True,False,270,4.21875
cajunb,Terrorist,-1507,410,-63.96875,Knife,100,93,0,0,0,False,True,False,270,4.21875
cajunb,Terrorist,-1507,410,-63.96875,Knife,100,93,0,0,0,False,True,False,270,4.21875
cajunb,Terrorist,-1507,410,-63.96875,Knife,100,93,0,0,0,False,True,False,270,4.21875
cajunb,Terrorist,-1507,410,-63.96875,Knife,100,93,0,0,0,False,True,False,270,4.21875
cajunb,Terrorist,-1507,410,-63.96875,Knife,100,93,0,0,0,False,True,False,270,4.21875
cajunb,Terrorist,-1507,410,-63.96875,Knife,100,93,0,0,0,False,True,False,270,4.21875
cajunb,Terrorist,-1507,410,-63.96875,Knife,100,93,0,0,0,False,True,False,270,4.21875
cajunb,Terrorist,-1507,410,-63.96875,Knife,100,93,0,0,0,False,True,False,270,4.21875
cajunb,Terrorist,-1507,410,-63.96875,Knife,100,93,0,0,0,False,True,False,270,4.21875
cajunb,Terrorist,-1507,410,-63.96875,Knife,100,93,0,0,0,False,True,False,270,4.21875
cajunb,Terrorist,-1507,410,-63.96875,Knife,100,93,0,0,0,False,True,False,270,4.21875
cajunb,Terrorist,-1507,410,-63.96875,Knife,100,93,0,0,0,False,True,False,270,4.21875
cajunb,Terrorist,-1507,410,-63.96875,Knife,100,93,0,0,0,False,True,False,270,4.21875
cajunb,Terrorist,-1507,410,-63.96875,Knife,100,93,0,0,0,False,True,False,270,4.21875
cajunb,Terrorist,-1507,410,-63.96875,Knife,100,93,0,0,0,False,True,False,270,4.21875
cajunb,Terrorist,-1507,410,-63.96875,Knife,100,93,0,0,0,False,True,False,270,4.21875
cajunb,Terrorist,-1507,410,-63.96875,Knife,100,93,0,0,0,False,True,False,270,4.21875
cajunb,Terrorist,-1507,410,-63.96875,Knife,100,93,0,0,0,False,True,False,270,4.21875
cajunb,Terrorist,-1507,410,-63.96875,Knife,100,93,0,0,0,False,True,False,270,4.21875
cajunb,Terrorist,-1507,410,-63.96875,Knife,100,93,0,0,0,False,True,False,270,4.21875
cajunb,Terrorist,-1507,410,-63.96875,Knife,100,93,0,0,0,False,True,False,270,4.21875
cajunb,Terrorist,-1507,410,-63.96875,Knife,100,93,0,0,0,False,True,False,270,4.21875
cajunb,Terrorist,-1507,410,-63.96875,Knife,100,93,0,0,0,False,True,False,270,4.21875
cajunb,Terrorist,-1507,410,-63.96875,Knife,100,93,0,0,0,False,True,False,270,4.21875
cajunb,Terrorist,-1507,410,-63.96875,Knife,100,93,0,0,0,False,True,False,270,4.21875
cajunb,Terrorist,-1507,410,-63.96875,Knife,100,93,0,0,0,False,True,False,270,4.21875
cajunb,Terrorist,-1507,410,-63.96875,Knife,100,93,0,0,0,False,True,False,270,4.21875
cajunb,Terrorist,-1507,410,-63.96875,Knife,100,93,0,0,0,False,True,False,270,4.21875
cajunb,Terrorist,-1507,410,-63.96875,Knife,100,93,0,0,0,False,True,False,270,4.21875
cajunb,Terrorist,-1507,410,-63.96875,Knife,100,93,0,0,0,False,True,False,270,4.21875
cajunb,Terrorist,-1507,410,-63.96875,Knife,100,93,0,0,0,False,True,False,270,4.21875
cajunb,Terrorist,-1507,410,-63.96875,Knife,100,93,0,0,0,False,True,False,270,4.21875
cajunb,Terrorist,-1507,410,-63.96875,Knife,100,93,0,0,0,False,True,False,270,4.21875
cajunb,Terrorist,-1507,410,-63.96875,Knife,100,93,0,0,0,False,True,False,270,4.21875
cajunb,Terrorist,-1507,410,-63.96875,Knife,100,93,0,0,0,False,True,False,270,4.21875
cajunb,Terrorist,-1507,410,-63.96875,Knife,100,93,0,0,0,False,True,False,270,4.21875
cajunb,Terrorist,-1507,410,-63.96875,Knife,100,93,0,0,0,False,True,False,269.6484,3.867188
cajunb,Terrorist,-1507,410,-63.96875,Knife,100,93,0,0,0,False,True,False,269.2969,3.867188
cajunb,Terrorist,-1507,410,-63.96875,Knife,100,93,0,0,0,False,True,False,269.2969,3.867188
cajunb,Terrorist,-1507,410,-63.96875,Knife,100,93,0,0,0,False,True,False,269.2969,3.867188
cajunb,Terrorist,-1507,410,-63.96875,Knife,100,93,0,0,0,False,True,False,273.1641,3.867188
cajunb,Terrorist,-1507,410,-63.96875,Knife,100,93,0,0,0,False,True,False,271.7578,4.21875
cajunb,Terrorist,-1507,410,-63.96875,Knife,100,93,0,0,0,False,True,False,271.7578,4.21875
cajunb,Terrorist,-1507,410,-63.96875,Knife,100,93,0,0,0,False,True,False,271.7578,4.21875
cajunb,Terrorist,-1506.977,408.9383,-63.96875,Knife,100,93,0.6112642,-43.42946,0,False,True,False,270,4.570313
cajunb,Terrorist,-1506.969,403.9648,-63.96875,Knife,100,93,-0.1059367,-106.5131,0,False,True,False,270,4.570313
cajunb,Terrorist,-1506.97,396.7298,-63.96875,Knife,100,93,0.1350377,-149.9768,0,False,True,False,270.3516,4.921875
cajunb,Terrorist,-1506.923,385.9858,-63.96875,Knife,100,93,1.405378,-187.2919,0,False,True,False,271.4063,4.921875
cajunb,Terrorist,-1506.718,371.572,-63.96875,Knife,100,93,4.304358,-217.6055,0,False,True,False,272.8125,5.273438
cajunb,Terrorist,-1506.341,357.2591,-63.96875,Knife,100,93,7.31636,-237.0044,0,False,True,False,273.1641,5.625
cajunb,Terrorist,-1505.749,341.9363,-63.96875,Knife,100,93,11.90706,-249.7163,0,False,True,False,277.3828,5.976563
cajunb,Terrorist,-1504.807,326.3414,-63.96875,Knife,100,93,7.962474,-249.8732,0,False,True,False,292.5,6.679688
cajunb,Terrorist,-1505.169,310.7244,-63.96875,Knife,100,93,-13.3224,-249.6448,0,False,True,False,302.6953,7.03125
cajunb,Terrorist,-1504.804,299.048,-63.96875,Knife,100,93,21.77286,-248.7356,0,False,True,False,302.6953,7.03125
cajunb,Terrorist,-1501.177,279.8792,-63.96875,Knife,100,93,63.77585,-241.7284,0,False,True,False,302.6953,7.03125
cajunb,Terrorist,-1497.041,266.8519,-63.96875,Knife,100,93,83.55524,-235.6237,0,False,True,False,302.3438,7.03125
cajunb,Terrorist,-1490.346,250.6056,-63.96875,Knife,100,93,105.3917,-226.6994,0,False,True,False,310.7813,7.382813
cajunb,Terrorist,-1485.196,237.9453,-63.96875,Knife,100,93,87.25396,-234.2792,0,False,True,False,328.7109,7.382813
cajunb,Terrorist,-1478.961,223.9299,-63.96878,Knife,100,93,120.7919,-206.6134,0,False,True,False,348.75,6.679688
cajunb,Terrorist,-1469.807,212.4948,-63.96878,Knife,100,93,164.49,-166.3522,0,False,True,False,349.4531,6.328125
cajunb,Terrorist,-1456.984,203.2711,-63.96878,Knife,100,93,191.8653,-91.43027,0,False,True,False,349.4531,6.328125
cajunb,Terrorist,-1446.038,199.8724,-63.96878,Knife,100,93,208.5502,-53.07767,0,False,True,False,354.7266,6.679688
cajunb,Terrorist,-1430.417,197.0891,-63.96881,Knife,100,93,230.917,-23.8057,0,False,True,False,19.33594,6.679688
cajunb,Terrorist,-1417.524,196.8822,-62.34888,Knife,100,93,238.7104,10.77357,0,False,True,False,26.36719,5.273438
cajunb,Terrorist,-1402.382,198.6975,-58.5634,Knife,100,93,244.762,41.86969,0,False,True,False,26.36719,5.273438
cajunb,Terrorist,-1385.256,202.6127,-54.28181,Knife,100,93,241.3493,65.19595,0,False,True,False,26.71875,5.273438
cajunb,Terrorist,-1370.378,207.3696,-47.96875,Knife,100,93,235.1163,84.97262,0,False,True,False,33.39844,5.625
cajunb,Terrorist,-1355.943,213.3417,-47.96875,Knife,100,93,227.808,102.9735,0,False,True,False,35.15625,5.625
cajunb,Terrorist,-1341.923,220.2349,-47.96875,Knife,100,93,221.8407,115.268,0,False,True,False,34.80469,5.273438
cajunb,Terrorist,-1328.23,227.7592,-47.96875,Knife,100,93,217.0271,124.0936,0,False,True,False,35.85938,4.921875
cajunb,Terrorist,-1314.819,235.7766,-47.96875,Knife,100,93,212.7419,131.3045,0,False,True,False,36.5625,4.921875
cajunb,Terrorist,-1304.327,244.1047,-47.96875,Knife,100,93,175.12,167.4277,0,False,True,False,36.91406,4.921875
cajunb,Terrorist,-1294.685,255.7437,-47.96875,Knife,100,93,139.612,199.4193,0,False,True,False,37.26563,4.921875
cajunb,Terrorist,-1286.066,270.8263,-47.96875,Knife,100,93,110.0322,224.4837,0,False,True,False,37.26563,4.921875
cajunb,Terrorist,-1279.991,285.2161,-47.96875,Knife,100,93,88.1468,233.9447,0,False,True,False,37.26563,4.921875
cajunb,Terrorist,-1275.638,298.1741,-51.07712,Knife,100,93,73.76698,238.8691,0,False,True,False,37.61719,4.921875
cajunb,Terrorist,-1271.002,315.1277,-55.96875,Knife,100,93,60.4198,242.5891,0,False,True,False,37.61719,4.921875
cajunb,Terrorist,-1267.483,330.351,-55.96875,Knife,100,93,53.94458,244.1106,0,False,True,False,35.50781,4.570313
cajunb,Terrorist,-1262.725,345.0243,-55.96875,Knife,100,93,97.17831,225.9232,0,False,True,False,34.45313,4.570313
cajunb,Terrorist,-1256.352,356.9462,-55.96875,Knife,100,93,127.0034,215.1292,0,False,True,False,34.45313,4.570313
cajunb,Terrorist,-1249.252,370.8577,-55.96875,Knife,100,93,104.0539,227.3165,0,False,True,False,34.45313,4.570313
cajunb,Terrorist,-1243.392,385.3382,-55.96875,Knife,100,93,86.39331,234.5979,0,False,True,False,35.15625,3.867188
cajunb,Terrorist,-1236.506,399.3225,-55.96875,Knife,100,93,126.8488,215.4283,0,False,True,False,33.39844,3.515625
cajunb,Terrorist,-1226.304,413.6173,-55.96875,Knife,100,93,157.7066,193.981,0,False,True,False,32.69531,3.515625
cajunb,Terrorist,-1218.456,424.8036,-55.96875,Knife,100,93,133.8485,211.1506,0,False,True,False,30.58594,3.867188
cajunb,Terrorist,-1209.353,437.4832,-55.96875,Knife,100,93,159.335,192.6457,0,False,True,False,26.01563,4.921875
cajunb,Terrorist,-1196.977,449.9398,-55.96875,Knife,100,93,188.1818,164.5831,0,False,True,False,19.33594,4.921875
cajunb,Terrorist,-1184.528,459.3673,-55.96875,Knife,100,93,206.7014,140.622,0,False,True,False,16.875,3.867188
cajunb,Terrorist,-1171.156,467.4395,-55.96875,Knife,100,93,218.7904,120.9576,0,False,True,False,16.17188,3.164063
cajunb,Terrorist,-1157.192,474.4443,-55.96875,Knife,100,93,226.5408,105.732,0,False,True,False,15.46875,2.8125
cajunb,Terrorist,-1142.842,480.6219,-55.96875,Knife,100,93,231.6661,93.97239,0,False,True,False,15.11719,2.460938
cajunb,Terrorist,-1130.078,485.5186,-53.00402,Knife,100,93,234.509,86.63431,0,False,True,False,15.11719,2.109375
cajunb,Terrorist,-1113.495,491.3466,-44.71233,Knife,100,93,236.7624,80.27186,0,False,True,False,15.11719,2.109375
cajunb,Terrorist,-1100.584,495.6024,-39.96875,HE,100,93,233.0875,75.46656,0,False,True,False,15.11719,2.109375
cajunb,Terrorist,-1084.154,500.7798,-39.96875,HE,100,93,234.0493,72.42867,0,False,True,False,15.46875,1.757813
cajunb,Terrorist,-1071.332,504.6658,-39.96875,HE,100,93,234.8209,69.88654,0,False,True,False,14.0625,0.3515625
cajunb,Terrorist,-1056.624,508.9274,-39.96875,HE,100,93,235.6642,66.98782,0,False,True,False,14.0625,359.6484
cajunb,Terrorist,-1040.027,513.5413,-39.96875,HE,100,93,236.3172,64.64679,0,False,True,False,14.0625,359.6484
cajunb,Terrorist,-1025.241,517.5229,-39.96875,HE,100,93,236.753,63.03193,0,False,True,False,13.71094,359.6484
cajunb,Terrorist,-1012.245,520.9445,-39.96875,Knife,100,93,240.3765,62.74805,0,False,True,False,13.71094,359.6484
cajunb,Terrorist,-995.2219,525.3249,-39.96875,Knife,100,93,242.2803,61.64603,0,False,True,False,13.35938,359.6484
cajunb,Terrorist,-980.0689,529.1364,-39.96875,Knife,100,93,242.5845,60.43824,0,False,True,False,13.00781,359.6484
cajunb,Terrorist,-964.8953,532.8647,-39.96875,Knife,100,93,242.9198,59.07584,0,False,True,False,12.65625,359.6484
cajunb,Terrorist,-949.7034,536.5181,-39.96875,Knife,100,93,243.1813,57.99033,0,False,True,False,12.65625,359.6484
cajunb,Terrorist,-934.4969,540.1095,-31.96875,Knife,100,93,243.3933,57.0937,0,False,True,False,12.65625,359.6484
cajunb,Terrorist,-921.1819,543.2127,-31.96875,Knife,100,93,243.5305,56.50556,0,False,True,False,12.65625,359.6484
cajunb,Terrorist,-905.8901,545.2762,-31.96875,Knife,100,93,245.0376,9.123249,0,False,True,False,12.65625,359.6484
cajunb,Terrorist,-888.4171,546.0801,-31.96875,Knife,100,93,249.269,19.10452,0,False,True,False,13.35938,359.6484
cajunb,Terrorist,-872.8777,547.7014,-31.96875,Knife,100,93,248.1064,30.71215,0,False,True,False,13.35938,359.6484
cajunb,Terrorist,-857.4111,549.9163,-31.96875,Knife,100,93,246.9969,38.63337,0,False,True,False,13.35938,359.6484
cajunb,Terrorist,-843.9291,552.186,-31.96875,Knife,100,93,246.1977,43.4359,0,False,True,False,13.35938,359.6484
cajunb,Terrorist,-826.9556,555.3477,-31.96875,HE,100,93,240.52,46.63849,0,False,True,False,13.35938,359.6484
cajunb,Terrorist,-813.8178,557.9773,-31.96875,HE,100,93,240.036,49.06845,0,False,True,False,13.35938,359.6484
cajunb,Terrorist,-798.8313,561.1198,-31.96875,HE,100,93,239.606,51.12708,0,False,True,False,13.35938,359.6484
cajunb,Terrorist,-782.5111,565.8621,-31.96875,HE,100,93,221.0867,91.03528,0,False,True,False,13.35938,359.6484
cajunb,Terrorist,-769.3832,573.0264,-31.96875,HE,100,93,202.2946,131.1915,0,False,True,False,13.35938,359.6484
cajunb,Terrorist,-757.2803,582.2849,-31.96875,HE,100,93,186.3969,159.0007,0,False,True,False,13.35938,359.6484
cajunb,Terrorist,-746.1796,592.8255,-31.96875,HE,100,93,171.5054,174.9597,0,False,True,False,11.95313,358.9453
cajunb,Terrorist,-735.798,604.0796,-31.96875,HE,100,93,162.9911,182.9178,0,False,True,False,8.085938,357.5391
cajunb,Terrorist,-725.7299,615.6166,-31.96875,HE,100,93,160.043,185.5026,0,False,True,False,5.976563,357.1875
cajunb,Terrorist,-715.7885,627.2631,-31.96875,HE,100,93,158.3748,186.929,0,False,True,False,5.976563,357.1875
cajunb,Terrorist,-705.9352,638.9841,-31.96875,HE,100,93,157.1472,187.9621,0,False,True,False,5.976563,357.1875
cajunb,Terrorist,-696.1777,650.7851,-31.96875,HE,100,93,155.3591,189.4427,0,False,True,False,7.03125,357.1875
cajunb,Terrorist,-687.6948,661.1561,-31.96875,HE,100,93,155.1359,189.6255,0,False,True,False,5.273438,356.4844
cajunb,Terrorist,-677.9765,672.9894,-31.96875,HE,100,93,155.8136,189.0691,0,False,True,False,4.921875,356.1328
cajunb,Terrorist,-666.9808,686.2501,-31.96875,HE,100,93,156.9154,188.1557,0,False,True,False,3.867188,355.7813
cajunb,Terrorist,-657.116,697.9614,-31.96875,HE,100,93,158.7066,186.6473,0,False,True,False,2.460938,355.4297
cajunb,Terrorist,-648.3631,708.1054,-31.96875,HE,100,93,161.2173,184.483,0,False,True,False,0.703125,354.7266
cajunb,Terrorist,-638.1363,719.5016,-31.96875,HE,100,93,165.6955,180.4716,0,False,True,False,357.8906,354.375
cajunb,Terrorist,-626.3064,732.0233,-31.96875,HE,100,93,170.0176,176.4058,0,False,True,False,357.8906,354.375
cajunb,Terrorist,-615.5839,742.9548,-31.96875,HE,100,93,172.6272,173.853,0,False,True,False,357.8906,354.375
cajunb,Terrorist,-606.093,752.412,-31.96875,HE,100,93,174.2006,172.2763,0,False,True,False,357.5391,354.375
cajunb,Terrorist,-592.5184,762.2449,-31.96875,HE,100,93,206.449,115.9205,0,False,True,False,354.375,352.6172
cajunb,Terrorist,-578.9623,768.4057,-31.96875,HE,100,93,220.7628,98.94914,0,False,True,False,351.9141,351.2109
cajunb,Terrorist,-565.2617,775.2034,-31.96875,HE,100,93,216.4625,114.7562,0,False,True,False,351.9141,350.8594
cajunb,Terrorist,-553.5833,781.7691,-31.96875,HE,100,93,211.5272,123.6174,0,False,True,False,351.9141,350.8594
cajunb,Terrorist,-538.5378,789.9872,-31.96875,HE,100,93,222.0525,98.27145,0,False,True,False,351.9141,351.5625
cajunb,Terrorist,-524.079,794.7545,-31.96875,HE,100,93,237.4195,60.47313,0,False,True,False,350.5078,350.8594
cajunb,Terrorist,-509.3416,798.8843,-31.96875,HE,100,93,232.4955,77.27118,0,False,True,False,349.8047,349.4531
cajunb,Terrorist,-496.7048,803.3287,-31.96875,HE,100,93,234.0136,72.5441,0,False,True,False,349.4531,348.3984
cajunb,Terrorist,-481.7606,806.6095,-31.96875,HE,100,93,241.9877,38.30062,0,False,True,False,349.1016,347.3438
cajunb,Terrorist,-464.9302,810.21,-31.96875,HE,100,93,235.9401,66.00948,0,False,True,False,348.3984,346.2891
cajunb,Terrorist,-450.4327,815.1237,-31.96875,HE,100,93,228.9628,87.18383,0,False,True,False,348.0469,345.5859
cajunb,Terrorist,-436.3356,821.0964,-31.96875,HE,100,93,223.1107,101.2255,0,False,True,False,347.6953,344.8828
cajunb,Terrorist,-424.2418,826.8486,-31.96875,HE,100,93,221.86,102.1851,0,False,True,False,347.3438,344.1797
cajunb,Terrorist,-407.9642,832.1154,-29.95885,HE,100,93,237.7146,59.3025,0,False,True,False,347.6953,344.1797
cajunb,Terrorist,-393.3467,836.6575,-26.30446,HE,100,93,230.9236,81.84937,0,False,True,False,347.6953,344.1797
cajunb,Terrorist,-379.1338,842.3478,-22.75123,HE,100,93,224.8288,97.34994,0,False,True,False,347.6953,344.5313
cajunb,Terrorist,-366.9889,846.1625,-19.71502,HE,100,93,215.7936,36.78117,0,False,True,False,347.3438,344.8828
cajunb,Terrorist,-352.5643,845.4257,-16.10886,HE,100,93,197.5627,-44.16897,0,False,True,False,347.3438,344.8828
cajunb,Terrorist,-339.9209,841.788,-12.948,HE,100,93,211.5891,-59.61058,0,False,True,False,346.9922,344.8828
cajunb,Terrorist,-327.8398,838.4931,-9.927738,HE,100,93,227.3013,-60.69657,0,False,True,False,346.9922,344.8828
cajunb,Terrorist,-313.1857,834.6763,-6.264206,HE,100,93,237.3324,-60.81385,0,False,True,False,346.9922,344.8828
cajunb,Terrorist,-296.4787,830.4775,-2.087461,HE,100,93,237.821,-58.87413,0,False,True,False,347.3438,344.8828
cajunb,Terrorist,-281.6026,826.848,1.631556,HE,100,93,238.1563,-57.50302,0,False,True,False,347.3438,344.8828
cajunb,Terrorist,-268.5711,823.7342,4.889435,HE,100,93,238.3845,-56.54918,0,False,True,False,347.3438,344.8828
cajunb,Terrorist,-253.6653,820.2283,8.615879,HE,100,93,238.564,-55.78737,0,False,True,False,347.3438,344.8828
cajunb,Terrorist,-238.7504,816.7615,12.34462,HE,100,93,238.6907,-55.24258,0,False,True,False,347.3438,344.8828
cajunb,Terrorist,-222.8772,813.1042,16.3129,AK47,100,93,209.5445,-48.12606,0,False,True,False,347.3438,344.8828
cajunb,Terrorist,-209.7765,810.1686,19.5881,AK47,100,93,209.6845,-40.65286,0,False,True,False,348.0469,346.2891
cajunb,Terrorist,-196.6709,809.3523,22.8645,AK47,100,93,209.6659,6.350399,0,False,True,False,348.3984,349.8047
cajunb,Terrorist,-184.9469,810.8737,25.7955,Knife,100,93,217.6141,42.54022,0,False,True,False,348.3984,353.6719
cajunb,Terrorist,-169.3334,815.2699,29.69886,Knife,100,93,225.3204,76.62665,0,False,True,False,347.6953,356.8359
cajunb,Terrorist,-156.8586,820.0778,32.81755,Knife,100,93,230.024,95.65836,0,False,True,False,347.6953,356.8359
cajunb,Terrorist,-140.0392,824.918,37.02242,Knife,100,93,245.037,49.56662,0,False,True,False,347.6953,356.8359
cajunb,Terrorist,-126.5141,826.8954,40.40369,Knife,100,93,247.439,35.69252,0,False,True,False,347.6953,356.8359
cajunb,Terrorist,-109.3908,830.809,44.68451,Knife,100,93,240.1174,69.59631,0,False,True,False,347.6953,356.8359
cajunb,Terrorist,-94.17276,834.284,48.48902,Knife,100,93,246.8249,39.71762,0,False,True,False,346.9922,357.5391
cajunb,Terrorist,-80.57219,835.6203,51.88917,Knife,100,93,249.6147,13.87368,0,False,True,False,346.2891,358.5938
cajunb,Terrorist,-64.95251,835.6447,55.79409,Knife,100,93,249.8293,-9.236472,0,False,True,False,344.8828,359.6484
cajunb,Terrorist,-47.437,834.2109,60.17297,Knife,100,93,248.4015,-28.22553,0,False,True,False,344.5313,0.3515625
cajunb,Terrorist,-33.85358,832.3538,63.56882,AK47,100,93,212.3797,-33.46456,0,False,True,False,343.8281,1.054688
cajunb,Terrorist,-20.63357,829.951,64.03125,AK47,100,93,210.8435,-42.07154,0,False,True,False,342.7734,1.40625
cajunb,Terrorist,-9.145207,827.4504,64.03125,AK47,100,93,209.5022,-48.30973,0,False,True,False,341.7188,1.757813
cajunb,Terrorist,5.521271,823.7891,64.98516,AK47,100,93,207.874,-54.89428,0,False,True,False,340.6641,2.460938
cajunb,Terrorist,18.46586,820.184,66.39674,AK47,100,93,206.5553,-59.66488,0,False,True,False,340.3125,2.8125
cajunb,Terrorist,31.33751,816.3262,67.80196,AK47,100,93,205.5106,-63.16943,0,False,True,False,340.3125,3.164063
cajunb,Terrorist,42.55344,812.7981,68.89657,AK47,100,93,204.802,-65.43051,0,False,True,False,340.3125,3.164063
cajunb,Terrorist,55.33086,808.6385,69.59249,AK47,100,93,204.1823,-67.33949,0,False,True,False,340.3125,3.164063
cajunb,Terrorist,68.07539,804.3791,70.14229,AK47,100,93,203.7301,-68.69535,0,False,True,False,340.3125,3.164063
cajunb,Terrorist,82.39072,799.5211,70.6849,AK47,100,93,203.5721,-69.16224,0,False,True,False,341.3672,3.164063
cajunb,Terrorist,93.53447,795.7711,71.96152,AK47,100,93,204.0178,-67.83601,0,False,True,False,343.8281,3.164063
cajunb,Terrorist,107.9,791.082,73.61044,AK47,100,93,201.7808,-72.45015,0,False,True,False,348.3984,3.867188
cajunb,Terrorist,118.4891,786.1036,74.69349,AK47,100,93,188.2396,-103.6373,0,False,True,False,350.5078,3.867188
cajunb,Terrorist,129.3714,777.2106,75.92393,AK47,100,93,125.5606,-144.0215,0,False,True,False,349.1016,4.21875
cajunb,Terrorist,134.8868,768.5623,76.33881,AK47,100,93,83.60582,-167.7547,0,False,True,False,346.9922,5.273438
cajunb,Terrorist,139.3178,755.8826,76.47842,AK47,100,93,59.70919,-187.8225,0,False,True,False,345.5859,5.625
cajunb,Terrorist,143.1018,745.3978,76.63029,AK47,100,93,75.68978,-194.4002,0,False,True,False,345.5859,5.625
cajunb,Terrorist,148.5279,733.317,77.22472,AK47,100,93,101.7136,-183.0111,0,False,True,False,345.5859,5.625
cajunb,Terrorist,156.175,723.5828,78.48405,AK47,100,93,135.0839,-124.2665,0,False,True,False,345.5859,5.625
cajunb,Terrorist,165.3964,718.2589,80.03125,AK47,100,93,156.2284,-57.64549,0,False,True,False,346.2891,5.625
cajunb,Terrorist,177.0557,716.4832,80.03125,AK47,100,93,172.3886,-1.740064,0,False,True,False,348.3984,5.625
cajunb,Terrorist,186.753,717.4709,80.03125,AK47,100,93,180.5867,31.81391,0,False,True,False,349.8047,5.273438
cajunb,Terrorist,198.2782,720.5464,80.03125,AK47,100,93,187.0178,61.51152,0,False,True,False,350.5078,5.273438
cajunb,Terrorist,211.5724,725.5739,79.29883,AK47,100,93,189.4647,73.42741,-34.375,False,True,False,350.8594,4.921875
cajunb,Terrorist,223.414,727.9688,75.58789,AK47,100,93,189.4647,0,-84.375,False,True,False,351.2109,4.921875
cajunb,Terrorist,235.2556,727.9688,68.75195,AK47,100,93,189.4647,0,-134.375,False,True,False,351.2109,5.273438
cajunb,Terrorist,245.6169,727.9688,60.20703,AK47,100,93,189.4647,0,-178.125,False,True,False,351.2109,5.273438
cajunb,Terrorist,258.5025,727.624,49.5775,AK47,100,93,169.4883,-22.17802,0,False,True,False,347.3438,6.679688
cajunb,Terrorist,268.5828,724.3074,47.79792,AK47,100,93,153.3357,-75.7979,0,False,True,False,334.6875,10.19531
cajunb,Terrorist,276.2122,718.8791,46.94915,AK47,100,93,127.4787,-115.8138,0,False,True,False,318.1641,13.00781
cajunb,Terrorist,282.7854,710.3463,44.58062,AK47,100,93,86.37263,-150.716,0,False,True,False,301.2891,14.41406
cajunb,Terrorist,286.5069,700.1141,40.72705,AK47,100,93,38.12987,-171.7778,0,False,True,False,285.8203,13.00781
cajunb,Terrorist,287.342,688.9739,35.28535,AK47,100,93,3.77719,-184.4028,0,False,True,False,276.3281,9.140625
cajunb,Terrorist,287.6802,676.3739,28.6277,AK47,100,93,4.558492,-168.0744,0,True,True,False,271.0547,5.625
cajunb,Terrorist,287.9013,668.2937,25.77949,AK47,100,93,3.339847,-121.6446,0,True,True,False,272.1094,4.921875
cajunb,Terrorist,288.0536,662.7494,24.7823,AK47,100,93,2.022932,-73.2401,0,True,True,False,272.1094,4.921875
cajunb,Terrorist,288.2045,657.6117,23.85896,AK47,100,93,2.236565,-73.06578,0,False,True,False,272.1094,4.921875
cajunb,Terrorist,288.3308,653.6161,23.1415,AK47,94,90,2.361251,-73.06186,0,False,True,False,272.1094,4.921875
cajunb,Terrorist,288.5017,648.479,22.2197,AK47,94,90,2.47857,-73.05798,0,False,True,False,272.1094,4.570313
cajunb,Terrorist,288.6558,643.9129,21.4005,AK47,94,90,2.426464,-73.05972,0,False,True,False,271.4063,2.109375
cajunb,Terrorist,288.7821,639.9172,20.68305,AK47,94,90,2.200884,-73.06687,0,False,True,False,271.0547,1.054688
cajunb,Terrorist,288.9234,634.7793,19.792,AK47,94,90,1.855589,-73.07645,0,False,True,False,270.7031,0.3515625
cajunb,Terrorist,289.0171,630.7828,19.20674,AK47,94,90,1.628592,-73.08186,0,False,True,False,271.0547,0.3515625
cajunb,Terrorist,289.1267,625.644,18.45171,AK47,94,90,1.510698,-73.0844,0,False,True,False,271.0547,0.3515625
cajunb,Terrorist,289.2184,621.0761,17.7793,AK47,94,90,1.43786,-73.08586,0,False,True,False,271.0547,0.3515625
cajunb,Terrorist,289.2955,617.0792,17.19022,AK47,94,90,1.390423,-73.08678,0,False,True,False,271.0547,0.3515625
cajunb,Terrorist,289.3809,612.5114,16.51638,AK47,94,90,1.349992,-73.08754,0,False,True,False,271.0547,0.3515625
cajunb,Terrorist,289.4642,607.9435,15.84207,AK47,94,90,1.320453,-73.08807,0,False,True,False,271.0547,0.3515625
cajunb,Terrorist,289.5561,602.8046,15.08307,AK47,94,90,1.29662,-73.08851,0,False,True,False,271.0547,0.3515625
cajunb,Terrorist,289.6365,598.2368,14.81274,AK47,94,90,1.28146,-73.08878,0,False,True,False,271.0547,0.3515625
cajunb,Terrorist,289.7154,593.6689,14.84919,AK47,94,90,1.230562,-73.08965,0,False,True,False,270.7031,359.6484
cajunb,Terrorist,289.7865,589.1005,14.88395,AK47,94,90,1.051311,-73.09245,0,False,True,False,270.3516,359.6484
cajunb,Terrorist,289.8447,584.5322,14.91598,AK47,94,90,0.8431938,-73.09515,0,False,True,False,270,359.6484
cajunb,Terrorist,289.8914,579.9638,14.9347,AK47,94,90,0.6778941,-73.09686,0,False,True,False,270,359.6484
cajunb,Terrorist,289.9249,575.9664,14.96983,AK47,94,90,0.5702772,-73.09779,0,False,True,False,270,359.6484
cajunb,Terrorist,289.9609,570.8052,14.98651,AK47,94,90,0.4748236,-74.91096,0,False,True,False,270,359.6484
cajunb,Terrorist,289.9856,566.5239,15.01983,AK47,94,90,0.4365603,-80.6022,0,False,True,False,270,359.6484
cajunb,Terrorist,290.0148,560.6347,15.05472,AK47,94,90,0.400275,-86.00555,0,False,True,False,270,359.6484
cajunb,Terrorist,290.036,555.831,15.07262,AK47,94,90,0.3795283,-89.09497,0,False,True,False,270,359.6484
cajunb,Terrorist,290.0619,549.4462,15.10905,AK47,94,90,0.3555593,-92.02639,0,False,True,False,270,359.6484
cajunb,Terrorist,290.0819,543.6255,15.1274,AK47,94,90,0.2817151,-93.90742,0,False,True,False,270,359.2969
cajunb,Terrorist,290.0945,537.7054,15.16313,AK47,94,90,0.1335033,-95.29283,0,False,True,False,269.6484,359.2969
cajunb,Terrorist,290.096,531.7122,15.19598,AK47,94,90,-0.06648725,-96.31281,0,False,True,False,269.6484,358.9453
cajunb,Terrorist,290.0868,526.4232,15.21383,AK47,94,90,-0.2555375,-96.98183,0,False,True,False,269.2969,358.9453
cajunb,Terrorist,290.0609,520.3408,15.22992,AK47,94,90,-0.5456782,-97.55492,0,False,True,False,268.9453,358.5938
cajunb,Terrorist,290.0148,514.2281,17.19782,AK47,94,90,-0.8903962,-97.97495,0,False,True,False,268.9453,357.8906
cajunb,Terrorist,289.9379,507.3253,18.03125,AK47,94,90,-1.238651,-98.31541,0,False,True,False,268.9453,357.1875
cajunb,Terrorist,289.8637,501.9424,18.03125,AK47,94,90,-1.43777,-98.51009,0,False,True,False,268.9453,357.1875
cajunb,Terrorist,289.7549,495.0082,18.03125,AK47,94,90,-1.626704,-98.69482,0,False,True,False,268.9453,357.1875
cajunb,Terrorist,289.6636,489.6075,18.03125,AK47,94,90,-1.678474,-98.80154,0,False,True,False,268.9453,357.1875
cajunb,Terrorist,289.562,483.4289,18.03125,AK47,94,90,-1.550541,-98.89574,0,False,True,False,269.6484,356.8359
cajunb,Terrorist,289.4629,476.4721,18.03125,AK47,94,90,-1.307697,-98.97384,0,False,True,False,269.6484,356.8359
cajunb,Terrorist,289.3869,470.2844,18.03125,AK47,94,90,-1.151873,-99.02393,0,False,True,False,269.6484,356.8359
cajunb,Terrorist,289.3272,464.868,18.03125,AK47,94,90,-1.049602,-99.05682,0,False,True,False,269.6484,356.8359
cajunb,Terrorist,289.2574,457.9018,18.03125,AK47,94,90,-0.9525634,-99.08803,0,True,True,False,269.6484,356.8359
cajunb,Terrorist,289.2071,452.4823,18.03125,AK47,94,90,-0.8970802,-99.10587,0,True,True,False,269.6484,356.8359
cajunb,Terrorist,289.1462,445.5132,18.03125,AK47,94,90,-0.8444352,-99.12281,0,True,True,False,269.6484,356.8359
cajunb,Terrorist,289.101,440.0921,18.03125,AK47,94,90,-0.8100509,-99.13251,0,True,True,False,269.6484,357.1875
cajunb,Terrorist,289.054,433.896,18.03125,AK47,94,90,-0.7052695,-99.14127,0,True,True,False,269.6484,357.1875
cajunb,Terrorist,289.0084,426.9248,18.03125,AK47,94,90,-0.608705,-99.14845,0,True,True,False,269.6484,357.1875
cajunb,Terrorist,288.9727,420.7279,18.03125,AK47,94,90,-0.5467435,-99.15308,0,True,True,False,269.6484,357.1875
cajunb,Terrorist,288.9402,414.5307,18.03125,AK47,94,90,-0.5011052,-99.15645,0,True,True,False,269.6484,357.1875
cajunb,Terrorist,288.9137,409.108,18.03125,AK47,94,90,-0.4711518,-99.15866,0,True,True,False,269.6484,357.1875
cajunb,Terrorist,288.8817,402.1358,18.03125,AK47,94,90,-0.4427307,-99.16077,0,True,True,False,269.6484,357.1875
cajunb,Terrorist,288.8547,395.9383,18.03125,AK47,94,90,-0.424494,-99.16216,0,True,True,False,269.6484,357.1875
cajunb,Terrorist,288.8287,389.7405,18.03125,AK47,94,90,-0.4110617,-99.16316,0,True,True,False,269.6484,357.1875
cajunb,Terrorist,288.8065,384.3175,18.03125,AK47,94,90,-0.4022457,-99.16382,0,True,True,False,269.6484,357.1875
cajunb,Terrorist,288.7816,378.1198,18.03125,AK47,94,90,-0.3946745,-99.16438,0,True,True,False,269.6484,357.1875
cajunb,Terrorist,288.7541,371.1473,18.03125,AK47,94,90,-0.3885133,-99.16484,0,True,True,False,269.6484,357.1875
cajunb,Terrorist,288.73,364.9495,18.03125,AK47,94,90,-0.3845598,-99.16513,0,True,True,False,269.6484,357.1875
cajunb,Terrorist,288.7061,358.7518,18.03125,AK47,94,90,-0.3816479,-99.16533,0,True,True,False,269.6484,357.1875
cajunb,Terrorist,288.6823,352.554,18.03125,AK47,94,90,-0.3795031,-99.1655,0,True,True,False,269.6484,357.1875
cajunb,Terrorist,288.6586,346.3563,18.03125,AK47,94,90,-0.3779234,-99.16562,0,True,True,False,269.6484,357.1875
cajunb,Terrorist,288.6346,340.1585,18.03125,AK47,94,90,-0.4013628,-99.1656,0,True,True,False,269.6484,356.4844
cajunb,Terrorist,288.6062,333.9608,18.03125,AK47,94,90,-0.4966819,-99.16509,0,True,True,False,269.6484,356.1328
cajunb,Terrorist,288.5766,328.5377,18.03125,AK47,94,90,-0.57503,-99.16467,0,True,True,False,269.6484,355.7813
cajunb,Terrorist,288.5331,321.5652,18.03125,AK47,94,90,-0.6493701,-99.16425,0,True,True,False,269.6484,355.7813
cajunb,Terrorist,288.4908,315.3675,18.03125,Glock,94,90,-0.697071,-99.16396,0,True,True,False,269.6484,355.7813
cajunb,Terrorist,288.4517,309.9445,18.03125,Glock,94,90,-0.7283783,-99.16377,0,True,True,False,269.6484,355.7813
cajunb,Terrorist,288.3993,302.972,18.03125,Glock,94,90,-0.7580841,-99.1636,0,True,True,False,269.6484,355.7813
cajunb,Terrorist,288.3512,296.7742,18.03125,Glock,94,90,-0.7771452,-99.16352,0,True,True,False,269.6484,355.7813
cajunb,Terrorist,288.3083,291.3512,18.03125,Glock,94,90,-0.7896553,-99.16343,0,True,True,False,269.6484,355.7813
cajunb,Terrorist,288.2523,284.3787,18.03125,Glock,94,90,-0.8015254,-99.16336,0,True,True,False,269.6484,355.7813
cajunb,Terrorist,288.2116,279.3674,18.03125,Glock,94,90,-0.6644168,-81.59731,0,True,True,False,269.6484,355.7813
cajunb,Terrorist,288.1647,273.6301,18.03125,Glock,94,90,-0.6699224,-81.59726,0,True,True,False,269.6484,355.7813
cajunb,Terrorist,288.1227,268.5302,18.03125,Glock,94,90,-0.6734549,-81.59723,0,True,True,False,269.6484,355.7813
cajunb,Terrorist,288.0805,263.4304,18.03125,Glock,94,90,-0.6760569,-81.59721,0,True,True,False,269.6484,355.7813
cajunb,Terrorist,288.0382,258.3305,18.03125,Glock,94,90,-0.6779733,-81.59719,0,True,True,False,269.6484,355.7813
cajunb,Terrorist,287.9957,253.2307,18.03125,Glock,94,90,-0.6793849,-81.59718,0,True,True,False,269.6484,355.7813
cajunb,Terrorist,287.9532,248.1308,18.03125,Glock,94,90,-0.6804247,-81.59717,0,True,True,False,269.6484,355.7813
cajunb,Terrorist,287.9107,243.0309,18.03125,Glock,94,90,-0.6811906,-81.59716,0,True,True,False,269.6484,355.7813
cajunb,Terrorist,287.8678,237.8815,18.03125,Glock,94,90,-0.7026101,-84.08752,0,True,True,False,269.6484,355.7813
cajunb,Terrorist,287.8226,232.4802,18.03125,Glock,94,90,-0.7362854,-88.05912,0,True,True,False,269.6484,355.7813
cajunb,Terrorist,287.7757,226.8691,18.03125,Glock,94,90,-0.7610893,-90.98443,0,True,True,False,269.6484,355.7813
cajunb,Terrorist,287.7336,221.8311,18.03125,Glock,94,90,-0.7773684,-92.90437,0,True,True,False,269.6484,355.7813
cajunb,Terrorist,287.6783,215.224,18.03125,Glock,94,90,-0.792815,-94.7261,0,True,True,False,269.6484,355.7813
cajunb,Terrorist,287.6284,209.2607,18.03125,Glock,94,90,-0.8027263,-95.89501,0,True,True,False,269.6484,355.7813
cajunb,Terrorist,287.5842,203.9916,18.03125,Glock,94,90,-0.8092313,-96.66222,0,True,True,False,269.6484,355.7813
cajunb,Terrorist,287.5271,197.1651,18.03125,Glock,94,90,-0.8154036,-97.39017,0,True,True,False,269.6484,355.7813
cajunb,Terrorist,287.4824,191.8256,18.03125,Glock,94,90,-0.8189327,-97.80639,0,True,True,False,269.6484,355.7813
cajunb,Terrorist,287.4247,184.9324,18.03125,AK47,94,90,-0.8222812,-98.20132,0,True,True,False,269.6484,355.7813
cajunb,Terrorist,287.3793,178.7855,18.03125,AK47,94,90,-0.5833116,-98.45525,0,True,True,False,270.3516,355.7813
cajunb,Terrorist,287.3606,173.3958,18.91127,AK47,94,90,-0.1290701,-98.6199,0,True,True,False,271.0547,355.7813
cajunb,Terrorist,287.3828,166.4555,20.23694,AK47,94,90,0.6971666,-98.76805,0,True,True,False,271.7578,356.1328
cajunb,Terrorist,287.4559,160.2793,21.41666,AK47,94,90,1.555829,-98.85208,0,True,True,False,272.4609,356.4844
cajunb,Terrorist,287.5883,154.0994,22.59711,AK47,94,90,2.585024,-98.89498,0,True,True,False,273.5156,356.8359
cajunb,Terrorist,287.7961,147.9185,23.77772,AK47,94,90,3.975815,-98.8832,0,True,True,False,275.2734,356.8359
cajunb,Terrorist,287.5623,142.6446,24.78511,AK47,94,90,-10.53281,-94.43858,0,True,True,False,278.0859,356.8359
cajunb,Terrorist,286.5584,136.7063,25.91937,AK47,94,90,-10.86596,-74.11564,0,True,True,False,283.3594,356.8359
cajunb,Terrorist,286.2438,132.1501,26.78966,AK47,94,90,-1.180274,-73.09048,0,True,True,False,284.0625,357.1875
cajunb,Terrorist,286.4077,127.5857,27.66152,AK47,94,90,5.203013,-72.9146,0,True,True,False,284.0625,357.1875
cajunb,Terrorist,286.3963,122.8733,28.56164,AK47,94,90,-6.606559,-76.67237,0,True,True,False,284.0625,357.1875
cajunb,Terrorist,285.7605,117.9691,29.4984,AK47,94,90,-7.863972,-80.47723,0,True,True,False,283.3594,357.1875
cajunb,Terrorist,285.6705,112.5431,30.53483,AK47,94,90,6.248283,-100.0792,0,False,True,False,287.9297,357.1875
cajunb,Terrorist,286.057,104.9912,31.97732,AK47,94,90,-4.264853,-135.2637,0,False,True,False,294.6094,357.8906
cajunb,Terrorist,285.0973,95.53383,36.32151,AK47,94,90,-22.25435,-162.8633,0,False,True,False,299.8828,358.5938
cajunb,Terrorist,283.6098,84.63084,42.98444,AK47,94,90,-13.14281,-181.087,0,False,True,False,299.8828,358.5938
cajunb,Terrorist,284.1196,72.95796,50.11786,AK47,94,90,23.10828,-190.7526,0,False,True,False,299.8828,358.5938
cajunb,Terrorist,285.4115,60.63338,57.64956,AK47,94,90,10.39272,-202.8731,0,False,True,False,301.6406,358.2422
cajunb,Terrorist,285.6832,47.51395,63.73299,AK47,94,90,3.392711,-214.9732,0,False,True,False,318.5156,358.2422
cajunb,Terrorist,285.92,35.71624,63.76826,AK47,94,90,3.301583,-164.4963,0,False,True,False,331.875,358.2422
cajunb,Terrorist,286.1233,27.35967,63.78589,AK47,94,90,5.254814,-111.6764,0,False,True,False,332.2266,358.2422
cajunb,Terrorist,286.7998,20.40688,63.86734,AK47,94,90,14.46426,-110.8604,0,False,True,False,331.1719,358.2422
cajunb,Terrorist,287.8987,13.50704,63.38585,AK47,94,90,19.99783,-109.9969,0,False,True,False,332.9297,358.2422
cajunb,Terrorist,289.3739,6.678077,62.51028,AK47,94,90,26.45961,-108.6238,0,False,True,False,337.1484,357.8906
cajunb,Terrorist,291.3106,-0.01834267,61.71048,AK47,94,90,38.7776,-103.8079,0,False,True,False,337.8516,357.5391
cajunb,Terrorist,294.708,-6.056371,61.18731,AK47,94,90,64.89583,-91.0372,0,False,True,False,337.1484,357.1875
cajunb,Terrorist,298.7207,-10.66106,60.9588,AK47,94,90,78.81337,-79.29498,0,False,True,False,337.1484,357.1875
cajunb,Terrorist,304.7201,-15.73002,60.89203,AK47,94,90,89.69816,-66.73441,0,False,True,False,338.9063,357.1875
cajunb,Terrorist,310.5557,-19.56839,61.00515,AK47,94,90,95.88538,-57.49115,0,False,True,False,341.3672,357.5391
cajunb,Terrorist,315.9193,-22.50121,61.19629,AK47,94,90,99.48285,-51.01375,0,False,True,False,341.7188,357.1875
cajunb,Terrorist,323.0139,-25.88511,61.52549,AK47,94,90,100.9312,-48.08463,0,False,True,False,341.3672,357.1875
cajunb,Terrorist,328.873,-29.66849,61.64147,AK47,94,90,88.14243,-68.77609,0,False,True,False,341.0156,357.1875
cajunb,Terrorist,333.9908,-34.41893,61.5265,AK47,94,90,79.7436,-78.35941,0,False,True,False,340.6641,357.1875
cajunb,Terrorist,339.371,-38.86865,61.47884,AK47,94,90,90.1258,-66.15571,0,False,True,False,339.9609,357.1875
cajunb,Terrorist,344.4757,-42.23063,61.57983,AK47,94,90,95.38835,-58.3121,0,False,True,False,339.6094,357.1875
cajunb,Terrorist,351.3474,-46.04536,61.81588,AK47,94,90,99.19108,-51.57875,0,False,True,False,339.6094,356.8359
cajunb,Terrorist,357.6124,-49.13874,61.80977,AK47,94,90,100.9236,-48.10053,0,False,True,False,339.2578,356.8359
cajunb,Terrorist,363.9588,-52.06236,61.80211,AK47,94,90,101.947,-45.89168,0,False,True,False,338.9063,356.8359
cajunb,Terrorist,370.3536,-54.87851,61.80211,AK47,94,90,102.5604,-44.50401,0,False,True,False,338.5547,356.4844
cajunb,Terrorist,376.7779,-57.6268,61.80211,AK47,94,90,102.9465,-43.60347,0,False,True,False,338.5547,356.4844
cajunb,Terrorist,383.2222,-60.32788,61.81888,AK47,94,90,103.2223,-42.94635,0,False,True,False,338.5547,356.4844
cajunb,Terrorist,389.681,-62.99427,61.85344,AK47,94,90,103.4221,-42.4631,0,False,True,False,338.5547,356.4844
cajunb,Terrorist,396.1505,-65.63454,62.05495,AK47,94,90,103.5643,-42.11498,0,False,True,False,338.2031,356.4844
cajunb,Terrorist,402.6247,-68.26301,62.35894,AK47,94,90,103.5873,-42.05849,0,False,True,False,337.5,356.4844
cajunb,Terrorist,408.2816,-70.58266,62.62334,AK47,94,90,103.2439,-42.89444,0,False,True,False,334.3359,356.8359
cajunb,Terrorist,415.4923,-73.71222,62.95129,AK47,94,90,101.8665,-46.07017,0,False,True,False,330.1172,357.1875
cajunb,Terrorist,421.8035,-76.71057,63.22475,AK47,94,90,100.3226,-49.3418,0,False,True,False,329.0625,357.1875
cajunb,Terrorist,428.0325,-79.87652,63.48382,AK47,94,90,99.2326,-51.49883,0,False,True,False,329.4141,357.1875
cajunb,Terrorist,434.2102,-83.14162,63.73419,AK47,94,90,98.6197,-52.66303,0,False,True,False,330.4688,356.8359
cajunb,Terrorist,440.3659,-86.44798,63.9809,AK47,94,90,98.41989,-53.0355,0,False,True,False,331.1719,357.1875
cajunb,Terrorist,446.5138,-89.76897,64.2263,AK47,94,90,98.34705,-53.17041,0,False,True,False,331.5234,357.1875
cajunb,Terrorist,452.9624,-92.41192,64.52776,AK47,94,90,107.408,-31.0283,0,False,True,False,331.875,357.5391
cajunb,Terrorist,458.8256,-94.14053,64.83722,AK47,94,90,106.2302,-34.84814,0,False,True,False,331.875,357.5391
cajunb,Terrorist,465.3849,-96.54645,65.17805,AK47,94,90,104.058,-40.87992,0,False,True,False,331.5234,357.5391
cajunb,Terrorist,472.6317,-99.59133,65.6177,AK47,94,90,102.3653,-44.95095,0,False,True,False,331.5234,357.5391
cajunb,Terrorist,478.9892,-102.4905,65.99143,AK47,94,90,101.2644,-47.37885,0,False,True,False,331.1719,357.5391
cajunb,Terrorist,485.2881,-105.515,66.35376,AK47,94,90,100.438,-49.10642,0,False,True,False,331.1719,357.5391
cajunb,Terrorist,490.7626,-108.2374,66.66374,AK47,94,90,99.87486,-50.24192,0,False,True,False,331.1719,357.5391
cajunb,Terrorist,497.7629,-111.8135,67.05515,AK47,94,90,99.33693,-51.29731,0,False,True,False,331.1719,357.5391
cajunb,Terrorist,503.9587,-115.0442,67.39815,AK47,94,90,98.98899,-51.96553,0,False,True,False,331.1719,357.5391
cajunb,Terrorist,510.1371,-118.308,67.45776,AK47,94,90,98.76621,-52.38774,0,False,True,False,331.5234,357.5391
cajunb,Terrorist,516.3044,-121.5928,67.51311,AK47,94,90,98.61412,-52.67346,0,False,True,False,331.5234,357.5391
cajunb,Terrorist,521.6942,-124.4794,67.54869,AK47,94,90,98.51393,-52.86061,0,False,True,False,331.5234,357.5391
cajunb,Terrorist,528.6171,-128.2035,67.6006,AK47,94,90,98.41859,-53.03793,0,False,True,False,331.5234,357.5391
cajunb,Terrorist,534.7659,-131.5225,67.65121,AK47,94,90,98.35724,-53.15159,0,False,True,False,331.5234,357.5391
cajunb,Terrorist,540.6454,-135.275,67.99779,AK47,94,90,88.31381,-68.55588,0,False,True,False,340.6641,356.8359
cajunb,Terrorist,545.9096,-139.8683,68.51689,AK47,94,90,83.25232,-74.62099,0,False,True,False,5.976563,357.1875
cajunb,Terrorist,551.3533,-144.2416,69.03523,AK47,94,90,91.30085,-64.52437,0,False,True,False,32.34375,357.5391
cajunb,Terrorist,557.4014,-147.7265,69.54382,AK47,94,90,100.3546,-49.27663,0,False,True,False,37.96875,357.8906
cajunb,Terrorist,563.4825,-151.1534,70.0514,AK47,94,90,93.53988,-61.23341,0,False,True,False,37.96875,357.8906
cajunb,Terrorist,567.7074,-154.2516,70.43919,AK47,94,90,87.79798,-69.21527,0,False,True,False,37.26563,357.8906
cajunb,Terrorist,573.5994,-159.4514,71.02308,AK47,94,90,80.92864,-77.13491,0,False,True,False,36.91406,357.8906
cajunb,Terrorist,579.0813,-165.0837,71.56996,AK47,94,90,75.85312,-82.13125,0,False,True,False,35.50781,359.2969
cajunb,Terrorist,583.687,-170.3377,72.03227,AK47,94,90,72.09914,-85.44562,0,False,True,False,33.75,0.3515625
cajunb,Terrorist,587.6638,-174.9788,72.43658,AK47,94,90,77.35612,-80.71721,0,False,True,False,33.75,0.3515625
cajunb,Terrorist,593.7813,-179.8915,72.95518,AK47,94,90,93.14958,-61.82552,0,False,True,False,33.75,0.3515625
cajunb,Terrorist,599.0974,-182.9051,73.40607,AK47,94,90,99.74041,-50.5083,0,False,True,False,33.75,0.3515625
cajunb,Terrorist,605.4933,-185.7132,73.90047,AK47,94,90,103.9775,-41.08431,0,False,True,False,33.75,0.3515625
cajunb,Terrorist,611.2386,-187.8032,74.31913,AK47,94,90,104.6516,-39.33558,0,False,True,False,33.75,0.3515625
cajunb,Terrorist,618.8787,-191.9947,74.95892,AK47,94,90,92.17281,-63.27253,0,False,True,False,33.75,0.3515625
cajunb,Terrorist,624.3244,-196.366,75.4837,AK47,94,90,83.50726,-74.33557,0,False,True,False,33.75,0.3515625
cajunb,Terrorist,629.3023,-201.2669,76.01398,AK47,94,90,76.94435,-81.10983,0,False,True,False,33.75,0.3515625
cajunb,Terrorist,633.3789,-205.8229,76.47858,AK47,94,90,72.98603,-84.6893,0,False,True,False,33.75,0.3515625
cajunb,Terrorist,638.3736,-211.8925,77.0751,AK47,94,90,69.69189,-87.42014,0,False,True,False,33.75,0.3515625
cajunb,Terrorist,642.7715,-217.319,77.60491,AK47,94,90,75.5275,-82.43079,0,False,True,False,33.75,0.3515625
cajunb,Terrorist,648.0781,-221.8469,78.13126,AK47,94,90,90.87397,-65.12419,0,False,True,False,33.75,0.3515625
cajunb,Terrorist,654.0768,-225.4194,78.63982,AK47,94,90,99.20034,-51.56095,0,False,True,False,33.75,0.3515625
cajunb,Terrorist,659.4975,-228.2406,79.07661,AK47,94,90,96.12381,-57.09162,0,False,True,False,33.75,0.3515625
cajunb,Terrorist,665.8358,-232.8768,79.66212,AK47,94,90,85.68253,-71.81743,0,False,True,False,33.75,0.3515625
cajunb,Terrorist,670.9289,-237.6571,80.1916,AK47,94,90,78.54271,-79.56306,0,False,True,False,33.75,0.3515625
cajunb,Terrorist,676.0938,-242.3478,80.71975,AK47,94,90,88.85077,-67.85852,0,False,True,False,33.75,0.3515625
cajunb,Terrorist,681.2352,-245.6481,81.16896,AK47,94,90,97.24524,-55.15978,0,False,True,False,33.75,0.3515625
cajunb,Terrorist,688.3245,-249.0345,81.73561,AK47,94,90,103.0949,-43.25125,0,False,True,False,33.75,0.3515625
cajunb,Terrorist,694.8713,-251.473,82.43571,AK47,94,90,105.7826,-36.18402,0,False,True,False,33.75,0.3515625
cajunb,Terrorist,701.536,-253.5709,83.12694,AK47,94,90,107.1779,-31.81394,0,False,True,False,33.75,0.3515625
cajunb,Terrorist,708.2654,-255.4518,84.19986,AK47,94,90,107.9958,-28.9161,0,False,True,False,33.75,0.3515625
cajunb,Terrorist,714.1867,-256.9742,85.18842,AK47,94,90,108.4638,-27.10817,0,False,True,False,33.75,0.3515625
cajunb,Terrorist,721.8298,-258.8116,86.45165,AK47,94,90,108.8674,-25.4388,0,False,True,False,33.75,0.3515625
cajunb,Terrorist,728.643,-260.3627,87.56907,AK47,94,90,109.1085,-24.3838,0,False,True,False,33.75,0.3515625
cajunb,Terrorist,735.4686,-261.8584,88.68267,AK47,94,90,109.2781,-23.61214,0,False,True,False,33.75,0.3515625
cajunb,Terrorist,741.4482,-263.1333,89.65471,AK47,94,90,109.386,-23.10736,0,False,True,False,33.75,0.3515625
cajunb,Terrorist,747.3145,-264.8162,90.65155,AK47,94,90,104.1877,-40.5482,0,False,True,False,33.75,0.3515625
cajunb,Terrorist,754.9166,-269.0776,91.83034,AK47,94,90,91.70604,-63.94717,0,False,True,False,33.75,0.3515625
cajunb,Terrorist,760.3591,-271.9688,92.28953,AK47,94,90,85.05354,0,0,False,True,False,33.75,0.3515625
cajunb,Terrorist,766.16,-271.994,92.47333,AK47,94,90,100.017,0,0,False,True,False,33.75,0.3515625
cajunb,Terrorist,772.8749,-271.994,92.68317,AK47,94,90,111.7948,0,0,False,True,False,33.75,0.3515625
cajunb,Terrorist,779.8622,-271.994,92.90153,AK47,94,90,111.7948,0,0,False,True,False,33.75,0.3515625
cajunb,Terrorist,786.8491,-272.043,93.12029,AK47,94,90,111.7576,-3.077941,0,False,True,False,33.75,0.3515625
cajunb,Terrorist,793.8235,-272.4573,93.33825,AK47,94,90,111.4423,-8.93626,0,False,True,False,33.75,0.3515625
cajunb,Terrorist,799.9083,-273.0537,93.5284,AK47,94,90,111.1301,-12.22019,0,False,True,False,33.75,0.3515625
cajunb,Terrorist,806.8351,-273.9679,93.74486,AK47,94,90,110.4784,-17.1398,0,False,True,False,27.77344,2.460938
cajunb,Terrorist,814.5157,-275.6174,93.98487,AK47,94,90,107.6488,-30.18226,0,False,True,False,8.4375,6.679688
cajunb,Terrorist,820.9869,-278.2198,94.343,AK47,94,90,99.25188,-51.46166,0,False,True,False,342.7734,5.625
cajunb,Terrorist,826.7097,-282.2082,94.70068,AK47,94,90,88.02986,-68.92012,0,False,True,False,326.6016,5.976563
cajunb,Terrorist,832.266,-286.4451,95.04794,AK47,94,90,89.49533,-67.00616,0,False,True,False,326.25,5.976563
cajunb,Terrorist,837.1898,-290.0697,95.35567,AK47,94,90,90.39953,-65.78119,0,False,True,False,326.25,5.976563
cajunb,Terrorist,842.8674,-294.1428,95.71053,AK47,94,90,91.14722,-64.74122,0,False,True,False,326.25,5.976563
cajunb,Terrorist,848.4658,-299.6287,96.06043,AK47,94,90,70.44259,-86.81637,0,False,True,False,323.7891,5.625
cajunb,Terrorist,852.2304,-305.5029,96.29571,AK47,94,90,52.49449,-98.7095,0,False,True,False,318.5156,4.570313
cajunb,Terrorist,854.9666,-311.9261,96.46672,AK47,94,90,37.64565,-105.2713,0,False,True,False,317.8125,4.21875
cajunb,Terrorist,856.9187,-318.6324,96.57568,AK47,94,90,26.70851,-108.5629,0,False,True,False,316.7578,3.867188
cajunb,Terrorist,858.2835,-325.4836,96.66504,AK47,94,90,18.37463,-110.2797,0,False,True,False,315.3516,3.867188
cajunb,Terrorist,859.3883,-332.3807,96.74308,AK47,94,90,23.74909,-109.2484,0,False,True,False,313.2422,3.867188
cajunb,Terrorist,861.5596,-339.0141,96.87878,AK47,94,90,41.90834,-103.6481,0,False,True,False,310.7813,3.164063
cajunb,Terrorist,863.3741,-344.8478,96.97893,AK47,94,90,27.15921,-108.451,0,False,True,False,309.7266,2.8125
cajunb,Terrorist,864.6099,-351.7216,97.06226,AK47,94,90,14.66253,-110.8343,0,False,True,False,309.375,2.8125
cajunb,Terrorist,865.7093,-359.4981,97.13814,AK47,94,90,24.25643,-109.1369,0,False,True,False,308.6719,2.460938
cajunb,Terrorist,867.4749,-365.3487,97.24849,AK47,94,90,35.37115,-106.0572,0,False,True,False,304.8047,1.40625
cajunb,Terrorist,869.0717,-373.032,97.33447,AK47,94,90,12.98611,-111.0432,0,False,True,False,298.125,358.9453
cajunb,Terrorist,869.291,-380.0103,97.35352,AK47,94,90,-3.12996,-111.7562,0,False,True,False,296.3672,358.2422
cajunb,Terrorist,869.7668,-386.9744,97.39173,AK47,94,90,15.01218,-110.7875,0,False,True,False,297.0703,358.5938
cajunb,Terrorist,871.1758,-393.8146,97.47979,AK47,94,90,27.6966,-108.315,0,False,True,False,297.7734,358.5938
cajunb,Terrorist,872.3941,-400.6847,97.54431,AK47,94,90,10.78615,-111.2785,0,False,True,False,297.7734,358.5938
cajunb,Terrorist,872.5192,-407.6663,97.56015,AK47,94,90,-3.99734,-111.7285,0,False,True,False,297.7734,358.5938
cajunb,Terrorist,872.9757,-414.631,97.57864,AK47,94,90,14.9376,-110.7976,0,False,True,False,297.0703,358.2422
cajunb,Terrorist,874.1516,-420.6286,97.66578,AK47,94,90,25.78203,-108.7866,0,False,True,False,296.3672,357.1875
cajunb,Terrorist,876.3317,-428.1791,97.80203,AK47,94,90,34.53031,-106.3339,0,False,True,False,296.3672,356.4844
cajunb,Terrorist,878.1443,-434.917,97.90573,AK47,94,90,19.66124,-110.0576,0,False,True,False,297.4219,356.8359
cajunb,Terrorist,878.7184,-441.874,97.94168,AK47,94,90,1.99091,-111.7823,0,False,True,False,297.7734,356.8359
cajunb,Terrorist,879.3271,-447.9532,98.04205,AK47,94,90,17.19978,-110.469,0,False,True,False,297.0703,357.1875
cajunb,Terrorist,881.0755,-455.6129,98.20709,AK47,94,90,30.09538,-107.6731,0,False,True,False,297.0703,357.1875
cajunb,Terrorist,882.7788,-462.382,98.28745,AK47,94,90,18.71568,-110.2223,0,False,True,False,297.4219,357.1875
cajunb,Terrorist,883.3018,-469.3432,98.37018,AK47,94,90,1.290508,-111.7925,0,False,True,False,297.7734,357.1875
cajunb,Terrorist,884.0303,-476.2858,98.45297,AK47,94,90,18.74405,-110.2175,0,False,True,False,297.7734,357.1875
cajunb,Terrorist,885.565,-483.1011,98.53419,AK47,94,90,23.855,-109.2254,0,False,True,False,298.125,357.1875
cajunb,Terrorist,886.3715,-490.0342,98.6165,AK47,94,90,5.399694,-111.6695,0,False,True,False,298.4766,356.8359
cajunb,Terrorist,886.355,-497.0201,98.69968,AK47,94,90,1.710451,-111.7869,0,False,True,False,299.8828,356.4844
cajunb,Terrorist,887.0078,-503.0934,98.78236,AK47,94,90,18.923,-110.1869,0,False,True,False,301.6406,355.7813
cajunb,Terrorist,888.7056,-510.7663,98.86346,AK47,94,90,20.0268,-109.9917,0,False,True,False,305.1563,355.0781
cajunb,Terrorist,889.5108,-517.7043,98.94594,AK47,94,90,8.393207,-111.4845,0,False,True,False,308.6719,354.7266
cajunb,Terrorist,889.7939,-523.8114,99.02901,AK47,94,90,3.327346,-111.7505,0,False,True,False,310.7813,354.375
cajunb,Terrorist,889.8867,-529.9246,99.09137,AK47,94,90,0.6370631,-111.7982,0,False,True,False,311.4844,354.375
cajunb,Terrorist,890.6461,-538.6006,99.1949,AK47,94,90,23.50819,-109.3005,0,False,True,False,313.5938,354.375
cajunb,Terrorist,892.621,-545.3011,102.0313,AK47,94,90,30.70821,-107.5,0,False,True,False,318.5156,354.7266
cajunb,Terrorist,894.2794,-552.0878,102.0313,AK47,94,90,23.9033,-109.2148,0,False,True,False,320.2734,354.7266
cajunb,Terrorist,895.6211,-558.9449,102.0313,AK47,94,90,19.82894,-110.0275,0,False,True,False,320.2734,354.7266
cajunb,Terrorist,897.759,-565.5828,102.0313,AK47,94,90,43.92455,-102.8099,0,False,True,False,320.2734,354.7266
cajunb,Terrorist,900.947,-571.798,110.0022,AK47,94,90,49.94011,-100.0261,0,False,True,False,319.5703,354.7266
cajunb,Terrorist,903.5995,-578.2582,111.7706,AK47,94,90,37.56635,-105.2996,0,False,True,False,322.3828,354.7266
cajunb,Terrorist,905.735,-584.9109,113.1943,AK47,94,90,32.71637,-106.9059,0,False,True,False,329.4141,355.0781
cajunb,Terrorist,908.558,-591.2775,115.0762,AK47,94,90,56.91851,-96.22641,0,False,True,False,337.8516,355.7813
cajunb,Terrorist,912.2203,-596.1657,117.5178,AK47,94,90,70.27106,-86.95525,0,False,True,False,342.4219,356.1328
cajunb,Terrorist,916.8948,-602.4839,120.6341,AK47,94,90,63.92706,-91.72006,0,False,True,False,342.7734,355.7813
cajunb,Terrorist,920.761,-608.3038,123.2116,AK47,94,90,60.46087,-94.04106,0,False,True,False,342.7734,355.7813
cajunb,Terrorist,924.8199,-613.9778,125.9176,AK47,94,90,73.48874,-84.25346,0,False,True,False,346.6406,355.7813
cajunb,Terrorist,929.3547,-618.0636,128.0228,AK47,94,90,88.48613,-68.33333,0,False,True,False,0.703125,356.4844
cajunb,Terrorist,935.5706,-622.8754,128.0228,AK47,94,90,89.14203,-67.47546,0,False,True,False,13.35938,356.8359
cajunb,Terrorist,941.4313,-626.5847,128.0228,AK47,94,90,99.95271,-47.99065,0,False,True,False,14.76563,356.8359
cajunb,Terrorist,948.0589,-628.7274,128.0228,AK47,94,90,109.1099,-24.37756,0,False,True,False,14.76563,356.8359
cajunb,Terrorist,954.9841,-629.6065,128.0228,AK47,94,90,111.5832,-6.959414,0,False,True,False,14.76563,356.8359
cajunb,Terrorist,961.8821,-630.6797,128.0228,AK47,94,90,109.1687,-24.11313,0,False,True,False,14.76563,356.8359
cajunb,Terrorist,967.7802,-632.2857,128.0228,AK47,94,90,107.8186,-29.57016,0,False,True,False,16.52344,356.4844
cajunb,Terrorist,975.5425,-633.444,128.0228,AK47,94,90,111.5651,-7.244071,0,False,True,False,16.875,356.4844
cajunb,Terrorist,981.6546,-633.4805,128.0228,AK47,94,90,111.799,0.465746,0,False,True,False,16.875,356.4844
cajunb,Terrorist,989.4646,-634.282,128.0228,AK47,94,90,110.0778,-19.54796,0,False,True,False,16.875,356.4844
cajunb,Terrorist,995.436,-635.5903,128.0228,AK47,94,90,109.6912,-21.61205,0,False,True,False,17.22656,356.4844
cajunb,Terrorist,1003.256,-636.2828,128.0228,AK47,94,90,111.7883,-1.616691,0,False,True,False,17.22656,356.4844
cajunb,Terrorist,1010.24,-636.0911,128.0228,AK47,94,90,111.7999,-0.1635441,0,False,True,False,17.92969,356.4844
cajunb,Terrorist,1017.192,-636.7308,128.0228,AK47,94,90,110.5125,-16.91797,0,False,True,False,19.6875,356.1328
cajunb,Terrorist,1024.085,-637.8536,128.0228,AK47,94,90,111.2393,-11.18241,0,False,True,False,21.79688,355.7813
cajunb,Terrorist,1031.064,-637.8712,128.0228,AK47,94,90,111.5531,7.42653,0,False,True,False,24.25781,355.7813
cajunb,Terrorist,1038.014,-637.1659,128.0228,AK47,94,90,111.5908,6.836077,0,False,True,False,25.66406,355.4297
cajunb,Terrorist,1044.996,-637.2859,128.0228,AK47,94,90,111.5221,-7.878198,0,False,True,False,26.01563,355.4297
cajunb,Terrorist,1051.95,-637.9506,128.0228,AK47,94,90,111.6633,-5.527044,0,False,True,False,26.01563,355.4297
cajunb,Terrorist,1058.92,-637.5934,128.0228,AK47,94,90,110.9756,13.55232,0,False,True,False,27.42188,355.4297
cajunb,Terrorist,1065.839,-636.6347,128.0228,AK47,94,90,111.3659,9.842235,0,False,True,False,30.23438,355.0781
cajunb,Terrorist,1072.822,-636.4755,128.0228,AK47,94,90,111.7766,-2.286391,0,False,True,False,31.64063,354.7266
cajunb,Terrorist,1079.796,-636.269,128.0228,AK47,94,90,111.1031,12.46377,0,False,True,False,31.64063,354.7266
cajunb,Terrorist,1086.64,-634.8887,128.0228,AK47,94,90,108.0813,28.59478,0,False,True,False,31.64063,354.7266
cajunb,Terrorist,1092.659,-633.8441,128.0228,AK47,94,90,111.079,12.67639,0,False,True,False,31.64063,354.7266
cajunb,Terrorist,1100.51,-633.5301,128.0228,AK47,94,90,111.7971,-0.7976617,0,False,True,False,34.45313,354.375
cajunb,Terrorist,1107.473,-633.1365,128.0228,AK47,94,90,110.5016,16.98952,0,False,True,False,40.07813,354.375
cajunb,Terrorist,1114.223,-631.3569,128.0228,AK47,94,90,107.0517,32.23631,0,False,True,False,45.70313,354.0234
cajunb,Terrorist,1120.154,-629.8799,128.0228,AK47,94,90,109.2971,23.5243,0,False,True,False,46.40625,353.6719
cajunb,Terrorist,1127.898,-628.5352,128.0228,AK47,94,90,110.6167,16.2231,0,False,True,False,46.40625,353.6719
cajunb,Terrorist,1134.831,-627.6666,128.0228,AK47,94,90,111.1183,12.32725,0,False,True,False,46.40625,353.6719
cajunb,Terrorist,1140.914,-627.0484,128.0228,AK47,94,90,111.2591,10.98408,0,False,True,False,50.97656,353.6719
cajunb,Terrorist,1148.722,-626.147,128.0228,AK47,94,90,110.7209,15.49581,0,False,True,False,61.52344,352.9688
cajunb,Terrorist,1154.742,-625.0842,128.0228,AK47,94,90,109.5306,22.41171,0,False,True,False,66.09375,352.2656
cajunb,Terrorist,1161.539,-623.4661,128.0228,AK47,94,90,108.2228,28.05483,0,False,True,False,65.74219,351.5625
cajunb,Terrorist,1168.27,-621.5924,128.0228,AK47,94,90,107.317,31.34163,0,False,True,False,66.09375,351.5625
cajunb,Terrorist,1175.647,-618.9844,128.0228,AK47,94,90,99.78648,48.39928,0,False,True,False,67.85156,350.8594
cajunb,Terrorist,1181.416,-615.0911,128.0228,AK47,94,90,86.02943,71.4015,0,False,True,False,69.25781,350.1563
cajunb,Terrorist,1186.303,-610.1086,128.0228,AK47,94,90,72.43053,85.16489,0,False,True,False,70.3125,349.4531
cajunb,Terrorist,1190.429,-604.4744,128.0228,AK47,94,90,61.41482,93.42088,0,False,True,False,71.01563,349.1016
cajunb,Terrorist,1193.959,-598.4465,128.0228,AK47,94,90,53.00398,98.43687,0,False,True,False,71.71875,348.75
cajunb,Terrorist,1196.964,-592.1586,128.0228,AK47,94,90,39.69415,103.3206,0,False,True,False,72.07031,348.75
cajunb,Terrorist,1198.305,-586.2673,139.8593,AK47,94,90,14.13245,110.7482,0,False,True,False,72.07031,348.75
cajunb,Terrorist,1198.619,-578.416,145.0935,AK47,94,90,5.980489,111.6399,0,False,True,False,72.07031,349.1016
cajunb,Terrorist,1199.349,-571.4688,149.725,AK47,94,90,15.53321,110.7157,0,False,True,False,72.42188,349.4531
cajunb,Terrorist,1200.545,-564.5851,154.3141,AK47,94,90,21.45845,109.7214,0,False,True,False,72.42188,349.8047
cajunb,Terrorist,1201.827,-558.6072,158.2993,AK47,94,90,24.7841,109.0183,0,False,True,False,72.07031,350.1563
cajunb,Terrorist,1203.697,-550.9722,163.3894,AK47,94,90,27.88485,108.2667,0,False,True,False,71.71875,350.5078
cajunb,Terrorist,1205.515,-544.2255,167.8872,AK47,94,90,29.95835,107.7114,0,False,True,False,71.36719,350.8594
cajunb,Terrorist,1207.2,-538.3481,171.8055,AK47,94,90,31.39387,107.3017,0,False,True,False,71.01563,351.2109
cajunb,Terrorist,1209.467,-530.8214,176.8233,AK47,94,90,32.86288,106.861,0,False,True,False,71.01563,351.5625
cajunb,Terrorist,1211.538,-524.1478,181.2723,AK47,94,90,31.45442,107.284,0,False,True,False,70.66406,352.2656
cajunb,Terrorist,1212.549,-517.2493,185.8713,AK47,94,90,5.458138,111.6667,0,False,True,False,70.66406,352.9688
cajunb,Terrorist,1212.538,-510.2636,190.5284,AK47,94,90,3.426982,111.7475,0,False,True,False,69.96094,353.6719
cajunb,Terrorist,1213.081,-504.176,194.5868,AK47,94,90,14.32318,110.8787,0,False,True,False,69.25781,354.0234
cajunb,Terrorist,1214.306,-497.2986,199.1718,AK47,94,90,23.26671,109.3522,0,False,True,False,68.20313,354.7266
cajunb,Terrorist,1215.032,-489.4867,204.3798,AK47,94,90,0.1743756,111.7999,0,False,True,False,67.14844,355.0781
cajunb,Terrorist,1214.818,-483.3777,208.4524,AK47,94,90,-0.175978,111.7999,0,False,True,False,66.09375,355.7813
cajunb,Terrorist,1215.397,-476.4198,213.091,AK47,94,90,15.79049,110.6793,0,False,True,False,65.03906,356.1328
cajunb,Terrorist,1216.188,-468.6083,218.2986,AK47,94,90,2.812019,111.7646,0,False,True,False,62.92969,356.8359
cajunb,Terrorist,1216.012,-461.6247,222.9544,AK47,94,90,-0.7430378,111.7975,0,False,True,False,60.82031,357.1875
cajunb,Terrorist,1216.693,-454.6791,227.5848,AK47,94,90,19.06769,110.162,0,False,True,False,58.35937,357.8906
cajunb,Terrorist,1217.863,-447.7941,232.1747,AK47,94,90,12.91591,111.0514,0,False,True,False,55.19531,358.2422
cajunb,Terrorist,1218.271,-441.6952,236.2407,AK47,94,90,4.146553,111.7231,0,False,True,False,52.03125,358.9453
cajunb,Terrorist,1219.407,-433.9372,241.4127,AK47,94,90,27.96376,108.2463,0,False,True,False,47.46093,359.2969
cajunb,Terrorist,1221.78,-427.3713,245.79,AK47,94,90,42.8428,103.2654,0,False,True,False,47.46093,358.9453
cajunb,Terrorist,1223.892,-420.7168,250.2263,AK47,94,90,27.5212,108.3597,0,False,True,False,47.46093,358.9453
cajunb,Terrorist,1225.217,-413.8585,254.7985,AK47,94,90,16.85295,110.5225,0,False,True,False,47.46093,358.9453
cajunb,Terrorist,1226.241,-406.9471,256.0313,AK47,94,90,14.8045,110.8155,0,False,True,False,44.64844,359.6484
cajunb,Terrorist,1227.102,-400.0128,256.0313,AK47,94,90,14.02264,110.9171,0,False,True,False,34.45313,0.703125
cajunb,Terrorist,1228.139,-393.1034,256.0313,AK47,94,90,19.2134,110.1367,0,False,True,False,26.36719,1.054688
cajunb,Terrorist,1229.591,-386.2697,256.0313,AK47,94,90,26.32085,108.6575,0,False,True,False,22.85156,1.40625
cajunb,Terrorist,1231.456,-379.5365,256.0313,AK47,94,90,32.35588,107.0156,0,False,True,False,20.74219,1.40625
cajunb,Terrorist,1234.356,-373.2847,256.0313,AK47,94,90,58.84143,93.60355,0,False,True,False,18.98438,1.40625
cajunb,Terrorist,1238.816,-367.9391,256.0313,AK47,94,90,79.35127,78.75668,0,False,True,False,16.52344,1.40625
cajunb,Terrorist,1244.236,-363.5417,256.0313,AK47,94,90,91.56586,64.14773,0,False,True,False,14.41406,1.054688
cajunb,Terrorist,1250.233,-359.9638,256.0313,AK47,94,90,98.78466,52.35292,0,False,True,False,13.35938,1.054688
cajunb,Terrorist,1256.618,-357.2415,256.0313,AK47,94,90,105.4615,31.11356,0,False,True,False,13.35938,1.054688
cajunb,Terrorist,1263.441,-356.3637,256.0313,AK47,94,90,111.7593,2.061729,0,False,True,False,13.35938,1.054688
cajunb,Terrorist,1269.528,-356.8602,256.0313,AK47,94,90,110.5652,-16.57047,0,False,True,False,13.35938,0.703125
cajunb,Terrorist,1276.492,-357.3777,256.0313,AK47,94,90,111.7678,-2.680776,0,False,True,False,12.65625,0.3515625
cajunb,Terrorist,1284.348,-357.4651,256.0313,AK47,94,90,111.474,-8.531625,0,False,True,False,12.30469,0
cajunb,Terrorist,1291.223,-358.6716,256.0313,AK47,94,90,108.5833,-26.62547,0,False,True,False,12.30469,359.6484
cajunb,Terrorist,1297.892,-360.7503,256.0313,AK47,94,90,106.3262,-34.55397,0,False,True,False,11.95313,359.6484
cajunb,Terrorist,1303.85,-362.0957,256.0313,AK47,94,90,110.3682,-17.83557,0,False,True,False,11.95313,359.2969
cajunb,Terrorist,1311.657,-362.995,256.0313,AK47,94,90,110.4584,-17.26816,0,False,True,False,11.95313,358.9453
cajunb,Terrorist,1317.606,-364.3895,256.0313,AK47,94,90,107.4344,-30.93697,0,False,True,False,11.95313,358.9453
cajunb,Terrorist,1325.002,-367.0432,256.0313,AK47,94,90,103.4748,-42.33449,0,False,True,False,12.30469,358.9453
cajunb,Terrorist,1331.598,-367.8321,256.0313,AK47,94,90,110.3023,5.69033,0,False,True,False,12.30469,358.9453
cajunb,Terrorist,1338.571,-367.4326,256.0313,AK47,94,90,111.8,-0.02258627,0,False,True,False,12.65625,358.9453
cajunb,Terrorist,1342.923,-367.7653,256.0313,AK47,94,90,110.9519,-13.74475,0,False,True,False,13.00781,358.9453
cajunb,Terrorist,1352.501,-367.9923,256.0313,AK47,94,90,111.7609,0,0,False,True,False,13.35938,358.9453
cajunb,Terrorist,1359.486,-367.9923,256.0313,AK47,94,90,111.7613,0,0,False,True,False,13.71094,358.9453
cajunb,Terrorist,1366.471,-367.9923,256.0313,AK47,94,90,111.7618,0,0,False,True,False,13.71094,358.9453
cajunb,Terrorist,1373.457,-367.9923,256.0313,AK47,94,90,111.7625,0,0,False,True,False,14.0625,358.9453
cajunb,Terrorist,1380.442,-367.9923,256.0313,AK47,94,90,111.7633,0,0,False,True,False,14.41406,358.9453
cajunb,Terrorist,1387.427,-367.9923,256.0313,AK47,94,90,111.764,0,0,False,True,False,14.76563,358.9453
cajunb,Terrorist,1394.413,-367.9923,256.0313,AK47,94,90,111.7648,0,0,False,True,False,15.11719,358.9453
cajunb,Terrorist,1401.398,-367.9923,256.0313,AK47,94,90,111.7657,0,0,False,True,False,15.46875,359.2969
cajunb,Terrorist,1406.637,-367.9923,256.0313,AK47,94,90,111.7663,0,0,False,True,False,15.82031,359.2969
cajunb,Terrorist,1415.369,-367.9923,256.0313,AK47,94,90,111.7678,0,0,False,True,False,16.52344,359.6484
cajunb,Terrorist,1422.354,-367.9923,256.0313,AK47,94,90,111.7685,0,0,False,True,False,16.875,359.6484
cajunb,Terrorist,1429.34,-367.9923,256.0313,AK47,94,90,111.7687,0,0,False,True,False,16.875,359.6484
cajunb,Terrorist,1435.448,-367.8113,256.0313,AK47,94,90,111.5501,7.470783,0,False,True,False,16.875,359.6484
cajunb,Terrorist,1442.95,-367.0021,256.0313,AK47,94,90,95.27257,11.38122,0,False,True,False,16.875,359.6484
cajunb,Terrorist,1447.982,-366.4009,256.0313,AK47,94,90,70.11499,8.375911,0,False,True,False,16.52344,359.6484
cajunb,Terrorist,1451.206,-366.0158,256.0313,AK47,94,90,50.56649,6.040653,0,False,True,False,16.52344,359.6484
cajunb,Terrorist,1454.676,-365.4585,256.0313,AK47,94,90,58.27562,11.96621,0,False,True,False,16.52344,359.6484
cajunb,Terrorist,1459.071,-364.5897,256.0313,AK47,94,90,78.98585,8.843306,0,False,True,False,16.52344,359.6484
cajunb,Terrorist,1464.532,-364.824,256.0313,AK47,94,90,93.29395,-12.5464,0,False,True,False,16.52344,359.6484
cajunb,Terrorist,1470.074,-366.7388,256.0313,AK47,94,90,83.0259,-45.32719,0,False,True,False,17.22656,359.6484
cajunb,Terrorist,1474.441,-367.9688,256.0313,AK47,94,90,60.0052,0,0,False,True,False,17.92969,359.6484
cajunb,Terrorist,1477.4,-367.9688,256.0313,AK47,94,90,37.5052,0,0,False,True,False,17.92969,359.6484
cajunb,Terrorist,1478.953,-367.9688,256.0313,AK47,94,90,15.0052,0,0,False,True,False,17.92969,359.6484
cajunb,Terrorist,1479.202,-367.9688,256.0313,AK47,94,90,0,0,0,False,True,False,17.92969,359.6484
cajunb,Terrorist,1479.202,-367.9688,256.0313,AK47,94,90,0,0,0,False,True,False,17.92969,359.6484
cajunb,Terrorist,1479.202,-367.9688,256.0313,AK47,94,90,0,0,0,False,True,False,17.92969,359.2969
cajunb,Terrorist,1479.202,-367.9688,256.0313,AK47,94,90,0,0,0,False,True,False,17.92969,358.9453
cajunb,Terrorist,1479.202,-367.9688,256.0313,AK47,94,90,0,0,0,False,True,False,17.57813,358.5938
cajunb,Terrorist,1479.202,-367.9688,256.0313,AK47,94,90,0,0,0,False,True,False,17.57813,358.5938
cajunb,Terrorist,1479.202,-367.9688,256.0313,AK47,94,90,0,0,0,False,True,False,17.57813,358.5938
cajunb,Terrorist,1479.202,-367.9688,256.0313,AK47,94,90,0,0,0,False,True,False,17.57813,358.5938
cajunb,Terrorist,1479.202,-367.9688,256.0313,AK47,94,90,0,0,0,False,True,False,17.57813,358.5938
cajunb,Terrorist,1479.945,-367.7647,256.0313,AK47,94,90,21.48768,2.633876,0,False,True,False,17.57813,358.5938
cajunb,Terrorist,1481.927,-367.9891,256.0313,AK47,94,90,39.7059,0,0,False,True,False,17.92969,358.5938
cajunb,Terrorist,1485.041,-367.9891,256.0313,AK47,94,90,57.68689,0,0,False,True,False,17.92969,358.5938
cajunb,Terrorist,1489.281,-367.9891,256.0313,AK47,94,90,75.77193,0,0,False,True,False,18.28125,358.5938
cajunb,Terrorist,1494.597,-367.9891,256.0313,AK47,94,90,91.60615,0,0,False,True,False,18.98438,358.5938
cajunb,Terrorist,1500.76,-367.946,256.0313,AK47,94,90,103.8814,3.654885,0,False,True,False,18.98438,358.5938
cajunb,Terrorist,1506.142,-367.6031,256.0313,AK47,94,90,88.20567,5.820933,0,False,True,False,19.33594,358.5938
cajunb,Terrorist,1511.277,-367.2643,256.0313,AK47,94,90,61.63626,4.067545,0,False,True,False,19.33594,358.9453
cajunb,Terrorist,1514.034,-367.0823,256.0313,AK47,94,90,41.99149,2.771133,0,False,True,False,19.33594,358.9453
cajunb,Terrorist,1516.042,-366.9379,256.0313,AK47,94,90,22.10034,2.988271,0,False,True,False,19.33594,358.9453
cajunb,Terrorist,1518.159,-366.3831,256.0313,AK47,94,90,43.15076,12.93301,0,False,True,False,19.33594,358.9453
cajunb,Terrorist,1521.61,-365.281,256.0313,AK47,94,90,64.63729,21.2019,0,False,True,False,19.33594,358.9453
cajunb,Terrorist,1525.778,-363.897,256.0313,AK47,94,90,59.32755,19.73517,0,False,True,False,19.33594,358.5938
cajunb,Terrorist,1528.735,-362.9132,256.0313,AK47,94,90,37.97778,12.63322,0,False,True,False,19.33594,358.5938
cajunb,Terrorist,1530.358,-362.3733,256.0313,AK47,94,90,16.62802,5.531274,0,False,True,False,19.33594,358.5938
cajunb,Terrorist,1530.695,-362.2613,256.0313,AK47,94,90,0,0,0,False,True,False,19.33594,358.5938
cajunb,Terrorist,1531.835,-361.861,256.0313,AK47,94,90,27.06794,9.502581,0,False,True,False,19.33594,358.5938
cajunb,Terrorist,1534.29,-360.9993,256.0313,AK47,94,90,48.76948,17.12121,0,False,True,False,19.33594,358.5938
cajunb,Terrorist,1538.101,-359.6613,256.0313,AK47,94,90,70.47102,24.73983,0,False,True,False,19.33594,358.5938
cajunb,Terrorist,1543.207,-357.8687,256.0313,AK47,94,90,89.59733,31.45439,0,False,True,False,19.33594,358.5938
cajunb,Terrorist,1548.727,-355.932,256.0313,AK47,94,90,78.80486,27.64897,0,False,True,False,19.33594,358.5938
cajunb,Terrorist,1552.873,-354.4775,256.0313,AK47,94,90,56.99815,19.99801,0,False,True,False,19.33594,358.5938
cajunb,Terrorist,1555.689,-353.4895,256.0313,AK47,94,90,35.767,12.54898,0,False,True,False,18.98438,358.5938
cajunb,Terrorist,1558.059,-352.6621,256.0313,AK47,94,90,46.7863,16.25417,0,False,True,False,18.98438,358.5938
cajunb,Terrorist,1561.749,-351.3842,256.0313,AK47,94,90,68.54451,23.70965,0,False,True,False,18.98438,358.5938
cajunb,Terrorist,1566.752,-349.6557,256.0313,AK47,94,90,88.20158,30.44015,0,False,True,False,18.98438,358.5938
cajunb,Terrorist,1572.799,-347.5713,256.0313,AK47,94,90,102.7559,35.3951,0,False,True,False,18.98438,358.5938
cajunb,Terrorist,1578.783,-345.5105,256.0313,AK47,94,90,84.04543,28.94059,0,False,True,False,18.98438,358.5938
cajunb,Terrorist,1582.737,-344.149,256.0313,AK47,94,90,64.10678,22.07483,0,False,True,False,18.98438,358.5938
cajunb,Terrorist,1586.31,-342.9188,256.0313,AK47,94,90,40.17347,13.83352,0,False,True,False,18.63281,358.5938
cajunb,Terrorist,1588.704,-342.0972,256.0313,AK47,94,90,45.82269,15.66355,0,False,True,False,18.63281,358.5938
cajunb,Terrorist,1592.334,-340.8596,256.0313,AK47,94,90,67.61295,23.02473,0,False,True,False,18.63281,358.5938
cajunb,Terrorist,1597.287,-339.1744,256.0313,AK47,94,90,87.51904,29.76277,0,False,True,False,18.63281,358.5938
cajunb,Terrorist,1602.5,-337.4022,256.0313,AK47,94,90,100.688,34.22055,0,False,True,False,18.63281,358.5938
cajunb,Terrorist,1609.262,-335.1049,256.0313,AK47,94,90,83.75472,28.44967,0,False,True,False,18.63281,358.5938
cajunb,Terrorist,1613.681,-333.6042,256.0313,AK47,94,90,61.19598,20.78695,0,False,True,False,18.63281,358.5938
cajunb,Terrorist,1616.798,-332.5453,256.0313,AK47,94,90,45.28761,15.34746,0,False,True,False,18.28125,358.5938
cajunb,Terrorist,1620.398,-331.336,256.0313,AK47,94,90,67.15923,22.46502,0,False,True,False,18.28125,358.5938
cajunb,Terrorist,1624.475,-329.9749,256.0313,AK47,94,90,56.56613,18.87793,0,False,True,False,17.92969,358.9453
cajunb,Terrorist,1627.26,-329.0455,256.0313,AK47,94,90,35.22331,11.75515,0,False,True,False,17.57813,358.9453
cajunb,Terrorist,1628.711,-328.5612,256.0313,AK47,94,90,13.88049,4.632364,0,False,True,False,17.57813,358.9453
cajunb,Terrorist,1628.937,-328.486,256.0313,AK47,94,90,0,0,0,False,True,False,17.22656,358.9453
cajunb,Terrorist,1630.09,-328.1253,256.0313,AK47,94,90,27.3801,8.561691,0,False,True,False,17.22656,358.9453
cajunb,Terrorist,1632.57,-327.3828,256.0313,AK47,94,90,48.94225,11.09042,0,False,True,False,17.22656,358.9453
cajunb,Terrorist,1636.262,-327.4968,256.0313,AK47,94,90,66.91537,-10.56217,0,False,True,False,17.57813,359.2969
cajunb,Terrorist,1641.075,-328.722,256.0313,AK47,94,90,84.4491,-25.91808,0,False,True,False,18.28125,359.6484
cajunb,Terrorist,1646.854,-330.7371,256.0313,AK47,94,90,98.15961,-36.50708,0,False,True,False,20.03906,0.3515625
cajunb,Terrorist,1653.288,-333.2243,256.0313,AK47,94,90,104.0672,-40.85642,0,False,True,False,22.5,0.703125
cajunb,Terrorist,1659.792,-335.7767,256.0313,AK47,94,90,104.1615,-40.61543,0,False,True,False,25.3125,1.054688
cajunb,Terrorist,1665.501,-337.9653,256.0313,AK47,94,90,104.6001,-39.47231,0,False,True,False,27.07031,1.40625
cajunb,Terrorist,1672.887,-340.6555,256.0313,AK47,94,90,105.447,-37.15077,0,False,True,False,29.53125,1.40625
cajunb,Terrorist,1679.51,-342.8824,256.0313,AK47,94,90,106.353,-34.47129,0,False,True,False,30.9375,1.054688
cajunb,Terrorist,1686.181,-344.9619,256.0313,AK47,94,90,106.99,-32.44024,0,False,True,False,30.9375,1.054688
cajunb,Terrorist,1692.884,-346.9358,256.0313,AK47,94,90,107.4208,-30.98392,0,False,True,False,30.9375,1.054688
cajunb,Terrorist,1698.768,-348.5959,256.0313,AK47,94,90,107.7395,-29.85692,0,False,True,False,31.64063,1.054688
cajunb,Terrorist,1706.362,-350.6272,256.0313,AK47,94,90,108.2165,-28.0788,0,False,True,False,33.04688,1.054688
cajunb,Terrorist,1713.139,-352.3266,256.0313,AK47,94,90,108.6138,-26.50064,0,False,True,False,33.75,1.054688
cajunb,Terrorist,1719.942,-353.9248,256.0313,AK47,94,90,109.0104,-24.8186,0,False,True,False,35.15625,1.40625
cajunb,Terrorist,1726.769,-355.4109,256.0313,AK47,94,90,109.4209,-22.94149,0,False,True,False,36.21094,1.757813
cajunb,Terrorist,1733.621,-356.7787,256.0313,AK47,94,90,109.7947,-21.07987,0,False,True,False,37.26563,1.757813
cajunb,Terrorist,1740.496,-358.0288,256.0313,AK47,94,90,110.1521,-19.12445,0,False,True,False,38.32031,2.109375
cajunb,Terrorist,1747.417,-358.701,256.0313,AK47,94,90,111.4577,1.651992,0,False,True,False,39.72656,2.109375
cajunb,Terrorist,1753.962,-357.452,256.0313,AK47,94,90,94.18409,36.12568,0,False,True,False,39.72656,1.757813
cajunb,Terrorist,1759.069,-354.0822,256.0313,AK47,94,90,72.94424,66.40422,0,False,True,False,39.72656,1.757813
cajunb,Terrorist,1763.483,-349.3381,256.0313,AK47,94,90,75.18578,79.34663,0,False,True,False,40.07813,1.757813
cajunb,Terrorist,1768.39,-344.3742,256.0313,AK47,94,90,79.63207,78.47275,0,False,True,False,40.07813,1.757813
cajunb,Terrorist,1773.428,-339.5323,256.0313,AK47,94,90,81.25306,76.7931,0,False,True,False,40.42969,1.757813
cajunb,Terrorist,1777.26,-335.9571,256.0313,AK47,94,90,82.05206,75.93878,0,False,True,False,40.42969,2.460938
cajunb,Terrorist,1783.708,-330.0663,256.0313,AK47,94,90,82.88114,75.03303,0,False,True,False,40.78125,3.515625
cajunb,Terrorist,1788.255,-325.9787,256.0313,AK47,94,90,83.33447,74.52922,0,False,True,False,40.42969,3.867188
cajunb,Terrorist,1794.133,-320.7596,256.0313,AK47,94,90,83.79297,74.01335,0,False,True,False,40.42969,3.867188
cajunb,Terrorist,1799.381,-316.1459,256.0313,AK47,94,90,84.08459,73.68188,0,False,True,False,40.42969,3.867188
cajunb,Terrorist,1804.644,-311.5497,256.0313,AK47,94,90,84.29823,73.43737,0,False,True,False,40.42969,3.867188
cajunb,Terrorist,1809.918,-306.9665,256.0313,AK47,94,90,84.45501,73.25701,0,False,True,False,40.42969,3.867188
cajunb,Terrorist,1815.204,-302.3963,256.0313,AK47,94,90,84.70011,72.9735,0,False,True,False,39.72656,4.21875
cajunb,Terrorist,1821.145,-297.356,256.0313,AK47,94,90,107.66,89.91199,0,False,True,False,37.61719,5.625
cajunb,Terrorist,1828.783,-291.1637,256.0313,AK47,94,90,132.5699,105.3209,0,False,True,False,35.85938,6.328125
cajunb,Terrorist,1837.749,-284.1745,256.0313,AK47,94,90,151.1214,116.3939,0,False,True,False,35.85938,6.328125
cajunb,Terrorist,1844.852,-278.3674,256.0313,AK47,94,90,144.0221,133.6125,0,False,True,False,35.85938,6.328125
cajunb,Terrorist,1853.724,-266.4921,256.0313,AK47,94,90,75.87932,160.9631,0,False,True,False,38.32031,4.921875
cajunb,Terrorist,1856.305,-256.0293,256.0313,AK47,94,90,18.43637,172.9079,0,False,True,False,29.88281,5.976563
cajunb,Terrorist,1856.307,-244.6766,256.0313,AK47,94,90,-10.43857,188.7424,0,False,True,False,15.46875,7.382813
cajunb,Terrorist,1855.265,-232.3307,256.0313,AK47,94,90,-20.23412,203.8768,0,False,True,False,9.84375,7.734375
cajunb,Terrorist,1853.781,-219.1889,256.0313,AK47,94,90,-25.98268,213.4242,0,False,True,False,9.84375,7.734375
cajunb,Terrorist,1852.8,-206.0074,256.0313,AK47,94,90,7.936023,200.3982,0,False,True,False,9.140625,8.085938
cajunb,Terrorist,1855.444,-195.8137,256.0313,AK47,94,90,62.65657,124.6176,0,False,True,False,3.867188,8.789063
cajunb,Terrorist,1860.561,-190.8497,256.0313,AK47,94,90,95.35823,47.68366,0,False,True,False,3.164063,11.60156
cajunb,Terrorist,1867.891,-188.5677,256.0313,AK47,94,90,134.3899,33.63052,0,False,True,False,3.164063,14.76563
cajunb,Terrorist,1877.413,-186.6673,256.0313,AK47,94,90,164.9858,28.02158,0,False,True,False,2.460938,16.52344
cajunb,Terrorist,1887.088,-185.2731,256.0313,AK47,94,90,185.0949,23.69892,0,False,True,False,2.109375,16.875
cajunb,Terrorist,1899.437,-183.8356,256.0313,AK47,94,90,152.8121,17.55789,0,False,True,False,1.757813,16.875
cajunb,Terrorist,1907.509,-182.9081,256.0313,AK47,94,90,112.5547,12.93237,0,False,True,False,1.054688,16.875
cajunb,Terrorist,1913.237,-182.2283,256.0313,AK47,94,90,64.44518,9.246907,0,False,True,False,0.703125,16.52344
cajunb,Terrorist,1914.22,-181.8265,256.0313,AK47,94,90,-2.134804,10.25264,0,False,True,False,0.703125,15.82031
cajunb,Terrorist,1914.134,-179.3264,256.0313,AK47,94,90,-1.291036,63.08583,0,False,True,False,0.3515625,15.82031
cajunb,Terrorist,1914.071,-176.0313,256.0313,AK47,94,90,-0.06713919,0,0,False,True,False,0.3515625,15.82031
cajunb,Terrorist,1914.071,-176.0313,256.0313,AK47,94,90,0,0,0,False,True,False,359.6484,15.82031
cajunb,Terrorist,1914.071,-176.0313,256.0313,AK47,94,90,0,0,0,False,True,False,358.9453,15.82031
cajunb,Terrorist,1914.071,-176.0313,256.0313,AK47,94,90,0,0,0,False,True,False,358.9453,15.82031
cajunb,Terrorist,1914.954,-176.0495,256.0313,AK47,94,90,35.77365,-0.7378069,0,False,True,False,358.9453,15.46875
cajunb,Terrorist,1918.352,-176.1195,256.0313,AK47,94,90,81.9072,-1.68928,0,False,True,False,358.9453,15.46875
cajunb,Terrorist,1925.104,-176.2543,256.0313,AK47,94,90,126.3983,-2.471518,0,False,True,False,358.9453,15.46875
cajunb,Terrorist,1935.44,-176.5634,256.0313,AK47,94,90,158.7838,-13.48779,0,False,True,False,359.2969,15.46875
cajunb,Terrorist,1945.533,-179.0027,256.0313,AK47,94,90,163.429,-56.90908,0,False,True,False,359.6484,15.46875
cajunb,Terrorist,1955.143,-184.0334,256.0313,AK47,94,90,136.4765,-101.4442,0,False,True,False,0.703125,15.82031
cajunb,Terrorist,1962.388,-191.7451,256.0313,AK47,94,90,101.4228,-131.3863,0,False,True,False,1.054688,16.17188
cajunb,Terrorist,1965.955,-198.422,256.0313,AK47,94,90,23.34872,-78.7251,0,False,True,False,1.40625,16.17188
cajunb,Terrorist,1965.468,-200.7519,256.0313,AK47,94,90,-27.714,-6.578102,0,False,True,False,1.757813,16.17188
cajunb,Terrorist,1962.566,-199.4653,256.0313,AK47,94,90,-61.51358,39.09531,0,False,True,False,1.757813,16.17188
cajunb,Terrorist,1957.606,-195.715,256.0313,AK47,94,90,-86.73374,77.05511,0,False,True,False,1.40625,16.17188
cajunb,Terrorist,1952.966,-189.4364,256.0313,AK47,94,90,-65.13148,104.3598,0,False,True,False,1.40625,16.17188
cajunb,Terrorist,1949.595,-186.3607,256.0313,AK47,94,90,-45.13039,10.01221,0,False,True,False,1.054688,16.17188
cajunb,Terrorist,1947.541,-188.1058,256.0313,AK47,94,90,-25.41163,-45.90983,0,False,True,False,2.109375,15.82031
cajunb,Terrorist,1946.419,-187.9934,256.0313,AK47,94,90,-11.88821,31.34548,0,False,True,False,1.757813,15.46875
cajunb,Terrorist,1945.792,-184.3754,256.0313,AK47,94,90,-8.989487,65.80884,0,False,True,False,1.757813,15.46875
cajunb,Terrorist,1945.507,-183.5377,256.0313,AK47,94,90,0.02527088,-19.73513,0,False,True,False,4.570313,15.46875
cajunb,Terrorist,1947.328,-185.5493,256.0313,AK47,94,90,53.16056,-36.59811,0,False,True,False,32.69531,15.46875
cajunb,Terrorist,1952.506,-187.3849,256.0313,AK47,94,90,103.2569,-18.00064,0,False,True,False,66.79688,13.00781
cajunb,Terrorist,1960.27,-188.6461,256.0313,AK47,94,90,139.3663,-26.02921,0,False,True,False,74.88281,11.95313
cajunb,Terrorist,1969.904,-190.6308,256.0313,AK47,94,90,157.3897,-33.85706,0,False,True,False,74.88281,11.95313
cajunb,Terrorist,1976.374,-191.9187,256.0313,AK47,94,90,58.99377,-9.471132,0,False,True,False,75.23438,11.95313
cajunb,Terrorist,1976.908,-191.9363,256.0313,AK47,94,90,-22.2626,3.85172,0,False,True,False,80.50781,12.65625
cajunb,Terrorist,1974.272,-191.4708,256.0313,AK47,94,90,-67.52257,12.79703,0,False,True,False,75.9375,14.0625
cajunb,Terrorist,1967.671,-189.4439,256.0313,AK47,94,90,-110.4789,44.37787,0,False,True,False,39.72656,15.82031
cajunb,Terrorist,1959.743,-186.6584,256.0313,AK47,94,90,-124.6796,33.06681,0,False,True,False,11.25,15.82031
cajunb,Terrorist,1953.461,-187.3186,256.0313,AK47,94,90,-83.80933,-41.22874,0,False,True,False,7.03125,15.82031
cajunb,Terrorist,1950.496,-191.2834,256.0313,AK47,94,90,-16.1578,-75.33626,0,False,True,False,7.03125,15.82031
cajunb,Terrorist,1951.469,-193.9688,256.0313,AK47,94,90,34.88879,0,0,False,True,False,7.03125,15.82031
cajunb,Terrorist,1954.391,-193.9688,256.0313,AK47,94,90,67.2869,0,0,False,True,False,6.328125,16.17188
cajunb,Terrorist,1960.575,-195.9131,256.0313,AK47,94,90,102.558,-47.81685,0,False,True,False,3.515625,16.52344
cajunb,Terrorist,1967.81,-200.0463,256.0313,AK47,94,90,125.0319,-79.00484,0,False,True,False,3.164063,16.875
cajunb,Terrorist,1975.915,-205.9892,256.0313,AK47,94,90,122.1639,-111.4658,0,False,True,False,2.460938,17.22656
cajunb,Terrorist,1982.476,-214.3017,256.0313,AK47,94,90,92.95214,-148.1144,0,False,True,False,2.8125,17.92969
cajunb,Terrorist,1988.161,-224.2664,256.0313,AK47,94,90,100.3394,-162.0647,0,False,True,False,3.515625,18.28125
cajunb,Terrorist,1995.542,-233.6656,256.0313,AK47,94,90,134.2843,-131.1321,0,False,True,False,4.21875,18.28125
cajunb,Terrorist,2005.055,-239.9688,256.0313,AK47,94,90,164.7792,0,0,False,True,False,4.570313,18.63281
cajunb,Terrorist,2016.177,-239.7678,256.0313,AK47,94,90,187.216,5.550537,0,False,True,False,4.921875,18.63281
cajunb,Terrorist,2028.484,-239.2578,256.0313,AK47,94,90,203.697,10.14345,0,False,True,False,5.625,19.33594
cajunb,Terrorist,2041.23,-238.5152,256.0313,AK47,94,90,188.7292,11.52453,0,False,True,False,5.976563,21.44531
cajunb,Terrorist,2050.984,-237.9285,256.0313,AK47,94,90,120.646,6.607561,0,False,True,False,5.976563,24.25781
cajunb,Terrorist,2055.109,-237.8141,256.0313,AK47,94,90,38.22919,-0.2101805,0,False,True,False,6.328125,25.3125
cajunb,Terrorist,2056.707,-237.8228,256.0313,AK47,94,90,15.72953,-0.08647948,0,False,True,False,6.328125,25.3125
cajunb,Terrorist,2056.991,-237.8244,256.0313,AK47,94,90,0,0,0,False,True,False,6.679688,26.36719
cajunb,Terrorist,2056.991,-237.8244,256.0313,AK47,94,90,0,0,0,False,True,False,5.976563,28.125
cajunb,Terrorist,2056.991,-237.8244,256.0313,AK47,94,90,0,0,0,False,True,False,5.976563,28.125
cajunb,Terrorist,2056.991,-237.8244,256.0313,AK47,94,90,0,0,0,False,True,False,5.976563,28.47656
cajunb,Terrorist,2056.991,-237.8244,256.0313,AK47,94,90,0,0,0,False,True,False,5.976563,29.17969
cajunb,Terrorist,2056.991,-237.8244,256.0313,AK47,94,90,0,0,0,False,True,False,5.976563,29.53125
cajunb,Terrorist,2056.638,-236.7273,256.0313,AK47,94,90,-19.79083,34.212,0,False,True,False,5.976563,32.34375
cajunb,Terrorist,2053.826,-233.5504,256.0313,AK47,94,90,-63.6577,64.06105,0,False,True,False,5.625,32.34375
cajunb,Terrorist,2049.348,-229.3297,256.0313,AK47,94,90,-94.39703,86.17411,0,False,True,False,5.976563,31.99219
cajunb,Terrorist,2041.507,-222.4174,256.0313,AK47,94,90,-123.9796,106.6327,0,False,True,False,7.734375,30.9375
cajunb,Terrorist,2033.018,-215.3257,256.0313,AK47,94,90,-144.0388,118.3786,0,False,True,False,7.382813,26.71875
cajunb,Terrorist,2023.51,-207.5623,256.0313,AK47,94,90,-157.5551,128.6375,0,False,True,False,5.273438,23.55469
cajunb,Terrorist,2013.171,-200.3462,256.0313,AK47,94,90,-168.775,85.7019,0,False,True,False,3.515625,20.39063
cajunb,Terrorist,2002.967,-197.7478,256.0313,AK47,94,90,-148.1322,6.775407,0,False,True,False,3.867188,17.57813
cajunb,Terrorist,1995.316,-199.8103,256.0313,AK47,94,90,-104.2639,-60.91195,0,False,True,False,4.570313,16.52344
cajunb,Terrorist,1990.004,-205.4466,256.0313,AK47,94,90,-71.4228,-110.7267,0,False,True,False,4.921875,15.82031
cajunb,Terrorist,1986.441,-213.7134,256.0313,AK47,94,90,-46.86437,-147.3869,0,False,True,False,4.921875,15.82031
cajunb,Terrorist,1984.178,-223.9165,256.0313,AK47,94,90,-28.71192,-174.3836,0,False,True,False,4.921875,15.82031
cajunb,Terrorist,1983.441,-234.9852,256.0313,AK47,94,90,77.37923,-107.862,0,False,True,False,5.273438,15.82031
cajunb,Terrorist,1987.295,-238.2624,256.0313,AK47,94,90,50.00395,-13.24219,0,False,True,False,5.273438,16.17188
cajunb,Terrorist,1989.46,-236.609,256.0313,AK47,94,90,24.67227,52.96254,0,False,True,False,4.921875,16.875
cajunb,Terrorist,1990.204,-231.6926,256.0313,AK47,94,90,-9.805697,85.27044,0,False,True,False,4.21875,18.28125
cajunb,Terrorist,1987.949,-228.703,256.0313,AK47,94,90,-51.25915,16.26649,0,False,True,False,3.515625,19.33594
cajunb,Terrorist,1984.548,-229.9233,256.0313,AK47,94,90,-46.22293,-47.73425,0,False,True,False,3.515625,19.6875
cajunb,Terrorist,1982.684,-233.9303,256.0313,AK47,94,90,34.29856,-47.81012,0,False,True,False,3.515625,20.03906
cajunb,Terrorist,1986.127,-238.73,256.0313,AK47,94,90,59.89861,-83.49504,0,False,True,False,3.867188,19.6875
cajunb,Terrorist,1989.799,-239.9688,256.0313,AK47,94,90,51.86687,0,0,False,True,False,4.21875,19.6875
cajunb,Terrorist,1992.39,-239.9688,256.0313,AK47,94,90,32.13162,0,0,False,True,False,3.867188,20.03906
cajunb,Terrorist,1993.607,-239.9688,256.0313,AK47,94,90,9.631618,0,0,False,True,False,5.273438,20.74219
cajunb,Terrorist,1993.701,-239.9688,256.0313,AK47,94,90,0,0,0,False,True,False,5.273438,22.14844
cajunb,Terrorist,1993.701,-239.9688,256.0313,AK47,94,90,0,0,0,False,True,False,4.21875,22.85156
cajunb,Terrorist,1993.701,-239.9688,256.0313,AK47,94,90,0,0,0,False,True,False,5.625,24.60938
cajunb,Terrorist,1993.701,-239.9688,256.0313,AK47,94,90,0,0,0,False,True,False,5.976563,26.01563
cajunb,Terrorist,1993.639,-239.3689,256.0313,AK47,94,90,-2.943267,29.03865,0,False,True,False,5.625,27.07031
cajunb,Terrorist,1994.872,-236.1996,256.0313,AK47,94,90,37.45495,66.66643,0,False,True,False,4.21875,27.07031
cajunb,Terrorist,1998.435,-230.8402,256.0313,AK47,94,90,70.68803,99.19323,0,False,True,False,4.570313,26.01563
cajunb,Terrorist,2004.11,-224.4685,256.0313,AK47,94,90,110.1451,93.69223,0,False,True,False,4.921875,24.96094
cajunb,Terrorist,2012.346,-219.2997,256.0313,AK47,94,90,146.9305,75.06283,0,False,True,False,5.273438,24.25781
cajunb,Terrorist,2022.523,-215.1083,256.0313,AK47,94,90,174.017,61.4306,0,False,True,False,5.273438,24.25781
cajunb,Terrorist,2033.644,-213.3,256.0313,AK47,94,90,179.4234,4.095415,0,False,True,False,3.867188,23.90625
cajunb,Terrorist,2044.656,-214.8243,256.0313,AK47,94,90,163.3339,-49.65763,0,False,True,False,3.867188,23.90625
cajunb,Terrorist,2053.45,-219.8685,256.0313,AK47,94,90,124.7996,-102.503,0,False,True,False,3.867188,24.25781
cajunb,Terrorist,2060.218,-227.7035,256.0313,AK47,94,90,96.82482,-141.3972,0,False,True,False,4.570313,24.60938
cajunb,Terrorist,2064.281,-237.2324,256.0313,AK47,94,90,36.48829,-157.9576,0,False,True,False,5.976563,25.3125
cajunb,Terrorist,2064.694,-247.4723,256.0313,AK47,94,90,-14.1332,-168.1579,0,False,True,False,7.382813,25.3125
cajunb,Terrorist,2064.029,-258.6559,256.0313,AK47,94,90,1.479325,-187.8075,0,False,True,False,9.140625,24.96094
cajunb,Terrorist,2064.513,-270.9694,256.0313,AK47,94,90,12.40707,-203.433,0,False,True,False,10.54688,24.60938
cajunb,Terrorist,2065.628,-284.0923,256.0313,AK47,94,90,21.85043,-213.8868,0,False,True,False,11.95313,24.25781
cajunb,Terrorist,2067.264,-297.4292,256.0313,AK47,94,90,29.39297,-212.9813,0,False,True,False,13.35938,23.90625
cajunb,Terrorist,2069.355,-310.7023,256.0313,AK47,94,90,36.64978,-211.8532,0,False,True,False,15.46875,23.20313
cajunb,Terrorist,2070.994,-320.8878,256.0313,AK47,94,90,14.56855,-114.2153,0,False,True,False,16.875,22.85156
cajunb,Terrorist,2071.119,-324.4058,256.0313,AK47,94,90,-6.09609,-28.6516,0,False,True,False,17.22656,22.85156
cajunb,Terrorist,2070.34,-323.4551,256.0313,AK47,94,90,-9.301037,18.37733,0,False,True,False,17.22656,22.85156
cajunb,Terrorist,2070.58,-324.6117,256.0313,AK47,94,90,8.455173,-33.42645,0,False,True,False,14.41406,24.60938
cajunb,Terrorist,2070.891,-325.8432,256.0313,AK47,94,90,3.627305,-14.34009,0,False,True,False,13.35938,24.25781
cajunb,Terrorist,2070.808,-325.4923,256.0313,AK47,94,90,-6.876058,28.36598,0,False,True,False,13.35938,25.66406
cajunb,Terrorist,2070.135,-322.5296,256.0313,AK47,94,90,-16.04121,73.60356,0,False,True,False,11.25,26.71875
cajunb,Terrorist,2069.135,-317.8545,256.0313,AK47,94,90,-12.43004,57.62792,0,True,True,False,11.25,27.42188
cajunb,Terrorist,2068.715,-315.9643,256.0313,AK47,94,90,-1.749745,7.411001,0,True,True,False,11.60156,27.77344
cajunb,Terrorist,2068.702,-315.9126,256.0313,AK47,94,90,0,0,0,False,True,False,11.25,28.47656
cajunb,Terrorist,2068.702,-315.9126,256.0313,AK47,94,90,0,0,0,False,True,False,11.25,28.82813
cajunb,Terrorist,2068.637,-315.6398,256.0313,AK47,94,90,-1.932641,8.020176,0,True,True,False,13.35938,29.53125
cajunb,Terrorist,2068.46,-314.89,256.0313,AK47,94,90,-3.562073,15.08484,0,True,True,False,13.35938,29.53125
cajunb,Terrorist,2068.176,-313.7013,256.0313,AK47,94,90,-6.26543,21.77408,0,True,True,False,24.60938,22.85156
cajunb,Terrorist,2067.833,-311.8471,256.0313,AK47,94,90,-12.63181,43.92711,0,False,True,False,73.47656,14.41406
cajunb,Terrorist,2065.661,-307.8108,256.0313,AK47,94,90,-52.35237,79.16978,0,False,True,False,89.29688,10.19531
cajunb,Terrorist,2064.037,-301.2022,256.0313,AK47,94,90,0.3298424,124.3886,0,False,True,False,89.29688,10.19531
cajunb,Terrorist,2064.115,-292.2059,256.0313,AK47,94,90,2.735186,157.6341,0,False,True,False,85.78125,10.19531
cajunb,Terrorist,2064.441,-281.459,256.0313,AK47,94,90,6.57738,182.0243,0,False,True,False,87.1875,7.382813
cajunb,Terrorist,2064.884,-269.4187,256.0313,AK47,94,90,7.624544,200.0914,0,False,True,False,86.83594,7.03125
cajunb,Terrorist,2065.492,-256.4312,256.0313,AK47,94,90,11.89969,213.1483,0,False,True,False,83.32031,5.976563
cajunb,Terrorist,2065.475,-243.0736,256.0313,AK47,94,90,-18.36143,212.1855,0,False,True,False,82.26563,5.625
cajunb,Terrorist,2062.478,-230.8904,256.0313,AK47,94,90,-73.33106,174.8824,0,False,True,False,82.61719,5.625
cajunb,Terrorist,2057.145,-222.5175,256.0313,AK47,94,90,-112.3632,132.2713,0,False,True,False,86.83594,7.03125
cajunb,Terrorist,2048.219,-216.3746,256.0313,AK47,94,90,-142.3167,67.74911,0,False,True,False,90.70313,7.734375
cajunb,Terrorist,2038.274,-212.8255,256.0313,AK47,94,90,-170.9007,49.20884,0,False,True,False,90.35156,8.085938
cajunb,Terrorist,2026.82,-210.2334,256.0313,AK47,94,90,-191.9582,36.06017,0,False,True,False,90,8.085938
cajunb,Terrorist,2014.253,-208.3013,256.0313,AK47,94,90,-207.4574,27.62107,0,False,True,False,88.59375,8.4375
cajunb,Terrorist,2000.955,-206.9306,256.0313,AK47,94,90,-214.4557,15.28844,0,False,True,False,100.8984,8.085938
cajunb,Terrorist,1989.374,-206.0811,256.0313,AK47,94,90,-138.2904,23.65978,0,False,True,False,117.7734,10.19531
cajunb,Terrorist,1984.563,-204.0935,256.0313,AK47,94,90,-53.46685,45.04128,0,False,True,False,117.0703,10.54688
cajunb,Terrorist,1984.163,-200.2449,256.0313,AK47,94,90,27.73682,61.14631,0,False,True,False,116.7187,10.54688
cajunb,Terrorist,1987.72,-195.8302,256.0313,AK47,94,90,75.87813,80.06129,0,False,True,False,130.4297,13.71094
cajunb,Terrorist,1993.323,-189.7806,256.0313,AK47,94,90,96.96569,110.4541,0,False,True,False,147.3047,15.46875
cajunb,Terrorist,1999.681,-181.858,256.0313,AK47,94,90,104.8887,138.3314,0,False,True,False,149.7656,14.76563
cajunb,Terrorist,2006.45,-172.4578,256.0313,AK47,94,90,110.679,158.8937,0,False,True,False,149.7656,14.41406
cajunb,Terrorist,2013.495,-161.9538,256.0313,AK47,94,90,113.963,174.6018,0,False,True,False,151.1719,14.0625
cajunb,Terrorist,2020.144,-151.5872,256.0313,AK47,94,90,90.24929,140.0168,0,False,True,False,151.5234,14.0625
cajunb,Terrorist,2023.749,-147.0962,256.0313,AK47,94,90,33.9539,-8.31065,0,False,True,False,152.2266,14.0625
cajunb,Terrorist,2024.898,-147.7793,256.0313,AK47,94,90,9.915154,-5.89792,0,False,True,False,153.6328,13.35938
cajunb,Terrorist,2025.017,-147.8502,256.0313,AK47,94,90,0,0,0,False,True,False,158.5547,12.65625
cajunb,Terrorist,2025.017,-147.8502,256.0313,AK47,94,90,0,0,0,False,True,False,157.8516,11.60156
cajunb,Terrorist,2025.017,-147.8502,256.0313,AK47,94,90,0,0,0,False,True,False,157.8516,11.25
cajunb,Terrorist,2025.017,-147.8502,256.0313,AK47,94,90,0,0,0,False,True,False,157.8516,11.95313
cajunb,Terrorist,2025.017,-147.8502,256.0313,AK47,94,90,0,0,0,False,True,False,158.5547,13.00781
cajunb,Terrorist,2025.017,-147.8502,256.0313,AK47,94,90,0,0,0,False,True,False,158.9063,15.11719
cajunb,Terrorist,2025.017,-147.8502,256.0313,AK47,94,90,0,0,0,False,True,False,158.9063,15.46875
cajunb,Terrorist,2025.017,-147.8502,256.0313,AK47,94,90,0,0,0,False,True,False,158.9063,16.52344
cajunb,Terrorist,2025.017,-147.8502,256.0313,AK47,94,90,0,0,0,False,True,False,158.5547,17.92969
cajunb,Terrorist,2024.877,-148.198,256.0313,AK47,94,90,-8.501103,-20.93304,0,False,True,False,157.5,18.98438
cajunb,Terrorist,2023.538,-151.1754,256.0313,AK47,94,90,-32.59644,-67.83639,0,False,True,False,150.1172,20.39063
cajunb,Terrorist,2020.324,-156.7367,256.0313,Flash,94,90,-69.07469,-102.8918,0,False,True,False,130.7813,21.44531
cajunb,Terrorist,2015.214,-162.6962,256.0313,Flash,94,90,-111.9152,-109.8509,0,False,True,False,109.6875,19.33594
cajunb,Terrorist,2005.365,-169.9052,256.0313,Smoke,94,90,-160.5312,-95.78439,0,False,True,False,100.8984,17.57813
cajunb,Terrorist,1994.17,-175.492,256.0313,Smoke,94,90,-192.1611,-84.90116,0,False,True,False,100.8984,17.57813
cajunb,Terrorist,1982.989,-179.9077,256.0313,Smoke,94,90,-212.8376,-78.16361,0,False,True,False,102.3047,17.57813
cajunb,Terrorist,1967.203,-185.0291,256.0313,Smoke,94,90,-233.2344,-65.66698,0,False,True,False,90.70313,15.46875
cajunb,Terrorist,1952.258,-188.2576,256.0313,Smoke,94,90,-241.7481,-39.78532,0,False,True,False,81.21094,12.30469
cajunb,Terrorist,1942.206,-190.8611,256.0313,Smoke,94,90,-104.1379,-43.5974,0,False,True,False,78.04688,10.19531
cajunb,Terrorist,1939.432,-193.709,256.0313,Smoke,94,90,-1.895032,-45.62777,0,False,True,False,78.04688,9.492188
cajunb,Terrorist,1941.655,-193.9863,256.0313,Smoke,94,90,62.46735,0,0,False,True,False,78.39844,9.140625
cajunb,Terrorist,1947.456,-193.3285,256.0313,Smoke,94,90,112.0812,27.36126,0,False,True,False,78.39844,8.085938
cajunb,Terrorist,1955.721,-190.5429,256.0313,Smoke,94,90,148.4695,46.13375,0,False,True,False,79.10156,6.328125
cajunb,Terrorist,1966.287,-188.5896,256.0313,Smoke,94,90,183.5409,21.07146,0,False,True,False,80.50781,5.625
cajunb,Terrorist,1978.713,-187.9119,256.0313,Smoke,94,90,209.5807,3.864274,0,False,True,False,81.5625,4.921875
cajunb,Terrorist,1992.519,-188.1164,256.0313,Smoke,94,90,228.8436,-8.271894,0,False,True,False,81.5625,4.921875
cajunb,Terrorist,2007.342,-188.9699,256.0313,Smoke,94,90,242.9696,-17.61535,0,False,True,False,80.85938,3.867188
cajunb,Terrorist,2022.594,-190.3201,256.0313,Smoke,94,90,243.7894,-24.32586,0,False,True,False,80.15625,1.757813
cajunb,Terrorist,2037.81,-192.033,256.0313,Smoke,94,90,243.2016,-29.6304,0,False,True,False,79.80469,359.2969
cajunb,Terrorist,2050.175,-193.5103,256.0313,Smoke,94,90,148.6683,-16.27096,0,False,True,False,79.80469,358.2422
cajunb,Terrorist,2055.508,-194.9758,256.0313,Smoke,94,90,43.23862,-39.49372,0,False,True,False,79.80469,357.1875
cajunb,Terrorist,2056.894,-199.2029,256.0313,Smoke,94,90,15.68152,-77.42853,0,False,True,False,79.45313,356.1328
cajunb,Terrorist,2057.715,-203.2557,256.0313,Smoke,94,90,11.17779,-55.19107,0,False,True,False,79.10156,355.4297
cajunb,Terrorist,2057.888,-208.2032,256.0313,Smoke,94,90,-4.224638,-104.831,0,False,True,False,79.80469,354.7266
cajunb,Terrorist,2057.264,-215.9805,256.0313,Smoke,94,90,-10.92155,-120.8561,0,False,True,False,80.15625,353.6719
cajunb,Terrorist,2056.688,-222.3649,256.0313,Smoke,94,90,-8.044337,-89.01733,0,False,True,False,80.85938,354.0234
cajunb,Terrorist,2056.263,-227.062,256.0313,AK47,94,90,-5.885597,-65.12906,0,False,True,False,82.26563,356.8359
cajunb,Terrorist,2055.966,-230.3448,256.0313,AK47,94,90,-3.860564,-42.72038,0,False,True,False,82.96875,3.164063
cajunb,Terrorist,2057.157,-232.4502,256.0313,AK47,94,90,45.49311,-29.45041,0,False,True,False,84.02344,10.19531
cajunb,Terrorist,2061.782,-233.7516,256.0313,AK47,94,90,91.29522,-3.444196,0,False,True,False,84.72656,15.11719
cajunb,Terrorist,2068.486,-232.4007,256.0313,AK47,94,90,118.5716,39.08061,0,False,True,False,83.67188,17.22656
cajunb,Terrorist,2074.527,-228.3099,256.0313,AK47,94,90,64.27026,70.02334,0,False,True,False,84.72656,16.52344
cajunb,Terrorist,2075.44,-224.4369,256.0313,Flash,94,90,-22.35015,55.41142,0,False,True,False,85.42969,15.82031
cajunb,Terrorist,2071.539,-221.3547,256.0313,Flash,94,90,-90.9306,45.68274,0,False,True,False,85.42969,15.46875
cajunb,Terrorist,2063.978,-218.7298,256.0313,Flash,94,90,-142.0555,39.41372,0,False,True,False,85.42969,15.46875
cajunb,Terrorist,2053.717,-216.436,256.0313,Flash,94,90,-179.7118,34.79623,0,False,True,False,85.42969,15.82031
cajunb,Terrorist,2041.713,-214.4135,256.0313,Flash,94,90,-186.49,29.57079,0,False,True,False,85.78125,15.11719
cajunb,Terrorist,2031.862,-212.8514,256.0313,Flash,94,90,-137.3603,21.78054,0,False,True,False,86.83594,15.11719
cajunb,Terrorist,2024.853,-211.7179,256.0313,Flash,94,90,-80.18835,14.58875,0,False,True,False,86.13281,15.46875
cajunb,Terrorist,2023.533,-211.3,256.0313,Flash,94,90,18.41125,-2.025913,0,False,True,False,80.15625,16.52344
cajunb,Terrorist,2026.799,-212.1215,256.0313,Flash,94,90,78.09339,-23.17544,0,False,True,False,69.60938,17.22656
cajunb,Terrorist,2032.552,-213.857,256.0313,Flash,94,90,124.3059,-35.70319,0,False,True,False,79.45313,17.57813
cajunb,Terrorist,2043.201,-216.2997,256.0313,Flash,94,90,170.9632,-32.39069,0,False,True,False,86.83594,15.82031
cajunb,Terrorist,2054.073,-220.0737,256.0313,Flash,94,90,175.9856,-80.10742,0,False,True,False,86.48438,14.41406
cajunb,Terrorist,2065.153,-226.389,256.0313,Flash,94,90,172.2156,-117.8013,0,False,True,False,87.1875,14.41406
cajunb,Terrorist,2074.121,-235.3741,256.0313,Flash,94,90,123.3222,-161.9857,0,False,True,False,87.1875,14.41406
cajunb,Terrorist,2080.511,-246.6935,256.0313,Flash,94,90,87.61381,-194.5432,0,False,True,False,87.89063,14.41406
cajunb,Terrorist,2085.759,-259.0661,280.1793,Flash,94,90,83.97601,-197.9607,255.1184,False,True,False,89.29688,15.82031
cajunb,Terrorist,2091.007,-271.4386,294.5616,Flash,94,90,83.97601,-197.9607,205.1184,False,True,False,89.64844,17.22656
cajunb,Terrorist,2095.599,-283.7995,305.8189,Flash,94,90,55.77085,-197.402,155.1184,False,True,False,88.59375,17.57813
cajunb,Terrorist,2098.119,-296.1099,313.9512,Flash,94,90,38.09706,-196.9022,105.1184,False,True,False,87.53906,17.57813
cajunb,Terrorist,2100.5,-308.4163,309.9586,Flash,94,90,38.09706,-196.9022,55.11838,False,True,False,86.48438,17.57813
cajunb,Terrorist,2102.583,-319.1844,311.7765,Flash,94,90,38.09706,-196.9022,11.36838,False,True,False,86.13281,17.57813
cajunb,Terrorist,2105.262,-333.0291,310.5982,Flash,94,90,38.09706,-196.9022,-44.88162,False,True,False,86.13281,17.92969
cajunb,Terrorist,2107.643,-345.3355,306.2305,Flash,94,90,38.09706,-196.9022,-94.88162,False,True,False,86.48438,17.92969
cajunb,Terrorist,2110.024,-357.6419,298.7379,Flash,94,90,38.09706,-196.9022,-144.8816,False,True,False,86.48438,17.92969
cajunb,Terrorist,2111.692,-369.9255,293.0313,Flash,94,90,2.276799,-195.76,0,False,True,False,86.48438,17.92969
cajunb,Terrorist,2109.739,-382.0971,293.0313,Flash,94,90,-54.80548,-193.9875,0,False,True,False,86.48438,17.92969
cajunb,Terrorist,2105.977,-391.6277,293.0313,Flash,68,84,-44.61714,-83.16338,0,False,True,False,86.48438,17.92969
cajunb,Terrorist,2101.354,-395.4336,293.0313,Flash,68,84,-89.47038,-43.48975,0,False,True,False,86.13281,17.92969
cajunb,Terrorist,2095.283,-397.4362,293.0313,Flash,68,84,-100.2655,-29.74422,0,False,True,False,109.3359,26.71875
cajunb,Terrorist,2089.134,-400.0544,292.8848,Flash,68,84,-96.16349,-50.05837,-15.625,False,True,False,162.4219,32.69531
cajunb,Terrorist,2083.124,-403.1831,290.3457,Flash,68,84,-96.16349,-50.05837,-65.625,False,True,False,185.625,28.82813
cajunb,Terrorist,2077.114,-406.3117,284.6816,Flash,68,84,-96.16349,-50.05837,-115.625,False,True,False,185.625,28.82813
cajunb,Terrorist,2071.104,-409.4404,275.8926,Flash,68,84,-96.16349,-50.05837,-165.625,False,True,False,183.8672,29.53125
cajunb,Terrorist,2065.1,-412.5916,263.9785,Flash,68,84,-95.4947,-52.94223,-215.625,False,True,False,193.0078,42.1875
cajunb,Terrorist,2064.031,-416.957,248.9395,Flash,68,84,0,-70.83751,-265.625,False,True,False,229.5703,59.76563
cajunb,Terrorist,2064.031,-421.3842,230.7754,Flash,68,84,0,-70.83751,-315.625,False,True,False,250.6641,64.33594
cajunb,Terrorist,2064.031,-425.2581,212.3184,Flash,68,84,0,-70.83751,-359.375,False,True,False,250.6641,64.33594
cajunb,Terrorist,2064.031,-430.2387,185.0723,AK47,68,84,0,-70.83751,-415.625,False,True,False,250.6641,64.33594
cajunb,Terrorist,2064.031,-434.666,157.5332,AK47,68,84,0,-70.83751,-465.625,False,True,False,245.7422,58.71093
cajunb,Terrorist,2064.031,-439.0932,126.8691,AK47,68,84,0,-70.83751,-515.625,False,True,False,264.375,45.35156
cajunb,Terrorist,2064.004,-443.2095,100.0313,AK47,68,84,-3.501852,-51.35204,0,False,True,False,288.9844,32.69531
cajunb,Terrorist,2064.004,-446.6981,100.0313,AK47,68,84,0,-59.43756,0,False,True,False,290.7422,31.99219
cajunb,Terrorist,2064.004,-450.7202,100.0313,AK47,68,84,0,-68.29929,0,False,True,False,290.7422,31.99219
cajunb,Terrorist,2064.266,-455.3163,100.0313,AK47,68,84,9.765401,-77.48023,0,False,True,False,288.2813,31.28906
cajunb,Terrorist,2065.681,-459.5865,100.7355,AK47,68,84,47.53769,-73.218,0,False,True,False,314.6484,27.77344
cajunb,Terrorist,2070.789,-463.7421,102.4522,AK47,68,84,81.75703,-57.85214,0,False,True,False,17.57813,17.22656
cajunb,Terrorist,2076.139,-467.7526,103.8054,AK47,68,84,86.65985,-71.88506,0,False,True,False,42.89063,11.25
cajunb,Terrorist,2081.458,-473.0116,105.4812,AK47,68,84,76.06993,-100.4726,0,False,True,False,42.89063,11.25
cajunb,Terrorist,2084.87,-480.2316,107.7223,AK47,68,84,30.16872,-123.3657,0,False,True,False,42.89063,11.25
cajunb,Terrorist,2084.804,-488.4134,110.1033,AK47,68,84,-14.96492,-135.7475,0,False,True,False,54.84375,10.89844
cajunb,Terrorist,2084.705,-495.9941,111.3648,AK47,68,84,8.939708,-140.2045,0,False,True,False,71.01563,7.382813
cajunb,Terrorist,2085.7,-504.3295,112.7518,AK47,68,84,3.792488,-99.3206,0,False,True,False,76.99219,4.570313
cajunb,Terrorist,2083.797,-508.6256,113.4461,AK47,68,84,-47.05452,-36.99269,0,False,True,False,76.28906,4.570313
cajunb,Terrorist,2082.164,-508.2087,113.4125,AK47,68,84,-10.8857,34.44467,0,False,True,False,76.28906,4.570313
cajunb,Terrorist,2082.204,-504.2656,112.7412,AK47,68,84,8.229374,85.1219,0,False,True,False,76.28906,4.570313
cajunb,Terrorist,2083.209,-497.4103,111.6004,AK47,68,84,21.48428,126.9522,0,False,True,False,76.64063,3.164063
cajunb,Terrorist,2084.887,-488.3389,110.0909,AK47,68,84,30.53708,157.9291,0,False,True,False,77.34375,1.40625
cajunb,Terrorist,2086.956,-477.9354,107.0096,AK47,68,84,33.97926,169.0218,0,False,True,False,78.39844,359.6484
cajunb,Terrorist,2089.117,-467.2185,103.7244,AK47,68,84,35.04139,173.377,0,False,True,False,78.39844,359.6484
cajunb,Terrorist,2091.342,-456.2289,100.0313,AK47,68,84,36.0177,177.7495,0,False,True,False,78.39844,359.6484
cajunb,Terrorist,2093.625,-444.9655,100.0313,AK47,68,84,36.93805,182.1332,0,False,True,False,78.39844,359.6484
cajunb,Terrorist,2095.961,-433.4536,99.73828,AK47,68,84,37.50078,184.8756,-21.875,False,True,False,79.80469,359.2969
cajunb,Terrorist,2098.304,-421.899,96.80859,Bomb,68,84,37.50078,184.8756,-71.875,False,True,False,86.48438,359.2969
cajunb,Terrorist,2100.648,-410.3443,90.75391,Bomb,68,84,37.50078,184.8756,-121.875,False,True,False,91.05469,358.5938
cajunb,Terrorist,2102.992,-398.7896,81.57422,Bomb,68,84,37.50078,184.8756,0,False,True,False,91.05469,358.5938
cajunb,Terrorist,2104.842,-386.8227,80.03125,Bomb,68,84,24.9215,201.1254,0,False,True,False,90,358.9453
cajunb,Terrorist,2106.015,-375.2219,80.03125,Bomb,68,84,18.9507,220.453,0,False,True,False,90.70313,358.9453
cajunb,Terrorist,2106.928,-360.8506,80.03125,Bomb,68,84,10.90046,234.07,0,False,True,False,93.16406,357.5391
cajunb,Terrorist,2107.322,-344.1515,80.03125,Bomb,68,84,1.613772,240.1776,0,False,True,False,94.5703,356.8359
cajunb,Terrorist,2107.183,-328.9581,80.03125,Bomb,68,84,-5.041203,245.3396,0,False,True,False,95.27343,355.7813
cajunb,Terrorist,2105.796,-313.8044,80.03125,Bomb,68,84,-46.40461,235.3313,0,False,True,False,97.38281,354.375
cajunb,Terrorist,2101.268,-299.5643,80.03125,Bomb,68,84,-81.2263,228.1516,0,False,True,False,98.08594,354.0234
cajunb,Terrorist,2096.569,-284.7886,80.03125,Bomb,68,84,-70.47101,239.8621,0,False,True,False,99.14063,354.375
cajunb,Terrorist,2092.479,-269.709,80.03125,Bomb,68,84,-62.20774,242.1367,0,False,True,False,99.84375,354.375
cajunb,Terrorist,2088.767,-254.5316,84.60341,Bomb,68,84,-58.20017,243.1311,286.3684,False,True,False,99.84375,354.375
cajunb,Terrorist,2085.13,-239.336,100.9389,Bomb,68,84,-58.20017,243.1311,236.3684,False,True,False,99.84375,355.0781
cajunb,Terrorist,2081.493,-224.1403,114.1494,Bomb,68,84,-58.20017,243.1311,186.3684,False,True,False,99.84375,356.8359
cajunb,Terrorist,2077.856,-208.9446,124.2348,Bomb,68,84,-58.20017,243.1311,136.3684,False,True,False,99.14063,358.5938
cajunb,Terrorist,2074.982,-193.6398,131.1953,Bomb,68,84,-30.05267,247.1086,86.36838,False,True,False,97.73438,359.2969
cajunb,Terrorist,2074.33,-178.0291,135.0309,Bomb,68,84,-1.986939,250.8976,36.36838,False,True,False,97.38281,358.9453
cajunb,Terrorist,2074.242,-162.3436,135.7415,Bomb,68,84,-1.417467,250.9694,-13.63162,False,True,False,96.32813,358.2422
cajunb,Terrorist,2074.14,-149.0313,133.327,Bomb,68,84,-3.276243,0,-63.63162,False,True,False,94.5703,357.5391
cajunb,Terrorist,2073.563,-149.0313,128.0313,Bomb,68,84,-7.025854,0,0,False,True,False,94.92187,356.8359
cajunb,Terrorist,2073.519,-149.0313,128.0313,Bomb,68,84,0,0,0,False,True,False,95.62501,356.4844
cajunb,Terrorist,2073.519,-149.0313,128.0313,Bomb,68,84,0,0,0,False,True,False,95.62501,356.4844
cajunb,Terrorist,2073.519,-149.0313,134.8163,Bomb,68,84,0,0,280.1184,False,True,False,95.97657,356.4844
cajunb,Terrorist,2073.519,-149.0313,152.5346,Bomb,68,84,0,0,223.8684,False,True,False,96.32813,356.4844
cajunb,Terrorist,2073.519,-149.0313,164.9639,Bomb,68,84,0,0,173.8684,False,True,False,97.73438,356.4844
cajunb,Terrorist,2073.519,-149.0313,173.9688,AK47,68,84,0,0,-3.125,False,True,False,98.78906,357.5391
cajunb,Terrorist,2073.519,-149.0313,172.6016,AK47,68,84,0,0,-46.875,False,True,False,98.78906,358.2422
cajunb,Terrorist,2073.519,-149.0313,168.1094,AK47,68,84,0,0,-96.875,False,True,False,98.4375,358.2422
cajunb,Terrorist,2073.519,-149.0313,160.4922,AK47,68,84,0,0,-146.875,False,True,False,98.4375,357.8906
cajunb,Terrorist,2073.519,-149.0313,148.1875,AK47,68,84,0,0,-203.125,False,True,False,98.08594,357.1875
cajunb,Terrorist,2073.519,-149.0313,133.9297,AK47,68,84,0,0,-253.125,False,True,False,98.08594,356.8359
cajunb,Terrorist,2073.519,-149.0313,128.0313,AK47,68,84,0,0,0,False,True,False,97.73438,356.8359
cajunb,Terrorist,2073.519,-149.0313,128.0313,AK47,68,84,0,0,0,False,True,False,97.73438,357.1875
cajunb,Terrorist,2073.519,-149.0313,128.0313,AK47,68,84,0,0,0,False,True,False,98.4375,358.2422
cajunb,Terrorist,2073.55,-149.2272,128.0313,AK47,68,84,2.567722,-15.79262,0,False,True,False,99.14063,358.5938
cajunb,Terrorist,2074.008,-152.0447,128.0313,AK47,68,84,11.03318,-67.8589,0,False,True,False,99.14063,358.5938
cajunb,Terrorist,2074.908,-157.576,127.543,AK47,68,84,15.14237,-93.13225,-28.125,False,True,False,99.14063,358.5938
cajunb,Terrorist,2075.855,-163.3968,124.2227,AK47,68,84,15.14237,-93.13225,-78.125,False,True,False,98.4375,359.2969
cajunb,Terrorist,2076.803,-169.2176,117.7773,AK47,68,84,15.14237,-93.13225,-128.125,False,True,False,98.4375,0.3515625
cajunb,Terrorist,2077.75,-175.0384,108.207,AK47,68,84,15.14237,-93.13225,-178.125,False,True,False,95.97657,1.054688
cajunb,Terrorist,2079.325,-180.8215,95.51172,AK47,68,84,35.26258,-91.92742,-228.125,False,True,False,91.40625,1.757813
cajunb,Terrorist,2081.591,-186.5448,80.03125,AK47,68,84,43.32687,-89.08733,0,False,True,False,86.13281,2.109375
cajunb,Terrorist,2086.296,-191.47,80.03125,AK47,68,84,97.65582,-72.19664,0,False,True,False,82.96875,1.40625
cajunb,Terrorist,2093.854,-195.6465,80.03125,AK47,68,84,137.1635,-63.66051,0,False,True,False,79.45313,0.3515625
cajunb,Terrorist,2103.478,-199.49,80.03125,AK47,68,84,165.7098,-60.39537,0,False,True,False,77.34375,359.2969
cajunb,Terrorist,2114.567,-203.0758,80.03125,AK47,68,84,184.1572,-45.9385,0,False,True,False,76.28906,358.5938
cajunb,Terrorist,2126.358,-204.2245,80.67526,AK47,68,84,191.6057,1.295389,0,False,True,False,78.04688,358.2422
cajunb,Terrorist,2138.482,-202.7852,85.67618,AK47,68,84,195.3052,38.77481,0,False,True,False,81.21094,358.9453
cajunb,Terrorist,2151.021,-200.321,91.49857,AK47,68,84,206.6957,31.8313,0,False,True,False,85.42969,359.2969
cajunb,Terrorist,2164.286,-198.7659,96.95702,AK47,68,84,214.0148,20.55914,0,False,True,False,89.29688,359.6484
cajunb,Terrorist,2177.682,-197.7174,98.89261,AK47,68,84,214.5343,14.14423,0,False,True,False,89.29688,359.2969
cajunb,Terrorist,2187.744,-197.1642,99.26142,AK47,68,84,214.7564,10.23096,0,False,True,False,88.94531,359.2969
cajunb,Terrorist,2204.531,-196.5816,99.64977,AK47,68,84,214.9299,5.488787,0,False,True,False,88.94531,358.9453
cajunb,Terrorist,2215.279,-196.2842,99.8481,AK47,68,84,120.8542,4.578491,0,False,True,False,89.29688,358.9453
cajunb,Terrorist,2219.183,-196.0281,100.0188,AK47,68,84,19.33028,3.426404,0,False,True,False,90,358.9453
cajunb,Terrorist,2217.882,-195.9617,100.0607,AK47,68,84,-44.61741,0.461733,0,False,True,False,90,358.9453
cajunb,Terrorist,2213.251,-195.9366,100.0775,AK47,68,84,-96.35478,0.4501276,0,False,True,False,89.64844,358.9453
cajunb,Terrorist,2207.841,-195.9044,100.0967,AK47,68,84,-128.0096,0.8802297,0,False,True,False,89.29688,358.9453
cajunb,Terrorist,2196.068,-195.8077,100.1582,AK47,68,84,-167.0199,1.454146,0,False,True,False,89.29688,358.9453
cajunb,Terrorist,2186.296,-195.7306,100.2039,AK47,68,84,-186.6939,1.210914,0,False,True,False,90.35156,358.9453
cajunb,Terrorist,2172.404,-195.7446,100.2078,AK47,68,84,-205.3073,-1.795113,0,False,True,False,93.16406,358.9453
cajunb,Terrorist,2159.162,-196.0102,97.08636,AK47,68,84,-214.9052,-6.383147,0,False,True,False,95.62501,358.5938
cajunb,Terrorist,2145.741,-196.6424,92.19099,AK47,68,84,-214.5457,-13.96929,0,False,True,False,101.9531,358.9453
cajunb,Terrorist,2132.375,-198.0079,86.82554,AK47,68,84,-213.0923,-28.57737,0,False,True,False,109.3359,358.9453
cajunb,Terrorist,2119.138,-200.3021,80.03125,AK47,68,84,-210.7788,-42.39463,0,False,True,False,110.3906,358.2422
cajunb,Terrorist,2106.101,-203.2847,80.03125,AK47,68,84,-201.0379,-49.06011,0,False,True,False,110.0391,357.8906
cajunb,Terrorist,2097.271,-205.2703,80.03125,AK47,68,84,-93.1181,-22.87346,0,False,True,False,110.3906,357.8906
cajunb,Terrorist,2094.612,-207.4319,80.03125,AK47,68,84,-6.131678,-41.16183,0,False,True,False,110.7422,358.2422
cajunb,Terrorist,2096.46,-210.3403,80.03125,AK47,68,84,54.283,-51.76803,0,False,True,False,111.0938,358.5938
cajunb,Terrorist,2100.484,-215.0665,80.03125,AK47,68,84,67.52948,-96.05486,0,False,True,False,110.3906,358.9453
cajunb,Terrorist,2104.866,-222.4264,80.03125,AK47,68,84,71.61143,-133.1028,0,False,True,False,108.6328,359.2969
cajunb,Terrorist,2109.421,-231.7581,80.03125,AK47,68,84,73.6916,-160.7105,0,False,True,False,108.2813,359.6484
cajunb,Terrorist,2114.061,-242.5563,80.03125,AK47,68,84,74.48946,-181.2853,0,False,True,False,107.2266,359.6484
cajunb,Terrorist,2118.676,-254.4622,80.03125,AK47,68,84,72.77562,-197.1246,0,False,True,False,104.4141,0.703125
cajunb,Terrorist,2123.018,-267.128,80.03125,AK47,68,84,65.84632,-204.6687,0,False,True,False,100.8984,1.757813
cajunb,Terrorist,2126.358,-278.4006,80.03125,AK47,68,84,57.34958,-207.2101,0,False,True,False,97.73438,1.757813
cajunb,Terrorist,2129.798,-291.4341,80.03125,AK47,68,84,41.8537,-159.1169,0,False,True,False,93.16406,1.757813
cajunb,Terrorist,2131.893,-299.5263,80.03125,AK47,68,84,25.80952,-108.7801,0,False,True,False,90.35156,1.054688
cajunb,Terrorist,2133.229,-307.4228,80.03125,AK47,68,84,18.34844,-142.3463,0,False,True,False,89.29688,1.054688
cajunb,Terrorist,2134.17,-317.3688,80.03125,AK47,68,84,12.7475,-170.922,0,False,True,False,89.29688,1.054688
cajunb,Terrorist,2134.677,-325.8427,80.03125,AK47,68,84,9.538369,-187.2949,0,False,True,False,89.29688,1.054688
cajunb,Terrorist,2135.243,-341.3917,80.03125,AK47,68,84,5.583509,-207.4724,0,False,True,False,89.29688,1.054688
cajunb,Terrorist,2134.494,-354.3452,80.03125,AK47,68,84,-32.65403,-203.5801,0,False,True,False,89.64844,1.40625
cajunb,Terrorist,2131.397,-366.8728,88.98026,AK47,68,84,-53.2879,-199.7452,273.8684,False,True,False,89.64844,2.109375
cajunb,Terrorist,2128.067,-379.3569,104.5345,AK47,68,84,-53.2879,-199.7452,223.8684,False,True,False,89.64844,2.460938
cajunb,Terrorist,2124.737,-391.8411,116.9637,AK47,68,84,-53.2879,-199.7452,173.8684,False,True,False,90.35156,2.8125
cajunb,Terrorist,2121.407,-404.3252,126.2679,AK47,68,84,-53.2879,-199.7452,123.8684,False,True,False,90.35156,2.8125
cajunb,Terrorist,2118.077,-416.8093,132.4472,AK47,68,84,-53.2879,-199.7452,73.86838,False,True,False,90,2.8125
cajunb,Terrorist,2114.747,-429.2935,135.5015,AK47,68,84,-53.2879,-199.7452,23.86838,False,True,False,88.24219,2.109375
cajunb,Terrorist,2111.417,-441.7776,135.4308,AK47,68,84,-53.2879,-199.7452,-26.13162,False,True,False,87.53906,1.054688
cajunb,Terrorist,2108.087,-454.2617,132.2351,AK47,68,84,-53.2879,-199.7452,-76.13162,False,True,False,87.1875,0.3515625
cajunb,Terrorist,2105.173,-465.1853,126.8754,AK47,68,84,-53.2879,-199.7452,-119.8816,False,True,False,86.83594,359.6484
cajunb,Terrorist,2101.427,-479.23,116.4686,AK47,68,84,-53.2879,-199.7452,-176.1316,False,True,False,86.48438,358.5938
cajunb,Terrorist,2098.905,-490.8403,110.5071,AK47,68,84,-16.48863,-172.716,0,False,True,False,86.48438,358.5938
cajunb,Terrorist,2099.637,-501.7853,112.3285,AK47,68,84,31.5245,-176.8096,0,False,True,False,86.48438,358.5938
cajunb,Terrorist,2103.052,-512.6492,113.7918,AK47,68,84,76.07682,-161.0507,0,False,True,False,86.48438,358.5938
cajunb,Terrorist,2109.493,-521.2941,113.9026,AK47,68,84,122.0135,-122.2886,0,False,True,False,86.83594,358.5938
cajunb,Terrorist,2118.363,-527.8775,114.0552,AK47,68,84,155.8668,-93.39144,0,False,True,False,87.1875,358.9453
cajunb,Terrorist,2127.126,-527.3878,114.2059,AK47,68,84,150.0306,32.02998,0,False,True,False,87.1875,358.9453
cajunb,Terrorist,2136.01,-522.524,114.3587,AK47,68,84,109.3577,95.65414,0,False,True,False,87.89063,358.9453
cajunb,Terrorist,2141.218,-516.1121,114.4368,AK47,68,84,85.3958,132.0565,0,False,True,False,88.59375,358.9453
cajunb,Terrorist,2147.533,-506.0526,113.1895,AK47,68,84,106.2931,137.1353,0,False,True,False,89.29688,358.9453
cajunb,Terrorist,2155.575,-498.8382,111.6832,AK47,68,84,144.3667,100.2269,0,False,True,False,89.29688,358.9453
cajunb,Terrorist,2165.627,-493.5621,110.7695,AK47,68,84,172.4131,73.39005,0,False,True,False,89.64844,358.9453
cajunb,Terrorist,2177.161,-489.6849,110.0833,AK47,68,84,193.0724,54.11461,0,False,True,False,90,358.5938
cajunb,Terrorist,2189.787,-486.8127,109.456,AK47,68,84,208.2875,40.30145,0,False,True,False,90.35156,358.2422
cajunb,Terrorist,2203.038,-484.6819,108.742,AK47,68,84,212.9557,29.57804,0,False,True,False,91.05469,358.2422
cajunb,Terrorist,2214.425,-483.1324,108.2159,AK47,68,84,133.9923,21.19185,0,False,True,False,91.05469,358.2422
cajunb,Terrorist,2219.054,-482.0588,107.8642,AK47,68,84,30.75802,13.95227,0,False,True,False,91.05469,357.8906
cajunb,Terrorist,2219.357,-481.7181,107.7573,AK47,68,84,0,0,0,False,True,False,90.70313,357.8906
cajunb,Terrorist,2218.143,-481.7303,107.7573,AK47,68,84,-42.37318,-0.2375366,0,False,True,False,89.64844,358.2422
cajunb,Terrorist,2213.649,-481.7287,107.7737,AK47,68,84,-94.35272,0.1000421,0,False,True,False,90,358.2422
cajunb,Terrorist,2206.238,-481.726,107.8118,AK47,68,84,-135.5765,0.003488155,0,False,True,False,90,358.5938
cajunb,Terrorist,2196.65,-481.7284,107.8507,AK47,68,84,-165.9402,-0.06762923,0,False,True,False,90,358.5938
cajunb,Terrorist,2185.457,-481.7346,107.8848,AK47,68,84,-188.3047,-0.1200112,0,False,True,False,90,358.5938
cajunb,Terrorist,2176.96,-481.7411,107.9227,AK47,68,84,-87.29334,-0.09300086,0,False,True,False,90,358.5938
cajunb,Terrorist,2174.528,-481.7435,107.9391,AK47,68,84,-26.69711,-0.4643857,0,False,True,False,92.46094,359.6484
cajunb,Terrorist,2171.015,-481.9747,108.0289,AK47,68,84,-79.05706,-7.010005,0,False,True,False,97.73438,1.054688
cajunb,Terrorist,2165.379,-480.6008,107.6248,AK47,68,84,-87.22604,48.59641,0,False,True,False,97.73438,1.054688
cajunb,Terrorist,2160.476,-475.6255,106.1,AK47,68,84,-71.48296,101.459,0,False,True,False,94.5703,0.3515625
cajunb,Terrorist,2157.642,-468.1304,104.1941,AK47,68,84,-22.9132,132.0641,0,False,True,False,107.5781,1.40625
cajunb,Terrorist,2158.592,-460.067,121.6455,AK47,68,84,40.41293,129.7019,0,False,True,False,125.5078,3.164063
cajunb,Terrorist,2162.656,-451.7431,121.6455,AK47,68,84,82.14414,135.818,0,False,True,False,127.9687,2.8125
cajunb,Terrorist,2168.912,-443.0807,121.6455,AK47,68,84,112.7084,140.5506,0,False,True,False,127.9687,2.8125
cajunb,Terrorist,2176.802,-434.194,121.6455,AK47,68,84,136.2051,142.709,0,False,True,False,124.8047,2.8125
cajunb,Terrorist,2185.995,-425.2777,105.2008,AK47,68,84,154.6668,142.7072,0,False,True,False,125.1563,2.8125
cajunb,Terrorist,2196.044,-416.4202,102.8563,AK47,68,84,163.3793,139.7576,0,False,True,False,125.5078,2.460938
cajunb,Terrorist,2206.793,-408.7671,102.8563,AK47,68,84,181.4681,102.7434,0,False,True,False,127.2656,1.757813
cajunb,Terrorist,2218.794,-403.57,101.2225,AK47,68,84,199.514,70.72118,0,False,True,False,133.5938,359.2969
cajunb,Terrorist,2231.642,-399.7585,100.1988,AK47,68,84,207.3132,56.97581,-15.625,False,True,False,139.2188,358.5938
cajunb,Terrorist,2244.599,-396.1975,97.65977,AK47,68,84,207.3132,56.97581,-65.625,False,True,False,140.2734,358.5938
cajunb,Terrorist,2257.556,-392.6365,91.99571,AK47,68,84,207.3132,56.97581,-115.625,False,True,False,141.3281,358.9453
cajunb,Terrorist,2270.513,-389.0754,83.20665,AK47,68,84,207.3132,56.97581,-165.625,False,True,False,142.0313,358.9453
cajunb,Terrorist,2281.473,-384.9065,80.03125,AK47,68,84,168.521,82.81718,0,False,True,False,143.4375,358.9453
cajunb,Terrorist,2292.347,-379.3985,80.03125,AK47,68,84,182.8221,83.20891,0,False,True,False,144.1406,358.5938
cajunb,Terrorist,2304.396,-374.5925,80.03125,AK47,68,84,199.7361,72.74739,0,False,True,False,145.5469,358.2422
cajunb,Terrorist,2316.822,-369.6359,80.03125,AK47,68,84,192.1052,93.85234,0,False,True,False,146.9531,358.2422
cajunb,Terrorist,2328.32,-362.7432,80.03125,AK47,68,84,181.7648,114.8328,0,False,True,False,148.0078,357.8906
cajunb,Terrorist,2340.073,-356.239,80.03125,AK47,68,84,192.0778,96.59771,0,False,True,False,148.7109,357.8906
cajunb,Terrorist,2350.75,-351.3196,80.03125,AK47,68,84,197.2207,85.60958,0,False,True,False,150.1172,357.8906
cajunb,Terrorist,2364.258,-344.7203,80.03125,AK47,68,84,182.4977,110.4958,0,False,True,False,152.2266,357.5391
cajunb,Terrorist,2375.282,-337.1052,80.03125,AK47,68,84,178.6673,119.5952,0,False,True,False,152.2266,357.1875
cajunb,Terrorist,2386.808,-330.2036,80.03125,AK47,68,84,188.1935,103.9626,0,False,True,False,152.2266,357.1875
cajunb,Terrorist,2398.792,-324.129,80.03125,AK47,68,84,194.113,92.44004,0,False,True,False,152.2266,357.1875
cajunb,Terrorist,2410.362,-317.4306,80.03125,AK47,68,84,175.848,122.1812,0,False,True,False,153.9844,357.1875
cajunb,Terrorist,2421.714,-310.2464,80.03125,AK47,68,84,184.6506,110.1325,0,False,True,False,157.8516,357.5391
cajunb,Terrorist,2433.221,-303.6749,80.03125,AK47,68,84,173.6648,97.53018,0,False,True,False,160.3125,357.5391
cajunb,Terrorist,2442.395,-298.5228,80.03125,AK47,68,84,127.9139,71.83646,0,False,True,False,161.3672,357.5391
cajunb,Terrorist,2448.861,-294.9128,80.03125,AK47,68,84,97.84718,54.0848,0,False,True,False,162.4219,357.5391
cajunb,Terrorist,2454.222,-291.9753,80.03125,AK47,68,84,98.17033,53.49603,0,False,True,False,162.7734,357.5391
cajunb,Terrorist,2461.131,-288.2242,80.03125,AK47,68,84,98.26103,53.32925,0,False,True,False,163.8281,357.5391
cajunb,Terrorist,2467.267,-284.8819,80.03125,AK47,68,84,98.10461,53.61645,0,False,True,False,164.1797,357.8906
cajunb,Terrorist,2473.392,-281.5185,80.03125,AK47,68,84,97.90601,53.97825,0,False,True,False,164.5313,357.8906
cajunb,Terrorist,2479.05,-277.4563,80.03125,AK47,68,84,83.18023,74.70132,0,False,True,False,164.8828,357.8906
cajunb,Terrorist,2483.684,-272.2398,80.03125,AK47,68,84,67.50771,89.11761,0,False,True,False,165.5859,357.8906
cajunb,Terrorist,2487.448,-266.358,80.03125,AK47,68,84,55.00031,97.33553,0,False,True,False,166.2891,357.5391
cajunb,Terrorist,2490.542,-260.0956,80.03125,AK47,68,84,45.67667,102.0435,0,False,True,False,166.6406,357.1875
cajunb,Terrorist,2493.15,-253.6141,80.03125,AK47,68,84,39.06694,104.7522,0,False,True,False,166.9922,357.1875
cajunb,Terrorist,2496.197,-247.3645,80.03125,AK47,68,84,58.85291,92.26076,0,False,True,False,167.6953,357.1875
cajunb,Terrorist,2500.741,-242.7984,80.03125,AK47,68,84,82.42618,59.62598,0,False,True,False,168.0469,357.1875
cajunb,Terrorist,2506.531,-239.9488,80.03125,AK47,68,84,99.83723,35.81774,0,False,True,False,168.75,357.1875
cajunb,Terrorist,2513.178,-238.1864,80.03125,AK47,68,84,107.9498,29.08739,0,False,True,False,170.5078,355.7813
cajunb,Terrorist,2519.761,-235.858,80.03125,AK47,68,84,103.1361,43.15298,0,False,True,False,174.7266,351.2109
cajunb,Terrorist,2526.02,-232.7587,80.03125,AK47,68,84,97.83434,54.10804,0,False,True,False,177.1875,346.9922
cajunb,Terrorist,2531.967,-229.0939,80.03125,AK47,68,84,93.23415,61.69792,0,False,True,False,177.5391,345.5859
cajunb,Terrorist,2537.675,-225.0646,80.03125,AK47,68,84,90.03428,66.28021,0,False,True,False,177.5391,345.2344
cajunb,Terrorist,2543.221,-220.8148,80.03125,AK47,68,84,87.84302,69.1581,0,False,True,False,177.8906,345.2344
cajunb,Terrorist,2548.651,-216.4177,80.03125,AK47,68,84,86.20522,71.18917,0,False,True,False,178.2422,345.2344
cajunb,Terrorist,2553.992,-211.9128,80.03125,AK47,68,84,84.9279,72.70825,0,False,True,False,178.2422,345.2344
cajunb,Terrorist,2559.264,-207.3258,80.03125,AK47,68,84,83.91073,73.87982,0,False,True,False,178.5938,345.2344
cajunb,Terrorist,2564.478,-202.6742,80.03125,AK47,68,84,83.06285,74.83183,0,False,True,False,178.9453,345.2344
cajunb,Terrorist,2569.641,-197.9666,80.03125,AK47,68,84,82.28535,75.68593,0,False,True,False,179.2969,345.5859
cajunb,Terrorist,2574.762,-193.212,80.03125,AK47,68,84,81.72002,76.29599,0,False,True,False,178.5938,348.3984
cajunb,Terrorist,2579.234,-189.0429,80.03125,AK47,68,84,81.97654,76.0203,0,False,True,False,175.7813,352.2656
cajunb,Terrorist,2584.845,-183.5483,80.03125,AK47,68,84,72.92528,84.74162,0,False,True,False,171.2109,356.8359
cajunb,Terrorist,2588.826,-177.8148,80.03125,AK47,68,84,57.39112,95.94529,0,False,True,False,167.6953,357.8906
cajunb,Terrorist,2592.035,-171.6112,80.03125,AK47,68,84,47.40781,101.2509,0,False,True,False,165.2344,358.2422
cajunb,Terrorist,2594.79,-165.1901,80.03125,AK47,68,84,42.06668,103.5839,0,False,True,False,163.8281,358.5938
cajunb,Terrorist,2596.941,-158.5686,80.03125,AK47,68,84,22.73107,109.1875,0,False,True,False,162.7734,358.5938
cajunb,Terrorist,2597.449,-151.6134,80.03125,AK47,68,84,-2.025722,111.7816,0,False,True,False,162.4219,358.2422
cajunb,Terrorist,2596.708,-144.6712,80.03125,AK47,68,84,-18.46571,110.2645,0,False,True,False,161.3672,357.8906
cajunb,Terrorist,2595.989,-137.729,80.03125,AK47,68,84,-3.743682,111.7373,0,False,True,False,162.0703,358.2422
cajunb,Terrorist,2596.229,-130.7491,80.03125,AK47,68,84,8.933201,111.4425,0,False,True,False,162.7734,358.2422
cajunb,Terrorist,2596.444,-123.7746,80.03125,AK47,68,84,-5.727099,111.6532,0,False,True,False,163.4766,358.2422
cajunb,Terrorist,2596.32,-116.7923,80.03125,AK47,68,84,3.497766,111.7453,0,False,True,False,164.5313,358.2422
cajunb,Terrorist,2596.858,-109.8271,80.03125,AK47,68,84,11.92981,111.1617,0,False,True,False,165.5859,358.5938
cajunb,Terrorist,2597.754,-102.9955,80.03125,AK47,68,84,14.45605,102.5584,0,False,True,False,166.2891,358.5938
cajunb,Terrorist,2598.518,-97.57777,80.03125,AK47,68,84,10.64769,75.54003,0,False,True,False,166.6406,358.9453
cajunb,Terrorist,2599.406,-92.18414,80.03125,AK47,68,84,19.38359,105.544,0,False,True,False,166.9922,358.9453
cajunb,Terrorist,2600.102,-88.06107,80.03125,AK47,68,84,2.431152,24.78605,0,False,True,False,166.9922,358.9453
cajunb,Terrorist,2599.816,-89.13766,80.03125,AK47,68,84,-9.426054,-41.31332,0,False,True,False,166.9922,358.9453
cajunb,Terrorist,2599.022,-92.61805,80.03125,AK47,68,84,-13.56907,-59.47169,0,True,True,False,166.9922,358.5938
cajunb,Terrorist,2598.117,-96.58356,80.03125,AK47,68,84,-15.1736,-66.54191,0,True,True,False,167.3438,358.5938
cajunb,Terrorist,2597.121,-100.9749,80.03125,AK47,68,84,-16.16413,-71.46276,0,True,True,False,167.6953,357.8906
cajunb,Terrorist,2596.076,-105.6211,80.03125,AK47,68,84,-17.26488,-77.22186,0,False,True,False,167.6953,357.8906
cajunb,Terrorist,2594.962,-110.6381,80.03125,AK47,68,84,-18.23411,-82.41376,0,False,True,False,167.6953,357.8906
cajunb,Terrorist,2593.796,-115.9294,80.03125,AK47,68,84,-18.94801,-86.2379,0,False,True,False,167.6953,357.8906
cajunb,Terrorist,2592.744,-120.7361,80.03125,Flash,68,84,-16.47776,-75.75777,0,True,True,False,168.3984,358.2422
cajunb,Terrorist,2591.672,-125.6678,80.03125,Flash,68,84,-19.41818,-79.92483,0,True,True,False,169.8047,358.9453
cajunb,Terrorist,2589.864,-130.4454,80.03125,Flash,68,84,-35.49513,-74.14259,0,True,True,False,171.9141,358.9453
cajunb,Terrorist,2585.857,-136.1218,80.03125,Flash,68,84,-83.17816,-103.7004,0,False,True,False,178.9453,358.2422
cajunb,Terrorist,2579.584,-143.6268,80.03125,Flash,68,84,-111.7107,-132.2581,0,False,True,False,184.2188,357.1875
cajunb,Terrorist,2571.887,-152.7163,80.03125,Flash,68,84,-131.18,-154.6794,0,False,True,False,184.5703,356.4844
cajunb,Terrorist,2563.162,-162.9901,80.03125,Flash,68,84,-145.5201,-171.1939,0,False,True,False,184.5703,356.4844
cajunb,Terrorist,2553.592,-173.9673,80.03125,Flash,68,84,-163.3931,-169.0134,0,False,True,False,184.5703,356.4844
cajunb,Terrorist,2542.536,-183.8286,80.03125,Flash,68,84,-180.2063,-161.8924,0,False,True,False,184.2188,356.8359
cajunb,Terrorist,2531.024,-193.8285,80.03125,Flash,68,84,-193.9525,-146.5245,0,False,True,False,183.8672,356.8359
cajunb,Terrorist,2518.025,-201.7609,80.03125,Flash,68,84,-217.434,-112.9047,0,False,True,False,183.8672,357.5391
cajunb,Terrorist,2505.764,-207.1477,80.03125,Flash,68,84,-228.5009,-88.3874,0,False,True,False,182.8125,357.8906
cajunb,Terrorist,2490.719,-212.0205,80.03125,AK47,68,84,-207.4697,-56.40319,0,False,True,False,179.2969,358.2422
cajunb,Terrorist,2477.585,-214.8355,80.03125,AK47,68,84,-211.9168,-36.28064,0,False,True,False,174.375,358.5938
cajunb,Terrorist,2464.244,-216.4057,80.03125,AK47,68,84,-214.3673,-16.48224,0,False,True,False,169.8047,359.2969
cajunb,Terrorist,2450.885,-217.7566,80.03125,AK47,68,84,-212.1993,-34.58998,0,False,True,False,166.9922,359.6484
cajunb,Terrorist,2437.804,-220.8074,80.03125,AK47,68,84,-206.8981,-58.46502,0,False,True,False,166.2891,359.2969
cajunb,Terrorist,2428.218,-223.911,80.03125,AK47,68,84,-202.8526,-71.24462,0,False,True,False,166.2891,359.2969
cajunb,Terrorist,2411.854,-227.5689,80.03125,AK47,68,84,-213.0259,-29.06806,0,False,True,False,166.2891,359.2969
cajunb,Terrorist,2398.456,-228.4946,80.03125,AK47,68,84,-214.9495,-4.661434,0,False,True,False,165.2344,358.5938
cajunb,Terrorist,2385.027,-228.1201,80.03125,AK47,68,84,-214.5834,13.37803,0,False,True,False,164.8828,358.5938
cajunb,Terrorist,2371.609,-228.1075,80.03125,AK47,68,84,-214.4319,-15.61961,0,False,True,False,164.8828,358.5938
cajunb,Terrorist,2358.282,-229.8001,80.03125,AK47,68,84,-213.7277,-23.35504,0,False,True,False,164.8828,358.5938
cajunb,Terrorist,2344.864,-230.3854,80.03125,AK47,68,84,-214.9995,0.4472298,0,False,True,False,164.5313,358.2422
cajunb,Terrorist,2331.713,-231.7425,80.03125,AK47,68,84,-198.4859,-44.55316,0,False,True,False,163.4766,357.5391
cajunb,Terrorist,2320.77,-235.6132,80.03125,AK47,68,84,-157.15,-68.88154,0,False,True,False,162.7734,357.1875
cajunb,Terrorist,2312.151,-240.2625,80.03125,AK47,68,84,-124.4647,-78.45115,0,False,True,False,162.4219,356.8359
cajunb,Terrorist,2307.516,-242.7245,80.03125,AK47,68,84,-82.28243,-32.48371,0,False,True,False,162.0703,356.8359
cajunb,Terrorist,2303.022,-242.8445,80.03125,AK47,68,84,-40.22157,12.31495,0,False,True,False,162.0703,356.8359
cajunb,Terrorist,2301.264,-242.3064,80.03125,AK47,68,84,-18.70741,5.727791,0,False,True,False,162.0703,356.8359
cajunb,Terrorist,2300.945,-241.4848,80.03125,AK47,68,84,3.193797,22.76698,0,False,True,False,162.0703,356.8359
cajunb,Terrorist,2301.205,-240.1892,80.03125,AK47,68,84,-2.17241,-2.853871,0,False,True,False,162.0703,356.8359
cajunb,Terrorist,2300.586,-242.0935,80.03125,AK47,68,84,-14.36522,-44.63247,0,False,True,False,162.4219,356.8359
cajunb,Terrorist,2298.665,-243.6586,80.03125,AK47,68,84,-47.66348,-2.484778,0,False,True,False,162.4219,356.8359
cajunb,Terrorist,2295.201,-241.6745,80.03125,AK47,68,84,-62.39982,55.75426,0,False,True,False,163.125,357.1875
cajunb,Terrorist,2290.754,-236.5928,80.03125,AK47,68,84,-77.3808,99.19872,0,False,True,False,163.4766,357.1875
cajunb,Terrorist,2285.498,-229.2253,80.03125,AK47,68,84,-88.85394,130.9588,0,False,True,False,163.8281,357.5391
cajunb,Terrorist,2279.516,-221.7719,82.85629,AK47,68,84,-95.60477,82.46973,0,False,True,False,164.5313,357.5391
cajunb,Terrorist,2274.011,-219.0731,84.6555,AK47,68,84,-78.47678,31.30724,0,False,True,False,165.2344,357.1875
cajunb,Terrorist,2269.88,-217.4248,85.75432,AK47,68,84,-56.90182,22.7002,0,False,True,False,165.2344,357.1875
cajunb,Terrorist,2267.059,-216.2991,86.50478,AK47,68,84,-36.00344,14.36308,0,False,True,False,165.2344,357.5391
cajunb,Terrorist,2265.566,-215.0414,87.34329,AK47,68,84,-19.96526,37.92442,0,False,True,False,165.2344,357.5391
cajunb,Terrorist,2262.705,-211.9843,89.38136,AK47,68,84,-70.15759,50.76782,0,False,True,False,165.2344,357.5391
cajunb,Terrorist,2256.651,-208.6921,91.57614,AK47,68,84,-115.6335,54.00475,0,False,True,False,165.5859,357.5391
cajunb,Terrorist,2249.597,-205.5948,93.64102,AK47,68,84,-99.37971,43.45296,0,False,True,False,165.5859,357.8906
cajunb,Terrorist,2244.347,-203.2993,95.17134,AK47,68,84,-73.19875,32.00555,0,False,True,False,165.9375,357.8906
cajunb,Terrorist,2240.297,-201.569,96.32484,AK47,68,84,-70.59597,27.4298,0,False,True,False,166.2891,357.8906
cajunb,Terrorist,2234.482,-199.6088,97.63166,AK47,68,84,-102.5228,32.59192,0,False,True,False,166.2891,357.8906
cajunb,Terrorist,2229.593,-198.105,98.6342,AK47,68,84,-99.0781,30.17837,0,False,True,False,166.2891,357.8906
cajunb,Terrorist,2223.282,-196.1829,99.91558,AK47,68,84,-67.5495,20.57502,0,False,True,False,166.2891,357.8906
cajunb,Terrorist,2219.817,-195.1275,100.6192,AK47,68,84,-46.02581,14.01908,0,False,True,False,166.2891,357.8906
cajunb,Terrorist,2216.61,-194.9515,100.7366,AK47,68,84,-58.67264,-7.528757,0,False,True,False,165.9375,357.8906
cajunb,Terrorist,2212.298,-196.9479,99.40559,AK47,68,84,-70.4443,-57.43433,0,False,True,False,164.1797,357.8906
cajunb,Terrorist,2207.866,-202.3022,95.83608,AK47,68,84,-71.79709,-105.3036,0,False,True,False,161.0156,358.2422
cajunb,Terrorist,2203.267,-210.1536,90.60181,AK47,68,84,-74.86578,-139.8787,0,False,True,False,160.6641,357.8906
cajunb,Terrorist,2198.504,-219.8308,84.15031,AK47,68,84,-77.14951,-165.3369,0,False,True,False,160.6641,357.8906
cajunb,Terrorist,2193.612,-230.8499,80.03125,AK47,68,84,-79.45512,-183.8583,0,False,True,False,158.2031,358.2422
cajunb,Terrorist,2188.422,-242.7761,80.03125,AK47,68,84,-86.39684,-195.313,0,False,True,False,153.2813,357.1875
cajunb,Terrorist,2182.95,-255.041,80.03125,AK47,68,84,-81.03632,-198.3535,0,False,True,False,150.8203,356.1328
cajunb,Terrorist,2179.3,-267.8622,80.03125,AK47,68,84,-42.7159,-209.9611,0,False,True,False,149.4141,355.7813
cajunb,Terrorist,2177.635,-281.1855,80.03125,AK47,68,84,-15.6326,-214.4309,0,False,True,False,147.6563,356.1328
cajunb,Terrorist,2177.083,-292.0303,80.03125,AK47,68,84,-8.700512,-177.3864,0,False,True,False,145.1953,356.1328
cajunb,Terrorist,2176.533,-302.1212,80.03125,AK47,68,84,-10.55398,-111.3007,0,False,True,False,142.3828,356.1328
cajunb,Terrorist,2175.11,-308.9523,80.03125,AK47,68,84,-31.11423,-107.3832,0,False,True,False,141.6797,355.7813
cajunb,Terrorist,2173.298,-314.7759,80.03125,AK47,68,84,-17.54579,-71.64284,0,False,True,False,140.9766,356.1328
cajunb,Terrorist,2172.021,-318.9608,80.03125,AK47,68,84,-34.37476,-79.69807,0,False,True,False,144.4922,356.8359
cajunb,Terrorist,2169.21,-325.3551,80.03125,AK47,68,84,-46.26472,-120.2975,0,False,True,False,176.1328,358.9453
cajunb,Terrorist,2165.375,-333.6281,80.03125,AK47,68,84,-77.16648,-134.1263,0,False,True,False,197.5781,359.2969
cajunb,Terrorist,2159.074,-340.5933,80.03125,AK47,68,84,-115.8665,-83.1971,0,False,True,False,193.3594,358.9453
cajunb,Terrorist,2151.155,-343.515,80.03125,AK47,68,84,-124.9256,-14.35011,0,False,True,False,194.0625,358.9453
cajunb,Terrorist,2143.955,-341.922,80.03125,AK47,68,84,-108.2619,53.48183,0,False,True,False,193.711,359.6484
cajunb,Terrorist,2138.588,-337.5741,80.03125,AK47,68,84,-82.10471,95.80495,0,False,True,False,191.9531,0
cajunb,Terrorist,2135.606,-329.6015,80.03125,AK47,68,84,-11.52837,123.7414,0,False,True,False,177.1875,2.109375
cajunb,Terrorist,2137.06,-321.8092,80.03125,AK47,68,84,49.61674,121.7866,0,False,True,False,153.9844,0.703125
cajunb,Terrorist,2142.031,-314.7817,80.03125,AK47,68,84,100.9582,104.0962,0,False,True,False,143.7891,359.2969
cajunb,Terrorist,2149.123,-309.8826,80.03125,AK47,68,84,107.3735,42.36591,0,False,True,False,138.8672,357.8906
cajunb,Terrorist,2154.92,-310.0679,80.03125,AK47,68,84,82.0536,-34.80494,0,False,True,False,136.7578,356.4844
cajunb,Terrorist,2159.299,-314.3326,80.03125,AK47,68,84,61.50142,-91.70695,0,False,True,False,135.7031,355.7813
cajunb,Terrorist,2162.566,-321.6036,80.03125,AK47,68,84,45.64548,-133.6264,0,False,True,False,135,356.1328
cajunb,Terrorist,2164.948,-331.0889,80.03125,AK47,68,84,32.48178,-164.4915,0,False,True,False,133.2422,356.8359
cajunb,Terrorist,2166.562,-342.2027,80.03125,AK47,68,84,20.95139,-187.1698,0,False,True,False,132.1875,357.5391
cajunb,Terrorist,2167.241,-354.3706,80.03125,AK47,68,84,-6.9091,-194.8367,0,False,True,False,131.8359,358.2422
cajunb,Terrorist,2165.068,-366.2814,80.03125,AK47,68,84,-54.34291,-187.5612,0,False,True,False,131.8359,358.5938
cajunb,Terrorist,2161.096,-377.9129,93.16179,AK47,68,84,-64.15372,-186.0071,261.3684,False,True,False,130.4297,0
cajunb,Terrorist,2157.086,-389.5384,116.9348,AK47,68,84,-64.15372,-186.0071,211.3684,False,True,False,126.5625,2.460938
cajunb,Terrorist,2153.076,-401.1638,119.5827,AK47,68,84,-64.15372,-186.0071,161.3684,False,True,False,125.1563,2.8125
cajunb,Terrorist,2149.067,-412.7893,128.1057,AK47,68,84,-64.15372,-186.0071,111.3684,False,True,False,125.1563,2.8125
cajunb,Terrorist,2145.546,-424.5007,133.5037,AK47,68,84,-43.13594,-189.6982,61.36838,False,True,False,125.1563,2.8125
cajunb,Terrorist,2144.095,-436.5771,135.7768,AK47,68,84,-7.609294,-196.0789,11.36838,False,True,False,124.1016,2.8125
cajunb,Terrorist,2143.62,-448.832,134.9249,AK47,68,84,-7.609294,-196.0789,-38.63162,False,True,False,119.5313,2.460938
cajunb,Terrorist,2143.205,-459.555,131.616,AK47,68,84,-7.609294,-196.0789,-82.38162,False,True,False,118.125,2.109375
cajunb,Terrorist,2142.671,-473.3417,123.846,AK47,68,84,-7.609294,-196.0789,-138.6316,False,True,False,116.7187,1.054688
cajunb,Terrorist,2142.197,-485.5966,113.6189,AK47,68,84,-7.609294,-196.0789,-188.6316,False,True,False,116.0156,0.3515625
cajunb,Terrorist,2143.131,-496.4791,111.3348,AK47,68,84,42.44263,-158.8777,0,False,True,False,116.0156,0.3515625
cajunb,Terrorist,2146.952,-505.4197,112.978,AK47,68,84,71.69035,-131.0743,0,False,True,False,115.6641,0
cajunb,Terrorist,2151.188,-511.8922,114.4613,AK47,68,84,80.566,-109.3424,0,False,True,False,115.6641,359.6484
cajunb,Terrorist,2155.891,-517.0454,114.7007,AK47,68,84,81.82614,-76.18216,0,False,True,False,115.6641,359.6484
cajunb,Terrorist,2162.204,-521.3087,114.7963,AK47,68,84,96.46976,-43.32222,0,False,True,False,115.6641,359.6484
cajunb,Terrorist,2168.599,-522.9611,114.9049,AK47,68,84,0.03423453,-14.54467,0,False,True,False,116.0156,359.6484
cajunb,Terrorist,2168.599,-522.9554,114.9094,AK47,68,84,0.001630512,2.522408,0,False,True,False,116.3672,359.2969
cajunb,Terrorist,2168.599,-522.7948,114.9094,AK47,68,84,0.001618254,2.598459,0,False,True,False,117.0703,358.9453
cajunb,Terrorist,2168.599,-522.63,114.9094,AK47,68,84,0.001607598,2.662357,0,False,True,False,117.7734,358.9453
cajunb,Terrorist,2168.599,-522.463,114.9094,AK47,68,84,0.001605633,2.673929,0,False,True,False,118.125,358.9453
cajunb,Terrorist,2168.599,-522.3378,114.9094,AK47,68,84,0,0,0,False,True,False,118.125,358.9453
cajunb,Terrorist,2168.599,-522.3173,114.9094,AK47,68,84,0.001615374,2.615928,0,False,True,False,117.4219,358.5938
cajunb,Terrorist,2168.599,-521.4079,114.9096,AK47,68,84,0.0005533695,23.67473,0,False,True,False,117.4219,358.5938
cajunb,Terrorist,2168.599,-519.1954,114.9099,AK47,68,84,0.0005560962,44.51507,0,False,True,False,117.0703,358.5938
cajunb,Terrorist,2168.599,-515.681,114.9099,AK47,68,84,0.0005646944,65.32732,0,False,True,False,117.0703,358.5938
cajunb,Terrorist,2168.604,-511.6719,114.552,AK47,68,84,0.001637001,63.14135,0,False,True,False,116.0156,358.5938
cajunb,Terrorist,2168.615,-507.8181,113.9221,AK47,68,84,0.00164415,60.46157,0,False,True,False,115.6641,358.5938
cajunb,Terrorist,2168.635,-504.2991,112.7702,AK47,68,84,0.001720136,46.42436,0,False,True,False,115.6641,358.5938
cajunb,Terrorist,2168.644,-503.3715,112.4389,AK47,68,84,0.0007893995,-7.434375,0,False,True,False,115.6641,358.5938
cajunb,Terrorist,2168.639,-504.1433,112.6909,AK47,68,84,-0.08921321,-15.23771,0,False,True,False,115.6641,358.5938
cajunb,Terrorist,2168.634,-504.9733,112.9622,AK47,68,84,-0.04287233,-7.495369,0,False,True,False,115.6641,358.5938
cajunb,Terrorist,2168.634,-505.148,113.0159,AK47,68,84,-0.009790415,-1.672213,0,False,True,False,115.6641,358.5938
cajunb,Terrorist,2168.631,-505.6423,113.1777,AK47,68,84,-0.07232163,-12.35261,0,False,True,False,115.3125,358.5938
cajunb,Terrorist,2168.625,-506.6212,113.4981,AK47,68,84,-0.1033491,-17.65213,0,False,True,False,114.2578,358.2422
cajunb,Terrorist,2168.618,-507.8208,113.8908,AK47,68,84,-0.117753,-20.11232,0,False,True,False,113.9063,357.8906
cajunb,Terrorist,2168.613,-509.3942,114.185,AK47,68,84,-0.08406483,-31.06138,0,False,True,False,113.9063,357.8906
cajunb,Terrorist,2168.607,-511.4346,114.4937,AK47,68,84,-0.1130314,-41.76434,0,False,True,False,113.9063,357.8906
cajunb,Terrorist,2168.599,-514.8447,114.9193,AK47,68,84,0.0006806006,-54.53795,0,False,True,False,113.5547,357.8906
cajunb,Terrorist,2168.599,-518.6858,114.9193,AK47,68,84,0.0006264445,-58.13718,0,False,True,False,113.2031,358.2422
cajunb,Terrorist,2168.599,-521.5286,114.9193,AK47,68,84,0.0003840008,-35.63718,0,False,True,False,112.5,358.2422
cajunb,Terrorist,2168.433,-522.4091,114.9164,AK47,68,84,-4.850314,7.178375,0,False,True,False,112.1484,358.2422
cajunb,Terrorist,2167.958,-521.1756,114.9083,AK47,68,84,-5.621178,29.37229,0,False,True,False,112.1484,358.2422
cajunb,Terrorist,2168.238,-518.6491,114.9078,AK47,68,84,10.93396,49.04835,0,False,True,False,112.1484,358.2422
cajunb,Terrorist,2168.599,-514.8817,114.9098,AK47,68,84,0.0006964207,68.89449,0,False,True,False,112.5,358.2422
cajunb,Terrorist,2168.609,-509.9271,114.288,AK47,68,84,0.001673417,84.48154,0,False,True,False,113.5547,357.8906
cajunb,Terrorist,2168.631,-504.8729,112.958,AK47,68,84,0.001668243,78.36127,0,False,True,False,113.9063,357.5391
cajunb,Terrorist,2168.652,-500.1328,111.8521,AK47,68,84,0.001663669,74.08855,0,False,True,False,114.2578,357.5391
cajunb,Terrorist,2168.844,-495.8176,111.1334,AK47,68,84,4.37991,60.97266,0,False,True,False,114.6094,357.5391
cajunb,Terrorist,2169.584,-494.199,110.8614,AK47,68,84,14.53208,0.4823775,0,False,True,False,114.9609,357.5391
cajunb,Terrorist,2170.518,-495.2578,111.0343,AK47,68,84,17.08249,-27.55239,0,False,True,False,114.9609,357.5391
cajunb,Terrorist,2171.834,-496.7292,111.2744,AK47,68,84,22.38587,-0.001363532,0,False,True,False,114.9609,357.5391
cajunb,Terrorist,2172.839,-496.7292,111.2709,AK47,68,84,7.116595,-0.0004582485,0,False,True,False,114.9609,357.5391
cajunb,Terrorist,2172.884,-496.7292,111.2707,AK47,68,84,0,0,0,False,True,False,114.9609,357.5391
cajunb,Terrorist,2172.884,-496.7292,111.2707,AK47,68,84,0,0,0,False,True,False,114.9609,357.5391
cajunb,Terrorist,2172.884,-496.7292,111.2707,AK47,68,84,0,0,0,False,True,False,114.9609,357.5391
cajunb,Terrorist,2172.884,-496.7292,111.2707,AK47,68,84,0,0,0,False,True,False,114.9609,357.5391
cajunb,Terrorist,2172.884,-496.7292,111.2707,AK47,68,84,0,0,0,False,True,False,114.9609,357.5391
cajunb,Terrorist,2172.884,-496.7292,111.2707,AK47,68,84,0,0,0,False,True,False,114.9609,357.5391
cajunb,Terrorist,2172.884,-496.7292,111.2707,AK47,68,84,0,0,0,False,True,False,114.9609,357.5391
cajunb,Terrorist,2172.884,-496.7292,111.2707,AK47,68,84,0,0,0,False,True,False,114.9609,357.5391
cajunb,Terrorist,2172.884,-496.7292,111.2707,AK47,68,84,0,0,0,False,True,False,115.3125,357.5391
cajunb,Terrorist,2172.884,-496.7292,111.2707,AK47,68,84,0,0,0,False,True,False,115.3125,357.5391
cajunb,Terrorist,2172.884,-496.7292,111.2707,AK47,68,84,0,0,0,False,True,False,115.3125,357.5391
cajunb,Terrorist,2172.884,-496.7292,111.2707,AK47,68,84,0,0,0,False,True,False,115.3125,357.5391
cajunb,Terrorist,2172.884,-496.7292,111.2707,AK47,68,84,0,0,0,False,True,False,115.3125,357.5391
cajunb,Terrorist,2172.884,-496.7292,111.2707,AK47,68,84,0,0,0,False,True,False,115.3125,357.5391
cajunb,Terrorist,2172.884,-496.7292,111.2707,AK47,68,84,0,0,0,False,True,False,115.3125,357.5391
cajunb,Terrorist,2172.884,-496.7292,111.2707,AK47,68,84,0,0,0,False,True,False,115.3125,357.5391
cajunb,Terrorist,2172.884,-496.7292,111.2707,AK47,68,84,0,0,0,False,True,False,115.6641,357.5391
cajunb,Terrorist,2172.884,-496.7292,111.2707,AK47,68,84,0,0,0,False,True,False,115.6641,357.1875
cajunb,Terrorist,2172.884,-496.7292,111.2707,AK47,68,84,0,0,0,False,True,False,116.3672,357.5391
cajunb,Terrorist,2172.36,-496.7293,111.2701,AK47,68,84,-25.11981,-0.001134872,0,False,True,False,117.0703,357.8906
cajunb,Terrorist,2169.224,-496.8279,111.2874,AK47,68,84,-69.68176,-8.351206,0,False,True,False,117.0703,358.5938
cajunb,Terrorist,2163.254,-497.0552,111.3589,AK47,68,84,-113.9393,6.515542,0,False,True,False,116.7187,358.5938
cajunb,Terrorist,2154.93,-495.9521,111.2052,AK47,68,84,-146.6804,25.48974,0,False,True,False,116.7187,358.5938
cajunb,Terrorist,2144.878,-493.8421,110.8898,AK47,68,84,-170.7361,39.64556,0,False,True,False,116.3672,358.5938
cajunb,Terrorist,2134.279,-490.0716,110.3001,Flash,68,84,-163.5336,83.70602,0,False,True,False,115.3125,358.5938
cajunb,Terrorist,2124.489,-483.1357,108.5741,Flash,68,84,-151.3685,130.3106,0,False,True,False,113.2031,358.2422
cajunb,Terrorist,2115.437,-473.6965,105.6802,Flash,68,84,-139.8171,165.7464,0,False,True,False,111.0938,358.5938
cajunb,Terrorist,2107.707,-463.0848,102.21,Flash,68,84,-101.8716,165.2246,0,False,True,False,106.875,359.2969
cajunb,Terrorist,2103.034,-453.1229,100.0313,Flash,68,84,-57.75461,151.2843,0,False,True,False,103.3594,359.6484
cajunb,Terrorist,2099.584,-445.5243,100.0313,Flash,68,84,-62.25947,111.1509,0,False,True,False,103.3594,359.6484
cajunb,Terrorist,2095.703,-439.7437,100.0313,Flash,68,84,-76.77332,101.6691,0,False,True,False,104.4141,359.6484
cajunb,Terrorist,2089.996,-432.8397,99.00586,Flash,68,84,-81.68674,97.7652,-40.625,False,True,False,98.4375,358.5938
cajunb,Terrorist,2084.533,-427.1599,94.9043,Flash,68,84,-104.6085,70.22494,-90.625,False,True,False,95.27343,357.1875
cajunb,Terrorist,2077.32,-423.5798,87.67773,Flash,68,84,-115.4162,57.28016,-140.625,False,True,False,93.86719,357.8906
cajunb,Terrorist,2070.606,-420.4889,80.03125,Flash,68,84,-90.4526,29.26906,0,False,True,False,91.05469,357.8906
cajunb,Terrorist,2065.827,-420.4095,80.03125,Flash,68,84,-66.6888,-18.35271,0,False,True,False,88.59375,357.1875
cajunb,Terrorist,2064.023,-422.3513,80.03125,Flash,68,84,-0.4974253,-45.48605,0,False,True,False,88.24219,356.1328
cajunb,Terrorist,2064.001,-426.1152,80.03125,Flash,68,84,0,-48.59837,0,False,True,False,88.24219,356.1328
cajunb,Terrorist,2064.001,-428.3616,80.03125,Flash,68,84,0,-26.09837,0,False,True,False,87.53906,355.0781
cajunb,Terrorist,2064.001,-429.2017,80.03125,Flash,68,84,0,-3.598373,0,False,True,False,88.24219,353.6719
cajunb,Terrorist,2064.001,-429.2017,80.03125,Flash,68,84,0,0,0,False,True,False,88.24219,353.6719
cajunb,Terrorist,2064.001,-429.2017,80.03125,Flash,68,84,0,0,0,False,True,False,88.24219,353.6719
cajunb,Terrorist,2064.001,-429.2017,80.03125,Flash,68,84,0,0,0,False,True,False,88.24219,353.6719
cajunb,Terrorist,2064.001,-429.2017,80.03125,Flash,68,84,0,0,0,False,True,False,88.24219,353.6719
cajunb,Terrorist,2064.001,-429.2017,80.03125,AK47,68,84,0,0,0,False,True,False,88.24219,353.6719
cajunb,Terrorist,2064.001,-429.2017,80.03125,Flash,68,84,0,0,0,False,True,False,88.59375,353.6719
cajunb,Terrorist,2064.001,-429.2017,80.03125,Flash,68,84,0,0,0,False,True,False,88.59375,354.375
cajunb,Terrorist,2064.001,-429.2017,80.03125,Flash,68,84,0,0,0,False,True,False,88.59375,354.375
cajunb,Terrorist,2064.001,-429.2017,80.03125,Flash,68,84,0,0,0,False,True,False,88.24219,354.7266
cajunb,Terrorist,2064.001,-429.2017,80.03125,Flash,68,84,0,0,0,False,True,False,88.24219,354.7266
cajunb,Terrorist,2064.001,-429.2017,80.03125,Flash,68,84,0,0,0,False,True,False,88.24219,354.7266
cajunb,Terrorist,2064.001,-429.2017,80.03125,Flash,68,84,0,0,0,False,True,False,87.89063,354.0234
cajunb,Terrorist,2064.001,-429.2017,80.03125,Flash,68,84,0,0,0,False,True,False,87.89063,353.6719
cajunb,Terrorist,2064.001,-429.2017,80.03125,Flash,68,84,0,0,0,False,True,False,87.89063,353.3203
cajunb,Terrorist,2064.001,-429.2017,80.03125,Flash,68,84,0,0,0,False,True,False,87.89063,353.3203
cajunb,Terrorist,2064.001,-429.2017,80.03125,Flash,68,84,0,0,0,False,True,False,87.89063,353.3203
cajunb,Terrorist,2064.001,-429.2017,80.03125,Flash,68,84,0,0,0,False,True,False,87.89063,353.3203
cajunb,Terrorist,2064.001,-429.2017,80.03125,Flash,68,84,0,0,0,False,True,False,87.89063,353.3203
cajunb,Terrorist,2064.001,-429.2017,80.03125,Flash,68,84,0,0,0,False,True,False,87.89063,353.3203
cajunb,Terrorist,2064.001,-429.2017,80.03125,Flash,68,84,0,0,0,False,True,False,87.89063,353.3203
cajunb,Terrorist,2064.001,-429.2017,80.03125,Flash,68,84,0,0,0,False,True,False,87.89063,353.3203
cajunb,Terrorist,2064.001,-429.2017,80.03125,Flash,68,84,0,0,0,False,True,False,87.89063,353.3203
cajunb,Terrorist,2064.001,-429.2017,80.03125,Flash,68,84,0,0,0,False,True,False,87.89063,353.3203
cajunb,Terrorist,2064.001,-429.2017,80.03125,Flash,68,84,0,0,0,False,True,False,87.89063,353.3203
cajunb,Terrorist,2064.001,-429.2017,80.03125,AK47,68,84,0,0,0,False,True,False,87.89063,353.3203
cajunb,Terrorist,2064.001,-429.2017,80.03125,AK47,68,84,0,0,0,False,True,False,88.59375,353.3203
cajunb,Terrorist,2064.112,-429.2038,80.03125,AK47,68,84,8.560964,-0.1621194,0,False,True,False,88.94531,353.6719
cajunb,Terrorist,2065.456,-429.2141,80.03125,AK47,68,84,31.55962,0.0465656,0,False,True,False,91.05469,354.0234
cajunb,Terrorist,2068.236,-429.1599,80.03125,AK47,68,84,54.51316,1.741715,0,False,True,False,93.86719,354.7266
cajunb,Terrorist,2072.445,-428.9326,80.03125,AK47,68,84,77.27465,5.475311,0,False,True,False,98.08594,355.7813
cajunb,Terrorist,2077.563,-427.7147,80.03125,AK47,68,84,82.60412,32.87133,0,False,True,False,100.5469,355.7813
cajunb,Terrorist,2082.757,-424.7683,80.03125,AK47,68,84,83.44305,57.16113,0,False,True,False,100.5469,355.7813
cajunb,Terrorist,2088.085,-420.6699,80.03125,AK47,68,84,89.73376,66.68651,0,False,True,False,100.5469,355.7813
cajunb,Terrorist,2092.403,-417.2213,80.03125,AK47,68,84,44.80644,45.34198,0,False,True,False,99.84375,355.7813
cajunb,Terrorist,2093.208,-415.3076,80.03125,AK47,68,84,-8.803766,18.01354,0,False,True,False,99.84375,355.7813
cajunb,Terrorist,2091.687,-414.8892,80.03125,AK47,68,84,-34.55407,1.058427,0,False,True,False,99.84375,355.7813
cajunb,Terrorist,2089.053,-415.5697,80.03125,AK47,68,84,-44.85125,-23.70069,0,False,True,False,99.84375,355.7813
cajunb,Terrorist,2085.883,-417.7578,80.03125,AK47,68,84,-59.43569,-37.24679,0,False,True,False,99.84375,355.7813
cajunb,Terrorist,2085.243,-419.1012,80.03125,AK47,68,84,21.93311,-8.211059,0,False,True,False,99.49219,355.7813
cajunb,Terrorist,2088.417,-419.0258,80.03125,AK47,68,84,70.08767,11.86132,0,False,True,False,99.49219,355.7813
cajunb,Terrorist,2093.51,-416.4173,80.03125,AK47,68,84,89.45609,62.8181,0,False,True,False,100.5469,355.7813
cajunb,Terrorist,2099.583,-411.0809,80.03125,AK47,68,84,102.175,101.489,0,False,True,False,102.6563,355.4297
cajunb,Terrorist,2106.202,-403.6237,80.03125,AK47,68,84,107.9336,132.1751,0,False,True,False,106.875,355.4297
cajunb,Terrorist,2113.012,-394.4828,80.03125,AK47,68,84,109.3303,156.3142,0,False,True,False,108.9844,355.0781
cajunb,Terrorist,2119.861,-384.0706,80.03125,AK47,68,84,113.2433,169.9298,0,False,True,False,111.4453,354.7266
cajunb,Terrorist,2128.069,-374.1297,80.03125,AK47,68,84,143.6379,152.2982,0,False,True,False,116.3672,354.7266
cajunb,Terrorist,2137.737,-364.9368,80.03125,AK47,68,84,160.4277,143.1361,0,False,True,False,122.6953,354.7266
cajunb,Terrorist,2147.968,-356.2265,80.03125,AK47,68,84,165.5944,137.1258,0,False,True,False,125.1563,354.7266
cajunb,Terrorist,2159.733,-346.7338,80.03125,AK47,68,84,168.4434,133.6107,0,False,True,False,125.8594,354.375
cajunb,Terrorist,2168.301,-338.8322,80.03125,AK47,68,84,143.6501,155.8206,0,False,True,False,126.9141,354.7266
cajunb,Terrorist,2176.224,-328.1976,80.03125,AK47,68,84,114.922,180.2193,0,False,True,False,126.9141,354.7266
cajunb,Terrorist,2182.577,-316.3728,80.03125,AK47,68,84,91.81296,194.4104,0,False,True,False,126.9141,354.7266
cajunb,Terrorist,2187.676,-303.9442,80.03125,AK47,68,84,74.86837,201.5434,0,False,True,False,124.8047,354.375
cajunb,Terrorist,2192.023,-291.2302,80.03125,AK47,68,84,66.49809,204.4578,0,False,True,False,121.2891,354.375
cajunb,Terrorist,2196.057,-278.4127,80.03125,AK47,68,84,63.49425,205.4105,0,False,True,False,119.1797,355.0781
cajunb,Terrorist,2199.817,-265.549,80.03125,AK47,68,84,48.71175,206.6735,0,False,True,False,119.5313,355.0781
cajunb,Terrorist,2201.195,-252.5192,80.03125,AK47,68,84,3.343836,209.7427,0,False,True,False,119.5313,355.0781
cajunb,Terrorist,2202.003,-239.1763,80.03125,AK47,68,84,19.21242,214.1399,0,False,True,False,120.5859,355.0781
cajunb,Terrorist,2203.239,-225.826,80.15357,AK47,68,84,8.372843,213.3322,0,False,True,False,122.3438,355.4297
cajunb,Terrorist,2202.348,-212.5295,89.0179,AK47,68,84,-30.4119,212.1613,0,False,True,False,124.1016,356.1328
cajunb,Terrorist,2199.376,-199.4369,97.74625,AK47,68,84,-59.49647,206.6039,0,False,True,False,125.5078,356.4844
cajunb,Terrorist,2194.875,-186.7819,106.1829,AK47,68,84,-80.79376,199.242,0,False,True,False,126.9141,356.8359
cajunb,Terrorist,2188.763,-175.9065,113.4332,AK47,68,84,-111.683,137.5361,0,False,True,False,127.2656,357.1875
cajunb,Terrorist,2181.401,-170.3841,117.1148,AK47,68,84,-111.3542,47.57597,0,False,True,False,127.2656,357.5391
cajunb,Terrorist,2174.485,-169.8595,117.4645,AK47,68,84,-120.2501,-13.08832,0,False,True,False,126.2109,357.5391
cajunb,Terrorist,2167.095,-171.3156,116.1936,AK47,68,84,-90.90401,-12.13623,0,False,True,False,124.1016,357.8906
cajunb,Terrorist,2164.453,-170.6869,115.7322,AK47,68,84,-5.958788,23.48503,0,False,True,False,121.6406,357.8906
cajunb,Terrorist,2166.12,-168.5457,117.7151,AK47,68,84,48.69807,43.85094,0,False,True,False,121.2891,357.8906
cajunb,Terrorist,2170.74,-164.9732,120.7221,AK47,68,84,91.7905,66.82993,0,False,True,False,121.9922,357.8906
cajunb,Terrorist,2177.613,-160.1053,123.9673,AK47,68,84,122.343,86.22772,0,False,True,False,125.5078,357.8906
cajunb,Terrorist,2185.513,-154.5017,127.7031,AK47,68,84,106.6767,75.50005,0,False,True,False,126.5625,357.8906
cajunb,Terrorist,2189.187,-151.9973,128.0313,AK47,68,84,23.8808,14.23356,0,False,True,False,127.2656,357.8906
cajunb,Terrorist,2188.394,-152.6457,128.0313,AK47,68,84,-33.4142,-24.50202,0,False,True,False,125.1563,357.8906
cajunb,Terrorist,2186.289,-154.185,127.9142,AK47,68,84,-6.825671,-6.931743,0,False,True,False,121.9922,356.4844
cajunb,Terrorist,2187.687,-153.3419,128.0313,AK47,68,84,41.95766,25.77466,0,False,True,False,121.2891,357.1875
cajunb,Terrorist,2191.687,-150.8852,128.0313,AK47,68,84,69.85487,42.9412,0,False,True,False,121.9922,358.9453
cajunb,Terrorist,2193.61,-149.7144,128.0313,AK47,68,84,-5.650605,-3.697738,0,False,True,False,121.9922,1.054688
cajunb,Terrorist,2191.532,-149.887,128.0313,AK47,68,84,-55.55581,4.774837,0,False,True,False,121.6406,1.054688
cajunb,Terrorist,2186.489,-150.1846,128.0313,AK47,68,84,-97.69151,-20.40001,0,False,True,False,121.9922,1.054688
cajunb,Terrorist,2179.254,-152.5201,128.0313,AK47,68,84,-128.7332,-48.81908,0,False,True,False,119.5313,0.3515625
cajunb,Terrorist,2170.319,-156.2537,126.535,AK47,68,84,-153.0654,-67.16341,0,False,True,False,117.7734,358.9453
cajunb,Terrorist,2160.078,-160.9175,120.452,AK47,68,84,-171.4986,-79.70393,0,False,True,False,116.7187,358.2422
cajunb,Terrorist,2149.301,-165.992,111.5753,AK47,68,84,-152.6608,-71.98637,0,False,True,False,116.3672,357.8906
cajunb,Terrorist,2143.417,-168.729,106.7408,AK47,68,84,-52.86549,-24.03128,0,False,True,False,115.6641,356.8359
cajunb,Terrorist,2142.652,-169.0674,106.1178,AK47,68,84,0,0,0,False,True,False,112.8516,355.0781
cajunb,Terrorist,2141.857,-169.4003,105.4771,AK47,68,84,-10.46228,-4.384206,0,False,True,False,112.1484,354.375
cajunb,Terrorist,2141.169,-169.6637,104.9302,AK47,68,84,-27.33371,-10.23612,0,False,True,False,110.3906,354.0234
cajunb,Terrorist,2137.899,-171.165,102.2502,AK47,68,84,-64.407,-42.61759,0,False,True,False,111.0938,355.7813
cajunb,Terrorist,2134.098,-174.9196,98.46457,AK47,68,84,-73.00654,-86.50706,0,False,True,False,111.0938,355.7813
cajunb,Terrorist,2127.619,-181.6556,91.89995,AK47,68,84,-112.3159,-95.62471,0,False,True,False,111.4453,355.7813
cajunb,Terrorist,2120.506,-187.1795,85.31608,AK47,68,84,-111.0692,-81.63441,0,True,True,False,110.3906,355.4297
cajunb,Terrorist,2113.871,-191.7251,80.03125,AK47,68,84,-93.96252,-61.74886,0,True,True,False,107.5781,354.7266
cajunb,Terrorist,2109.461,-194.5533,80.03125,AK47,68,84,-62.74854,-37.49977,0,False,True,False,106.875,354.0234
cajunb,Terrorist,2105.813,-196.5928,80.03125,AK47,68,84,-43.82743,-26.12697,0,True,True,False,105.4687,353.6719
cajunb,Terrorist,2104.549,-198.2345,80.03125,AK47,68,84,-4.013415,-24.79485,0,True,True,False,103.3594,353.3203
cajunb,Terrorist,2105.076,-199.5802,80.03125,AK47,68,84,15.31565,-19.75908,0,True,True,False,101.9531,352.9688
cajunb,Terrorist,2106.724,-201.0551,80.03125,AK47,68,84,35.56441,-28.1025,0,False,True,False,101.25,352.2656
cajunb,Terrorist,2109.645,-203.2247,80.03125,AK47,68,84,55.32262,-39.998,0,False,True,False,100.8984,350.8594
cajunb,Terrorist,2113.771,-206.1374,80.03125,AK47,68,84,73.83575,-51.24648,0,False,True,False,102.3047,348.75
cajunb,Terrorist,2118.919,-209.6156,80.03125,AK47,68,84,88.50916,-58.524,0,False,True,False,104.4141,347.3438
cajunb,Terrorist,2124.748,-213.3665,80.03125,AK47,68,84,94.51682,-59.71441,0,False,True,False,105.8203,346.6406
cajunb,Terrorist,2130.696,-217.0334,80.03125,AK47,68,84,95.70338,-57.79363,0,False,True,False,107.5781,346.2891
cajunb,Terrorist,2136.723,-220.5683,80.03125,AK47,68,84,97.01522,-55.56335,0,False,True,False,109.3359,345.9375
cajunb,Terrorist,2142.833,-223.9587,80.03125,AK47,68,84,98.28902,-53.27766,0,False,True,False,110.0391,345.9375
cajunb,Terrorist,2148.995,-227.2517,80.03125,AK47,68,84,97.32188,-55.02446,0,False,True,False,110.7422,345.9375
cajunb,Terrorist,2154.563,-231.4517,80.03125,AK47,68,84,82.8447,-75.07327,0,False,True,False,111.7969,345.5859
cajunb,Terrorist,2158.834,-236.7237,80.03125,AK47,68,84,53.14135,-91.63365,0,False,True,False,113.9063,345.2344
cajunb,Terrorist,2161.166,-242.9386,80.03125,AK47,68,84,29.79645,-104.8026,0,False,True,False,115.3125,344.8828
cajunb,Terrorist,2163.675,-249.3726,80.03125,AK47,68,84,52.25687,-96.99066,0,False,True,False,115.6641,345.2344
cajunb,Terrorist,2167.789,-254.9664,80.03125,AK47,68,84,74.46587,-83.39109,0,False,True,False,114.6094,345.5859
cajunb,Terrorist,2172.911,-259.7089,80.03125,AK47,68,84,86.74033,-70.53619,0,False,True,False,113.9063,345.9375
cajunb,Terrorist,2178.58,-263.7813,80.03125,AK47,68,84,94.09409,-59.44005,0,False,True,False,106.1719,348.75
cajunb,Terrorist,2184.105,-266.3473,80.03125,AK47,68,84,104.7678,-39.02507,0,False,True,False,94.21874,350.8594
cajunb,Terrorist,2191.648,-268.5501,80.03125,AK47,68,84,108.027,-28.79933,0,False,True,False,86.13281,351.9141
cajunb,Terrorist,2198.14,-271.1076,80.03125,AK47,68,84,100.5046,-48.97012,0,False,True,False,86.83594,352.2656
cajunb,Terrorist,2204.178,-274.6174,80.03125,AK47,68,84,93.85987,-60.74178,0,False,True,False,88.94531,352.2656
cajunb,Terrorist,2209.865,-278.6746,80.03125,AK47,68,84,89.02332,-67.632,0,False,True,False,89.29688,352.2656
cajunb,Terrorist,2215.678,-282.5288,80.03125,AK47,68,84,98.45796,-52.96479,0,False,True,False,90.70313,351.9141
cajunb,Terrorist,2222.132,-285.1846,80.03125,AK47,68,84,106.2346,-34.83443,0,False,True,False,93.51563,351.9141
cajunb,Terrorist,2228.915,-286.8457,80.03125,AK47,68,84,109.8391,-20.84758,0,False,True,False,94.21874,352.2656
cajunb,Terrorist,2235.837,-287.7851,80.03125,AK47,68,84,111.2546,-11.02962,0,False,True,False,94.5703,352.6172
cajunb,Terrorist,2242.81,-288.2201,80.03125,AK47,68,84,111.7286,-3.993442,0,False,True,False,96.32813,352.2656
cajunb,Terrorist,2249.796,-288.2093,80.03125,AK47,68,84,111.7291,3.981741,0,False,True,False,104.4141,351.5625
cajunb,Terrorist,2256.749,-287.5531,80.03125,AK47,68,84,110.6362,16.08949,0,False,True,False,114.9609,351.2109
cajunb,Terrorist,2264.057,-285.8168,80.03125,AK47,68,84,127.8264,40.38621,0,False,True,False,123.3984,349.8047
cajunb,Terrorist,2270.076,-284.2648,80.03125,AK47,68,84,59.10791,2.516433,0,False,True,False,128.6719,349.1016
cajunb,Terrorist,2271.098,-285.5315,80.03125,AK47,68,84,-12.09442,-33.79736,0,False,True,False,130.4297,348.0469
cajunb,Terrorist,2269.196,-288.2155,80.03125,AK47,68,84,-21.64218,-33.06126,0,False,True,False,127.6172,348.0469
cajunb,Terrorist,2269.884,-288.2184,80.03125,AK47,68,84,29.95481,19.06046,0,False,True,False,127.6172,349.1016
cajunb,Terrorist,2273.202,-285.8664,80.03125,AK47,68,84,71.16838,51.64324,0,False,True,False,126.5625,350.1563
cajunb,Terrorist,2276.496,-283.4663,80.03125,AK47,68,84,20.5815,15.17839,0,False,True,False,126.2109,350.1563
cajunb,Terrorist,2276.877,-283.1854,80.03125,AK47,68,84,20.42415,15.11039,0,False,True,False,126.2109,350.5078
cajunb,Terrorist,2279.651,-281.1478,80.03125,AK47,68,84,62.94425,46.32811,0,False,True,False,126.5625,352.2656
cajunb,Terrorist,2284.934,-277.2668,80.03125,AK47,68,84,99.86948,72.89455,0,False,True,False,125.1563,354.0234
cajunb,Terrorist,2292.188,-272.0112,80.03125,AK47,68,84,127.3658,92.05041,0,False,True,False,125.8594,354.0234
cajunb,Terrorist,2299.724,-266.5484,80.03125,AK47,68,84,144.8009,105.4622,0,False,True,False,127.2656,354.7266
cajunb,Terrorist,2310.514,-258.5198,80.03125,AK47,68,84,159.4469,120.6413,0,False,True,False,129.375,355.7813
cajunb,Terrorist,2320.813,-250.6074,80.03125,AK47,68,84,168.389,130.9401,0,False,True,False,130.4297,355.7813
cajunb,Terrorist,2331.464,-242.447,80.03125,AK47,68,84,176.1444,121.2891,0,False,True,False,133.9453,357.8906
cajunb,Terrorist,2343.193,-236.048,80.03125,AK47,68,84,195.6139,89.22002,0,False,True,False,135.3516,358.9453
cajunb,Terrorist,2355.788,-231.3869,80.03125,AK47,68,84,205.1391,64.36588,0,False,True,False,136.0547,359.2969
cajunb,Terrorist,2368.774,-227.9456,80.03125,AK47,68,84,209.2782,49.27091,0,False,True,False,139.9219,0
cajunb,Terrorist,2381.905,-225.092,80.64285,AK47,68,84,210.3801,44.33062,0,False,True,False,146.25,358.9453
cajunb,Terrorist,2395.038,-222.2512,82.53672,AK47,68,84,209.7843,47.06966,0,False,True,False,151.1719,358.9453
cajunb,Terrorist,2407.981,-219.4287,80.03125,AK47,68,84,199.0588,61.93502,0,False,True,False,151.1719,358.5938
cajunb,Terrorist,2419.71,-214.374,80.03125,AK47,68,84,189.8032,30.45022,0,False,True,False,151.5234,358.9453
cajunb,Terrorist,2431.192,-212.5324,80.03125,AK47,68,84,179.438,28.77939,0,False,True,False,151.5234,358.9453
cajunb,Terrorist,2442.125,-210.7789,80.03125,AK47,68,84,171.7846,27.55194,0,False,True,False,151.5234,358.5938
cajunb,Terrorist,2452.419,-207.5937,80.03125,AK47,68,84,158.891,72.77006,0,False,True,False,151.5234,358.5938
cajunb,Terrorist,2460.878,-203.7845,80.03125,AK47,68,84,125.3042,49.12132,0,False,True,False,151.5234,358.5938
cajunb,Terrorist,2469.502,-202.4499,80.03125,AK47,68,84,139.4369,-4.182602,0,False,True,False,151.5234,358.5938
cajunb,Terrorist,2478.667,-204.1108,80.03125,AK47,68,84,153.3254,-41.70873,0,False,True,False,150.4688,358.2422
cajunb,Terrorist,2487.367,-208.4139,80.03125,AK47,68,84,126.9186,-79.24741,0,False,True,False,151.5234,356.1328
cajunb,Terrorist,2494.109,-213.3532,80.03125,AK47,68,84,85.34844,-72.21414,0,False,True,False,153.2813,354.0234
cajunb,Terrorist,2498.934,-218.3954,80.03125,AK47,68,84,71.33591,-86.08383,0,False,True,False,154.3359,353.3203
cajunb,Terrorist,2503.511,-223.6673,80.03125,AK47,68,84,78.53838,-79.56734,0,False,True,False,154.3359,353.6719
cajunb,Terrorist,2508.893,-227.9722,80.03125,AK47,68,84,93.21228,-55.63315,0,False,True,False,153.2813,354.0234
cajunb,Terrorist,2515.215,-230.4667,80.03125,AK47,68,84,106.7858,-29.04046,0,False,True,False,151.875,354.375
cajunb,Terrorist,2521.233,-231.4899,80.03125,AK47,68,84,111.1887,-11.67516,0,False,True,False,150.4688,355.4297
cajunb,Terrorist,2528.869,-232.4407,80.03125,AK47,68,84,101.184,-28.09237,0,False,True,False,149.7656,355.7813
cajunb,Terrorist,2534.59,-235.3429,80.03125,AK47,68,84,84.7781,-59.31002,0,False,True,False,149.7656,355.4297
cajunb,Terrorist,2539.452,-239.8923,80.03125,AK47,68,84,72.93494,-82.23876,0,False,True,False,150.4688,355.7813
cajunb,Terrorist,2543.591,-245.5059,80.03125,AK47,68,84,60.77584,-93.83782,0,False,True,False,150.8203,355.7813
cajunb,Terrorist,2547.039,-251.5805,80.03125,AK47,68,84,51.28781,-99.34183,0,False,True,False,151.1719,355.7813
cajunb,Terrorist,2549.93,-257.9243,80.03125,AK47,68,84,38.15574,-104.1665,0,False,True,False,153.9844,355.4297
cajunb,Terrorist,2551.358,-264.7298,80.03125,AK47,68,84,12.33093,-111.1179,0,False,True,False,158.5547,355.0781
cajunb,Terrorist,2551.47,-271.7095,80.03125,AK47,68,84,-5.44538,-111.6673,0,False,True,False,158.5547,354.375
cajunb,Terrorist,2550.669,-278.6476,80.03125,AK47,68,84,-17.86535,-110.3633,0,False,True,False,157.8516,354.0234
cajunb,Terrorist,2549.233,-285.4841,80.03125,AK47,68,84,-26.5394,-108.6043,0,False,True,False,156.7969,353.6719
cajunb,Terrorist,2547.355,-292.2137,80.03125,AK47,68,84,-32.37839,-107.0088,0,False,True,False,156.4453,353.6719
cajunb,Terrorist,2545.317,-298.5597,80.03125,AK47,68,84,-26.5522,-84.55515,0,False,True,False,154.3359,353.6719
cajunb,Terrorist,2544.581,-301.6055,80.03125,AK47,68,84,-0.9038708,-21.25796,0,False,True,False,153.2813,353.6719
cajunb,Terrorist,2544.687,-301.7499,80.03125,AK47,68,84,-3.92504,-7.609891,0,False,True,False,152.5781,353.6719
cajunb,Terrorist,2544.059,-302.9381,80.03125,AK47,68,84,-14.93113,-27.80561,0,False,True,False,151.1719,354.0234
cajunb,Terrorist,2542.711,-305.3705,80.03125,AK47,68,84,-26.86305,-47.4785,0,False,True,False,149.0625,354.375
cajunb,Terrorist,2540.588,-309.0143,80.03125,AK47,68,84,-39.58038,-66.66717,0,False,True,False,147.3047,354.7266
cajunb,Terrorist,2537.691,-313.7618,80.03125,AK47,68,84,-51.2408,-82.39847,0,False,True,False,145.8984,354.7266
cajunb,Terrorist,2534.23,-319.2169,80.03125,AK47,68,84,-54.02852,-84.43601,0,False,True,False,145.1953,354.7266
cajunb,Terrorist,2531.748,-323.1448,80.03125,AK47,68,84,-23.92382,-39.50565,0,False,True,False,144.4922,354.7266
cajunb,Terrorist,2531.474,-323.7245,80.03125,AK47,68,84,6.143764,8.261444,0,False,True,False,144.1406,354.7266
cajunb,Terrorist,2531.598,-322.407,80.03125,AK47,68,84,-1.858262,31.04253,0,False,True,False,143.7891,354.7266
cajunb,Terrorist,2530.76,-320.0305,80.03125,AK47,68,84,-25.54456,40.92089,0,False,True,False,143.7891,354.7266
cajunb,Terrorist,2528.341,-317.1654,80.03125,AK47,68,84,-48.38162,50.11057,0,False,True,False,143.7891,354.7266
cajunb,Terrorist,2524.147,-313.3273,80.03125,AK47,68,84,-84.06355,72.41637,0,False,True,False,142.7344,354.7266
cajunb,Terrorist,2518.692,-308.7344,80.03125,AK47,68,84,-110.3712,92.11962,0,False,True,False,140.9766,354.7266
cajunb,Terrorist,2509.268,-303.6595,80.03125,AK47,68,84,-150.901,58.13611,0,False,True,False,140.2734,354.7266
cajunb,Terrorist,2498.877,-300.7653,80.03125,AK47,68,84,-177.0761,38.40753,0,False,True,False,137.8125,355.0781
cajunb,Terrorist,2487.098,-298.8309,80.03125,AK47,68,84,-196.4648,25.97241,0,False,True,False,136.4063,355.4297
cajunb,Terrorist,2474.293,-297.5234,80.03125,AK47,68,84,-210.7645,17.37236,0,False,True,False,136.4063,355.4297
cajunb,Terrorist,2461.086,-297.4052,80.03125,AK47,68,84,-207.2046,-19.49895,0,False,True,False,136.4063,355.4297
cajunb,Terrorist,2448.437,-300.1633,80.03125,AK47,68,84,-199.4331,-60.98595,0,False,True,False,133.5938,355.4297
cajunb,Terrorist,2437.149,-302.9629,80.03125,AK47,68,84,-210.4138,-44.1705,0,False,True,False,132.5391,355.0781
cajunb,Terrorist,2422.224,-305.3447,80.03125,AK47,68,84,-213.3582,-26.51941,0,False,True,False,132.1875,355.0781
cajunb,Terrorist,2408.846,-306.581,80.03125,AK47,68,84,-214.4762,-14.99849,0,False,True,False,131.4844,355.0781
cajunb,Terrorist,2395.469,-307.0402,80.03125,AK47,68,84,-211.0253,6.654594,0,False,True,False,130.4297,355.0781
cajunb,Terrorist,2382.759,-304.8321,80.03125,AK47,68,84,-197.8405,55.57734,0,False,True,False,129.375,355.0781
cajunb,Terrorist,2370.768,-300.0206,80.03125,AK47,68,84,-187.6284,92.02757,0,False,True,False,129.375,355.0781
cajunb,Terrorist,2358.686,-294.4277,80.03125,AK47,68,84,-199.0957,81.15351,0,False,True,False,128.6719,355.0781
cajunb,Terrorist,2346.072,-289.808,80.03125,AK47,68,84,-200.2367,77.82683,0,False,True,False,127.9687,355.0781
cajunb,Terrorist,2334.066,-283.8038,80.03125,AK47,68,84,-185.5694,108.5771,0,False,True,False,127.2656,355.0781
cajunb,Terrorist,2322.971,-276.2354,80.03125,AK47,68,84,-171.5097,129.6512,0,False,True,False,126.5625,355.0781
cajunb,Terrorist,2312.686,-267.5946,80.03125,AK47,68,84,-159.4708,144.2014,0,False,True,False,125.5078,355.4297
cajunb,Terrorist,2303.076,-258.205,80.03125,AK47,68,84,-149.6057,154.4122,0,False,True,False,124.8047,355.4297
cajunb,Terrorist,2294.01,-248.2894,80.03125,AK47,68,84,-141.8867,161.5337,0,False,True,False,124.8047,355.4297
cajunb,Terrorist,2285.37,-237.9989,80.03125,AK47,68,84,-133.1739,168.7889,0,False,True,False,124.8047,355.4297
cajunb,Terrorist,2278.757,-226.6928,80.03125,AK47,68,84,-86.7058,189.4147,0,False,True,False,125.1563,355.4297
cajunb,Terrorist,2274.574,-214.293,87.84218,AK47,68,84,-53.14635,204.7199,0,False,True,False,125.8594,356.1328
cajunb,Terrorist,2270.358,-201.5848,96.31436,AK47,68,84,-76.99445,200.7408,0,False,True,False,126.2109,356.8359
cajunb,Terrorist,2264.961,-189.2823,104.516,AK47,68,84,-92.74624,193.9668,0,False,True,False,126.2109,357.1875
cajunb,Terrorist,2258.765,-177.3603,112.464,AK47,68,84,-103.5047,188.4457,0,False,True,False,126.2109,357.1875
cajunb,Terrorist,2251.028,-167.203,119.2355,AK47,68,84,-135.8782,130.7298,0,False,True,False,126.2109,357.5391
cajunb,Terrorist,2244.234,-161.3427,123.1424,AK47,68,84,-94.12464,107.2979,0,False,True,False,126.2109,357.8906
cajunb,Terrorist,2241.152,-153.3017,128.0313,AK47,68,84,-7.960829,119.3877,0,False,True,False,126.2109,357.8906
cajunb,Terrorist,2242.686,-145.5563,128.0313,AK47,68,84,47.35112,127.1125,0,False,True,False,126.2109,357.8906
cajunb,Terrorist,2245.709,-136.4931,128.0313,AK47,68,84,46.99801,158.2491,0,False,True,False,126.2109,357.8906
cajunb,Terrorist,2248.551,-125.7336,128.0313,AK47,68,84,44.35943,181.9176,0,False,True,False,126.5625,357.8906
cajunb,Terrorist,2251.248,-113.723,128.0313,AK47,68,84,42.25092,199.3752,0,False,True,False,126.9141,358.2422
cajunb,Terrorist,2253.819,-100.7967,126.3651,AK47,68,84,40.26416,211.1961,0,False,True,False,126.9141,358.2422
cajunb,Terrorist,2256.254,-87.58173,125.7325,AK47,68,84,38.09376,211.5984,0,False,True,False,126.2109,357.5391
cajunb,Terrorist,2260.094,-75.04194,125.5535,AK47,68,84,65.94722,184.1151,0,False,True,False,127.9687,355.4297
cajunb,Terrorist,2261.689,-66.83844,125.6114,AK47,68,84,-2.65292,93.87321,0,False,True,False,130.0781,355.0781
cajunb,Terrorist,2259.745,-63.5103,125.4937,AK47,68,84,-50.03308,23.78076,0,False,True,False,131.4844,355.7813
cajunb,Terrorist,2255.397,-63.88566,125.2496,AK47,68,84,-84.24242,-26.61455,0,False,True,False,131.8359,355.7813
cajunb,Terrorist,2249.161,-66.93384,124.9081,AK47,68,84,-110.6229,-64.40411,0,False,True,False,132.5391,356.8359
cajunb,Terrorist,2243.843,-69.86105,124.821,AK47,68,84,-54.98027,-23.53941,0,False,True,False,132.1875,357.5391
cajunb,Terrorist,2241.426,-70.83249,124.8585,AK47,68,84,-47.89989,-28.50061,0,False,True,False,131.4844,0.3515625
cajunb,Terrorist,2237.93,-73.19435,124.9592,AK47,68,84,-50.46761,-34.54592,0,False,True,False,129.7266,0.3515625
cajunb,Terrorist,2235.1,-76.35585,125.1014,AK47,68,84,-42.57645,-74.46931,0,False,True,False,129.7266,1.40625
cajunb,Terrorist,2232.668,-82.70915,125.4005,AK47,68,84,-35.68989,-120.7787,0,False,True,False,132.8906,4.21875
cajunb,Terrorist,2232.525,-90.77685,125.7921,AK47,68,84,22.15436,-133.8278,0,False,True,False,140.625,8.4375
cajunb,Terrorist,2234.202,-98.77438,126.1876,AK47,68,84,30.6057,-157.582,0,False,True,False,140.9766,8.085938
cajunb,Terrorist,2236.306,-110.9517,126.7881,AK47,68,84,29.42867,-184.3137,0,False,True,False,140.9766,8.085938
cajunb,Terrorist,2237.389,-121.385,128.0313,AK47,68,84,3.884635,-192.8248,0,False,True,False,146.6016,8.4375
cajunb,Terrorist,2236.773,-134.7521,128.0313,AK47,68,84,-10.10385,-171.6079,0,False,True,False,190.1953,9.492188
cajunb,Terrorist,2236.239,-143.8174,128.0313,AK47,68,84,-7.442051,-126.3989,0,False,True,False,209.5313,7.734375
cajunb,Terrorist,2235.846,-150.4946,128.0313,AK47,68,84,-5.481489,-93.09988,0,False,True,False,209.5313,7.734375
cajunb,Terrorist,2235.287,-156.0576,126.6658,AK47,68,84,-15.96951,-101.7217,0,False,True,False,209.5313,7.734375
cajunb,Terrorist,2233.802,-163.7712,121.5234,AK47,68,84,-28.99046,-138.7164,0,False,True,False,210.9375,7.382813
cajunb,Terrorist,2231.737,-173.466,115.0602,AK47,68,84,-35.38189,-166.74,0,False,True,False,213.75,6.679688
cajunb,Terrorist,2229.412,-184.6576,107.5992,AK47,68,84,-38.4075,-187.73,0,False,True,False,214.1016,6.328125
cajunb,Terrorist,2226.885,-196.9491,99.40479,AK47,68,84,-42.58076,-202.776,0,False,True,False,210.5859,6.328125
cajunb,Terrorist,2223.88,-209.9156,90.76045,AK47,68,84,-53.6277,-208.2044,0,False,True,False,199.3359,7.382813
cajunb,Terrorist,2219.886,-222.741,82.21019,AK47,68,84,-68.38515,-203.8344,0,False,True,False,183.5156,7.382813
cajunb,Terrorist,2216.166,-235.6519,80.03125,AK47,68,84,-56.58721,-207.4196,0,False,True,False,165.5859,7.03125
cajunb,Terrorist,2212.416,-248.5546,80.03125,AK47,68,84,-64.21176,-205.1873,0,False,True,False,154.3359,7.03125
cajunb,Terrorist,2208.078,-261.2714,80.03125,AK47,68,84,-72.97935,-202.235,0,False,True,False,154.3359,7.03125
cajunb,Terrorist,2203.3,-273.8304,80.03125,AK47,68,84,-78.79296,-200.0417,0,False,True,False,154.3359,7.03125
cajunb,Terrorist,2198.314,-286.1074,80.03125,AK47,68,84,-75.70678,-184.2284,0,False,True,False,154.6875,7.03125
cajunb,Terrorist,2194.368,-295.7885,80.03125,AK47,68,84,-48.98286,-129.1741,0,False,True,False,133.9453,8.4375
cajunb,Terrorist,2192.217,-300.2165,80.03125,AK47,68,84,-20.06153,-29.71129,0,False,True,False,113.9063,8.4375
cajunb,Terrorist,2192.095,-299.5777,80.03125,AK47,68,84,-2.265799,33.72722,0,False,True,False,105.1172,8.789063
cajunb,Terrorist,2190.584,-296.2924,80.03125,AK47,68,84,-47.39786,61.25946,0,False,True,False,105.1172,8.789063
cajunb,Terrorist,2185.973,-291.8518,80.03125,AK47,68,84,-92.27677,77.92074,0,False,True,False,105.1172,8.789063
cajunb,Terrorist,2178.992,-286.5311,80.03125,AK47,68,84,-125.3326,90.1927,0,False,True,False,105.1172,8.789063
cajunb,Terrorist,2170.288,-280.5241,80.03125,AK47,68,84,-148.5872,101.0353,0,False,True,False,101.25,6.679688
cajunb,Terrorist,2160.486,-273.7468,80.03125,AK47,68,84,-162.0419,114.3835,0,False,True,False,95.97657,4.921875
cajunb,Terrorist,2150.264,-266.0909,80.03125,AK47,68,84,-150.557,130.9964,0,False,True,False,94.5703,4.570313
cajunb,Terrorist,2144.729,-258.9717,80.03125,AK47,68,84,-45.03495,101.8952,0,False,True,False,94.5703,4.570313
cajunb,Terrorist,2144.769,-253.3922,80.03125,AK47,68,84,32.69341,80.39352,0,False,True,False,94.5703,4.21875
cajunb,Terrorist,2148.914,-248.9476,80.03125,AK47,68,84,89.93866,64.6304,0,False,True,False,94.5703,4.21875
cajunb,Terrorist,2156.083,-245.3309,80.03125,AK47,68,84,132.089,53.18665,0,False,True,False,94.92187,4.921875
cajunb,Terrorist,2165.261,-242.3174,80.03125,AK47,68,84,144.7073,43.58213,0,False,True,False,95.27343,5.273438
cajunb,Terrorist,2172.688,-240.0354,80.03125,AK47,68,84,88.20542,30.38256,0,False,True,False,95.27343,5.273438
cajunb,Terrorist,2174.819,-238.7457,80.03125,AK47,68,84,-5.476573,11.08656,0,False,True,False,95.27343,5.273438
cajunb,Terrorist,2174.469,-238.5475,80.03125,AK47,68,84,0,0,0,False,True,False,95.27343,5.273438
cajunb,Terrorist,2174.469,-238.5475,80.03125,AK47,68,84,0,0,0,False,True,False,95.27343,5.273438
cajunb,Terrorist,2176.49,-238.3585,80.03125,AK47,68,84,55.3213,5.171433,0,False,True,False,95.27343,5.273438
cajunb,Terrorist,2179.745,-238.0542,80.03125,AK47,68,84,42.28439,3.952742,0,False,True,False,95.27343,5.273438
cajunb,Terrorist,2181.6,-237.8808,80.03125,AK47,68,84,19.88206,1.858574,0,False,True,False,95.27343,5.273438
cajunb,Terrorist,2182.073,-237.8366,80.03125,AK47,68,84,0,0,0,False,True,False,95.27343,5.273438
cajunb,Terrorist,2182.073,-237.8366,80.03125,AK47,68,84,0,0,0,False,True,False,95.27343,5.273438
cajunb,Terrorist,2182.073,-237.8366,80.03125,AK47,68,84,0,0,0,False,True,False,95.27343,5.273438
cajunb,Terrorist,2182.073,-237.8366,80.03125,AK47,68,84,0,0,0,False,True,False,95.27343,5.273438
cajunb,Terrorist,2182.073,-237.8366,80.03125,AK47,68,84,0,0,0,False,True,False,95.27343,5.273438
cajunb,Terrorist,2182.073,-237.8366,80.03125,AK47,68,84,0,0,0,False,True,False,95.27343,5.273438
cajunb,Terrorist,2182.073,-237.8366,80.03125,AK47,68,84,0,0,0,False,True,False,95.27343,5.273438
cajunb,Terrorist,2182.073,-237.8366,80.03125,AK47,68,84,0,0,0,False,True,False,95.27343,5.273438
cajunb,Terrorist,2182.073,-237.8366,80.03125,AK47,68,84,0,0,0,False,True,False,95.27343,5.273438
cajunb,Terrorist,2182.073,-237.8366,80.03125,AK47,68,84,0,0,0,False,True,False,95.27343,5.273438
cajunb,Terrorist,2182.073,-237.8366,80.03125,AK47,68,84,0,0,0,False,True,False,95.27343,5.273438
cajunb,Terrorist,2182.073,-237.8366,80.03125,AK47,68,84,0,0,0,False,True,False,95.27343,5.273438
cajunb,Terrorist,2182.073,-237.8366,80.03125,AK47,68,84,0,0,0,False,True,False,95.27343,5.273438
cajunb,Terrorist,2182.073,-237.8366,80.03125,AK47,68,84,0,0,0,False,True,False,95.27343,5.273438
cajunb,Terrorist,2182.073,-237.8366,80.03125,AK47,68,84,0,0,0,False,True,False,95.27343,5.273438
cajunb,Terrorist,2182.073,-237.8366,80.03125,AK47,68,84,0,0,0,False,True,False,95.27343,5.273438
cajunb,Terrorist,2182.073,-237.8366,80.03125,AK47,68,84,0,0,0,False,True,False,95.27343,5.273438
cajunb,Terrorist,2182.073,-237.8366,80.03125,AK47,68,84,0,0,0,False,True,False,95.27343,5.273438
cajunb,Terrorist,2182.073,-237.8366,80.03125,AK47,68,84,0,0,0,False,True,False,95.27343,5.273438
cajunb,Terrorist,2182.073,-237.8366,80.03125,AK47,68,84,0,0,0,False,True,False,95.27343,5.273438
cajunb,Terrorist,2182.073,-237.8366,80.03125,AK47,68,84,0,0,0,False,True,False,95.27343,5.273438
cajunb,Terrorist,2182.073,-237.8366,80.03125,AK47,68,84,0,0,0,False,True,False,95.27343,5.273438
cajunb,Terrorist,2182.073,-237.8366,80.03125,AK47,68,84,0,0,0,False,True,False,95.27343,5.273438
cajunb,Terrorist,2182.073,-237.8366,80.03125,AK47,68,84,0,0,0,False,True,False,95.27343,5.273438
cajunb,Terrorist,2182.073,-237.8366,80.03125,AK47,68,84,0,0,0,False,True,False,95.27343,5.273438
cajunb,Terrorist,2182.073,-237.8366,80.03125,AK47,68,84,0,0,0,False,True,False,95.27343,5.273438
cajunb,Terrorist,2182.073,-237.8366,80.03125,AK47,68,84,0,0,0,False,True,False,95.27343,5.273438
cajunb,Terrorist,2182.073,-237.8366,80.03125,AK47,68,84,0,0,0,False,True,False,95.27343,5.273438
cajunb,Terrorist,2182.073,-237.8366,80.03125,AK47,68,84,0,0,0,False,True,False,93.86719,4.921875
cajunb,Terrorist,2182.073,-237.8366,80.03125,AK47,68,84,0,0,0,False,True,False,93.86719,4.921875
cajunb,Terrorist,2182.073,-237.8366,80.03125,AK47,68,84,0,0,0,False,True,False,93.86719,4.921875
cajunb,Terrorist,2182.073,-237.8366,80.03125,AK47,68,84,0,0,0,False,True,False,93.51563,4.921875
