Name,Team,Position.X,Position.Y,Position.Z,ActiveWeapon,HP,Armour,Velocity.X,Velocity.Y,Velocity.Z,IsDucking,HasHelmet,HasDefuseKit,ViewDirectionX,ViewDirectionY,Map = de_inferno
EPSILON shox * Viewsonic,CounterTerrorist,2361,2008,126.8642,Knife,100,74,0,0,0,False,True,True,262.6172,15.46875
EPSILON shox * Viewsonic,CounterTerrorist,2361,2008,126.0593,Knife,100,74,0,0,0,False,True,True,262.6172,15.46875
EPSILON shox * Viewsonic,CounterTerrorist,2361,2008,126.0593,Knife,100,74,0,0,0,False,True,True,262.6172,15.11719
EPSILON shox * Viewsonic,CounterTerrorist,2361,2008,126.0593,Knife,100,74,0,0,0,False,True,True,117.4219,0
EPSILON shox * Viewsonic,CounterTerrorist,2361,2008,126.0593,Knife,100,74,0,0,0,False,True,True,117.4219,359.6484
EPSILON shox * Viewsonic,CounterTerrorist,2361,2008,126.0593,Knife,100,74,0,0,0,False,True,True,117.4219,359.6484
EPSILON shox * Viewsonic,CounterTerrorist,2361,2008,126.0593,Knife,100,74,0,0,0,False,True,True,117.4219,359.6484
EPSILON shox * Viewsonic,CounterTerrorist,2361,2008,126.0593,Knife,100,74,0,0,0,False,True,True,116.7187,359.6484
EPSILON shox * Viewsonic,CounterTerrorist,2361,2008,126.0593,Knife,100,74,0,0,0,False,True,True,116.7187,359.6484
EPSILON shox * Viewsonic,CounterTerrorist,2361,2008,126.0593,Knife,100,74,0,0,0,False,True,True,116.7187,359.6484
EPSILON shox * Viewsonic,CounterTerrorist,2361,2008,126.0593,Knife,100,74,0,0,0,False,True,True,116.7187,359.6484
EPSILON shox * Viewsonic,CounterTerrorist,2361,2008,126.0593,Knife,100,74,0,0,0,False,True,True,116.7187,359.6484
EPSILON shox * Viewsonic,CounterTerrorist,2361,2008,126.0593,Knife,100,74,0,0,0,False,True,True,116.7187,359.6484
EPSILON shox * Viewsonic,CounterTerrorist,2361,2008,126.0593,Knife,100,74,0,0,0,False,True,True,116.7187,359.6484
EPSILON shox * Viewsonic,CounterTerrorist,2361,2008,126.0593,Knife,100,74,0,0,0,False,True,True,116.7187,359.6484
EPSILON shox * Viewsonic,CounterTerrorist,2361,2008,126.0593,Knife,100,74,0,0,0,False,True,True,116.7187,359.6484
EPSILON shox * Viewsonic,CounterTerrorist,2361,2008,126.0593,Knife,100,74,0,0,0,False,True,True,116.7187,359.6484
EPSILON shox * Viewsonic,CounterTerrorist,2361,2008,126.0593,Knife,100,74,0,0,0,False,True,True,116.7187,359.6484
EPSILON shox * Viewsonic,CounterTerrorist,2361,2008,126.0593,Knife,100,74,0,0,0,False,True,True,116.7187,359.6484
EPSILON shox * Viewsonic,CounterTerrorist,2361,2008,126.0593,Knife,100,74,0,0,0,False,True,True,116.7187,359.6484
EPSILON shox * Viewsonic,CounterTerrorist,2361,2008,126.0593,Knife,100,74,0,0,0,False,True,True,116.7187,359.6484
EPSILON shox * Viewsonic,CounterTerrorist,2361,2008,126.0593,Knife,100,74,0,0,0,False,True,True,116.7187,359.6484
EPSILON shox * Viewsonic,CounterTerrorist,2361,2008,126.0593,Knife,100,74,0,0,0,False,True,True,116.7187,359.6484
EPSILON shox * Viewsonic,CounterTerrorist,2361,2008,126.0593,Knife,100,74,0,0,0,False,True,True,116.7187,359.6484
EPSILON shox * Viewsonic,CounterTerrorist,2361,2008,126.0593,Knife,100,74,0,0,0,False,True,True,116.7187,359.6484
EPSILON shox * Viewsonic,CounterTerrorist,2361,2008,126.0593,Knife,100,74,0,0,0,False,True,True,116.7187,359.6484
EPSILON shox * Viewsonic,CounterTerrorist,2361,2008,126.0593,Incendiary,100,74,0,0,0,False,True,True,116.7187,359.6484
EPSILON shox * Viewsonic,CounterTerrorist,2361,2008,126.0593,Incendiary,100,74,0,0,0,False,True,True,116.7187,359.6484
EPSILON shox * Viewsonic,CounterTerrorist,2361,2008,126.0593,Incendiary,100,74,0,0,0,False,True,True,116.7187,359.6484
EPSILON shox * Viewsonic,CounterTerrorist,2361,2008,126.0593,Incendiary,100,74,0,0,0,False,True,True,116.7187,359.6484
EPSILON shox * Viewsonic,CounterTerrorist,2361,2008,126.0593,Incendiary,100,74,0,0,0,False,True,True,116.7187,359.6484
EPSILON shox * Viewsonic,CounterTerrorist,2361,2008,126.0593,Incendiary,100,74,0,0,0,False,True,True,133.9453,353.3203
EPSILON shox * Viewsonic,CounterTerrorist,2361,2008,126.0593,Incendiary,100,74,0,0,0,False,True,True,133.9453,353.3203
EPSILON shox * Viewsonic,CounterTerrorist,2361,2008,126.0593,Incendiary,100,74,0,0,0,False,True,True,136.7578,354.0234
EPSILON shox * Viewsonic,CounterTerrorist,2361,2008,126.0593,Incendiary,100,74,0,0,0,False,True,True,152.2266,356.8359
EPSILON shox * Viewsonic,CounterTerrorist,2361,2008,126.0593,Incendiary,100,74,0,0,0,False,True,True,181.0547,2.109375
EPSILON shox * Viewsonic,CounterTerrorist,2361,2008,126.0593,Incendiary,100,74,0,0,0,False,True,True,208.8281,8.085938
EPSILON shox * Viewsonic,CounterTerrorist,2361,2008,126.0593,CZ,100,74,0,0,0,False,True,True,211.9922,9.492188
EPSILON shox * Viewsonic,CounterTerrorist,2361,2008,126.0593,AK47,100,74,0,0,0,False,True,True,211.9922,9.492188
EPSILON shox * Viewsonic,CounterTerrorist,2361,2008,126.0593,Knife,100,74,0,0,0,False,True,True,211.9922,9.492188
EPSILON shox * Viewsonic,CounterTerrorist,2361,2008,126.0593,Knife,100,74,0,0,0,False,True,True,211.9922,9.492188
EPSILON shox * Viewsonic,CounterTerrorist,2361,2008,126.0593,Knife,100,74,0,0,0,False,True,True,211.9922,9.492188
EPSILON shox * Viewsonic,CounterTerrorist,2361,2008,126.0593,Knife,100,74,0,0,0,False,True,True,212.3437,9.140625
EPSILON shox * Viewsonic,CounterTerrorist,2361,2008,126.0593,Knife,100,74,0,0,0,False,True,True,216.5625,5.976563
EPSILON shox * Viewsonic,CounterTerrorist,2361,2008,126.0593,Knife,100,74,0,0,0,False,True,True,221.4844,4.21875
EPSILON shox * Viewsonic,CounterTerrorist,2361,2008,126.0593,Knife,100,74,0,0,0,False,True,True,225.3516,3.515625
EPSILON shox * Viewsonic,CounterTerrorist,2361,2008,126.0593,Knife,100,74,0,0,0,False,True,True,227.4609,3.515625
EPSILON shox * Viewsonic,CounterTerrorist,2361,2008,126.0593,Knife,100,74,0,0,0,False,True,True,228.8672,3.867188
EPSILON shox * Viewsonic,CounterTerrorist,2361,2008,126.0593,Knife,100,74,0,0,0,False,True,True,230.2734,3.867188
EPSILON shox * Viewsonic,CounterTerrorist,2361,2008,126.0593,Knife,100,74,0,0,0,False,True,True,230.9766,4.21875
EPSILON shox * Viewsonic,CounterTerrorist,2361,2008,126.0593,Knife,100,74,0,0,0,False,True,True,231.6797,4.21875
EPSILON shox * Viewsonic,CounterTerrorist,2361,2008,126.0593,Knife,100,74,0,0,0,False,True,True,231.3281,4.21875
EPSILON shox * Viewsonic,CounterTerrorist,2361,2008,126.0593,Knife,100,74,0,0,0,False,True,True,230.9766,4.21875
EPSILON shox * Viewsonic,CounterTerrorist,2361,2008,126.0593,Knife,100,74,0,0,0,False,True,True,230.9766,4.21875
EPSILON shox * Viewsonic,CounterTerrorist,2361,2008,126.0593,Knife,100,74,0,0,0,False,True,True,230.9766,4.21875
EPSILON shox * Viewsonic,CounterTerrorist,2361,2008,126.0593,Knife,100,74,0,0,0,False,True,True,230.9766,4.21875
EPSILON shox * Viewsonic,CounterTerrorist,2361,2008,126.0593,Knife,100,74,0,0,0,False,True,True,230.9766,4.21875
EPSILON shox * Viewsonic,CounterTerrorist,2361,2008,126.0593,Knife,100,74,0,0,0,False,True,True,230.9766,4.21875
EPSILON shox * Viewsonic,CounterTerrorist,2361,2008,126.0593,Knife,100,74,0,0,0,False,True,True,230.9766,4.570313
EPSILON shox * Viewsonic,CounterTerrorist,2361,2008,126.0593,Knife,100,74,0,0,0,False,True,True,230.9766,4.570313
EPSILON shox * Viewsonic,CounterTerrorist,2361,2008,126.0593,Knife,100,74,0,0,0,False,True,True,230.9766,4.570313
EPSILON shox * Viewsonic,CounterTerrorist,2361,2008,126.0593,Knife,100,74,0,0,0,False,True,True,230.9766,4.570313
EPSILON shox * Viewsonic,CounterTerrorist,2361,2008,126.0593,Knife,100,74,0,0,0,False,True,True,230.9766,4.570313
EPSILON shox * Viewsonic,CounterTerrorist,2361,2008,126.0593,Knife,100,74,0,0,0,False,True,True,230.9766,4.570313
EPSILON shox * Viewsonic,CounterTerrorist,2361,2008,126.0593,Knife,100,74,0,0,0,False,True,True,230.9766,4.570313
EPSILON shox * Viewsonic,CounterTerrorist,2361,2008,126.0593,AK47,100,74,0,0,0,False,True,True,230.9766,4.570313
EPSILON shox * Viewsonic,CounterTerrorist,2361,2008,126.0593,AK47,100,74,0,0,0,False,True,True,229.5703,4.21875
EPSILON shox * Viewsonic,CounterTerrorist,2361,2008,126.0593,AK47,100,74,0,0,0,False,True,True,226.7578,3.867188
EPSILON shox * Viewsonic,CounterTerrorist,2361,2008,126.0593,AK47,100,74,0,0,0,False,True,True,226.0547,3.867188
EPSILON shox * Viewsonic,CounterTerrorist,2361,2008,126.0593,AK47,100,74,0,0,0,False,True,True,225.7031,3.867188
EPSILON shox * Viewsonic,CounterTerrorist,2361,2008,126.0593,AK47,100,74,0,0,0,False,True,True,224.6484,3.164063
EPSILON shox * Viewsonic,CounterTerrorist,2361,2008,126.0593,AK47,100,74,0,0,0,False,True,True,222.8906,1.757813
EPSILON shox * Viewsonic,CounterTerrorist,2361,2008,126.0593,AK47,100,74,0,0,0,False,True,True,222.8906,1.40625
EPSILON shox * Viewsonic,CounterTerrorist,2361,2008,126.0593,Knife,100,74,0,0,0,False,True,True,222.8906,1.40625
EPSILON shox * Viewsonic,CounterTerrorist,2361,2008,126.0593,AK47,100,74,0,0,0,False,True,True,222.8906,1.40625
EPSILON shox * Viewsonic,CounterTerrorist,2361,2008,126.0593,AK47,100,74,0,0,0,False,True,True,222.8906,1.40625
EPSILON shox * Viewsonic,CounterTerrorist,2361,2008,126.0593,AK47,100,74,0,0,0,False,True,True,222.8906,1.40625
EPSILON shox * Viewsonic,CounterTerrorist,2361,2008,126.0593,AK47,100,74,0,0,0,False,True,True,222.8906,1.40625
EPSILON shox * Viewsonic,CounterTerrorist,2361,2008,126.0593,AK47,100,74,0,0,0,False,True,True,222.8906,1.40625
EPSILON shox * Viewsonic,CounterTerrorist,2361,2008,126.0593,AK47,100,74,0,0,0,False,True,True,222.8906,1.40625
EPSILON shox * Viewsonic,CounterTerrorist,2361,2008,126.0593,AK47,100,74,0,0,0,False,True,True,222.8906,1.40625
EPSILON shox * Viewsonic,CounterTerrorist,2361,2008,126.0593,AK47,100,74,0,0,0,False,True,True,222.8906,1.40625
EPSILON shox * Viewsonic,CounterTerrorist,2361,2008,126.0593,AK47,100,74,0,0,0,False,True,True,222.8906,1.40625
EPSILON shox * Viewsonic,CounterTerrorist,2361,2008,126.0593,Knife,100,74,0,0,0,False,True,True,222.8906,1.40625
EPSILON shox * Viewsonic,CounterTerrorist,2361,2008,126.0593,Knife,100,74,0,0,0,False,True,True,222.8906,1.757813
EPSILON shox * Viewsonic,CounterTerrorist,2361,2008,126.0593,Knife,100,74,0,0,0,False,True,True,222.8906,1.757813
EPSILON shox * Viewsonic,CounterTerrorist,2361,2008,126.0593,Knife,100,74,0,0,0,False,True,True,222.8906,1.757813
EPSILON shox * Viewsonic,CounterTerrorist,2361,2008,126.0593,Knife,100,74,0,0,0,False,True,True,222.8906,1.757813
EPSILON shox * Viewsonic,CounterTerrorist,2361,2008,126.0593,AK47,100,74,0,0,0,False,True,True,222.8906,2.109375
EPSILON shox * Viewsonic,CounterTerrorist,2361,2008,126.0593,AK47,100,74,0,0,0,False,True,True,222.8906,2.109375
EPSILON shox * Viewsonic,CounterTerrorist,2361,2008,126.0593,AK47,100,74,0,0,0,False,True,True,223.2422,2.460938
EPSILON shox * Viewsonic,CounterTerrorist,2361,2008,126.0593,AK47,100,74,0,0,0,False,True,True,223.2422,2.8125
EPSILON shox * Viewsonic,CounterTerrorist,2361,2008,126.0593,AK47,100,74,0,0,0,False,True,True,223.2422,2.8125
EPSILON shox * Viewsonic,CounterTerrorist,2361,2008,126.0593,AK47,100,74,0,0,0,False,True,True,223.2422,2.8125
EPSILON shox * Viewsonic,CounterTerrorist,2361,2008,126.0593,AK47,100,74,0,0,0,False,True,True,223.2422,2.8125
EPSILON shox * Viewsonic,CounterTerrorist,2361,2008,126.0593,AK47,100,74,0,0,0,False,True,True,223.2422,2.8125
EPSILON shox * Viewsonic,CounterTerrorist,2361,2008,126.0593,AK47,100,74,0,0,0,False,True,True,223.2422,2.8125
EPSILON shox * Viewsonic,CounterTerrorist,2361,2008,126.0593,Knife,100,74,0,0,0,False,True,True,223.2422,2.8125
EPSILON shox * Viewsonic,CounterTerrorist,2361,2008,126.0593,Knife,100,74,0,0,0,False,True,True,223.2422,2.8125
EPSILON shox * Viewsonic,CounterTerrorist,2361,2008,126.0593,Knife,100,74,0,0,0,False,True,True,223.2422,2.8125
EPSILON shox * Viewsonic,CounterTerrorist,2361,2008,126.0593,Knife,100,74,0,0,0,False,True,True,222.5391,2.460938
EPSILON shox * Viewsonic,CounterTerrorist,2361,2008,126.0593,Knife,100,74,0,0,0,False,True,True,222.5391,2.460938
EPSILON shox * Viewsonic,CounterTerrorist,2361,2008,126.0593,Knife,100,74,0,0,0,False,True,True,222.5391,2.109375
EPSILON shox * Viewsonic,CounterTerrorist,2361,2008,126.0593,Knife,100,74,0,0,0,False,True,True,222.5391,2.109375
EPSILON shox * Viewsonic,CounterTerrorist,2361,2008,126.0593,Knife,100,74,0,0,0,False,True,True,222.1875,2.109375
EPSILON shox * Viewsonic,CounterTerrorist,2361,2008,126.0593,Knife,100,74,0,0,0,True,True,True,222.1875,2.109375
EPSILON shox * Viewsonic,CounterTerrorist,2361,2008,126.0593,Knife,100,74,0,0,0,True,True,True,222.1875,1.757813
EPSILON shox * Viewsonic,CounterTerrorist,2361,2008,126.0593,Knife,100,74,0,0,0,True,True,True,222.1875,1.757813
EPSILON shox * Viewsonic,CounterTerrorist,2361,2008,126.0593,Knife,100,74,0,0,0,False,True,True,222.1875,1.757813
EPSILON shox * Viewsonic,CounterTerrorist,2361,2008,126.0593,Knife,100,74,0,0,0,False,True,True,222.1875,1.757813
EPSILON shox * Viewsonic,CounterTerrorist,2361,2008,126.0593,Knife,100,74,0,0,0,False,True,True,222.1875,1.757813
EPSILON shox * Viewsonic,CounterTerrorist,2361,2008,126.0593,Knife,100,74,0,0,0,False,True,True,222.1875,1.757813
EPSILON shox * Viewsonic,CounterTerrorist,2361,2008,126.0593,Knife,100,74,0,0,0,False,True,True,222.1875,1.757813
EPSILON shox * Viewsonic,CounterTerrorist,2361,2008,126.0593,Knife,100,74,0,0,0,True,True,True,222.1875,1.757813
EPSILON shox * Viewsonic,CounterTerrorist,2361,2008,126.0593,Knife,100,74,0,0,0,True,True,True,222.1875,1.757813
EPSILON shox * Viewsonic,CounterTerrorist,2361,2008,126.0593,Knife,100,74,0,0,0,False,True,True,222.1875,1.757813
EPSILON shox * Viewsonic,CounterTerrorist,2361,2008,126.0593,Knife,100,74,0,0,0,False,True,True,222.1875,1.757813
EPSILON shox * Viewsonic,CounterTerrorist,2361,2008,126.0593,Knife,100,74,0,0,0,False,True,True,222.1875,1.757813
EPSILON shox * Viewsonic,CounterTerrorist,2361,2008,126.0593,Knife,100,74,0,0,0,False,True,True,222.1875,1.757813
EPSILON shox * Viewsonic,CounterTerrorist,2361,2008,126.0593,Knife,100,74,0,0,0,False,True,True,222.1875,1.757813
EPSILON shox * Viewsonic,CounterTerrorist,2361,2008,126.0593,AK47,100,74,0,0,0,False,True,True,222.1875,1.757813
EPSILON shox * Viewsonic,CounterTerrorist,2361,2008,126.0593,AK47,100,74,0,0,0,False,True,True,222.1875,1.757813
EPSILON shox * Viewsonic,CounterTerrorist,2361,2008,126.0593,AK47,100,74,0,0,0,False,True,True,222.1875,1.757813
EPSILON shox * Viewsonic,CounterTerrorist,2361,2008,126.0593,AK47,100,74,0,0,0,False,True,True,222.1875,1.757813
EPSILON shox * Viewsonic,CounterTerrorist,2361,2008,126.0593,AK47,100,74,0,0,0,False,True,True,222.1875,1.757813
EPSILON shox * Viewsonic,CounterTerrorist,2361,2008,126.0593,AK47,100,74,0,0,0,False,True,True,222.1875,1.757813
EPSILON shox * Viewsonic,CounterTerrorist,2361,2008,126.0593,AK47,100,74,0,0,0,False,True,True,222.1875,1.757813
EPSILON shox * Viewsonic,CounterTerrorist,2361,2008,126.0593,Knife,100,74,0,0,0,False,True,True,222.1875,1.757813
EPSILON shox * Viewsonic,CounterTerrorist,2361,2008,126.0593,Knife,100,74,0,0,0,False,True,True,222.1875,1.757813
EPSILON shox * Viewsonic,CounterTerrorist,2361,2008,126.0593,Knife,100,74,0,0,0,False,True,True,222.1875,1.757813
EPSILON shox * Viewsonic,CounterTerrorist,2361,2008,126.0593,Knife,100,74,0,0,0,False,True,True,222.1875,1.757813
EPSILON shox * Viewsonic,CounterTerrorist,2361,2008,126.0593,Knife,100,74,0,0,0,False,True,True,222.1875,1.757813
EPSILON shox * Viewsonic,CounterTerrorist,2361,2008,126.0593,Knife,100,74,0,0,0,False,True,True,222.1875,1.757813
EPSILON shox * Viewsonic,CounterTerrorist,2361,2008,126.0593,Knife,100,74,0,0,0,False,True,True,222.1875,1.757813
EPSILON shox * Viewsonic,CounterTerrorist,2361,2008,126.0593,Knife,100,74,0,0,0,False,True,True,222.1875,1.757813
EPSILON shox * Viewsonic,CounterTerrorist,2361,2008,126.0593,Knife,100,74,0,0,0,False,True,True,222.5391,1.757813
EPSILON shox * Viewsonic,CounterTerrorist,2361,2008,126.0593,Knife,100,74,0,0,0,False,True,True,222.8906,2.109375
EPSILON shox * Viewsonic,CounterTerrorist,2361,2008,126.0593,Knife,100,74,0,0,0,False,True,True,223.2422,2.109375
EPSILON shox * Viewsonic,CounterTerrorist,2361,2008,126.0593,Knife,100,74,0,0,0,False,True,True,223.2422,2.109375
EPSILON shox * Viewsonic,CounterTerrorist,2361,2008,126.0593,Knife,100,74,0,0,0,False,True,True,223.2422,2.109375
EPSILON shox * Viewsonic,CounterTerrorist,2361,2008,126.0593,Knife,100,74,0,0,0,False,True,True,223.2422,2.109375
EPSILON shox * Viewsonic,CounterTerrorist,2361,2008,126.0593,Knife,100,74,0,0,0,False,True,True,223.2422,2.109375
EPSILON shox * Viewsonic,CounterTerrorist,2361,2008,126.0593,Knife,100,74,0,0,0,False,True,True,223.2422,2.109375
EPSILON shox * Viewsonic,CounterTerrorist,2361,2008,126.0593,Knife,100,74,0,0,0,False,True,True,223.2422,2.109375
EPSILON shox * Viewsonic,CounterTerrorist,2361,2008,126.0593,Knife,100,74,0,0,0,False,True,True,223.2422,2.109375
EPSILON shox * Viewsonic,CounterTerrorist,2361,2008,126.0593,Knife,100,74,0,0,0,False,True,True,223.2422,2.109375
EPSILON shox * Viewsonic,CounterTerrorist,2361,2008,126.0593,Knife,100,74,0,0,0,False,True,True,223.2422,2.109375
EPSILON shox * Viewsonic,CounterTerrorist,2361,2008,126.0593,Knife,100,74,0,0,0,False,True,True,223.2422,2.109375
EPSILON shox * Viewsonic,CounterTerrorist,2361,2008,126.0593,Knife,100,74,0,0,0,False,True,True,223.2422,2.109375
EPSILON shox * Viewsonic,CounterTerrorist,2361,2008,126.0593,Knife,100,74,0,0,0,False,True,True,223.2422,2.109375
EPSILON shox * Viewsonic,CounterTerrorist,2361,2008,126.0593,Knife,100,74,0,0,0,False,True,True,223.2422,2.109375
EPSILON shox * Viewsonic,CounterTerrorist,2361,2008,126.0593,Knife,100,74,0,0,0,False,True,True,223.2422,2.109375
EPSILON shox * Viewsonic,CounterTerrorist,2361,2008,126.0593,Knife,100,74,0,0,0,False,True,True,223.2422,2.109375
EPSILON shox * Viewsonic,CounterTerrorist,2361,2008,126.0593,Knife,100,74,0,0,0,False,True,True,223.2422,2.109375
EPSILON shox * Viewsonic,CounterTerrorist,2361,2008,126.0593,Knife,100,74,0,0,0,False,True,True,223.2422,2.109375
EPSILON shox * Viewsonic,CounterTerrorist,2361,2008,126.0593,Knife,100,74,0,0,0,False,True,True,223.2422,2.109375
EPSILON shox * Viewsonic,CounterTerrorist,2361,2008,126.0593,Knife,100,74,0,0,0,False,True,True,223.2422,2.109375
EPSILON shox * Viewsonic,CounterTerrorist,2361,2008,126.0593,Knife,100,74,0,0,0,False,True,True,223.2422,2.109375
EPSILON shox * Viewsonic,CounterTerrorist,2361,2008,126.0593,Knife,100,74,0,0,0,False,True,True,223.5938,2.460938
EPSILON shox * Viewsonic,CounterTerrorist,2361,2008,126.0593,Knife,100,74,0,0,0,False,True,True,223.5938,2.460938
EPSILON shox * Viewsonic,CounterTerrorist,2361,2008,126.0593,Knife,100,74,0,0,0,False,True,True,223.5938,2.460938
EPSILON shox * Viewsonic,CounterTerrorist,2361,2008,126.0593,Knife,100,74,0,0,0,False,True,True,223.5938,2.460938
EPSILON shox * Viewsonic,CounterTerrorist,2361,2008,126.0593,Knife,100,74,0,0,0,False,True,True,223.5938,2.460938
EPSILON shox * Viewsonic,CounterTerrorist,2361,2008,126.0593,Knife,100,74,0,0,0,False,True,True,223.5938,2.460938
EPSILON shox * Viewsonic,CounterTerrorist,2361,2008,126.0593,Knife,100,74,0,0,0,False,True,True,223.5938,2.460938
EPSILON shox * Viewsonic,CounterTerrorist,2361,2008,126.0593,Knife,100,74,0,0,0,False,True,True,223.5938,2.460938
EPSILON shox * Viewsonic,CounterTerrorist,2361,2008,126.0593,Knife,100,74,0,0,0,False,True,True,223.5938,2.460938
EPSILON shox * Viewsonic,CounterTerrorist,2361,2008,126.0593,Knife,100,74,0,0,0,False,True,True,223.5938,2.460938
EPSILON shox * Viewsonic,CounterTerrorist,2361,2008,126.0593,Knife,100,74,0,0,0,False,True,True,223.5938,2.460938
EPSILON shox * Viewsonic,CounterTerrorist,2361,2008,126.0593,Flash,100,74,0,0,0,False,True,True,223.5938,2.460938
EPSILON shox * Viewsonic,CounterTerrorist,2361,2008,126.0593,Flash,100,74,0,0,0,False,True,True,223.5938,2.460938
EPSILON shox * Viewsonic,CounterTerrorist,2361,2008,126.0593,Smoke,100,74,0,0,0,False,True,True,223.5938,2.460938
EPSILON shox * Viewsonic,CounterTerrorist,2361,2008,126.0593,Smoke,100,74,0,0,0,False,True,True,223.5938,2.460938
EPSILON shox * Viewsonic,CounterTerrorist,2361,2008,126.0593,Smoke,100,74,0,0,0,False,True,True,223.5938,2.460938
EPSILON shox * Viewsonic,CounterTerrorist,2361,2008,126.0593,Smoke,100,74,0,0,0,False,True,True,223.5938,2.460938
EPSILON shox * Viewsonic,CounterTerrorist,2361,2008,126.0593,Knife,100,74,0,0,0,False,True,True,223.5938,2.460938
EPSILON shox * Viewsonic,CounterTerrorist,2361,2008,126.0593,Knife,100,74,0,0,0,False,True,True,223.5938,2.460938
EPSILON shox * Viewsonic,CounterTerrorist,2361,2008,126.0593,Knife,100,74,0,0,0,False,True,True,223.5938,2.460938
EPSILON shox * Viewsonic,CounterTerrorist,2361,2008,126.0593,Knife,100,74,0,0,0,False,True,True,223.5938,2.460938
EPSILON shox * Viewsonic,CounterTerrorist,2361,2008,126.0593,Knife,100,74,0,0,0,False,True,True,223.5938,2.460938
EPSILON shox * Viewsonic,CounterTerrorist,2361,2008,126.0593,Knife,100,74,0,0,0,False,True,True,223.5938,2.460938
EPSILON shox * Viewsonic,CounterTerrorist,2361,2008,126.0593,Knife,100,74,0,0,0,False,True,True,223.5938,2.460938
EPSILON shox * Viewsonic,CounterTerrorist,2361,2008,126.0593,Knife,100,74,0,0,0,False,True,True,223.5938,2.460938
EPSILON shox * Viewsonic,CounterTerrorist,2361,2008,126.0593,Knife,100,74,0,0,0,False,True,True,223.5938,2.460938
EPSILON shox * Viewsonic,CounterTerrorist,2361,2008,126.0593,Knife,100,74,0,0,0,False,True,True,223.5938,2.460938
EPSILON shox * Viewsonic,CounterTerrorist,2361,2008,126.0593,Knife,100,74,0,0,0,False,True,True,223.5938,2.460938
EPSILON shox * Viewsonic,CounterTerrorist,2361,2008,126.0593,Knife,100,74,0,0,0,False,True,True,223.5938,2.460938
EPSILON shox * Viewsonic,CounterTerrorist,2361,2008,126.0593,Knife,100,74,0,0,0,False,True,True,223.9453,2.8125
EPSILON shox * Viewsonic,CounterTerrorist,2361,2008,126.0593,Knife,100,74,0,0,0,False,True,True,224.2969,2.8125
EPSILON shox * Viewsonic,CounterTerrorist,2361,2008,126.0593,Knife,100,74,0,0,0,False,True,True,224.2969,2.8125
EPSILON shox * Viewsonic,CounterTerrorist,2361,2008,126.0593,Knife,100,74,0,0,0,False,True,True,224.2969,2.8125
EPSILON shox * Viewsonic,CounterTerrorist,2361,2008,126.0593,Knife,100,74,0,0,0,False,True,True,224.2969,2.8125
EPSILON shox * Viewsonic,CounterTerrorist,2361,2008,126.0593,Knife,100,74,0,0,0,False,True,True,224.2969,2.8125
EPSILON shox * Viewsonic,CounterTerrorist,2361,2008,126.0593,Knife,100,74,0,0,0,False,True,True,224.2969,2.8125
EPSILON shox * Viewsonic,CounterTerrorist,2361,2008,126.0593,Knife,100,74,0,0,0,False,True,True,224.2969,2.8125
EPSILON shox * Viewsonic,CounterTerrorist,2361,2008,126.0593,Knife,100,74,0,0,0,False,True,True,224.2969,2.8125
EPSILON shox * Viewsonic,CounterTerrorist,2361,2008,126.0593,Knife,100,74,0,0,0,False,True,True,224.6484,3.164063
EPSILON shox * Viewsonic,CounterTerrorist,2361,2008,126.0593,Knife,100,74,0,0,0,False,True,True,226.0547,3.515625
EPSILON shox * Viewsonic,CounterTerrorist,2361,2008,126.0593,Knife,100,74,0,0,0,False,True,True,226.4063,3.867188
EPSILON shox * Viewsonic,CounterTerrorist,2361,2008,126.0593,Knife,100,74,0,0,0,False,True,True,226.4063,3.867188
EPSILON shox * Viewsonic,CounterTerrorist,2361,2008,126.0593,Knife,100,74,0,0,0,False,True,True,226.4063,3.867188
EPSILON shox * Viewsonic,CounterTerrorist,2361,2008,126.0593,Knife,100,74,0,0,0,False,True,True,226.4063,3.515625
EPSILON shox * Viewsonic,CounterTerrorist,2361,2008,126.0593,Knife,100,74,0,0,0,False,True,True,226.0547,3.515625
EPSILON shox * Viewsonic,CounterTerrorist,2361,2008,126.0593,Knife,100,74,0,0,0,False,True,True,226.0547,3.515625
EPSILON shox * Viewsonic,CounterTerrorist,2361,2008,126.0593,Knife,100,74,0,0,0,False,True,True,225.7031,3.515625
EPSILON shox * Viewsonic,CounterTerrorist,2361,2008,126.0593,Knife,100,74,0,0,0,False,True,True,225.3516,3.515625
EPSILON shox * Viewsonic,CounterTerrorist,2361,2008,126.0593,Knife,100,74,0,0,0,False,True,True,225.3516,3.515625
EPSILON shox * Viewsonic,CounterTerrorist,2361,2008,126.0593,Knife,100,74,0,0,0,False,True,True,225,3.515625
EPSILON shox * Viewsonic,CounterTerrorist,2361,2008,126.0593,Knife,100,74,0,0,0,False,True,True,225,3.515625
EPSILON shox * Viewsonic,CounterTerrorist,2361,2008,126.0593,Knife,100,74,0,0,0,False,True,True,225,3.515625
EPSILON shox * Viewsonic,CounterTerrorist,2361,2008,126.0593,Knife,100,74,0,0,0,False,True,True,225,3.515625
EPSILON shox * Viewsonic,CounterTerrorist,2361,2008,126.0593,Knife,100,74,0,0,0,False,True,True,224.6484,3.515625
EPSILON shox * Viewsonic,CounterTerrorist,2361,2008,126.0593,Knife,100,74,0,0,0,False,True,True,224.6484,3.515625
EPSILON shox * Viewsonic,CounterTerrorist,2361,2008,126.0593,Knife,100,74,0,0,0,False,True,True,224.6484,3.515625
EPSILON shox * Viewsonic,CounterTerrorist,2361,2008,126.0593,Knife,100,74,0,0,0,False,True,True,224.6484,3.515625
EPSILON shox * Viewsonic,CounterTerrorist,2361,2008,126.0593,Knife,100,74,0,0,0,False,True,True,224.6484,3.515625
EPSILON shox * Viewsonic,CounterTerrorist,2361,2008,126.0593,Knife,100,74,0,0,0,False,True,True,224.6484,3.515625
EPSILON shox * Viewsonic,CounterTerrorist,2361,2008,126.0593,Knife,100,74,0,0,0,False,True,True,224.6484,3.515625
EPSILON shox * Viewsonic,CounterTerrorist,2361,2008,126.0593,Knife,100,74,0,0,0,False,True,True,224.6484,3.515625
EPSILON shox * Viewsonic,CounterTerrorist,2361,2008,126.0593,Knife,100,74,0,0,0,False,True,True,224.6484,3.515625
EPSILON shox * Viewsonic,CounterTerrorist,2361,2008,126.0593,Knife,100,74,0,0,0,False,True,True,224.6484,3.515625
EPSILON shox * Viewsonic,CounterTerrorist,2361,2008,126.0593,Knife,100,74,0,0,0,False,True,True,224.6484,3.515625
EPSILON shox * Viewsonic,CounterTerrorist,2361,2008,126.0593,Knife,100,74,0,0,0,False,True,True,225,3.515625
EPSILON shox * Viewsonic,CounterTerrorist,2361,2008,126.0593,Knife,100,74,0,0,0,False,True,True,225,3.515625
EPSILON shox * Viewsonic,CounterTerrorist,2361,2008,126.0593,Knife,100,74,0,0,0,False,True,True,225.3516,3.164063
EPSILON shox * Viewsonic,CounterTerrorist,2361,2008,126.0593,Knife,100,74,0,0,0,False,True,True,225.3516,3.164063
EPSILON shox * Viewsonic,CounterTerrorist,2361,2008,126.0593,Knife,100,74,0,0,0,False,True,True,225.3516,3.164063
EPSILON shox * Viewsonic,CounterTerrorist,2361,2008,126.0593,Knife,100,74,0,0,0,False,True,True,225.3516,3.164063
EPSILON shox * Viewsonic,CounterTerrorist,2361,2008,126.0593,Knife,100,74,0,0,0,False,True,True,225.3516,3.164063
EPSILON shox * Viewsonic,CounterTerrorist,2361,2008,126.0593,Knife,100,74,0,0,0,False,True,True,225.3516,3.164063
EPSILON shox * Viewsonic,CounterTerrorist,2361,2008,126.0593,Knife,100,74,0,0,0,False,True,True,225.3516,2.8125
EPSILON shox * Viewsonic,CounterTerrorist,2361,2008,126.0593,Knife,100,74,0,0,0,False,True,True,225.7031,2.8125
EPSILON shox * Viewsonic,CounterTerrorist,2361,2008,126.0593,Knife,100,74,0,0,0,False,True,True,225.7031,2.8125
EPSILON shox * Viewsonic,CounterTerrorist,2361,2008,126.0593,Knife,100,74,0,0,0,False,True,True,226.4063,2.8125
EPSILON shox * Viewsonic,CounterTerrorist,2361,2008,126.0593,Knife,100,74,0,0,0,False,True,True,227.4609,2.8125
EPSILON shox * Viewsonic,CounterTerrorist,2361,2008,126.0593,Knife,100,74,0,0,0,False,True,True,227.4609,2.8125
EPSILON shox * Viewsonic,CounterTerrorist,2361,2008,126.0593,Knife,100,74,0,0,0,False,True,True,227.8125,3.164063
EPSILON shox * Viewsonic,CounterTerrorist,2361,2008,126.0593,Knife,100,74,0,0,0,False,True,True,227.8125,3.164063
EPSILON shox * Viewsonic,CounterTerrorist,2361,2008,126.0593,Knife,100,74,0,0,0,False,True,True,227.8125,3.164063
EPSILON shox * Viewsonic,CounterTerrorist,2361,2008,126.0593,Knife,100,74,0,0,0,False,True,True,227.8125,3.164063
EPSILON shox * Viewsonic,CounterTerrorist,2360.516,2007.464,126.0569,Knife,100,74,-23.66633,-26.20835,0,False,True,True,227.8125,3.164063
EPSILON shox * Viewsonic,CounterTerrorist,2357.512,2004.138,126.0443,Knife,100,74,-66.5561,-73.70496,0,False,True,True,227.8125,3.164063
EPSILON shox * Viewsonic,CounterTerrorist,2352.105,1998.151,126.1663,Knife,100,74,-100.5457,-111.2912,0,False,True,True,227.8125,3.164063
EPSILON shox * Viewsonic,CounterTerrorist,2344.9,1990.18,126.494,Knife,100,74,-125.638,-138.924,0,False,True,True,227.8125,3.164063
EPSILON shox * Viewsonic,CounterTerrorist,2336.367,1980.751,126.9207,Knife,100,74,-144.1853,-159.2176,0,False,True,True,227.8125,3.164063
EPSILON shox * Viewsonic,CounterTerrorist,2326.852,1970.253,127.3977,Knife,100,74,-157.8937,-174.1222,0,False,True,True,227.8125,3.164063
EPSILON shox * Viewsonic,CounterTerrorist,2316.613,1958.967,128.1099,Knife,100,74,-167.9907,-185.1002,0,False,True,True,227.8125,3.164063
EPSILON shox * Viewsonic,CounterTerrorist,2306.11,1947.399,128.8506,Knife,100,74,-168.0756,-185.0691,0,False,True,True,227.4609,3.164063
EPSILON shox * Viewsonic,CounterTerrorist,2295.597,1935.839,129.5922,Knife,100,74,-168.4273,-184.7491,0,False,True,True,226.7578,3.164063
EPSILON shox * Viewsonic,CounterTerrorist,2284.985,1924.371,130.3318,Knife,100,74,-171.7449,-181.6692,0,False,True,True,220.7813,3.515625
EPSILON shox * Viewsonic,CounterTerrorist,2274.836,1912.526,130.2367,Knife,100,74,-149.5036,-200.3713,0,False,True,True,210.5859,5.976563
EPSILON shox * Viewsonic,CounterTerrorist,2266.285,1899.456,129.468,Knife,100,74,-128.0935,-214.6906,0,False,True,True,208.125,6.679688
EPSILON shox * Viewsonic,CounterTerrorist,2258.091,1886.165,128.5566,Knife,100,74,-144.1945,-204.2252,0,False,True,True,208.8281,6.679688
EPSILON shox * Viewsonic,CounterTerrorist,2248.119,1874.149,127.7556,Knife,100,74,-169.8064,-183.4824,0,False,True,True,209.1797,6.679688
EPSILON shox * Viewsonic,CounterTerrorist,2236.895,1863.286,127.5471,Knife,100,74,-186.1364,-166.8929,0,False,True,True,209.1797,6.328125
EPSILON shox * Viewsonic,CounterTerrorist,2224.867,1853.317,127.2652,Knife,100,74,-196.6951,-154.3082,0,False,True,True,209.1797,6.328125
EPSILON shox * Viewsonic,CounterTerrorist,2212.207,1844.267,126.9301,Knife,100,74,-210.3664,-127.24,0,False,True,True,210.2344,6.679688
EPSILON shox * Viewsonic,CounterTerrorist,2198.333,1838.111,126.7021,Knife,100,74,-230.5525,-80.76264,0,False,True,True,220.7813,7.03125
EPSILON shox * Viewsonic,CounterTerrorist,2183.411,1833.806,126.5321,Knife,100,74,-242.0662,-62.4816,0,False,True,True,232.3828,6.328125
EPSILON shox * Viewsonic,CounterTerrorist,2168.213,1830.18,126.2077,Knife,100,74,-243.944,-54.69316,0,False,True,True,232.7344,5.976563
EPSILON shox * Viewsonic,CounterTerrorist,2152.919,1826.981,126.8846,Knife,100,74,-245.1966,-48.77116,0,False,True,True,232.7344,5.976563
EPSILON shox * Viewsonic,CounterTerrorist,2137.565,1824.087,127.099,Knife,100,74,-245.9895,-44.60017,0,False,True,True,232.7344,5.976563
EPSILON shox * Viewsonic,CounterTerrorist,2122.171,1821.41,126.9851,Knife,100,74,-246.5149,-41.59831,0,False,True,True,232.7344,5.976563
EPSILON shox * Viewsonic,CounterTerrorist,2106.75,1818.89,126.3456,Knife,100,74,-246.8736,-39.41369,0,False,True,True,232.7344,5.976563
EPSILON shox * Viewsonic,CounterTerrorist,2091.312,1816.485,130.6154,Knife,100,74,-247.1236,-37.81456,0,False,True,True,232.7344,5.976563
EPSILON shox * Viewsonic,CounterTerrorist,2075.863,1814.147,134.2728,Knife,100,74,-247.1168,-37.85902,0,False,True,True,235.8984,5.976563
EPSILON shox * Viewsonic,CounterTerrorist,2060.457,1811.544,137.6921,Knife,100,74,-245.8904,-45.14335,0,False,True,True,240.4688,6.679688
EPSILON shox * Viewsonic,CounterTerrorist,2045.134,1808.488,140.3411,Knife,100,74,-244.6456,-51.4638,0,False,True,True,240.4688,6.679688
EPSILON shox * Viewsonic,CounterTerrorist,2029.879,1805.11,143.4102,Knife,100,74,-243.6812,-55.85246,0,False,True,True,240.4688,6.679688
EPSILON shox * Viewsonic,CounterTerrorist,2014.676,1801.504,148.1325,Knife,100,74,-242.9425,-58.9826,0,False,True,True,240.4688,6.679688
EPSILON shox * Viewsonic,CounterTerrorist,1999.513,1797.733,152.8073,Knife,100,74,-242.368,-61.30054,0,False,True,True,240.8203,6.679688
EPSILON shox * Viewsonic,CounterTerrorist,1984.396,1793.78,156.4112,Knife,100,74,-241.3081,-65.34831,0,False,True,True,244.3359,7.03125
EPSILON shox * Viewsonic,CounterTerrorist,1969.383,1789.453,159.9905,Knife,100,74,-239.2811,-72.41916,0,False,True,True,246.7969,7.382813
EPSILON shox * Viewsonic,CounterTerrorist,1954.502,1784.689,160.3204,Knife,100,74,-237.2328,-78.8707,0,False,True,True,247.5,7.382813
EPSILON shox * Viewsonic,CounterTerrorist,1939.936,1779.296,160.3204,Knife,100,74,-222.7592,-102.1814,0,False,True,True,247.5,7.382813
EPSILON shox * Viewsonic,CounterTerrorist,1927.101,1771.286,160.0214,Knife,100,74,-192.8572,-146.5034,0,False,True,True,248.5547,7.03125
EPSILON shox * Viewsonic,CounterTerrorist,1915.935,1760.901,160.0214,Knife,100,74,-168.181,-180.1594,0,False,True,True,251.0156,6.679688
EPSILON shox * Viewsonic,CounterTerrorist,1906.209,1748.748,160.0214,Knife,100,74,-145.6216,-203.2101,0,False,True,True,252.4219,6.328125
EPSILON shox * Viewsonic,CounterTerrorist,1897.821,1735.571,160.0214,Knife,100,74,-126.1284,-215.8509,0,False,True,True,252.4219,6.328125
EPSILON shox * Viewsonic,CounterTerrorist,1890.469,1721.787,160.0214,Knife,100,74,-111.684,-223.6665,0,False,True,True,252.4219,6.328125
EPSILON shox * Viewsonic,CounterTerrorist,1883.874,1707.624,160.0214,Knife,100,74,-101.2816,-228.5652,0,False,True,True,252.0703,5.976563
EPSILON shox * Viewsonic,CounterTerrorist,1877.78,1693.237,160.0214,Knife,100,74,-95.17019,-231.1766,0,False,True,True,251.0156,5.976563
EPSILON shox * Viewsonic,CounterTerrorist,1871.944,1678.743,160.0214,Knife,100,74,-92.27966,-232.3456,0,False,True,True,249.9609,5.976563
EPSILON shox * Viewsonic,CounterTerrorist,1866.243,1664.195,160.0214,Knife,100,74,-90.45949,-233.0602,0,False,True,True,249.9609,5.976563
EPSILON shox * Viewsonic,CounterTerrorist,1860.65,1649.605,160.0214,Knife,100,74,-88.58217,-233.7802,0,False,True,True,251.0156,5.976563
EPSILON shox * Viewsonic,CounterTerrorist,1855.265,1634.938,160.0214,Knife,100,74,-83.50589,-235.6412,0,False,True,True,255.9375,5.273438
EPSILON shox * Viewsonic,CounterTerrorist,1850.401,1620.09,160.0214,Knife,100,74,-72.8317,-239.1559,0,False,True,True,260.8594,4.570313
EPSILON shox * Viewsonic,CounterTerrorist,1846.285,1605.019,160.0214,Knife,100,74,-60.4619,-242.5786,0,False,True,True,264.0234,3.867188
EPSILON shox * Viewsonic,CounterTerrorist,1842.903,1589.766,160.0214,Knife,100,74,-49.56163,-245.0381,0,False,True,True,264.7266,3.867188
EPSILON shox * Viewsonic,CounterTerrorist,1840.089,1574.397,160.0214,Knife,100,74,-41.93892,-246.4571,0,False,True,True,264.7266,3.867188
EPSILON shox * Viewsonic,CounterTerrorist,1837.661,1558.962,160.0214,Knife,100,74,-36.7028,-247.2911,0,False,True,True,264.7266,3.867188
EPSILON shox * Viewsonic,CounterTerrorist,1835.505,1543.487,160.0214,Knife,100,74,-32.98239,-247.8148,0,False,True,True,264.7266,3.867188
EPSILON shox * Viewsonic,CounterTerrorist,1833.542,1527.986,160.0214,Knife,100,74,-30.29317,-248.1579,0,False,True,True,264.7266,3.867188
EPSILON shox * Viewsonic,CounterTerrorist,1831.721,1512.467,160.0214,Knife,100,74,-28.33186,-248.3894,0,False,True,True,264.7266,3.867188
EPSILON shox * Viewsonic,CounterTerrorist,1830.003,1496.937,160.0214,Knife,100,74,-26.89468,-248.5491,0,False,True,True,264.7266,3.867188
EPSILON shox * Viewsonic,CounterTerrorist,1828.354,1481.4,160.0214,Knife,100,74,-26.18573,-248.6248,0,False,True,True,264.0234,3.867188
EPSILON shox * Viewsonic,CounterTerrorist,1826.676,1465.865,160.0214,Knife,100,74,-27.90056,-248.4382,0,False,True,True,261.2109,4.21875
EPSILON shox * Viewsonic,CounterTerrorist,1826.198,1450.347,160.0214,Knife,100,74,13.18838,-248.0405,0,False,True,True,256.2891,5.273438
EPSILON shox * Viewsonic,CounterTerrorist,1828.272,1434.885,160.0214,Knife,100,74,46.25114,-245.6844,0,False,True,True,252.7734,5.976563
EPSILON shox * Viewsonic,CounterTerrorist,1830.691,1419.462,160.0214,Knife,100,74,22.99075,-248.9406,0,False,True,True,252.0703,6.328125
EPSILON shox * Viewsonic,CounterTerrorist,1831.035,1403.849,160.0214,Knife,100,74,-6.645568,-249.9117,0,False,True,True,252.0703,6.328125
EPSILON shox * Viewsonic,CounterTerrorist,1829.843,1388.274,160.0214,Knife,100,74,-27.67615,-248.4633,0,False,True,True,252.0703,6.328125
EPSILON shox * Viewsonic,CounterTerrorist,1827.628,1373.085,160.0214,Smoke,100,74,-41.26329,-241.5002,0,False,True,True,252.0703,6.328125
EPSILON shox * Viewsonic,CounterTerrorist,1824.673,1358.061,160.0214,Smoke,100,74,-51.37735,-239.5524,0,False,True,True,252.0703,6.328125
EPSILON shox * Viewsonic,CounterTerrorist,1821.148,1343.161,160.0214,Smoke,100,74,-61.37502,-237.1879,0,False,True,True,246.0938,6.328125
EPSILON shox * Viewsonic,CounterTerrorist,1817.156,1328.382,160.0214,Smoke,100,74,-54.42151,-238.8792,0,False,True,True,234.8437,6.679688
EPSILON shox * Viewsonic,CounterTerrorist,1814.625,1313.285,160.0214,Smoke,100,74,-32.2469,-242.8686,0,False,True,True,227.1094,7.03125
EPSILON shox * Viewsonic,CounterTerrorist,1813.005,1298.059,160.0214,Smoke,100,74,-21.8731,-244.0217,0,False,True,True,225.3516,7.382813
EPSILON shox * Viewsonic,CounterTerrorist,1811.883,1282.788,160.0214,Smoke,100,74,-15.28983,-244.5224,0,False,True,True,225.3516,7.382813
EPSILON shox * Viewsonic,CounterTerrorist,1810.748,1267.568,160.0214,Smoke,100,74,-32.68362,-240.212,0,False,True,True,225.3516,7.382813
EPSILON shox * Viewsonic,CounterTerrorist,1807.078,1252.912,160.0214,Smoke,100,74,-77.02409,-230.4689,0,False,True,True,225.3516,7.382813
EPSILON shox * Viewsonic,CounterTerrorist,1801.097,1238.849,160.0214,Smoke,100,74,-108.1457,-219.8397,0,False,True,True,225.3516,7.382813
EPSILON shox * Viewsonic,CounterTerrorist,1793.575,1225.518,157.8201,Smoke,100,74,-128.685,-208.483,0,False,True,True,225.3516,7.382813
EPSILON shox * Viewsonic,CounterTerrorist,1784.579,1213.542,156.2298,Smoke,100,74,-160.8384,-169.3652,0,False,True,True,225.3516,7.382813
EPSILON shox * Viewsonic,CounterTerrorist,1773.317,1204.569,155.1088,Smoke,100,74,-193.7511,-125.9825,0,False,True,True,227.4609,7.734375
EPSILON shox * Viewsonic,CounterTerrorist,1760.331,1197.65,154.3117,Smoke,100,74,-217.4247,-101.6661,0,False,True,True,234.8437,8.4375
EPSILON shox * Viewsonic,CounterTerrorist,1746.268,1191.727,153.6755,Smoke,100,74,-227.954,-89.78841,0,False,True,True,239.0625,8.4375
EPSILON shox * Viewsonic,CounterTerrorist,1731.898,1186.438,153.1356,Smoke,100,74,-231.1919,-81.08836,0,False,True,True,239.0625,8.4375
EPSILON shox * Viewsonic,CounterTerrorist,1717.374,1181.589,152.6617,Smoke,100,74,-233.1786,-75.18474,0,False,True,True,239.0625,8.4375
EPSILON shox * Viewsonic,CounterTerrorist,1702.752,1177.043,152.0886,Smoke,100,74,-234.4768,-71.03269,0,False,True,True,239.0625,8.4375
EPSILON shox * Viewsonic,CounterTerrorist,1688.065,1172.712,151.6524,Smoke,100,74,-235.3312,-68.1485,0,False,True,True,239.4141,8.4375
EPSILON shox * Viewsonic,CounterTerrorist,1673.345,1168.493,151.4374,Smoke,100,74,-235.5271,-67.46851,0,False,True,True,241.5234,8.4375
EPSILON shox * Viewsonic,CounterTerrorist,1658.641,1164.223,151.2611,Smoke,100,74,-235.0259,-69.19405,0,False,True,True,243.2813,8.4375
EPSILON shox * Viewsonic,CounterTerrorist,1643.978,1159.81,151.0764,Smoke,100,74,-234.2502,-71.77634,0,False,True,True,243.9844,8.789063
EPSILON shox * Viewsonic,CounterTerrorist,1629.367,1155.228,150.8752,Smoke,100,74,-233.3937,-74.51421,0,False,True,True,244.6875,8.789063
EPSILON shox * Viewsonic,CounterTerrorist,1614.813,1150.468,150.6563,Smoke,100,74,-232.4312,-77.46437,0,False,True,True,245.7422,8.789063
EPSILON shox * Viewsonic,CounterTerrorist,1600.321,1145.524,150.4192,Smoke,100,74,-231.4457,-80.36105,0,False,True,True,246.4453,9.140625
EPSILON shox * Viewsonic,CounterTerrorist,1585.889,1140.407,150.165,Smoke,100,74,-230.5119,-83.00146,0,False,True,True,246.7969,9.140625
EPSILON shox * Viewsonic,CounterTerrorist,1571.511,1135.141,149.896,Smoke,100,74,-229.7346,-85.12948,0,False,True,True,246.7969,9.140625
EPSILON shox * Viewsonic,CounterTerrorist,1557.275,1129.611,149.6,Smoke,100,74,-220.6017,-99.42456,0,False,True,True,246.7969,9.140625
EPSILON shox * Viewsonic,CounterTerrorist,1544.547,1121.811,149.355,Smoke,100,74,-191.7337,-142.6204,0,False,True,True,247.1484,9.140625
EPSILON shox * Viewsonic,CounterTerrorist,1533.354,1111.725,149.1581,Smoke,100,74,-170.0423,-174.6152,0,False,True,True,247.8516,9.84375
EPSILON shox * Viewsonic,CounterTerrorist,1523.44,1100.07,149.948,Smoke,100,74,-149.8306,-193.8447,0,False,True,True,247.8516,10.19531
EPSILON shox * Viewsonic,CounterTerrorist,1514.671,1087.522,150.6795,Smoke,100,74,-133.5837,-205.3786,0,False,True,True,247.8516,10.19531
EPSILON shox * Viewsonic,CounterTerrorist,1506.763,1074.412,151.356,Smoke,100,74,-121.5865,-212.701,0,False,True,True,247.8516,10.19531
EPSILON shox * Viewsonic,CounterTerrorist,1499.483,1060.942,152.9037,Smoke,100,74,-112.9791,-217.3953,0,False,True,True,247.8516,10.54688
EPSILON shox * Viewsonic,CounterTerrorist,1492.639,1047.244,154.6803,Smoke,100,74,-107.1086,-220.3469,0,False,True,True,247.8516,10.54688
EPSILON shox * Viewsonic,CounterTerrorist,1486.287,1033.828,155.0089,AK47,100,74,-90.81697,-194.8776,0,False,True,True,247.8516,10.54688
EPSILON shox * Viewsonic,CounterTerrorist,1480.705,1021.605,154.0576,AK47,100,74,-88.2794,-196.0402,0,False,True,True,247.8516,10.54688
EPSILON shox * Viewsonic,CounterTerrorist,1475.205,1009.201,153.1234,Knife,100,74,-89.57244,-204.541,0,False,True,True,247.8516,10.54688
EPSILON shox * Viewsonic,CounterTerrorist,1469.406,995.7842,152.0454,Knife,100,74,-95.07144,-221.7717,0,False,True,True,247.8516,10.54688
EPSILON shox * Viewsonic,CounterTerrorist,1463.943,981.4604,151.0212,Knife,100,74,-67.5119,-234.3271,0,False,True,True,247.8516,10.54688
EPSILON shox * Viewsonic,CounterTerrorist,1461.467,966.4792,150.1073,Knife,100,74,-20.05178,-243.4715,0,False,True,True,247.8516,10.54688
EPSILON shox * Viewsonic,CounterTerrorist,1461.115,951.0171,149.3111,Knife,100,74,-9.260735,-249.8284,0,False,True,True,247.8516,10.54688
EPSILON shox * Viewsonic,CounterTerrorist,1459.579,935.4744,148.3483,Knife,100,74,-35.16536,-247.5144,0,False,True,True,247.8516,10.54688
EPSILON shox * Viewsonic,CounterTerrorist,1456.71,920.1185,147.4917,Knife,100,74,-53.30063,-244.252,0,False,True,True,247.8516,10.54688
EPSILON shox * Viewsonic,CounterTerrorist,1452.908,904.965,146.6018,Knife,100,74,-66.20895,-241.0734,0,False,True,True,246.7969,10.54688
EPSILON shox * Viewsonic,CounterTerrorist,1448.344,890.023,145.276,Knife,100,74,-78.53633,-237.3437,0,False,True,True,242.9297,10.89844
EPSILON shox * Viewsonic,CounterTerrorist,1443.23,875.2639,143.9872,Knife,100,74,-73.20755,-238.8998,0,False,True,True,238.0078,11.25
EPSILON shox * Viewsonic,CounterTerrorist,1439.933,860.0027,142.9643,Knife,100,74,-39.15638,-246.9145,0,False,True,True,233.789,11.25
EPSILON shox * Viewsonic,CounterTerrorist,1438.266,844.4711,141.8548,Knife,100,74,-18.38662,-249.323,0,False,True,True,231.3281,11.60156
EPSILON shox * Viewsonic,CounterTerrorist,1437.624,828.8612,140.6926,Knife,100,74,-4.695388,-249.9559,0,False,True,True,231.3281,11.60156
EPSILON shox * Viewsonic,CounterTerrorist,1437.683,813.2372,139.5675,Knife,100,74,4.775959,-249.9544,0,False,True,True,231.3281,11.60156
EPSILON shox * Viewsonic,CounterTerrorist,1438.217,797.6217,138.4686,Knife,100,74,11.12807,-249.7522,0,False,True,True,231.3281,11.60156
EPSILON shox * Viewsonic,CounterTerrorist,1439.076,782.0205,137.2331,Knife,100,74,15.56033,-249.5153,0,False,True,True,231.3281,11.60156
EPSILON shox * Viewsonic,CounterTerrorist,1440.165,766.4335,135.9931,Knife,100,74,18.67604,-249.3014,0,False,True,True,230.9766,11.60156
EPSILON shox * Viewsonic,CounterTerrorist,1441.366,750.8548,134.76,Knife,100,74,19.25354,-249.2575,0,False,True,True,229.2188,11.60156
EPSILON shox * Viewsonic,CounterTerrorist,1442.532,735.2733,133.5247,Knife,100,74,17.91178,-249.3575,0,False,True,True,227.4609,11.60156
EPSILON shox * Viewsonic,CounterTerrorist,1443.509,719.6791,132.0632,Knife,100,74,13.0861,-249.6573,0,False,True,True,222.8906,11.60156
EPSILON shox * Viewsonic,CounterTerrorist,1443.971,704.0623,130.4966,Knife,100,74,2.205394,-249.9903,0,False,True,True,217.6172,11.60156
EPSILON shox * Viewsonic,CounterTerrorist,1443.666,688.4417,128.8658,Knife,100,74,-10.12076,-249.7951,0,False,True,True,215.5078,11.60156
EPSILON shox * Viewsonic,CounterTerrorist,1442.695,672.8478,127.2421,Knife,100,74,-19.22248,-249.2599,0,False,True,True,215.5078,11.60156
EPSILON shox * Viewsonic,CounterTerrorist,1441.253,657.29,125.6346,Knife,100,74,-25.97591,-248.6468,0,False,True,True,214.4531,11.60156
EPSILON shox * Viewsonic,CounterTerrorist,1439.404,641.7752,123.992,Knife,100,74,-32.30419,-247.9041,0,False,True,True,213.3984,11.60156
EPSILON shox * Viewsonic,CounterTerrorist,1437.188,626.3083,122.319,Knife,100,74,-37.80448,-247.1251,0,False,True,True,212.6953,11.60156
EPSILON shox * Viewsonic,CounterTerrorist,1434.631,610.8943,121.6155,Knife,100,74,-43.36819,-246.2097,0,False,True,True,210.9375,11.60156
EPSILON shox * Viewsonic,CounterTerrorist,1431.741,595.5392,121.5519,Knife,100,74,-48.2543,-245.2988,0,False,True,True,210.9375,11.60156
EPSILON shox * Viewsonic,CounterTerrorist,1428.593,580.2346,121.2716,Knife,100,74,-51.83548,-244.5671,0,False,True,True,210.5859,11.95313
EPSILON shox * Viewsonic,CounterTerrorist,1425.258,564.9697,120.952,Knife,100,74,-54.42384,-244.0042,0,False,True,True,210.5859,11.95313
EPSILON shox * Viewsonic,CounterTerrorist,1421.788,549.7351,120.3923,Knife,100,74,-56.3065,-243.5766,0,False,True,True,210.5859,11.95313
EPSILON shox * Viewsonic,CounterTerrorist,1418.218,534.5233,119.7685,Knife,100,74,-57.6832,-243.2543,0,False,True,True,210.5859,11.95313
EPSILON shox * Viewsonic,CounterTerrorist,1414.576,519.3287,119.1712,Knife,100,74,-58.69294,-243.0126,0,False,True,True,210.5859,11.95313
EPSILON shox * Viewsonic,CounterTerrorist,1410.88,504.1472,118.7554,Knife,100,74,-59.47571,-242.8223,0,False,True,True,210.5859,11.95313
EPSILON shox * Viewsonic,CounterTerrorist,1407.13,488.9788,118.1003,Knife,100,74,-60.43976,-242.5841,0,False,True,True,210.2344,11.95313
EPSILON shox * Viewsonic,CounterTerrorist,1403.312,473.8276,117.3264,Knife,100,74,-61.58122,-242.2968,0,False,True,True,209.8828,11.95313
EPSILON shox * Viewsonic,CounterTerrorist,1399.426,458.6936,116.6062,Knife,100,74,-62.67889,-242.0152,0,False,True,True,209.5313,11.60156
EPSILON shox * Viewsonic,CounterTerrorist,1395.46,443.5803,116.6614,Knife,100,74,-64.08408,-241.6469,0,False,True,True,209.1797,11.60156
EPSILON shox * Viewsonic,CounterTerrorist,1391.402,428.4914,117.6297,Knife,100,74,-65.58678,-241.2434,0,False,True,True,208.4766,11.60156
EPSILON shox * Viewsonic,CounterTerrorist,1387.244,413.43,118.1318,Knife,100,74,-67.29912,-240.7713,0,False,True,True,208.125,11.25
EPSILON shox * Viewsonic,CounterTerrorist,1382.979,398.3981,118.6386,Knife,100,74,-68.89156,-240.3205,0,False,True,True,207.7734,11.25
EPSILON shox * Viewsonic,CounterTerrorist,1378.627,383.3917,119.1493,Knife,100,74,-70.18561,-239.9458,0,False,True,True,207.7734,10.89844
EPSILON shox * Viewsonic,CounterTerrorist,1373.683,368.6972,119.7049,Knife,100,74,-97.31332,-225.0061,0,False,True,True,207.7734,10.89844
EPSILON shox * Viewsonic,CounterTerrorist,1366.043,355.5025,120.9571,Knife,100,74,-139.7747,-201.3203,0,False,True,True,207.4219,10.89844
EPSILON shox * Viewsonic,CounterTerrorist,1356.156,343.5817,122.2538,Knife,100,74,-170.6891,-182.6615,0,False,True,True,207.0703,10.89844
EPSILON shox * Viewsonic,CounterTerrorist,1344.809,332.8494,123.5232,Knife,100,74,-188.8604,-163.804,0,False,True,True,206.3672,10.89844
EPSILON shox * Viewsonic,CounterTerrorist,1332.562,323.1525,128.0313,Knife,100,74,-200.776,-148.9598,0,False,True,True,206.0156,10.89844
EPSILON shox * Viewsonic,CounterTerrorist,1319.591,314.8232,128.0313,Knife,100,74,-215.1465,-109.1881,0,False,True,True,206.0156,10.89844
EPSILON shox * Viewsonic,CounterTerrorist,1305.557,309.9742,128.0313,Knife,100,74,-231.106,-55.36951,0,False,True,True,206.0156,10.89844
EPSILON shox * Viewsonic,CounterTerrorist,1290.684,307.9766,128.0313,Knife,100,74,-242.7813,-15.49929,0,False,True,True,205.6641,10.89844
EPSILON shox * Viewsonic,CounterTerrorist,1275.215,308.0906,128.0313,Knife,100,74,-249.6121,13.92103,0,False,True,True,205.6641,10.89844
EPSILON shox * Viewsonic,CounterTerrorist,1259.742,307.4656,128.0313,Knife,100,74,-237.8616,-34.32851,0,False,True,True,207.0703,10.54688
EPSILON shox * Viewsonic,CounterTerrorist,1246.436,302.9319,128.0313,Knife,100,74,-193.3203,-99.85792,0,False,True,True,215.8594,9.140625
EPSILON shox * Viewsonic,CounterTerrorist,1236.081,294.8456,128.0313,Knife,100,74,-142.9079,-150.1557,0,False,True,True,230.625,6.679688
EPSILON shox * Viewsonic,CounterTerrorist,1229.019,284.1363,128.0313,Knife,100,74,-90.35264,-185.9192,0,False,True,True,239.0625,4.921875
EPSILON shox * Viewsonic,CounterTerrorist,1224.984,271.5918,136.3097,Knife,100,74,-45.91352,-210.9482,0,False,True,True,241.5234,4.921875
EPSILON shox * Viewsonic,CounterTerrorist,1223.388,257.7514,145.5366,Knife,100,74,-10.92184,-228.7201,0,False,True,True,242.9297,5.273438
EPSILON shox * Viewsonic,CounterTerrorist,1223.726,242.9999,155.3709,Knife,100,74,17.23378,-241.0226,0,False,True,True,244.6875,5.625
EPSILON shox * Viewsonic,CounterTerrorist,1225.601,227.6509,165.6036,Knife,100,74,38.76965,-246.9755,0,False,True,True,245.3906,5.976563
EPSILON shox * Viewsonic,CounterTerrorist,1228.562,212.3111,175.8302,Knife,100,74,53.28839,-244.2547,0,False,True,True,245.3906,6.328125
EPSILON shox * Viewsonic,CounterTerrorist,1232.27,197.1335,185.9485,Knife,100,74,63.52558,-241.7943,0,False,True,True,245.7422,6.679688
EPSILON shox * Viewsonic,CounterTerrorist,1236.515,182.0968,195.973,Knife,100,74,71.01388,-239.702,0,False,True,True,246.0938,7.382813
EPSILON shox * Viewsonic,CounterTerrorist,1241.155,167.1771,205.9195,Knife,100,74,76.48709,-238.012,0,False,True,True,246.0938,7.382813
EPSILON shox * Viewsonic,CounterTerrorist,1245.722,152.2899,215.8443,Knife,100,74,57.83763,-240.4248,0,False,True,True,246.4453,7.734375
EPSILON shox * Viewsonic,CounterTerrorist,1247.649,137.0029,226.0356,Knife,100,74,11.93728,-247.5405,0,False,True,True,246.4453,7.734375
EPSILON shox * Viewsonic,CounterTerrorist,1247.414,123.0479,235.339,AK47,100,74,-15.03702,-214.4735,0,False,True,True,247.1484,8.085938
EPSILON shox * Viewsonic,CounterTerrorist,1245.686,109.7275,244.2192,AK47,100,74,-36.7313,-211.8391,0,False,True,True,245.3906,8.4375
EPSILON shox * Viewsonic,CounterTerrorist,1242.709,96.62856,252.9518,AK47,100,74,-53.80521,-208.1586,0,False,True,True,235.1953,9.492188
EPSILON shox * Viewsonic,CounterTerrorist,1239.942,83.48038,256.0313,AK47,100,74,-42.05259,-210.8473,0,False,True,True,211.289,9.84375
EPSILON shox * Viewsonic,CounterTerrorist,1236.801,70.41981,256.0313,AK47,100,74,-59.17577,-206.696,0,False,True,True,191.25,9.492188
EPSILON shox * Viewsonic,CounterTerrorist,1232.385,57.73378,256.0313,AK47,100,74,-78.53969,-200.1413,0,False,True,True,190.5469,9.492188
EPSILON shox * Viewsonic,CounterTerrorist,1226.983,45.43223,256.0313,AK47,100,74,-91.8195,-194.4073,0,False,True,True,190.5469,9.492188
EPSILON shox * Viewsonic,CounterTerrorist,1219.748,34.7149,256.0313,AK47,100,74,-132.5769,-155.3803,0,False,True,True,190.5469,9.492188
EPSILON shox * Viewsonic,CounterTerrorist,1210.352,26.10102,256.0313,AK47,100,74,-162.9184,-124.6661,0,False,True,True,187.0313,8.789063
EPSILON shox * Viewsonic,CounterTerrorist,1199.331,19.28391,256.0313,AK47,100,74,-185.8128,-97.69886,0,False,True,True,184.2188,8.085938
EPSILON shox * Viewsonic,CounterTerrorist,1187.116,13.9493,256.0313,AK47,100,74,-201.0289,-76.23885,0,False,True,True,184.2188,8.085938
EPSILON shox * Viewsonic,CounterTerrorist,1174.331,9.825228,256.0313,AK47,100,74,-206.7988,-58.81551,0,False,True,True,184.2188,8.085938
EPSILON shox * Viewsonic,CounterTerrorist,1161.285,6.612501,256.0313,AK47,100,74,-209.966,-46.25247,0,False,True,True,184.2188,8.085938
EPSILON shox * Viewsonic,CounterTerrorist,1148.095,4.051444,256.0313,AK47,100,74,-211.7334,-37.33598,0,False,True,True,184.2188,8.085938
EPSILON shox * Viewsonic,CounterTerrorist,1135.322,0.2443423,256.0313,AK47,100,74,-199.2281,-77.43938,0,False,True,True,183.8672,8.085938
EPSILON shox * Viewsonic,CounterTerrorist,1123.268,-5.645755,256.0313,AK47,100,74,-187.3777,-105.4259,0,False,True,True,183.8672,8.085938
EPSILON shox * Viewsonic,CounterTerrorist,1112.895,-13.35104,256.0313,AK47,100,74,-143.282,-139.3038,0,False,True,True,183.5156,8.085938
EPSILON shox * Viewsonic,CounterTerrorist,1105.459,-23.13276,256.0313,AK47,100,74,-102.1902,-168.5988,0,False,True,True,182.1094,7.03125
EPSILON shox * Viewsonic,CounterTerrorist,1100.111,-34.39159,256.0313,AK47,100,74,-74.31288,-180.8456,0,False,True,True,180,4.921875
EPSILON shox * Viewsonic,CounterTerrorist,1096.21,-42.03478,256.0313,AK47,100,74,-53.95101,-74.32591,0,False,True,True,179.2969,4.21875
EPSILON shox * Viewsonic,CounterTerrorist,1093.483,-43.70951,256.0313,AK47,100,74,-34.49165,-5.587792,0,False,True,True,179.2969,4.21875
EPSILON shox * Viewsonic,CounterTerrorist,1092.109,-43.93225,256.0313,AK47,100,74,-12.28122,-1.989609,0,False,True,True,179.2969,4.21875
EPSILON shox * Viewsonic,CounterTerrorist,1091.942,-43.95929,256.0313,AK47,100,74,0,0,0,False,True,True,179.2969,3.867188
EPSILON shox * Viewsonic,CounterTerrorist,1091.932,-44.56224,256.0313,AK47,100,74,-0.4774942,-29.18356,0,False,True,True,178.9453,3.867188
EPSILON shox * Viewsonic,CounterTerrorist,1090.612,-47.65618,256.0313,AK47,100,74,-35.21472,-65.87508,0,False,True,True,177.8906,3.515625
EPSILON shox * Viewsonic,CounterTerrorist,1088.64,-53.5595,256.0313,AK47,100,74,-29.1509,-114.5145,0,False,True,True,176.8359,3.515625
EPSILON shox * Viewsonic,CounterTerrorist,1086.952,-62.03083,256.0313,AK47,100,74,-25.72126,-150.289,0,False,True,True,175.7813,3.164063
EPSILON shox * Viewsonic,CounterTerrorist,1085.412,-72.38979,256.0313,AK47,100,74,-23.93084,-176.5883,0,False,True,True,175.4297,3.164063
EPSILON shox * Viewsonic,CounterTerrorist,1083.952,-84.13693,256.0313,AK47,100,74,-22.97881,-195.9305,0,False,True,True,175.4297,2.8125
EPSILON shox * Viewsonic,CounterTerrorist,1082.537,-96.90537,256.0313,AK47,100,74,-22.42829,-210.1647,0,False,True,True,175.0781,2.460938
EPSILON shox * Viewsonic,CounterTerrorist,1081.164,-110.2496,256.0313,AK47,100,74,-21.49651,-213.9226,0,False,True,True,175.0781,2.460938
EPSILON shox * Viewsonic,CounterTerrorist,1079.854,-123.6231,256.0313,AK47,100,74,-20.586,-214.0122,0,False,True,True,175.0781,2.460938
EPSILON shox * Viewsonic,CounterTerrorist,1078.679,-135.9681,256.0313,AK47,100,74,-15.08811,-156.6221,0,False,True,True,175.0781,2.460938
EPSILON shox * Viewsonic,CounterTerrorist,1078.057,-141.817,256.0313,AK47,100,74,-6.592032,-48.8857,0,False,True,True,176.8359,2.460938
EPSILON shox * Viewsonic,CounterTerrorist,1077.794,-143.5032,256.0313,AK47,100,74,-2.687863,-17.25251,0,False,True,True,177.1875,2.109375
EPSILON shox * Viewsonic,CounterTerrorist,1077.694,-144.5322,256.0313,AK47,100,74,-2.163621,-32.50029,0,False,True,True,176.4844,2.460938
EPSILON shox * Viewsonic,CounterTerrorist,1077.438,-148.4129,256.0313,AK47,100,74,-5.796576,-84.98383,0,False,True,True,175.4297,2.460938
EPSILON shox * Viewsonic,CounterTerrorist,1076.912,-155.3189,256.0313,AK47,100,74,-10.433,-128.3868,0,False,True,True,174.375,2.460938
EPSILON shox * Viewsonic,CounterTerrorist,1076.112,-164.5148,256.0313,AK47,100,74,-14.57209,-160.2844,0,False,True,True,173.6719,2.460938
EPSILON shox * Viewsonic,CounterTerrorist,1075.071,-175.3933,256.0313,AK47,100,74,-18.22604,-183.7126,0,False,True,True,173.3203,2.460938
EPSILON shox * Viewsonic,CounterTerrorist,1073.812,-187.5065,256.0313,AK47,100,74,-21.62398,-200.8839,0,False,True,True,172.6172,2.460938
EPSILON shox * Viewsonic,CounterTerrorist,1072.499,-199.3958,256.0313,AK47,100,74,-16.16601,-151.3073,0,False,True,True,171.5625,2.460938
EPSILON shox * Viewsonic,CounterTerrorist,1071.936,-205.4135,256.0313,AK47,100,74,-6.238066,-72.95484,0,False,True,True,171.5625,2.460938
EPSILON shox * Viewsonic,CounterTerrorist,1071.614,-209.1851,256.0313,AK47,100,74,-4.321178,-50.53664,0,False,True,True,171.5625,2.460938
EPSILON shox * Viewsonic,CounterTerrorist,1071.4,-211.6281,256.0313,AK47,100,74,-3.77488,-37.4243,0,False,True,True,171.5625,2.460938
EPSILON shox * Viewsonic,CounterTerrorist,1070.877,-215.751,256.0313,AK47,100,74,-11.14946,-83.50681,0,True,True,True,171.5625,2.460938
EPSILON shox * Viewsonic,CounterTerrorist,1070.151,-221.1119,256.0313,AK47,100,74,-11.90693,-87.36967,0,True,True,True,171.9141,2.460938
EPSILON shox * Viewsonic,CounterTerrorist,1069.386,-226.6769,256.0313,AK47,100,74,-12.50731,-90.20876,0,True,True,True,171.5625,2.109375
EPSILON shox * Viewsonic,CounterTerrorist,1068.722,-231.4531,256.0313,AK47,100,74,-10.13102,-72.39455,0,False,True,True,171.5625,2.109375
EPSILON shox * Viewsonic,CounterTerrorist,1068.08,-235.9766,256.0313,AK47,100,74,-10.37172,-72.36047,0,False,True,True,171.2109,1.757813
EPSILON shox * Viewsonic,CounterTerrorist,1067.518,-239.8899,256.0313,AK47,100,74,-7.60033,-52.86898,0,False,True,True,171.2109,1.757813
EPSILON shox * Viewsonic,CounterTerrorist,1067.155,-242.4113,256.0313,AK47,100,74,-4.398693,-30.59793,0,False,True,True,171.2109,1.40625
EPSILON shox * Viewsonic,CounterTerrorist,1066.993,-243.5406,256.0313,AK47,100,74,-1.197055,-8.32688,0,False,True,True,171.2109,1.40625
EPSILON shox * Viewsonic,CounterTerrorist,1066.984,-243.6055,256.0313,AK47,100,74,0,0,0,False,True,True,171.2109,1.40625
EPSILON shox * Viewsonic,CounterTerrorist,1066.636,-243.5514,256.0313,AK47,100,74,-9.047476,1.407153,0,False,True,True,171.2109,1.40625
EPSILON shox * Viewsonic,CounterTerrorist,1065.897,-243.7168,256.0313,AK47,100,74,-13.23047,-7.215396,0,False,True,True,171.2109,1.40625
EPSILON shox * Viewsonic,CounterTerrorist,1064.901,-244.3729,256.0313,AK47,100,74,-18.24897,-12.73938,0,False,True,True,171.2109,1.757813
EPSILON shox * Viewsonic,CounterTerrorist,1063.853,-245.3057,256.0313,AK47,100,74,-11.28345,-12.17432,0,False,True,True,171.9141,1.757813
EPSILON shox * Viewsonic,CounterTerrorist,1063.735,-245.0883,256.0313,AK47,100,74,1.060881,8.224833,0,False,True,True,172.2656,1.757813
EPSILON shox * Viewsonic,CounterTerrorist,1063.783,-244.7285,256.0313,AK47,100,74,0,0,0,False,True,True,172.6172,1.757813
EPSILON shox * Viewsonic,CounterTerrorist,1063.803,-244.5711,256.0313,AK47,100,74,0.8057761,6.386871,0,False,True,True,172.6172,1.757813
EPSILON shox * Viewsonic,CounterTerrorist,1063.885,-243.919,256.0313,AK47,100,74,1.705687,13.5808,0,False,True,True,172.9688,1.757813
EPSILON shox * Viewsonic,CounterTerrorist,1064.022,-242.8172,256.0313,AK47,100,74,2.575184,20.77851,0,False,True,True,172.9688,1.757813
EPSILON shox * Viewsonic,CounterTerrorist,1064.21,-241.265,256.0313,AK47,100,74,3.31294,27.99175,0,False,True,True,173.6719,1.757813
EPSILON shox * Viewsonic,CounterTerrorist,1064.429,-239.2605,256.0313,AK47,100,74,3.60394,35.2493,0,False,True,True,175.0781,1.757813
EPSILON shox * Viewsonic,CounterTerrorist,1064.663,-236.8023,256.0313,AK47,100,74,3.872057,42.5041,0,False,True,True,175.4297,1.757813
EPSILON shox * Viewsonic,CounterTerrorist,1064.818,-235.1364,256.0313,AK47,100,74,0.6683441,5.26861,0,False,True,True,175.7813,1.757813
EPSILON shox * Viewsonic,CounterTerrorist,1064.792,-235.497,256.0313,AK47,100,74,-0.6801302,-9.130953,0,False,True,True,175.7813,1.757813
EPSILON shox * Viewsonic,CounterTerrorist,1064.733,-236.322,256.0313,AK47,100,74,-1.148476,-16.36596,0,False,True,True,176.1328,1.757813
EPSILON shox * Viewsonic,CounterTerrorist,1064.7,-236.7994,256.0313,AK47,100,74,0.3138232,4.61434,0,False,True,True,176.1328,1.757813
EPSILON shox * Viewsonic,CounterTerrorist,1064.737,-236.2567,256.0313,AK47,100,74,0.8057621,11.84763,0,False,True,True,176.1328,1.757813
EPSILON shox * Viewsonic,CounterTerrorist,1064.747,-236.1106,256.0313,AK47,100,74,0,0,0,False,True,True,176.1328,1.757813
EPSILON shox * Viewsonic,CounterTerrorist,1064.732,-236.3261,256.0313,AK47,100,74,-0.5188735,-7.325394,0,False,True,True,175.7813,1.757813
EPSILON shox * Viewsonic,CounterTerrorist,1064.68,-237.0381,256.0313,AK47,100,74,-1.083125,-14.55348,0,False,True,True,175.7813,1.757813
EPSILON shox * Viewsonic,CounterTerrorist,1064.591,-238.2017,256.0313,AK47,100,74,-1.686708,-21.77846,0,False,True,True,175.4297,1.757813
EPSILON shox * Viewsonic,CounterTerrorist,1064.472,-239.7008,256.0313,AK47,100,74,-1.435025,-17.8798,0,False,True,True,175.0781,1.757813
EPSILON shox * Viewsonic,CounterTerrorist,1064.482,-239.5995,256.0313,AK47,100,74,0.656643,7.314332,0,False,True,True,174.7266,1.757813
EPSILON shox * Viewsonic,CounterTerrorist,1064.546,-238.8885,256.0313,AK47,100,74,1.308485,14.53497,0,False,True,True,174.7266,1.757813
EPSILON shox * Viewsonic,CounterTerrorist,1064.651,-237.7263,256.0313,AK47,100,74,1.954425,21.75614,0,True,True,True,174.7266,1.757813
EPSILON shox * Viewsonic,CounterTerrorist,1064.794,-236.1125,256.0313,AK47,100,74,2.587264,28.97836,0,True,True,True,174.7266,2.460938
EPSILON shox * Viewsonic,CounterTerrorist,1064.982,-234.0478,256.0313,AK47,100,74,3.325532,36.19104,0,True,True,True,174.7266,2.460938
EPSILON shox * Viewsonic,CounterTerrorist,1065.33,-230.2939,256.0313,AK47,100,74,7.722718,82.97943,0,False,True,True,174.7266,2.460938
EPSILON shox * Viewsonic,CounterTerrorist,1066.591,-223.7971,256.0313,AK47,100,74,39.40263,113.0401,0,False,True,True,174.7266,2.460938
EPSILON shox * Viewsonic,CounterTerrorist,1070.538,-216.2734,256.0313,AK47,100,74,79.78149,125.5702,0,False,True,True,174.7266,2.460938
EPSILON shox * Viewsonic,CounterTerrorist,1075.301,-207.4037,256.0313,AK47,100,74,68.8583,155.8246,0,False,True,True,175.7813,2.460938
EPSILON shox * Viewsonic,CounterTerrorist,1079.091,-196.7504,256.0313,AK47,100,74,54.69743,180.7332,0,False,True,True,176.8359,2.460938
EPSILON shox * Viewsonic,CounterTerrorist,1082.096,-184.7792,256.0313,AK47,100,74,43.17603,199.1361,0,False,True,True,178.2422,2.460938
EPSILON shox * Viewsonic,CounterTerrorist,1084.423,-171.8355,256.0313,AK47,100,74,32.70804,212.4975,0,False,True,True,180,2.460938
EPSILON shox * Viewsonic,CounterTerrorist,1086.104,-158.5048,256.0313,AK47,100,74,22.83824,213.7836,0,False,True,True,180.3516,2.460938
EPSILON shox * Viewsonic,CounterTerrorist,1087.277,-145.1191,256.0313,AK47,100,74,15.98332,214.4051,0,False,True,True,180.3516,2.460938
EPSILON shox * Viewsonic,CounterTerrorist,1088.1,-131.7071,256.0313,AK47,100,74,11.21407,214.7073,0,False,True,True,180.3516,2.460938
EPSILON shox * Viewsonic,CounterTerrorist,1088.675,-118.2821,256.0313,AK47,100,74,7.735968,214.8608,0,False,True,True,180.7031,2.460938
EPSILON shox * Viewsonic,CounterTerrorist,1089.126,-108.3815,256.0313,AK47,100,74,7.267213,106.8775,0,False,True,True,181.7578,2.460938
EPSILON shox * Viewsonic,CounterTerrorist,1089.515,-103.0041,256.0313,AK47,100,74,4.448867,99.58438,0,False,True,True,182.4609,3.164063
EPSILON shox * Viewsonic,CounterTerrorist,1089.63,-95.3199,256.0313,AK47,100,74,-0.06509926,139.3451,0,False,True,True,182.8125,3.515625
EPSILON shox * Viewsonic,CounterTerrorist,1089.508,-85.53519,256.0313,AK47,100,74,-3.287587,168.6365,0,False,True,True,182.8125,3.515625
EPSILON shox * Viewsonic,CounterTerrorist,1089.204,-74.20375,256.0313,AK47,100,74,-6.049722,190.1909,0,False,True,True,183.1641,3.867188
EPSILON shox * Viewsonic,CounterTerrorist,1088.737,-61.73467,256.0313,AK47,100,74,-8.537549,206.0405,0,False,True,True,183.5156,4.21875
EPSILON shox * Viewsonic,CounterTerrorist,1088.133,-48.4677,256.0313,AK47,100,74,-10.3453,214.751,0,False,True,True,183.5156,4.21875
EPSILON shox * Viewsonic,CounterTerrorist,1087.955,-35.11932,256.0313,AK47,100,74,14.00507,211.1145,0,False,True,True,184.2188,4.570313
EPSILON shox * Viewsonic,CounterTerrorist,1090.937,-23.43311,256.0313,AK47,100,74,73.73559,165.4057,0,False,True,True,184.5703,4.921875
EPSILON shox * Viewsonic,CounterTerrorist,1097.252,-14.5126,256.0313,AK47,100,74,120.2083,126.7377,0,False,True,True,184.2188,4.921875
EPSILON shox * Viewsonic,CounterTerrorist,1106.092,-7.636415,256.0313,Knife,100,74,158.8584,98.46507,0,False,True,True,184.2188,4.921875
EPSILON shox * Viewsonic,CounterTerrorist,1117.298,-2.230175,256.0313,Knife,100,74,193.6434,78.10024,0,False,True,True,184.2188,4.921875
EPSILON shox * Viewsonic,CounterTerrorist,1130.333,2.128982,256.0313,Knife,100,74,218.13,67.01377,0,False,True,True,180.3516,5.273438
EPSILON shox * Viewsonic,CounterTerrorist,1143.225,8.018413,256.0313,Knife,100,74,204.0137,108.9992,0,False,True,True,119.1797,10.89844
EPSILON shox * Viewsonic,CounterTerrorist,1156.717,14.33788,256.0313,Knife,100,74,224.24,96.00626,0,False,True,True,53.4375,14.76563
EPSILON shox * Viewsonic,CounterTerrorist,1171.25,17.96875,256.0313,Knife,100,74,233.5403,0,0,False,True,True,42.89063,15.82031
EPSILON shox * Viewsonic,CounterTerrorist,1185.655,18.30882,256.0313,Knife,100,74,228.3436,21.4908,0,False,True,True,42.89063,15.82031
EPSILON shox * Viewsonic,CounterTerrorist,1200.216,20.30143,256.0313,Knife,100,74,240.0716,28.05914,0,False,True,True,42.89063,15.82031
EPSILON shox * Viewsonic,CounterTerrorist,1215.24,23.12703,256.0313,Knife,100,74,239.9459,61.20208,0,False,True,True,33.04688,16.875
EPSILON shox * Viewsonic,CounterTerrorist,1229.089,28.68909,262.8162,Knife,100,74,215.1535,98.09822,280.1184,False,True,True,24.60938,17.57813
EPSILON shox * Viewsonic,CounterTerrorist,1241.485,36.77484,278.761,Knife,100,74,178.5502,162.6609,230.1184,False,True,True,35.15625,22.14844
EPSILON shox * Viewsonic,CounterTerrorist,1247.969,48.90884,291.5809,Knife,100,74,0,207.5376,180.1184,False,True,True,55.54688,31.64063
EPSILON shox * Viewsonic,CounterTerrorist,1247.969,61.87994,301.2757,Knife,100,74,0,207.5376,130.1184,False,True,True,74.17969,41.83594
EPSILON shox * Viewsonic,CounterTerrorist,1247.459,72.10019,303.6368,Knife,100,74,-23.96595,99.04411,-86.33442,False,True,True,86.48438,50.625
EPSILON shox * Viewsonic,CounterTerrorist,1245.478,78.29246,296.6783,Knife,100,74,-32.82926,99.05588,-136.3344,False,True,True,100.8984,58.71093
EPSILON shox * Viewsonic,CounterTerrorist,1243.426,84.48344,286.5948,Knife,100,74,-32.82926,99.05588,-186.3344,False,True,True,113.2031,62.57813
EPSILON shox * Viewsonic,CounterTerrorist,1241.374,90.67442,273.3863,Knife,100,74,-32.82926,99.05588,-236.3344,False,True,True,118.4766,62.92969
EPSILON shox * Viewsonic,CounterTerrorist,1239.322,96.86539,257.0528,Knife,100,74,-32.82926,99.05588,-286.3344,False,True,True,117.4219,60.46875
EPSILON shox * Viewsonic,CounterTerrorist,1236.733,104.0051,248.0342,Knife,100,74,-51.37356,132.9124,0,False,True,True,113.5547,54.14063
EPSILON shox * Viewsonic,CounterTerrorist,1233.04,113.6702,241.5908,Knife,100,74,-62.52497,170.567,0,False,True,True,104.4141,42.53906
EPSILON shox * Viewsonic,CounterTerrorist,1229.245,125.4562,233.7334,Knife,100,74,-57.31903,201.5437,0,False,True,True,94.21874,29.53125
EPSILON shox * Viewsonic,CounterTerrorist,1226.206,138.9234,224.7553,Knife,100,74,-41.50006,225.2575,0,False,True,True,88.24219,22.14844
EPSILON shox * Viewsonic,CounterTerrorist,1224.096,153.6433,214.942,Knife,100,74,-28.3265,242.7198,0,False,True,True,88.24219,22.14844
EPSILON shox * Viewsonic,CounterTerrorist,1222.693,169.1481,204.6055,Knife,100,74,-18.14731,249.3405,0,False,True,True,88.24219,22.14844
EPSILON shox * Viewsonic,CounterTerrorist,1221.828,184.7486,194.2051,Knife,100,74,-10.90463,249.7621,0,False,True,True,88.24219,22.14844
EPSILON shox * Viewsonic,CounterTerrorist,1221.331,200.3655,183.7939,Knife,100,74,-5.907917,249.9302,0,False,True,True,88.24219,22.14844
EPSILON shox * Viewsonic,CounterTerrorist,1221.084,215.9884,173.3786,Knife,100,74,-2.813636,249.9842,0,False,True,True,88.94531,21.79688
EPSILON shox * Viewsonic,CounterTerrorist,1220.991,231.0662,163.3268,AK47,100,74,-0.2541886,214.9998,0,False,True,True,86.48438,21.79688
EPSILON shox * Viewsonic,CounterTerrorist,1221.224,244.5009,154.3703,AK47,100,74,7.556603,214.8672,0,False,True,True,81.21094,20.74219
EPSILON shox * Viewsonic,CounterTerrorist,1222.016,257.9141,145.4282,AK47,100,74,16.4587,214.3691,0,False,True,True,79.45313,20.03906
EPSILON shox * Viewsonic,CounterTerrorist,1223.409,271.2773,136.5194,AK47,100,74,28.5194,213.1001,0,False,True,True,68.55469,17.57813
EPSILON shox * Viewsonic,CounterTerrorist,1226.443,284.8769,128.0313,Knife,100,74,68.00124,216.5156,0,False,True,True,37.61719,16.52344
EPSILON shox * Viewsonic,CounterTerrorist,1232.584,297.4583,128.0313,Knife,100,74,121.8289,184.1228,0,False,True,True,6.328125,14.76563
EPSILON shox * Viewsonic,CounterTerrorist,1241.837,307.3344,128.0313,Knife,100,74,166.4754,139.3654,0,False,True,True,2.460938,14.76563
EPSILON shox * Viewsonic,CounterTerrorist,1253.45,314.8209,128.0313,Knife,100,74,199.3815,106.0408,0,False,True,True,2.460938,14.76563
EPSILON shox * Viewsonic,CounterTerrorist,1266.801,320.5471,128.0313,Knife,100,74,223.6186,81.49532,0,False,True,True,2.460938,14.76563
EPSILON shox * Viewsonic,CounterTerrorist,1275.494,318.5181,128.0313,Knife,100,74,100.9564,-99.29692,0,False,True,True,6.328125,14.0625
EPSILON shox * Viewsonic,CounterTerrorist,1283.054,311.5409,128.0313,Knife,100,74,135.1293,-120.1594,0,False,True,True,7.734375,12.65625
EPSILON shox * Viewsonic,CounterTerrorist,1292.45,303.4999,128.0313,Knife,100,74,161.0732,-134.509,0,False,True,True,8.4375,11.95313
EPSILON shox * Viewsonic,CounterTerrorist,1303.155,302.0313,128.0313,Knife,100,74,177.0876,0,0,False,True,True,359.2969,11.95313
EPSILON shox * Viewsonic,CounterTerrorist,1314.185,302.0313,128.0313,Knife,100,74,172.0134,0,0,False,True,True,338.2031,13.00781
EPSILON shox * Viewsonic,CounterTerrorist,1324.316,299.5037,128.0313,Knife,100,74,163.5975,-62.86655,0,False,True,True,320.625,11.60156
EPSILON shox * Viewsonic,CounterTerrorist,1335.032,294.2718,128.0313,Knife,100,74,176.1048,-99.28307,0,False,True,True,314.2969,10.54688
EPSILON shox * Viewsonic,CounterTerrorist,1346.291,286.9939,125.6025,Knife,100,74,183.0796,-128.4064,0,False,True,True,314.2969,11.95313
EPSILON shox * Viewsonic,CounterTerrorist,1357.935,278.193,125.1173,Knife,100,74,188.5599,-149.525,0,False,True,True,314.2969,11.95313
EPSILON shox * Viewsonic,CounterTerrorist,1369.829,268.3108,124.4632,Knife,100,74,189.8645,-162.6391,0,False,True,True,314.2969,11.95313
EPSILON shox * Viewsonic,CounterTerrorist,1381.545,257.973,122.9742,Knife,100,74,185.7803,-167.2892,0,False,True,True,314.2969,11.95313
EPSILON shox * Viewsonic,CounterTerrorist,1393.045,247.3955,121.3697,Knife,100,74,182.5802,-170.7761,0,False,True,True,313.2422,11.95313
EPSILON shox * Viewsonic,CounterTerrorist,1404.266,236.5239,119.5504,Knife,100,74,176.6495,-176.9038,0,False,True,True,308.3203,11.95313
EPSILON shox * Viewsonic,CounterTerrorist,1415.057,225.2245,117.0949,Knife,100,74,169.8363,-183.4547,0,False,True,True,307.6172,11.60156
EPSILON shox * Viewsonic,CounterTerrorist,1425.51,213.6115,117.8233,Knife,100,74,165.5808,-187.3045,0,False,True,True,308.3203,11.25
EPSILON shox * Viewsonic,CounterTerrorist,1435.754,201.8135,119.2558,Knife,100,74,162.7357,-189.7817,0,False,True,True,308.3203,11.25
EPSILON shox * Viewsonic,CounterTerrorist,1445.853,189.8901,120.2841,Knife,100,74,160.7768,-191.444,0,False,True,True,308.3203,11.25
EPSILON shox * Viewsonic,CounterTerrorist,1455.85,177.8826,121.1484,Knife,100,74,159.3925,-192.5982,0,False,True,True,308.3203,11.25
EPSILON shox * Viewsonic,CounterTerrorist,1465.772,165.8117,122.3596,Knife,100,74,158.2229,-193.5601,0,False,True,True,307.9688,11.25
EPSILON shox * Viewsonic,CounterTerrorist,1475.365,153.9776,124.0452,CZ,100,74,150.3709,-187.0524,0,False,True,True,306.5625,10.89844
EPSILON shox * Viewsonic,CounterTerrorist,1484.692,142.2299,125.689,CZ,100,74,148.4231,-188.6016,0,False,True,True,306.5625,10.54688
EPSILON shox * Viewsonic,CounterTerrorist,1488.459,130.2906,126.3389,CZ,100,74,24.80901,-194.2345,0,False,True,True,309.375,10.89844
EPSILON shox * Viewsonic,CounterTerrorist,1491.489,118.2386,126.7176,AK47,100,74,66.30486,-189.4346,0,False,True,True,322.0313,10.89844
EPSILON shox * Viewsonic,CounterTerrorist,1497.077,107.0063,126.6914,AK47,100,74,107.1837,-170.0036,0,False,True,True,339.2578,8.4375
EPSILON shox * Viewsonic,CounterTerrorist,1505.064,97.33476,126.2189,AK47,100,74,142.5753,-142.9326,0,False,True,True,346.2891,5.976563
EPSILON shox * Viewsonic,CounterTerrorist,1514.954,89.21192,125.9281,AK47,100,74,169.2312,-120.8623,0,False,True,True,346.2891,5.976563
EPSILON shox * Viewsonic,CounterTerrorist,1526.246,82.25837,125.7701,AK47,100,74,188.0783,-104.1707,0,False,True,True,346.2891,5.976563
EPSILON shox * Viewsonic,CounterTerrorist,1538.291,76.30898,125.7109,AK47,100,74,195.7647,-88.88854,0,False,True,True,346.2891,5.976563
EPSILON shox * Viewsonic,CounterTerrorist,1550.702,71.16302,125.7744,AK47,100,74,200.4421,-77.76857,0,False,True,True,346.2891,5.976563
EPSILON shox * Viewsonic,CounterTerrorist,1563.339,66.59505,126.1096,AK47,100,74,203.3255,-69.88391,0,False,True,True,346.2891,5.976563
EPSILON shox * Viewsonic,CounterTerrorist,1576.113,62.42542,126.4564,AK47,100,74,205.085,-64.53786,0,False,True,True,346.2891,5.976563
EPSILON shox * Viewsonic,CounterTerrorist,1588.973,58.53187,126.8107,AK47,100,74,206.2867,-60.58702,0,False,True,True,347.3438,5.625
EPSILON shox * Viewsonic,CounterTerrorist,1601.926,54.9562,127.1736,AK47,100,74,207.9809,-54.48811,0,False,True,True,350.1563,4.570313
EPSILON shox * Viewsonic,CounterTerrorist,1614.969,51.72792,127.5455,AK47,100,74,209.1774,-49.69742,0,False,True,True,350.1563,4.570313
EPSILON shox * Viewsonic,CounterTerrorist,1628.072,48.74682,127.9237,AK47,100,74,209.954,-46.30674,0,False,True,True,350.1563,4.570313
EPSILON shox * Viewsonic,CounterTerrorist,1641.213,45.94304,127.9395,AK47,100,74,210.4866,-43.8224,0,False,True,True,350.1563,4.21875
EPSILON shox * Viewsonic,CounterTerrorist,1654.394,43.33027,127.9739,AK47,100,74,211.3472,-39.46327,0,False,True,True,354.7266,3.515625
EPSILON shox * Viewsonic,CounterTerrorist,1667.66,41.19988,128.0298,AK47,100,74,212.9878,-29.34629,0,False,True,True,0.703125,2.8125
EPSILON shox * Viewsonic,CounterTerrorist,1681.018,39.75459,128.1273,AK47,100,74,214.1883,-18.66442,0,False,True,True,1.757813,2.460938
EPSILON shox * Viewsonic,CounterTerrorist,1694.426,38.87036,128.0757,AK47,100,74,214.7138,-11.08924,0,False,True,True,1.757813,2.460938
EPSILON shox * Viewsonic,CounterTerrorist,1707.854,38.36668,128.046,AK47,100,74,214.9169,-5.975861,0,False,True,True,1.757813,2.460938
EPSILON shox * Viewsonic,CounterTerrorist,1721.166,38.62144,127.6028,AK47,100,74,208.7689,22.52384,0,False,True,True,1.757813,2.460938
EPSILON shox * Viewsonic,CounterTerrorist,1733.851,41.58409,127.1434,AK47,100,74,198.8917,64.86701,0,False,True,True,1.757813,2.460938
EPSILON shox * Viewsonic,CounterTerrorist,1746.239,46.29025,126.8018,AK47,100,74,202.8454,71.26518,0,False,True,True,1.757813,2.460938
EPSILON shox * Viewsonic,CounterTerrorist,1759.131,50.06147,126.3798,AK47,100,74,208.4412,52.69984,0,False,True,True,1.757813,2.460938
EPSILON shox * Viewsonic,CounterTerrorist,1768.971,52.23617,126.2406,AK47,100,74,210.8073,42.25274,0,False,True,True,1.757813,2.460938
EPSILON shox * Viewsonic,CounterTerrorist,1785.542,54.96788,125.9624,AK47,100,74,212.9229,29.81369,0,False,True,True,1.757813,2.460938
EPSILON shox * Viewsonic,CounterTerrorist,1798.88,56.59179,125.6826,AK47,100,74,213.7255,23.37514,0,False,True,True,1.757813,2.460938
EPSILON shox * Viewsonic,CounterTerrorist,1812.255,57.88901,125.3699,AK47,100,74,214.1637,18.94538,0,False,True,True,1.757813,2.460938
EPSILON shox * Viewsonic,CounterTerrorist,1823.975,58.83365,125.0772,AK47,100,74,214.3937,16.13569,0,False,True,True,1.757813,2.460938
EPSILON shox * Viewsonic,CounterTerrorist,1839.057,59.86058,124.6821,AK47,100,74,214.5745,13.51991,0,False,True,True,1.757813,2.460938
EPSILON shox * Viewsonic,CounterTerrorist,1852.472,60.64455,124.3182,AK47,100,74,214.6726,11.85988,0,False,True,True,1.757813,2.460938
EPSILON shox * Viewsonic,CounterTerrorist,1865.891,61.34111,123.9456,AK47,100,74,214.7364,10.64368,0,False,True,True,1.757813,2.460938
EPSILON shox * Viewsonic,CounterTerrorist,1879.314,61.97353,123.6695,AK47,100,74,214.7788,9.750414,0,False,True,True,1.757813,2.460938
EPSILON shox * Viewsonic,CounterTerrorist,1892.738,62.5588,123.4747,AK47,100,74,214.8076,9.09346,0,False,True,True,1.757813,2.460938
EPSILON shox * Viewsonic,CounterTerrorist,1906.165,63.10939,123.2765,AK47,100,74,214.8275,8.609962,0,False,True,True,1.757813,2.460938
EPSILON shox * Viewsonic,CounterTerrorist,1919.592,63.63444,123.0757,AK47,100,74,214.8415,8.253981,0,False,True,True,1.757813,2.460938
EPSILON shox * Viewsonic,CounterTerrorist,1933.02,64.14069,122.8732,AK47,100,74,214.8514,7.991839,0,False,True,True,1.757813,2.460938
EPSILON shox * Viewsonic,CounterTerrorist,1946.448,64.63308,122.6693,AK47,100,74,214.8585,7.798777,0,False,True,True,1.757813,2.460938
EPSILON shox * Viewsonic,CounterTerrorist,1959.877,65.11528,122.4644,AK47,100,74,214.8636,7.656582,0,False,True,True,1.757813,2.460938
EPSILON shox * Viewsonic,CounterTerrorist,1973.306,65.58997,122.2587,AK47,100,74,214.8673,7.55185,0,False,True,True,1.757813,2.460938
EPSILON shox * Viewsonic,CounterTerrorist,1986.736,66.05914,122.0525,AK47,100,74,214.87,7.474709,0,False,True,True,1.757813,2.460938
EPSILON shox * Viewsonic,CounterTerrorist,2000.165,66.52423,121.8459,AK47,100,74,214.872,7.417892,0,False,True,True,1.757813,2.460938
EPSILON shox * Viewsonic,CounterTerrorist,2013.595,66.98632,121.6391,AK47,100,74,214.8734,7.376041,0,False,True,True,1.757813,2.460938
EPSILON shox * Viewsonic,CounterTerrorist,2027.025,67.4462,121.4641,AK47,100,74,214.8745,7.345215,0,False,True,True,1.757813,2.460938
EPSILON shox * Viewsonic,CounterTerrorist,2040.454,67.90443,121.4161,AK47,100,74,214.8752,7.322512,0,False,True,True,1.757813,2.460938
EPSILON shox * Viewsonic,CounterTerrorist,2053.884,68.36147,121.3577,AK47,100,74,214.8758,7.305789,0,False,True,True,1.757813,2.460938
EPSILON shox * Viewsonic,CounterTerrorist,2067.314,68.81763,121.2844,AK47,100,74,214.8762,7.293471,0,False,True,True,1.757813,2.460938
EPSILON shox * Viewsonic,CounterTerrorist,2080.743,69.27314,121.2112,AK47,100,74,214.8765,7.284397,0,False,True,True,1.757813,2.460938
EPSILON shox * Viewsonic,CounterTerrorist,2094.173,69.72816,121.1378,AK47,100,74,214.8768,7.277714,0,False,True,True,1.757813,2.460938
EPSILON shox * Viewsonic,CounterTerrorist,2107.603,70.18284,121.0645,AK47,100,74,214.8769,7.272791,0,False,True,True,1.757813,2.460938
EPSILON shox * Viewsonic,CounterTerrorist,2120.134,70.60691,120.996,AK47,100,74,177.498,6.006422,0,False,True,True,1.757813,2.460938
EPSILON shox * Viewsonic,CounterTerrorist,2129.511,70.92421,120.9448,AK47,100,74,130.7373,4.424067,0,False,True,True,1.757813,2.460938
EPSILON shox * Viewsonic,CounterTerrorist,2133.96,71.0749,120.9205,AK47,100,74,27.75071,0.942674,0,False,True,True,1.757813,2.460938
EPSILON shox * Viewsonic,CounterTerrorist,2132.918,71.03979,120.9197,AK47,100,74,-41.83442,-1.413018,0,False,True,True,1.757813,2.460938
EPSILON shox * Viewsonic,CounterTerrorist,2128.449,70.88882,120.9362,CZ,100,74,-94.92808,-3.206716,0,False,True,True,1.757813,2.460938
EPSILON shox * Viewsonic,CounterTerrorist,2120.727,70.62797,120.9929,CZ,100,74,-143.642,-4.852424,0,False,True,True,1.757813,2.460938
EPSILON shox * Viewsonic,CounterTerrorist,2110.432,70.28018,121.034,CZ,100,74,-179.5227,-6.064581,0,False,True,True,1.757813,2.460938
EPSILON shox * Viewsonic,CounterTerrorist,2098.241,69.86836,121.107,CZ,100,74,-205.9508,-6.957402,0,False,True,True,1.757813,2.460938
EPSILON shox * Viewsonic,CounterTerrorist,2084.654,69.44107,121.1819,CZ,100,74,-225.4447,-6.303159,0,False,True,True,0.3515625,2.460938
EPSILON shox * Viewsonic,CounterTerrorist,2070.044,68.94538,121.2638,CZ,100,74,-239.2815,-11.87211,0,False,True,True,12.65625,2.460938
EPSILON shox * Viewsonic,CounterTerrorist,2055.119,67.48544,121.2844,CZ,100,74,-238.6118,-25.77636,0,False,True,True,37.61719,4.21875
EPSILON shox * Viewsonic,CounterTerrorist,2040.185,66.07881,121.2751,CZ,100,74,-239.025,-21.61088,0,False,True,True,48.86719,4.21875
EPSILON shox * Viewsonic,CounterTerrorist,2025.242,64.77568,121.2537,CZ,100,74,-239.1385,-20.31655,0,False,True,True,48.86719,4.21875
EPSILON shox * Viewsonic,CounterTerrorist,2010.293,63.54083,121.366,CZ,100,74,-239.2174,-19.3655,0,False,True,True,48.86719,4.21875
EPSILON shox * Viewsonic,CounterTerrorist,1995.34,62.35618,121.5312,CZ,100,74,-239.273,-18.66588,0,False,True,True,48.86719,4.21875
EPSILON shox * Viewsonic,CounterTerrorist,1980.384,61.20799,121.7,CZ,100,74,-239.3079,-18.21294,0,False,True,True,49.21875,4.21875
EPSILON shox * Viewsonic,CounterTerrorist,1965.51,61.73994,122.0306,CZ,100,74,-238.9738,22.17058,0,False,True,True,74.53125,5.273438
EPSILON shox * Viewsonic,CounterTerrorist,1950.551,62.77653,122.4118,CZ,100,74,-239.9577,4.50418,0,False,True,True,114.2578,2.109375
EPSILON shox * Viewsonic,CounterTerrorist,1936.967,61.81652,122.5646,AK47,100,74,-212.9308,-29.75687,0,False,True,True,120.9375,1.054688
EPSILON shox * Viewsonic,CounterTerrorist,1923.829,59.03017,122.5487,AK47,100,74,-207.8993,-54.79866,0,False,True,True,120.9375,1.054688
EPSILON shox * Viewsonic,CounterTerrorist,1910.805,54.86127,122.3875,CZ,100,74,-211.7594,-76.40643,0,False,True,True,120.9375,1.054688
EPSILON shox * Viewsonic,CounterTerrorist,1897.299,49.4273,122.1125,CZ,100,74,-219.1579,-94.34062,0,False,True,True,120.9375,1.054688
EPSILON shox * Viewsonic,CounterTerrorist,1883.668,43.16876,121.7596,CZ,100,74,-216.4447,-103.6905,0,False,True,True,120.9375,1.054688
EPSILON shox * Viewsonic,CounterTerrorist,1870.246,36.47252,121.3849,CZ,100,74,-213.571,-109.4871,0,False,True,True,120.9375,1.054688
EPSILON shox * Viewsonic,CounterTerrorist,1856.974,29.48243,121.1408,CZ,100,74,-211.4838,-113.4662,0,False,True,True,120.9375,1.054688
EPSILON shox * Viewsonic,CounterTerrorist,1843.813,22.28691,120.8731,CZ,100,74,-209.9479,-116.2836,0,False,True,True,120.9375,1.054688
EPSILON shox * Viewsonic,CounterTerrorist,1830.733,14.94453,120.8515,CZ,100,74,-208.8116,-118.3119,0,False,True,True,120.9375,1.054688
EPSILON shox * Viewsonic,CounterTerrorist,1817.713,7.495834,121.9451,CZ,100,74,-207.9697,-119.7857,0,False,True,True,120.9375,1.054688
EPSILON shox * Viewsonic,CounterTerrorist,1804.738,-0.03034109,123.1025,CZ,100,74,-207.3459,-120.8623,0,False,True,True,120.9375,1.054688
EPSILON shox * Viewsonic,CounterTerrorist,1791.795,-7.613217,124.2644,CZ,100,74,-206.884,-121.6511,0,False,True,True,120.9375,1.054688
EPSILON shox * Viewsonic,CounterTerrorist,1779.381,-14.93805,125.3839,AK47,100,74,-185.061,-109.4414,0,False,True,True,120.9375,1.054688
EPSILON shox * Viewsonic,CounterTerrorist,1767.823,-21.79269,126.4295,AK47,100,74,-184.8261,-109.8376,0,False,True,True,120.9375,1.054688
EPSILON shox * Viewsonic,CounterTerrorist,1756.279,-28.67008,127.477,AK47,100,74,-184.5688,-110.2694,0,False,True,True,121.6406,1.054688
EPSILON shox * Viewsonic,CounterTerrorist,1744.778,-35.61813,128.5299,AK47,100,74,-183.2844,-112.3914,0,False,True,True,125.1563,1.054688
EPSILON shox * Viewsonic,CounterTerrorist,1733.437,-42.82536,129.4358,AK47,100,74,-179.9888,-117.5968,0,False,True,True,127.6172,1.054688
EPSILON shox * Viewsonic,CounterTerrorist,1722.284,-50.31923,130.2264,AK47,100,74,-177.3888,-121.4834,0,False,True,True,127.6172,1.054688
EPSILON shox * Viewsonic,CounterTerrorist,1710.959,-57.4248,131.1204,AK47,100,74,-188.6619,-98.01833,0,False,True,True,127.6172,1.054688
EPSILON shox * Viewsonic,CounterTerrorist,1698.586,-62.29291,131.4246,AK47,100,74,-204.4997,-63.75941,0,False,True,True,127.6172,1.054688
EPSILON shox * Viewsonic,CounterTerrorist,1685.571,-65.33218,131.6146,AK47,100,74,-203.2437,-38.92484,0,False,True,True,127.6172,1.054688
EPSILON shox * Viewsonic,CounterTerrorist,1674.834,-67.38841,131.4848,AK47,100,74,-149.7004,-28.67034,0,False,True,True,127.6172,1.054688
EPSILON shox * Viewsonic,CounterTerrorist,1667.307,-68.89573,131.2027,AK47,100,74,-108.5739,-26.66377,0,False,True,True,127.6172,1.054688
EPSILON shox * Viewsonic,CounterTerrorist,1660.686,-71.11326,131.0102,AK47,100,74,-103.8492,-41.40744,0,False,True,True,127.6172,1.054688
EPSILON shox * Viewsonic,CounterTerrorist,1654.351,-74.05642,130.8774,AK47,100,74,-99.54218,-50.89787,0,False,True,True,127.6172,1.054688
EPSILON shox * Viewsonic,CounterTerrorist,1648.251,-77.46137,130.7852,AK47,100,74,-96.30306,-56.78873,0,False,True,True,127.6172,1.054688
EPSILON shox * Viewsonic,CounterTerrorist,1642.312,-81.14198,130.7183,AK47,100,74,-94.151,-60.28953,0,False,True,True,127.6172,1.054688
EPSILON shox * Viewsonic,CounterTerrorist,1636.433,-84.9164,130.6603,AK47,100,74,-96.83438,-55.87791,0,False,True,True,127.6172,1.054688
EPSILON shox * Viewsonic,CounterTerrorist,1630.003,-87.61954,130.5077,AK47,100,74,-106.4219,-34.25797,0,False,True,True,127.6172,1.054688
EPSILON shox * Viewsonic,CounterTerrorist,1623.197,-89.17403,130.2646,AK47,100,74,-110.2811,-18.36603,0,False,True,True,127.6172,1.054688
EPSILON shox * Viewsonic,CounterTerrorist,1616.251,-89.9101,129.9633,AK47,100,74,-111.5696,-7.173978,0,False,True,True,126.5625,1.054688
EPSILON shox * Viewsonic,CounterTerrorist,1609.266,-90.04135,129.6222,AK47,100,74,-111.7889,1.575081,0,False,True,True,124.4531,1.054688
EPSILON shox * Viewsonic,CounterTerrorist,1602.291,-89.66074,129.2497,AK47,100,74,-111.3702,9.793996,0,False,True,True,118.8281,0.3515625
EPSILON shox * Viewsonic,CounterTerrorist,1595.318,-89.35094,128.8817,AK47,100,74,-111.7577,-3.074627,0,False,True,True,112.5,1.054688
EPSILON shox * Viewsonic,CounterTerrorist,1588.368,-90.03503,128.5769,AK47,100,74,-110.6093,-16.27325,0,False,True,True,111.7969,1.054688
EPSILON shox * Viewsonic,CounterTerrorist,1581.512,-91.37707,128.318,AK47,100,74,-108.9734,-24.98093,0,False,True,True,111.7969,1.054688
EPSILON shox * Viewsonic,CounterTerrorist,1574.751,-93.13851,128.09,AK47,100,74,-107.6234,-30.27282,0,False,True,True,111.7969,1.054688
EPSILON shox * Viewsonic,CounterTerrorist,1568.061,-95.15443,128.0313,AK47,100,74,-106.6328,-33.59579,0,False,True,True,111.7969,1.054688
EPSILON shox * Viewsonic,CounterTerrorist,1561.423,-97.33761,128.0313,AK47,100,74,-105.8964,-35.84964,0,False,True,True,111.7969,1.054688
EPSILON shox * Viewsonic,CounterTerrorist,1554.825,-99.63676,128.0313,AK47,100,74,-105.3457,-37.437,0,False,True,True,111.7969,1.054688
EPSILON shox * Viewsonic,CounterTerrorist,1548.256,-102.0186,128.0313,AK47,100,74,-104.9335,-38.57716,0,False,True,True,111.7969,1.054688
EPSILON shox * Viewsonic,CounterTerrorist,1541.709,-104.4601,128.0313,AK47,100,74,-104.6255,-39.40489,0,False,True,True,111.7969,1.054688
EPSILON shox * Viewsonic,CounterTerrorist,1535.178,-106.9451,128.0313,AK47,100,74,-104.3958,-40.00939,0,False,True,True,111.7969,1.054688
EPSILON shox * Viewsonic,CounterTerrorist,1528.66,-109.462,128.0313,AK47,100,74,-104.225,-40.45236,0,False,True,True,111.7969,1.054688
EPSILON shox * Viewsonic,CounterTerrorist,1522.145,-111.9877,128.0313,AK47,100,74,-104.3272,-40.18795,0,False,True,True,109.6875,1.054688
EPSILON shox * Viewsonic,CounterTerrorist,1515.728,-111.9877,128.0313,AK47,100,74,-93.2156,0,0,False,True,True,107.2266,0.703125
EPSILON shox * Viewsonic,CounterTerrorist,1510.806,-111.9877,128.0313,AK47,100,74,-68.48776,0,0,False,True,True,106.5234,0.703125
EPSILON shox * Viewsonic,CounterTerrorist,1507.317,-111.9877,128.0313,AK47,100,74,-45.98776,0,0,False,True,True,106.5234,0.703125
EPSILON shox * Viewsonic,CounterTerrorist,1505.234,-111.9877,128.0313,AK47,100,74,-23.48776,0,0,True,True,True,106.5234,0.703125
EPSILON shox * Viewsonic,CounterTerrorist,1504.278,-111.996,128.0313,AK47,100,74,-15.2562,0,0,True,True,True,106.5234,0.703125
EPSILON shox * Viewsonic,CounterTerrorist,1503.113,-111.996,128.0313,AK47,100,74,-21.2757,0,0,True,True,True,106.5234,0.703125
EPSILON shox * Viewsonic,CounterTerrorist,1501.571,-111.996,128.0313,AK47,100,74,-27.30371,0,0,False,True,True,106.5234,0.703125
EPSILON shox * Viewsonic,CounterTerrorist,1499.653,-111.996,128.0313,AK47,100,74,-33.34022,0,0,False,True,True,106.5234,0.703125
EPSILON shox * Viewsonic,CounterTerrorist,1497.356,-111.996,128.0313,AK47,100,74,-39.3852,0,0,False,True,True,106.1719,0.703125
EPSILON shox * Viewsonic,CounterTerrorist,1494.682,-111.996,128.0313,AK47,100,74,-45.44579,0,0,False,True,True,106.1719,0.3515625
EPSILON shox * Viewsonic,CounterTerrorist,1491.628,-111.996,128.0313,CZ,100,74,-51.52074,0,0,False,True,True,106.1719,0.3515625
EPSILON shox * Viewsonic,CounterTerrorist,1488.194,-111.996,128.0313,CZ,100,74,-57.59688,0,0,False,True,True,106.1719,0.3515625
EPSILON shox * Viewsonic,CounterTerrorist,1484.381,-111.996,128.0313,AK47,100,74,-63.67302,0,0,False,True,True,106.1719,0.3515625
EPSILON shox * Viewsonic,CounterTerrorist,1480.187,-111.996,128.0313,AK47,100,74,-69.78223,0,0,False,True,True,105.8203,0.3515625
EPSILON shox * Viewsonic,CounterTerrorist,1475.608,-111.996,128.0313,AK47,100,74,-75.96487,0,0,False,True,True,105.1172,0.3515625
EPSILON shox * Viewsonic,CounterTerrorist,1470.669,-111.996,128.0313,AK47,100,74,-81.19861,0,0,False,True,True,104.7656,0.3515625
EPSILON shox * Viewsonic,CounterTerrorist,1465.451,-111.996,128.0313,AK47,100,74,-85.08772,0,0,False,True,True,104.4141,0.3515625
EPSILON shox * Viewsonic,CounterTerrorist,1460.129,-111.9994,128.0313,AK47,100,74,-83.80389,0,0,False,True,True,104.4141,0.3515625
EPSILON shox * Viewsonic,CounterTerrorist,1456.003,-111.9994,128.0313,AK47,100,74,-3.600321,0,0,False,True,True,104.4141,0.3515625
EPSILON shox * Viewsonic,CounterTerrorist,1456.003,-111.9994,128.0313,AK47,100,74,0,0,0,False,True,True,104.4141,0.3515625
EPSILON shox * Viewsonic,CounterTerrorist,1456.003,-111.9994,128.0313,AK47,100,74,0,0,0,False,True,True,104.4141,0.3515625
EPSILON shox * Viewsonic,CounterTerrorist,1456.003,-111.9994,128.0313,AK47,100,74,0,0,0,False,True,True,104.4141,0.3515625
EPSILON shox * Viewsonic,CounterTerrorist,1456.003,-111.9994,128.0313,AK47,100,74,0,0,0,False,True,True,103.0078,0.3515625
EPSILON shox * Viewsonic,CounterTerrorist,1456.003,-111.9994,128.0313,AK47,100,74,0,0,0,True,True,True,103.0078,0.3515625
EPSILON shox * Viewsonic,CounterTerrorist,1456.003,-111.9994,128.0313,AK47,100,74,0,0,0,True,True,True,103.0078,0.3515625
EPSILON shox * Viewsonic,CounterTerrorist,1456.003,-111.9994,128.0313,AK47,100,74,0,0,0,False,True,True,103.0078,0.3515625
EPSILON shox * Viewsonic,CounterTerrorist,1456.075,-111.9829,128.0313,AK47,100,74,9.165883,2.112847,0,False,True,True,103.0078,0.3515625
EPSILON shox * Viewsonic,CounterTerrorist,1457.662,-111.617,128.0313,AK47,100,74,35.20186,8.114456,0,False,True,True,103.0078,0.3515625
EPSILON shox * Viewsonic,CounterTerrorist,1460.65,-110.9282,128.0313,AK47,100,74,57.61409,13.28075,0,False,True,True,103.0078,0.3515625
EPSILON shox * Viewsonic,CounterTerrorist,1465.037,-109.9169,128.0313,AK47,100,74,79.82121,18.40648,0,False,True,True,103.0078,0.3515625
EPSILON shox * Viewsonic,CounterTerrorist,1470.677,-108.5889,128.0313,AK47,100,74,97.4515,23.62985,0,False,True,True,106.1719,0.3515625
EPSILON shox * Viewsonic,CounterTerrorist,1477.203,-106.8938,128.0313,AK47,100,74,107.8532,29.44354,0,False,True,True,109.6875,0.3515625
EPSILON shox * Viewsonic,CounterTerrorist,1483.918,-104.9613,128.0313,AK47,100,74,107.1323,31.96749,0,False,True,True,110.0391,0
EPSILON shox * Viewsonic,CounterTerrorist,1490.593,-102.8967,128.0313,AK47,100,74,106.5773,33.77146,0,False,True,True,110.0391,359.6484
EPSILON shox * Viewsonic,CounterTerrorist,1497.239,-100.7385,128.0313,AK47,100,74,106.1602,35.06078,0,False,True,True,110.0391,359.6484
EPSILON shox * Viewsonic,CounterTerrorist,1503.862,-98.51287,128.0313,AK47,100,74,105.8473,35.99432,0,False,True,True,110.0391,359.6484
EPSILON shox * Viewsonic,CounterTerrorist,1510.469,-96.23816,128.0313,AK47,100,74,105.6117,36.67977,0,False,True,True,110.3906,359.6484
EPSILON shox * Viewsonic,CounterTerrorist,1517.062,-93.92207,128.0313,AK47,100,74,105.3658,37.38031,0,False,True,True,110.7422,359.6484
EPSILON shox * Viewsonic,CounterTerrorist,1523.342,-91.67018,128.0313,AK47,100,74,90.29205,32.46133,0,False,True,True,111.7969,359.6484
EPSILON shox * Viewsonic,CounterTerrorist,1528.111,-89.95554,128.0313,AK47,100,74,66.44962,23.88963,0,False,True,True,112.1484,359.6484
EPSILON shox * Viewsonic,CounterTerrorist,1531.52,-88.73005,128.0313,AK47,100,74,45.27637,16.27754,0,False,True,True,112.5,359.6484
EPSILON shox * Viewsonic,CounterTerrorist,1534.757,-87.5103,128.0313,AK47,100,74,60.97332,23.66242,0,False,True,True,112.5,359.6484
EPSILON shox * Viewsonic,CounterTerrorist,1539.294,-85.70676,128.0313,AK47,100,74,81.1381,32.73652,0,False,True,True,113.2031,0
EPSILON shox * Viewsonic,CounterTerrorist,1544.923,-83.38531,128.0313,AK47,100,74,96.24609,40.40093,0,False,True,True,114.6094,0.3515625
EPSILON shox * Viewsonic,CounterTerrorist,1551.25,-80.6626,128.0313,AK47,100,74,102.4113,44.84612,0,False,True,True,116.3672,0.703125
EPSILON shox * Viewsonic,CounterTerrorist,1557.625,-77.80012,128.0313,AK47,100,74,101.6312,46.58681,0,False,True,True,117.7734,0.703125
EPSILON shox * Viewsonic,CounterTerrorist,1563.949,-74.82925,128.0313,AK47,100,74,100.8755,48.20138,0,False,True,True,118.125,1.054688
EPSILON shox * Viewsonic,CounterTerrorist,1570.233,-71.77361,128.0313,AK47,100,74,100.3085,49.37042,0,False,True,True,118.125,1.054688
EPSILON shox * Viewsonic,CounterTerrorist,1576.863,-69.61668,127.6585,AK47,100,74,109.2162,23.89664,0,False,True,True,118.125,1.054688
EPSILON shox * Viewsonic,CounterTerrorist,1583.796,-68.8146,127.8263,AK47,100,74,111.6791,5.197372,0,False,True,True,118.125,1.054688
EPSILON shox * Viewsonic,CounterTerrorist,1590.778,-68.96589,128.0019,AK47,100,74,111.5411,-7.604463,0,False,True,True,118.125,1.054688
EPSILON shox * Viewsonic,CounterTerrorist,1597.719,-69.75872,128.1809,AK47,100,74,110.6333,-16.10957,0,False,True,True,118.125,1.054688
EPSILON shox * Viewsonic,CounterTerrorist,1604.591,-70.98945,128.3613,AK47,100,74,108.4096,-24.99708,0,False,True,True,118.125,1.054688
EPSILON shox * Viewsonic,CounterTerrorist,1610.34,-73.66974,128.6527,AK47,100,74,74.94768,-55.97301,0,False,True,True,118.125,1.054688
EPSILON shox * Viewsonic,CounterTerrorist,1613.849,-78.00985,129.0994,AK47,100,74,40.32998,-76.74523,0,False,True,True,118.4766,1.054688
EPSILON shox * Viewsonic,CounterTerrorist,1614.689,-82.7632,129.4385,AK47,100,74,-5.396435,-75.61414,0,False,True,True,118.8281,0.703125
EPSILON shox * Viewsonic,CounterTerrorist,1613.118,-87.46342,129.6537,AK47,100,74,-39.0033,-74.91529,0,False,True,True,118.8281,0.703125
EPSILON shox * Viewsonic,CounterTerrorist,1609.771,-92.12672,129.7778,AK47,100,74,-63.75665,-74.40055,0,False,True,True,118.8281,0.703125
EPSILON shox * Viewsonic,CounterTerrorist,1605.117,-96.76284,129.8308,AK47,100,74,-81.98886,-74.02142,0,False,True,True,118.8281,0.703125
EPSILON shox * Viewsonic,CounterTerrorist,1599.719,-101.1973,129.8308,AK47,100,74,-88.5789,-68.21303,0,False,True,True,118.8281,0.703125
EPSILON shox * Viewsonic,CounterTerrorist,1594.062,-105.2983,129.8156,AK47,100,74,-91.74453,-63.89194,0,False,True,True,118.8281,0.703125
EPSILON shox * Viewsonic,CounterTerrorist,1589.785,-108.3567,129.7929,AK47,100,74,-42.69144,-33.25521,0,False,True,True,118.8281,0.703125
EPSILON shox * Viewsonic,CounterTerrorist,1589.039,-109.1398,129.7929,AK47,100,74,6.86936,2.85076,0,False,True,True,118.8281,0.703125
EPSILON shox * Viewsonic,CounterTerrorist,1590.162,-108.5425,129.8095,AK47,100,74,26.74846,14.47938,0,False,True,True,118.4766,0.703125
EPSILON shox * Viewsonic,CounterTerrorist,1592.543,-107.2485,129.8615,AK47,100,74,46.91544,25.53818,0,False,True,True,118.4766,0.703125
EPSILON shox * Viewsonic,CounterTerrorist,1596.185,-105.2644,129.9196,AK47,100,74,67.0962,36.57162,0,False,True,True,118.4766,0.703125
EPSILON shox * Viewsonic,CounterTerrorist,1601.017,-102.6296,129.9966,AK47,100,74,84.49284,46.07755,0,False,True,True,118.4766,0.703125
EPSILON shox * Viewsonic,CounterTerrorist,1606.393,-99.69768,130.0821,AK47,100,74,78.43217,42.77879,0,False,True,True,118.4766,0.703125
EPSILON shox * Viewsonic,CounterTerrorist,1609.948,-97.75873,130.1346,AK47,100,74,32.47376,17.70495,0,False,True,True,118.4766,0.703125
EPSILON shox * Viewsonic,CounterTerrorist,1610.11,-97.67056,130.1346,AK47,100,74,-12.41048,-6.772992,0,False,True,True,118.4766,0.703125
EPSILON shox * Viewsonic,CounterTerrorist,1608.625,-98.48122,130.1177,AK47,100,74,-32.59971,-17.79092,0,False,True,True,118.4766,0.703125
EPSILON shox * Viewsonic,CounterTerrorist,1605.877,-99.98026,130.074,AK47,100,74,-52.79784,-28.79248,0,False,True,True,118.4766,0.703125
EPSILON shox * Viewsonic,CounterTerrorist,1601.869,-102.1638,130.0101,AK47,100,74,-72.77856,-39.60021,0,False,True,True,118.4766,0.3515625
EPSILON shox * Viewsonic,CounterTerrorist,1596.733,-104.9512,129.9274,AK47,100,74,-88.80082,-48.08178,0,False,True,True,118.125,0.3515625
EPSILON shox * Viewsonic,CounterTerrorist,1590.661,-107.3039,129.7709,AK47,100,74,-103.3206,-27.15533,0,False,True,True,118.125,0.3515625
EPSILON shox * Viewsonic,CounterTerrorist,1583.841,-108.3092,129.4927,AK47,100,74,-111.501,-8.170344,0,False,True,True,118.125,0.3515625
EPSILON shox * Viewsonic,CounterTerrorist,1576.858,-108.3101,129.1436,AK47,100,74,-111.6617,5.55823,0,False,True,True,118.125,0.3515625
EPSILON shox * Viewsonic,CounterTerrorist,1569.907,-107.6165,128.7527,AK47,100,74,-110.8033,14.89519,0,False,True,True,117.7734,0.3515625
EPSILON shox * Viewsonic,CounterTerrorist,1563.017,-106.4567,128.3358,AK47,100,74,-109.819,20.95271,0,False,True,True,117.4219,0.3515625
EPSILON shox * Viewsonic,CounterTerrorist,1556.182,-105.0063,128.0313,AK47,100,74,-109.0317,24.72512,0,False,True,True,117.4219,0.3515625
EPSILON shox * Viewsonic,CounterTerrorist,1549.353,-103.5475,128.0313,AK47,100,74,-110.6704,15.8522,0,False,True,True,117.4219,0.3515625
EPSILON shox * Viewsonic,CounterTerrorist,1543.372,-102.7962,128.0313,AK47,100,74,-75.10529,14.7719,0,False,True,True,117.4219,0.3515625
EPSILON shox * Viewsonic,CounterTerrorist,1540.832,-101.4077,128.0313,AK47,100,74,-15.03408,25.91244,0,False,True,True,117.4219,0.3515625
EPSILON shox * Viewsonic,CounterTerrorist,1541.323,-99.8083,128.0313,AK47,100,74,17.48877,23.66761,0,False,True,True,117.4219,0.3515625
EPSILON shox * Viewsonic,CounterTerrorist,1541.945,-98.96526,128.0313,AK47,100,74,4.117289,5.57194,0,False,True,True,117.4219,0.3515625
EPSILON shox * Viewsonic,CounterTerrorist,1541.971,-98.93121,128.0313,AK47,100,74,0,0,0,False,True,True,117.4219,0.3515625
EPSILON shox * Viewsonic,CounterTerrorist,1541.971,-98.93121,128.0313,AK47,100,74,0,0,0,False,True,True,118.4766,0.3515625
EPSILON shox * Viewsonic,CounterTerrorist,1541.932,-98.95326,128.0313,AK47,100,74,-4.938128,-2.821798,0,False,True,True,119.8828,0.3515625
EPSILON shox * Viewsonic,CounterTerrorist,1540.925,-99.53755,128.0313,AK47,100,74,-24.79043,-14.43612,0,False,True,True,120.2344,0.3515625
EPSILON shox * Viewsonic,CounterTerrorist,1538.675,-100.8431,128.0313,AK47,100,74,-44.74909,-25.86655,0,False,True,True,119.8828,0.3515625
EPSILON shox * Viewsonic,CounterTerrorist,1535.175,-102.8597,128.0313,AK47,100,74,-64.7364,-37.24706,0,False,True,True,119.8828,0.3515625
EPSILON shox * Viewsonic,CounterTerrorist,1531.253,-105.1156,128.0313,AK47,100,74,-54.76895,-31.49382,0,False,True,True,119.8828,0.3515625
EPSILON shox * Viewsonic,CounterTerrorist,1528.554,-106.6676,128.0313,AK47,100,74,-30.3257,-17.45597,0,False,True,True,119.8828,0.3515625
EPSILON shox * Viewsonic,CounterTerrorist,1528.46,-106.7236,128.0313,AK47,100,74,12.42672,7.101007,0,False,True,True,119.8828,0.3515625
EPSILON shox * Viewsonic,CounterTerrorist,1529.938,-105.8774,128.0313,AK47,100,74,32.36932,18.55931,0,False,True,True,119.8828,0.3515625
EPSILON shox * Viewsonic,CounterTerrorist,1532.662,-104.3142,128.0313,AK47,100,74,52.30633,30.02733,0,False,True,True,119.8828,0.3515625
EPSILON shox * Viewsonic,CounterTerrorist,1536.591,-102.0582,128.0313,AK47,100,74,67.05824,38.50845,0,False,True,True,119.8828,0.3515625
EPSILON shox * Viewsonic,CounterTerrorist,1540.092,-100.048,128.0313,AK47,100,74,47.47082,27.26031,0,False,True,True,119.8828,0.3515625
EPSILON shox * Viewsonic,CounterTerrorist,1542.373,-98.73817,128.0313,AK47,100,74,27.95914,16.05564,0,False,True,True,119.8828,0.3515625
EPSILON shox * Viewsonic,CounterTerrorist,1543.817,-97.9034,128.0313,AK47,100,74,28.04878,16.39791,0,False,True,True,120.9375,0.3515625
EPSILON shox * Viewsonic,CounterTerrorist,1546.255,-96.44891,128.0313,AK47,100,74,47.49552,28.68639,0,False,True,True,121.9922,0.3515625
EPSILON shox * Viewsonic,CounterTerrorist,1549.902,-94.21529,128.0313,AK47,100,74,66.76216,41.21484,0,False,True,True,122.3438,0.3515625
EPSILON shox * Viewsonic,CounterTerrorist,1554.668,-91.25307,128.0313,AK47,100,74,82.91631,51.75596,0,False,True,True,122.3438,0.3515625
EPSILON shox * Viewsonic,CounterTerrorist,1560.28,-87.72276,128.0313,AK47,100,74,94.42664,59.8569,0,False,True,True,123.3984,0.3515625
EPSILON shox * Viewsonic,CounterTerrorist,1566.161,-83.95006,128.0313,AK47,100,74,93.81267,60.81466,0,False,True,True,125.1563,0.3515625
EPSILON shox * Viewsonic,CounterTerrorist,1572.39,-80.82153,128.0313,AK47,100,74,104.5017,39.732,0,False,True,True,125.5078,0.3515625
EPSILON shox * Viewsonic,CounterTerrorist,1579.135,-79.0268,127.7807,AK47,100,74,109.8003,21.05074,0,False,True,True,125.5078,0.3515625
EPSILON shox * Viewsonic,CounterTerrorist,1586.068,-78.18821,127.9482,AK47,100,74,111.4934,8.27427,0,False,True,True,126.5625,0.703125
EPSILON shox * Viewsonic,CounterTerrorist,1592.988,-78.26215,128.1217,AK47,100,74,108.6406,-14.17064,0,False,True,True,126.2109,0.703125
EPSILON shox * Viewsonic,CounterTerrorist,1599.331,-80.27107,128.5148,AK47,100,74,89.30379,-46.55309,0,False,True,True,126.2109,0.703125
EPSILON shox * Viewsonic,CounterTerrorist,1603.74,-84.12833,128.9764,AK47,100,74,52.41356,-69.35461,0,False,True,True,126.2109,0.703125
EPSILON shox * Viewsonic,CounterTerrorist,1605.669,-88.40308,129.34,AK47,100,74,23.59645,-61.65596,0,False,True,True,126.2109,0.703125
EPSILON shox * Viewsonic,CounterTerrorist,1606.861,-91.51781,129.5943,AK47,100,74,15.55428,-40.64232,0,False,True,True,126.2109,0.703125
EPSILON shox * Viewsonic,CounterTerrorist,1607.551,-93.31919,129.7413,AK47,100,74,7.512117,-19.62867,0,False,True,True,126.2109,0.703125
EPSILON shox * Viewsonic,CounterTerrorist,1607.741,-93.81805,129.7788,AK47,100,74,0,0,0,False,True,True,126.2109,0.703125
EPSILON shox * Viewsonic,CounterTerrorist,1607.741,-93.81805,129.7788,AK47,100,74,0,0,0,False,True,True,126.2109,0.703125
EPSILON shox * Viewsonic,CounterTerrorist,1607.741,-93.81805,129.7788,AK47,100,74,0,0,0,False,True,True,126.2109,0.703125
EPSILON shox * Viewsonic,CounterTerrorist,1607.741,-93.81805,129.7788,AK47,100,74,0,0,0,False,True,True,126.2109,0.703125
EPSILON shox * Viewsonic,CounterTerrorist,1607.741,-93.81805,129.7788,AK47,100,74,0,0,0,False,True,True,126.2109,0.703125
EPSILON shox * Viewsonic,CounterTerrorist,1607.741,-93.81805,129.7788,AK47,100,74,0,0,0,False,True,True,126.2109,0.703125
EPSILON shox * Viewsonic,CounterTerrorist,1607.741,-93.81805,129.7788,AK47,100,74,0,0,0,False,True,True,126.2109,0.703125
EPSILON shox * Viewsonic,CounterTerrorist,1607.741,-93.81805,129.7788,Flash,100,74,0,0,0,False,True,True,126.2109,0.703125
EPSILON shox * Viewsonic,CounterTerrorist,1607.741,-93.81805,129.7788,Flash,100,74,0,0,0,False,True,True,126.2109,0.703125
EPSILON shox * Viewsonic,CounterTerrorist,1607.741,-93.81805,129.7788,Incendiary,100,74,0,0,0,False,True,True,126.2109,0.703125
EPSILON shox * Viewsonic,CounterTerrorist,1607.741,-93.81805,129.7788,Incendiary,100,74,0,0,0,False,True,True,126.2109,0.703125
EPSILON shox * Viewsonic,CounterTerrorist,1607.741,-93.81805,129.7788,Incendiary,100,74,0,0,0,True,True,True,126.2109,0.703125
EPSILON shox * Viewsonic,CounterTerrorist,1607.515,-93.98325,129.7788,Incendiary,100,74,-6.667515,-4.858677,0,True,True,True,126.2109,0.703125
EPSILON shox * Viewsonic,CounterTerrorist,1606.892,-94.43703,129.7783,Incendiary,100,74,-12.52684,-9.128422,0,True,True,True,126.2109,0.3515625
EPSILON shox * Viewsonic,CounterTerrorist,1605.903,-95.15759,129.7739,Incendiary,100,74,-18.39089,-13.39169,0,False,True,True,125.8594,0.3515625
EPSILON shox * Viewsonic,CounterTerrorist,1604.547,-96.14372,129.7677,Incendiary,100,74,-24.27191,-17.63159,0,False,True,True,125.8594,0.3515625
EPSILON shox * Viewsonic,CounterTerrorist,1602.823,-97.39491,129.7597,Incendiary,100,74,-30.15082,-21.87438,0,False,True,True,125.8594,0.3515625
EPSILON shox * Viewsonic,CounterTerrorist,1600.732,-98.91026,129.7498,AK47,100,74,-36.05885,-26.0768,0,False,True,True,125.5078,0.3515625
EPSILON shox * Viewsonic,CounterTerrorist,1598.269,-100.6859,129.7377,AK47,100,74,-42.01419,-30.21305,0,False,True,True,125.5078,0.703125
EPSILON shox * Viewsonic,CounterTerrorist,1595.503,-102.6662,129.7231,AK47,100,74,-41.95657,-29.97049,0,False,True,True,125.1563,0.703125
EPSILON shox * Viewsonic,CounterTerrorist,1593.524,-104.0796,129.7125,AK47,100,74,-23.64788,-16.89219,0,False,True,True,124.8047,0.703125
EPSILON shox * Viewsonic,CounterTerrorist,1592.827,-104.5796,129.7088,AK47,100,74,3.059965,2.113224,0,False,True,True,124.4531,0.703125
EPSILON shox * Viewsonic,CounterTerrorist,1593.228,-104.3027,129.7088,AK47,100,74,9.02561,6.233122,0,False,True,True,124.4531,0.703125
EPSILON shox * Viewsonic,CounterTerrorist,1594.002,-103.7683,129.7088,Incendiary,100,74,14.99125,10.35302,0,False,True,True,124.4531,0.703125
EPSILON shox * Viewsonic,CounterTerrorist,1595.148,-102.9759,129.7247,Incendiary,100,74,20.94603,14.48864,0,False,True,True,124.8047,0.703125
EPSILON shox * Viewsonic,CounterTerrorist,1596.666,-101.9236,129.7247,Incendiary,100,74,26.86579,18.67459,0,False,True,True,125.1563,0.703125
EPSILON shox * Viewsonic,CounterTerrorist,1598.548,-100.6022,129.7406,Incendiary,100,74,32.59383,23.12897,0,False,True,True,126.2109,0.703125
EPSILON shox * Viewsonic,CounterTerrorist,1600.712,-99.04601,129.7573,AK47,100,74,32.23546,23.3023,0,False,True,True,126.5625,0.703125
EPSILON shox * Viewsonic,CounterTerrorist,1602.085,-98.05302,129.7573,AK47,100,74,14.00086,10.1209,0,False,True,True,126.5625,0.703125
EPSILON shox * Viewsonic,CounterTerrorist,1602.365,-97.85076,129.7573,AK47,100,74,0,0,0,False,True,True,126.5625,1.054688
EPSILON shox * Viewsonic,CounterTerrorist,1602.365,-97.85076,129.7573,AK47,100,74,0,0,0,False,True,True,126.5625,1.054688
EPSILON shox * Viewsonic,CounterTerrorist,1602.365,-97.85076,129.7573,AK47,100,74,0,0,0,False,True,True,126.5625,1.054688
EPSILON shox * Viewsonic,CounterTerrorist,1602.365,-97.85076,129.7573,AK47,100,74,0,0,0,True,True,True,126.5625,1.054688
EPSILON shox * Viewsonic,CounterTerrorist,1602.365,-97.85076,129.7573,AK47,100,74,0,0,0,True,True,True,126.5625,1.054688
EPSILON shox * Viewsonic,CounterTerrorist,1602.365,-97.85076,129.7573,AK47,100,74,0,0,0,True,True,True,126.5625,1.054688
EPSILON shox * Viewsonic,CounterTerrorist,1602.365,-97.85076,129.7573,AK47,100,74,0,0,0,False,True,True,126.5625,1.054688
EPSILON shox * Viewsonic,CounterTerrorist,1602.365,-97.85076,129.7573,AK47,100,74,0,0,0,False,True,True,126.5625,1.054688
EPSILON shox * Viewsonic,CounterTerrorist,1602.365,-97.85076,129.7573,AK47,100,74,0,0,0,False,True,True,126.2109,1.40625
EPSILON shox * Viewsonic,CounterTerrorist,1602.365,-97.85076,129.7573,AK47,100,74,0,0,0,False,True,True,125.8594,1.40625
EPSILON shox * Viewsonic,CounterTerrorist,1602.365,-97.85076,129.7573,AK47,100,74,0,0,0,False,True,True,124.4531,1.40625
EPSILON shox * Viewsonic,CounterTerrorist,1602.365,-97.85076,129.7573,AK47,100,74,0,0,0,False,True,True,123.75,1.40625
EPSILON shox * Viewsonic,CounterTerrorist,1602.39,-97.88767,129.7573,AK47,100,74,3.166989,-4.724175,0,False,True,True,123.75,1.40625
EPSILON shox * Viewsonic,CounterTerrorist,1603.038,-98.85457,129.8617,AK47,100,74,15.97415,-23.82853,0,False,True,True,123.75,1.40625
EPSILON shox * Viewsonic,CounterTerrorist,1604.485,-101.017,130.0691,AK47,100,74,28.67784,-43.00185,0,False,True,True,123.3984,1.40625
EPSILON shox * Viewsonic,CounterTerrorist,1607.166,-103.7304,130.3728,AK47,100,74,55.26738,-40.88572,0,False,True,True,123.0469,1.40625
EPSILON shox * Viewsonic,CounterTerrorist,1611.495,-106.1559,130.7409,AK47,100,74,78.71687,-34.21826,0,False,True,True,122.3438,1.40625
EPSILON shox * Viewsonic,CounterTerrorist,1616.896,-107.1834,131.0751,AK47,100,74,91.81889,-3.958882,0,False,True,True,121.9922,1.40625
EPSILON shox * Viewsonic,CounterTerrorist,1622.989,-106.6124,131.3441,AK47,100,74,101.4693,18.32885,0,False,True,True,121.9922,1.40625
EPSILON shox * Viewsonic,CounterTerrorist,1627.589,-106.1111,131.5428,AK47,100,74,47.0297,-3.063489,0,False,True,True,121.9922,1.40625
EPSILON shox * Viewsonic,CounterTerrorist,1628.699,-106.7382,131.6248,AK47,100,74,4.992982,-7.128646,0,False,True,True,122.3438,1.40625
EPSILON shox * Viewsonic,CounterTerrorist,1628.739,-106.7956,131.6411,AK47,100,74,0,0,0,False,True,True,122.3438,1.40625
EPSILON shox * Viewsonic,CounterTerrorist,1628.739,-106.7956,131.6411,AK47,100,74,0,0,0,False,True,True,122.3438,1.40625
EPSILON shox * Viewsonic,CounterTerrorist,1628.739,-106.7956,131.6411,AK47,100,74,0,0,0,False,True,True,121.9922,1.40625
EPSILON shox * Viewsonic,CounterTerrorist,1628.739,-106.7956,131.6411,AK47,100,74,0,0,0,False,True,True,121.6406,1.40625
EPSILON shox * Viewsonic,CounterTerrorist,1628.576,-106.5294,131.6182,AK47,100,74,-7.498062,12.19125,0,False,True,True,121.6406,1.40625
EPSILON shox * Viewsonic,CounterTerrorist,1627.683,-105.0787,131.4829,AK47,100,74,-19.54735,31.78244,0,False,True,True,121.6406,1.40625
EPSILON shox * Viewsonic,CounterTerrorist,1626.038,-102.4034,131.2335,AK47,100,74,-31.57512,51.38683,0,False,True,True,121.2891,1.40625
EPSILON shox * Viewsonic,CounterTerrorist,1623.364,-98.89811,130.8807,AK47,100,74,-55.12049,54.37731,0,False,True,True,121.2891,1.40625
EPSILON shox * Viewsonic,CounterTerrorist,1619.029,-95.67026,130.4622,AK47,100,74,-79.35845,49.75668,0,False,True,True,120.9375,1.40625
EPSILON shox * Viewsonic,CounterTerrorist,1613.414,-92.68356,129.9948,AK47,100,74,-97.19822,46.4047,0,False,True,True,120.9375,1.40625
EPSILON shox * Viewsonic,CounterTerrorist,1607.019,-89.94009,129.5036,AK47,100,74,-103.8503,41.40466,0,False,True,True,120.9375,1.40625
EPSILON shox * Viewsonic,CounterTerrorist,1600.469,-87.50763,129.024,AK47,100,74,-105.4113,37.25171,0,False,True,True,120.9375,1.40625
EPSILON shox * Viewsonic,CounterTerrorist,1593.846,-85.28219,128.5538,AK47,100,74,-106.3509,34.47791,0,False,True,True,120.9375,1.40625
EPSILON shox * Viewsonic,CounterTerrorist,1587.176,-83.1991,128.0901,AK47,100,74,-106.9622,32.53205,0,False,True,True,120.9375,1.40625
EPSILON shox * Viewsonic,CounterTerrorist,1580.476,-81.21732,127.8294,AK47,100,74,-107.3775,31.13374,0,False,True,True,120.9375,1.40625
EPSILON shox * Viewsonic,CounterTerrorist,1573.754,-79.31037,128.0313,AK47,100,74,-107.6818,30.06425,0,False,True,True,120.9375,1.40625
EPSILON shox * Viewsonic,CounterTerrorist,1567.015,-77.46066,128.0313,AK47,100,74,-107.9013,29.26693,0,False,True,True,120.9375,1.40625
EPSILON shox * Viewsonic,CounterTerrorist,1560.266,-75.65298,128.0313,AK47,100,74,-108.0583,28.68169,0,False,True,True,120.9375,1.40625
EPSILON shox * Viewsonic,CounterTerrorist,1553.501,-73.90699,128.0313,AK47,100,74,-108.9786,24.30781,0,False,True,True,120.9375,1.40625
EPSILON shox * Viewsonic,CounterTerrorist,1546.551,-73.3819,128.0313,AK47,100,74,-111.7663,-2.745485,0,False,True,True,120.9375,1.40625
EPSILON shox * Viewsonic,CounterTerrorist,1539.567,-73.48672,128.0313,AK47,100,74,-111.7587,3.037327,0,False,True,True,120.9375,1.40625
EPSILON shox * Viewsonic,CounterTerrorist,1532.599,-72.99188,128.0313,AK47,100,74,-111.232,11.25541,0,False,True,True,120.5859,1.40625
EPSILON shox * Viewsonic,CounterTerrorist,1525.672,-72.08011,128.0313,AK47,100,74,-110.5132,16.91378,0,False,True,True,119.5313,1.40625
EPSILON shox * Viewsonic,CounterTerrorist,1518.79,-70.8697,128.0313,AK47,100,74,-109.797,21.06806,0,False,True,True,118.8281,1.40625
EPSILON shox * Viewsonic,CounterTerrorist,1511.95,-69.44283,128.0313,AK47,100,74,-109.1784,24.06898,0,False,True,True,118.4766,1.40625
EPSILON shox * Viewsonic,CounterTerrorist,1505.147,-67.85164,128.0313,AK47,100,74,-108.6161,26.49121,0,False,True,True,117.7734,1.054688
EPSILON shox * Viewsonic,CounterTerrorist,1498.378,-66.11738,128.0313,AK47,100,74,-108.0553,28.6932,0,False,True,True,116.7187,1.054688
EPSILON shox * Viewsonic,CounterTerrorist,1492.027,-63.29377,128.0313,AK47,100,74,-96.4981,56.45666,0,False,True,True,116.0156,1.054688
EPSILON shox * Viewsonic,CounterTerrorist,1486.443,-59.10973,128.0313,AK47,100,74,-83.9579,73.82623,0,False,True,True,116.0156,1.054688
EPSILON shox * Viewsonic,CounterTerrorist,1481.576,-54.10279,128.0313,AK47,100,74,-73.53259,84.21519,0,False,True,True,116.0156,1.054688
EPSILON shox * Viewsonic,CounterTerrorist,1476.634,-49.17513,128.0313,AK47,100,74,-84.8243,72.82909,0,False,True,True,115.6641,1.054688
EPSILON shox * Viewsonic,CounterTerrorist,1470.927,-45.42731,128.0313,AK47,100,74,-96.97701,45.20068,0,False,True,True,114.9609,1.054688
EPSILON shox * Viewsonic,CounterTerrorist,1464.47,-43.65128,128.0313,AK47,100,74,-107.7754,16.69834,0,False,True,True,114.2578,1.40625
EPSILON shox * Viewsonic,CounterTerrorist,1457.559,-43.35667,128.0313,AK47,100,74,-107.5917,-1.845487,0,False,True,True,114.2578,1.40625
EPSILON shox * Viewsonic,CounterTerrorist,1451.894,-43.49464,128.0313,AK47,100,74,-76.90385,-6.541569,0,False,True,True,114.2578,1.40625
EPSILON shox * Viewsonic,CounterTerrorist,1448.501,-45.14742,128.0313,AK47,100,74,-37.64754,-39.76823,0,False,True,True,114.2578,1.40625
EPSILON shox * Viewsonic,CounterTerrorist,1447.547,-48.052,128.0313,AK47,100,74,4.586932,-45.40083,0,False,True,True,113.9063,1.40625
EPSILON shox * Viewsonic,CounterTerrorist,1449.075,-50.72731,128.0313,AK47,100,74,37.89234,-41.66417,0,False,True,True,113.9063,1.40625
EPSILON shox * Viewsonic,CounterTerrorist,1452.357,-53.37136,128.0313,AK47,100,74,63.34281,-43.40932,0,False,True,True,113.9063,1.40625
EPSILON shox * Viewsonic,CounterTerrorist,1457.071,-56.19497,128.0313,AK47,100,74,83.90836,-46.41924,0,False,True,True,113.9063,1.40625
EPSILON shox * Viewsonic,CounterTerrorist,1462.872,-59.17759,128.0313,AK47,100,74,99.05603,-48.63621,0,False,True,True,113.9063,1.40625
EPSILON shox * Viewsonic,CounterTerrorist,1469.189,-62.16246,128.0313,AK47,100,74,101.5453,-46.77382,0,False,True,True,113.9063,1.40625
EPSILON shox * Viewsonic,CounterTerrorist,1475.565,-65.02281,128.0313,AK47,100,74,102.3172,-45.06021,0,False,True,True,113.9063,1.40625
EPSILON shox * Viewsonic,CounterTerrorist,1481.982,-67.78621,128.0313,AK47,100,74,102.9734,-43.53981,0,False,True,True,114.9609,1.40625
EPSILON shox * Viewsonic,CounterTerrorist,1488.443,-70.44736,128.0313,AK47,100,74,103.6913,-41.80146,0,False,True,True,116.0156,1.40625
EPSILON shox * Viewsonic,CounterTerrorist,1494.948,-72.99934,128.0313,AK47,100,74,104.3579,-40.10808,0,False,True,True,116.7187,1.757813
EPSILON shox * Viewsonic,CounterTerrorist,1501.49,-75.45506,128.0313,AK47,100,74,104.8833,-38.7136,0,False,True,True,116.7187,1.757813
EPSILON shox * Viewsonic,CounterTerrorist,1508.059,-77.83581,128.0313,AK47,100,74,105.2787,-37.62483,0,False,True,True,117.0703,1.757813
EPSILON shox * Viewsonic,CounterTerrorist,1514.653,-80.14806,128.0313,AK47,100,74,105.6744,-36.49877,0,False,True,True,117.7734,1.757813
EPSILON shox * Viewsonic,CounterTerrorist,1521.272,-82.38626,128.0313,AK47,100,74,106.1086,-35.21667,0,False,True,True,119.1797,1.757813
EPSILON shox * Viewsonic,CounterTerrorist,1527.922,-84.53224,128.0313,AK47,100,74,106.6123,-33.66084,0,False,True,True,119.8828,1.757813
EPSILON shox * Viewsonic,CounterTerrorist,1534.64,-86.41225,128.0313,AK47,100,74,109.553,-21.14141,0,False,True,True,119.8828,1.757813
EPSILON shox * Viewsonic,CounterTerrorist,1541.602,-86.79621,128.0313,AK47,100,74,111.7164,4.32373,0,False,True,True,119.8828,1.757813
EPSILON shox * Viewsonic,CounterTerrorist,1548.521,-85.86965,128.0313,AK47,100,74,109.6214,21.96312,0,False,True,True,119.8828,1.757813
EPSILON shox * Viewsonic,CounterTerrorist,1555.267,-84.0622,128.0313,AK47,100,74,106.6292,33.60731,0,False,True,True,119.8828,1.757813
EPSILON shox * Viewsonic,CounterTerrorist,1561.834,-81.67941,128.0313,AK47,100,74,103.9632,41.12041,0,False,True,True,119.8828,1.757813
EPSILON shox * Viewsonic,CounterTerrorist,1568.261,-78.93815,128.0313,AK47,100,74,102.0209,45.72719,0,False,True,True,120.2344,1.757813
EPSILON shox * Viewsonic,CounterTerrorist,1574.584,-75.96384,128.0313,AK47,100,74,100.5578,48.86077,0,False,True,True,120.2344,1.757813
EPSILON shox * Viewsonic,CounterTerrorist,1580.829,-72.82936,127.78,AK47,100,74,99.46371,51.05104,0,False,True,True,120.5859,1.757813
EPSILON shox * Viewsonic,CounterTerrorist,1586.673,-69.06126,127.8869,AK47,100,74,86.39942,70.95335,0,False,True,True,120.9375,1.757813
EPSILON shox * Viewsonic,CounterTerrorist,1591.479,-64.00565,127.9761,AK47,100,74,69.86561,87.28136,0,False,True,True,121.2891,1.757813
EPSILON shox * Viewsonic,CounterTerrorist,1595.357,-58.20016,128.0297,AK47,100,74,56.4515,96.50112,0,False,True,True,121.9922,1.757813
EPSILON shox * Viewsonic,CounterTerrorist,1598.48,-51.9537,128.0657,AK47,100,74,44.9873,102.3493,0,False,True,True,126.5625,2.109375
EPSILON shox * Viewsonic,CounterTerrorist,1600.884,-45.39635,128.0818,AK47,100,74,33.63353,106.6209,0,False,True,True,130.7813,1.054688
EPSILON shox * Viewsonic,CounterTerrorist,1602.677,-38.64424,128.0512,AK47,100,74,25.29243,108.9015,0,False,True,True,130.7813,1.054688
EPSILON shox * Viewsonic,CounterTerrorist,1604.062,-31.79602,127.848,AK47,100,74,20.09876,109.9785,0,False,True,True,130.7813,1.054688
EPSILON shox * Viewsonic,CounterTerrorist,1605.194,-24.90107,127.6369,AK47,100,74,16.75714,110.537,0,False,True,True,130.7813,1.054688
EPSILON shox * Viewsonic,CounterTerrorist,1606.151,-17.97955,127.4205,AK47,100,74,14.22693,110.8911,0,False,True,True,131.4844,1.054688
EPSILON shox * Viewsonic,CounterTerrorist,1606.951,-11.03821,127.1994,AK47,100,74,11.68161,111.188,0,False,True,True,132.8906,1.054688
EPSILON shox * Viewsonic,CounterTerrorist,1606.977,-4.091798,126.8848,AK47,100,74,-12.6106,110.9986,0,False,True,True,133.5938,1.054688
EPSILON shox * Viewsonic,CounterTerrorist,1605.333,2.686986,126.4616,AK47,100,74,-35.59687,105.9816,0,False,True,True,133.5938,1.054688
EPSILON shox * Viewsonic,CounterTerrorist,1602.545,9.087948,126.0445,AK47,100,74,-50.66886,99.65894,0,False,True,True,133.9453,0.703125
EPSILON shox * Viewsonic,CounterTerrorist,1599.009,15.11136,125.6393,AK47,100,74,-60.59357,93.95562,0,False,True,True,134.6484,0.703125
EPSILON shox * Viewsonic,CounterTerrorist,1594.971,20.81156,125.814,AK47,100,74,-67.40658,89.19413,0,False,True,True,136.0547,0.3515625
EPSILON shox * Viewsonic,CounterTerrorist,1590.591,26.25535,126.0738,AK47,100,74,-71.81035,85.68845,0,False,True,True,136.4063,0.3515625
EPSILON shox * Viewsonic,CounterTerrorist,1586.001,31.52394,126.2442,AK47,100,74,-74.52716,83.33632,0,False,True,True,136.4063,0.3515625
EPSILON shox * Viewsonic,CounterTerrorist,1580.87,36.20463,126.1572,AK47,100,74,-90.74262,65.13686,0,False,True,True,136.4063,0.3515625
EPSILON shox * Viewsonic,CounterTerrorist,1574.742,39.53646,128.0313,AK47,100,74,-102.4419,44.77606,0,False,True,True,136.4063,0.3515625
EPSILON shox * Viewsonic,CounterTerrorist,1568.128,41.77225,126.9731,AK47,100,74,-107.8331,29.51711,0,False,True,True,136.4063,0.3515625
EPSILON shox * Viewsonic,CounterTerrorist,1561.295,43.22361,126.1023,AK47,100,74,-110.1876,18.9192,0,False,True,True,136.0547,0.3515625
EPSILON shox * Viewsonic,CounterTerrorist,1554.37,44.14971,125.5466,AK47,100,74,-111.1301,12.22034,0,False,True,True,135.7031,0.703125
EPSILON shox * Viewsonic,CounterTerrorist,1547.411,44.77013,125.2081,AK47,100,74,-111.4846,8.391511,0,False,True,True,135.3516,0.703125
EPSILON shox * Viewsonic,CounterTerrorist,1540.437,45.20449,124.9868,AK47,100,74,-111.6364,6.045827,0,False,True,True,134.6484,0.703125
EPSILON shox * Viewsonic,CounterTerrorist,1533.458,45.54032,124.7636,AK47,100,74,-111.6879,5.00428,0,False,True,True,133.2422,1.054688
EPSILON shox * Viewsonic,CounterTerrorist,1526.477,45.84518,124.5399,AK47,100,74,-111.6931,4.888794,0,False,True,True,132.1875,1.054688
EPSILON shox * Viewsonic,CounterTerrorist,1519.497,46.15949,124.3407,AK47,100,74,-111.6812,5.152658,0,False,True,True,131.8359,1.054688
EPSILON shox * Viewsonic,CounterTerrorist,1512.624,47.29988,124.1067,AK47,100,74,-107.6527,30.16856,0,False,True,True,131.8359,1.054688
EPSILON shox * Viewsonic,CounterTerrorist,1506.155,49.91497,123.9365,AK47,100,74,-100.1621,49.66672,0,False,True,True,131.8359,1.054688
EPSILON shox * Viewsonic,CounterTerrorist,1500.153,53.48517,123.7984,AK47,100,74,-92.96152,62.10793,0,False,True,True,131.4844,1.054688
EPSILON shox * Viewsonic,CounterTerrorist,1494.558,57.66667,123.6845,AK47,100,74,-87.06305,70.13747,0,False,True,True,130.7813,0.703125
EPSILON shox * Viewsonic,CounterTerrorist,1489.277,62.24089,123.5878,AK47,100,74,-82.76611,75.1599,0,False,True,True,130.7813,0.703125
EPSILON shox * Viewsonic,CounterTerrorist,1484.209,67.05045,123.5024,AK47,100,74,-79.95541,78.14328,0,False,True,True,130.7813,0.703125
EPSILON shox * Viewsonic,CounterTerrorist,1479.283,72.00639,123.4247,AK47,100,74,-78.01653,80.07909,0,False,True,True,130.7813,0.703125
EPSILON shox * Viewsonic,CounterTerrorist,1474.46,77.06199,123.6501,AK47,100,74,-76.57388,81.45969,0,False,True,True,130.4297,0.703125
EPSILON shox * Viewsonic,CounterTerrorist,1469.728,82.20324,123.885,AK47,100,74,-73.59925,84.15694,0,False,True,True,130.4297,0.703125
EPSILON shox * Viewsonic,CounterTerrorist,1465.978,88.07477,123.5287,AK47,100,74,-50.07253,99.9599,0,False,True,True,130.7813,0.703125
EPSILON shox * Viewsonic,CounterTerrorist,1463.486,94.59547,123.2173,AK47,100,74,-33.21658,106.7516,0,False,True,True,135.7031,0.703125
EPSILON shox * Viewsonic,CounterTerrorist,1461.761,101.3646,123.0016,AK47,100,74,-23.96916,109.2004,0,False,True,True,138.1641,0.703125
EPSILON shox * Viewsonic,CounterTerrorist,1460.476,108.2323,122.7649,AK47,100,74,-18.31763,110.2892,0,False,True,True,138.1641,0.703125
EPSILON shox * Viewsonic,CounterTerrorist,1459.465,115.1459,122.4979,AK47,100,74,-14.74407,110.8235,0,False,True,True,138.1641,0.703125
EPSILON shox * Viewsonic,CounterTerrorist,1458.634,122.0836,122.2737,AK47,100,74,-12.30398,111.1209,0,False,True,True,138.1641,0.703125
EPSILON shox * Viewsonic,CounterTerrorist,1457.927,129.0353,122.0612,AK47,100,74,-10.62974,111.2935,0,False,True,True,138.1641,0.703125
EPSILON shox * Viewsonic,CounterTerrorist,1457.304,135.9949,121.8565,AK47,100,74,-9.527734,111.3933,0,False,True,True,138.5156,0.703125
EPSILON shox * Viewsonic,CounterTerrorist,1456.729,142.9587,121.6563,AK47,100,74,-9.031263,111.4346,0,False,True,True,139.2188,0.703125
EPSILON shox * Viewsonic,CounterTerrorist,1456.166,149.9235,121.4572,AK47,100,74,-9.044546,111.4335,0,False,True,True,139.9219,0.703125
EPSILON shox * Viewsonic,CounterTerrorist,1455.77,156.8948,121.2741,AK47,100,74,2.076472,111.7807,0,False,True,True,140.9766,0.703125
EPSILON shox * Viewsonic,CounterTerrorist,1456.749,163.8023,121.2234,AK47,100,74,24.42404,109.0995,0,False,True,True,145.8984,0.3515625
EPSILON shox * Viewsonic,CounterTerrorist,1458.717,170.5038,121.3655,AK47,100,74,35.87141,105.889,0,False,True,True,150.1172,0.3515625
EPSILON shox * Viewsonic,CounterTerrorist,1461.215,177.0284,121.7219,AK47,100,74,42.63906,103.3496,0,False,True,True,150.1172,0.3515625
EPSILON shox * Viewsonic,CounterTerrorist,1464.031,183.4228,122.1943,AK47,100,74,46.66563,101.5951,0,False,True,True,150.1172,0.3515625
EPSILON shox * Viewsonic,CounterTerrorist,1467.045,189.727,122.6955,AK47,100,74,49.22956,100.3777,0,False,True,True,150.4688,0.3515625
EPSILON shox * Viewsonic,CounterTerrorist,1470.168,195.9776,123.2129,AK47,100,74,50.29959,99.84583,0,False,True,True,152.5781,0.3515625
EPSILON shox * Viewsonic,CounterTerrorist,1473.306,202.2207,123.8311,AK47,100,74,50.01063,99.99088,0,False,True,True,154.6875,0.3515625
EPSILON shox * Viewsonic,CounterTerrorist,1476.401,208.4856,124.4658,AK47,100,74,49.02175,100.4794,0,False,True,True,156.4453,0.3515625
EPSILON shox * Viewsonic,CounterTerrorist,1479.41,214.792,125.2011,AK47,100,74,47.40063,101.2542,0,False,True,True,158.2031,0.3515625
EPSILON shox * Viewsonic,CounterTerrorist,1482.3,221.1535,125.9193,AK47,100,74,45.25106,102.233,0,False,True,True,160.3125,0.703125
EPSILON shox * Viewsonic,CounterTerrorist,1484.79,227.6603,126.5781,AK47,100,74,29.3484,107.3064,0,False,True,True,162.0703,0.703125
EPSILON shox * Viewsonic,CounterTerrorist,1485.65,234.5723,126.9879,AK47,100,74,2.600108,111.7698,0,False,True,True,163.8281,0.703125
EPSILON shox * Viewsonic,CounterTerrorist,1485.397,241.5535,127.2446,AK47,100,74,-1.388019,111.7914,0,False,True,True,165.5859,0.703125
EPSILON shox * Viewsonic,CounterTerrorist,1485.653,248.5346,127.5852,AK47,100,74,7.409356,111.5542,0,False,True,True,168.3984,0.703125
EPSILON shox * Viewsonic,CounterTerrorist,1486.259,255.4955,127.9802,AK47,100,74,11.16187,111.2414,0,False,True,True,169.8047,0.703125
EPSILON shox * Viewsonic,CounterTerrorist,1486.944,261.8716,128.3625,AK47,100,74,7.790142,79.18232,0,False,True,True,169.8047,0.703125
EPSILON shox * Viewsonic,CounterTerrorist,1487.085,264.4474,128.4876,AK47,100,74,-1.568516,11.79619,0,False,True,True,169.8047,0.703125
EPSILON shox * Viewsonic,CounterTerrorist,1486.922,263.7535,128.44,AK47,100,74,-4.000043,-21.70681,0,False,True,True,169.8047,0.703125
EPSILON shox * Viewsonic,CounterTerrorist,1486.689,262.4718,128.348,AK47,100,74,0,0,0,False,True,True,170.5078,0.703125
EPSILON shox * Viewsonic,CounterTerrorist,1486.832,263.4457,128.4125,AK47,100,74,3.60032,25.55943,0,False,True,True,172.2656,1.054688
EPSILON shox * Viewsonic,CounterTerrorist,1487.147,265.8467,128.5656,AK47,100,74,6.051487,48.43132,0,False,True,True,174.0234,1.40625
EPSILON shox * Viewsonic,CounterTerrorist,1487.575,269.6814,128.7982,AK47,100,74,7.495855,71.40118,0,False,True,True,175.0781,1.40625
EPSILON shox * Viewsonic,CounterTerrorist,1488.099,274.9077,128.992,AK47,100,74,9.002237,92.2924,0,False,True,True,175.0781,1.40625
EPSILON shox * Viewsonic,CounterTerrorist,1488.703,281.2447,129.1124,AK47,100,74,10.1224,107.7813,0,False,True,True,175.0781,1.40625
EPSILON shox * Viewsonic,CounterTerrorist,1489.34,288.1524,129.225,AK47,100,74,9.73856,107.1659,0,False,True,True,176.4844,1.40625
EPSILON shox * Viewsonic,CounterTerrorist,1489.8,292.637,129.3225,AK47,100,74,5.537129,41.60793,0,False,True,True,178.2422,1.40625
EPSILON shox * Viewsonic,CounterTerrorist,1489.94,293.0714,129.3441,AK47,100,74,-0.1818607,-11.43604,0,False,True,True,179.2969,1.40625
EPSILON shox * Viewsonic,CounterTerrorist,1489.917,291.5482,129.3441,AK47,100,74,-0.4982722,-34.43386,0,False,True,True,179.2969,1.40625
EPSILON shox * Viewsonic,CounterTerrorist,1489.887,289.4762,129.3321,AK47,100,74,-0.3354647,-11.93531,0,False,True,True,180,1.40625
EPSILON shox * Viewsonic,CounterTerrorist,1489.881,290.1974,129.3316,AK47,100,74,-0.140224,22.30479,0,False,True,True,180.3516,1.40625
EPSILON shox * Viewsonic,CounterTerrorist,1489.855,292.3999,129.3316,AK47,100,74,-0.6855536,45.29903,0,False,True,True,181.4063,1.40625
EPSILON shox * Viewsonic,CounterTerrorist,1489.789,296.0394,129.3316,AK47,100,74,-1.340503,68.2904,0,False,True,True,181.4063,1.40625
EPSILON shox * Viewsonic,CounterTerrorist,1489.695,300.6174,129.3316,AK47,100,74,-1.275869,62.5379,0,False,True,True,181.4063,1.40625
EPSILON shox * Viewsonic,CounterTerrorist,1489.668,302.136,129.3316,AK47,100,74,0.1481111,-5.444777,0,False,True,True,181.4063,1.40625
EPSILON shox * Viewsonic,CounterTerrorist,1489.698,300.9874,129.3316,AK47,100,74,0.7229812,-28.43759,0,False,True,True,181.4063,1.40625
EPSILON shox * Viewsonic,CounterTerrorist,1489.764,298.4017,129.3473,AK47,100,74,1.306183,-51.4302,0,False,True,True,181.4063,1.40625
EPSILON shox * Viewsonic,CounterTerrorist,1489.861,294.3789,129.347,AK47,100,74,1.691608,-74.42714,0,False,True,True,181.0547,1.40625
EPSILON shox * Viewsonic,CounterTerrorist,1489.93,291.762,129.3467,AK47,100,74,0.5653645,-12.12634,0,False,True,True,180.7031,1.40625
EPSILON shox * Viewsonic,CounterTerrorist,1489.925,292.4708,129.3467,AK47,100,74,-0.2730103,22.10393,0,False,True,True,180.7031,1.40625
EPSILON shox * Viewsonic,CounterTerrorist,1489.897,294.6608,129.3467,AK47,100,74,-0.5888349,45.10175,0,False,True,True,180.7031,1.40625
EPSILON shox * Viewsonic,CounterTerrorist,1489.839,298.288,129.3467,AK47,100,74,-1.274504,68.09231,0,False,True,True,181.7578,1.40625
EPSILON shox * Viewsonic,CounterTerrorist,1489.717,303.3278,129.3467,AK47,100,74,-2.595562,89.72068,0,False,True,True,182.8125,1.40625
EPSILON shox * Viewsonic,CounterTerrorist,1489.495,309.5322,129.3288,AK47,100,74,-4.276141,105.9697,0,False,True,True,183.5156,1.40625
EPSILON shox * Viewsonic,CounterTerrorist,1489.184,316.359,129.2809,AK47,100,74,-4.940508,103.4543,0,False,True,True,184.5703,1.40625
EPSILON shox * Viewsonic,CounterTerrorist,1489.022,320.6417,129.2559,AK47,100,74,-0.5334971,38.50591,0,False,True,True,184.9219,1.40625
EPSILON shox * Viewsonic,CounterTerrorist,1489.074,320.9282,129.2559,AK47,100,74,1.172565,-12.46723,0,False,True,True,184.9219,1.40625
EPSILON shox * Viewsonic,CounterTerrorist,1489.215,319.3433,129.2723,AK47,100,74,3.130548,-35.3839,0,False,True,True,184.9219,1.40625
EPSILON shox * Viewsonic,CounterTerrorist,1489.48,316.3262,129.3265,AK47,100,74,5.106979,-58.29882,0,False,True,True,184.9219,1.40625
EPSILON shox * Viewsonic,CounterTerrorist,1489.859,311.8776,129.3848,AK47,100,74,6.720286,-81.07825,0,False,True,True,184.2188,1.40625
EPSILON shox * Viewsonic,CounterTerrorist,1490.005,306.2366,129.4073,AK47,100,74,-7.976298,-94.24912,0,False,True,True,183.5156,1.40625
EPSILON shox * Viewsonic,CounterTerrorist,1488.6,300.1682,129.1701,AK47,100,74,-32.69366,-99.03718,0,False,True,True,182.4609,1.40625
EPSILON shox * Viewsonic,CounterTerrorist,1485.877,293.9301,128.7145,AK47,100,74,-51.97507,-94.49364,0,False,True,True,181.7578,1.40625
EPSILON shox * Viewsonic,CounterTerrorist,1482.518,290.1492,128.1678,AK47,100,74,-48.28932,-33.54859,0,False,True,True,181.0547,1.40625
EPSILON shox * Viewsonic,CounterTerrorist,1480.187,289.9101,127.7979,AK47,100,74,-28.20243,15.83116,0,False,True,True,181.0547,1.40625
EPSILON shox * Viewsonic,CounterTerrorist,1478.932,291.9464,127.6072,AK47,100,74,-15.66046,44.02261,0,False,True,True,181.4063,1.40625
EPSILON shox * Viewsonic,CounterTerrorist,1478.125,295.5363,127.4934,AK47,100,74,-11.4225,67.72256,0,False,True,True,181.7578,1.40625
EPSILON shox * Viewsonic,CounterTerrorist,1477.481,300.3001,127.41,AK47,100,74,-9.234469,73.08847,0,False,True,True,182.1094,1.40625
EPSILON shox * Viewsonic,CounterTerrorist,1477.09,302.4889,127.3566,AK47,100,74,-3.360016,5.53701,0,False,True,True,182.1094,1.40625
EPSILON shox * Viewsonic,CounterTerrorist,1477.105,301.676,127.3544,AK47,100,74,0.8782658,-23.11739,0,False,True,True,182.1094,1.40625
EPSILON shox * Viewsonic,CounterTerrorist,1477.185,299.4229,127.3544,AK47,100,74,1.554319,-46.10759,0,False,True,True,181.7578,1.40625
EPSILON shox * Viewsonic,CounterTerrorist,1477.297,295.7328,127.3544,AK47,100,74,1.943585,-69.10531,0,False,True,True,181.0547,1.40625
EPSILON shox * Viewsonic,CounterTerrorist,1477.375,293.4483,127.3544,AK47,100,74,0.5483267,-6.811673,0,False,True,True,180.7031,1.40625
EPSILON shox * Viewsonic,CounterTerrorist,1477.365,294.244,127.3544,AK47,100,74,-0.3443857,22.93491,0,False,True,True,180.7031,1.40625
EPSILON shox * Viewsonic,CounterTerrorist,1477.331,296.486,127.3703,AK47,100,74,-0.6897098,45.93232,0,False,True,True,180.7031,1.40625
EPSILON shox * Viewsonic,CounterTerrorist,1477.313,297.6719,127.3703,AK47,100,74,0.08539267,-5.686859,0,False,True,True,180.7031,1.40625
EPSILON shox * Viewsonic,CounterTerrorist,1477.331,296.508,127.3703,AK47,100,74,0.4307168,-28.68426,0,False,True,True,180.7031,1.40625
EPSILON shox * Viewsonic,CounterTerrorist,1477.37,293.9066,127.3674,AK47,100,74,0.7760408,-51.68167,0,False,True,True,180.7031,1.40625
EPSILON shox * Viewsonic,CounterTerrorist,1477.426,289.8681,127.3606,AK47,100,74,0.9190638,-74.68124,0,False,True,True,180.3516,1.40625
EPSILON shox * Viewsonic,CounterTerrorist,1477.464,284.4565,127.3454,AK47,100,74,0.2085873,-94.94968,0,False,True,True,178.5938,1.757813
EPSILON shox * Viewsonic,CounterTerrorist,1477.413,277.6947,127.3109,AK47,100,74,-2.00321,-123.9061,0,False,True,True,177.1875,1.757813
EPSILON shox * Viewsonic,CounterTerrorist,1477.154,268.7276,127.1071,AK47,100,74,-5.985103,-157.1873,0,False,True,True,175.4297,2.109375
EPSILON shox * Viewsonic,CounterTerrorist,1476.584,258.0111,126.5564,AK47,100,74,-12.11327,-181.3909,0,False,True,True,171.2109,2.109375
EPSILON shox * Viewsonic,CounterTerrorist,1475.391,246.0707,125.8544,AK47,100,74,-26.48481,-197.1437,0,False,True,True,158.5547,1.757813
EPSILON shox * Viewsonic,CounterTerrorist,1472.895,233.494,124.9188,AK47,100,74,-50.64145,-203.4353,0,False,True,True,149.7656,1.757813
EPSILON shox * Viewsonic,CounterTerrorist,1469.016,220.7122,123.7554,AK47,100,74,-69.49673,-203.4581,0,False,True,True,149.7656,1.757813
EPSILON shox * Viewsonic,CounterTerrorist,1464.495,208.0728,124.9728,AK47,100,74,-67.1047,-203.6439,292.6184,False,True,True,149.7656,1.757813
EPSILON shox * Viewsonic,CounterTerrorist,1460.301,195.345,141.6989,AK47,100,74,-67.1047,-203.6439,242.6184,False,True,True,146.6016,2.109375
EPSILON shox * Viewsonic,CounterTerrorist,1456.106,182.6172,164.3001,AK47,100,74,-67.1047,-203.6439,192.6184,False,True,True,127.9687,4.21875
EPSILON shox * Viewsonic,CounterTerrorist,1451.912,169.8894,174.7763,AK47,100,74,-67.1047,-203.6439,142.6184,False,True,True,118.4766,5.976563
EPSILON shox * Viewsonic,CounterTerrorist,1447.718,157.1616,182.1275,AK47,100,74,-67.1047,-203.6439,92.61838,False,True,True,118.4766,5.976563
EPSILON shox * Viewsonic,CounterTerrorist,1443.523,144.4339,186.3537,AK47,100,74,-67.1047,-203.6439,42.61838,False,True,True,118.4766,5.976563
EPSILON shox * Viewsonic,CounterTerrorist,1439.329,131.7061,187.4549,AK47,100,74,-67.1047,-203.6439,-7.381622,False,True,True,118.4766,5.976563
EPSILON shox * Viewsonic,CounterTerrorist,1435.135,118.9783,185.4311,AK47,100,74,-67.1047,-203.6439,-57.38162,False,True,True,117.4219,5.273438
EPSILON shox * Viewsonic,CounterTerrorist,1430.94,106.2506,180.2823,AK47,100,74,-67.1047,-203.6439,-107.3816,False,True,True,115.6641,5.273438
EPSILON shox * Viewsonic,CounterTerrorist,1426.746,93.52289,172.0085,AK47,100,74,-67.1047,-203.6439,-157.3816,False,True,True,115.3125,5.273438
EPSILON shox * Viewsonic,CounterTerrorist,1422.552,80.79517,151.6097,AK47,100,74,-67.1047,-203.6439,-207.3816,False,True,True,115.3125,5.273438
EPSILON shox * Viewsonic,CounterTerrorist,1418.357,68.06744,137.0859,AK47,100,74,-67.1047,-203.6439,-257.3816,False,True,True,112.5,4.21875
EPSILON shox * Viewsonic,CounterTerrorist,1414.478,56.16014,122.9911,AK47,100,74,-44.65544,-152.7583,0,False,True,True,106.875,2.109375
EPSILON shox * Viewsonic,CounterTerrorist,1412.793,45.87056,124.5141,AK47,100,74,-14.77012,-172.6968,0,False,True,True,105.1172,1.054688
EPSILON shox * Viewsonic,CounterTerrorist,1412.654,34.52818,128.0313,AK47,100,74,6.524117,-187.9947,0,False,True,True,105.1172,1.054688
EPSILON shox * Viewsonic,CounterTerrorist,1413.634,22.2823,128.0313,AK47,100,74,22.13386,-201.8016,0,False,True,True,105.1172,1.054688
EPSILON shox * Viewsonic,CounterTerrorist,1415.485,9.314941,128.0313,AK47,100,74,39.34975,-207.9947,0,False,True,True,105.1172,1.054688
EPSILON shox * Viewsonic,CounterTerrorist,1419.667,-2.883525,128.0313,AK47,100,74,86.23869,-186.1914,0,False,True,True,105.1172,1.054688
EPSILON shox * Viewsonic,CounterTerrorist,1426.324,-13.93158,128.0313,AK47,100,74,120.7621,-170.1544,0,False,True,True,105.1172,1.054688
EPSILON shox * Viewsonic,CounterTerrorist,1433.923,-24.80503,128.0313,AK47,100,74,114.6999,-181.8487,0,False,True,True,105.1172,1.054688
EPSILON shox * Viewsonic,CounterTerrorist,1440.942,-36.25837,128.0313,AK47,100,74,121.083,-177.6623,0,False,True,True,105.1172,1.054688
EPSILON shox * Viewsonic,CounterTerrorist,1449.348,-46.73056,128.0313,AK47,100,74,143.5879,-160.0235,0,False,True,True,105.8203,1.054688
EPSILON shox * Viewsonic,CounterTerrorist,1458.899,-56.17416,128.0313,AK47,100,74,159.3839,-144.2975,0,False,True,True,108.2813,1.054688
EPSILON shox * Viewsonic,CounterTerrorist,1469.307,-64.66708,128.0313,AK47,100,74,171.4446,-129.7373,0,False,True,True,110.0391,0.703125
EPSILON shox * Viewsonic,CounterTerrorist,1480.316,-72.36829,128.0313,AK47,100,74,179.3006,-118.6435,0,False,True,True,110.0391,0.703125
EPSILON shox * Viewsonic,CounterTerrorist,1491.712,-79.48567,128.0313,AK47,100,74,184.3936,-110.5621,0,False,True,True,110.0391,0.703125
EPSILON shox * Viewsonic,CounterTerrorist,1503.392,-86.03664,128.0313,AK47,100,74,190.5211,-92.04667,0,False,True,True,110.0391,0.703125
EPSILON shox * Viewsonic,CounterTerrorist,1515.738,-90.04207,128.0313,Incendiary,100,74,203.3142,-43.82908,0,False,True,True,111.4453,0.703125
EPSILON shox * Viewsonic,CounterTerrorist,1529.034,-91.3038,128.0313,Incendiary,100,74,219.1939,-3.171447,0,False,True,True,113.5547,0.703125
EPSILON shox * Viewsonic,CounterTerrorist,1543.123,-90.31013,128.0313,Incendiary,100,74,229.4939,29.89241,0,False,True,True,116.7187,0.703125
EPSILON shox * Viewsonic,CounterTerrorist,1557.688,-87.43426,128.0313,Incendiary,100,74,235.2739,57.81852,0,False,True,True,119.5313,0.703125
EPSILON shox * Viewsonic,CounterTerrorist,1572.338,-83.04099,128.0313,Incendiary,100,74,231.9912,78.77224,0,False,True,True,120.9375,0.3515625
EPSILON shox * Viewsonic,CounterTerrorist,1586.626,-77.5431,127.9576,Incendiary,100,74,226.0156,94.56182,0,False,True,True,122.6953,0.3515625
EPSILON shox * Viewsonic,CounterTerrorist,1600.543,-71.16083,128.2612,Incendiary,100,74,220.078,107.66,0,False,True,True,124.8047,359.6484
EPSILON shox * Viewsonic,CounterTerrorist,1614.125,-64.09196,133.0519,Incendiary,100,74,216.1871,115.2741,286.3684,False,True,True,122.3438,359.2969
EPSILON shox * Viewsonic,CounterTerrorist,1627.637,-56.88734,158.3875,Incendiary,100,74,216.1871,115.2741,236.3684,False,True,True,115.6641,0.3515625
EPSILON shox * Viewsonic,CounterTerrorist,1641.149,-49.68272,171.5981,Incendiary,100,74,216.1871,115.2741,186.3684,False,True,True,123.3984,1.40625
EPSILON shox * Viewsonic,CounterTerrorist,1654.66,-42.4781,181.6837,Incendiary,100,74,216.1871,115.2741,136.3684,False,True,True,132.5391,2.109375
EPSILON shox * Viewsonic,CounterTerrorist,1668.172,-35.27348,188.6442,Incendiary,100,74,216.1871,115.2741,86.36838,False,True,True,133.9453,2.109375
EPSILON shox * Viewsonic,CounterTerrorist,1681.684,-28.06885,192.4798,Incendiary,100,74,216.1871,115.2741,36.36838,False,True,True,133.2422,2.109375
EPSILON shox * Viewsonic,CounterTerrorist,1695.195,-20.86422,193.1904,Incendiary,100,74,216.1871,115.2741,-13.63162,False,True,True,133.2422,2.109375
EPSILON shox * Viewsonic,CounterTerrorist,1708.707,-13.65958,181.7759,Incendiary,100,74,216.1871,115.2741,-63.63162,False,True,True,133.2422,2.109375
EPSILON shox * Viewsonic,CounterTerrorist,1722.219,-6.454947,176.2365,Incendiary,100,74,216.1871,115.2741,-113.6316,False,True,True,133.2422,2.109375
EPSILON shox * Viewsonic,CounterTerrorist,1735.731,0.7496877,167.5721,Incendiary,100,74,216.1871,115.2741,-163.6316,False,True,True,133.2422,2.109375
EPSILON shox * Viewsonic,CounterTerrorist,1749.242,7.954322,155.7827,AK47,100,74,216.1871,115.2741,-213.6316,False,True,True,125.5078,2.109375
EPSILON shox * Viewsonic,CounterTerrorist,1762.754,15.15896,140.8682,AK47,100,74,216.1871,115.2741,-263.6316,False,True,True,83.67188,4.921875
EPSILON shox * Viewsonic,CounterTerrorist,1775.795,22.11282,123.8969,Incendiary,100,74,155.9873,83.17473,0,False,True,True,45.70313,5.625
EPSILON shox * Viewsonic,CounterTerrorist,1786.626,26.22545,123.5981,Incendiary,100,74,185.275,53.08429,0,False,True,True,39.375,6.328125
EPSILON shox * Viewsonic,CounterTerrorist,1798.995,28.72577,123.1272,Incendiary,100,74,207.0675,30.97701,0,False,True,True,39.375,6.328125
EPSILON shox * Viewsonic,CounterTerrorist,1812.596,30.14927,122.6618,Incendiary,100,74,223.7246,23.2736,0,False,True,True,39.375,6.328125
EPSILON shox * Viewsonic,CounterTerrorist,1826.554,33.13121,122.4937,Incendiary,100,74,223.3235,64.49603,0,False,True,True,37.26563,5.976563
EPSILON shox * Viewsonic,CounterTerrorist,1840.681,38.05322,122.5011,Knife,100,74,229.2872,87.31808,0,False,True,True,28.125,7.382813
EPSILON shox * Viewsonic,CounterTerrorist,1855.152,43.85275,122.5846,Knife,100,74,231.1456,95.24563,0,False,True,True,25.66406,8.4375
EPSILON shox * Viewsonic,CounterTerrorist,1869.504,50.03011,122.7274,Knife,100,74,228.0169,102.51,0,False,True,True,30.9375,8.4375
EPSILON shox * Viewsonic,CounterTerrorist,1883.609,56.75037,123.0811,Knife,100,74,224.0537,110.9051,0,False,True,True,31.28906,8.085938
EPSILON shox * Viewsonic,CounterTerrorist,1897.508,63.88816,123.5145,Knife,100,74,221.2182,116.4581,0,False,True,True,31.28906,8.085938
EPSILON shox * Viewsonic,CounterTerrorist,1911.258,71.30877,123.9781,Knife,100,74,219.1526,120.3002,0,False,True,True,31.28906,8.085938
EPSILON shox * Viewsonic,CounterTerrorist,1924.899,78.92821,124.5353,Knife,100,74,217.6308,123.0318,0,False,True,True,31.28906,8.085938
EPSILON shox * Viewsonic,CounterTerrorist,1938.453,86.70168,125.1179,Knife,100,74,216.0036,125.8667,0,False,True,True,34.10156,8.4375
EPSILON shox * Viewsonic,CounterTerrorist,1951.839,94.75996,125.7343,Knife,100,74,212.9023,131.0443,0,False,True,True,35.15625,8.4375
EPSILON shox * Viewsonic,CounterTerrorist,1963.885,104.1698,129.4827,Knife,100,74,174.3327,168.1507,0,False,True,True,35.15625,8.4375
EPSILON shox * Viewsonic,CounterTerrorist,1973.574,115.8329,137.2595,Knife,100,74,141.4863,199.5686,0,False,True,True,35.15625,8.4375
EPSILON shox * Viewsonic,CounterTerrorist,1981.52,129.1389,146.1302,Knife,100,74,116.4881,221.2024,0,False,True,True,35.15625,8.4375
EPSILON shox * Viewsonic,CounterTerrorist,1988.027,143.3384,155.0865,Knife,100,74,95.37444,231.0924,0,False,True,True,35.50781,8.4375
EPSILON shox * Viewsonic,CounterTerrorist,1992.11,157.8552,160.0313,Knife,100,74,33.75103,231.2968,0,False,True,True,40.42969,8.085938
EPSILON shox * Viewsonic,CounterTerrorist,1992.216,172.3327,160.0313,Knife,100,74,-17.22948,234.1754,0,False,True,True,23.20313,8.4375
EPSILON shox * Viewsonic,CounterTerrorist,1987.379,184.1171,160.0313,Knife,100,74,-141.3138,132.8876,0,False,True,True,342.4219,9.84375
EPSILON shox * Viewsonic,CounterTerrorist,1979.471,193.8788,160.0313,Knife,100,74,-107.7481,173.1682,0,False,True,True,302.6953,9.84375
EPSILON shox * Viewsonic,CounterTerrorist,1974.625,205.655,160.0313,Knife,100,74,-65.42177,198.9178,0,False,True,True,289.3359,10.19531
EPSILON shox * Viewsonic,CounterTerrorist,1970.235,218.8255,160.0313,Knife,100,74,-73.62656,219.0183,0,False,True,True,289.3359,10.19531
EPSILON shox * Viewsonic,CounterTerrorist,1966.343,233.0063,160.0313,Knife,100,74,-40.89677,231.6792,0,False,True,True,289.3359,10.19531
EPSILON shox * Viewsonic,CounterTerrorist,1965.405,247.7882,160.0313,Knife,100,74,3.156844,239.9016,0,False,True,True,289.3359,10.19531
EPSILON shox * Viewsonic,CounterTerrorist,1966.923,262.8601,160.0313,Knife,100,74,46.56231,233.7173,0,False,True,True,289.3359,10.19531
EPSILON shox * Viewsonic,CounterTerrorist,1972.05,276.1249,160.0313,Knife,100,74,107.1737,196.4457,0,False,True,True,286.1719,9.84375
EPSILON shox * Viewsonic,CounterTerrorist,1980.481,287.0075,160.0313,Knife,100,74,154.8327,155.1228,0,False,True,True,271.0547,9.140625
EPSILON shox * Viewsonic,CounterTerrorist,1991.464,294.9447,160.0313,Knife,100,74,189.9794,104.0265,0,False,True,True,256.2891,7.03125
EPSILON shox * Viewsonic,CounterTerrorist,2004.102,301.4915,160.0313,Knife,100,74,210.888,105.456,0,False,True,True,244.6875,4.570313
EPSILON shox * Viewsonic,CounterTerrorist,2017.913,307.9718,160.0313,Knife,100,74,228.1158,102.2897,0,False,True,True,243.2813,4.21875
EPSILON shox * Viewsonic,CounterTerrorist,2031.289,315.8654,160.0313,Knife,100,74,204.9136,142.7246,0,False,True,True,239.7656,4.21875
EPSILON shox * Viewsonic,CounterTerrorist,2043.417,325.7023,160.0313,Knife,100,74,185.9871,167.0593,0,False,True,True,238.711,4.570313
EPSILON shox * Viewsonic,CounterTerrorist,2054.485,336.7255,160.0313,Knife,100,74,170.7154,182.6369,0,False,True,True,238.711,4.570313
EPSILON shox * Viewsonic,CounterTerrorist,2064.73,348.5197,160.0313,Knife,100,74,159.1431,192.8043,0,False,True,True,238.711,4.570313
EPSILON shox * Viewsonic,CounterTerrorist,2074.364,360.8199,160.0313,Knife,100,74,150.6613,199.5023,0,False,True,True,238.711,4.570313
EPSILON shox * Viewsonic,CounterTerrorist,2083.563,373.4492,160.0313,Knife,100,74,144.8039,203.7936,0,False,True,True,238.711,4.570313
EPSILON shox * Viewsonic,CounterTerrorist,2092.462,386.2923,160.0313,Knife,100,74,140.6965,206.6507,0,False,True,True,238.711,4.570313
EPSILON shox * Viewsonic,CounterTerrorist,2101.161,399.2716,160.0313,Knife,100,74,139.1806,207.6746,0,False,True,True,233.0859,4.21875
EPSILON shox * Viewsonic,CounterTerrorist,2110.312,411.9325,160.0313,Knife,100,74,148.3547,201.2235,0,False,True,True,198.9844,5.976563
EPSILON shox * Viewsonic,CounterTerrorist,2119.888,424.2725,160.0313,Knife,100,74,162.4603,190.0175,0,False,True,True,161.0156,6.679688
EPSILON shox * Viewsonic,CounterTerrorist,2130.73,435.5185,160.0313,Knife,100,74,172.2897,181.1526,0,False,True,True,146.6016,6.679688
EPSILON shox * Viewsonic,CounterTerrorist,2141.131,447.1761,160.0313,Knife,100,74,162.2928,190.1606,0,False,True,True,146.6016,6.679688
EPSILON shox * Viewsonic,CounterTerrorist,2151.008,459.2828,160.0313,Knife,100,74,155.0933,196.0767,0,False,True,True,146.6016,6.679688
EPSILON shox * Viewsonic,CounterTerrorist,2160.527,471.6729,160.0313,Knife,100,74,150.9615,199.2752,0,False,True,True,143.0859,6.679688
EPSILON shox * Viewsonic,CounterTerrorist,2169.816,484.2312,160.0313,Knife,100,74,139.7667,207.2807,0,False,True,True,118.125,5.976563
EPSILON shox * Viewsonic,CounterTerrorist,2178.245,497.3875,160.0313,Knife,100,74,134.7318,210.5881,0,False,True,True,98.78906,4.570313
EPSILON shox * Viewsonic,CounterTerrorist,2186.869,510.416,160.0313,Knife,100,74,140.3448,206.8896,0,False,True,True,96.6797,4.570313
EPSILON shox * Viewsonic,CounterTerrorist,2195.788,523.2455,153.7681,Knife,100,74,144.3121,204.1421,0,False,True,True,96.6797,4.570313
EPSILON shox * Viewsonic,CounterTerrorist,2204.91,535.9307,153.566,Knife,100,74,147.1076,202.137,0,False,True,True,96.6797,4.570313
EPSILON shox * Viewsonic,CounterTerrorist,2214.178,548.5102,153.3344,Knife,100,74,149.1137,200.6617,0,False,True,True,96.6797,4.570313
EPSILON shox * Viewsonic,CounterTerrorist,2223.551,561.0115,153.0027,Knife,100,74,150.5771,199.5659,0,False,True,True,96.6797,4.570313
EPSILON shox * Viewsonic,CounterTerrorist,2233.054,573.4148,151.7597,Knife,100,74,153.8947,197.0189,0,False,True,True,92.10938,4.21875
EPSILON shox * Viewsonic,CounterTerrorist,2242.247,586.0067,150.5616,Knife,100,74,133.168,211.4295,0,False,True,True,84.02344,4.570313
EPSILON shox * Viewsonic,CounterTerrorist,2249.613,599.7776,149.6287,Knife,100,74,107.9004,225.5161,0,False,True,True,78.39844,4.570313
EPSILON shox * Viewsonic,CounterTerrorist,2255.728,613.8986,148.9148,Flash,100,74,91.66074,227.2076,0,False,True,True,76.28906,4.570313
EPSILON shox * Viewsonic,CounterTerrorist,2261.09,628.2402,148.3083,Flash,100,74,81.65421,230.9926,0,False,True,True,76.64063,4.570313
EPSILON shox * Viewsonic,CounterTerrorist,2265.981,642.7433,147.7655,Flash,100,74,81.31236,230.278,0,False,True,True,78.04688,4.570313
EPSILON shox * Viewsonic,CounterTerrorist,2272.417,656.5821,147.0131,Flash,100,74,114.943,216.3633,0,False,True,True,93.86719,4.570313
EPSILON shox * Viewsonic,CounterTerrorist,2280.588,669.3916,146.0231,Flash,100,74,145.9632,195.5966,0,False,True,True,123.75,2.8125
EPSILON shox * Viewsonic,CounterTerrorist,2290.192,681.3164,145.5988,Flash,100,74,156.9755,188.1055,0,False,True,True,135,0
EPSILON shox * Viewsonic,CounterTerrorist,2300.179,692.9232,145.2565,Flash,100,74,161.7112,184.0502,0,False,True,True,135,0
EPSILON shox * Viewsonic,CounterTerrorist,2310.406,704.3195,145.0533,Flash,100,74,164.9563,181.1475,0,False,True,True,135,0
EPSILON shox * Viewsonic,CounterTerrorist,2320.801,715.5634,145.5736,Flash,100,74,167.2484,179.0334,0,False,True,True,135,0
EPSILON shox * Viewsonic,CounterTerrorist,2331.324,726.6865,146.0933,Flash,100,74,169.2495,177.143,0,False,True,True,134.2969,0.3515625
EPSILON shox * Viewsonic,CounterTerrorist,2341.958,737.7042,146.5117,Flash,100,74,170.696,175.7494,0,False,True,True,134.6484,358.5938
EPSILON shox * Viewsonic,CounterTerrorist,2352.656,748.6594,147.2011,Flash,100,74,171.5102,174.955,0,False,True,True,134.6484,357.8906
EPSILON shox * Viewsonic,CounterTerrorist,2363.397,759.5725,149.5737,Flash,100,74,172.1063,174.3687,0,False,True,True,134.6484,357.8906
EPSILON shox * Viewsonic,CounterTerrorist,2373.447,770.9275,151.6704,Flash,100,74,142.4651,193.6114,0,False,True,True,134.6484,357.8906
EPSILON shox * Viewsonic,CounterTerrorist,2380.954,783.9202,152.8025,Flash,100,74,104.0485,217.8984,0,False,True,True,136.4063,356.1328
EPSILON shox * Viewsonic,CounterTerrorist,2387.189,797.8348,153.7426,Flash,100,74,107.7757,220.0214,0,False,True,True,138.8672,354.7266
EPSILON shox * Viewsonic,CounterTerrorist,2394.476,811.2995,154.8057,Flash,100,74,121.9302,212.5042,0,False,True,True,142.7344,353.6719
EPSILON shox * Viewsonic,CounterTerrorist,2400.482,825.2558,155.6671,Flash,100,74,77.38023,230.7823,0,False,True,True,145.5469,352.6172
EPSILON shox * Viewsonic,CounterTerrorist,2401.914,840.1639,155.8359,Flash,100,74,-7.791017,243.9006,0,False,True,True,146.9531,351.9141
EPSILON shox * Viewsonic,CounterTerrorist,2400.179,855.079,155.5271,Flash,100,74,-52.80321,228.8803,0,False,True,True,147.6563,351.5625
EPSILON shox * Viewsonic,CounterTerrorist,2395.044,868.6339,154.7098,Flash,100,74,-102.8851,208.2701,0,False,True,True,148.7109,350.8594
EPSILON shox * Viewsonic,CounterTerrorist,2387.228,881.0417,153.4918,Flash,100,74,-140.8322,191.3235,0,False,True,True,150.4688,349.8047
EPSILON shox * Viewsonic,CounterTerrorist,2377.372,892.4868,153.0774,Flash,100,74,-169.4498,176.9513,0,False,True,True,151.5234,349.1016
EPSILON shox * Viewsonic,CounterTerrorist,2366.184,902.9341,152.7531,Flash,100,74,-185.4672,160.0841,0,False,True,True,152.2266,348.3984
EPSILON shox * Viewsonic,CounterTerrorist,2354.202,912.4631,152.3557,Flash,100,74,-195.9603,147.053,0,False,True,True,152.5781,348.0469
EPSILON shox * Viewsonic,CounterTerrorist,2341.691,921.2895,151.4971,Flash,100,74,-203.0405,137.1115,0,False,True,True,152.9297,346.6406
EPSILON shox * Viewsonic,CounterTerrorist,2328.821,929.5857,150.2758,Flash,100,74,-207.8716,129.6704,0,False,True,True,153.2813,345.5859
EPSILON shox * Viewsonic,CounterTerrorist,2315.692,937.4631,149.0127,Flash,100,74,-213.445,120.2757,0,False,True,True,153.2813,345.5859
EPSILON shox * Viewsonic,CounterTerrorist,2303.128,941.3067,147.6967,Knife,100,74,-192.7054,20.44507,0,False,True,True,151.1719,346.6406
EPSILON shox * Viewsonic,CounterTerrorist,2291.518,939.9627,147.9875,Knife,100,74,-178.5809,-51.59335,0,False,True,True,144.1406,350.8594
EPSILON shox * Viewsonic,CounterTerrorist,2282.409,934.4598,148.4023,Flash,100,74,-123.9216,-113.4115,0,False,True,True,138.5156,354.7266
EPSILON shox * Viewsonic,CounterTerrorist,2275.985,925.7064,148.7261,Flash,100,74,-88.29378,-158.7732,0,False,True,True,136.7578,355.7813
EPSILON shox * Viewsonic,CounterTerrorist,2271.405,914.5552,148.9884,Incendiary,100,74,-62.74427,-192.2115,0,False,True,True,136.7578,355.7813
EPSILON shox * Viewsonic,CounterTerrorist,2268.175,901.6375,149.2058,Incendiary,100,74,-43.92566,-216.8408,0,False,True,True,136.7578,355.7813
EPSILON shox * Viewsonic,CounterTerrorist,2265.083,887.743,149.4237,Incendiary,100,74,-65.65,-221.4939,0,False,True,True,136.7578,355.7813
EPSILON shox * Viewsonic,CounterTerrorist,2259.713,874.0352,149.7353,Incendiary,100,74,-100.249,-217.7063,0,False,True,True,136.0547,356.1328
EPSILON shox * Viewsonic,CounterTerrorist,2253.192,861.5715,150.0869,AK47,100,74,-106.8761,-186.5543,0,False,True,True,136.0547,356.1328
EPSILON shox * Viewsonic,CounterTerrorist,2246.013,850.2158,150.5781,AK47,100,74,-120.317,-178.182,0,False,True,True,136.0547,356.1328
EPSILON shox * Viewsonic,CounterTerrorist,2238.951,840.116,151.0922,AK47,100,74,-89.70545,-131.7518,0,False,True,True,135.7031,356.1328
EPSILON shox * Viewsonic,CounterTerrorist,2235.902,834.9016,151.5108,AK47,100,74,-20.09999,-49.07048,0,False,True,True,136.7578,357.5391
EPSILON shox * Viewsonic,CounterTerrorist,2236.35,834.4131,151.4696,AK47,100,74,22.09042,18.37365,0,False,True,True,140.2734,359.6484
EPSILON shox * Viewsonic,CounterTerrorist,2238.854,837.0465,151.1187,AK47,100,74,54.38636,60.275,0,False,True,True,140.2734,359.6484
EPSILON shox * Viewsonic,CounterTerrorist,2243.281,842.0942,150.8049,AK47,100,74,82.38042,95.14525,0,False,True,True,140.2734,359.6484
EPSILON shox * Viewsonic,CounterTerrorist,2249.187,848.9839,150.3852,AK47,100,74,102.9996,120.8291,0,False,True,True,140.2734,359.6484
EPSILON shox * Viewsonic,CounterTerrorist,2256.188,857.2256,149.9899,AK47,100,74,118.434,139.5391,0,False,True,True,139.5703,359.6484
EPSILON shox * Viewsonic,CounterTerrorist,2263.962,866.4895,149.6066,AK47,100,74,127.3762,155.2008,0,False,True,True,146.6016,1.054688
EPSILON shox * Viewsonic,CounterTerrorist,2271.481,876.8417,149.227,AK47,100,74,101.7851,173.8983,0,False,True,True,157.5,1.40625
EPSILON shox * Viewsonic,CounterTerrorist,2275.933,888.2715,148.9682,AK47,100,74,49.78905,189.1802,0,False,True,True,157.5,1.40625
EPSILON shox * Viewsonic,CounterTerrorist,2277.638,900.5086,148.8187,AK47,100,74,11.49102,200.4363,0,False,True,True,157.5,1.40625
EPSILON shox * Viewsonic,CounterTerrorist,2277.375,913.3399,148.7474,AK47,100,74,-9.684608,208.7199,0,False,True,True,157.8516,1.40625
EPSILON shox * Viewsonic,CounterTerrorist,2277.708,926.6248,148.6484,AK47,100,74,14.90459,214.4828,0,False,True,True,162.4219,1.054688
EPSILON shox * Viewsonic,CounterTerrorist,2279.086,939.99,148.5053,AK47,100,74,26.04186,213.417,0,False,True,True,168.0469,0.703125
EPSILON shox * Viewsonic,CounterTerrorist,2280.849,953.3113,148.3464,AK47,100,74,29.11825,213.0191,0,False,True,True,171.2109,0.3515625
EPSILON shox * Viewsonic,CounterTerrorist,2282.655,966.627,148.1859,AK47,100,74,28.2766,213.1324,0,False,True,True,174.0234,0.3515625
EPSILON shox * Viewsonic,CounterTerrorist,2284.323,979.9604,148.0309,AK47,100,74,25.27653,213.509,0,False,True,True,176.1328,0.3515625
EPSILON shox * Viewsonic,CounterTerrorist,2285.775,993.2557,147.8851,AK47,100,74,21.32548,205.8357,0,False,True,True,177.1875,0.3515625
EPSILON shox * Viewsonic,CounterTerrorist,2286.87,1003.422,147.7744,AK47,100,74,14.13399,116.0834,0,False,True,True,177.5391,0.3515625
EPSILON shox * Viewsonic,CounterTerrorist,2287.501,1007.068,147.7247,AK47,100,74,6.745561,15.51403,0,False,True,True,177.8906,0.3515625
EPSILON shox * Viewsonic,CounterTerrorist,2287.571,1005.601,147.7223,AK47,100,74,-0.731977,-47.12664,0,False,True,True,177.8906,0.3515625
EPSILON shox * Viewsonic,CounterTerrorist,2287.437,1000.467,147.7633,Incendiary,100,74,-3.073155,-108.0666,0,False,True,True,178.2422,0.703125
EPSILON shox * Viewsonic,CounterTerrorist,2287.198,991.994,147.8247,Incendiary,100,74,-4.453394,-154.8659,0,False,True,True,178.2422,1.054688
EPSILON shox * Viewsonic,CounterTerrorist,2286.872,981.0494,147.9063,Incendiary,100,74,-5.745281,-189.328,0,False,True,True,178.2422,1.054688
EPSILON shox * Viewsonic,CounterTerrorist,2286.486,968.5323,148.0023,Incendiary,100,74,-6.008194,-193.6871,0,False,True,True,178.2422,1.054688
EPSILON shox * Viewsonic,CounterTerrorist,2286.24,960.4763,148.066,Incendiary,100,74,-2.228793,-75.59897,0,False,True,True,178.2422,1.054688
EPSILON shox * Viewsonic,CounterTerrorist,2286.216,959.4249,148.0825,Incendiary,100,74,0.7436863,21.37909,0,False,True,True,178.2422,1.054688
EPSILON shox * Viewsonic,CounterTerrorist,2286.331,962.9833,148.0561,Incendiary,100,74,2.647362,84.53532,0,False,True,True,178.2422,1.054688
EPSILON shox * Viewsonic,CounterTerrorist,2286.541,970.2132,148.0009,Incendiary,100,74,3.785614,137.5435,0,False,True,True,178.5938,1.054688
EPSILON shox * Viewsonic,CounterTerrorist,2286.794,980.2437,147.9261,Incendiary,100,74,4.104237,176.5976,0,False,True,True,179.2969,1.054688
EPSILON shox * Viewsonic,CounterTerrorist,2287.025,992.3378,147.8389,Incendiary,100,74,3.21566,205.3741,0,False,True,True,180,0.703125
EPSILON shox * Viewsonic,CounterTerrorist,2287.166,1005.952,147.7458,Incendiary,100,74,1.340228,226.5625,0,False,True,True,181.0547,0.703125
EPSILON shox * Viewsonic,CounterTerrorist,2287.213,1018.949,147.6024,Incendiary,100,74,0.9036593,172.8817,0,False,True,True,181.7578,0.703125
EPSILON shox * Viewsonic,CounterTerrorist,2287.345,1025.315,147.6519,Incendiary,100,74,2.982011,51.70847,0,False,True,True,181.7578,0.3515625
EPSILON shox * Viewsonic,CounterTerrorist,2287.46,1026.028,147.6519,Incendiary,100,74,0,0,0,False,True,True,181.7578,0.3515625
EPSILON shox * Viewsonic,CounterTerrorist,2287.46,1026.028,147.6519,Incendiary,100,74,0,0,0,False,True,True,181.7578,0.3515625
EPSILON shox * Viewsonic,CounterTerrorist,2287.23,1026.022,147.6519,Incendiary,100,74,-18.61902,-0.4718571,0,False,True,True,181.4063,0.3515625
EPSILON shox * Viewsonic,CounterTerrorist,2283.844,1025.941,147.7136,Incendiary,100,74,-81.85189,-1.94408,0,False,True,True,181.4063,0.3515625
EPSILON shox * Viewsonic,CounterTerrorist,2276.756,1025.776,147.9581,Incendiary,100,74,-135.5709,-3.105199,0,False,True,True,181.0547,0.3515625
EPSILON shox * Viewsonic,CounterTerrorist,2266.83,1025.554,148.3743,Incendiary,100,74,-175.1404,-3.849937,0,False,True,True,181.0547,0.3515625
EPSILON shox * Viewsonic,CounterTerrorist,2255.196,1024.795,148.8679,AK47,100,74,-177.9284,-32.67083,0,False,True,True,181.0547,0.3515625
EPSILON shox * Viewsonic,CounterTerrorist,2245.839,1020.643,149.3966,AK47,100,74,-129.9323,-90.1348,0,False,True,True,181.0547,0.703125
EPSILON shox * Viewsonic,CounterTerrorist,2239.014,1013.396,149.9138,Flash,100,74,-94.62244,-136.2531,0,False,True,True,180.7031,1.054688
EPSILON shox * Viewsonic,CounterTerrorist,2234.018,1003.433,150.3237,Flash,100,74,-70.17489,-175.6512,0,False,True,True,178.5938,2.109375
EPSILON shox * Viewsonic,CounterTerrorist,2230.186,991.4222,150.6459,AK47,100,74,-55.18604,-202.0171,0,False,True,True,177.1875,2.8125
EPSILON shox * Viewsonic,CounterTerrorist,2227.164,978.405,150.9234,AK47,100,74,-43.13538,-210.6284,0,False,True,True,177.1875,2.8125
EPSILON shox * Viewsonic,CounterTerrorist,2224.809,965.1765,151.1602,AK47,100,74,-34.65905,-212.188,0,False,True,True,172.9688,3.164063
EPSILON shox * Viewsonic,CounterTerrorist,2222.306,952.3515,151.4035,AK47,100,74,-39.96682,-187.4958,0,False,True,True,125.5078,4.570313
EPSILON shox * Viewsonic,CounterTerrorist,2221.611,942.7142,151.5114,AK47,100,74,21.20298,-131.8947,0,False,True,True,88.24219,5.273438
EPSILON shox * Viewsonic,CounterTerrorist,2225.132,935.4126,151.3367,AK47,100,74,80.78022,-107.7615,0,False,True,True,78.04688,4.570313
EPSILON shox * Viewsonic,CounterTerrorist,2230.747,929.4326,151.0207,AK47,100,74,81.45189,-84.05587,0,False,True,True,78.04688,4.570313
EPSILON shox * Viewsonic,CounterTerrorist,2233.246,925.3829,150.8892,AK47,100,74,11.14128,-50.49756,0,False,True,True,78.39844,4.921875
EPSILON shox * Viewsonic,CounterTerrorist,2233.771,922.9992,150.8717,AK47,100,74,6.293687,-28.52597,0,False,True,True,78.39844,4.921875
EPSILON shox * Viewsonic,CounterTerrorist,2233.994,921.9887,150.8643,AK47,100,74,1.446094,-6.554383,0,False,True,True,79.80469,4.921875
EPSILON shox * Viewsonic,CounterTerrorist,2234.003,921.9507,150.864,AK47,100,74,0,0,0,False,True,True,100.5469,6.679688
EPSILON shox * Viewsonic,CounterTerrorist,2234.003,921.9507,150.864,AK47,100,74,0,0,0,False,True,True,148.3594,4.921875
EPSILON shox * Viewsonic,CounterTerrorist,2233.17,922.2444,150.9147,AK47,100,74,-33.757,11.86367,0,False,True,True,160.6641,1.40625
EPSILON shox * Viewsonic,CounterTerrorist,2230.061,924.4091,151.0973,AK47,100,74,-56.68129,57.95648,0,False,True,True,160.6641,1.40625
EPSILON shox * Viewsonic,CounterTerrorist,2226.015,929.6572,151.3189,AK47,100,74,-70.40511,102.2319,0,False,True,True,160.6641,1.40625
EPSILON shox * Viewsonic,CounterTerrorist,2221.244,937.2447,151.5708,AK47,100,74,-80.45702,134.8703,0,False,True,True,160.6641,1.40625
EPSILON shox * Viewsonic,CounterTerrorist,2215.884,946.5258,151.8489,AK47,100,74,-90.77679,157.3586,0,False,True,True,167.6953,0.703125
EPSILON shox * Viewsonic,CounterTerrorist,2209.593,956.7445,152.1797,AK47,100,74,-109.2897,166.4128,0,False,True,True,179.2969,0.3515625
EPSILON shox * Viewsonic,CounterTerrorist,2203.398,967.8097,152.4988,AK47,100,74,-87.51736,186.5084,0,False,True,True,182.1094,0
EPSILON shox * Viewsonic,CounterTerrorist,2198.684,980.087,152.7161,AK47,100,74,-66.94025,203.4079,0,False,True,True,182.1094,0
EPSILON shox * Viewsonic,CounterTerrorist,2195.117,993.0389,152.8562,AK47,100,74,-49.97646,209.1109,0,False,True,True,182.1094,0
EPSILON shox * Viewsonic,CounterTerrorist,2192.397,1006.193,152.9414,AK47,100,74,-44.37109,209.913,0,False,True,True,182.1094,0
EPSILON shox * Viewsonic,CounterTerrorist,2191.85,1018.932,152.836,AK47,100,74,-13.53348,199.5531,0,False,True,True,182.1094,0
EPSILON shox * Viewsonic,CounterTerrorist,2189.356,1031.124,152.0441,AK47,100,74,-58.43528,191.8994,0,False,True,True,182.1094,0
EPSILON shox * Viewsonic,CounterTerrorist,2184.488,1042.909,151.0313,AK47,100,74,-91.53844,186.2292,0,False,True,True,182.1094,0
EPSILON shox * Viewsonic,CounterTerrorist,2177.875,1054.39,149.7403,AK47,100,74,-115.5033,181.3394,0,False,True,True,182.4609,0
EPSILON shox * Viewsonic,CounterTerrorist,2169.67,1064.388,148.5698,AK47,100,74,-145.8361,135.0723,0,False,True,True,194.7656,2.8125
EPSILON shox * Viewsonic,CounterTerrorist,2160.138,1070.018,148.0642,AK47,100,74,-152.9395,53.83983,0,False,True,True,248.9063,3.164063
EPSILON shox * Viewsonic,CounterTerrorist,2150.023,1071.55,148.0279,AK47,100,74,-166.7033,1.902441,0,False,True,True,264.0234,3.515625
EPSILON shox * Viewsonic,CounterTerrorist,2139.353,1070.129,148.3231,AK47,100,74,-175.1438,-34.92853,0,False,True,True,266.1328,3.515625
EPSILON shox * Viewsonic,CounterTerrorist,2127.679,1068.433,148.6431,AK47,100,74,-194.9727,-21.93287,0,False,True,True,267.5391,3.515625
EPSILON shox * Viewsonic,CounterTerrorist,2115.604,1065.619,149.0794,AK47,100,74,-191.9063,-61.25389,0,False,True,True,267.8906,3.164063
EPSILON shox * Viewsonic,CounterTerrorist,2103.693,1060.727,149.72,AK47,100,74,-189.654,-90.20942,0,False,True,True,267.8906,3.164063
EPSILON shox * Viewsonic,CounterTerrorist,2091.903,1054.428,150.4989,AK47,100,74,-187.5941,-105.0403,0,False,True,True,255.9375,2.8125
EPSILON shox * Viewsonic,CounterTerrorist,2079.926,1048.349,151.3752,AK47,100,74,-195.286,-89.93532,0,False,True,True,214.4531,4.21875
EPSILON shox * Viewsonic,CounterTerrorist,2067.628,1042.94,152.6508,AK47,100,74,-199.8296,-79.3292,0,False,True,True,184.2188,2.109375
EPSILON shox * Viewsonic,CounterTerrorist,2054.963,1038.456,153.7988,AK47,100,74,-200.6396,-77.25759,0,False,True,True,180.7031,1.054688
EPSILON shox * Viewsonic,CounterTerrorist,2042.828,1032.705,155.1204,AK47,100,74,-189.2261,-102.071,0,False,True,True,180.7031,1.054688
EPSILON shox * Viewsonic,CounterTerrorist,2031.276,1025.844,156.5631,AK47,100,74,-186.5287,-106.9206,0,False,True,True,180.7031,1.054688
EPSILON shox * Viewsonic,CounterTerrorist,2019.25,1020.692,157.3481,AK47,100,74,-192.4045,-53.91383,0,False,True,True,180.7031,1.054688
EPSILON shox * Viewsonic,CounterTerrorist,2007.346,1019.535,157.5233,AK47,100,74,-189.0996,6.349058,0,False,True,True,180.7031,1.054688
EPSILON shox * Viewsonic,CounterTerrorist,1995.624,1021.569,157.1803,AK47,100,74,-186.3973,51.00993,0,False,True,True,180.3516,1.054688
EPSILON shox * Viewsonic,CounterTerrorist,1984.062,1025.98,156.418,AK47,100,74,-183.9602,84.35517,0,False,True,True,179.6484,1.054688
EPSILON shox * Viewsonic,CounterTerrorist,1972.324,1031.416,155.4981,AK47,100,74,-194.9585,78.17083,0,False,True,True,179.6484,1.054688
EPSILON shox * Viewsonic,CounterTerrorist,1959.633,1035.542,154.7704,AK47,100,74,-207.2853,57.07731,0,False,True,True,179.6484,1.054688
EPSILON shox * Viewsonic,CounterTerrorist,1946.529,1038.5,154.2174,AK47,100,74,-211.1452,40.53012,0,False,True,True,179.6484,1.054688
EPSILON shox * Viewsonic,CounterTerrorist,1933.257,1040.597,153.7943,AK47,100,74,-213.0752,28.70497,0,False,True,True,179.6484,1.054688
EPSILON shox * Viewsonic,CounterTerrorist,1919.961,1041.662,153.4366,AK47,100,74,-210.0866,-2.203357,0,False,True,True,180,1.054688
EPSILON shox * Viewsonic,CounterTerrorist,1907.108,1040.033,153.3814,AK47,100,74,-204.0539,-28.70829,0,False,True,True,180,1.054688
EPSILON shox * Viewsonic,CounterTerrorist,1894.627,1040.246,152.9777,AK47,100,74,-196.6013,25.99849,0,False,True,True,179.6484,1.40625
EPSILON shox * Viewsonic,CounterTerrorist,1882.523,1043.333,151.9794,AK47,100,74,-191.8021,65.60282,0,False,True,True,181.0547,1.757813
EPSILON shox * Viewsonic,CounterTerrorist,1870.644,1048.484,150.5603,AK47,100,74,-188.8239,94.20636,0,False,True,True,181.0547,2.109375
EPSILON shox * Viewsonic,CounterTerrorist,1860.626,1055.886,148.7303,AK47,100,74,-140.2648,135.4581,0,False,True,True,181.0547,2.109375
EPSILON shox * Viewsonic,CounterTerrorist,1853.173,1065.468,146.5253,AK47,100,74,-104.4983,165.8424,0,False,True,True,181.0547,2.109375
EPSILON shox * Viewsonic,CounterTerrorist,1846.961,1076.4,145.1085,AK47,100,74,-106.7031,176.4402,0,False,True,True,181.0547,2.109375
EPSILON shox * Viewsonic,CounterTerrorist,1839.584,1087.394,144.9776,AK47,100,74,-125.402,174.6406,0,False,True,True,181.0547,2.109375
EPSILON shox * Viewsonic,CounterTerrorist,1830.994,1098.564,144.8634,Flash,100,74,-145.0031,182.4304,0,False,True,True,176.1328,2.460938
EPSILON shox * Viewsonic,CounterTerrorist,1821.789,1110.473,144.7425,Flash,100,74,-145.4904,197.1231,0,False,True,True,160.6641,4.21875
EPSILON shox * Viewsonic,CounterTerrorist,1813.384,1123.264,145.6369,Flash,100,74,-124.0486,211.2746,0,False,True,True,145.1953,7.03125
EPSILON shox * Viewsonic,CounterTerrorist,1806.618,1136.988,146.8534,Flash,100,74,-95.33044,225.6925,0,False,True,True,136.0547,9.492188
EPSILON shox * Viewsonic,CounterTerrorist,1801.966,1151.547,148.0139,Flash,100,74,-55.08042,237.918,0,False,True,True,113.2031,10.19531
EPSILON shox * Viewsonic,CounterTerrorist,1798.57,1166.477,149.1804,Flash,100,74,-49.4276,239.9623,0,False,True,True,90.70313,11.60156
EPSILON shox * Viewsonic,CounterTerrorist,1795.821,1181.529,151.3492,Flash,100,74,-50.56759,238.9299,0,False,True,True,90.35156,11.60156
EPSILON shox * Viewsonic,CounterTerrorist,1790.385,1194.131,153.3132,Flash,100,74,-112.545,175.447,0,False,True,True,90.35156,11.60156
EPSILON shox * Viewsonic,CounterTerrorist,1781.676,1203.436,154.8145,Flash,100,74,-158.025,132.2887,0,False,True,True,81.91406,10.54688
EPSILON shox * Viewsonic,CounterTerrorist,1770.729,1210.244,155.9695,Flash,100,74,-186.1092,81.77444,0,False,True,True,68.90625,10.19531
EPSILON shox * Viewsonic,CounterTerrorist,1759.836,1212.011,156.385,Flash,100,74,-166.5749,-9.043416,0,False,True,True,65.74219,9.492188
EPSILON shox * Viewsonic,CounterTerrorist,1750.346,1210.633,156.3402,Flash,100,74,-148.6093,-12.5874,0,False,True,True,63.98437,9.140625
EPSILON shox * Viewsonic,CounterTerrorist,1740.016,1211.191,156.5863,Flash,100,74,-176.9592,24.10477,0,False,True,True,63.63281,9.140625
EPSILON shox * Viewsonic,CounterTerrorist,1728.43,1213.575,157.1119,AK47,100,74,-190.4313,47.57835,0,False,True,True,63.63281,9.140625
EPSILON shox * Viewsonic,CounterTerrorist,1716.198,1217.169,157.8225,AK47,100,74,-199.4254,64.48005,0,False,True,True,63.63281,9.140625
EPSILON shox * Viewsonic,CounterTerrorist,1703.584,1221.622,158.5316,AK47,100,74,-201.4118,75.2216,0,False,True,True,63.63281,9.140625
EPSILON shox * Viewsonic,CounterTerrorist,1691.082,1226.546,159.2433,AK47,100,74,-199.0796,81.19315,0,False,True,True,63.63281,9.140625
EPSILON shox * Viewsonic,CounterTerrorist,1678.568,1227.969,159.4489,AK47,100,74,-202.935,0,0,False,True,True,63.63281,9.140625
EPSILON shox * Viewsonic,CounterTerrorist,1665.655,1227.999,159.4489,AK47,100,74,-209.6462,0,0,False,True,True,68.90625,8.789063
EPSILON shox * Viewsonic,CounterTerrorist,1652.943,1227.999,159.4489,AK47,100,74,-201.0802,0,0,False,True,True,106.875,11.60156
EPSILON shox * Viewsonic,CounterTerrorist,1639.969,1227.793,159.4236,AK47,100,74,-212.1925,-6.302423,0,False,True,True,180.3516,9.492188
EPSILON shox * Viewsonic,CounterTerrorist,1626.592,1226.73,159.2699,AK47,100,74,-213.1532,-28.11976,0,False,True,True,206.3672,3.867188
EPSILON shox * Viewsonic,CounterTerrorist,1613.398,1224.21,158.9057,AK47,100,74,-209.4037,-48.7347,0,False,True,True,206.3672,3.867188
EPSILON shox * Viewsonic,CounterTerrorist,1600.448,1220.634,158.3888,AK47,100,74,-205.5476,-63.04914,0,False,True,True,206.3672,3.867188
EPSILON shox * Viewsonic,CounterTerrorist,1587.754,1216.286,157.8154,AK47,100,74,-198.0265,-78.12045,0,False,True,True,206.3672,3.867188
EPSILON shox * Viewsonic,CounterTerrorist,1576.5,1209.928,157.3208,AK47,100,74,-172.9823,-110.3775,0,False,True,True,220.0781,4.21875
EPSILON shox * Viewsonic,CounterTerrorist,1565.045,1203.558,156.8278,AK47,100,74,-187.9179,-103.6623,0,False,True,True,261.9141,2.8125
EPSILON shox * Viewsonic,CounterTerrorist,1553.579,1196.558,156.2688,AK47,100,74,-179.6661,-118.0893,0,False,True,True,269.2969,1.40625
EPSILON shox * Viewsonic,CounterTerrorist,1541.683,1190.353,156.1978,AK47,100,74,-197.1459,-85.78171,0,False,True,True,269.2969,1.40625
EPSILON shox * Viewsonic,CounterTerrorist,1529.011,1185.906,156.4152,AK47,95,72,-206.2136,-60.83527,0,False,True,True,269.2969,1.40625
EPSILON shox * Viewsonic,CounterTerrorist,1515.947,1182.778,156.793,AK47,95,72,-210.7501,-42.53704,0,False,True,True,269.6484,1.40625
EPSILON shox * Viewsonic,CounterTerrorist,1502.696,1180.556,157.2122,AK47,95,72,-212.6957,-31.3936,0,False,True,True,273.1641,1.40625
EPSILON shox * Viewsonic,CounterTerrorist,1489.383,1178.728,157.118,AK47,95,72,-213.1337,-28.26683,0,False,True,True,275.9766,1.054688
EPSILON shox * Viewsonic,CounterTerrorist,1476.058,1176.993,157.5277,AK47,90,70,-213.2098,-27.68711,0,False,True,True,277.7344,1.054688
EPSILON shox * Viewsonic,CounterTerrorist,1462.739,1175.22,158.3602,AK47,90,70,-213.0345,-29.005,0,False,True,True,278.7891,0.703125
EPSILON shox * Viewsonic,CounterTerrorist,1449.431,1173.353,159.1918,AK47,90,70,-212.8141,-30.58027,0,False,True,True,279.4922,1.054688
EPSILON shox * Viewsonic,CounterTerrorist,1436.139,1171.385,160.0226,AK47,85,68,-212.5792,-32.17276,0,False,True,True,279.8438,1.054688
EPSILON shox * Viewsonic,CounterTerrorist,1422.86,1169.324,160.3505,AK47,85,68,-212.3667,-33.54702,0,False,True,True,279.8438,1.054688
EPSILON shox * Viewsonic,CounterTerrorist,1409.668,1166.95,160.4184,AK47,85,68,-206.5401,-50.78529,0,False,True,True,279.8438,1.054688
EPSILON shox * Viewsonic,CounterTerrorist,1397.197,1162.547,160.2415,AK47,80,66,-200.9884,-74.45448,0,False,True,True,280.8984,1.054688
EPSILON shox * Viewsonic,CounterTerrorist,1384.472,1158.233,160.0728,AK47,80,66,-204.8574,-65.25668,0,False,True,True,281.9531,1.40625
EPSILON shox * Viewsonic,CounterTerrorist,1371.563,1155.03,160.0293,AK47,80,66,-207.4385,-30.29401,0,False,True,True,281.9531,1.40625
EPSILON shox * Viewsonic,CounterTerrorist,1368.031,1154.809,160.2752,AK47,75,64,0,10.98488,0,False,True,True,281.6016,1.757813
EPSILON shox * Viewsonic,CounterTerrorist,1368.031,1156.182,160.2625,AK47,75,64,0,30.72321,0,False,True,True,280.1953,2.460938
EPSILON shox * Viewsonic,CounterTerrorist,1368.628,1159.194,160.2833,AK47,75,64,24.86396,65.00076,0,False,True,True,278.7891,3.164063
EPSILON shox * Viewsonic,CounterTerrorist,1370.914,1163.806,160.5685,AK47,41,59,45.08419,72.12843,0,False,True,True,281.6016,3.164063
EPSILON shox * Viewsonic,CounterTerrorist,1374.099,1167.375,160.7759,AK47,36,57,28.52227,41.49594,0,False,True,True,291.4453,2.8125
EPSILON shox * Viewsonic,CounterTerrorist,1373.524,1168.368,160.8156,AK47,9,53,-24.74548,1.857811,0,True,True,True,291.4453,2.8125
EPSILON shox * Viewsonic,CounterTerrorist,1372.551,1168.379,160.8313,AK47,9,53,-5.715912,0.06471452,0,True,True,True,291.0938,2.8125
EPSILON shox * Viewsonic,CounterTerrorist,1372.528,1168.379,160.8313,AK47,4,51,0,0,0,True,True,True,290.3906,3.164063
EPSILON shox * Viewsonic,CounterTerrorist,1372.528,1168.379,160.8313,AK47,4,51,0,0,0,False,True,True,291.4453,4.570313
