Name,Team,Position.X,Position.Y,Position.Z,ActiveWeapon,HP,Armour,Velocity.X,Velocity.Y,Velocity.Z,IsDucking,HasHelmet,HasDefuseKit,ViewDirectionX,ViewDirectionY,Map = de_inferno
EPSILON GMX * Nike,CounterTerrorist,2480,2112,127.0546,USP,100,0,0,0,0,False,False,False,84.02344,18.98438
EPSILON GMX * Nike,CounterTerrorist,2480,2112,126.7755,USP,100,0,0,0,0,False,False,False,84.02344,18.98438
EPSILON GMX * Nike,CounterTerrorist,2480,2112,126.7755,USP,100,0,0,0,0,False,False,False,84.02344,18.98438
EPSILON GMX * Nike,CounterTerrorist,2480,2112,126.7755,USP,100,0,0,0,0,False,False,False,84.02344,18.98438
EPSILON GMX * Nike,CounterTerrorist,2480,2112,126.7755,USP,100,0,0,0,0,False,False,False,207.4219,0
EPSILON GMX * Nike,CounterTerrorist,2480,2112,126.7755,USP,100,0,0,0,0,False,False,False,207.4219,0
EPSILON GMX * Nike,CounterTerrorist,2480,2112,126.7755,USP,100,0,0,0,0,False,False,False,207.4219,0
EPSILON GMX * Nike,CounterTerrorist,2480,2112,126.7755,USP,100,0,0,0,0,False,False,False,207.4219,0
EPSILON GMX * Nike,CounterTerrorist,2480,2112,126.7755,USP,100,0,0,0,0,False,False,False,207.4219,0
EPSILON GMX * Nike,CounterTerrorist,2480,2112,126.7755,USP,100,0,0,0,0,False,False,False,207.4219,0
EPSILON GMX * Nike,CounterTerrorist,2480,2112,126.7755,USP,100,0,0,0,0,False,False,False,207.4219,0
EPSILON GMX * Nike,CounterTerrorist,2480,2112,126.7755,USP,100,0,0,0,0,False,False,False,207.4219,0
EPSILON GMX * Nike,CounterTerrorist,2480,2112,126.7755,USP,100,0,0,0,0,False,False,False,207.4219,0
EPSILON GMX * Nike,CounterTerrorist,2480,2112,126.7755,USP,100,0,0,0,0,False,False,False,207.4219,0
EPSILON GMX * Nike,CounterTerrorist,2480,2112,126.7755,USP,100,0,0,0,0,False,False,False,207.4219,0
EPSILON GMX * Nike,CounterTerrorist,2480,2112,126.7755,USP,100,0,0,0,0,False,False,False,207.4219,0
EPSILON GMX * Nike,CounterTerrorist,2480,2112,126.7755,USP,100,0,0,0,0,False,False,False,207.4219,0
EPSILON GMX * Nike,CounterTerrorist,2480,2112,126.7755,USP,100,0,0,0,0,False,False,False,207.4219,0
EPSILON GMX * Nike,CounterTerrorist,2480,2112,126.7755,USP,100,0,0,0,0,False,False,False,207.4219,0
EPSILON GMX * Nike,CounterTerrorist,2480,2112,126.7755,USP,100,0,0,0,0,False,False,False,207.4219,0
EPSILON GMX * Nike,CounterTerrorist,2480,2112,126.7755,USP,100,0,0,0,0,False,False,False,207.4219,0
EPSILON GMX * Nike,CounterTerrorist,2480,2112,126.7755,USP,100,0,0,0,0,False,False,False,207.4219,0
EPSILON GMX * Nike,CounterTerrorist,2480,2112,126.7755,USP,100,0,0,0,0,False,False,False,207.4219,0
EPSILON GMX * Nike,CounterTerrorist,2480,2112,126.7755,USP,100,0,0,0,0,False,False,False,207.4219,0
EPSILON GMX * Nike,CounterTerrorist,2480,2112,126.7755,USP,100,0,0,0,0,False,False,False,207.4219,0
EPSILON GMX * Nike,CounterTerrorist,2480,2112,126.7755,USP,100,0,0,0,0,False,False,False,207.4219,0
EPSILON GMX * Nike,CounterTerrorist,2480,2112,126.7755,USP,100,0,0,0,0,False,False,False,207.4219,0
EPSILON GMX * Nike,CounterTerrorist,2480,2112,126.7755,USP,100,0,0,0,0,False,False,False,207.4219,0
EPSILON GMX * Nike,CounterTerrorist,2480,2112,126.7755,USP,100,0,0,0,0,False,False,False,207.4219,0
EPSILON GMX * Nike,CounterTerrorist,2480,2112,126.7755,USP,100,0,0,0,0,False,False,False,207.4219,0
EPSILON GMX * Nike,CounterTerrorist,2480,2112,126.7755,USP,100,0,0,0,0,False,False,False,207.4219,0
EPSILON GMX * Nike,CounterTerrorist,2480,2112,126.7755,USP,100,0,0,0,0,False,False,False,207.4219,0
EPSILON GMX * Nike,CounterTerrorist,2480,2112,126.7755,USP,100,0,0,0,0,False,False,False,207.4219,0
EPSILON GMX * Nike,CounterTerrorist,2480,2112,126.7755,USP,100,0,0,0,0,False,False,False,207.4219,0
EPSILON GMX * Nike,CounterTerrorist,2480,2112,126.7755,USP,100,0,0,0,0,False,False,False,207.4219,0
EPSILON GMX * Nike,CounterTerrorist,2480,2112,126.7755,USP,100,0,0,0,0,False,False,False,207.4219,0
EPSILON GMX * Nike,CounterTerrorist,2480,2112,126.7755,USP,100,0,0,0,0,False,False,False,207.4219,0
EPSILON GMX * Nike,CounterTerrorist,2480,2112,126.7755,USP,100,0,0,0,0,False,False,False,207.4219,0
EPSILON GMX * Nike,CounterTerrorist,2480,2112,126.7755,USP,100,0,0,0,0,False,False,False,207.4219,0
EPSILON GMX * Nike,CounterTerrorist,2480,2112,126.7755,USP,100,0,0,0,0,False,False,False,207.4219,0
EPSILON GMX * Nike,CounterTerrorist,2480,2112,126.7755,USP,100,0,0,0,0,False,False,False,207.4219,0
EPSILON GMX * Nike,CounterTerrorist,2480,2112,126.7755,USP,100,0,0,0,0,False,False,False,207.4219,0
EPSILON GMX * Nike,CounterTerrorist,2480,2112,126.7755,USP,100,0,0,0,0,False,False,False,207.4219,0
EPSILON GMX * Nike,CounterTerrorist,2480,2112,126.7755,USP,100,0,0,0,0,False,False,False,207.4219,0
EPSILON GMX * Nike,CounterTerrorist,2480,2112,126.7755,USP,100,0,0,0,0,False,False,False,207.4219,0
EPSILON GMX * Nike,CounterTerrorist,2480,2112,126.7755,USP,100,0,0,0,0,False,False,False,207.4219,0
EPSILON GMX * Nike,CounterTerrorist,2480,2112,126.7755,USP,100,0,0,0,0,False,False,False,207.4219,0
EPSILON GMX * Nike,CounterTerrorist,2480,2112,126.7755,USP,100,0,0,0,0,False,False,False,207.4219,0
EPSILON GMX * Nike,CounterTerrorist,2480,2112,126.7755,USP,100,0,0,0,0,False,False,False,207.4219,0
EPSILON GMX * Nike,CounterTerrorist,2480,2112,126.7755,USP,100,0,0,0,0,False,False,False,207.4219,0
EPSILON GMX * Nike,CounterTerrorist,2480,2112,126.7755,USP,100,0,0,0,0,False,False,False,207.4219,0
EPSILON GMX * Nike,CounterTerrorist,2480,2112,126.7755,USP,100,0,0,0,0,False,False,False,207.4219,0
EPSILON GMX * Nike,CounterTerrorist,2480,2112,126.7755,USP,100,0,0,0,0,False,False,False,207.4219,0
EPSILON GMX * Nike,CounterTerrorist,2480,2112,126.7755,USP,100,0,0,0,0,False,False,False,207.4219,0
EPSILON GMX * Nike,CounterTerrorist,2480,2112,126.7755,USP,100,0,0,0,0,False,False,False,207.4219,0
EPSILON GMX * Nike,CounterTerrorist,2480,2112,126.7755,USP,100,0,0,0,0,False,False,False,207.4219,0
EPSILON GMX * Nike,CounterTerrorist,2480,2112,126.7755,USP,100,0,0,0,0,False,False,False,207.4219,0
EPSILON GMX * Nike,CounterTerrorist,2480,2112,126.7755,USP,100,0,0,0,0,False,False,False,207.4219,0
EPSILON GMX * Nike,CounterTerrorist,2480,2112,126.7755,USP,100,0,0,0,0,False,False,False,207.4219,0
EPSILON GMX * Nike,CounterTerrorist,2480,2112,126.7755,USP,100,0,0,0,0,False,False,False,207.4219,0
EPSILON GMX * Nike,CounterTerrorist,2480,2112,126.7755,USP,100,0,0,0,0,False,False,False,207.4219,0
EPSILON GMX * Nike,CounterTerrorist,2480,2112,126.7755,USP,100,0,0,0,0,False,False,False,207.4219,0
EPSILON GMX * Nike,CounterTerrorist,2480,2112,126.7755,USP,100,0,0,0,0,False,False,False,207.4219,0
EPSILON GMX * Nike,CounterTerrorist,2480,2112,126.7755,USP,100,0,0,0,0,False,False,False,207.4219,0
EPSILON GMX * Nike,CounterTerrorist,2480,2112,126.7755,USP,100,0,0,0,0,False,False,False,207.4219,0
EPSILON GMX * Nike,CounterTerrorist,2480,2112,126.7755,USP,100,0,0,0,0,False,False,False,207.4219,0
EPSILON GMX * Nike,CounterTerrorist,2480,2112,126.7755,USP,100,0,0,0,0,False,False,False,207.4219,0
EPSILON GMX * Nike,CounterTerrorist,2480,2112,126.7755,USP,100,0,0,0,0,False,False,False,207.4219,0
EPSILON GMX * Nike,CounterTerrorist,2480,2112,126.7755,USP,100,0,0,0,0,False,False,False,207.4219,0
EPSILON GMX * Nike,CounterTerrorist,2480,2112,126.7755,USP,100,0,0,0,0,False,False,False,207.4219,0
EPSILON GMX * Nike,CounterTerrorist,2480,2112,126.7755,USP,100,0,0,0,0,False,False,False,207.4219,0
EPSILON GMX * Nike,CounterTerrorist,2480,2112,126.7755,USP,100,0,0,0,0,False,False,False,207.4219,0
EPSILON GMX * Nike,CounterTerrorist,2480,2112,126.7755,USP,100,0,0,0,0,False,False,False,207.4219,0
EPSILON GMX * Nike,CounterTerrorist,2480,2112,126.7755,USP,100,0,0,0,0,False,False,False,207.4219,0
EPSILON GMX * Nike,CounterTerrorist,2480,2112,126.7755,USP,100,0,0,0,0,False,False,False,207.4219,0
EPSILON GMX * Nike,CounterTerrorist,2480,2112,126.7755,USP,100,0,0,0,0,False,False,False,207.4219,0
EPSILON GMX * Nike,CounterTerrorist,2480,2112,126.7755,USP,100,0,0,0,0,False,False,False,207.4219,0
EPSILON GMX * Nike,CounterTerrorist,2480,2112,126.7755,USP,100,0,0,0,0,False,False,False,207.4219,0
EPSILON GMX * Nike,CounterTerrorist,2480,2112,126.7755,USP,100,0,0,0,0,False,False,False,207.4219,0
EPSILON GMX * Nike,CounterTerrorist,2480,2112,126.7755,USP,100,0,0,0,0,False,False,False,207.4219,0
EPSILON GMX * Nike,CounterTerrorist,2480,2112,126.7755,USP,100,0,0,0,0,False,False,False,207.4219,0
EPSILON GMX * Nike,CounterTerrorist,2480,2112,126.7755,USP,100,0,0,0,0,False,False,False,207.4219,0
EPSILON GMX * Nike,CounterTerrorist,2480,2112,126.7755,USP,100,0,0,0,0,False,False,False,207.4219,0
EPSILON GMX * Nike,CounterTerrorist,2480,2112,126.7755,USP,100,0,0,0,0,False,False,False,207.4219,0
EPSILON GMX * Nike,CounterTerrorist,2480,2112,126.7755,USP,100,0,0,0,0,False,False,False,207.4219,0
EPSILON GMX * Nike,CounterTerrorist,2480,2112,126.7755,USP,100,0,0,0,0,False,False,False,207.4219,0
EPSILON GMX * Nike,CounterTerrorist,2480,2112,126.7755,USP,100,0,0,0,0,False,False,False,207.4219,0
EPSILON GMX * Nike,CounterTerrorist,2480,2112,126.7755,USP,100,0,0,0,0,False,False,False,207.4219,0
EPSILON GMX * Nike,CounterTerrorist,2480,2112,126.7755,USP,100,0,0,0,0,False,False,False,207.4219,0
EPSILON GMX * Nike,CounterTerrorist,2480,2112,126.7755,USP,100,0,0,0,0,False,False,False,207.4219,0
EPSILON GMX * Nike,CounterTerrorist,2480,2112,126.7755,USP,100,0,0,0,0,False,False,False,207.4219,0
EPSILON GMX * Nike,CounterTerrorist,2480,2112,126.7755,USP,100,0,0,0,0,False,False,False,207.4219,0
EPSILON GMX * Nike,CounterTerrorist,2480,2112,126.7755,USP,100,0,0,0,0,False,False,False,207.4219,0
EPSILON GMX * Nike,CounterTerrorist,2480,2112,126.7755,USP,100,0,0,0,0,False,False,False,207.4219,0
EPSILON GMX * Nike,CounterTerrorist,2480,2112,126.7755,USP,100,0,0,0,0,False,False,False,207.4219,0
EPSILON GMX * Nike,CounterTerrorist,2480,2112,126.7755,USP,100,0,0,0,0,False,False,False,207.4219,0
EPSILON GMX * Nike,CounterTerrorist,2480,2112,126.7755,USP,100,0,0,0,0,False,False,False,207.4219,0
EPSILON GMX * Nike,CounterTerrorist,2480,2112,126.7755,USP,100,0,0,0,0,False,False,False,207.4219,0
EPSILON GMX * Nike,CounterTerrorist,2480,2112,126.7755,USP,100,0,0,0,0,False,False,False,207.4219,0
EPSILON GMX * Nike,CounterTerrorist,2480,2112,126.7755,USP,100,0,0,0,0,False,False,False,207.4219,0
EPSILON GMX * Nike,CounterTerrorist,2480,2112,126.7755,USP,100,0,0,0,0,False,False,False,207.4219,0
EPSILON GMX * Nike,CounterTerrorist,2480,2112,126.7755,USP,100,0,0,0,0,False,False,False,207.4219,0
EPSILON GMX * Nike,CounterTerrorist,2480,2112,126.7755,USP,100,0,0,0,0,False,False,False,207.4219,0
EPSILON GMX * Nike,CounterTerrorist,2480,2112,126.7755,USP,100,0,0,0,0,False,False,False,207.4219,0
EPSILON GMX * Nike,CounterTerrorist,2480,2112,126.7755,USP,100,0,0,0,0,False,False,False,207.4219,0
EPSILON GMX * Nike,CounterTerrorist,2480,2112,126.7755,USP,100,0,0,0,0,False,False,False,207.4219,0
EPSILON GMX * Nike,CounterTerrorist,2480,2112,126.7755,USP,100,0,0,0,0,False,False,False,207.4219,0
EPSILON GMX * Nike,CounterTerrorist,2480,2112,126.7755,USP,100,0,0,0,0,False,False,False,207.4219,0
EPSILON GMX * Nike,CounterTerrorist,2480,2112,126.7755,USP,100,0,0,0,0,False,False,False,207.4219,0
EPSILON GMX * Nike,CounterTerrorist,2480,2112,126.7755,USP,100,0,0,0,0,False,False,False,207.4219,0
EPSILON GMX * Nike,CounterTerrorist,2480,2112,126.7755,USP,100,0,0,0,0,False,False,False,207.4219,0
EPSILON GMX * Nike,CounterTerrorist,2480,2112,126.7755,USP,100,0,0,0,0,False,False,False,207.4219,0
EPSILON GMX * Nike,CounterTerrorist,2480,2112,126.7755,USP,100,0,0,0,0,False,False,False,207.4219,0
EPSILON GMX * Nike,CounterTerrorist,2480,2112,126.7755,USP,100,0,0,0,0,False,False,False,207.4219,0
EPSILON GMX * Nike,CounterTerrorist,2480,2112,126.7755,USP,100,0,0,0,0,False,False,False,207.4219,0
EPSILON GMX * Nike,CounterTerrorist,2480,2112,126.7755,USP,100,0,0,0,0,False,False,False,207.4219,0
EPSILON GMX * Nike,CounterTerrorist,2480,2112,126.7755,USP,100,0,0,0,0,False,False,False,207.4219,0
EPSILON GMX * Nike,CounterTerrorist,2480,2112,126.7755,USP,100,0,0,0,0,False,False,False,207.4219,0
EPSILON GMX * Nike,CounterTerrorist,2480,2112,126.7755,USP,100,0,0,0,0,False,False,False,207.4219,0
EPSILON GMX * Nike,CounterTerrorist,2480,2112,126.7755,USP,100,0,0,0,0,False,False,False,207.4219,0
EPSILON GMX * Nike,CounterTerrorist,2480,2112,126.7755,USP,100,0,0,0,0,False,False,False,207.4219,0
EPSILON GMX * Nike,CounterTerrorist,2480,2112,126.7755,USP,100,0,0,0,0,False,False,False,207.4219,0
EPSILON GMX * Nike,CounterTerrorist,2480,2112,126.7755,USP,100,0,0,0,0,False,False,False,207.4219,0
EPSILON GMX * Nike,CounterTerrorist,2480,2112,126.7755,USP,100,0,0,0,0,False,False,False,207.4219,0
EPSILON GMX * Nike,CounterTerrorist,2480,2112,126.7755,USP,100,0,0,0,0,False,False,False,207.4219,0
EPSILON GMX * Nike,CounterTerrorist,2480,2112,126.7755,USP,100,0,0,0,0,False,False,False,207.4219,0
EPSILON GMX * Nike,CounterTerrorist,2480,2112,126.7755,USP,100,0,0,0,0,False,False,False,207.4219,0
EPSILON GMX * Nike,CounterTerrorist,2480,2112,126.7755,USP,100,0,0,0,0,False,False,False,207.4219,0
EPSILON GMX * Nike,CounterTerrorist,2480,2112,126.7755,USP,100,0,0,0,0,False,False,False,207.4219,0
EPSILON GMX * Nike,CounterTerrorist,2480,2112,126.7755,USP,100,0,0,0,0,False,False,False,207.4219,0
EPSILON GMX * Nike,CounterTerrorist,2480,2112,126.7755,USP,100,0,0,0,0,False,False,False,207.4219,0
EPSILON GMX * Nike,CounterTerrorist,2480,2112,126.7755,USP,100,0,0,0,0,False,False,False,207.4219,0
EPSILON GMX * Nike,CounterTerrorist,2480,2112,126.7755,USP,100,0,0,0,0,False,False,False,207.4219,0
EPSILON GMX * Nike,CounterTerrorist,2480,2112,126.7755,USP,100,0,0,0,0,False,False,False,207.4219,0
EPSILON GMX * Nike,CounterTerrorist,2480,2112,126.7755,USP,100,0,0,0,0,False,False,False,207.4219,0
EPSILON GMX * Nike,CounterTerrorist,2480,2112,126.7755,USP,100,0,0,0,0,False,False,False,207.4219,0
EPSILON GMX * Nike,CounterTerrorist,2480,2112,126.7755,USP,100,0,0,0,0,False,False,False,207.4219,0
EPSILON GMX * Nike,CounterTerrorist,2480,2112,126.7755,USP,100,0,0,0,0,False,False,False,207.4219,0
EPSILON GMX * Nike,CounterTerrorist,2480,2112,126.7755,USP,100,0,0,0,0,False,False,False,207.4219,0
EPSILON GMX * Nike,CounterTerrorist,2480,2112,126.7755,USP,100,0,0,0,0,False,False,False,207.4219,0
EPSILON GMX * Nike,CounterTerrorist,2480,2112,126.7755,USP,100,0,0,0,0,False,False,False,207.4219,0
EPSILON GMX * Nike,CounterTerrorist,2480,2112,126.7755,USP,100,0,0,0,0,False,False,False,207.4219,0
EPSILON GMX * Nike,CounterTerrorist,2480,2112,126.7755,USP,100,0,0,0,0,False,False,False,207.4219,0
EPSILON GMX * Nike,CounterTerrorist,2480,2112,126.7755,USP,100,0,0,0,0,False,False,False,207.4219,0
EPSILON GMX * Nike,CounterTerrorist,2480,2112,126.7755,USP,100,0,0,0,0,False,False,False,207.4219,0
EPSILON GMX * Nike,CounterTerrorist,2480,2112,126.7755,USP,100,0,0,0,0,False,False,False,207.4219,0
EPSILON GMX * Nike,CounterTerrorist,2480,2112,126.7755,USP,100,0,0,0,0,False,False,False,207.4219,0
EPSILON GMX * Nike,CounterTerrorist,2480,2112,126.7755,USP,100,0,0,0,0,False,False,False,207.4219,0
EPSILON GMX * Nike,CounterTerrorist,2480,2112,126.7755,USP,100,0,0,0,0,False,False,False,207.4219,0
EPSILON GMX * Nike,CounterTerrorist,2480,2112,126.7755,USP,100,0,0,0,0,False,False,False,207.4219,0
EPSILON GMX * Nike,CounterTerrorist,2480,2112,126.7755,USP,100,0,0,0,0,False,False,False,207.4219,0
EPSILON GMX * Nike,CounterTerrorist,2480,2112,126.7755,USP,100,0,0,0,0,False,False,False,207.4219,0
EPSILON GMX * Nike,CounterTerrorist,2480,2112,126.7755,USP,100,0,0,0,0,False,False,False,207.4219,0
EPSILON GMX * Nike,CounterTerrorist,2480,2112,126.7755,USP,100,0,0,0,0,False,False,False,207.4219,0
EPSILON GMX * Nike,CounterTerrorist,2480,2112,126.7755,USP,100,0,0,0,0,False,False,False,207.4219,0
EPSILON GMX * Nike,CounterTerrorist,2480,2112,126.7755,USP,100,0,0,0,0,False,False,False,207.4219,0
EPSILON GMX * Nike,CounterTerrorist,2480,2112,126.7755,USP,100,0,0,0,0,False,False,False,207.4219,0
EPSILON GMX * Nike,CounterTerrorist,2480,2112,126.7755,USP,100,0,0,0,0,False,False,False,207.4219,0
EPSILON GMX * Nike,CounterTerrorist,2480,2112,126.7755,USP,100,0,0,0,0,False,False,False,207.4219,0
EPSILON GMX * Nike,CounterTerrorist,2480,2112,126.7755,USP,100,0,0,0,0,False,False,False,207.4219,0
EPSILON GMX * Nike,CounterTerrorist,2480,2112,126.7755,USP,100,0,0,0,0,False,False,False,207.4219,0
EPSILON GMX * Nike,CounterTerrorist,2480,2112,126.7755,USP,100,0,0,0,0,False,False,False,207.4219,0
EPSILON GMX * Nike,CounterTerrorist,2480,2112,126.7755,USP,100,0,0,0,0,False,False,False,207.4219,0
EPSILON GMX * Nike,CounterTerrorist,2480,2112,126.7755,USP,100,0,0,0,0,False,False,False,207.4219,0
EPSILON GMX * Nike,CounterTerrorist,2480,2112,126.7755,USP,100,0,0,0,0,False,False,False,207.4219,0
EPSILON GMX * Nike,CounterTerrorist,2480,2112,126.7755,USP,100,0,0,0,0,False,False,False,207.4219,0
EPSILON GMX * Nike,CounterTerrorist,2480,2112,126.7755,USP,100,0,0,0,0,False,False,False,207.4219,0
EPSILON GMX * Nike,CounterTerrorist,2480,2112,126.7755,USP,100,0,0,0,0,False,False,False,207.4219,0
EPSILON GMX * Nike,CounterTerrorist,2480,2112,126.7755,USP,100,0,0,0,0,False,False,False,207.4219,0
EPSILON GMX * Nike,CounterTerrorist,2480,2112,126.7755,USP,100,0,0,0,0,False,False,False,207.4219,0
EPSILON GMX * Nike,CounterTerrorist,2480,2112,126.7755,USP,100,0,0,0,0,False,False,False,207.4219,0
EPSILON GMX * Nike,CounterTerrorist,2480,2112,126.7755,USP,100,0,0,0,0,False,False,False,207.4219,0
EPSILON GMX * Nike,CounterTerrorist,2480,2112,126.7755,USP,100,0,0,0,0,False,False,False,207.4219,0
EPSILON GMX * Nike,CounterTerrorist,2480,2112,126.7755,Knife,100,0,0,0,0,False,False,False,207.4219,0
EPSILON GMX * Nike,CounterTerrorist,2480,2112,126.7755,Knife,100,0,0,0,0,False,False,False,207.4219,0
EPSILON GMX * Nike,CounterTerrorist,2480,2112,126.7755,Knife,100,0,0,0,0,False,False,False,207.4219,0
EPSILON GMX * Nike,CounterTerrorist,2480,2112,126.7755,Knife,100,0,0,0,0,False,False,False,207.4219,0
EPSILON GMX * Nike,CounterTerrorist,2480,2112,126.7755,Knife,100,0,0,0,0,False,False,False,209.8828,0
EPSILON GMX * Nike,CounterTerrorist,2480,2112,126.7755,Knife,100,0,0,0,0,False,False,False,220.4297,0.703125
EPSILON GMX * Nike,CounterTerrorist,2480,2112,126.7755,Knife,100,0,0,0,0,False,False,False,238.0078,0.3515625
EPSILON GMX * Nike,CounterTerrorist,2480,2112,126.7755,Knife,100,0,0,0,0,False,False,False,249.2578,359.2969
EPSILON GMX * Nike,CounterTerrorist,2480,2112,126.7755,Knife,100,0,0,0,0,False,False,False,256.6406,358.9453
EPSILON GMX * Nike,CounterTerrorist,2480,2112,126.7755,Knife,100,0,0,0,0,False,False,False,260.5078,358.5938
EPSILON GMX * Nike,CounterTerrorist,2480,2112,126.7755,Knife,100,0,0,0,0,False,False,False,261.5625,358.2422
EPSILON GMX * Nike,CounterTerrorist,2480,2112,126.7755,Knife,100,0,0,0,0,False,False,False,261.5625,358.2422
EPSILON GMX * Nike,CounterTerrorist,2480,2112,126.7755,Knife,100,0,0,0,0,False,False,False,261.5625,358.2422
EPSILON GMX * Nike,CounterTerrorist,2480,2112,126.7755,Knife,100,0,0,0,0,False,False,False,261.5625,358.2422
EPSILON GMX * Nike,CounterTerrorist,2480,2112,126.7755,Knife,100,0,0,0,0,False,False,False,261.5625,358.2422
EPSILON GMX * Nike,CounterTerrorist,2480,2112,126.7755,Knife,100,0,0,0,0,False,False,False,261.5625,358.2422
EPSILON GMX * Nike,CounterTerrorist,2480,2112,126.7755,Knife,100,0,0,0,0,False,False,False,261.5625,358.2422
EPSILON GMX * Nike,CounterTerrorist,2480,2112,126.7755,Knife,100,0,0,0,0,False,False,False,261.5625,358.2422
EPSILON GMX * Nike,CounterTerrorist,2480,2112,126.7755,Knife,100,0,0,0,0,False,False,False,261.5625,358.2422
EPSILON GMX * Nike,CounterTerrorist,2480,2112,126.7755,Knife,100,0,0,0,0,False,False,False,261.5625,358.2422
EPSILON GMX * Nike,CounterTerrorist,2480,2112,126.7755,Knife,100,0,0,0,0,False,False,False,261.5625,358.2422
EPSILON GMX * Nike,CounterTerrorist,2480,2112,126.7755,Knife,100,0,0,0,0,False,False,False,261.5625,358.2422
EPSILON GMX * Nike,CounterTerrorist,2480,2112,126.7755,Knife,100,0,0,0,0,False,False,False,261.5625,358.2422
EPSILON GMX * Nike,CounterTerrorist,2480,2112,126.7755,Knife,100,0,0,0,0,False,False,False,261.5625,358.2422
EPSILON GMX * Nike,CounterTerrorist,2480,2112,126.7755,M4A4,100,0,0,0,0,False,False,False,261.5625,358.2422
EPSILON GMX * Nike,CounterTerrorist,2480,2112,126.7755,M4A4,100,0,0,0,0,False,False,False,261.5625,358.2422
EPSILON GMX * Nike,CounterTerrorist,2480,2112,126.7755,M4A4,100,0,0,0,0,False,False,False,261.5625,358.2422
EPSILON GMX * Nike,CounterTerrorist,2480,2112,126.7755,M4A4,100,0,0,0,0,False,False,False,261.5625,358.2422
EPSILON GMX * Nike,CounterTerrorist,2480,2112,126.7755,M4A4,100,0,0,0,0,False,False,False,261.5625,358.2422
EPSILON GMX * Nike,CounterTerrorist,2480,2112,126.7755,M4A4,100,0,0,0,0,False,False,False,261.5625,358.2422
EPSILON GMX * Nike,CounterTerrorist,2480,2112,126.7755,M4A4,100,0,0,0,0,False,False,False,261.5625,358.2422
EPSILON GMX * Nike,CounterTerrorist,2480,2112,126.7755,M4A4,100,100,0,0,0,False,True,False,261.5625,358.2422
EPSILON GMX * Nike,CounterTerrorist,2480,2112,126.7755,M4A4,100,100,0,0,0,False,True,False,261.5625,358.2422
EPSILON GMX * Nike,CounterTerrorist,2480,2112,126.7755,M4A4,100,100,0,0,0,False,True,False,261.5625,358.2422
EPSILON GMX * Nike,CounterTerrorist,2480,2112,126.7755,M4A4,100,100,0,0,0,False,True,False,261.5625,358.2422
EPSILON GMX * Nike,CounterTerrorist,2480,2112,126.7755,M4A4,100,100,0,0,0,False,True,False,261.5625,358.2422
EPSILON GMX * Nike,CounterTerrorist,2480,2112,126.7755,M4A4,100,100,0,0,0,False,True,False,261.5625,358.2422
EPSILON GMX * Nike,CounterTerrorist,2480,2112,126.7755,M4A4,100,100,0,0,0,False,True,False,261.5625,358.2422
EPSILON GMX * Nike,CounterTerrorist,2480,2112,126.7755,M4A4,100,100,0,0,0,False,True,False,261.5625,358.2422
EPSILON GMX * Nike,CounterTerrorist,2480,2112,126.7755,M4A4,100,100,0,0,0,False,True,False,261.5625,358.2422
EPSILON GMX * Nike,CounterTerrorist,2480,2112,126.7755,M4A4,100,100,0,0,0,False,True,False,261.5625,358.2422
EPSILON GMX * Nike,CounterTerrorist,2480,2112,126.7755,M4A4,100,100,0,0,0,False,True,False,261.5625,358.2422
EPSILON GMX * Nike,CounterTerrorist,2480,2112,126.7755,M4A4,100,100,0,0,0,False,True,False,261.5625,358.2422
EPSILON GMX * Nike,CounterTerrorist,2480,2112,126.7755,M4A4,100,100,0,0,0,False,True,False,261.5625,358.2422
EPSILON GMX * Nike,CounterTerrorist,2480,2112,126.7755,M4A4,100,100,0,0,0,False,True,False,261.5625,358.2422
EPSILON GMX * Nike,CounterTerrorist,2480,2112,126.7755,M4A4,100,100,0,0,0,False,True,False,261.5625,358.2422
EPSILON GMX * Nike,CounterTerrorist,2480,2112,126.7755,M4A4,100,100,0,0,0,False,True,False,261.5625,358.2422
EPSILON GMX * Nike,CounterTerrorist,2480,2112,126.7755,M4A4,100,100,0,0,0,False,True,False,261.5625,358.2422
EPSILON GMX * Nike,CounterTerrorist,2480,2112,126.7755,M4A4,100,100,0,0,0,False,True,False,261.5625,358.2422
EPSILON GMX * Nike,CounterTerrorist,2480,2112,126.7755,M4A4,100,100,0,0,0,False,True,False,261.5625,358.2422
EPSILON GMX * Nike,CounterTerrorist,2480,2112,126.7755,M4A4,100,100,0,0,0,False,True,False,261.5625,358.2422
EPSILON GMX * Nike,CounterTerrorist,2480,2112,126.7755,M4A4,100,100,0,0,0,False,True,False,261.5625,358.2422
EPSILON GMX * Nike,CounterTerrorist,2480,2112,126.7755,M4A4,100,100,0,0,0,False,True,False,261.5625,358.2422
EPSILON GMX * Nike,CounterTerrorist,2480,2112,126.7755,M4A4,100,100,0,0,0,False,True,False,261.5625,358.2422
EPSILON GMX * Nike,CounterTerrorist,2480,2112,126.7755,M4A4,100,100,0,0,0,False,True,False,261.5625,358.2422
EPSILON GMX * Nike,CounterTerrorist,2480,2112,126.7755,M4A4,100,100,0,0,0,False,True,False,261.5625,358.2422
EPSILON GMX * Nike,CounterTerrorist,2480,2112,126.7755,M4A4,100,100,0,0,0,False,True,False,261.5625,358.2422
EPSILON GMX * Nike,CounterTerrorist,2480,2112,126.7755,M4A4,100,100,0,0,0,False,True,False,261.5625,358.2422
EPSILON GMX * Nike,CounterTerrorist,2480,2112,126.7755,M4A4,100,100,0,0,0,False,True,False,261.5625,358.2422
EPSILON GMX * Nike,CounterTerrorist,2480,2112,126.7755,M4A4,100,100,0,0,0,False,True,False,261.5625,358.2422
EPSILON GMX * Nike,CounterTerrorist,2480,2112,126.7755,M4A4,100,100,0,0,0,False,True,False,261.5625,358.2422
EPSILON GMX * Nike,CounterTerrorist,2480,2112,126.7755,M4A4,100,100,0,0,0,False,True,False,261.5625,358.2422
EPSILON GMX * Nike,CounterTerrorist,2480,2112,126.7755,M4A4,100,100,0,0,0,False,True,False,261.5625,358.2422
EPSILON GMX * Nike,CounterTerrorist,2480,2112,126.7755,M4A4,100,100,0,0,0,False,True,False,261.5625,358.2422
EPSILON GMX * Nike,CounterTerrorist,2480,2112,126.7755,M4A4,100,100,0,0,0,False,True,False,261.5625,358.2422
EPSILON GMX * Nike,CounterTerrorist,2480,2112,126.7755,M4A4,100,100,0,0,0,False,True,False,261.5625,358.2422
EPSILON GMX * Nike,CounterTerrorist,2480,2112,126.7755,M4A4,100,100,0,0,0,False,True,False,261.5625,358.2422
EPSILON GMX * Nike,CounterTerrorist,2480,2112,126.7755,M4A4,100,100,0,0,0,False,True,False,261.5625,358.2422
EPSILON GMX * Nike,CounterTerrorist,2480,2112,126.7755,M4A4,100,100,0,0,0,False,True,False,261.5625,358.2422
EPSILON GMX * Nike,CounterTerrorist,2480,2112,126.7755,M4A4,100,100,0,0,0,False,True,False,261.5625,358.2422
EPSILON GMX * Nike,CounterTerrorist,2480,2112,126.7755,M4A4,100,100,0,0,0,False,True,False,261.5625,358.2422
EPSILON GMX * Nike,CounterTerrorist,2480,2112,126.7755,M4A4,100,100,0,0,0,False,True,False,261.5625,358.2422
EPSILON GMX * Nike,CounterTerrorist,2480,2112,126.7755,M4A4,100,100,0,0,0,False,True,False,261.5625,358.2422
EPSILON GMX * Nike,CounterTerrorist,2480,2112,126.7755,M4A4,100,100,0,0,0,False,True,False,261.5625,358.2422
EPSILON GMX * Nike,CounterTerrorist,2480,2112,126.7755,M4A4,100,100,0,0,0,False,True,False,261.5625,358.2422
EPSILON GMX * Nike,CounterTerrorist,2480,2112,126.7755,M4A4,100,100,0,0,0,False,True,False,261.5625,358.2422
EPSILON GMX * Nike,CounterTerrorist,2480,2112,126.7755,M4A4,100,100,0,0,0,False,True,False,261.5625,358.2422
EPSILON GMX * Nike,CounterTerrorist,2480,2112,126.7755,M4A4,100,100,0,0,0,False,True,False,261.5625,358.2422
EPSILON GMX * Nike,CounterTerrorist,2480,2112,126.7755,M4A4,100,100,0,0,0,False,True,False,261.5625,358.2422
EPSILON GMX * Nike,CounterTerrorist,2480,2112,126.7755,M4A4,100,100,0,0,0,False,True,False,261.5625,358.2422
EPSILON GMX * Nike,CounterTerrorist,2480,2112,126.7755,M4A4,100,100,0,0,0,False,True,False,261.5625,358.2422
EPSILON GMX * Nike,CounterTerrorist,2480,2112,126.7755,M4A4,100,100,0,0,0,False,True,False,261.5625,358.2422
EPSILON GMX * Nike,CounterTerrorist,2480,2112,126.7755,M4A4,100,100,0,0,0,False,True,False,261.5625,358.2422
EPSILON GMX * Nike,CounterTerrorist,2480,2112,126.7755,M4A4,100,100,0,0,0,False,True,False,261.5625,358.2422
EPSILON GMX * Nike,CounterTerrorist,2480,2112,126.7755,M4A4,100,100,0,0,0,False,True,False,261.5625,358.2422
EPSILON GMX * Nike,CounterTerrorist,2480,2112,126.7755,M4A4,100,100,0,0,0,False,True,False,261.5625,358.2422
EPSILON GMX * Nike,CounterTerrorist,2480,2112,126.7755,M4A4,100,100,0,0,0,False,True,False,261.5625,358.2422
EPSILON GMX * Nike,CounterTerrorist,2480,2112,126.7755,M4A4,100,100,0,0,0,False,True,False,261.5625,358.2422
EPSILON GMX * Nike,CounterTerrorist,2480,2112,126.7755,M4A4,100,100,0,0,0,False,True,False,261.5625,358.2422
EPSILON GMX * Nike,CounterTerrorist,2480,2112,126.7755,M4A4,100,100,0,0,0,False,True,False,261.5625,358.2422
EPSILON GMX * Nike,CounterTerrorist,2480,2112,126.7755,M4A4,100,100,0,0,0,False,True,False,261.5625,358.2422
EPSILON GMX * Nike,CounterTerrorist,2480,2112,126.7755,M4A4,100,100,0,0,0,False,True,False,261.5625,358.2422
EPSILON GMX * Nike,CounterTerrorist,2480,2112,126.7755,M4A4,100,100,0,0,0,False,True,False,261.5625,358.2422
EPSILON GMX * Nike,CounterTerrorist,2480,2112,126.7755,M4A4,100,100,0,0,0,False,True,False,261.5625,358.2422
EPSILON GMX * Nike,CounterTerrorist,2480,2112,126.7755,M4A4,100,100,0,0,0,False,True,False,261.5625,358.2422
EPSILON GMX * Nike,CounterTerrorist,2480,2112,126.7755,M4A4,100,100,0,0,0,False,True,False,261.5625,358.2422
EPSILON GMX * Nike,CounterTerrorist,2480,2112,126.7755,M4A4,100,100,0,0,0,False,True,False,261.5625,358.2422
EPSILON GMX * Nike,CounterTerrorist,2480,2112,126.7755,M4A4,100,100,0,0,0,False,True,False,261.5625,358.2422
EPSILON GMX * Nike,CounterTerrorist,2480,2112,126.7755,M4A4,100,100,0,0,0,False,True,False,261.5625,358.2422
EPSILON GMX * Nike,CounterTerrorist,2480,2112,126.7755,M4A4,100,100,0,0,0,False,True,True,261.5625,358.2422
EPSILON GMX * Nike,CounterTerrorist,2480,2112,126.7755,M4A4,100,100,0,0,0,False,True,True,261.5625,358.2422
EPSILON GMX * Nike,CounterTerrorist,2480,2112,126.7755,M4A4,100,100,0,0,0,False,True,True,261.5625,358.2422
EPSILON GMX * Nike,CounterTerrorist,2480,2112,126.7755,M4A4,100,100,0,0,0,False,True,True,261.5625,358.2422
EPSILON GMX * Nike,CounterTerrorist,2480,2112,126.7755,M4A4,100,100,0,0,0,False,True,True,261.5625,358.2422
EPSILON GMX * Nike,CounterTerrorist,2480,2112,126.7755,M4A4,100,100,0,0,0,False,True,True,261.5625,358.2422
EPSILON GMX * Nike,CounterTerrorist,2480,2112,126.7755,M4A4,100,100,0,0,0,False,True,True,261.5625,358.2422
EPSILON GMX * Nike,CounterTerrorist,2480,2112,126.7755,M4A4,100,100,0,0,0,False,True,True,261.5625,358.2422
EPSILON GMX * Nike,CounterTerrorist,2480,2112,126.7755,M4A4,100,100,0,0,0,False,True,True,261.5625,358.2422
EPSILON GMX * Nike,CounterTerrorist,2480,2112,126.7755,M4A4,100,100,0,0,0,False,True,True,261.5625,358.2422
EPSILON GMX * Nike,CounterTerrorist,2480,2112,126.7755,M4A4,100,100,0,0,0,False,True,True,261.5625,358.2422
EPSILON GMX * Nike,CounterTerrorist,2480,2112,126.7755,M4A4,100,100,0,0,0,False,True,True,261.5625,358.2422
EPSILON GMX * Nike,CounterTerrorist,2480,2112,126.7755,M4A4,100,100,0,0,0,False,True,True,261.5625,358.2422
EPSILON GMX * Nike,CounterTerrorist,2480,2112,126.7755,M4A4,100,100,0,0,0,False,True,True,261.5625,358.2422
EPSILON GMX * Nike,CounterTerrorist,2480,2112,126.7755,M4A4,100,100,0,0,0,False,True,True,261.5625,358.2422
EPSILON GMX * Nike,CounterTerrorist,2480,2112,126.7755,M4A4,100,100,0,0,0,False,True,True,261.5625,358.2422
EPSILON GMX * Nike,CounterTerrorist,2480,2112,126.7755,M4A4,100,100,0,0,0,False,True,True,261.5625,358.2422
EPSILON GMX * Nike,CounterTerrorist,2480,2112,126.7755,M4A4,100,100,0,0,0,False,True,True,261.5625,358.2422
EPSILON GMX * Nike,CounterTerrorist,2480,2112,126.7755,M4A4,100,100,0,0,0,False,True,True,261.5625,358.2422
EPSILON GMX * Nike,CounterTerrorist,2480,2112,126.7755,M4A4,100,100,0,0,0,False,True,True,261.5625,358.2422
EPSILON GMX * Nike,CounterTerrorist,2480,2112,126.7755,M4A4,100,100,0,0,0,False,True,True,261.5625,358.2422
EPSILON GMX * Nike,CounterTerrorist,2480,2112,126.7755,M4A4,100,100,0,0,0,False,True,True,261.5625,358.2422
EPSILON GMX * Nike,CounterTerrorist,2480,2112,126.7755,M4A4,100,100,0,0,0,False,True,True,261.5625,358.2422
EPSILON GMX * Nike,CounterTerrorist,2480,2112,126.7755,Knife,100,100,0,0,0,False,True,True,258.75,356.1328
EPSILON GMX * Nike,CounterTerrorist,2480,2112,126.7755,Knife,100,100,0,0,0,False,True,True,254.1797,352.2656
EPSILON GMX * Nike,CounterTerrorist,2480,2112,126.7755,Knife,100,100,0,0,0,False,True,True,252.7734,350.1563
EPSILON GMX * Nike,CounterTerrorist,2480,2112,126.7755,Knife,100,100,0,0,0,False,True,True,252.4219,348.75
EPSILON GMX * Nike,CounterTerrorist,2480,2112,126.7755,Knife,100,100,0,0,0,False,True,True,252.4219,348.3984
EPSILON GMX * Nike,CounterTerrorist,2480,2112,126.7755,Knife,100,100,0,0,0,False,True,True,252.4219,348.3984
EPSILON GMX * Nike,CounterTerrorist,2480,2112,126.7755,Knife,100,100,0,0,0,False,True,True,252.4219,349.4531
EPSILON GMX * Nike,CounterTerrorist,2480,2112,126.7755,Knife,100,100,0,0,0,False,True,True,253.4766,351.9141
EPSILON GMX * Nike,CounterTerrorist,2480,2112,126.7755,Knife,100,100,0,0,0,False,True,True,254.1797,354.375
EPSILON GMX * Nike,CounterTerrorist,2480,2112,126.7755,Knife,100,100,0,0,0,False,True,True,255.2344,356.8359
EPSILON GMX * Nike,CounterTerrorist,2480,2112,126.7755,Knife,100,100,0,0,0,False,True,True,256.2891,359.2969
EPSILON GMX * Nike,CounterTerrorist,2480,2112,126.7755,Knife,100,100,0,0,0,False,True,True,256.6406,359.6484
EPSILON GMX * Nike,CounterTerrorist,2480,2112,126.7755,Knife,100,100,0,0,0,False,True,True,256.6406,359.6484
EPSILON GMX * Nike,CounterTerrorist,2480,2112,126.7755,Knife,100,100,0,0,0,False,True,True,256.6406,359.6484
EPSILON GMX * Nike,CounterTerrorist,2480,2112,126.7755,Knife,100,100,0,0,0,False,True,True,256.6406,359.6484
EPSILON GMX * Nike,CounterTerrorist,2480,2112,126.7755,Knife,100,100,0,0,0,False,True,True,256.6406,359.6484
EPSILON GMX * Nike,CounterTerrorist,2480,2112,126.7755,Knife,100,100,0,0,0,False,True,True,256.6406,359.6484
EPSILON GMX * Nike,CounterTerrorist,2480,2112,126.7755,Knife,100,100,0,0,0,False,True,True,256.6406,359.6484
EPSILON GMX * Nike,CounterTerrorist,2480,2112,126.7755,Knife,100,100,0,0,0,False,True,True,256.6406,359.6484
EPSILON GMX * Nike,CounterTerrorist,2480,2112,126.7755,Knife,100,100,0,0,0,False,True,True,256.6406,359.6484
EPSILON GMX * Nike,CounterTerrorist,2480,2112,126.7755,Knife,100,100,0,0,0,False,True,True,256.6406,359.6484
EPSILON GMX * Nike,CounterTerrorist,2480,2112,126.7755,Knife,100,100,0,0,0,False,True,True,256.6406,359.6484
EPSILON GMX * Nike,CounterTerrorist,2480,2112,126.7755,Knife,100,100,0,0,0,False,True,True,256.6406,359.6484
EPSILON GMX * Nike,CounterTerrorist,2480,2112,126.7755,Knife,100,100,0,0,0,False,True,True,256.6406,359.6484
EPSILON GMX * Nike,CounterTerrorist,2480,2112,126.7755,Knife,100,100,0,0,0,False,True,True,256.6406,359.6484
EPSILON GMX * Nike,CounterTerrorist,2480,2112,126.7755,Knife,100,100,0,0,0,False,True,True,256.6406,359.6484
EPSILON GMX * Nike,CounterTerrorist,2480,2112,126.7755,Knife,100,100,0,0,0,False,True,True,256.6406,359.6484
EPSILON GMX * Nike,CounterTerrorist,2480,2112,126.7755,Knife,100,100,0,0,0,False,True,True,256.6406,359.6484
EPSILON GMX * Nike,CounterTerrorist,2480,2112,126.7755,Knife,100,100,0,0,0,False,True,True,256.6406,359.6484
EPSILON GMX * Nike,CounterTerrorist,2480,2112,126.7755,Knife,100,100,0,0,0,False,True,True,256.6406,359.6484
EPSILON GMX * Nike,CounterTerrorist,2480,2112,126.7755,Knife,100,100,0,0,0,False,True,True,256.6406,359.6484
EPSILON GMX * Nike,CounterTerrorist,2480,2112,126.7755,Knife,100,100,0,0,0,False,True,True,256.6406,359.6484
EPSILON GMX * Nike,CounterTerrorist,2480,2112,126.7755,Knife,100,100,0,0,0,False,True,True,256.6406,359.6484
EPSILON GMX * Nike,CounterTerrorist,2480,2112,126.7755,Knife,100,100,0,0,0,False,True,True,256.6406,359.6484
EPSILON GMX * Nike,CounterTerrorist,2480,2112,126.7755,Knife,100,100,0,0,0,False,True,True,256.6406,359.6484
EPSILON GMX * Nike,CounterTerrorist,2480,2112,126.7755,Knife,100,100,0,0,0,False,True,True,256.6406,359.6484
EPSILON GMX * Nike,CounterTerrorist,2480,2112,126.7755,Knife,100,100,0,0,0,False,True,True,256.6406,359.6484
EPSILON GMX * Nike,CounterTerrorist,2480,2112,126.7755,Knife,100,100,0,0,0,False,True,True,256.6406,359.6484
EPSILON GMX * Nike,CounterTerrorist,2480,2112,126.7755,Knife,100,100,0,0,0,False,True,True,256.6406,359.6484
EPSILON GMX * Nike,CounterTerrorist,2480,2112,126.7755,Knife,100,100,0,0,0,False,True,True,256.6406,359.6484
EPSILON GMX * Nike,CounterTerrorist,2480,2112,126.7755,Knife,100,100,0,0,0,False,True,True,256.6406,359.6484
EPSILON GMX * Nike,CounterTerrorist,2480,2112,126.7755,Knife,100,100,0,0,0,False,True,True,256.6406,359.6484
EPSILON GMX * Nike,CounterTerrorist,2480,2112,126.7755,Knife,100,100,0,0,0,False,True,True,256.6406,359.6484
EPSILON GMX * Nike,CounterTerrorist,2480,2112,126.7755,Knife,100,100,0,0,0,False,True,True,256.6406,359.6484
EPSILON GMX * Nike,CounterTerrorist,2480,2112,126.7755,Knife,100,100,0,0,0,False,True,True,256.6406,359.6484
EPSILON GMX * Nike,CounterTerrorist,2480,2112,126.7755,Knife,100,100,0,0,0,False,True,True,256.6406,359.6484
EPSILON GMX * Nike,CounterTerrorist,2480,2112,126.7755,Knife,100,100,0,0,0,False,True,True,256.6406,359.6484
EPSILON GMX * Nike,CounterTerrorist,2480,2112,126.7755,Knife,100,100,0,0,0,False,True,True,256.6406,359.6484
EPSILON GMX * Nike,CounterTerrorist,2480,2112,126.7755,Knife,100,100,0,0,0,False,True,True,256.6406,359.6484
EPSILON GMX * Nike,CounterTerrorist,2480,2112,126.7755,Knife,100,100,0,0,0,False,True,True,256.6406,359.6484
EPSILON GMX * Nike,CounterTerrorist,2480,2112,126.7755,M4A4,100,100,0,0,0,False,True,True,256.6406,359.6484
EPSILON GMX * Nike,CounterTerrorist,2480,2112,126.7755,M4A4,100,100,0,0,0,False,True,True,256.6406,359.6484
EPSILON GMX * Nike,CounterTerrorist,2480,2112,126.7755,M4A4,100,100,0,0,0,False,True,True,256.6406,359.6484
EPSILON GMX * Nike,CounterTerrorist,2480,2112,126.7755,M4A4,100,100,0,0,0,False,True,True,256.6406,359.6484
EPSILON GMX * Nike,CounterTerrorist,2480,2112,126.7755,M4A4,100,100,0,0,0,False,True,True,256.6406,359.6484
EPSILON GMX * Nike,CounterTerrorist,2480,2112,126.7755,M4A4,100,100,0,0,0,False,True,True,256.6406,359.6484
EPSILON GMX * Nike,CounterTerrorist,2480,2112,126.7755,Knife,100,100,0,0,0,False,True,True,256.6406,359.6484
EPSILON GMX * Nike,CounterTerrorist,2480,2112,126.7755,Knife,100,100,0,0,0,False,True,True,256.6406,359.6484
EPSILON GMX * Nike,CounterTerrorist,2480,2112,126.7755,Knife,100,100,0,0,0,False,True,True,256.6406,359.6484
EPSILON GMX * Nike,CounterTerrorist,2480,2112,126.7755,Knife,100,100,0,0,0,False,True,True,256.6406,359.6484
EPSILON GMX * Nike,CounterTerrorist,2480,2112,126.7755,Knife,100,100,0,0,0,False,True,True,256.6406,359.6484
EPSILON GMX * Nike,CounterTerrorist,2480,2112,126.7755,Knife,100,100,0,0,0,False,True,True,256.6406,359.6484
EPSILON GMX * Nike,CounterTerrorist,2480,2112,126.7755,Knife,100,100,0,0,0,False,True,True,256.6406,359.6484
EPSILON GMX * Nike,CounterTerrorist,2480,2112,126.7755,Knife,100,100,0,0,0,False,True,True,256.6406,359.6484
EPSILON GMX * Nike,CounterTerrorist,2480,2112,126.7755,Knife,100,100,0,0,0,False,True,True,256.6406,359.6484
EPSILON GMX * Nike,CounterTerrorist,2480,2112,126.7755,Knife,100,100,0,0,0,False,True,True,256.6406,359.6484
EPSILON GMX * Nike,CounterTerrorist,2480,2112,126.7755,Knife,100,100,0,0,0,False,True,True,256.6406,359.6484
EPSILON GMX * Nike,CounterTerrorist,2480,2112,126.7755,Knife,100,100,0,0,0,False,True,True,256.6406,359.6484
EPSILON GMX * Nike,CounterTerrorist,2480,2112,126.7755,Knife,100,100,0,0,0,False,True,True,256.6406,359.6484
EPSILON GMX * Nike,CounterTerrorist,2480,2112,126.7755,Knife,100,100,0,0,0,False,True,True,256.6406,359.6484
EPSILON GMX * Nike,CounterTerrorist,2480,2112,126.7755,Knife,100,100,0,0,0,False,True,True,256.6406,359.6484
EPSILON GMX * Nike,CounterTerrorist,2480,2112,126.7755,Knife,100,100,0,0,0,False,True,True,256.6406,359.6484
EPSILON GMX * Nike,CounterTerrorist,2480,2112,126.7755,Knife,100,100,0,0,0,False,True,True,256.6406,359.6484
EPSILON GMX * Nike,CounterTerrorist,2480,2112,126.7755,Knife,100,100,0,0,0,False,True,True,256.6406,359.6484
EPSILON GMX * Nike,CounterTerrorist,2480,2112,126.7755,Knife,100,100,0,0,0,False,True,True,256.6406,359.6484
EPSILON GMX * Nike,CounterTerrorist,2480,2112,126.7755,Knife,100,100,0,0,0,False,True,True,256.6406,359.6484
EPSILON GMX * Nike,CounterTerrorist,2480,2112,126.7755,Knife,100,100,0,0,0,False,True,True,256.6406,359.6484
EPSILON GMX * Nike,CounterTerrorist,2480,2112,126.7755,Knife,100,100,0,0,0,False,True,True,256.6406,359.6484
EPSILON GMX * Nike,CounterTerrorist,2480,2112,126.7755,Knife,100,100,0,0,0,False,True,True,256.6406,359.6484
EPSILON GMX * Nike,CounterTerrorist,2480,2112,126.7755,Knife,100,100,0,0,0,False,True,True,256.6406,359.6484
EPSILON GMX * Nike,CounterTerrorist,2480,2112,126.7755,Knife,100,100,0,0,0,False,True,True,256.6406,359.6484
EPSILON GMX * Nike,CounterTerrorist,2480,2112,126.7755,Knife,100,100,0,0,0,False,True,True,256.6406,359.6484
EPSILON GMX * Nike,CounterTerrorist,2480,2112,126.7755,Knife,100,100,0,0,0,False,True,True,256.6406,359.6484
EPSILON GMX * Nike,CounterTerrorist,2480,2112,126.7755,Knife,100,100,0,0,0,False,True,True,256.6406,359.6484
EPSILON GMX * Nike,CounterTerrorist,2480,2112,126.7755,Knife,100,100,0,0,0,False,True,True,256.6406,359.6484
EPSILON GMX * Nike,CounterTerrorist,2480,2112,126.7755,Knife,100,100,0,0,0,False,True,True,256.6406,359.6484
EPSILON GMX * Nike,CounterTerrorist,2480,2112,126.7755,Knife,100,100,0,0,0,False,True,True,256.6406,359.6484
EPSILON GMX * Nike,CounterTerrorist,2480,2112,126.7755,Knife,100,100,0,0,0,False,True,True,256.6406,359.6484
EPSILON GMX * Nike,CounterTerrorist,2480,2112,126.7755,Knife,100,100,0,0,0,False,True,True,256.6406,359.6484
EPSILON GMX * Nike,CounterTerrorist,2480,2112,126.7755,Knife,100,100,0,0,0,False,True,True,256.6406,359.6484
EPSILON GMX * Nike,CounterTerrorist,2480,2112,126.7755,Knife,100,100,0,0,0,False,True,True,256.6406,359.6484
EPSILON GMX * Nike,CounterTerrorist,2480,2112,126.7755,Knife,100,100,0,0,0,False,True,True,256.6406,359.6484
EPSILON GMX * Nike,CounterTerrorist,2480,2112,126.7755,Knife,100,100,0,0,0,False,True,True,256.6406,359.6484
EPSILON GMX * Nike,CounterTerrorist,2480,2112,126.7755,Knife,100,100,0,0,0,False,True,True,256.6406,359.6484
EPSILON GMX * Nike,CounterTerrorist,2480,2112,126.7755,Knife,100,100,0,0,0,False,True,True,256.6406,359.6484
EPSILON GMX * Nike,CounterTerrorist,2480,2112,126.7755,Knife,100,100,0,0,0,False,True,True,256.6406,359.6484
EPSILON GMX * Nike,CounterTerrorist,2480,2112,126.7755,Knife,100,100,0,0,0,False,True,True,256.6406,359.6484
EPSILON GMX * Nike,CounterTerrorist,2480,2112,126.7755,Knife,100,100,0,0,0,False,True,True,256.6406,359.6484
EPSILON GMX * Nike,CounterTerrorist,2480,2112,126.7755,Knife,100,100,0,0,0,False,True,True,256.6406,359.6484
EPSILON GMX * Nike,CounterTerrorist,2480,2112,126.7755,Knife,100,100,0,0,0,False,True,True,255.9375,358.9453
EPSILON GMX * Nike,CounterTerrorist,2480,2112,126.7755,Knife,100,100,0,0,0,False,True,True,255.9375,358.9453
EPSILON GMX * Nike,CounterTerrorist,2480,2112,126.7755,Flash,100,100,0,0,0,False,True,True,255.9375,359.2969
EPSILON GMX * Nike,CounterTerrorist,2480,2112,126.7755,Flash,100,100,0,0,0,False,True,True,256.2891,0.3515625
EPSILON GMX * Nike,CounterTerrorist,2480,2112,126.7755,Flash,100,100,0,0,0,False,True,True,255.9375,1.757813
EPSILON GMX * Nike,CounterTerrorist,2480,2112,126.7755,Flash,100,100,0,0,0,False,True,True,255.2344,3.515625
EPSILON GMX * Nike,CounterTerrorist,2480,2112,126.7755,Flash,100,100,0,0,0,False,True,True,255.5859,4.921875
EPSILON GMX * Nike,CounterTerrorist,2480,2112,126.7755,Flash,100,100,0,0,0,False,True,True,256.2891,6.328125
EPSILON GMX * Nike,CounterTerrorist,2480,2112,126.7755,Smoke,100,100,0,0,0,False,True,True,256.2891,6.328125
EPSILON GMX * Nike,CounterTerrorist,2480,2112,126.7755,Smoke,100,100,0,0,0,False,True,True,256.2891,6.328125
EPSILON GMX * Nike,CounterTerrorist,2480,2112,126.7755,Smoke,100,100,0,0,0,False,True,True,256.2891,6.328125
EPSILON GMX * Nike,CounterTerrorist,2480,2112,126.7755,Smoke,100,100,0,0,0,False,True,True,256.2891,6.328125
EPSILON GMX * Nike,CounterTerrorist,2480,2112,126.7755,Smoke,100,100,0,0,0,False,True,True,256.2891,6.328125
EPSILON GMX * Nike,CounterTerrorist,2480,2112,126.7755,Incendiary,100,100,0,0,0,False,True,True,256.2891,6.328125
EPSILON GMX * Nike,CounterTerrorist,2480,2112,126.7755,Incendiary,100,100,0,0,0,False,True,True,256.2891,6.328125
EPSILON GMX * Nike,CounterTerrorist,2480,2112,126.7755,Incendiary,100,100,0,0,0,False,True,True,256.2891,6.328125
EPSILON GMX * Nike,CounterTerrorist,2480,2112,126.7755,Incendiary,100,100,0,0,0,False,True,True,256.2891,6.328125
EPSILON GMX * Nike,CounterTerrorist,2480,2112,126.7755,Incendiary,100,100,0,0,0,False,True,True,256.2891,6.328125
EPSILON GMX * Nike,CounterTerrorist,2480,2112,126.7755,Incendiary,100,100,0,0,0,False,True,True,256.2891,6.328125
EPSILON GMX * Nike,CounterTerrorist,2480,2112,126.7755,Incendiary,100,100,0,0,0,False,True,True,256.2891,6.328125
EPSILON GMX * Nike,CounterTerrorist,2480,2112,126.7755,Incendiary,100,100,0,0,0,False,True,True,256.2891,6.328125
EPSILON GMX * Nike,CounterTerrorist,2480,2112,126.7755,Incendiary,100,100,0,0,0,False,True,True,253.8281,5.976563
EPSILON GMX * Nike,CounterTerrorist,2480,2112,126.7755,Incendiary,100,100,0,0,0,False,True,True,247.8516,4.570313
EPSILON GMX * Nike,CounterTerrorist,2480,2112,126.7755,Incendiary,100,100,0,0,0,False,True,True,242.5781,3.164063
EPSILON GMX * Nike,CounterTerrorist,2480,2112,126.7755,Knife,100,100,0,0,0,False,True,True,240.1172,1.757813
EPSILON GMX * Nike,CounterTerrorist,2480,2112,126.7755,Knife,100,100,0,0,0,False,True,True,239.4141,0.3515625
EPSILON GMX * Nike,CounterTerrorist,2480,2112,126.7755,Knife,100,100,0,0,0,False,True,True,239.4141,359.6484
EPSILON GMX * Nike,CounterTerrorist,2480,2112,126.7755,Knife,100,100,0,0,0,False,True,True,239.4141,359.6484
EPSILON GMX * Nike,CounterTerrorist,2480,2112,126.7755,Knife,100,100,0,0,0,False,True,True,240.1172,359.6484
EPSILON GMX * Nike,CounterTerrorist,2480,2112,126.7755,Knife,100,100,0,0,0,False,True,True,241.875,0.3515625
EPSILON GMX * Nike,CounterTerrorist,2480,2112,126.7755,Knife,100,100,0,0,0,False,True,True,246.0938,1.40625
EPSILON GMX * Nike,CounterTerrorist,2480,2112,126.7755,Knife,100,100,0,0,0,False,True,True,252.4219,2.8125
EPSILON GMX * Nike,CounterTerrorist,2480,2112,126.7755,Knife,100,100,0,0,0,False,True,True,257.6953,3.515625
EPSILON GMX * Nike,CounterTerrorist,2480,2112,126.7755,Knife,100,100,0,0,0,False,True,True,257.6953,3.515625
EPSILON GMX * Nike,CounterTerrorist,2480,2112,126.7755,Knife,100,100,0,0,0,False,True,True,257.6953,3.515625
EPSILON GMX * Nike,CounterTerrorist,2480,2112,126.7755,Knife,100,100,0,0,0,False,True,True,257.6953,3.515625
EPSILON GMX * Nike,CounterTerrorist,2480,2112,126.7755,Knife,100,100,0,0,0,False,True,True,257.6953,3.515625
EPSILON GMX * Nike,CounterTerrorist,2480,2112,126.7755,Knife,100,100,0,0,0,False,True,True,257.6953,3.515625
EPSILON GMX * Nike,CounterTerrorist,2480,2112,126.7755,Knife,100,100,0,0,0,False,True,True,257.6953,3.515625
EPSILON GMX * Nike,CounterTerrorist,2480,2112,126.7755,Knife,100,100,0,0,0,False,True,True,257.6953,3.515625
EPSILON GMX * Nike,CounterTerrorist,2480,2112,126.7755,Knife,100,100,0,0,0,False,True,True,257.6953,3.515625
EPSILON GMX * Nike,CounterTerrorist,2480,2112,126.7755,Knife,100,100,0,0,0,False,True,True,257.6953,3.515625
EPSILON GMX * Nike,CounterTerrorist,2480,2112,126.7755,Knife,100,100,0,0,0,False,True,True,257.6953,3.515625
EPSILON GMX * Nike,CounterTerrorist,2480,2112,126.7755,Knife,100,100,0,0,0,False,True,True,257.6953,3.515625
EPSILON GMX * Nike,CounterTerrorist,2480,2112,126.7755,Knife,100,100,0,0,0,False,True,True,257.6953,3.515625
EPSILON GMX * Nike,CounterTerrorist,2480,2112,126.7755,Incendiary,100,100,0,0,0,False,True,True,257.6953,3.515625
EPSILON GMX * Nike,CounterTerrorist,2480,2112,126.7755,Incendiary,100,100,0,0,0,False,True,True,256.9922,3.515625
EPSILON GMX * Nike,CounterTerrorist,2480,2112,126.7755,Incendiary,100,100,0,0,0,False,True,True,255.5859,3.515625
EPSILON GMX * Nike,CounterTerrorist,2480,2112,126.7755,Incendiary,100,100,0,0,0,False,True,True,254.1797,3.164063
EPSILON GMX * Nike,CounterTerrorist,2480,2112,126.7755,Incendiary,100,100,0,0,0,False,True,True,254.1797,3.164063
EPSILON GMX * Nike,CounterTerrorist,2480,2112,126.7755,Incendiary,100,100,0,0,0,False,True,True,254.1797,3.164063
EPSILON GMX * Nike,CounterTerrorist,2480,2112,126.7755,Knife,100,100,0,0,0,False,True,True,254.1797,3.164063
EPSILON GMX * Nike,CounterTerrorist,2480,2112,126.7755,Knife,100,100,0,0,0,False,True,True,254.1797,3.164063
EPSILON GMX * Nike,CounterTerrorist,2480,2112,126.7755,Knife,100,100,0,0,0,False,True,True,254.1797,3.164063
EPSILON GMX * Nike,CounterTerrorist,2480,2112,126.7755,Knife,100,100,0,0,0,False,True,True,254.1797,3.164063
EPSILON GMX * Nike,CounterTerrorist,2480,2112,126.7755,Knife,100,100,0,0,0,False,True,True,254.1797,3.164063
EPSILON GMX * Nike,CounterTerrorist,2480,2112,126.7755,Knife,100,100,0,0,0,False,True,True,254.1797,3.164063
EPSILON GMX * Nike,CounterTerrorist,2480,2112,126.7755,Knife,100,100,0,0,0,False,True,True,254.1797,3.515625
EPSILON GMX * Nike,CounterTerrorist,2480,2112,126.7755,Knife,100,100,0,0,0,False,True,True,254.1797,4.21875
EPSILON GMX * Nike,CounterTerrorist,2480,2112,126.7755,Knife,100,100,0,0,0,False,True,True,254.5313,5.273438
EPSILON GMX * Nike,CounterTerrorist,2480,2112,126.7755,Knife,100,100,0,0,0,False,True,True,254.8828,5.976563
EPSILON GMX * Nike,CounterTerrorist,2480,2112,126.7755,Knife,100,100,0,0,0,False,True,True,254.8828,5.976563
EPSILON GMX * Nike,CounterTerrorist,2480,2112,126.7755,Knife,100,100,0,0,0,False,True,True,254.8828,5.976563
EPSILON GMX * Nike,CounterTerrorist,2480,2112,126.7755,Knife,100,100,0,0,0,False,True,True,254.8828,5.976563
EPSILON GMX * Nike,CounterTerrorist,2480,2112,126.7755,Knife,100,100,0,0,0,False,True,True,254.8828,5.976563
EPSILON GMX * Nike,CounterTerrorist,2480,2112,126.7755,Knife,100,100,0,0,0,False,True,True,254.8828,5.976563
EPSILON GMX * Nike,CounterTerrorist,2480,2112,126.7755,Knife,100,100,0,0,0,False,True,True,254.8828,5.976563
EPSILON GMX * Nike,CounterTerrorist,2480,2112,126.7755,Knife,100,100,0,0,0,False,True,True,254.8828,5.976563
EPSILON GMX * Nike,CounterTerrorist,2480,2112,126.7755,Knife,100,100,0,0,0,False,True,True,254.8828,5.976563
EPSILON GMX * Nike,CounterTerrorist,2480,2112,126.7755,Knife,100,100,0,0,0,False,True,True,254.8828,5.976563
EPSILON GMX * Nike,CounterTerrorist,2480,2112,126.7755,Knife,100,100,0,0,0,False,True,True,254.8828,5.976563
EPSILON GMX * Nike,CounterTerrorist,2480,2112,126.7755,Knife,100,100,0,0,0,False,True,True,254.8828,5.976563
EPSILON GMX * Nike,CounterTerrorist,2480,2112,126.7755,Knife,100,100,0,0,0,False,True,True,255.5859,6.328125
EPSILON GMX * Nike,CounterTerrorist,2480,2112,126.7755,Knife,100,100,0,0,0,False,True,True,257.6953,6.328125
EPSILON GMX * Nike,CounterTerrorist,2480,2112,126.7755,Knife,100,100,0,0,0,False,True,True,259.8047,6.679688
EPSILON GMX * Nike,CounterTerrorist,2480,2112,126.7755,Knife,100,100,0,0,0,False,True,True,261.5625,6.328125
EPSILON GMX * Nike,CounterTerrorist,2480,2112,126.7755,Knife,100,100,0,0,0,False,True,True,261.9141,5.976563
EPSILON GMX * Nike,CounterTerrorist,2480,2112,126.7755,Knife,100,100,0,0,0,False,True,True,261.9141,5.976563
EPSILON GMX * Nike,CounterTerrorist,2480,2112,126.7755,Knife,100,100,0,0,0,False,True,True,261.9141,5.976563
EPSILON GMX * Nike,CounterTerrorist,2480,2112,126.7755,Knife,100,100,0,0,0,False,True,True,261.5625,5.625
EPSILON GMX * Nike,CounterTerrorist,2480,2112,126.7755,Knife,100,100,0,0,0,False,True,True,261.2109,5.625
EPSILON GMX * Nike,CounterTerrorist,2480,2112,126.7755,Knife,100,100,0,0,0,False,True,True,261.2109,5.273438
EPSILON GMX * Nike,CounterTerrorist,2480,2112,126.7755,Knife,100,100,0,0,0,False,True,True,260.8594,5.273438
EPSILON GMX * Nike,CounterTerrorist,2480,2112,126.7755,Knife,100,100,0,0,0,False,True,True,260.8594,4.921875
EPSILON GMX * Nike,CounterTerrorist,2480,2112,126.7755,Knife,100,100,0,0,0,False,True,True,260.8594,4.921875
EPSILON GMX * Nike,CounterTerrorist,2480,2112,126.7755,Knife,100,100,0,0,0,False,True,True,260.8594,4.921875
EPSILON GMX * Nike,CounterTerrorist,2480,2112,126.7755,Knife,100,100,0,0,0,False,True,True,260.8594,4.921875
EPSILON GMX * Nike,CounterTerrorist,2479.884,2111.287,126.7674,Knife,100,100,-5.697249,-34.84988,0,False,True,True,260.5078,4.921875
EPSILON GMX * Nike,CounterTerrorist,2479.603,2109.572,126.7478,Knife,100,100,-10.96506,-66.92012,0,False,True,True,260.5078,4.921875
EPSILON GMX * Nike,CounterTerrorist,2479.159,2106.865,126.7168,Knife,100,100,-16.06787,-97.99982,0,False,True,True,260.5078,4.921875
EPSILON GMX * Nike,CounterTerrorist,2478.568,2103.267,126.6756,Knife,100,100,-20.57789,-124.8953,0,False,True,True,260.5078,4.921875
EPSILON GMX * Nike,CounterTerrorist,2477.845,2098.905,126.6252,Knife,100,100,-24.60036,-147.9522,0,False,True,True,260.1563,4.921875
EPSILON GMX * Nike,CounterTerrorist,2477.007,2093.888,126.5667,Knife,100,100,-28.08855,-167.7341,0,False,True,True,260.1563,4.921875
EPSILON GMX * Nike,CounterTerrorist,2476.069,2088.309,126.5012,Knife,100,100,-31.12669,-184.704,0,False,True,True,260.1563,4.921875
EPSILON GMX * Nike,CounterTerrorist,2475.044,2082.247,126.4298,Knife,100,100,-33.73412,-199.2679,0,False,True,True,260.1563,4.921875
EPSILON GMX * Nike,CounterTerrorist,2473.946,2075.771,126.3531,Knife,100,100,-35.97189,-211.7672,0,False,True,True,260.1563,4.921875
EPSILON GMX * Nike,CounterTerrorist,2472.783,2068.939,126.272,Knife,100,100,-37.8924,-222.4943,0,False,True,True,260.1563,4.921875
EPSILON GMX * Nike,CounterTerrorist,2471.566,2061.803,126.1871,Knife,100,100,-39.54063,-231.7007,0,False,True,True,260.1563,4.921875
EPSILON GMX * Nike,CounterTerrorist,2470.302,2054.405,126.0837,Knife,100,100,-40.9552,-239.6019,0,False,True,True,260.1563,4.921875
EPSILON GMX * Nike,CounterTerrorist,2468.998,2046.783,125.8094,Knife,100,100,-42.16923,-246.3829,0,False,True,True,260.1563,4.921875
EPSILON GMX * Nike,CounterTerrorist,2467.679,2039.082,125.5322,Knife,100,100,-42.21326,-246.4103,0,False,True,True,260.1563,4.921875
EPSILON GMX * Nike,CounterTerrorist,2466.081,2031.47,125.2379,Knife,100,100,-61.10796,-239.8464,0,False,True,True,260.1563,4.921875
EPSILON GMX * Nike,CounterTerrorist,2463.672,2024.177,124.8954,Knife,100,100,-86.23402,-229.6778,0,False,True,True,260.1563,4.921875
EPSILON GMX * Nike,CounterTerrorist,2460.547,2017.173,124.5502,Knife,100,100,-107.808,-220.9365,0,False,True,True,260.1563,4.921875
EPSILON GMX * Nike,CounterTerrorist,2456.81,2010.418,124.3726,Knife,100,100,-126.3235,-213.4344,0,False,True,True,260.1563,4.921875
EPSILON GMX * Nike,CounterTerrorist,2452.552,2003.886,124.224,Knife,100,100,-141.5787,-206.0473,0,False,True,True,260.1563,4.921875
EPSILON GMX * Nike,CounterTerrorist,2447.896,1997.614,124.0484,Knife,100,100,-153.1434,-197.6034,0,False,True,True,259.8047,4.570313
EPSILON GMX * Nike,CounterTerrorist,2443.22,1991.358,123.8713,Knife,100,100,-143.6906,-204.5801,0,False,True,True,259.8047,4.570313
EPSILON GMX * Nike,CounterTerrorist,2439.017,1984.774,123.7267,Knife,100,100,-129.2008,-214.026,0,False,True,True,259.8047,4.570313
EPSILON GMX * Nike,CounterTerrorist,2435.342,1978.147,123.6134,CZ,100,100,-111.9032,-212.315,0,False,True,True,259.8047,4.570313
EPSILON GMX * Nike,CounterTerrorist,2432.057,1971.406,123.4944,CZ,100,100,-101.2593,-217.5926,0,False,True,True,259.8047,4.570313
EPSILON GMX * Nike,CounterTerrorist,2429.073,1964.526,123.3904,CZ,100,100,-92.259,-221.5587,0,False,True,True,259.4531,4.570313
EPSILON GMX * Nike,CounterTerrorist,2426.335,1957.543,123.3357,CZ,100,100,-85.03123,-224.4319,0,False,True,True,258.3984,4.921875
EPSILON GMX * Nike,CounterTerrorist,2423.795,1950.487,123.3737,CZ,100,100,-79.14789,-226.5736,0,False,True,True,258.3984,4.921875
EPSILON GMX * Nike,CounterTerrorist,2421.421,1943.372,123.2878,CZ,100,100,-74.17374,-228.2504,0,False,True,True,258.3984,4.921875
EPSILON GMX * Nike,CounterTerrorist,2419.186,1936.213,123.2111,CZ,100,100,-70.05315,-229.5486,0,False,True,True,258.3984,4.921875
EPSILON GMX * Nike,CounterTerrorist,2417.064,1929.02,123.142,CZ,100,100,-66.68597,-230.5493,0,False,True,True,258.3984,4.921875
EPSILON GMX * Nike,CounterTerrorist,2415.036,1921.799,123.0792,CZ,100,100,-63.89466,-231.3384,0,False,True,True,258.3984,4.921875
EPSILON GMX * Nike,CounterTerrorist,2413.067,1914.471,123.0211,Knife,100,100,-62.74149,-237.3873,0,False,True,True,258.3984,4.921875
EPSILON GMX * Nike,CounterTerrorist,2410.855,1907.073,123.0213,Knife,100,100,-79.9609,-233.0932,0,False,True,True,258.3984,4.921875
EPSILON GMX * Nike,CounterTerrorist,2407.895,1899.993,123.365,Knife,100,100,-103.1242,-222.8423,0,False,True,True,258.3984,4.921875
EPSILON GMX * Nike,CounterTerrorist,2404.277,1893.204,123.7422,Knife,100,100,-123.0035,-214.0446,0,False,True,True,258.3984,4.921875
EPSILON GMX * Nike,CounterTerrorist,2400.093,1886.665,124.1055,Knife,100,100,-140.0646,-206.4942,0,False,True,True,258.3984,4.921875
EPSILON GMX * Nike,CounterTerrorist,2395.972,1880.029,124.4741,Knife,100,100,-127.0124,-215.332,0,False,True,True,258.3984,4.921875
EPSILON GMX * Nike,CounterTerrorist,2392.234,1873.17,124.8552,Knife,100,100,-115.3739,-221.7856,0,False,True,True,258.3984,4.921875
EPSILON GMX * Nike,CounterTerrorist,2388.829,1866.14,125.2382,Knife,100,100,-105.3361,-226.7252,0,False,True,True,258.3984,4.921875
EPSILON GMX * Nike,CounterTerrorist,2385.708,1858.978,125.4671,Knife,100,100,-96.73106,-230.5279,0,False,True,True,258.3984,4.921875
EPSILON GMX * Nike,CounterTerrorist,2382.832,1851.714,125.7133,Knife,100,100,-89.39838,-233.4693,0,False,True,True,258.3984,4.921875
EPSILON GMX * Nike,CounterTerrorist,2380.162,1844.373,126.2261,Knife,100,100,-83.17721,-235.7574,0,False,True,True,258.3984,4.921875
EPSILON GMX * Nike,CounterTerrorist,2377.7,1837.123,126.7345,CZ,100,100,-75.77801,-227.7228,0,False,True,True,258.75,4.921875
EPSILON GMX * Nike,CounterTerrorist,2375.429,1829.975,127.2375,CZ,100,100,-70.87163,-229.2972,0,False,True,True,259.4531,4.921875
EPSILON GMX * Nike,CounterTerrorist,2373.306,1822.782,127.7457,CZ,100,100,-66.22386,-230.6825,0,False,True,True,260.1563,4.921875
EPSILON GMX * Nike,CounterTerrorist,2371.317,1815.551,128.2582,CZ,100,100,-62.14576,-231.8144,0,False,True,True,260.5078,4.921875
EPSILON GMX * Nike,CounterTerrorist,2369.452,1808.286,128.7746,CZ,100,100,-58.17467,-232.8427,0,False,True,True,261.5625,4.921875
EPSILON GMX * Nike,CounterTerrorist,2367.719,1800.99,129.295,CZ,100,100,-53.78422,-233.8958,0,False,True,True,263.3203,4.921875
EPSILON GMX * Nike,CounterTerrorist,2366.13,1793.66,129.6989,CZ,100,100,-49.07667,-234.9287,0,False,True,True,264.7266,4.921875
EPSILON GMX * Nike,CounterTerrorist,2364.693,1786.299,138.8863,CZ,100,100,-44.05781,-235.9214,0,False,True,True,266.4844,4.921875
EPSILON GMX * Nike,CounterTerrorist,2363.422,1778.908,142.5819,CZ,100,100,-38.57209,-236.8801,0,False,True,True,268.2422,4.921875
EPSILON GMX * Nike,CounterTerrorist,2362.292,1771.494,146.2891,CZ,100,100,-37.49743,-237.0526,0,False,True,True,270,4.921875
EPSILON GMX * Nike,CounterTerrorist,2360.672,1764.191,149.9401,CZ,100,100,-59.96365,-231.7983,0,False,True,True,271.0547,5.273438
EPSILON GMX * Nike,CounterTerrorist,2358.482,1757.022,153.5245,CZ,100,100,-71.13166,-229.2167,0,False,True,True,271.0547,4.921875
EPSILON GMX * Nike,CounterTerrorist,2356.494,1749.779,157.1462,Knife,100,100,-59.49907,-234.0851,0,False,True,True,271.0547,4.921875
EPSILON GMX * Nike,CounterTerrorist,2354.818,1742.302,160.0313,Knife,100,100,-50.26702,-242.2408,0,False,True,True,271.0547,4.921875
EPSILON GMX * Nike,CounterTerrorist,2353.411,1734.627,160.0313,Knife,100,100,-41.85957,-246.4706,0,False,True,True,271.0547,4.921875
EPSILON GMX * Nike,CounterTerrorist,2352.253,1726.901,160.0313,Knife,100,100,-34.34502,-247.6296,0,False,True,True,271.0547,4.921875
EPSILON GMX * Nike,CounterTerrorist,2351.306,1719.146,160.0313,Knife,100,100,-28.01671,-248.4252,0,False,True,True,271.0547,4.921875
EPSILON GMX * Nike,CounterTerrorist,2350.537,1711.372,160.0313,Knife,100,100,-22.69729,-248.9675,0,False,True,True,271.0547,4.921875
EPSILON GMX * Nike,CounterTerrorist,2349.915,1703.584,160.0313,Knife,100,100,-18.33293,-249.3269,0,False,True,True,271.0547,4.921875
EPSILON GMX * Nike,CounterTerrorist,2349.413,1695.788,160.0313,Knife,100,100,-14.77197,-249.5632,0,False,True,True,271.0547,4.921875
EPSILON GMX * Nike,CounterTerrorist,2349.011,1687.986,160.0313,Knife,100,100,-11.82448,-249.7202,0,False,True,True,271.0547,4.921875
EPSILON GMX * Nike,CounterTerrorist,2348.691,1680.18,160.0313,Knife,100,100,-9.360104,-249.8247,0,False,True,True,271.0547,4.921875
EPSILON GMX * Nike,CounterTerrorist,2348.439,1672.372,160.0313,Knife,100,100,-7.284863,-249.8938,0,False,True,True,271.0547,4.921875
EPSILON GMX * Nike,CounterTerrorist,2348.247,1664.562,160.0313,Knife,100,100,-5.528322,-249.9389,0,False,True,True,271.0547,4.921875
EPSILON GMX * Nike,CounterTerrorist,2348.104,1656.75,160.0313,Knife,100,100,-4.036006,-249.9674,0,False,True,True,271.0547,4.921875
EPSILON GMX * Nike,CounterTerrorist,2348.003,1648.939,160.0313,Knife,100,100,-2.739901,-249.985,0,False,True,True,271.0547,4.921875
EPSILON GMX * Nike,CounterTerrorist,2347.94,1641.126,160.0313,Knife,100,100,-1.62623,-249.9947,0,False,True,True,271.0547,4.921875
EPSILON GMX * Nike,CounterTerrorist,2347.908,1633.314,160.0313,Knife,100,100,-0.6744836,-249.9991,0,False,True,True,271.0547,4.921875
EPSILON GMX * Nike,CounterTerrorist,2347.903,1625.501,160.0313,Knife,100,100,0.1397855,-250,0,False,True,True,271.0547,4.921875
EPSILON GMX * Nike,CounterTerrorist,2347.921,1617.689,160.0313,Knife,100,100,0.8370069,-249.9986,0,False,True,True,271.0547,4.921875
EPSILON GMX * Nike,CounterTerrorist,2347.959,1609.876,160.0313,Knife,100,100,1.434365,-249.9959,0,False,True,True,271.0547,4.921875
EPSILON GMX * Nike,CounterTerrorist,2348.014,1602.064,160.0313,Knife,100,100,1.94639,-249.9924,0,False,True,True,271.0547,4.921875
EPSILON GMX * Nike,CounterTerrorist,2348.084,1594.252,160.0313,Knife,100,100,2.385415,-249.9886,0,False,True,True,271.0547,4.921875
EPSILON GMX * Nike,CounterTerrorist,2348.166,1586.44,160.0313,Knife,100,100,2.761939,-249.9847,0,False,True,True,271.0547,4.921875
EPSILON GMX * Nike,CounterTerrorist,2348.259,1578.628,160.0313,Knife,100,100,3.084917,-249.981,0,False,True,True,271.0547,4.921875
EPSILON GMX * Nike,CounterTerrorist,2348.361,1570.816,160.0313,Knife,100,100,3.362,-249.9774,0,False,True,True,271.0547,4.921875
EPSILON GMX * Nike,CounterTerrorist,2348.823,1563.086,160.0313,Knife,100,100,25.84232,-244.7835,0,False,True,True,271.0547,4.921875
EPSILON GMX * Nike,CounterTerrorist,2350.151,1555.558,160.0313,Knife,100,100,52.03275,-238.6906,0,False,True,True,271.4063,4.921875
EPSILON GMX * Nike,CounterTerrorist,2352.227,1548.205,160.0313,Knife,100,100,74.64512,-233.3198,0,False,True,True,271.7578,4.921875
EPSILON GMX * Nike,CounterTerrorist,2354.953,1541.014,160.0313,Knife,100,100,94.49062,-228.2401,0,False,True,True,272.8125,5.625
EPSILON GMX * Nike,CounterTerrorist,2358.252,1533.975,160.0313,Knife,100,100,111.9075,-223.4569,0,False,True,True,273.5156,5.976563
EPSILON GMX * Nike,CounterTerrorist,2362.026,1527.136,160.0313,Knife,100,100,125.8171,-216.0325,0,False,True,True,274.5703,6.328125
EPSILON GMX * Nike,CounterTerrorist,2366.207,1520.537,160.0313,Knife,100,100,138.4631,-208.1537,0,False,True,True,277.7344,7.03125
EPSILON GMX * Nike,CounterTerrorist,2370.777,1514.202,160.0313,Knife,100,100,150.965,-199.2726,0,False,True,True,282.3047,7.734375
EPSILON GMX * Nike,CounterTerrorist,2375.746,1508.175,160.0313,Knife,100,100,163.8792,-188.7951,0,False,True,True,287.9297,8.085938
EPSILON GMX * Nike,CounterTerrorist,2381.13,1502.518,160.0313,Knife,100,100,177.4501,-176.1007,0,False,True,True,295.3125,8.4375
EPSILON GMX * Nike,CounterTerrorist,2386.939,1497.296,160.0313,Knife,100,100,190.8691,-161.459,0,False,True,True,300.9375,8.4375
EPSILON GMX * Nike,CounterTerrorist,2393.152,1492.563,160.0313,Knife,100,100,203.4181,-145.3309,0,False,True,True,306.2109,8.085938
EPSILON GMX * Nike,CounterTerrorist,2399.726,1488.345,160.0313,Knife,100,100,214.2947,-128.7547,0,False,True,True,309.375,8.085938
EPSILON GMX * Nike,CounterTerrorist,2406.601,1484.638,160.0313,Knife,100,100,223.155,-112.7024,0,False,True,True,310.7813,8.085938
EPSILON GMX * Nike,CounterTerrorist,2413.713,1481.408,160.0313,Knife,100,100,230.0244,-97.92233,0,False,True,True,311.8359,7.734375
EPSILON GMX * Nike,CounterTerrorist,2421.006,1478.609,160.0313,Knife,100,100,235.177,-84.80449,0,False,True,True,312.1875,7.734375
EPSILON GMX * Nike,CounterTerrorist,2428.432,1476.185,160.0313,Knife,100,100,238.9741,-73.42596,0,False,True,True,312.1875,7.734375
EPSILON GMX * Nike,CounterTerrorist,2435.956,1474.084,160.0313,Knife,100,100,241.7455,-63.71097,0,False,True,True,312.1875,7.734375
EPSILON GMX * Nike,CounterTerrorist,2443.552,1472.257,160.0313,Knife,100,100,243.7691,-55.46736,0,False,True,True,312.1875,7.734375
EPSILON GMX * Nike,CounterTerrorist,2451.2,1470.663,160.0313,Knife,100,100,245.2506,-48.49894,0,False,True,True,312.1875,7.734375
EPSILON GMX * Nike,CounterTerrorist,2458.886,1469.265,160.0313,Knife,100,100,246.3395,-42.62442,0,False,True,True,312.1875,7.734375
EPSILON GMX * Nike,CounterTerrorist,2466.601,1468.031,160.0313,Knife,100,100,247.1408,-37.70182,0,False,True,True,312.1875,7.734375
EPSILON GMX * Nike,CounterTerrorist,2474.335,1466.931,160.0313,Knife,100,100,247.6954,-33.86753,0,False,True,True,311.8359,7.734375
EPSILON GMX * Nike,CounterTerrorist,2482.065,1465.865,160.0313,Knife,100,100,245.7608,-38.99567,0,False,True,True,310.4297,7.734375
EPSILON GMX * Nike,CounterTerrorist,2489.571,1464.119,160.0313,Knife,100,100,236.8581,-65.66447,0,False,True,True,307.9688,8.085938
EPSILON GMX * Nike,CounterTerrorist,2496.786,1461.584,160.0313,Knife,100,100,227.0957,-90.14409,0,False,True,True,303.3984,8.4375
EPSILON GMX * Nike,CounterTerrorist,2503.659,1458.313,160.0313,Knife,100,100,215.34,-113.2853,0,False,True,True,297.4219,8.4375
EPSILON GMX * Nike,CounterTerrorist,2510.109,1454.338,160.0313,Knife,100,100,200.7211,-135.3668,0,False,True,True,290.0391,8.789063
EPSILON GMX * Nike,CounterTerrorist,2516.063,1449.705,160.0313,Knife,100,100,184.2604,-155.7345,0,False,True,True,285.1172,8.4375
EPSILON GMX * Nike,CounterTerrorist,2521.799,1444.693,160.0313,Knife,100,100,186.9102,-160.4674,0,False,True,True,280.8984,8.4375
EPSILON GMX * Nike,CounterTerrorist,2527.748,1439.657,160.0313,Knife,100,100,191.1673,-161.1058,0,False,True,True,275.9766,8.4375
EPSILON GMX * Nike,CounterTerrorist,2533.718,1434.618,160.0313,Knife,100,100,190.8155,-161.5223,0,False,True,True,273.1641,8.4375
EPSILON GMX * Nike,CounterTerrorist,2539.663,1429.549,160.0313,Knife,100,100,189.878,-162.6233,0,False,True,True,272.4609,8.4375
EPSILON GMX * Nike,CounterTerrorist,2545.094,1424.103,160.0313,Knife,100,100,164.6679,-180.8826,0,False,True,True,272.4609,8.4375
EPSILON GMX * Nike,CounterTerrorist,2549.81,1418.139,160.0313,Knife,100,100,143.0319,-196.5533,0,False,True,True,272.4609,8.4375
EPSILON GMX * Nike,CounterTerrorist,2553.91,1411.729,160.0313,Knife,100,100,124.4633,-210.0023,0,False,True,True,272.4609,8.4375
EPSILON GMX * Nike,CounterTerrorist,2557.482,1404.937,160.0313,Knife,100,100,108.5272,-221.5446,0,False,True,True,272.4609,8.4375
EPSILON GMX * Nike,CounterTerrorist,2560.777,1397.897,160.0313,Knife,100,100,109.7554,-224.5416,0,False,True,True,272.4609,8.4375
EPSILON GMX * Nike,CounterTerrorist,2564.301,1390.926,160.0313,Knife,100,100,108.4984,-225.229,0,False,True,True,272.4609,8.4375
EPSILON GMX * Nike,CounterTerrorist,2567.396,1383.754,160.0313,Knife,100,100,93.62302,-231.8075,0,False,True,True,272.4609,8.4375
EPSILON GMX * Nike,CounterTerrorist,2570.066,1376.412,160.0313,Knife,100,100,80.73636,-236.6044,0,False,True,True,272.4609,8.4375
EPSILON GMX * Nike,CounterTerrorist,2572.369,1368.948,160.0313,Knife,100,100,69.68257,-240.0924,0,False,True,True,272.4609,8.4375
EPSILON GMX * Nike,CounterTerrorist,2574.359,1361.393,160.0313,Knife,100,100,60.26715,-242.627,0,False,True,True,272.4609,8.4375
EPSILON GMX * Nike,CounterTerrorist,2576.083,1353.774,160.0313,Knife,100,100,52.28691,-244.471,0,False,True,True,272.4609,8.4375
EPSILON GMX * Nike,CounterTerrorist,2577.578,1346.106,160.0313,Knife,100,100,45.08044,-245.9019,0,False,True,True,270.7031,8.4375
EPSILON GMX * Nike,CounterTerrorist,2578.83,1338.395,160.0313,Knife,100,100,36.91795,-247.2591,0,False,True,True,267.1875,8.789063
EPSILON GMX * Nike,CounterTerrorist,2579.787,1330.641,160.0313,Knife,100,100,26.48541,-248.5931,0,False,True,True,261.2109,10.19531
EPSILON GMX * Nike,CounterTerrorist,2580.102,1322.973,160.0313,Knife,100,100,-4.255394,-240.3013,0,False,True,True,253.4766,13.00781
EPSILON GMX * Nike,CounterTerrorist,2579.237,1315.792,160.0313,Knife,100,100,-41.28523,-223.3293,0,False,True,True,247.5,21.44531
EPSILON GMX * Nike,CounterTerrorist,2577.291,1309.157,160.0313,Knife,100,100,-74.32529,-205.6864,0,False,True,True,243.2813,36.91406
EPSILON GMX * Nike,CounterTerrorist,2574.629,1302.774,160.0313,Knife,100,100,-88.4678,-207.0751,0,False,True,True,240.1172,56.25
EPSILON GMX * Nike,CounterTerrorist,2571.691,1296.181,160.0313,Knife,100,100,-97.2397,-213.1504,0,False,True,True,238.711,80.15625
EPSILON GMX * Nike,CounterTerrorist,2568.502,1289.417,160.0313,Knife,100,100,-104.6681,-218.4235,0,False,True,True,239.7656,88.94531
EPSILON GMX * Nike,CounterTerrorist,2565.118,1282.493,160.0313,Knife,100,100,-110.3141,-223.3763,0,False,True,True,240.4688,88.94531
EPSILON GMX * Nike,CounterTerrorist,2561.616,1275.509,160.0313,Knife,100,100,-112.8166,-223.0973,0,False,True,True,240.1172,85.42969
EPSILON GMX * Nike,CounterTerrorist,2558.052,1268.557,160.0313,Knife,100,100,-114.828,-222.0687,0,False,True,True,239.4141,74.53125
EPSILON GMX * Nike,CounterTerrorist,2554.41,1261.646,160.0313,Knife,100,100,-117.8063,-220.5032,0,False,True,True,236.25,61.52344
EPSILON GMX * Nike,CounterTerrorist,2550.634,1254.806,160.0313,Knife,100,100,-122.7475,-217.7913,0,False,True,True,233.0859,52.73437
EPSILON GMX * Nike,CounterTerrorist,2546.698,1248.058,160.0313,Knife,100,100,-127.8468,-214.8376,0,False,True,True,232.0313,46.75781
EPSILON GMX * Nike,CounterTerrorist,2542.612,1241.4,160.0313,Knife,100,100,-132.4173,-212.0511,0,False,True,True,231.6797,36.21094
EPSILON GMX * Nike,CounterTerrorist,2538.391,1234.826,160.0313,Knife,100,100,-136.6679,-209.3368,0,False,True,True,230.2734,32.34375
EPSILON GMX * Nike,CounterTerrorist,2534.364,1228.165,160.0313,Knife,100,100,-120.2401,-217.5314,0,False,True,True,229.5703,31.28906
EPSILON GMX * Nike,CounterTerrorist,2531.006,1221.16,160.0313,Knife,100,100,-100.1807,-227.9317,0,False,True,True,228.8672,30.23438
EPSILON GMX * Nike,CounterTerrorist,2528.219,1213.87,160.0313,Knife,100,100,-82.8036,-235.8889,0,False,True,True,228.8672,28.47656
EPSILON GMX * Nike,CounterTerrorist,2525.747,1206.46,160.0313,Knife,100,100,-83.39952,-235.6788,0,False,True,True,227.8125,27.42188
EPSILON GMX * Nike,CounterTerrorist,2522.836,1199.211,160.0313,Knife,100,100,-98.74792,-229.6712,0,False,True,True,226.4063,26.36719
EPSILON GMX * Nike,CounterTerrorist,2519.485,1192.155,160.0313,Knife,100,100,-112.0657,-223.4754,0,False,True,True,225.3516,25.66406
EPSILON GMX * Nike,CounterTerrorist,2515.756,1185.291,160.0313,Knife,100,100,-123.4839,-217.3746,0,False,True,True,224.6484,25.3125
EPSILON GMX * Nike,CounterTerrorist,2511.704,1178.612,160.0313,Knife,100,100,-133.1699,-211.5793,0,False,True,True,224.2969,24.96094
EPSILON GMX * Nike,CounterTerrorist,2507.379,1172.106,160.0313,Knife,100,100,-141.3375,-206.2128,0,False,True,True,223.9453,24.60938
EPSILON GMX * Nike,CounterTerrorist,2502.826,1165.758,160.0313,Knife,100,100,-148.1511,-201.3734,0,False,True,True,223.5938,24.60938
EPSILON GMX * Nike,CounterTerrorist,2498.084,1159.549,160.0313,Knife,100,100,-153.7629,-197.1217,0,False,True,True,223.5938,24.60938
EPSILON GMX * Nike,CounterTerrorist,2493.186,1153.464,160.0313,Knife,100,100,-158.4587,-193.3671,0,False,True,True,223.5938,24.60938
EPSILON GMX * Nike,CounterTerrorist,2488.154,1147.488,160.0313,Knife,100,100,-162.4595,-190.0181,0,False,True,True,223.2422,24.25781
EPSILON GMX * Nike,CounterTerrorist,2483.011,1141.607,160.0313,Knife,100,100,-165.7608,-187.1453,0,False,True,True,223.2422,23.55469
EPSILON GMX * Nike,CounterTerrorist,2477.782,1135.802,160.0313,Knife,100,100,-168.0823,-185.063,0,False,True,True,224.2969,22.85156
EPSILON GMX * Nike,CounterTerrorist,2472.472,1130.09,160.0313,Knife,100,100,-173.5464,-177.6633,0,False,True,True,226.4063,21.79688
EPSILON GMX * Nike,CounterTerrorist,2471.779,1124.992,160.0313,Knife,100,100,-21.39638,-155.1824,0,False,True,True,229.9219,20.74219
EPSILON GMX * Nike,CounterTerrorist,2470.353,1120.486,160.0313,Knife,100,100,-59.40114,-138.213,0,False,True,True,233.0859,19.33594
EPSILON GMX * Nike,CounterTerrorist,2467.852,1116.425,160.0313,Knife,100,100,-91.75874,-125.4555,0,False,True,True,235.1953,18.28125
EPSILON GMX * Nike,CounterTerrorist,2464.433,1112.718,160.0313,Knife,100,100,-119.5161,-114.5842,0,False,True,True,233.789,17.92969
EPSILON GMX * Nike,CounterTerrorist,2460.218,1112.005,160.0313,Knife,100,100,-143.6891,0,0,False,True,True,229.2188,18.28125
EPSILON GMX * Nike,CounterTerrorist,2455.31,1112.004,160.0313,Knife,100,100,-164.653,0.3536717,0,False,True,True,223.2422,18.98438
EPSILON GMX * Nike,CounterTerrorist,2449.808,1112.063,160.0313,Knife,100,100,-182.5638,3.059425,0,False,True,True,220.0781,20.03906
EPSILON GMX * Nike,CounterTerrorist,2443.988,1112.031,160.0313,Knife,100,100,-188.3581,0,0,False,True,True,220.0781,20.39063
EPSILON GMX * Nike,CounterTerrorist,2438.008,1112.031,160.0313,Knife,100,100,-192.9875,0,0,False,True,True,221.1328,20.74219
EPSILON GMX * Nike,CounterTerrorist,2431.908,1112.031,160.0313,Knife,100,100,-196.3228,0,0,False,True,True,222.5391,21.09375
EPSILON GMX * Nike,CounterTerrorist,2425.731,1111.971,160.0313,Knife,100,100,-198.3311,-7.666436,0,False,True,True,224.6484,21.09375
EPSILON GMX * Nike,CounterTerrorist,2419.514,1111.169,160.0313,Knife,100,100,-199.1978,-36.06895,0,False,True,True,226.0547,21.44531
EPSILON GMX * Nike,CounterTerrorist,2413.288,1109.543,160.0313,Knife,100,100,-199.1516,-61.20131,0,False,True,True,227.4609,21.44531
EPSILON GMX * Nike,CounterTerrorist,2407.082,1107.186,160.0313,Knife,100,100,-198.0877,-83.69171,0,False,True,True,229.5703,21.79688
EPSILON GMX * Nike,CounterTerrorist,2400.935,1104.165,160.0313,Knife,100,100,-195.6657,-104.2446,0,False,True,True,232.7344,22.14844
EPSILON GMX * Nike,CounterTerrorist,2394.897,1100.53,160.0313,Knife,100,100,-191.5627,-123.3868,0,False,True,True,236.6016,22.14844
EPSILON GMX * Nike,CounterTerrorist,2389.018,1096.323,156.5751,Knife,100,100,-185.8899,-141.2159,0,False,True,True,240.1172,22.5
EPSILON GMX * Nike,CounterTerrorist,2383.97,1091.52,156.2063,Knife,100,100,-147.3161,-160.6919,0,False,True,True,243.2813,22.5
EPSILON GMX * Nike,CounterTerrorist,2380.941,1087.559,156.0336,Knife,100,100,-120.4041,-172.9202,0,False,True,True,246.0938,22.5
EPSILON GMX * Nike,CounterTerrorist,2377.216,1080.405,155.9241,Knife,100,100,-79.32355,-189.4025,0,False,True,True,249.6094,22.5
EPSILON GMX * Nike,CounterTerrorist,2375.317,1074.278,155.9801,Knife,100,100,-50.01773,-199.7464,0,False,True,True,251.3672,22.85156
EPSILON GMX * Nike,CounterTerrorist,2373.643,1067.816,155.8887,Knife,100,100,-55.48555,-210.8241,0,False,True,True,252.7734,22.85156
EPSILON GMX * Nike,CounterTerrorist,2371.826,1061.036,155.678,Knife,100,100,-59.60558,-220.5097,0,False,True,True,253.4766,22.85156
EPSILON GMX * Nike,CounterTerrorist,2369.899,1053.978,155.4545,Knife,100,100,-62.85744,-228.9072,0,False,True,True,253.4766,22.85156
EPSILON GMX * Nike,CounterTerrorist,2367.879,1046.681,155.2204,Knife,100,100,-65.62318,-236.1217,0,False,True,True,253.4766,22.85156
EPSILON GMX * Nike,CounterTerrorist,2365.786,1039.192,154.9368,Knife,100,100,-67.50792,-240.7129,0,False,True,True,253.4766,22.85156
EPSILON GMX * Nike,CounterTerrorist,2363.668,1031.672,154.4636,Knife,100,100,-67.89425,-240.6042,0,False,True,True,253.8281,23.55469
EPSILON GMX * Nike,CounterTerrorist,2361.538,1024.155,154.4526,Knife,100,100,-68.35986,-240.4723,0,False,True,True,253.125,24.25781
EPSILON GMX * Nike,CounterTerrorist,2359.384,1016.646,154.4402,Knife,100,100,-69.34983,-240.1887,0,False,True,True,252.0703,27.07031
EPSILON GMX * Nike,CounterTerrorist,2357.193,1009.146,154.4254,Knife,100,100,-70.53197,-239.8442,0,False,True,True,252.0703,32.69531
EPSILON GMX * Nike,CounterTerrorist,2354.977,1001.655,154.3157,Knife,100,100,-71.07714,-239.6832,0,False,True,True,253.125,43.59375
EPSILON GMX * Nike,CounterTerrorist,2352.748,994.1673,154.1883,Knife,100,100,-71.59193,-239.5299,0,False,True,True,252.0703,58.71093
EPSILON GMX * Nike,CounterTerrorist,2351.053,988.5582,154.0915,Knife,100,100,-72.72152,-239.1894,0,False,True,True,250.3125,68.55469
EPSILON GMX * Nike,CounterTerrorist,2348.129,979.2408,153.8188,Knife,100,100,-76.45821,-238.0213,0,False,True,True,247.5,87.89063
EPSILON GMX * Nike,CounterTerrorist,2345.683,971.821,153.4194,Knife,100,100,-79.24158,-237.1092,0,False,True,True,247.8516,88.94531
EPSILON GMX * Nike,CounterTerrorist,2343.157,964.428,152.9176,Knife,100,100,-81.78155,-236.2452,0,False,True,True,247.1484,87.89063
EPSILON GMX * Nike,CounterTerrorist,2340.55,957.0637,152.4072,Knife,100,100,-84.52006,-235.2793,0,False,True,True,245.7422,80.85938
EPSILON GMX * Nike,CounterTerrorist,2337.838,949.7368,151.8862,Knife,100,100,-88.20056,-233.9245,0,False,True,True,243.9844,71.36719
EPSILON GMX * Nike,CounterTerrorist,2335.008,942.4552,151.3529,Knife,100,100,-91.97498,-232.4663,0,False,True,True,243.2813,59.0625
EPSILON GMX * Nike,CounterTerrorist,2332.062,935.2194,150.8078,Knife,100,100,-95.67343,-230.9688,0,False,True,True,241.875,47.8125
EPSILON GMX * Nike,CounterTerrorist,2328.993,928.0351,150.2502,Knife,100,100,-99.76904,-229.2294,0,False,True,True,240.4688,36.91406
EPSILON GMX * Nike,CounterTerrorist,2325.797,920.9061,149.6799,Knife,100,100,-103.6575,-227.4975,0,False,True,True,240.1172,30.23438
EPSILON GMX * Nike,CounterTerrorist,2322.263,913.9927,149.0773,Knife,100,100,-122.233,-213.9248,0,False,True,True,240.4688,28.125
EPSILON GMX * Nike,CounterTerrorist,2317.996,907.6893,148.4092,Knife,100,100,-144.7197,-194.7554,0,False,True,True,240.8203,27.77344
EPSILON GMX * Nike,CounterTerrorist,2313.21,901.7763,147.6936,Knife,100,100,-153.7437,-191.3309,0,False,True,True,241.1719,28.125
EPSILON GMX * Nike,CounterTerrorist,2308.452,895.6242,146.974,Knife,100,100,-150.8576,-199.3539,0,False,True,True,241.5234,29.17969
EPSILON GMX * Nike,CounterTerrorist,2303.837,889.3205,147.2348,Knife,100,100,-145.8941,-203.0145,0,False,True,True,241.1719,32.34375
EPSILON GMX * Nike,CounterTerrorist,2299.35,882.9251,147.5251,Knife,100,100,-142.435,-205.4563,0,False,True,True,239.7656,37.96875
EPSILON GMX * Nike,CounterTerrorist,2294.934,876.4805,147.8106,Knife,100,100,-140.8646,-206.5361,0,False,True,True,237.3047,47.46093
EPSILON GMX * Nike,CounterTerrorist,2290.532,870.0264,148.0952,Knife,100,100,-141.0248,-206.4267,0,False,True,True,234.4922,62.22656
EPSILON GMX * Nike,CounterTerrorist,2286.112,863.5842,148.3809,Knife,100,100,-141.6611,-205.9906,0,False,True,True,234.4922,64.6875
EPSILON GMX * Nike,CounterTerrorist,2281.675,857.1544,148.6679,Knife,100,100,-142.2049,-205.6156,0,False,True,True,234.4922,64.6875
EPSILON GMX * Nike,CounterTerrorist,2277.223,850.7344,148.9548,Knife,100,100,-142.5351,-205.3868,0,False,True,True,235.1953,63.63281
EPSILON GMX * Nike,CounterTerrorist,2272.778,844.3099,149.2327,Knife,100,100,-141.915,-205.8158,0,False,True,True,237.3047,58.00781
EPSILON GMX * Nike,CounterTerrorist,2268.382,837.8516,149.5074,Knife,100,100,-139.7512,-207.2911,0,False,True,True,240.4688,49.21875
EPSILON GMX * Nike,CounterTerrorist,2264.077,831.332,149.7765,Knife,100,100,-136.4022,-209.51,0,False,True,True,242.5781,41.48438
EPSILON GMX * Nike,CounterTerrorist,2259.896,824.7327,150.0378,Knife,100,100,-132.1387,-212.2248,0,False,True,True,244.6875,34.80469
EPSILON GMX * Nike,CounterTerrorist,2255.863,818.0419,150.2547,Knife,100,100,-127.1556,-215.2474,0,False,True,True,247.1484,30.58594
EPSILON GMX * Nike,CounterTerrorist,2251.991,811.2567,150.4595,Knife,100,100,-121.9759,-218.2244,0,False,True,True,248.2031,29.17969
EPSILON GMX * Nike,CounterTerrorist,2248.273,804.3855,150.8648,Knife,100,100,-117.2411,-220.8043,0,False,True,True,248.5547,28.82813
EPSILON GMX * Nike,CounterTerrorist,2244.966,797.3698,151.3993,Knife,100,100,-94.00298,-227.1073,0,False,True,True,248.9063,30.23438
EPSILON GMX * Nike,CounterTerrorist,2242.635,790.1647,151.6869,Knife,100,100,-63.40285,-232.4783,0,False,True,True,250.3125,33.39844
EPSILON GMX * Nike,CounterTerrorist,2241.199,782.8187,151.8641,Knife,100,100,-35.80084,-236.4397,0,False,True,True,252.7734,37.96875
EPSILON GMX * Nike,CounterTerrorist,2240.581,775.3781,151.9303,Knife,100,100,-10.38754,-238.9176,0,False,True,True,255.5859,43.59375
EPSILON GMX * Nike,CounterTerrorist,2240.72,767.8868,151.923,Knife,100,100,13.09133,-240.0498,0,False,True,True,258.0469,49.57031
EPSILON GMX * Nike,CounterTerrorist,2240.943,760.2534,151.8863,Knife,100,100,3.958805,-246.719,0,False,True,True,260.8594,55.89844
EPSILON GMX * Nike,CounterTerrorist,2240.943,752.4559,151.8768,Knife,100,100,-1.992628,-249.9921,0,False,True,True,263.3203,60.46875
EPSILON GMX * Nike,CounterTerrorist,2240.814,744.6445,151.8768,Knife,100,100,-5.140171,-249.9471,0,False,True,True,265.4297,63.63281
EPSILON GMX * Nike,CounterTerrorist,2240.615,736.8345,151.8938,Knife,100,100,-7.048897,-249.9006,0,False,True,True,265.7813,63.98437
EPSILON GMX * Nike,CounterTerrorist,2240.325,729.0278,151.8836,Knife,100,100,-13.48071,-249.6363,0,False,True,True,266.1328,61.17188
EPSILON GMX * Nike,CounterTerrorist,2239.325,721.3865,151.9683,Knife,100,100,-42.50867,-241.6776,0,False,True,True,266.8359,52.38281
EPSILON GMX * Nike,CounterTerrorist,2237.507,713.9625,152.1689,Knife,100,100,-67.05277,-235.258,0,False,True,True,267.5391,43.94531
EPSILON GMX * Nike,CounterTerrorist,2234.994,706.7183,152.4684,Knife,100,100,-88.00729,-229.8688,0,False,True,True,267.5391,38.67188
EPSILON GMX * Nike,CounterTerrorist,2231.89,699.6226,152.852,Knife,100,100,-105.7674,-225.4853,0,False,True,True,268.2422,34.80469
EPSILON GMX * Nike,CounterTerrorist,2228.299,692.6865,153.3052,Knife,100,100,-119.9097,-219.3665,0,False,True,True,267.5391,33.39844
EPSILON GMX * Nike,CounterTerrorist,2225.344,687.6272,153.6829,Knife,100,100,-129.0585,-214.1119,0,False,True,True,266.1328,32.69531
EPSILON GMX * Nike,CounterTerrorist,2220.131,679.3701,154.354,Knife,100,100,-129.4364,-213.8836,0,False,True,True,262.9688,31.99219
EPSILON GMX * Nike,CounterTerrorist,2216.36,672.5293,154.8124,Knife,100,100,-115.9251,-221.498,0,False,True,True,259.8047,31.99219
EPSILON GMX * Nike,CounterTerrorist,2212.926,665.5127,155.2276,Knife,100,100,-106.8624,-226.0098,0,False,True,True,254.8828,31.99219
EPSILON GMX * Nike,CounterTerrorist,2209.683,658.405,155.6189,Knife,100,100,-102.5135,-228.0153,0,False,True,True,249.6094,32.34375
EPSILON GMX * Nike,CounterTerrorist,2206.496,651.2724,156.0035,Knife,100,100,-102.0933,-228.2038,0,False,True,True,244.6875,33.04688
EPSILON GMX * Nike,CounterTerrorist,2203.259,644.1618,156.3942,Knife,100,100,-104.8329,-226.9583,0,False,True,True,239.4141,35.50781
EPSILON GMX * Nike,CounterTerrorist,2199.886,637.1154,156.8018,Knife,100,100,-110.0676,-224.4663,0,False,True,True,235.5469,40.07813
EPSILON GMX * Nike,CounterTerrorist,2196.322,630.1634,157.2331,Knife,100,100,-116.4571,-221.2188,0,False,True,True,233.0859,48.16407
EPSILON GMX * Nike,CounterTerrorist,2192.568,623.3123,160.0313,Knife,100,100,-122.1201,-218.1437,0,False,True,True,233.4375,57.65625
EPSILON GMX * Nike,CounterTerrorist,2188.679,616.5366,160.0313,Knife,100,100,-125.5147,-216.2084,0,False,True,True,235.8984,64.6875
EPSILON GMX * Nike,CounterTerrorist,2184.728,609.7972,160.0313,Knife,100,100,-126.8154,-215.448,0,False,True,True,238.3594,68.90625
EPSILON GMX * Nike,CounterTerrorist,2180.758,603.0686,160.0313,Knife,100,100,-127.0784,-215.293,0,False,True,True,239.4141,67.5
EPSILON GMX * Nike,CounterTerrorist,2176.796,596.335,160.0313,Knife,100,100,-126.4207,-215.6799,0,False,True,True,241.5234,59.76563
EPSILON GMX * Nike,CounterTerrorist,2172.877,589.5767,160.0313,Knife,100,100,-124.7594,-216.6451,0,False,True,True,242.9297,48.16407
EPSILON GMX * Nike,CounterTerrorist,2169.011,582.788,160.0313,Knife,100,100,-123.1664,-217.5547,0,False,True,True,242.5781,40.07813
EPSILON GMX * Nike,CounterTerrorist,2165.182,575.9781,160.0313,Knife,100,100,-122.247,-218.0726,0,False,True,True,241.875,33.75
EPSILON GMX * Nike,CounterTerrorist,2161.365,569.1621,160.0313,Knife,100,100,-122.2401,-218.0765,0,False,True,True,240.1172,29.53125
EPSILON GMX * Nike,CounterTerrorist,2157.53,562.3557,160.0313,Knife,100,100,-123.1236,-217.5789,0,False,True,True,238.3594,27.42188
EPSILON GMX * Nike,CounterTerrorist,2153.65,555.5743,160.0313,Knife,100,100,-124.8329,-216.6027,0,False,True,True,236.9531,26.01563
EPSILON GMX * Nike,CounterTerrorist,2149.704,548.8322,160.0313,Knife,100,100,-127.2502,-215.1915,0,False,True,True,235.1953,24.60938
EPSILON GMX * Nike,CounterTerrorist,2145.673,542.1398,160.0313,Knife,100,100,-130.074,-213.4965,0,False,True,True,234.1406,23.90625
EPSILON GMX * Nike,CounterTerrorist,2141.548,535.5053,160.0313,Knife,100,100,-133.2003,-211.5602,0,False,True,True,232.7344,23.20313
EPSILON GMX * Nike,CounterTerrorist,2137.318,528.9373,160.0313,Knife,100,100,-136.7434,-209.2875,0,False,True,True,230.9766,22.5
EPSILON GMX * Nike,CounterTerrorist,2133.083,522.3782,160.0313,Knife,100,100,-129.8549,-213.0046,0,False,True,True,228.8672,21.44531
EPSILON GMX * Nike,CounterTerrorist,2129.431,515.5007,160.0313,Knife,100,100,-109.6692,-224.1162,0,False,True,True,226.7578,20.39063
EPSILON GMX * Nike,CounterTerrorist,2126.333,508.3311,160.0313,Knife,100,100,-93.14412,-232.0004,0,False,True,True,224.6484,19.33594
EPSILON GMX * Nike,CounterTerrorist,2123.692,500.9794,160.0313,Knife,100,100,-79.71378,-236.9509,0,False,True,True,222.8906,17.92969
EPSILON GMX * Nike,CounterTerrorist,2121.054,493.6283,160.0313,Knife,100,100,-91.86681,-232.5091,0,False,True,True,221.1328,16.52344
EPSILON GMX * Nike,CounterTerrorist,2117.829,486.5145,160.0313,Knife,100,100,-109.7017,-224.6454,0,False,True,True,219.7266,15.46875
EPSILON GMX * Nike,CounterTerrorist,2114.091,479.6558,160.0313,Knife,100,100,-125.2711,-216.3496,0,False,True,True,217.9688,14.41406
EPSILON GMX * Nike,CounterTerrorist,2109.907,473.0593,160.0313,Knife,100,100,-138.8007,-207.9288,0,False,True,True,216.5625,13.35938
EPSILON GMX * Nike,CounterTerrorist,2105.587,466.5513,160.0313,Knife,100,100,-133.3258,-211.4811,0,False,True,True,215.1563,12.65625
EPSILON GMX * Nike,CounterTerrorist,2101.681,459.7865,160.0313,Knife,100,100,-120.3073,-219.1487,0,False,True,True,213.75,12.30469
EPSILON GMX * Nike,CounterTerrorist,2098.131,452.8282,160.0313,Knife,100,100,-109.9291,-224.5342,0,False,True,True,212.3437,11.60156
EPSILON GMX * Nike,CounterTerrorist,2094.857,445.735,160.0313,Knife,100,100,-101.9191,-228.2816,0,False,True,True,210.9375,11.25
EPSILON GMX * Nike,CounterTerrorist,2091.794,438.5481,160.0313,Knife,100,100,-95.87364,-230.8858,0,False,True,True,209.8828,10.89844
EPSILON GMX * Nike,CounterTerrorist,2088.894,431.2939,160.0313,Knife,100,100,-91.05804,-232.827,0,False,True,True,209.8828,10.89844
EPSILON GMX * Nike,CounterTerrorist,2086.143,423.982,160.0313,Knife,100,100,-86.05887,-234.7208,0,False,True,True,212.3437,9.84375
EPSILON GMX * Nike,CounterTerrorist,2083.6,416.5953,160.0313,Knife,100,100,-77.97597,-237.5284,0,False,True,True,220.4297,8.085938
EPSILON GMX * Nike,CounterTerrorist,2080.814,409.2979,160.0313,Knife,100,100,-94.5428,-231.4339,0,False,True,True,230.2734,7.03125
EPSILON GMX * Nike,CounterTerrorist,2077.699,402.1333,160.0313,Knife,100,100,-101.6512,-228.401,0,False,True,True,240.4688,6.679688
EPSILON GMX * Nike,CounterTerrorist,2074.513,395.0003,160.0313,Knife,100,100,-101.5928,-228.427,0,False,True,True,248.5547,5.625
EPSILON GMX * Nike,CounterTerrorist,2071.236,387.9301,160.0313,Knife,100,100,-111.9786,-221.9005,0,False,True,True,252.0703,5.273438
EPSILON GMX * Nike,CounterTerrorist,2067.328,381.232,160.0313,Knife,100,100,-132.4498,-210.1558,0,False,True,True,253.8281,5.273438
EPSILON GMX * Nike,CounterTerrorist,2062.846,374.8573,160.0313,Knife,100,100,-149.5441,-200.3411,0,False,True,True,254.1797,5.273438
EPSILON GMX * Nike,CounterTerrorist,2057.912,368.8016,160.0313,Knife,100,100,-162.5284,-189.9593,0,False,True,True,254.5313,5.273438
EPSILON GMX * Nike,CounterTerrorist,2052.627,363.0492,160.0313,Knife,100,100,-172.7477,-180.7159,0,False,True,True,254.8828,5.273438
EPSILON GMX * Nike,CounterTerrorist,2051.023,356.94,160.0313,Knife,100,100,-28.60631,-197.8603,0,False,True,True,256.2891,5.273438
EPSILON GMX * Nike,CounterTerrorist,2049.512,350.8788,160.0313,Knife,100,100,-59.52681,-191.8638,0,False,True,True,257.6953,5.273438
EPSILON GMX * Nike,CounterTerrorist,2047.136,344.9658,160.0313,Knife,100,100,-85.31716,-187.858,0,False,True,True,259.8047,5.273438
EPSILON GMX * Nike,CounterTerrorist,2044.044,339.143,160.0313,Knife,100,100,-106.6159,-185.6073,0,False,True,True,261.9141,5.273438
EPSILON GMX * Nike,CounterTerrorist,2040.364,333.3607,160.0313,Knife,100,100,-124.0018,-184.8542,0,False,True,True,264.0234,5.625
EPSILON GMX * Nike,CounterTerrorist,2036.205,327.5809,160.0313,Knife,100,100,-138.1848,-185.1208,0,False,True,True,265.4297,5.625
EPSILON GMX * Nike,CounterTerrorist,2031.654,321.7798,160.0313,Knife,100,100,-149.8105,-185.9927,0,False,True,True,266.1328,5.976563
EPSILON GMX * Nike,CounterTerrorist,2026.778,315.9478,160.0313,Knife,100,100,-159.5708,-186.9898,0,False,True,True,266.4844,5.976563
EPSILON GMX * Nike,CounterTerrorist,2021.636,310.1031,160.0313,Knife,100,100,-166.7653,-186.2507,0,False,True,True,265.7813,6.328125
EPSILON GMX * Nike,CounterTerrorist,2016.334,304.3658,160.0313,Knife,100,100,-171.5514,-181.8519,0,False,True,True,262.6172,6.679688
EPSILON GMX * Nike,CounterTerrorist,2010.851,298.8017,160.0313,Knife,100,100,-178.0945,-175.449,0,False,True,True,255.9375,8.085938
EPSILON GMX * Nike,CounterTerrorist,2005.116,293.4974,160.0313,Knife,100,100,-187.0497,-165.8686,0,False,True,True,247.8516,9.492188
EPSILON GMX * Nike,CounterTerrorist,1999.063,288.5606,160.0313,Knife,100,100,-197.7842,-152.9098,0,False,True,True,239.4141,10.19531
EPSILON GMX * Nike,CounterTerrorist,1992.863,284.0106,160.0313,Knife,100,100,-213.1647,-32.79457,0,False,True,True,235.8984,10.19531
EPSILON GMX * Nike,CounterTerrorist,1986.399,282.3873,160.0313,Knife,100,100,-198.3492,-63.92159,0,False,True,True,234.8437,9.84375
EPSILON GMX * Nike,CounterTerrorist,1980.901,279.7593,160.0313,Knife,100,100,-163.1659,-95.60163,0,False,True,True,234.8437,9.84375
EPSILON GMX * Nike,CounterTerrorist,1976.402,276.2304,160.0313,Knife,100,100,-133.014,-122.7979,0,False,True,True,234.8437,9.492188
EPSILON GMX * Nike,CounterTerrorist,1972.761,271.9285,160.0313,Knife,100,100,-107.1008,-146.1322,0,False,True,True,234.8437,9.492188
EPSILON GMX * Nike,CounterTerrorist,1969.857,266.9633,160.0313,Knife,100,100,-84.86141,-166.1585,0,False,True,True,234.8437,9.492188
EPSILON GMX * Nike,CounterTerrorist,1967.586,261.4289,160.0313,Knife,100,100,-65.7097,-183.3342,0,False,True,True,234.8437,9.140625
EPSILON GMX * Nike,CounterTerrorist,1965.866,255.4074,160.0313,Knife,100,100,-48.89069,-198.0058,0,False,True,True,235.8984,8.4375
EPSILON GMX * Nike,CounterTerrorist,1964.643,248.9727,160.0313,Knife,100,100,-33.35482,-210.3771,0,False,True,True,237.6563,7.03125
EPSILON GMX * Nike,CounterTerrorist,1963.894,242.1934,160.0313,Knife,100,100,-18.41799,-220.6189,0,False,True,True,240.1172,5.625
EPSILON GMX * Nike,CounterTerrorist,1963.602,235.1319,160.0313,Knife,100,100,-3.925342,-228.9439,0,False,True,True,242.5781,4.570313
EPSILON GMX * Nike,CounterTerrorist,1963.757,227.845,160.0313,Knife,100,100,10.32078,-235.4994,0,False,True,True,245.3906,4.21875
EPSILON GMX * Nike,CounterTerrorist,1964.361,220.3878,160.0313,Knife,100,100,24.75012,-240.2791,0,False,True,True,248.9063,3.867188
EPSILON GMX * Nike,CounterTerrorist,1965.43,212.8199,160.0313,Knife,100,100,40.04979,-243.0232,0,False,True,True,254.1797,4.21875
EPSILON GMX * Nike,CounterTerrorist,1967.016,205.2215,160.0313,Knife,100,100,57.58038,-242.7453,0,False,True,True,262.2656,3.164063
EPSILON GMX * Nike,CounterTerrorist,1969.137,197.7032,160.0313,Knife,100,100,69.4626,-240.1561,0,False,True,True,271.0547,2.109375
EPSILON GMX * Nike,CounterTerrorist,1971.159,190.1572,160.0313,Knife,100,100,62.65507,-242.0214,0,False,True,True,278.7891,1.054688
EPSILON GMX * Nike,CounterTerrorist,1973.076,182.5836,160.0313,Knife,100,100,61.04554,-242.4323,0,False,True,True,283.7109,1.054688
EPSILON GMX * Nike,CounterTerrorist,1974.493,174.9547,160.0313,Knife,100,100,34.69073,-244.6922,0,False,True,True,285.8203,1.757813
EPSILON GMX * Nike,CounterTerrorist,1975.071,167.284,160.0313,Knife,100,100,8.985964,-245.7406,0,False,True,True,283.3594,5.625
EPSILON GMX * Nike,CounterTerrorist,1974.851,159.627,160.0313,Knife,100,100,-16.89797,-244.0742,0,False,True,True,274.9219,13.00781
EPSILON GMX * Nike,CounterTerrorist,1974.001,152.0254,168.9803,Knife,100,100,-44.43493,-241.7022,273.8684,False,True,True,264.0234,21.79688
EPSILON GMX * Nike,CounterTerrorist,1971.528,144.7173,177.1481,Knife,100,100,-99.918,-227.6413,248.8684,False,True,True,251.3672,30.9375
EPSILON GMX * Nike,CounterTerrorist,1967.442,138.0111,184.5346,Knife,100,100,-145.2116,-207.4001,223.8684,False,True,True,241.875,36.91406
EPSILON GMX * Nike,CounterTerrorist,1962.199,131.9877,191.1399,Knife,100,100,-179.8001,-183.9047,198.8684,False,True,True,232.3828,41.48438
EPSILON GMX * Nike,CounterTerrorist,1956.164,126.6003,196.9639,M4A4,100,100,-200.0156,-166.0356,173.8684,False,True,True,226.4063,43.94531
EPSILON GMX * Nike,CounterTerrorist,1949.665,121.666,202.0067,M4A4,100,100,-211.9223,-153.6768,148.8684,False,True,True,222.5391,44.64844
EPSILON GMX * Nike,CounterTerrorist,1942.782,117.1712,206.2682,M4A4,100,100,-224.1842,-138.8785,123.8684,False,True,True,217.2656,45
EPSILON GMX * Nike,CounterTerrorist,1935.588,113.0996,209.7485,M4A4,100,100,-233.7172,-124.9571,98.86838,False,True,True,212.3437,45.35156
EPSILON GMX * Nike,CounterTerrorist,1928.112,109.49,212.4476,M4A4,100,100,-242.4042,-109.6637,73.86838,False,True,True,207.7734,45.70313
EPSILON GMX * Nike,CounterTerrorist,1920.384,106.3844,214.3654,M4A4,100,100,-250.1224,-93.05042,48.86838,False,True,True,203.2031,46.05469
EPSILON GMX * Nike,CounterTerrorist,1912.434,103.8223,215.5019,M4A4,100,100,-256.8116,-75.19932,23.86838,False,True,True,198.9844,46.40625
EPSILON GMX * Nike,CounterTerrorist,1904.297,101.8411,215.8572,M4A4,100,100,-262.3986,-56.17909,-1.131622,False,True,True,195.1172,46.75781
EPSILON GMX * Nike,CounterTerrorist,1895.938,100.7561,215.4312,M4A4,100,100,-269.5743,-25.49601,-26.13162,False,True,True,191.6016,46.75781
EPSILON GMX * Nike,CounterTerrorist,1887.476,100.1604,214.224,M4A4,100,100,-271.5327,-14.71706,-51.13162,False,True,True,189.4922,46.75781
EPSILON GMX * Nike,CounterTerrorist,1878.956,99.95025,212.2355,M4A4,100,100,-273.3643,-0.9586129,-76.13162,False,True,True,186.3281,46.40625
EPSILON GMX * Nike,CounterTerrorist,1870.393,100.1353,209.4658,M4A4,100,100,-274.3204,9.819382,-101.1316,False,True,True,184.2188,46.40625
EPSILON GMX * Nike,CounterTerrorist,1861.811,100.5907,205.9149,M4A4,100,100,-274.7325,17.04634,-126.1316,False,True,True,182.8125,46.05469
EPSILON GMX * Nike,CounterTerrorist,1853.221,101.2556,201.5826,M4A4,100,100,-274.9474,23.8175,-151.1316,False,True,True,181.4063,46.05469
EPSILON GMX * Nike,CounterTerrorist,1844.628,102.1041,196.4692,M4A4,100,100,-275.0027,28.90996,-176.1316,False,True,True,180.3516,45.70313
EPSILON GMX * Nike,CounterTerrorist,1836.035,103.1024,190.5745,M4A4,100,100,-274.9722,33.52627,-201.1316,False,True,True,179.2969,45
EPSILON GMX * Nike,CounterTerrorist,1827.443,104.2185,183.8985,M4A4,100,100,-274.9247,35.95883,-226.1316,False,True,True,178.2422,43.94531
EPSILON GMX * Nike,CounterTerrorist,1818.852,105.3423,176.4413,M4A4,100,100,-274.9247,35.95883,-251.1316,False,True,True,177.8906,42.1875
EPSILON GMX * Nike,CounterTerrorist,1810.26,106.466,168.2028,M4A4,100,100,-274.9247,35.95883,-276.1316,False,True,True,178.2422,38.67188
EPSILON GMX * Nike,CounterTerrorist,1801.669,107.5897,159.1831,M4A4,100,100,-274.9247,35.95883,-301.1316,False,True,True,180,34.45313
EPSILON GMX * Nike,CounterTerrorist,1793.078,108.7134,149.3821,M4A4,100,100,-274.9247,35.95883,-326.1316,False,True,True,181.0547,32.34375
EPSILON GMX * Nike,CounterTerrorist,1784.486,109.8371,138.7999,M4A4,100,100,-274.9247,35.95883,-351.1316,False,True,True,181.0547,32.34375
EPSILON GMX * Nike,CounterTerrorist,1777.825,110.6978,131.8793,M4A4,100,100,-152.3837,18.56817,0,False,True,True,181.0547,32.34375
EPSILON GMX * Nike,CounterTerrorist,1772.893,111.2021,132.0481,Flash,100,100,-162.8017,14.82665,0,False,True,True,181.0547,32.34375
EPSILON GMX * Nike,CounterTerrorist,1767.459,111.6068,132.2205,Flash,100,100,-180.2354,11.88407,0,False,True,True,181.0547,32.34375
EPSILON GMX * Nike,CounterTerrorist,1761.604,111.9277,132.3959,Flash,100,100,-190.4687,9.348157,0,False,True,True,181.0547,32.34375
EPSILON GMX * Nike,CounterTerrorist,1755.49,112.1771,132.5712,Flash,100,100,-198.7593,7.204093,0,False,True,True,181.0547,32.34375
EPSILON GMX * Nike,CounterTerrorist,1749.114,112.3658,132.7477,Flash,100,100,-207.1842,5.373952,0,False,True,True,181.0547,32.34375
EPSILON GMX * Nike,CounterTerrorist,1742.473,112.5023,132.926,Flash,100,100,-215.7567,3.796391,0,False,True,True,181.0547,32.34375
EPSILON GMX * Nike,CounterTerrorist,1735.56,112.5938,133.1071,Flash,100,100,-224.4856,2.425993,0,False,True,True,181.0547,32.34375
EPSILON GMX * Nike,CounterTerrorist,1728.375,112.646,133.2914,Flash,100,100,-233.0932,1.240714,0,False,True,True,181.0547,32.34375
EPSILON GMX * Nike,CounterTerrorist,1720.942,112.6645,133.4789,Flash,100,100,-240.5615,0.2242288,0,False,True,True,181.0547,32.34375
EPSILON GMX * Nike,CounterTerrorist,1715.23,112.6593,133.6213,Flash,100,100,-244.9996,-0.4336922,0,False,True,True,181.0547,32.34375
EPSILON GMX * Nike,CounterTerrorist,1705.66,112.6228,133.6987,Flash,100,100,-244.9968,-1.245204,0,False,True,True,181.0547,32.34375
EPSILON GMX * Nike,CounterTerrorist,1698.004,112.5731,133.6942,Flash,100,100,-244.9935,-1.790586,0,False,True,True,181.0547,32.34375
EPSILON GMX * Nike,CounterTerrorist,1690.348,112.5078,133.6883,Flash,100,100,-244.9896,-2.258134,0,False,True,True,181.0547,32.34375
EPSILON GMX * Nike,CounterTerrorist,1682.692,112.4293,133.6812,Flash,100,100,-244.9856,-2.659072,0,False,True,True,181.0547,32.34375
EPSILON GMX * Nike,CounterTerrorist,1675.036,112.3393,133.4792,Flash,100,100,-244.9816,-3.002962,0,False,True,True,181.0547,32.34375
EPSILON GMX * Nike,CounterTerrorist,1667.38,112.24,133.1712,Flash,100,100,-244.9781,-3.274484,0,False,True,True,181.0547,32.34375
EPSILON GMX * Nike,CounterTerrorist,1659.725,112.1343,132.8626,Flash,100,100,-244.976,-3.430108,0,False,True,True,181.0547,32.34375
EPSILON GMX * Nike,CounterTerrorist,1652.07,112.0258,132.5538,Flash,100,100,-244.9752,-3.486948,0,False,True,True,180.7031,32.69531
EPSILON GMX * Nike,CounterTerrorist,1644.414,111.9178,132.245,Flash,100,100,-244.976,-3.42839,0,False,True,True,180.7031,32.69531
EPSILON GMX * Nike,CounterTerrorist,1636.759,111.8129,131.9365,Flash,100,100,-244.9776,-3.309545,0,False,True,True,180.7031,32.69531
EPSILON GMX * Nike,CounterTerrorist,1629.103,111.7121,131.6284,Flash,100,100,-244.9795,-3.169351,0,False,True,True,180.3516,32.69531
EPSILON GMX * Nike,CounterTerrorist,1621.447,111.6158,131.3206,Flash,100,100,-244.9813,-3.025876,0,False,True,True,180.3516,32.69531
EPSILON GMX * Nike,CounterTerrorist,1613.792,111.5256,131.0134,Flash,100,100,-244.9843,-2.769419,0,False,True,True,180,33.04688
EPSILON GMX * Nike,CounterTerrorist,1606.136,111.4497,130.7075,Flash,100,100,-244.9905,-2.160618,0,False,True,True,179.2969,33.04688
EPSILON GMX * Nike,CounterTerrorist,1598.479,111.4036,130.4043,Flash,100,100,-244.9981,-0.9694674,0,False,True,True,177.8906,33.04688
EPSILON GMX * Nike,CounterTerrorist,1592.737,111.4046,130.1801,Flash,100,100,-244.9993,0.6072455,0,False,True,True,176.4844,33.39844
EPSILON GMX * Nike,CounterTerrorist,1583.168,111.5229,129.8732,Flash,100,100,-244.951,4.899086,0,False,True,True,173.3203,33.39844
EPSILON GMX * Nike,CounterTerrorist,1575.515,111.7553,129.6398,Flash,100,100,-244.8391,8.876872,0,False,True,True,172.9688,33.39844
EPSILON GMX * Nike,CounterTerrorist,1567.867,112.0984,129.4151,Flash,100,100,-244.6979,12.16304,0,False,True,True,172.9688,33.39844
EPSILON GMX * Nike,CounterTerrorist,1560.294,112.5238,129.1991,Flash,100,100,-235.4131,13.71871,0,False,True,True,172.9688,33.39844
EPSILON GMX * Nike,CounterTerrorist,1553.602,112.9138,129.0093,Flash,100,100,-202.0382,11.77379,0,False,True,True,172.9688,33.39844
EPSILON GMX * Nike,CounterTerrorist,1547.858,113.2485,128.8465,Flash,100,100,-173.395,10.1046,0,False,True,True,172.9688,33.39844
EPSILON GMX * Nike,CounterTerrorist,1542.929,113.5357,128.7066,Flash,100,100,-148.8125,8.672059,0,False,True,True,172.9688,33.39844
EPSILON GMX * Nike,CounterTerrorist,1538.698,113.7823,128.5867,Flash,100,100,-127.7152,7.442609,0,False,True,True,172.9688,33.39844
EPSILON GMX * Nike,CounterTerrorist,1535.068,113.9939,128.4837,Flash,100,100,-109.6088,6.38746,0,False,True,True,172.9688,33.39844
EPSILON GMX * Nike,CounterTerrorist,1531.952,114.1754,128.3953,Flash,100,100,-94.06942,5.481901,0,False,True,True,172.9688,33.39844
EPSILON GMX * Nike,CounterTerrorist,1529.278,114.3313,128.3195,Flash,100,100,-80.73307,4.704724,0,False,True,True,172.9688,33.39844
EPSILON GMX * Nike,CounterTerrorist,1526.984,114.465,128.2545,Flash,100,100,-69.17616,4.031245,0,False,True,True,172.9688,33.39844
EPSILON GMX * Nike,CounterTerrorist,1525.041,114.5781,128.1994,Flash,100,100,-57.94521,3.376761,0,False,True,True,172.9688,33.39844
EPSILON GMX * Nike,CounterTerrorist,1523.45,114.6709,128.1542,Flash,100,100,-46.71426,2.722276,0,False,True,True,172.9688,33.39844
EPSILON GMX * Nike,CounterTerrorist,1522.209,114.7432,128.1191,Flash,100,100,-35.48332,2.067793,0,False,True,True,172.6172,33.39844
EPSILON GMX * Nike,CounterTerrorist,1521.287,114.5538,128.0743,Flash,100,100,-27.1181,-18.83136,0,False,True,True,172.6172,33.39844
EPSILON GMX * Nike,CounterTerrorist,1520.483,113.2883,127.9513,Flash,100,100,-25.51537,-52.93607,0,False,True,True,172.2656,33.39844
EPSILON GMX * Nike,CounterTerrorist,1519.659,111.008,127.7499,Flash,100,100,-27.05112,-84.76669,0,False,True,True,172.2656,33.39844
EPSILON GMX * Nike,CounterTerrorist,1518.779,107.7994,127.4754,Flash,100,100,-28.8457,-112.8792,0,False,True,True,171.9141,33.39844
EPSILON GMX * Nike,CounterTerrorist,1517.842,103.7924,127.1381,Flash,100,100,-30.67224,-136.9648,0,False,True,True,171.2109,33.39844
EPSILON GMX * Nike,CounterTerrorist,1516.844,99.10204,126.7466,Flash,100,100,-32.73632,-157.5592,0,False,True,True,170.5078,33.39844
EPSILON GMX * Nike,CounterTerrorist,1515.774,93.82838,126.3081,Flash,100,100,-35.15295,-175.125,0,False,True,True,169.4531,33.39844
EPSILON GMX * Nike,CounterTerrorist,1514.623,88.05772,125.8289,Flash,100,100,-37.87823,-190.0798,0,False,True,True,168.75,33.39844
EPSILON GMX * Nike,CounterTerrorist,1513.701,83.44871,125.4462,Flash,100,100,-40.08248,-199.8037,0,False,True,True,168.0469,33.39844
EPSILON GMX * Nike,CounterTerrorist,1512.303,76.47923,124.8672,Flash,100,100,-33.10993,-165.0468,0,False,True,True,166.9922,33.39844
EPSILON GMX * Nike,CounterTerrorist,1511.382,71.86867,124.4919,Flash,100,100,-25.90716,-131.2269,0,False,True,True,166.2891,33.39844
EPSILON GMX * Nike,CounterTerrorist,1510.838,68.92126,124.4226,Flash,100,100,-12.48483,-73.29008,0,False,True,True,165.9375,33.39844
EPSILON GMX * Nike,CounterTerrorist,1510.689,67.65926,124.3957,Flash,100,100,-0.2261508,-20.63654,0,False,True,True,165.2344,33.39844
EPSILON GMX * Nike,CounterTerrorist,1510.771,67.67953,124.3954,Flash,100,100,0.9087376,1.147365,0,False,True,True,164.8828,33.39844
EPSILON GMX * Nike,CounterTerrorist,1510.771,67.67953,124.3954,Flash,100,100,0,0,0,False,True,True,164.1797,33.04688
EPSILON GMX * Nike,CounterTerrorist,1510.771,67.67953,124.3954,Flash,100,100,0,0,0,False,True,True,163.4766,33.04688
EPSILON GMX * Nike,CounterTerrorist,1510.771,67.67953,124.3954,Flash,100,100,0,0,0,False,True,True,163.125,33.04688
EPSILON GMX * Nike,CounterTerrorist,1510.771,67.67953,124.3954,Flash,100,100,0,0,0,False,True,True,162.7734,33.04688
EPSILON GMX * Nike,CounterTerrorist,1510.771,67.67953,124.3954,Flash,100,100,0,0,0,False,True,True,162.4219,33.04688
EPSILON GMX * Nike,CounterTerrorist,1510.771,67.67953,124.3954,Flash,100,100,0,0,0,False,True,True,162.0703,33.04688
EPSILON GMX * Nike,CounterTerrorist,1510.771,67.67953,124.3954,Flash,100,100,0,0,0,False,True,True,161.7188,33.04688
EPSILON GMX * Nike,CounterTerrorist,1510.771,67.67953,124.3954,Flash,100,100,0,0,0,False,True,True,161.3672,33.04688
EPSILON GMX * Nike,CounterTerrorist,1510.771,67.67953,124.3954,Flash,100,100,0,0,0,False,True,True,161.0156,33.04688
EPSILON GMX * Nike,CounterTerrorist,1510.771,67.67953,124.3954,Flash,100,100,0,0,0,False,True,True,160.6641,33.04688
EPSILON GMX * Nike,CounterTerrorist,1510.771,67.67953,124.3954,Flash,100,100,0,0,0,False,True,True,160.6641,33.04688
EPSILON GMX * Nike,CounterTerrorist,1510.771,67.67953,124.3954,Flash,100,100,0,0,0,False,True,True,160.3125,33.04688
EPSILON GMX * Nike,CounterTerrorist,1510.771,67.67953,124.3954,Flash,100,100,0,0,0,False,True,True,159.9609,32.69531
EPSILON GMX * Nike,CounterTerrorist,1510.771,67.67953,124.3954,Flash,100,100,0,0,0,False,True,True,159.6094,32.69531
EPSILON GMX * Nike,CounterTerrorist,1510.771,67.67953,124.3954,Flash,100,100,0,0,0,False,True,True,159.2578,32.69531
EPSILON GMX * Nike,CounterTerrorist,1510.771,67.67953,124.3954,Flash,100,100,0,0,0,False,True,True,158.9063,32.69531
EPSILON GMX * Nike,CounterTerrorist,1510.771,67.67953,124.3954,Flash,100,100,0,0,0,False,True,True,158.2031,32.69531
EPSILON GMX * Nike,CounterTerrorist,1510.771,67.67953,124.3954,Flash,100,100,0,0,0,False,True,True,157.5,32.69531
EPSILON GMX * Nike,CounterTerrorist,1510.771,67.67953,124.3954,Flash,100,100,0,0,0,False,True,True,157.5,32.69531
EPSILON GMX * Nike,CounterTerrorist,1510.771,67.67953,124.3954,Flash,100,100,0,0,0,False,True,True,157.5,32.69531
EPSILON GMX * Nike,CounterTerrorist,1510.771,67.67953,124.3954,Flash,100,100,0,0,0,False,True,True,157.1484,32.69531
EPSILON GMX * Nike,CounterTerrorist,1510.771,67.67953,124.3954,Flash,100,100,0,0,0,False,True,True,157.1484,32.69531
EPSILON GMX * Nike,CounterTerrorist,1510.771,67.67953,124.3954,Flash,100,100,0,0,0,False,True,True,156.7969,32.69531
EPSILON GMX * Nike,CounterTerrorist,1510.771,67.67953,124.3954,Flash,100,100,0,0,0,False,True,True,156.7969,32.69531
EPSILON GMX * Nike,CounterTerrorist,1510.771,67.67953,124.3954,Flash,100,100,0,0,0,False,True,True,156.7969,32.69531
EPSILON GMX * Nike,CounterTerrorist,1510.771,67.67953,124.3954,Flash,100,100,0,0,0,False,True,True,156.4453,32.69531
EPSILON GMX * Nike,CounterTerrorist,1510.771,67.67953,124.3954,Flash,100,100,0,0,0,False,True,True,156.4453,32.69531
EPSILON GMX * Nike,CounterTerrorist,1510.771,67.67953,124.3954,Flash,100,100,0,0,0,False,True,True,156.4453,32.69531
EPSILON GMX * Nike,CounterTerrorist,1510.771,67.67953,124.3954,Flash,100,100,0,0,0,False,True,True,156.4453,32.69531
EPSILON GMX * Nike,CounterTerrorist,1510.771,67.67953,124.3954,Flash,100,100,0,0,0,False,True,True,156.4453,32.69531
EPSILON GMX * Nike,CounterTerrorist,1510.771,67.67953,124.3954,Flash,100,100,0,0,0,False,True,True,156.4453,32.69531
EPSILON GMX * Nike,CounterTerrorist,1510.771,67.67953,124.3954,Flash,100,100,0,0,0,False,True,True,156.4453,32.69531
EPSILON GMX * Nike,CounterTerrorist,1510.771,67.67953,124.3954,Flash,100,100,0,0,0,False,True,True,156.4453,32.69531
EPSILON GMX * Nike,CounterTerrorist,1510.771,67.67953,124.3954,Flash,100,100,0,0,0,False,True,True,156.4453,32.69531
EPSILON GMX * Nike,CounterTerrorist,1510.771,67.67953,124.3954,Flash,100,100,0,0,0,False,True,True,156.4453,32.69531
EPSILON GMX * Nike,CounterTerrorist,1510.771,67.67953,124.3954,Flash,100,100,0,0,0,False,True,True,156.4453,32.69531
EPSILON GMX * Nike,CounterTerrorist,1510.771,67.67953,124.3954,Flash,100,100,0,0,0,False,True,True,156.4453,32.69531
EPSILON GMX * Nike,CounterTerrorist,1510.771,67.67953,124.3954,Flash,100,100,0,0,0,False,True,True,156.4453,32.69531
EPSILON GMX * Nike,CounterTerrorist,1510.771,67.67953,124.3954,Flash,100,100,0,0,0,False,True,True,156.4453,32.69531
EPSILON GMX * Nike,CounterTerrorist,1510.771,67.67953,124.3954,Flash,100,100,0,0,0,False,True,True,156.4453,32.69531
EPSILON GMX * Nike,CounterTerrorist,1510.771,67.67953,124.3954,Flash,100,100,0,0,0,False,True,True,156.4453,32.69531
EPSILON GMX * Nike,CounterTerrorist,1510.771,67.67953,124.3954,Flash,100,100,0,0,0,False,True,True,156.4453,32.69531
EPSILON GMX * Nike,CounterTerrorist,1510.771,67.67953,124.3954,Flash,100,100,0,0,0,False,True,True,156.4453,32.69531
EPSILON GMX * Nike,CounterTerrorist,1510.771,67.67953,124.3954,Flash,100,100,0,0,0,False,True,True,156.4453,32.69531
EPSILON GMX * Nike,CounterTerrorist,1510.771,67.67953,124.3954,Flash,100,100,0,0,0,False,True,True,156.4453,32.69531
EPSILON GMX * Nike,CounterTerrorist,1510.771,67.67953,124.3954,Flash,100,100,0,0,0,False,True,True,156.4453,32.69531
EPSILON GMX * Nike,CounterTerrorist,1510.771,67.67953,124.3954,Flash,100,100,0,0,0,False,True,True,156.4453,32.69531
EPSILON GMX * Nike,CounterTerrorist,1510.771,67.67953,124.3954,Flash,100,100,0,0,0,False,True,True,153.2813,32.34375
EPSILON GMX * Nike,CounterTerrorist,1510.771,67.67953,124.3954,Flash,100,100,0,0,0,False,True,True,145.1953,30.58594
EPSILON GMX * Nike,CounterTerrorist,1510.618,67.50967,124.3907,Flash,100,100,-12.66222,-13.64843,0,False,True,True,135.7031,28.125
EPSILON GMX * Nike,CounterTerrorist,1509.752,66.68214,124.3475,Flash,100,100,-37.15459,-33.67504,0,False,True,True,127.9687,25.3125
EPSILON GMX * Nike,CounterTerrorist,1507.945,65.89462,124.2736,Flash,100,100,-69.74485,-20.28729,0,False,True,True,123.0469,22.85156
EPSILON GMX * Nike,CounterTerrorist,1505.179,65.49973,124.1745,Flash,100,100,-99.23257,-8.137891,0,False,True,True,121.2891,21.09375
EPSILON GMX * Nike,CounterTerrorist,1501.802,65.7675,124.0666,Flash,100,100,-110.1476,22.02973,0,False,True,True,120.2344,20.03906
EPSILON GMX * Nike,CounterTerrorist,1498.268,67.0927,123.9718,Flash,100,100,-114.7125,54.04686,0,False,True,True,119.5313,19.6875
EPSILON GMX * Nike,CounterTerrorist,1494.609,69.33083,123.8887,Flash,100,100,-118.4236,81.64288,0,False,True,True,119.5313,19.6875
EPSILON GMX * Nike,CounterTerrorist,1490.846,72.35374,123.8331,Flash,100,100,-121.5939,105.3349,0,False,True,True,119.5313,19.6875
EPSILON GMX * Nike,CounterTerrorist,1486.992,76.05017,123.9906,Flash,100,100,-124.3148,125.6681,0,False,True,True,119.5313,19.6875
EPSILON GMX * Nike,CounterTerrorist,1484.05,79.20653,124.1336,Flash,100,100,-126.0992,139.0028,0,False,True,True,119.5313,19.6875
EPSILON GMX * Nike,CounterTerrorist,1479.513,84.95995,124.4218,Flash,100,100,-104.7966,148.2071,0,False,True,True,119.5313,19.6875
EPSILON GMX * Nike,CounterTerrorist,1476.648,89.58564,124.6797,Flash,100,100,-84.19611,147.9164,0,False,True,True,119.5313,19.6875
EPSILON GMX * Nike,CounterTerrorist,1474.369,94.20306,124.5776,Flash,100,100,-66.51621,147.6669,0,False,True,True,119.5313,19.6875
EPSILON GMX * Nike,CounterTerrorist,1472.592,98.81087,124.3554,Flash,100,100,-51.43218,147.1304,0,False,True,True,119.5313,19.6875
EPSILON GMX * Nike,CounterTerrorist,1471.323,103.0042,124.1969,Flash,100,100,-33.05355,123.0375,0,False,True,True,119.5313,19.6875
EPSILON GMX * Nike,CounterTerrorist,1470.501,106.8986,124.0941,Flash,100,100,-22.43953,125.4082,0,False,True,True,119.5313,19.6875
EPSILON GMX * Nike,CounterTerrorist,1469.856,110.8263,124.0135,Flash,100,100,-17.09723,126.2475,0,False,True,True,119.5313,19.6875
EPSILON GMX * Nike,CounterTerrorist,1469.487,114.7898,123.9674,Flash,100,100,-8.80682,127.0952,0,False,True,True,119.8828,19.33594
EPSILON GMX * Nike,CounterTerrorist,1469.376,118.8969,123.8776,Flash,100,100,0.3269687,138.3046,0,False,True,True,120.5859,18.98438
EPSILON GMX * Nike,CounterTerrorist,1469.577,123.6121,123.8095,Flash,100,100,9.833278,158.0776,0,False,True,True,121.6406,18.63281
EPSILON GMX * Nike,CounterTerrorist,1470.032,128.8724,123.7682,M4A4,100,100,16.98393,173.5193,0,False,True,True,122.6953,17.57813
EPSILON GMX * Nike,CounterTerrorist,1470.661,134.5314,123.7446,M4A4,100,100,21.76002,185.4326,0,False,True,True,124.4531,16.17188
EPSILON GMX * Nike,CounterTerrorist,1471.403,140.5333,123.7309,M4A4,100,100,24.74659,195.8589,0,False,True,True,126.2109,14.76563
EPSILON GMX * Nike,CounterTerrorist,1471.835,145.1895,123.6988,M4A4,100,100,11.72523,199.054,0,False,True,True,127.2656,13.35938
EPSILON GMX * Nike,CounterTerrorist,1471.566,152.9956,123.4958,M4A4,100,100,-18.59106,200.282,0,False,True,True,128.3203,11.60156
EPSILON GMX * Nike,CounterTerrorist,1470.581,159.273,123.2173,M4A4,100,100,-38.80785,201.2594,0,False,True,True,127.6172,10.89844
EPSILON GMX * Nike,CounterTerrorist,1469.026,165.5809,122.8525,M4A4,100,100,-56.04061,202.19,0,False,True,True,127.6172,10.89844
EPSILON GMX * Nike,CounterTerrorist,1466.98,171.9152,122.5467,M4A4,100,100,-70.83025,202.9886,0,False,True,True,127.6172,10.89844
EPSILON GMX * Nike,CounterTerrorist,1464.682,178.3178,122.252,M4A4,100,100,-69.25169,207.5394,0,False,True,True,127.6172,10.89844
EPSILON GMX * Nike,CounterTerrorist,1462.808,184.9524,122.0228,M4A4,100,100,-54.67575,215.0258,0,False,True,True,127.6172,10.89844
EPSILON GMX * Nike,CounterTerrorist,1461.349,191.7966,121.8574,M4A4,100,100,-42.08591,221.0289,0,False,True,True,127.6172,10.89844
EPSILON GMX * Nike,CounterTerrorist,1460.26,198.7421,121.7482,M4A4,100,100,-30.78218,222.8844,0,False,True,True,127.6172,10.89844
EPSILON GMX * Nike,CounterTerrorist,1459.489,205.7305,121.7146,M4A4,100,100,-21.20062,223.999,0,False,True,True,127.6172,10.89844
EPSILON GMX * Nike,CounterTerrorist,1458.986,212.7435,121.8839,M4A4,100,100,-13.2166,224.6115,0,False,True,True,127.9687,10.89844
EPSILON GMX * Nike,CounterTerrorist,1458.685,219.7681,122.1556,M4A4,100,100,-7.943274,224.8597,0,False,True,True,131.4844,10.19531
EPSILON GMX * Nike,CounterTerrorist,1458.464,226.7959,122.4355,M4A4,100,100,-6.964645,224.8922,0,False,True,True,137.4609,8.789063
EPSILON GMX * Nike,CounterTerrorist,1458.203,233.8223,122.7113,M4A4,100,100,-9.533005,224.798,0,False,True,True,142.7344,7.382813
EPSILON GMX * Nike,CounterTerrorist,1457.52,240.7181,122.9393,M4A4,100,100,-32.85564,216.6192,0,False,True,True,145.5469,5.976563
EPSILON GMX * Nike,CounterTerrorist,1455.974,247.2945,123.0673,M4A4,100,100,-58.91067,206.9246,0,False,True,True,145.5469,5.976563
EPSILON GMX * Nike,CounterTerrorist,1453.651,253.473,123.1005,M4A4,100,100,-84.39044,187.1701,0,False,True,True,145.5469,5.976563
EPSILON GMX * Nike,CounterTerrorist,1450.524,258.6574,123.0105,M4A4,100,100,-109.0041,153.7778,0,False,True,True,145.5469,5.976563
EPSILON GMX * Nike,CounterTerrorist,1447.007,262.4176,122.8204,M4A4,100,100,-114.5663,101.2635,0,False,True,True,145.5469,5.976563
EPSILON GMX * Nike,CounterTerrorist,1443.375,264.7485,122.5574,M4A4,100,100,-113.7811,64.31809,0,False,True,True,145.5469,5.976563
EPSILON GMX * Nike,CounterTerrorist,1440.559,267.1883,122.3806,M4A4,100,100,-76.63428,85.91265,0,False,True,True,145.5469,5.976563
EPSILON GMX * Nike,CounterTerrorist,1438.799,270.2419,122.3357,M4A4,100,100,-44.75385,104.4457,0,False,True,True,145.5469,5.976563
EPSILON GMX * Nike,CounterTerrorist,1437.945,273.8225,122.333,M4A4,100,100,-17.39315,120.3513,0,False,True,True,145.5469,5.976563
EPSILON GMX * Nike,CounterTerrorist,1437.869,277.8553,122.3279,M4A4,100,100,6.06732,134.0165,0,False,True,True,145.5469,5.976563
EPSILON GMX * Nike,CounterTerrorist,1438.457,282.2779,122.4173,M4A4,100,100,26.1067,145.8091,0,False,True,True,145.8984,6.328125
EPSILON GMX * Nike,CounterTerrorist,1439.615,287.0362,122.5517,M4A4,100,100,43.27839,155.9479,0,False,True,True,145.8984,6.328125
EPSILON GMX * Nike,CounterTerrorist,1441.26,292.0836,122.7358,M4A4,100,100,57.93206,164.7057,0,False,True,True,146.25,6.328125
EPSILON GMX * Nike,CounterTerrorist,1443.316,297.3833,122.9621,M4A4,100,100,70.23296,172.4054,0,False,True,True,146.6016,5.976563
EPSILON GMX * Nike,CounterTerrorist,1445.068,301.9065,123.1551,M4A4,100,100,44.87416,124.0576,0,False,True,True,147.3047,5.976563
EPSILON GMX * Nike,CounterTerrorist,1445.949,304.8062,123.2545,M4A4,100,100,18.78332,74.91547,0,False,True,True,148.3594,5.976563
EPSILON GMX * Nike,CounterTerrorist,1446.127,306.0339,123.2741,M4A4,100,100,2.178748,41.09219,0,False,True,True,150.1172,5.625
EPSILON GMX * Nike,CounterTerrorist,1445.731,306.3569,123.2387,M4A4,100,100,-15.66929,-10.94279,0,False,True,True,150.8203,5.273438
EPSILON GMX * Nike,CounterTerrorist,1445.027,305.4911,123.1649,M4A4,100,100,-27.03649,-37.35795,0,False,True,True,150.8203,5.273438
EPSILON GMX * Nike,CounterTerrorist,1444.424,304.7025,123.1016,M4A4,100,100,-10.73767,-11.13167,0,False,True,True,150.8203,5.273438
EPSILON GMX * Nike,CounterTerrorist,1444.563,305.0376,123.1168,M4A4,100,100,10.84807,20.52431,0,False,True,True,150.8203,5.273438
EPSILON GMX * Nike,CounterTerrorist,1445.174,306.1565,123.1822,M4A4,100,100,24.72833,44.98788,0,False,True,True,150.8203,5.273438
EPSILON GMX * Nike,CounterTerrorist,1446.216,308.0411,123.2938,M4A4,100,100,38.51603,69.50177,0,False,True,True,150.8203,5.273438
EPSILON GMX * Nike,CounterTerrorist,1447.672,310.6634,123.4497,M4A4,100,100,51.22343,92.1274,0,False,True,True,150.8203,5.273438
EPSILON GMX * Nike,CounterTerrorist,1449.49,313.9289,123.6442,M4A4,100,100,62.12928,111.5454,0,False,True,True,150.8203,5.273438
EPSILON GMX * Nike,CounterTerrorist,1451.617,317.7469,123.8718,M4A4,100,100,71.39922,128.2603,0,False,True,True,151.1719,4.921875
EPSILON GMX * Nike,CounterTerrorist,1453.995,322.047,124.1264,M4A4,100,100,78.60654,143.0084,0,False,True,True,152.9297,4.570313
EPSILON GMX * Nike,CounterTerrorist,1456.52,326.7096,124.3971,M4A4,100,100,79.33607,147.3938,0,False,True,True,155.7422,4.21875
EPSILON GMX * Nike,CounterTerrorist,1458.154,329.7017,124.5722,M4A4,100,100,63.25115,113.6193,0,False,True,True,157.5,3.867188
EPSILON GMX * Nike,CounterTerrorist,1459.957,332.6443,124.764,M4A4,100,100,35.6093,51.3273,0,False,True,True,158.9063,3.164063
EPSILON GMX * Nike,CounterTerrorist,1460.659,333.3582,124.8757,M4A4,100,100,14.23296,6.069707,0,False,True,True,158.9063,3.164063
EPSILON GMX * Nike,CounterTerrorist,1460.685,332.8907,124.8757,M4A4,100,100,-5.111554,-24.94593,0,False,True,True,158.9063,3.164063
EPSILON GMX * Nike,CounterTerrorist,1460.33,331.6778,124.8171,M4A4,100,100,-12.79099,-41.65887,0,False,True,True,158.9063,3.164063
EPSILON GMX * Nike,CounterTerrorist,1460.157,331.0178,124.7862,M4A4,100,100,0.7735531,-3.243783,0,False,True,True,158.9063,3.164063
EPSILON GMX * Nike,CounterTerrorist,1460.386,331.5981,124.8111,M4A4,100,100,11.03562,28.44244,0,False,True,True,158.9063,3.164063
EPSILON GMX * Nike,CounterTerrorist,1460.926,333.0003,124.9166,M4A4,100,100,21.04342,54.72675,0,False,True,True,158.9063,3.164063
EPSILON GMX * Nike,CounterTerrorist,1461.779,335.2225,125.0559,M4A4,100,100,31.00752,80.83795,0,False,True,True,158.9063,3.164063
EPSILON GMX * Nike,CounterTerrorist,1462.925,338.2125,125.2325,M4A4,100,100,39.87717,104.1478,0,False,True,True,159.2578,3.164063
EPSILON GMX * Nike,CounterTerrorist,1464.318,341.8672,125.4472,M4A4,100,100,47.19391,124.2641,0,False,True,True,159.9609,3.164063
EPSILON GMX * Nike,CounterTerrorist,1465.91,346.0967,125.6928,M4A4,100,100,53.06447,141.6778,0,False,True,True,160.3125,3.164063
EPSILON GMX * Nike,CounterTerrorist,1467.661,350.8244,125.9627,M4A4,100,100,57.63672,156.7863,0,False,True,True,161.3672,3.164063
EPSILON GMX * Nike,CounterTerrorist,1469.529,355.9858,126.2506,M4A4,100,100,60.88574,169.9771,0,False,True,True,162.7734,3.164063
EPSILON GMX * Nike,CounterTerrorist,1471.473,361.5274,126.0997,M4A4,100,100,62.83387,181.5577,0,False,True,True,163.8281,3.164063
EPSILON GMX * Nike,CounterTerrorist,1473.455,367.403,125.9026,M4A4,100,100,63.72745,191.7187,0,False,True,True,164.8828,3.164063
EPSILON GMX * Nike,CounterTerrorist,1475.341,373.1345,126.0597,M4A4,100,100,56.91247,173.0305,0,False,True,True,165.9375,2.8125
EPSILON GMX * Nike,CounterTerrorist,1476.469,376.4564,126.1538,M4A4,100,100,43.95432,126.6709,0,False,True,True,166.2891,2.8125
EPSILON GMX * Nike,CounterTerrorist,1477.749,379.8071,126.2604,M4A4,100,100,25.80713,60.19669,0,False,True,True,166.9922,2.8125
EPSILON GMX * Nike,CounterTerrorist,1478.286,380.7414,126.3052,M4A4,100,100,11.76602,11.86502,0,False,True,True,166.9922,2.8125
EPSILON GMX * Nike,CounterTerrorist,1478.342,380.3625,126.3052,M4A4,100,100,-2.562334,-23.0691,0,False,True,True,166.9922,2.8125
EPSILON GMX * Nike,CounterTerrorist,1478.188,379.4096,126.2971,M4A4,100,100,-3.106197,-21.53816,0,False,True,True,166.9922,2.8125
EPSILON GMX * Nike,CounterTerrorist,1478.253,379.5793,126.2967,M4A4,100,100,4.202637,17.2616,0,False,True,True,166.9922,2.8125
EPSILON GMX * Nike,CounterTerrorist,1478.506,380.6543,126.3167,M4A4,100,100,10.47083,44.67963,0,False,True,True,166.9922,2.8125
EPSILON GMX * Nike,CounterTerrorist,1478.957,382.5859,126.3611,M4A4,100,100,16.76402,72.09158,0,False,True,True,166.9922,2.8125
EPSILON GMX * Nike,CounterTerrorist,1479.379,384.4,126.3817,M4A4,100,100,9.793262,41.94963,0,False,True,True,166.9922,2.8125
EPSILON GMX * Nike,CounterTerrorist,1479.461,384.7477,126.4008,M4A4,100,100,-1.67787,-7.358301,0,False,True,True,166.9922,2.8125
EPSILON GMX * Nike,CounterTerrorist,1479.284,383.9828,126.3884,M4A4,100,100,-8.061239,-34.74936,0,False,True,True,166.9922,2.8125
EPSILON GMX * Nike,CounterTerrorist,1478.907,382.362,126.357,M4A4,100,100,-14.49602,-62.1283,0,False,True,True,166.6406,2.8125
EPSILON GMX * Nike,CounterTerrorist,1478.319,379.8928,126.3079,M4A4,100,100,-21.48996,-88.8817,0,False,True,True,165.2344,3.164063
EPSILON GMX * Nike,CounterTerrorist,1477.51,376.6522,126.2405,M4A4,100,100,-28.49179,-112.1126,0,False,True,True,163.8281,3.164063
EPSILON GMX * Nike,CounterTerrorist,1476.486,372.7559,126.1552,M4A4,100,100,-35.32983,-131.8069,0,False,True,True,162.4219,3.164063
EPSILON GMX * Nike,CounterTerrorist,1475.244,368.3074,126.0517,M4A4,100,100,-42.46112,-148.2972,0,False,True,True,159.9609,3.164063
EPSILON GMX * Nike,CounterTerrorist,1473.772,363.3997,126.1163,M4A4,100,100,-49.83202,-161.9946,0,False,True,True,158.5547,3.164063
EPSILON GMX * Nike,CounterTerrorist,1472.081,358.1064,126.4101,M4A4,100,100,-56.58061,-173.5848,0,False,True,True,158.2031,3.515625
EPSILON GMX * Nike,CounterTerrorist,1470.151,352.4427,126.3466,Flash,100,100,-64.65502,-185.7312,0,False,True,True,157.1484,4.921875
EPSILON GMX * Nike,CounterTerrorist,1467.997,346.4207,126.0145,Flash,100,100,-71.37902,-196.6773,0,False,True,True,156.7969,5.273438
EPSILON GMX * Nike,CounterTerrorist,1465.651,340.0876,125.6529,Flash,100,100,-77.15752,-206.0683,0,False,True,True,156.7969,5.273438
EPSILON GMX * Nike,CounterTerrorist,1463.141,333.4875,125.2659,Flash,100,100,-82.11679,-214.1279,0,False,True,True,156.7969,5.273438
EPSILON GMX * Nike,CounterTerrorist,1460.49,326.6584,124.8228,Flash,100,100,-86.37298,-221.045,0,False,True,True,156.7969,5.273438
EPSILON GMX * Nike,CounterTerrorist,1458.422,321.4059,124.5666,Flash,100,100,-89.16422,-225.5812,0,False,True,True,156.7969,5.273438
EPSILON GMX * Nike,CounterTerrorist,1454.879,312.5225,124.1776,Flash,100,100,-91.17398,-227.4034,0,False,True,True,156.7969,5.273438
EPSILON GMX * Nike,CounterTerrorist,1452.015,305.4218,123.8635,Flash,100,100,-91.88113,-227.1186,0,False,True,True,156.7969,5.273438
EPSILON GMX * Nike,CounterTerrorist,1449.132,298.3293,123.5475,Smoke,100,100,-92.48604,-226.8729,0,False,True,True,156.7969,5.273438
EPSILON GMX * Nike,CounterTerrorist,1446.232,291.2437,123.2297,Smoke,100,100,-93.00386,-226.6612,0,False,True,True,156.7969,5.273438
EPSILON GMX * Nike,CounterTerrorist,1443.316,284.1642,122.9105,Smoke,100,100,-93.43983,-226.4818,0,False,True,True,156.7969,5.273438
EPSILON GMX * Nike,CounterTerrorist,1440.369,277.0979,122.5882,Smoke,100,100,-95.18814,-225.7525,0,False,True,True,152.9297,5.625
EPSILON GMX * Nike,CounterTerrorist,1437.298,270.085,122.1789,Smoke,100,100,-100.7698,-223.3169,0,False,True,True,145.1953,5.976563
EPSILON GMX * Nike,CounterTerrorist,1433.992,263.1799,121.5516,Smoke,100,100,-106.7574,-220.5173,0,False,True,True,135.7031,5.976563
EPSILON GMX * Nike,CounterTerrorist,1430.924,256.1658,120.9435,Smoke,100,100,-93.97302,-226.2611,0,False,True,True,126.5625,5.976563
EPSILON GMX * Nike,CounterTerrorist,1428.12,249.042,120.3569,Smoke,100,100,-87.94164,-228.6728,0,False,True,True,119.5313,5.625
EPSILON GMX * Nike,CounterTerrorist,1425.411,241.8809,119.6608,Smoke,100,100,-86.29012,-229.3012,0,False,True,True,115.3125,4.570313
EPSILON GMX * Nike,CounterTerrorist,1422.768,234.7066,118.698,Smoke,100,100,-79.09754,-230.5054,0,False,True,True,112.8516,3.867188
EPSILON GMX * Nike,CounterTerrorist,1420.824,227.4069,117.8237,Smoke,100,100,-52.68338,-235.3898,0,False,True,True,111.7969,3.515625
EPSILON GMX * Nike,CounterTerrorist,1419.62,219.9639,117.0426,Smoke,100,100,-30.50828,-239.7785,0,False,True,True,111.0938,3.164063
EPSILON GMX * Nike,CounterTerrorist,1419.038,212.3929,116.9492,Smoke,100,100,-11.93938,-243.7215,0,False,True,True,110.3906,2.8125
EPSILON GMX * Nike,CounterTerrorist,1418.945,206.6537,117.1378,Smoke,100,100,-0.1535516,-245,0,False,True,True,109.6875,2.460938
EPSILON GMX * Nike,CounterTerrorist,1419.329,197.0926,117.5283,Smoke,100,100,15.93295,-244.4814,0,False,True,True,108.9844,2.460938
EPSILON GMX * Nike,CounterTerrorist,1420.034,189.4695,117.6183,Smoke,100,100,26.32548,-243.5815,0,False,True,True,108.9844,2.460938
EPSILON GMX * Nike,CounterTerrorist,1421.032,181.8789,117.7222,Smoke,100,100,35.13139,-242.4681,0,False,True,True,108.9844,2.460938
EPSILON GMX * Nike,CounterTerrorist,1422.278,174.3251,117.8521,Smoke,100,100,42.58847,-241.27,0,False,True,True,108.9844,2.460938
EPSILON GMX * Nike,CounterTerrorist,1423.734,166.8086,117.9974,Smoke,100,100,48.81324,-240.088,0,False,True,True,108.9844,2.460938
EPSILON GMX * Nike,CounterTerrorist,1425.657,159.5122,118.3337,Smoke,100,100,72.62608,-227.3318,0,False,True,True,108.9844,2.460938
EPSILON GMX * Nike,CounterTerrorist,1428.448,152.6977,118.7431,Smoke,100,100,98.7933,-212.7811,0,False,True,True,108.9844,2.460938
EPSILON GMX * Nike,CounterTerrorist,1431.982,146.2968,119.2152,Smoke,100,100,121.2508,-200.2932,0,False,True,True,108.9844,2.460938
EPSILON GMX * Nike,CounterTerrorist,1436.155,140.251,119.741,Smoke,100,100,140.5244,-189.5757,0,False,True,True,108.9844,2.460938
EPSILON GMX * Nike,CounterTerrorist,1440.875,134.5098,120.313,Smoke,100,100,157.0655,-180.3777,0,False,True,True,108.9844,2.460938
EPSILON GMX * Nike,CounterTerrorist,1445.96,129.123,120.9125,M4A4,100,100,157.5863,-160.5975,0,False,True,True,109.3359,2.460938
EPSILON GMX * Nike,CounterTerrorist,1451.084,124.4444,121.5011,M4A4,100,100,168.4331,-137.903,0,False,True,True,110.0391,2.460938
EPSILON GMX * Nike,CounterTerrorist,1456.566,120.785,122.1026,M4A4,100,100,179.3342,-105.1154,0,False,True,True,111.4453,2.8125
EPSILON GMX * Nike,CounterTerrorist,1462.35,118.0768,122.8408,M4A4,100,100,188.3046,-76.00556,0,False,True,True,112.8516,3.164063
EPSILON GMX * Nike,CounterTerrorist,1468.378,116.2201,123.7837,M4A4,100,100,195.4717,-49.79972,0,False,True,True,115.3125,3.515625
EPSILON GMX * Nike,CounterTerrorist,1474.599,115.1326,124.6064,M4A4,100,100,201.0627,-26.13329,0,False,True,True,117.0703,3.867188
EPSILON GMX * Nike,CounterTerrorist,1480.972,114.7324,125.4029,M4A4,100,100,205.5202,-5.153743,0,False,True,True,118.125,4.21875
EPSILON GMX * Nike,CounterTerrorist,1487.464,114.9406,126.2145,M4A4,100,100,208.9843,13.52251,0,False,True,True,119.5313,4.570313
EPSILON GMX * Nike,CounterTerrorist,1494.046,115.697,127.0373,M4A4,100,100,211.4847,30.38497,0,False,True,True,120.5859,4.921875
EPSILON GMX * Nike,CounterTerrorist,1500.704,116.9081,127.5687,M4A4,100,100,214.7887,40.91457,0,False,True,True,120.9375,5.273438
EPSILON GMX * Nike,CounterTerrorist,1507.529,117.8918,127.8713,M4A4,100,100,220.4434,26.09525,0,False,True,True,120.9375,5.273438
EPSILON GMX * Nike,CounterTerrorist,1514.509,118.4538,128.1469,M4A4,100,100,224.6044,13.33579,0,False,True,True,120.9375,5.273438
EPSILON GMX * Nike,CounterTerrorist,1521.537,118.6508,128.3955,M4A4,100,100,224.988,2.32166,0,False,True,True,120.9375,5.273438
EPSILON GMX * Nike,CounterTerrorist,1528.567,118.5383,128.6175,M4A4,100,100,224.8925,-6.954194,0,False,True,True,120.9375,5.273438
EPSILON GMX * Nike,CounterTerrorist,1535.588,118.1656,128.8194,M4A4,100,100,224.5166,-14.74046,0,False,True,True,120.9375,5.273438
EPSILON GMX * Nike,CounterTerrorist,1540.844,117.7408,128.9594,M4A4,100,100,224.1324,-19.73933,0,False,True,True,120.9375,5.273438
EPSILON GMX * Nike,CounterTerrorist,1549.821,116.7627,129.1793,Smoke,100,100,233.3834,-28.3554,0,False,True,True,120.9375,5.273438
EPSILON GMX * Nike,CounterTerrorist,1557.239,115.7611,129.3461,Smoke,100,100,239.6113,-34.1559,0,False,True,True,120.9375,5.273438
EPSILON GMX * Nike,CounterTerrorist,1564.738,115.2111,129.5502,Smoke,100,100,240.2843,-8.294808,0,False,True,True,120.2344,4.21875
EPSILON GMX * Nike,CounterTerrorist,1572.304,115.3034,129.8055,Smoke,100,100,243.6937,7.965977,0,False,True,True,106.1719,4.570313
EPSILON GMX * Nike,CounterTerrorist,1579.956,115.5573,130.0759,Smoke,100,100,244.9374,5.54012,0,False,True,True,76.64063,5.273438
EPSILON GMX * Nike,CounterTerrorist,1587.611,115.4677,130.3466,Smoke,100,100,244.9542,-4.739107,0,False,True,True,46.05469,4.921875
EPSILON GMX * Nike,CounterTerrorist,1595.259,115.1428,130.6161,Smoke,100,100,244.4726,-16.06639,0,False,True,True,18.63281,4.570313
EPSILON GMX * Nike,CounterTerrorist,1602.877,114.3847,130.8452,Smoke,100,100,243.8626,-23.5803,0,False,True,True,2.109375,4.21875
EPSILON GMX * Nike,CounterTerrorist,1610.506,113.737,131.0847,Smoke,100,100,244.2545,-19.09815,0,False,True,True,1.40625,3.515625
EPSILON GMX * Nike,CounterTerrorist,1618.145,113.2205,131.3365,Smoke,100,100,244.535,-15.08735,0,False,True,True,1.40625,3.515625
EPSILON GMX * Nike,CounterTerrorist,1625.79,112.8148,131.5985,Smoke,100,100,244.7157,-11.79876,0,False,True,True,1.40625,3.515625
EPSILON GMX * Nike,CounterTerrorist,1633.519,112.501,131.8721,Knife,100,100,249.8216,-9.03789,0,False,True,True,1.40625,3.515625
EPSILON GMX * Nike,CounterTerrorist,1641.328,112.2645,132.1558,Knife,100,100,249.9092,-6.735734,0,False,True,True,1.40625,3.515625
EPSILON GMX * Nike,CounterTerrorist,1649.138,112.0928,132.4454,Knife,100,100,249.954,-4.793226,0,False,True,True,1.40625,3.515625
EPSILON GMX * Nike,CounterTerrorist,1656.95,111.9758,132.7399,Knife,100,100,249.9802,-3.14647,0,False,True,True,1.40625,3.515625
EPSILON GMX * Nike,CounterTerrorist,1664.762,111.9054,133.0387,Knife,100,100,249.9939,-1.74585,0,False,True,True,1.40625,3.515625
EPSILON GMX * Nike,CounterTerrorist,1672.574,111.8746,133.3411,Knife,100,100,249.9994,-0.5517282,0,False,True,True,1.40625,3.515625
EPSILON GMX * Nike,CounterTerrorist,1680.387,111.8777,133.6314,Knife,100,100,249.9996,0.4681185,0,False,True,True,1.40625,3.515625
EPSILON GMX * Nike,CounterTerrorist,1688.199,111.9097,133.6314,Knife,100,100,249.9964,1.340241,0,False,True,True,1.40625,3.515625
EPSILON GMX * Nike,CounterTerrorist,1696,111.9057,133.6314,Knife,100,100,248.5529,-5.68853,0,False,True,True,1.40625,3.515625
EPSILON GMX * Nike,CounterTerrorist,1703.663,111.1775,133.5682,Knife,100,100,243.3136,-33.34106,0,False,True,True,1.40625,3.515625
EPSILON GMX * Nike,CounterTerrorist,1711.178,109.6634,133.4315,Knife,100,100,238.8368,-57.05248,0,False,True,True,1.757813,3.515625
EPSILON GMX * Nike,CounterTerrorist,1718.592,107.5417,133.0752,Knife,100,100,238.1404,-69.22999,0,False,True,True,2.460938,4.21875
EPSILON GMX * Nike,CounterTerrorist,1726.157,105.6252,132.7131,Knife,100,100,243.5253,-56.52791,0,False,True,True,3.515625,4.570313
EPSILON GMX * Nike,CounterTerrorist,1731.896,104.444,132.463,Knife,100,100,245.46,-47.42786,0,False,True,True,4.21875,4.570313
EPSILON GMX * Nike,CounterTerrorist,1741.539,102.9065,132.0831,Knife,100,100,247.6299,-34.34284,0,False,True,True,4.570313,4.570313
EPSILON GMX * Nike,CounterTerrorist,1749.299,102.006,131.8078,Knife,100,100,248.6771,-25.68481,0,False,True,True,4.570313,4.570313
EPSILON GMX * Nike,CounterTerrorist,1757.083,101.3484,131.5538,Knife,100,100,249.319,-18.43963,0,False,True,True,4.21875,4.570313
EPSILON GMX * Nike,CounterTerrorist,1764.882,100.8879,131.3173,Knife,100,100,249.6766,-12.71249,0,False,True,True,3.515625,4.570313
EPSILON GMX * Nike,CounterTerrorist,1772.688,100.5724,131.0936,Knife,100,100,249.8471,-8.741406,0,False,True,True,2.460938,4.570313
EPSILON GMX * Nike,CounterTerrorist,1778.545,100.4,130.9049,Knife,100,100,249.9093,-6.734878,0,False,True,True,1.757813,4.570313
EPSILON GMX * Nike,CounterTerrorist,1788.308,100.1852,130.5614,Knife,100,100,249.9519,-4.90123,0,False,True,True,0.3515625,5.273438
EPSILON GMX * Nike,CounterTerrorist,1796.119,100.0414,130.2896,Knife,100,100,249.959,-4.524788,0,False,True,True,358.9453,5.625
EPSILON GMX * Nike,CounterTerrorist,1803.93,99.894,130.0175,Knife,100,100,249.9519,-4.906603,0,False,True,True,357.8906,6.328125
EPSILON GMX * Nike,CounterTerrorist,1811.741,99.72569,129.743,Knife,100,100,249.9349,-5.703846,0,False,True,True,357.5391,7.03125
EPSILON GMX * Nike,CounterTerrorist,1819.551,99.52934,129.4657,Knife,100,100,249.9121,-6.630128,0,False,True,True,357.1875,7.734375
EPSILON GMX * Nike,CounterTerrorist,1827.36,99.30783,129.1856,Knife,100,100,249.8942,-7.272151,0,False,True,True,357.8906,8.789063
EPSILON GMX * Nike,CounterTerrorist,1835.17,99.08781,128.9056,Knife,100,100,249.9109,-6.674231,0,False,True,True,0.3515625,9.84375
EPSILON GMX * Nike,CounterTerrorist,1842.98,98.9222,128.6315,Knife,100,100,249.9636,-4.265053,0,False,True,True,3.164063,10.54688
EPSILON GMX * Nike,CounterTerrorist,1850.793,98.856,128.3681,Knife,100,100,249.9986,-0.8269951,0,False,True,True,4.21875,10.54688
EPSILON GMX * Nike,CounterTerrorist,1858.605,98.88764,128.1151,Knife,100,100,249.9924,1.946073,0,False,True,True,3.515625,10.54688
EPSILON GMX * Nike,CounterTerrorist,1866.417,98.95692,127.8662,Knife,100,100,249.9933,1.832482,0,False,True,True,357.5391,10.54688
EPSILON GMX * Nike,CounterTerrorist,1874.23,98.91715,127.637,Knife,100,100,249.9673,-4.042496,0,False,True,True,348.3984,9.84375
EPSILON GMX * Nike,CounterTerrorist,1882.034,98.57423,127.4537,Knife,100,100,249.5038,-15.74349,0,False,True,True,339.2578,8.085938
EPSILON GMX * Nike,CounterTerrorist,1889.81,97.82762,129.5969,Knife,100,100,248.5781,-26.62565,292.6184,False,True,True,333.9844,7.03125
EPSILON GMX * Nike,CounterTerrorist,1897.578,96.99556,138.3506,Knife,100,100,248.5781,-26.62565,267.6184,False,True,True,335.3906,7.734375
EPSILON GMX * Nike,CounterTerrorist,1905.346,96.1635,146.3231,Knife,100,100,248.5781,-26.62565,242.6184,False,True,True,342.7734,10.54688
EPSILON GMX * Nike,CounterTerrorist,1913.127,95.45159,153.5143,Knife,100,100,250.2579,-11.24593,217.6184,False,True,True,353.6719,15.46875
EPSILON GMX * Nike,CounterTerrorist,1920.971,96.30973,159.9243,Knife,100,100,250.0661,49.0738,192.6184,False,True,True,4.21875,19.33594
EPSILON GMX * Nike,CounterTerrorist,1926.764,97.9319,164.219,Knife,100,100,245.3429,79.03921,173.8684,False,True,True,11.25,21.44531
EPSILON GMX * Nike,CounterTerrorist,1936.084,101.9725,170.4005,Knife,100,100,234.0809,117.0153,142.6184,False,True,True,20.03906,23.55469
EPSILON GMX * Nike,CounterTerrorist,1943.248,105.9919,174.4667,Knife,100,100,226.4167,134.8799,117.6184,False,True,True,24.96094,23.90625
EPSILON GMX * Nike,CounterTerrorist,1950.152,110.5327,177.7516,Knife,100,100,217.4336,151.5611,92.61838,False,True,True,30.23438,23.90625
EPSILON GMX * Nike,CounterTerrorist,1956.743,115.5941,180.2554,Knife,100,100,206.8057,168.2023,67.61838,False,True,True,34.10156,23.90625
EPSILON GMX * Nike,CounterTerrorist,1962.988,121.1582,181.9778,Knife,100,100,196.529,182.5883,42.61838,False,True,True,36.5625,23.90625
EPSILON GMX * Nike,CounterTerrorist,1969.003,127.0289,182.9191,Knife,100,100,189.7053,191.3289,17.61838,False,True,True,38.67188,23.55469
EPSILON GMX * Nike,CounterTerrorist,1974.747,133.2225,183.079,Knife,100,100,179.1145,203.4923,-7.381622,False,True,True,42.1875,23.55469
EPSILON GMX * Nike,CounterTerrorist,1978.76,138.1808,182.6863,Knife,100,100,166.485,216.1805,-26.13162,False,True,True,46.05469,23.55469
EPSILON GMX * Nike,CounterTerrorist,1984.442,147.2991,181.0552,Knife,100,100,129.3953,245.0904,-57.38162,False,True,True,55.89844,24.25781
EPSILON GMX * Nike,CounterTerrorist,1987.705,155.3949,178.8715,Knife,100,100,89.90804,266.2623,-82.38162,False,True,True,65.03906,24.25781
EPSILON GMX * Nike,CounterTerrorist,1989.646,164.0337,175.9064,Knife,100,100,48.39531,280.6631,-107.3816,False,True,True,74.17969,23.55469
EPSILON GMX * Nike,CounterTerrorist,1990.353,172.9703,172.1602,Knife,100,100,9.359385,288.0815,-132.3816,False,True,True,82.26563,21.79688
EPSILON GMX * Nike,CounterTerrorist,1990.286,182.0103,167.6326,Knife,100,100,-3.510757,289.4085,-157.3816,False,True,True,87.89063,20.03906
EPSILON GMX * Nike,CounterTerrorist,1990.03,191.0424,162.3239,Knife,100,100,-23.28092,287.8093,-182.3816,False,True,True,91.75781,18.63281
EPSILON GMX * Nike,CounterTerrorist,1989.226,198.0985,160.0313,Knife,100,100,-33.85324,204.6364,0,False,True,True,93.86719,17.57813
EPSILON GMX * Nike,CounterTerrorist,1987.643,204.4564,160.0313,Knife,100,100,-60.22641,202.7926,0,False,True,True,93.86719,16.52344
EPSILON GMX * Nike,CounterTerrorist,1985.666,210.9347,160.0313,Knife,100,100,-60.31522,212.0673,0,False,True,True,91.75781,15.82031
EPSILON GMX * Nike,CounterTerrorist,1983.953,217.7863,160.0313,Knife,100,100,-51.27898,223.3413,0,False,True,True,87.89063,15.46875
EPSILON GMX * Nike,CounterTerrorist,1982.554,224.9563,160.0313,Knife,100,100,-40.66872,232.8839,0,False,True,True,84.02344,14.76563
EPSILON GMX * Nike,CounterTerrorist,1981.512,232.3917,160.0313,Knife,100,100,-28.8897,240.7735,0,False,True,True,80.85938,14.41406
EPSILON GMX * Nike,CounterTerrorist,1980.822,240.0489,160.0313,Knife,100,100,-18.18195,247.4567,0,False,True,True,80.85938,14.41406
EPSILON GMX * Nike,CounterTerrorist,1980.439,247.8475,160.0313,Knife,100,100,-8.849045,249.8434,0,False,True,True,80.85938,14.41406
EPSILON GMX * Nike,CounterTerrorist,1980.321,255.6588,160.0313,Knife,100,100,-0.905799,249.9984,0,False,True,True,80.85938,14.41406
EPSILON GMX * Nike,CounterTerrorist,1980.963,263.2472,160.0313,Knife,100,100,32.76067,238.743,0,False,True,True,80.85938,14.41406
EPSILON GMX * Nike,CounterTerrorist,1982.562,270.5157,160.0313,Knife,100,100,61.6542,229.0832,0,False,True,True,80.85938,14.41406
EPSILON GMX * Nike,CounterTerrorist,1984.982,277.5096,160.0313,Knife,100,100,86.45144,220.793,0,False,True,True,80.85938,14.41406
EPSILON GMX * Nike,CounterTerrorist,1988.108,284.2677,160.0313,Knife,100,100,107.7331,213.6781,0,False,True,True,80.85938,14.41406
EPSILON GMX * Nike,CounterTerrorist,1991.838,290.8236,160.0313,Knife,100,100,125.9977,207.5718,0,False,True,True,80.85938,14.41406
EPSILON GMX * Nike,CounterTerrorist,1996.089,297.2027,160.0313,Knife,100,100,141.9041,202.0028,0,False,True,True,79.10156,14.41406
EPSILON GMX * Nike,CounterTerrorist,2000.831,303.3656,160.0313,Knife,100,100,157.653,193.8895,0,False,True,True,72.07031,14.0625
EPSILON GMX * Nike,CounterTerrorist,2006.047,309.1794,160.0313,Knife,100,100,172.5534,180.9014,0,False,True,True,63.98437,13.35938
EPSILON GMX * Nike,CounterTerrorist,2011.74,314.5258,160.0313,Knife,100,100,187.9168,164.8857,0,False,True,True,55.89844,12.65625
EPSILON GMX * Nike,CounterTerrorist,2017.896,319.3306,160.0313,Knife,100,100,202.2571,146.9155,0,False,True,True,50.625,12.30469
EPSILON GMX * Nike,CounterTerrorist,2024.459,323.5649,160.0313,Knife,100,100,214.3004,128.7453,0,False,True,True,48.51563,12.30469
EPSILON GMX * Nike,CounterTerrorist,2031.342,327.2572,160.0313,Knife,100,100,223.484,112.0487,0,False,True,True,48.51563,11.95313
EPSILON GMX * Nike,CounterTerrorist,2038.437,330.5266,160.0313,Knife,100,100,226.8849,104.9917,0,False,True,True,48.51563,11.95313
EPSILON GMX * Nike,CounterTerrorist,2045.382,334.1012,160.0313,Knife,100,100,219.504,119.6578,0,False,True,True,48.51563,11.95313
EPSILON GMX * Nike,CounterTerrorist,2052.104,338.0808,160.0313,Knife,100,100,212.5233,131.6581,0,False,True,True,48.51563,11.95313
EPSILON GMX * Nike,CounterTerrorist,2058.619,342.3914,160.0313,Knife,100,100,206.1282,141.4609,0,False,True,True,48.51563,11.95313
EPSILON GMX * Nike,CounterTerrorist,2063.382,345.8047,160.0313,Knife,100,100,201.7664,147.6154,0,False,True,True,48.51563,11.95313
EPSILON GMX * Nike,CounterTerrorist,2071.109,351.7744,160.0313,Knife,100,100,195.3429,156.0165,0,False,True,True,48.51563,11.95313
EPSILON GMX * Nike,CounterTerrorist,2077.126,356.7573,160.0313,Knife,100,100,190.936,161.3799,0,False,True,True,48.51563,11.95313
EPSILON GMX * Nike,CounterTerrorist,2081.554,360.5941,160.0313,Knife,100,100,187.9711,164.8237,0,False,True,True,48.51563,11.95313
EPSILON GMX * Nike,CounterTerrorist,2088.781,367.1614,160.0313,Knife,100,100,182.9734,170.3547,0,False,True,True,50.625,11.95313
EPSILON GMX * Nike,CounterTerrorist,2094.411,372.5781,160.0313,Knife,100,100,178.3627,175.1763,0,False,True,True,53.08593,11.95313
EPSILON GMX * Nike,CounterTerrorist,2099.884,378.1524,160.0313,Knife,100,100,173.1652,180.3159,0,False,True,True,55.54688,11.95313
EPSILON GMX * Nike,CounterTerrorist,2105.187,383.8895,160.0313,Knife,100,100,167.5028,185.5877,0,False,True,True,58.00781,12.30469
EPSILON GMX * Nike,CounterTerrorist,2109.04,388.3039,160.0313,Knife,100,100,162.7988,189.7276,0,False,True,True,60.11719,12.30469
EPSILON GMX * Nike,CounterTerrorist,2115.223,395.8622,160.0313,Knife,100,100,155.4612,195.7851,0,False,True,True,60.46875,12.30469
EPSILON GMX * Nike,CounterTerrorist,2119.424,402.2216,160.0313,Knife,100,100,122.4709,207.9021,0,False,True,True,60.46875,12.30469
EPSILON GMX * Nike,CounterTerrorist,2121.952,407.22,160.0313,Knife,100,100,100.8355,215.8485,0,False,True,True,60.46875,12.30469
EPSILON GMX * Nike,CounterTerrorist,2125.146,415.925,160.0313,Knife,100,100,69.85856,227.2261,0,False,True,True,60.46875,12.30469
EPSILON GMX * Nike,CounterTerrorist,2126.915,423.1783,160.0313,Knife,100,100,49.00429,234.8857,0,False,True,True,60.46875,12.30469
EPSILON GMX * Nike,CounterTerrorist,2128.469,430.6018,160.0313,Knife,100,100,55.10246,238.4518,0,False,True,True,60.46875,12.30469
EPSILON GMX * Nike,CounterTerrorist,2130.443,438.0959,160.0313,Knife,100,100,67.74244,240.5841,0,False,True,True,60.46875,12.30469
EPSILON GMX * Nike,CounterTerrorist,2132.146,443.7022,160.0313,Knife,100,100,74.97052,238.4941,0,False,True,True,60.46875,12.30469
EPSILON GMX * Nike,CounterTerrorist,2135.316,452.9383,160.0313,Knife,100,100,84.96437,235.1192,0,False,True,True,60.46875,12.30469
EPSILON GMX * Nike,CounterTerrorist,2138.1,460.2375,160.0313,Knife,100,100,91.44279,232.6762,0,False,True,True,60.46875,12.30469
EPSILON GMX * Nike,CounterTerrorist,2141.065,467.4652,160.0313,Knife,100,100,96.82138,230.49,0,False,True,True,60.46875,12.30469
EPSILON GMX * Nike,CounterTerrorist,2144.178,474.6304,160.0313,Knife,100,100,101.1879,228.6066,0,False,True,True,60.46875,12.30469
EPSILON GMX * Nike,CounterTerrorist,2147.406,481.7446,160.0313,Knife,100,100,104.4589,227.1307,0,False,True,True,60.82031,12.30469
EPSILON GMX * Nike,CounterTerrorist,2150.723,488.8182,160.0313,Knife,100,100,107.0656,225.9136,0,False,True,True,60.82031,12.30469
EPSILON GMX * Nike,CounterTerrorist,2154.112,495.8572,160.0313,Knife,100,100,109.2356,224.8724,0,False,True,True,60.82031,12.30469
EPSILON GMX * Nike,CounterTerrorist,2156.694,501.1169,160.0313,Knife,100,100,110.6298,224.1897,0,False,True,True,60.82031,12.30469
EPSILON GMX * Nike,CounterTerrorist,2161.063,509.8509,160.0313,Knife,100,100,112.5685,223.2226,0,False,True,True,61.17188,12.30469
EPSILON GMX * Nike,CounterTerrorist,2164.605,516.8141,160.0313,Knife,100,100,113.8145,222.5899,0,False,True,True,61.17188,12.30469
EPSILON GMX * Nike,CounterTerrorist,2168.183,523.7592,160.0313,Knife,100,100,114.8741,222.0449,0,False,True,True,61.17188,12.30469
EPSILON GMX * Nike,CounterTerrorist,2171.791,530.6888,160.0313,Knife,100,100,115.7694,221.5795,0,False,True,True,61.17188,12.30469
EPSILON GMX * Nike,CounterTerrorist,2175.423,537.6057,160.0313,Knife,100,100,116.4693,221.2123,0,False,True,True,61.17188,12.30469
EPSILON GMX * Nike,CounterTerrorist,2179.071,544.5142,160.0313,Knife,100,100,116.8645,221.0038,0,False,True,True,61.52344,12.30469
EPSILON GMX * Nike,CounterTerrorist,2182.727,551.4188,160.0313,Knife,100,100,117.0021,220.931,0,False,True,True,61.875,12.30469
EPSILON GMX * Nike,CounterTerrorist,2185.468,556.5972,160.0313,Knife,100,100,116.9235,220.9726,0,False,True,True,62.57813,11.95313
EPSILON GMX * Nike,CounterTerrorist,2190.02,565.2374,160.0313,Knife,100,100,116.0892,221.412,0,False,True,True,63.98437,11.95313
EPSILON GMX * Nike,CounterTerrorist,2193.616,572.173,160.0313,Knife,100,100,114.3327,222.3241,0,False,True,True,66.09375,12.30469
EPSILON GMX * Nike,CounterTerrorist,2197.133,579.149,156.8457,Knife,100,100,111.3148,223.8504,0,False,True,True,68.90625,12.30469
EPSILON GMX * Nike,CounterTerrorist,2200.531,586.1837,156.4204,Knife,100,100,107.0574,225.9175,0,False,True,True,71.01563,12.30469
EPSILON GMX * Nike,CounterTerrorist,2203.786,593.2853,156.0155,Knife,100,100,102.515,228.0146,0,False,True,True,71.71875,12.30469
EPSILON GMX * Nike,CounterTerrorist,2206.914,600.4445,155.6291,Knife,100,100,98.70557,229.6894,0,False,True,True,71.71875,12.30469
EPSILON GMX * Nike,CounterTerrorist,2209.936,607.6489,155.2578,Knife,100,100,95.56799,231.0125,0,False,True,True,71.71875,12.30469
EPSILON GMX * Nike,CounterTerrorist,2212.144,613.0762,154.9877,Knife,100,100,93.56351,231.8315,0,False,True,True,71.71875,12.30469
EPSILON GMX * Nike,CounterTerrorist,2215.731,622.1591,154.5509,Knife,100,100,90.75263,232.9463,0,False,True,True,71.71875,12.30469
EPSILON GMX * Nike,CounterTerrorist,2218.53,629.4529,154.2115,Knife,100,100,88.89212,233.6626,0,False,True,True,71.71875,12.30469
EPSILON GMX * Nike,CounterTerrorist,2221.276,636.7668,153.8797,Knife,100,100,87.31166,234.2577,0,False,True,True,71.71875,12.30469
EPSILON GMX * Nike,CounterTerrorist,2223.978,644.0973,153.5543,Knife,100,100,85.96498,234.7552,0,False,True,True,71.71875,12.30469
EPSILON GMX * Nike,CounterTerrorist,2226.642,651.4418,153.2344,Knife,100,100,84.81503,235.1732,0,False,True,True,71.71875,12.30469
EPSILON GMX * Nike,CounterTerrorist,2229.273,658.798,152.9191,Knife,100,100,83.83154,235.5255,0,False,True,True,71.71875,12.30469
EPSILON GMX * Nike,CounterTerrorist,2231.876,666.164,152.6078,Knife,100,100,82.98949,235.8235,0,False,True,True,71.71875,12.30469
EPSILON GMX * Nike,CounterTerrorist,2234.452,673.5397,152.3004,Knife,100,100,81.99256,236.172,0,False,True,True,72.77344,12.65625
EPSILON GMX * Nike,CounterTerrorist,2236.963,680.9376,152.0022,Knife,100,100,79.00563,237.1879,0,False,True,True,76.99219,13.00781
EPSILON GMX * Nike,CounterTerrorist,2239.32,688.3857,151.7261,Knife,100,100,72.9183,239.1295,0,False,True,True,82.26563,13.35938
EPSILON GMX * Nike,CounterTerrorist,2241.428,695.9078,151.4854,Knife,100,100,63.86869,241.7039,0,False,True,True,88.59375,13.35938
EPSILON GMX * Nike,CounterTerrorist,2243.207,703.5143,151.2916,Knife,100,100,52.47292,244.4312,0,False,True,True,93.86719,12.65625
EPSILON GMX * Nike,CounterTerrorist,2244.625,711.1965,151.1491,Knife,100,100,41.32564,246.5607,0,False,True,True,93.86719,12.65625
EPSILON GMX * Nike,CounterTerrorist,2245.728,718.9303,151.0512,Knife,100,100,31.88359,247.9585,0,False,True,True,93.86719,12.65625
EPSILON GMX * Nike,CounterTerrorist,2246.565,726.6974,150.9908,Knife,100,100,23.9171,248.8533,0,False,True,True,93.86719,12.65625
EPSILON GMX * Nike,CounterTerrorist,2247.178,734.4856,150.962,Knife,100,100,17.21359,249.4067,0,False,True,True,93.86719,12.65625
EPSILON GMX * Nike,CounterTerrorist,2247.604,742.2864,150.9578,Knife,100,100,11.58313,249.7315,0,False,True,True,93.86719,12.65625
EPSILON GMX * Nike,CounterTerrorist,2247.872,750.0942,150.9794,Knife,100,100,6.917139,249.9043,0,False,True,True,93.86719,12.65625
EPSILON GMX * Nike,CounterTerrorist,2248.013,757.9054,150.9962,Knife,100,100,3.128363,249.9804,0,False,True,True,93.86719,12.65625
EPSILON GMX * Nike,CounterTerrorist,2248.048,765.7178,151.0122,Knife,100,100,-0.003491164,250,0,False,True,True,94.21874,12.65625
EPSILON GMX * Nike,CounterTerrorist,2247.993,773.4519,151.0122,Smoke,100,100,-2.767521,244.9844,0,False,True,True,95.27343,13.00781
EPSILON GMX * Nike,CounterTerrorist,2247.886,779.1931,151.0294,Smoke,100,100,-5.450183,244.9394,0,False,True,True,96.32813,13.35938
EPSILON GMX * Nike,CounterTerrorist,2247.852,788.7456,151.0433,Smoke,100,100,9.572162,243.6521,0,False,True,True,97.73438,13.35938
EPSILON GMX * Nike,CounterTerrorist,2248.606,796.3188,150.9502,Smoke,100,100,32.34174,241.6663,0,False,True,True,98.78906,13.71094
EPSILON GMX * Nike,CounterTerrorist,2249.992,803.8375,150.6685,Smoke,100,100,51.04638,239.6232,0,False,True,True,99.84375,13.71094
EPSILON GMX * Nike,CounterTerrorist,2251.523,811.3376,150.4865,Smoke,100,100,43.03906,241.19,0,False,True,True,100.5469,13.71094
EPSILON GMX * Nike,CounterTerrorist,2252.585,818.9283,150.3855,Knife,100,100,28.82866,244.5051,0,False,True,True,101.25,13.71094
EPSILON GMX * Nike,CounterTerrorist,2253.238,826.6786,150.3087,Knife,100,100,16.16821,249.4766,0,False,True,True,102.6563,13.35938
EPSILON GMX * Nike,CounterTerrorist,2253.502,834.4859,150.2476,Knife,100,100,3.878298,249.9699,0,False,True,True,104.7656,13.35938
EPSILON GMX * Nike,CounterTerrorist,2253.381,842.2967,150.2026,Knife,100,100,-8.643517,249.8505,0,False,True,True,108.2813,13.00781
EPSILON GMX * Nike,CounterTerrorist,2252.844,850.0898,150.175,Knife,100,100,-22.46277,248.9888,0,False,True,True,113.9063,13.00781
EPSILON GMX * Nike,CounterTerrorist,2251.85,857.8377,150.1667,Knife,100,100,-37.42417,247.183,0,False,True,True,117.7734,12.65625
EPSILON GMX * Nike,CounterTerrorist,2250.812,863.6039,150.1856,Knife,100,100,-47.62289,245.4222,0,False,True,True,117.7734,12.65625
EPSILON GMX * Nike,CounterTerrorist,2248.608,873.1164,150.2622,Knife,100,100,-61.8255,242.2346,0,False,True,True,117.7734,12.65625
EPSILON GMX * Nike,CounterTerrorist,2246.492,880.6363,150.3464,Knife,100,100,-71.06087,239.688,0,False,True,True,117.7734,12.65625
EPSILON GMX * Nike,CounterTerrorist,2244.118,888.079,150.4476,Knife,100,100,-78.73741,237.2771,0,False,True,True,117.7734,12.65625
EPSILON GMX * Nike,CounterTerrorist,2241.53,895.4501,150.5627,Knife,100,100,-85.11585,235.0644,0,False,True,True,117.7734,12.65625
EPSILON GMX * Nike,CounterTerrorist,2238.764,902.7565,150.6895,Knife,100,100,-90.41636,233.077,0,False,True,True,117.7734,12.65625
EPSILON GMX * Nike,CounterTerrorist,2235.851,910.0056,150.826,Knife,100,100,-94.77238,231.34,0,False,True,True,117.7734,12.65625
EPSILON GMX * Nike,CounterTerrorist,2232.818,917.2052,150.9704,Knife,100,100,-98.42161,229.8112,0,False,True,True,118.4766,12.65625
EPSILON GMX * Nike,CounterTerrorist,2230.455,922.5668,151.0846,Knife,100,100,-102.1525,228.1773,0,False,True,True,121.6406,12.30469
EPSILON GMX * Nike,CounterTerrorist,2226.296,931.4022,151.2895,Knife,100,100,-106.8414,226.0197,0,False,True,True,128.6719,11.95313
EPSILON GMX * Nike,CounterTerrorist,2223.322,938.6246,151.4301,Knife,100,100,-88.95376,233.6391,0,False,True,True,134.2969,11.25
EPSILON GMX * Nike,CounterTerrorist,2221.389,944.1559,151.5159,Knife,100,100,-79.50678,237.0204,0,False,True,True,138.1641,10.54688
EPSILON GMX * Nike,CounterTerrorist,2218.529,953.4926,151.6353,Knife,100,100,-69.86948,240.038,0,False,True,True,143.4375,8.085938
EPSILON GMX * Nike,CounterTerrorist,2216.445,961.022,151.7174,Knife,100,100,-64.80479,241.4546,0,False,True,True,143.4375,6.679688
EPSILON GMX * Nike,CounterTerrorist,2214.536,968.5975,151.7881,Knife,100,100,-58.5257,243.053,0,False,True,True,138.5156,5.976563
EPSILON GMX * Nike,CounterTerrorist,2212.911,976.2382,151.8405,Knife,100,100,-47.12423,245.5184,0,False,True,True,127.2656,5.625
EPSILON GMX * Nike,CounterTerrorist,2211.823,983.97,151.8582,Knife,100,100,-26.12187,248.378,0,False,True,True,108.2813,6.679688
EPSILON GMX * Nike,CounterTerrorist,2211.526,991.7047,151.8258,Knife,100,100,-3.32297,248.0181,0,False,True,True,87.89063,9.140625
EPSILON GMX * Nike,CounterTerrorist,2211.205,999.4246,158.6032,Knife,100,100,-10.29496,247.0401,280.1184,False,True,True,82.26563,10.89844
EPSILON GMX * Nike,CounterTerrorist,2210.964,1005.215,164.9487,Knife,100,100,-10.29496,247.0401,261.3684,False,True,True,84.375,13.00781
EPSILON GMX * Nike,CounterTerrorist,2209.564,1014.851,174.5481,Knife,100,100,-59.79099,244.7632,230.1184,False,True,True,97.03126,16.875
EPSILON GMX * Nike,CounterTerrorist,2206.669,1022.259,181.3487,Knife,100,100,-110.8816,231.4977,205.1184,False,True,True,108.9844,20.03906
EPSILON GMX * Nike,CounterTerrorist,2202.267,1029.062,187.3681,Knife,100,100,-157.1108,208.7943,180.1184,False,True,True,120.2344,22.5
EPSILON GMX * Nike,CounterTerrorist,2196.767,1035.181,192.6062,Knife,100,100,-187.346,187.2297,155.1184,False,True,True,128.6719,23.55469
EPSILON GMX * Nike,CounterTerrorist,2190.511,1040.676,197.063,Knife,100,100,-206.6069,169.798,130.1184,False,True,True,134.2969,24.25781
EPSILON GMX * Nike,CounterTerrorist,2183.809,1045.719,200.7386,Knife,100,100,-219.1364,156.1139,105.1184,False,True,True,139.2188,24.25781
EPSILON GMX * Nike,CounterTerrorist,2176.724,1050.306,203.633,Knife,100,100,-231.255,141.0346,80.11838,False,True,True,142.3828,24.25781
EPSILON GMX * Nike,CounterTerrorist,2169.347,1054.509,205.7461,Knife,100,100,-238.3174,131.3583,55.11838,False,True,True,144.8438,24.25781
EPSILON GMX * Nike,CounterTerrorist,2161.778,1058.434,207.0779,Knife,100,100,-244.1741,122.6065,30.11838,False,True,True,146.9531,23.90625
EPSILON GMX * Nike,CounterTerrorist,2154.038,1062.089,207.6285,Knife,100,100,-249.9508,113.1802,5.118378,False,True,True,149.4141,23.90625
EPSILON GMX * Nike,CounterTerrorist,2146.114,1065.425,207.3979,Knife,100,100,-255.698,102.8419,-19.88162,False,True,True,151.875,23.55469
EPSILON GMX * Nike,CounterTerrorist,2138.001,1068.396,206.386,Knife,100,100,-261.6277,90.89265,-44.88162,False,True,True,154.6875,22.85156
EPSILON GMX * Nike,CounterTerrorist,2129.726,1071.014,204.5928,Knife,100,100,-266.8185,79.06375,-69.88162,False,True,True,157.1484,22.5
EPSILON GMX * Nike,CounterTerrorist,2121.293,1073.24,202.0184,Knife,100,100,-271.4706,66.94617,-94.88162,False,True,True,159.9609,21.79688
EPSILON GMX * Nike,CounterTerrorist,2112.735,1075.114,198.6628,Knife,100,100,-274.8476,56.9231,-119.8816,False,True,True,162.0703,21.09375
EPSILON GMX * Nike,CounterTerrorist,2104.119,1076.805,194.5258,Knife,100,100,-275.7241,54.09679,-144.8816,False,True,True,164.1797,20.39063
EPSILON GMX * Nike,CounterTerrorist,2095.503,1078.495,189.6077,Knife,100,100,-275.7241,54.09679,-169.8816,False,True,True,165.5859,19.33594
EPSILON GMX * Nike,CounterTerrorist,2086.886,1080.186,183.9083,Knife,100,100,-275.7241,54.09679,-194.8816,False,True,True,167.6953,18.28125
EPSILON GMX * Nike,CounterTerrorist,2078.27,1081.876,177.4276,Knife,100,100,-275.7241,54.09679,-219.8816,False,True,True,169.1016,16.875
EPSILON GMX * Nike,CounterTerrorist,2069.654,1083.566,170.1657,Knife,100,100,-275.7241,54.09679,-244.8816,False,True,True,170.5078,15.46875
EPSILON GMX * Nike,CounterTerrorist,2061.038,1085.257,162.1226,Knife,100,100,-275.7241,54.09679,-269.8816,False,True,True,171.5625,14.0625
EPSILON GMX * Nike,CounterTerrorist,2052.422,1086.947,153.2982,Knife,100,100,-275.7241,54.09679,-294.8816,False,True,True,172.2656,13.35938
EPSILON GMX * Nike,CounterTerrorist,2046.04,1088.185,149.0922,Knife,100,100,-182.4806,34.60406,0,False,True,True,172.6172,12.30469
EPSILON GMX * Nike,CounterTerrorist,2040.173,1089.256,149.1296,Knife,100,100,-190.8835,34.07569,0,False,True,True,172.6172,12.30469
EPSILON GMX * Nike,CounterTerrorist,2034.042,1090.315,149.1502,Knife,100,100,-199.3989,33.81257,0,False,True,True,172.6172,12.30469
EPSILON GMX * Nike,CounterTerrorist,2029.267,1091.106,149.1502,Knife,100,100,-205.8688,33.76303,0,False,True,True,172.6172,12.30469
EPSILON GMX * Nike,CounterTerrorist,2022.664,1092.163,149.1375,Knife,100,100,-214.6153,33.86672,0,False,True,True,172.6172,12.30469
EPSILON GMX * Nike,CounterTerrorist,2014.02,1093.494,149.1115,Knife,100,100,-225.7526,34.23116,0,False,True,True,172.6172,12.30469
EPSILON GMX * Nike,CounterTerrorist,2006.79,1094.572,149.0904,Knife,100,100,-234.6146,34.65733,0,False,True,True,172.6172,12.30469
EPSILON GMX * Nike,CounterTerrorist,1999.305,1095.662,149.0474,Knife,100,100,-242.362,35.04296,0,False,True,True,172.6172,12.30469
EPSILON GMX * Nike,CounterTerrorist,1991.61,1096.763,148.7855,Knife,100,100,-247.5124,35.18001,0,False,True,True,172.6172,12.30469
EPSILON GMX * Nike,CounterTerrorist,1983.874,1097.853,148.5224,Knife,100,100,-247.5753,34.73413,0,False,True,True,172.6172,12.30469
EPSILON GMX * Nike,CounterTerrorist,1976.136,1098.931,148.2595,Knife,100,100,-247.6287,34.35163,0,False,True,True,172.6172,12.30469
EPSILON GMX * Nike,CounterTerrorist,1968.397,1099.999,147.9968,Knife,100,100,-247.663,34.1032,0,False,True,True,172.2656,12.30469
EPSILON GMX * Nike,CounterTerrorist,1960.657,1101.062,147.7342,Knife,100,100,-247.6862,33.93452,0,False,True,True,172.2656,12.30469
EPSILON GMX * Nike,CounterTerrorist,1952.917,1102.119,147.4716,Knife,100,100,-247.706,33.78976,0,False,True,True,172.2656,12.30469
EPSILON GMX * Nike,CounterTerrorist,1945.175,1103.172,147.2092,Knife,100,100,-247.7262,33.6409,0,False,True,True,172.6172,12.30469
EPSILON GMX * Nike,CounterTerrorist,1937.431,1104.203,146.947,Knife,100,100,-247.9115,32.24759,0,False,True,True,176.1328,12.65625
EPSILON GMX * Nike,CounterTerrorist,1929.671,1105.107,146.6869,Knife,100,100,-248.6405,26.03702,0,False,True,True,185.2734,13.00781
EPSILON GMX * Nike,CounterTerrorist,1921.884,1105.731,146.4314,Knife,100,100,-249.3203,18.42227,0,False,True,True,196.1719,12.30469
EPSILON GMX * Nike,CounterTerrorist,1914.12,1106.591,146.1719,Knife,100,100,-247.9344,32.07078,0,False,True,True,203.2031,11.25
EPSILON GMX * Nike,CounterTerrorist,1906.383,1107.671,152.8922,Knife,100,100,-247.6004,34.5549,280.1184,False,True,True,203.9063,10.54688
EPSILON GMX * Nike,CounterTerrorist,1898.646,1108.751,161.2553,Knife,100,100,-247.6004,34.5549,255.1184,False,True,True,196.5234,9.84375
EPSILON GMX * Nike,CounterTerrorist,1890.908,1109.831,168.8372,Knife,100,100,-247.6004,34.5549,230.1184,False,True,True,184.2188,10.19531
EPSILON GMX * Nike,CounterTerrorist,1883.176,1111.013,175.6378,Knife,100,100,-247.0226,45.2396,205.1184,False,True,True,176.4844,10.89844
EPSILON GMX * Nike,CounterTerrorist,1875.479,1112.69,181.6571,Knife,100,100,-246.0027,56.45118,180.1184,False,True,True,174.0234,11.95313
EPSILON GMX * Nike,CounterTerrorist,1867.793,1114.468,186.8952,Knife,100,100,-245.9549,56.89127,155.1184,False,True,True,173.6719,13.00781
EPSILON GMX * Nike,CounterTerrorist,1860.107,1116.245,191.3521,Knife,100,100,-245.9549,56.89127,130.1184,False,True,True,174.0234,13.71094
EPSILON GMX * Nike,CounterTerrorist,1852.421,1118.023,195.0277,Knife,100,100,-245.9549,56.89127,105.1184,False,True,True,174.0234,14.0625
EPSILON GMX * Nike,CounterTerrorist,1844.735,1119.801,197.922,Knife,100,100,-245.9549,56.89127,80.11838,False,True,True,174.0234,14.76563
EPSILON GMX * Nike,CounterTerrorist,1837.049,1121.579,200.0351,Knife,100,100,-245.9549,56.89127,55.11838,False,True,True,173.6719,15.11719
EPSILON GMX * Nike,CounterTerrorist,1829.364,1123.367,201.367,Knife,100,100,-245.8569,57.77145,30.11838,False,True,True,173.6719,15.46875
EPSILON GMX * Nike,CounterTerrorist,1821.685,1125.205,201.9176,Knife,100,100,-245.6514,59.53184,5.118378,False,True,True,173.3203,15.82031
EPSILON GMX * Nike,CounterTerrorist,1814.01,1127.077,201.6869,Knife,100,100,-245.5983,59.97196,-19.88162,False,True,True,172.9688,15.82031
EPSILON GMX * Nike,CounterTerrorist,1808.254,1128.483,201.0012,Knife,100,100,-245.5983,59.97196,-38.63162,False,True,True,172.9688,15.82031
EPSILON GMX * Nike,CounterTerrorist,1798.661,1130.825,198.8819,Knife,100,100,-245.5983,59.97196,-69.88162,False,True,True,172.9688,15.82031
EPSILON GMX * Nike,CounterTerrorist,1790.986,1132.699,196.3075,Knife,100,100,-245.5983,59.97196,-94.88162,False,True,True,172.9688,15.82031
EPSILON GMX * Nike,CounterTerrorist,1783.311,1134.573,192.9518,Knife,100,100,-245.5983,59.97196,-119.8816,False,True,True,172.9688,15.82031
EPSILON GMX * Nike,CounterTerrorist,1775.636,1136.448,188.8149,Knife,100,100,-245.5983,59.97196,-144.8816,False,True,True,172.9688,15.82031
EPSILON GMX * Nike,CounterTerrorist,1767.961,1138.322,183.8968,Knife,100,100,-245.5983,59.97196,-169.8816,False,True,True,173.3203,15.82031
EPSILON GMX * Nike,CounterTerrorist,1760.286,1140.196,178.1974,Knife,100,100,-245.5983,59.97196,-194.8816,False,True,True,173.6719,15.82031
EPSILON GMX * Nike,CounterTerrorist,1752.612,1142.07,171.7167,Knife,100,100,-245.5983,59.97196,-219.8816,False,True,True,175.0781,15.11719
EPSILON GMX * Nike,CounterTerrorist,1744.937,1143.944,164.4548,Knife,100,100,-245.5983,59.97196,-244.8816,False,True,True,178.2422,14.76563
EPSILON GMX * Nike,CounterTerrorist,1737.262,1145.818,156.4117,Knife,100,100,-245.5983,59.97196,-269.8816,False,True,True,182.8125,13.71094
EPSILON GMX * Nike,CounterTerrorist,1730.107,1147.565,148.6958,Knife,100,100,-179.1252,43.7401,0,False,True,True,188.0859,13.00781
EPSILON GMX * Nike,CounterTerrorist,1724.287,1148.642,148.8514,Knife,100,100,-190.35,28.87406,0,False,True,True,192.3047,12.30469
EPSILON GMX * Nike,CounterTerrorist,1718.218,1149.402,148.9795,Smoke,100,100,-194.9006,27.46091,0,False,True,True,192.6563,11.95313
EPSILON GMX * Nike,CounterTerrorist,1712.024,1150.611,149.1509,Smoke,100,100,-200.1348,45.0691,0,False,True,True,192.6563,11.95313
EPSILON GMX * Nike,CounterTerrorist,1705.675,1152.32,149.4102,Smoke,100,100,-204.9878,60.18299,0,False,True,True,192.6563,11.95313
EPSILON GMX * Nike,CounterTerrorist,1699.174,1154.462,149.7126,Smoke,100,100,-209.8469,73.32579,0,False,True,True,192.6563,11.95313
EPSILON GMX * Nike,CounterTerrorist,1692.528,1156.979,150.0524,Smoke,100,100,-214.2821,84.68954,0,False,True,True,192.6563,11.95313
EPSILON GMX * Nike,CounterTerrorist,1685.756,1159.82,150.4245,Smoke,100,100,-218.0885,94.44225,0,False,True,True,192.6563,11.95313
EPSILON GMX * Nike,CounterTerrorist,1678.875,1162.936,150.8242,Smoke,100,100,-221.4654,102.6355,0,False,True,True,193.711,11.95313
EPSILON GMX * Nike,CounterTerrorist,1671.943,1166.188,151.2374,Smoke,100,100,-221.9385,103.7703,0,False,True,True,202.8516,11.25
EPSILON GMX * Nike,CounterTerrorist,1666.71,1168.552,151.5473,Smoke,100,100,-224.0978,99.02103,0,False,True,True,212.3437,10.54688
EPSILON GMX * Nike,CounterTerrorist,1657.816,1172.079,152.0583,Smoke,100,100,-230.2949,83.60178,0,False,True,True,225.3516,9.140625
EPSILON GMX * Nike,CounterTerrorist,1650.724,1174.962,152.4732,Smoke,100,100,-225.1514,96.60157,0,False,True,True,231.6797,8.085938
EPSILON GMX * Nike,CounterTerrorist,1643.76,1178.142,152.9174,Smoke,100,100,-221.6244,104.4397,0,False,True,True,235.1953,7.734375
EPSILON GMX * Nike,CounterTerrorist,1636.887,1181.517,153.3806,Smoke,100,100,-218.9515,109.9328,0,False,True,True,236.25,7.382813
EPSILON GMX * Nike,CounterTerrorist,1630.089,1185.038,153.8582,Smoke,100,100,-216.7741,114.1665,0,False,True,True,236.6016,7.382813
EPSILON GMX * Nike,CounterTerrorist,1623.347,1188.666,154.3463,Smoke,100,100,-215.1915,117.1223,0,False,True,True,237.3047,7.382813
EPSILON GMX * Nike,CounterTerrorist,1616.643,1192.364,154.841,Smoke,100,100,-214.2094,118.9089,0,False,True,True,238.711,7.382813
EPSILON GMX * Nike,CounterTerrorist,1609.959,1196.097,155.3392,Smoke,100,100,-213.7719,119.6938,0,False,True,True,240.1172,7.382813
EPSILON GMX * Nike,CounterTerrorist,1603.277,1199.834,155.8377,Smoke,100,100,-213.9606,119.3559,0,False,True,True,242.2266,7.03125
EPSILON GMX * Nike,CounterTerrorist,1596.577,1203.54,156.3332,Smoke,100,100,-214.7074,118.0075,0,False,True,True,243.9844,6.679688
EPSILON GMX * Nike,CounterTerrorist,1589.846,1207.189,156.8233,Smoke,100,100,-215.8229,115.9546,0,False,True,True,245.3906,6.328125
EPSILON GMX * Nike,CounterTerrorist,1583.077,1210.765,157.3062,Smoke,100,100,-217.1151,113.5167,0,False,True,True,246.4453,5.976563
EPSILON GMX * Nike,CounterTerrorist,1576.267,1214.265,157.7817,Smoke,100,100,-218.3734,111.0769,0,False,True,True,246.7969,5.976563
EPSILON GMX * Nike,CounterTerrorist,1569.421,1217.691,158.2501,Smoke,100,100,-219.502,108.8295,0,False,True,True,247.1484,5.625
EPSILON GMX * Nike,CounterTerrorist,1562.542,1221.052,162.0313,Smoke,100,100,-220.5004,106.7923,0,False,True,True,247.5,5.625
EPSILON GMX * Nike,CounterTerrorist,1557.362,1223.531,162.0313,Smoke,100,100,-221.2511,105.2282,0,False,True,True,247.8516,5.273438
EPSILON GMX * Nike,CounterTerrorist,1549.312,1227.334,162.0313,Smoke,100,100,-178.1131,85.3057,0,False,True,True,249.2578,5.273438
EPSILON GMX * Nike,CounterTerrorist,1545.004,1229.476,162.0313,Smoke,100,100,-114.8947,59.04816,0,False,True,True,249.6094,5.273438
EPSILON GMX * Nike,CounterTerrorist,1542.495,1230.878,162.0313,Smoke,100,100,-60.54642,36.76335,0,False,True,True,249.9609,4.921875
EPSILON GMX * Nike,CounterTerrorist,1541.659,1231.497,162.0313,Smoke,100,100,-23.29511,21.14643,0,False,True,True,249.9609,4.921875
EPSILON GMX * Nike,CounterTerrorist,1541.685,1231.541,162.0313,Smoke,100,100,-0.7916188,-15.27657,0,False,True,True,250.3125,5.273438
EPSILON GMX * Nike,CounterTerrorist,1541.41,1230.492,162.0313,Smoke,100,100,-13.21378,-44.60616,0,False,True,True,250.3125,5.273438
EPSILON GMX * Nike,CounterTerrorist,1540.778,1228.52,162.0313,Smoke,100,100,-24.38741,-74.20746,0,False,True,True,250.3125,5.273438
EPSILON GMX * Nike,CounterTerrorist,1539.812,1225.652,162.0313,Smoke,100,100,-34.65211,-101.8159,0,False,True,True,250.3125,5.273438
EPSILON GMX * Nike,CounterTerrorist,1538.553,1221.999,162.0313,Smoke,100,100,-43.46156,-125.5103,0,False,True,True,250.3125,5.273438
EPSILON GMX * Nike,CounterTerrorist,1537.045,1217.672,159.2477,Smoke,100,100,-50.99634,-145.8547,0,False,True,True,250.3125,5.273438
EPSILON GMX * Nike,CounterTerrorist,1535.323,1212.766,158.9062,Smoke,100,100,-57.45497,-163.3177,0,False,True,True,250.3125,5.273438
EPSILON GMX * Nike,CounterTerrorist,1533.417,1207.364,158.4397,Smoke,100,100,-62.99794,-178.305,0,False,True,True,250.3125,5.273438
EPSILON GMX * Nike,CounterTerrorist,1531.354,1201.536,157.9368,Smoke,100,100,-67.77256,-191.1612,0,False,True,True,250.3125,5.273438
EPSILON GMX * Nike,CounterTerrorist,1529.152,1195.343,157.4029,Smoke,100,100,-71.98112,-202.1547,0,False,True,True,249.9609,5.273438
EPSILON GMX * Nike,CounterTerrorist,1526.688,1188.968,156.864,Smoke,100,100,-87.59576,-200.5885,0,False,True,True,249.6094,5.625
EPSILON GMX * Nike,CounterTerrorist,1523.458,1183.119,156.422,Smoke,100,100,-112.6107,-172.9965,0,False,True,True,249.6094,5.625
EPSILON GMX * Nike,CounterTerrorist,1519.5,1178.481,156.1472,Smoke,100,100,-134.6425,-134.3866,0,False,True,True,249.6094,5.625
EPSILON GMX * Nike,CounterTerrorist,1514.917,1174.941,156.0222,Smoke,100,100,-153.5479,-101.2426,0,False,True,True,249.6094,5.625
EPSILON GMX * Nike,CounterTerrorist,1509.795,1172.343,156.0256,Smoke,100,100,-169.773,-72.7974,0,False,True,True,249.6094,5.625
EPSILON GMX * Nike,CounterTerrorist,1504.787,1170.341,156.0857,Smoke,100,100,-157.5056,-58.12924,0,False,True,True,249.9609,5.625
EPSILON GMX * Nike,CounterTerrorist,1499.982,1168.807,156.1842,Smoke,100,100,-151.651,-43.94842,0,False,True,True,250.3125,5.976563
EPSILON GMX * Nike,CounterTerrorist,1495.51,1167.714,156.3145,Smoke,100,100,-124.5001,-27.02752,0,False,True,True,250.3125,5.976563
EPSILON GMX * Nike,CounterTerrorist,1491.819,1167.132,156.4746,M4A4,100,100,-116.1421,-14.14248,0,False,True,True,250.3125,5.976563
EPSILON GMX * Nike,CounterTerrorist,1488.173,1166.879,156.6962,M4A4,100,100,-116.906,-4.689946,0,False,True,True,250.3125,5.976563
EPSILON GMX * Nike,CounterTerrorist,1484.517,1166.89,156.9254,M4A4,100,100,-116.9561,3.203864,0,False,True,True,250.3125,5.976563
EPSILON GMX * Nike,CounterTerrorist,1480.869,1167.121,157.1687,M4A4,100,100,-116.5942,9.736331,0,False,True,True,250.3125,5.976563
EPSILON GMX * Nike,CounterTerrorist,1478.142,1167.415,157.3586,M4A4,100,100,-116.1755,13.86575,0,False,True,True,250.3125,5.976563
EPSILON GMX * Nike,CounterTerrorist,1473.623,1168.093,157.6799,M4A4,100,100,-115.36,19.52108,0,False,True,True,250.3125,5.976563
EPSILON GMX * Nike,CounterTerrorist,1470.031,1168.775,157.9044,M4A4,100,100,-114.6908,23.13061,0,False,True,True,250.3125,5.976563
EPSILON GMX * Nike,CounterTerrorist,1466.459,1169.555,158.1276,M4A4,100,100,-114.0842,25.95763,0,False,True,True,250.3125,5.976563
EPSILON GMX * Nike,CounterTerrorist,1462.905,1170.411,158.3498,M4A4,100,100,-113.558,28.17055,0,False,True,True,250.3125,5.976563
EPSILON GMX * Nike,CounterTerrorist,1459.365,1171.327,158.571,M4A4,100,100,-113.1018,29.94972,0,False,True,True,250.3125,5.976563
EPSILON GMX * Nike,CounterTerrorist,1455.838,1172.292,158.7914,M4A4,100,100,-112.706,31.4064,0,False,True,True,250.3125,5.976563
EPSILON GMX * Nike,CounterTerrorist,1452.323,1173.297,159.0111,M4A4,100,100,-112.3624,32.61431,0,False,True,True,250.3125,5.976563
EPSILON GMX * Nike,CounterTerrorist,1448.815,1174.326,159.2304,M4A4,100,100,-112.2891,32.8656,0,False,True,True,255.2344,6.328125
EPSILON GMX * Nike,CounterTerrorist,1445.304,1175.347,159.4498,M4A4,100,100,-111.8058,34.47404,0,False,True,True,265.0781,7.382813
EPSILON GMX * Nike,CounterTerrorist,1441.869,1176.599,159.6645,M4A4,100,100,-108.9783,42.57606,0,False,True,True,278.4375,9.140625
EPSILON GMX * Nike,CounterTerrorist,1438.485,1177.982,159.876,M4A4,100,100,-108.1355,44.67342,0,False,True,True,291.4453,10.54688
EPSILON GMX * Nike,CounterTerrorist,1435.097,1179.357,160.0877,M4A4,100,100,-108.727,43.21381,0,False,True,True,300.5859,9.84375
EPSILON GMX * Nike,CounterTerrorist,1432.537,1180.339,160.2478,M4A4,100,100,-109.4823,41.26279,0,False,True,True,301.2891,9.492188
EPSILON GMX * Nike,CounterTerrorist,1428.237,1181.888,160.3161,M4A4,100,100,-110.4266,38.66491,0,False,True,True,301.2891,9.492188
EPSILON GMX * Nike,CounterTerrorist,1424.775,1183.063,160.3481,M4A4,100,100,-110.9904,37.01536,0,False,True,True,301.2891,9.492188
EPSILON GMX * Nike,CounterTerrorist,1421.298,1184.193,160.3803,M4A4,100,100,-111.4369,35.64861,0,False,True,True,301.2891,9.492188
EPSILON GMX * Nike,CounterTerrorist,1417.808,1185.284,160.4126,M4A4,100,100,-111.7964,34.50456,0,False,True,True,301.2891,9.492188
EPSILON GMX * Nike,CounterTerrorist,1414.308,1186.343,160.445,M4A4,100,100,-112.0895,33.54002,0,False,True,True,301.2891,9.492188
EPSILON GMX * Nike,CounterTerrorist,1410.801,1187.375,160.4775,M4A4,100,100,-112.3309,32.72264,0,False,True,True,301.2891,9.492188
EPSILON GMX * Nike,CounterTerrorist,1407.286,1188.383,160.5101,M4A4,100,100,-112.5311,32.02746,0,False,True,True,301.2891,9.492188
EPSILON GMX * Nike,CounterTerrorist,1404.644,1189.118,160.5264,M4A4,100,100,-112.9067,30.67695,0,False,True,True,307.9688,10.19531
EPSILON GMX * Nike,CounterTerrorist,1400.185,1190.109,160.5758,M4A4,100,100,-115.1813,20.54901,0,False,True,True,333.6328,10.89844
EPSILON GMX * Nike,CounterTerrorist,1396.552,1190.487,160.6095,M4A4,100,100,-116.5971,6.447412,0,False,True,True,352.9688,9.492188
EPSILON GMX * Nike,CounterTerrorist,1393.834,1190.445,160.6263,M4A4,100,100,-115.5005,-5.937906,0,False,True,True,2.460938,7.734375
EPSILON GMX * Nike,CounterTerrorist,1389.398,1189.752,160.6757,M4A4,100,100,-112.3592,-25.12208,0,False,True,True,4.921875,6.328125
EPSILON GMX * Nike,CounterTerrorist,1385.859,1188.895,160.7085,M4A4,100,100,-114.019,-26.24223,0,False,True,True,4.570313,5.976563
EPSILON GMX * Nike,CounterTerrorist,1382.283,1188.132,160.7416,M4A4,100,100,-114.6428,-23.36731,0,False,True,True,4.570313,5.976563
EPSILON GMX * Nike,CounterTerrorist,1379.59,1187.612,160.7582,M4A4,100,100,-114.9849,-21.62094,0,False,True,True,4.570313,5.976563
EPSILON GMX * Nike,CounterTerrorist,1375.089,1186.825,160.8082,M4A4,100,100,-115.4029,-19.26598,0,False,True,True,4.570313,5.976563
EPSILON GMX * Nike,CounterTerrorist,1371.477,1186.253,160.8451,M4A4,100,100,-115.6447,-17.75643,0,False,True,True,4.570313,5.976563
EPSILON GMX * Nike,CounterTerrorist,1367.86,1185.723,160.9646,M4A4,100,100,-115.8308,-16.49913,0,False,True,True,4.570313,5.976563
EPSILON GMX * Nike,CounterTerrorist,1364.237,1185.229,161.0854,M4A4,100,100,-115.9763,-15.44308,0,False,True,True,4.570313,5.976563
EPSILON GMX * Nike,CounterTerrorist,1360.611,1184.764,161.2073,M4A4,100,100,-116.0917,-14.55077,0,False,True,True,4.570313,5.976563
EPSILON GMX * Nike,CounterTerrorist,1357.889,1184.432,161.2994,M4A4,100,100,-116.1628,-13.97151,0,False,True,True,4.570313,5.976563
EPSILON GMX * Nike,CounterTerrorist,1353.349,1184.009,161.4571,M4A4,100,100,-116.2588,0,0,False,True,True,4.570313,5.976563
EPSILON GMX * Nike,CounterTerrorist,1349.693,1184.003,161.6344,M4A4,100,100,-116.9977,0,0,False,True,True,4.570313,5.976563
EPSILON GMX * Nike,CounterTerrorist,1346.036,1184.003,161.8583,M4A4,100,100,-116.9994,0,0,False,True,True,4.570313,5.976563
EPSILON GMX * Nike,CounterTerrorist,1342.381,1184.031,162.083,M4A4,100,100,-116.9408,3.688991,0,False,True,True,4.570313,5.976563
EPSILON GMX * Nike,CounterTerrorist,1338.746,1184.411,162.318,M4A4,100,100,-115.7732,16.8988,0,False,True,True,5.273438,5.976563
EPSILON GMX * Nike,CounterTerrorist,1335.165,1185.146,162.5612,M4A4,100,100,-113.8266,27.06499,0,False,True,True,9.140625,6.328125
EPSILON GMX * Nike,CounterTerrorist,1331.642,1186.123,162.8089,M4A4,100,100,-112.2141,33.12102,0,False,True,True,17.92969,7.734375
EPSILON GMX * Nike,CounterTerrorist,1329.018,1186.919,162.9819,M4A4,100,100,-111.9348,34.05279,0,False,True,True,28.125,8.4375
EPSILON GMX * Nike,CounterTerrorist,1324.625,1188.176,163.2337,M4A4,100,100,-113.0508,30.14142,0,False,True,True,42.1875,8.4375
EPSILON GMX * Nike,CounterTerrorist,1321.062,1188.995,163.4269,M4A4,100,100,-114.5935,23.60785,0,False,True,True,51.67969,7.03125
EPSILON GMX * Nike,CounterTerrorist,1317.486,1189.503,163.6037,M4A4,100,100,-113.185,9.173393,0,False,True,True,55.54688,6.328125
EPSILON GMX * Nike,CounterTerrorist,1314.879,1189.489,163.7115,M4A4,100,100,-110.2703,-5.333236,0,False,True,True,55.19531,6.328125
EPSILON GMX * Nike,CounterTerrorist,1310.661,1188.789,163.849,M4A4,100,100,-106.6864,-25.68214,0,False,True,True,53.08593,6.328125
EPSILON GMX * Nike,CounterTerrorist,1307.369,1187.718,163.9276,M4A4,100,100,-104.5825,-39.15202,0,False,True,True,52.73437,6.328125
EPSILON GMX * Nike,CounterTerrorist,1304.937,1186.663,163.9713,M4A4,100,100,-103.4222,-47.81533,0,False,True,True,51.32813,6.328125
EPSILON GMX * Nike,CounterTerrorist,1300.922,1184.54,164.0137,M4A4,100,100,-101.9762,-57.35732,0,False,True,True,40.78125,7.03125
EPSILON GMX * Nike,CounterTerrorist,1297.721,1184.01,164.1268,M4A4,100,100,-104.0301,0,0,False,True,True,23.90625,7.734375
EPSILON GMX * Nike,CounterTerrorist,1294.347,1184,164.2668,M4A4,100,100,-110.3592,0,0,False,True,True,1.757813,8.4375
EPSILON GMX * Nike,CounterTerrorist,1290.786,1184.05,164.418,M4A4,100,100,-115.9039,3.25399,0,False,True,True,345.9375,8.4375
EPSILON GMX * Nike,CounterTerrorist,1288.031,1184.268,164.5447,M4A4,100,100,0,9.080371,0,False,True,True,340.6641,7.734375
EPSILON GMX * Nike,CounterTerrorist,1288.031,1184.481,164.5447,M4A4,100,100,0,5.45193,0,False,True,True,340.3125,7.734375
EPSILON GMX * Nike,CounterTerrorist,1288.031,1184.581,164.561,M4A4,100,100,0,1.90539,0,False,True,True,340.3125,7.734375
EPSILON GMX * Nike,CounterTerrorist,1288.031,1184.641,164.561,M4A4,100,100,0,1.90539,0,False,True,True,340.3125,7.734375
EPSILON GMX * Nike,CounterTerrorist,1288.031,1184.701,164.561,M4A4,100,100,0,1.90539,0,False,True,True,340.3125,7.734375
EPSILON GMX * Nike,CounterTerrorist,1288.031,1184.76,164.561,M4A4,100,100,0,1.90539,0,False,True,True,340.3125,7.734375
EPSILON GMX * Nike,CounterTerrorist,1288.031,1184.82,164.561,M4A4,100,100,0,1.90539,0,False,True,True,340.3125,7.734375
EPSILON GMX * Nike,CounterTerrorist,1288.031,1184.849,164.561,M4A4,100,100,0,0,0,False,True,True,340.3125,7.734375
EPSILON GMX * Nike,CounterTerrorist,1288.031,1184.849,164.561,M4A4,100,100,0,0,0,False,True,True,340.3125,7.734375
EPSILON GMX * Nike,CounterTerrorist,1288.031,1184.849,164.561,M4A4,100,100,0,0,0,False,True,True,340.3125,7.734375
EPSILON GMX * Nike,CounterTerrorist,1288.031,1184.849,164.561,M4A4,100,100,0,0,0,False,True,True,340.3125,7.734375
EPSILON GMX * Nike,CounterTerrorist,1288.031,1184.849,164.561,M4A4,100,100,0,0,0,False,True,True,340.3125,7.734375
EPSILON GMX * Nike,CounterTerrorist,1288.031,1184.849,164.561,M4A4,100,100,0,0,0,False,True,True,340.3125,7.734375
EPSILON GMX * Nike,CounterTerrorist,1288.031,1184.849,164.561,M4A4,100,100,0,0,0,False,True,True,340.3125,7.734375
EPSILON GMX * Nike,CounterTerrorist,1288.031,1184.849,164.561,M4A4,100,100,0,0,0,False,True,True,340.3125,7.734375
EPSILON GMX * Nike,CounterTerrorist,1288.031,1184.849,164.561,M4A4,100,100,0,0,0,False,True,True,340.3125,7.734375
EPSILON GMX * Nike,CounterTerrorist,1288.031,1184.849,164.561,M4A4,100,100,0,0,0,False,True,True,340.3125,7.734375
EPSILON GMX * Nike,CounterTerrorist,1288.031,1184.849,164.561,M4A4,100,100,0,0,0,False,True,True,340.6641,7.734375
EPSILON GMX * Nike,CounterTerrorist,1288.031,1184.849,164.561,M4A4,100,100,0,0,0,False,True,True,340.6641,7.382813
EPSILON GMX * Nike,CounterTerrorist,1288.031,1184.849,164.561,M4A4,100,100,0,0,0,False,True,True,340.6641,7.382813
EPSILON GMX * Nike,CounterTerrorist,1288.031,1184.849,164.561,M4A4,100,100,0,0,0,False,True,True,340.6641,7.382813
EPSILON GMX * Nike,CounterTerrorist,1288.031,1184.849,164.561,M4A4,100,100,0,0,0,False,True,True,340.6641,7.382813
EPSILON GMX * Nike,CounterTerrorist,1288.031,1184.849,164.561,M4A4,100,100,0,0,0,False,True,True,340.6641,7.382813
EPSILON GMX * Nike,CounterTerrorist,1288.031,1184.849,164.561,M4A4,100,100,0,0,0,False,True,True,340.6641,7.382813
EPSILON GMX * Nike,CounterTerrorist,1288.031,1184.849,164.561,M4A4,100,100,0,0,0,False,True,True,340.6641,7.382813
EPSILON GMX * Nike,CounterTerrorist,1288.031,1184.849,164.561,M4A4,100,100,0,0,0,False,True,True,340.6641,7.382813
EPSILON GMX * Nike,CounterTerrorist,1288.031,1184.849,164.561,M4A4,100,100,0,0,0,False,True,True,340.6641,7.382813
EPSILON GMX * Nike,CounterTerrorist,1288.031,1184.849,164.561,M4A4,100,100,0,0,0,False,True,True,340.6641,7.382813
EPSILON GMX * Nike,CounterTerrorist,1288.031,1184.849,164.561,M4A4,100,100,0,0,0,False,True,True,340.6641,7.382813
EPSILON GMX * Nike,CounterTerrorist,1288.031,1184.849,164.561,M4A4,100,100,0,0,0,False,True,True,340.6641,7.382813
EPSILON GMX * Nike,CounterTerrorist,1288.031,1184.849,164.561,M4A4,100,100,0,0,0,False,True,True,340.6641,7.382813
EPSILON GMX * Nike,CounterTerrorist,1288.031,1184.849,164.561,M4A4,100,100,0,0,0,False,True,True,340.6641,7.382813
EPSILON GMX * Nike,CounterTerrorist,1288.031,1184.849,164.561,M4A4,100,100,0,0,0,False,True,True,340.6641,7.382813
EPSILON GMX * Nike,CounterTerrorist,1288.031,1184.849,164.561,M4A4,100,100,0,0,0,False,True,True,340.6641,7.382813
EPSILON GMX * Nike,CounterTerrorist,1288.031,1184.849,164.561,M4A4,100,100,0,0,0,False,True,True,340.6641,7.382813
EPSILON GMX * Nike,CounterTerrorist,1288.031,1184.849,164.561,M4A4,100,100,0,0,0,False,True,True,340.6641,7.382813
EPSILON GMX * Nike,CounterTerrorist,1288.031,1184.849,164.561,M4A4,100,100,0,0,0,False,True,True,340.6641,7.382813
EPSILON GMX * Nike,CounterTerrorist,1288.031,1184.849,164.561,M4A4,100,100,0,0,0,False,True,True,340.6641,7.382813
EPSILON GMX * Nike,CounterTerrorist,1288.031,1184.849,164.561,M4A4,100,100,0,0,0,False,True,True,340.6641,7.382813
EPSILON GMX * Nike,CounterTerrorist,1288.031,1184.849,164.561,M4A4,100,100,0,0,0,False,True,True,340.6641,7.382813
EPSILON GMX * Nike,CounterTerrorist,1288.031,1184.849,164.561,M4A4,100,100,0,0,0,False,True,True,340.6641,7.382813
EPSILON GMX * Nike,CounterTerrorist,1288.031,1184.849,164.561,M4A4,100,100,0,0,0,False,True,True,340.6641,7.382813
EPSILON GMX * Nike,CounterTerrorist,1288.031,1184.849,164.561,M4A4,100,100,0,0,0,False,True,True,340.6641,7.382813
EPSILON GMX * Nike,CounterTerrorist,1288.031,1184.849,164.561,M4A4,100,100,0,0,0,False,True,True,340.6641,7.382813
EPSILON GMX * Nike,CounterTerrorist,1288.031,1184.849,164.561,M4A4,100,100,0,0,0,False,True,True,340.6641,7.382813
EPSILON GMX * Nike,CounterTerrorist,1288.031,1184.849,164.561,M4A4,100,100,0,0,0,False,True,True,341.7188,7.382813
EPSILON GMX * Nike,CounterTerrorist,1288.031,1184.849,164.561,M4A4,100,100,0,0,0,False,True,True,344.5313,7.382813
EPSILON GMX * Nike,CounterTerrorist,1288.031,1184.849,164.561,M4A4,100,100,0,0,0,False,True,True,347.6953,7.734375
EPSILON GMX * Nike,CounterTerrorist,1288.031,1184.849,164.561,M4A4,100,100,0,0,0,False,True,True,350.8594,7.382813
EPSILON GMX * Nike,CounterTerrorist,1288.031,1184.849,164.561,M4A4,100,100,0,0,0,False,True,True,351.9141,7.382813
EPSILON GMX * Nike,CounterTerrorist,1288.031,1184.849,164.561,M4A4,100,100,0,0,0,False,True,True,351.9141,7.734375
EPSILON GMX * Nike,CounterTerrorist,1288.031,1184.849,164.561,M4A4,100,100,0,0,0,False,True,True,352.2656,7.382813
EPSILON GMX * Nike,CounterTerrorist,1288.031,1184.849,164.561,M4A4,100,100,0,0,0,False,True,True,352.2656,7.382813
EPSILON GMX * Nike,CounterTerrorist,1288.031,1184.849,164.561,M4A4,100,100,0,0,0,False,True,True,352.2656,7.03125
EPSILON GMX * Nike,CounterTerrorist,1288.031,1184.849,164.561,M4A4,100,100,0,0,0,False,True,True,352.2656,7.03125
EPSILON GMX * Nike,CounterTerrorist,1288.031,1184.849,164.561,M4A4,100,100,0,0,0,False,True,True,352.2656,7.03125
EPSILON GMX * Nike,CounterTerrorist,1288.031,1184.849,164.561,M4A4,100,100,0,0,0,False,True,True,352.2656,7.03125
EPSILON GMX * Nike,CounterTerrorist,1288.031,1184.849,164.561,M4A4,100,100,0,0,0,False,True,True,352.2656,7.03125
EPSILON GMX * Nike,CounterTerrorist,1288.031,1184.849,164.561,M4A4,100,100,0,0,0,False,True,True,352.2656,7.03125
EPSILON GMX * Nike,CounterTerrorist,1288.031,1184.849,164.561,M4A4,100,100,0,0,0,False,True,True,352.2656,7.03125
EPSILON GMX * Nike,CounterTerrorist,1288.031,1184.849,164.561,M4A4,100,100,0,0,0,False,True,True,352.2656,7.03125
EPSILON GMX * Nike,CounterTerrorist,1288.031,1184.849,164.561,M4A4,100,100,0,0,0,False,True,True,352.2656,7.03125
EPSILON GMX * Nike,CounterTerrorist,1288.031,1184.849,164.561,M4A4,100,100,0,0,0,False,True,True,352.2656,7.03125
EPSILON GMX * Nike,CounterTerrorist,1288.031,1184.849,164.561,M4A4,100,100,0,0,0,False,True,True,352.2656,7.03125
EPSILON GMX * Nike,CounterTerrorist,1288.031,1184.849,164.561,M4A4,100,100,0,0,0,False,True,True,352.2656,7.03125
EPSILON GMX * Nike,CounterTerrorist,1288.031,1184.849,164.561,M4A4,100,100,0,0,0,False,True,True,352.2656,7.03125
EPSILON GMX * Nike,CounterTerrorist,1288.031,1184.849,164.561,M4A4,100,100,0,0,0,False,True,True,352.2656,7.03125
EPSILON GMX * Nike,CounterTerrorist,1288.031,1184.849,164.561,M4A4,100,100,0,0,0,False,True,True,352.2656,7.03125
EPSILON GMX * Nike,CounterTerrorist,1288.031,1184.849,164.561,M4A4,100,100,0,0,0,False,True,True,352.2656,7.03125
EPSILON GMX * Nike,CounterTerrorist,1288.031,1184.849,164.561,M4A4,100,100,0,0,0,False,True,True,352.2656,7.03125
EPSILON GMX * Nike,CounterTerrorist,1288.031,1184.849,164.561,M4A4,100,100,0,0,0,False,True,True,352.2656,7.03125
EPSILON GMX * Nike,CounterTerrorist,1288.031,1184.849,164.561,M4A4,100,100,0,0,0,False,True,True,352.2656,7.03125
EPSILON GMX * Nike,CounterTerrorist,1288.031,1184.849,164.561,M4A4,100,100,0,0,0,False,True,True,352.2656,7.03125
EPSILON GMX * Nike,CounterTerrorist,1288.031,1184.849,164.561,M4A4,100,100,0,0,0,False,True,True,352.2656,7.03125
EPSILON GMX * Nike,CounterTerrorist,1288.031,1184.849,164.561,M4A4,100,100,0,0,0,False,True,True,352.2656,7.03125
EPSILON GMX * Nike,CounterTerrorist,1288.031,1184.849,164.561,M4A4,100,100,0,0,0,False,True,True,352.2656,7.03125
EPSILON GMX * Nike,CounterTerrorist,1288.031,1184.849,164.561,M4A4,100,100,0,0,0,False,True,True,352.2656,7.03125
EPSILON GMX * Nike,CounterTerrorist,1288.031,1184.849,164.561,M4A4,100,100,0,0,0,False,True,True,352.2656,7.03125
EPSILON GMX * Nike,CounterTerrorist,1288.031,1184.849,164.561,M4A4,100,100,0,0,0,False,True,True,352.2656,7.03125
EPSILON GMX * Nike,CounterTerrorist,1288.031,1184.849,164.561,M4A4,100,100,0,0,0,False,True,True,352.2656,7.03125
EPSILON GMX * Nike,CounterTerrorist,1288.031,1184.849,164.561,M4A4,100,100,0,0,0,False,True,True,352.2656,7.03125
EPSILON GMX * Nike,CounterTerrorist,1288.031,1184.849,164.561,M4A4,100,100,0,0,0,False,True,True,352.2656,7.03125
EPSILON GMX * Nike,CounterTerrorist,1288.031,1184.849,164.561,M4A4,100,100,0,0,0,False,True,True,352.2656,7.03125
EPSILON GMX * Nike,CounterTerrorist,1288.031,1184.849,164.561,M4A4,100,100,0,0,0,False,True,True,352.2656,7.03125
EPSILON GMX * Nike,CounterTerrorist,1288.031,1184.849,164.561,M4A4,100,100,0,0,0,False,True,True,352.2656,7.03125
EPSILON GMX * Nike,CounterTerrorist,1288.031,1184.849,164.561,M4A4,100,100,0,0,0,False,True,True,352.2656,7.03125
EPSILON GMX * Nike,CounterTerrorist,1288.031,1184.849,164.561,M4A4,100,100,0,0,0,False,True,True,352.2656,7.03125
EPSILON GMX * Nike,CounterTerrorist,1288.031,1184.849,164.561,M4A4,100,100,0,0,0,False,True,True,352.2656,7.03125
EPSILON GMX * Nike,CounterTerrorist,1288.031,1184.849,164.561,M4A4,100,100,0,0,0,False,True,True,352.2656,7.03125
EPSILON GMX * Nike,CounterTerrorist,1288.031,1184.849,164.561,M4A4,100,100,0,0,0,False,True,True,352.2656,7.03125
EPSILON GMX * Nike,CounterTerrorist,1288.031,1184.849,164.561,M4A4,100,100,0,0,0,False,True,True,352.2656,7.03125
EPSILON GMX * Nike,CounterTerrorist,1288.031,1184.849,164.561,M4A4,100,100,0,0,0,False,True,True,352.2656,7.03125
EPSILON GMX * Nike,CounterTerrorist,1288.031,1184.849,164.561,M4A4,100,100,0,0,0,False,True,True,352.2656,7.03125
EPSILON GMX * Nike,CounterTerrorist,1288.031,1184.849,164.561,M4A4,100,100,0,0,0,False,True,True,352.2656,7.03125
EPSILON GMX * Nike,CounterTerrorist,1288.031,1184.849,164.561,M4A4,100,100,0,0,0,False,True,True,352.2656,7.03125
EPSILON GMX * Nike,CounterTerrorist,1288.031,1184.849,164.561,M4A4,100,100,0,0,0,False,True,True,352.2656,7.03125
EPSILON GMX * Nike,CounterTerrorist,1288.031,1184.849,164.561,M4A4,100,100,0,0,0,False,True,True,352.2656,7.03125
EPSILON GMX * Nike,CounterTerrorist,1288.031,1184.849,164.561,M4A4,100,100,0,0,0,False,True,True,352.2656,7.03125
EPSILON GMX * Nike,CounterTerrorist,1288.031,1184.849,164.561,M4A4,100,100,0,0,0,False,True,True,352.2656,7.03125
EPSILON GMX * Nike,CounterTerrorist,1288.031,1184.849,164.561,M4A4,100,100,0,0,0,False,True,True,352.2656,7.03125
EPSILON GMX * Nike,CounterTerrorist,1288.031,1184.849,164.561,M4A4,100,100,0,0,0,False,True,True,352.2656,7.03125
EPSILON GMX * Nike,CounterTerrorist,1288.031,1184.849,164.561,M4A4,100,100,0,0,0,False,True,True,352.2656,7.03125
EPSILON GMX * Nike,CounterTerrorist,1288.031,1184.849,164.561,M4A4,100,100,0,0,0,False,True,True,352.2656,7.03125
EPSILON GMX * Nike,CounterTerrorist,1288.031,1184.849,164.561,M4A4,100,100,0,0,0,False,True,True,352.2656,7.03125
EPSILON GMX * Nike,CounterTerrorist,1288.031,1184.849,164.561,M4A4,100,100,0,0,0,False,True,True,352.2656,7.03125
EPSILON GMX * Nike,CounterTerrorist,1288.031,1184.849,164.561,M4A4,100,100,0,0,0,False,True,True,352.2656,7.03125
EPSILON GMX * Nike,CounterTerrorist,1288.031,1184.849,164.561,M4A4,100,100,0,0,0,False,True,True,352.2656,7.03125
EPSILON GMX * Nike,CounterTerrorist,1288.031,1184.849,164.561,M4A4,100,100,0,0,0,False,True,True,352.2656,7.03125
EPSILON GMX * Nike,CounterTerrorist,1288.031,1184.849,164.561,M4A4,100,100,0,0,0,False,True,True,352.2656,7.03125
EPSILON GMX * Nike,CounterTerrorist,1288.031,1184.849,164.561,M4A4,100,100,0,0,0,False,True,True,352.2656,7.03125
EPSILON GMX * Nike,CounterTerrorist,1288.031,1184.849,164.561,M4A4,100,100,0,0,0,False,True,True,351.9141,6.679688
EPSILON GMX * Nike,CounterTerrorist,1288.031,1184.849,164.561,M4A4,100,100,0,0,0,False,True,True,351.9141,6.328125
EPSILON GMX * Nike,CounterTerrorist,1288.031,1184.849,164.561,M4A4,100,100,0,0,0,False,True,True,351.9141,6.328125
EPSILON GMX * Nike,CounterTerrorist,1288.031,1184.849,164.561,M4A4,100,100,0,0,0,False,True,True,351.9141,6.328125
EPSILON GMX * Nike,CounterTerrorist,1288.031,1184.849,164.561,M4A4,100,100,0,0,0,False,True,True,351.9141,6.328125
EPSILON GMX * Nike,CounterTerrorist,1288.031,1184.849,164.561,M4A4,100,100,0,0,0,False,True,True,351.9141,6.328125
EPSILON GMX * Nike,CounterTerrorist,1288.031,1184.849,164.561,M4A4,100,100,0,0,0,False,True,True,351.9141,6.328125
EPSILON GMX * Nike,CounterTerrorist,1288.031,1184.849,164.561,M4A4,100,100,0,0,0,False,True,True,351.9141,6.328125
EPSILON GMX * Nike,CounterTerrorist,1288.031,1184.849,164.561,M4A4,100,100,0,0,0,False,True,True,351.9141,6.328125
EPSILON GMX * Nike,CounterTerrorist,1288.031,1184.849,164.561,M4A4,100,100,0,0,0,False,True,True,351.9141,6.328125
EPSILON GMX * Nike,CounterTerrorist,1288.031,1184.849,164.561,M4A4,100,100,0,0,0,False,True,True,351.9141,6.328125
EPSILON GMX * Nike,CounterTerrorist,1288.031,1184.849,164.561,M4A4,100,100,0,0,0,False,True,True,351.9141,6.328125
EPSILON GMX * Nike,CounterTerrorist,1288.031,1184.849,164.561,M4A4,100,100,0,0,0,False,True,True,351.9141,6.328125
EPSILON GMX * Nike,CounterTerrorist,1288.031,1184.849,164.561,M4A4,100,100,0,0,0,False,True,True,351.9141,6.328125
EPSILON GMX * Nike,CounterTerrorist,1288.031,1184.849,164.561,M4A4,100,100,0,0,0,False,True,True,351.9141,6.328125
EPSILON GMX * Nike,CounterTerrorist,1288.031,1184.849,164.561,M4A4,100,100,0,0,0,False,True,True,351.9141,6.328125
EPSILON GMX * Nike,CounterTerrorist,1288.031,1184.849,164.561,M4A4,100,100,0,0,0,False,True,True,351.9141,6.328125
EPSILON GMX * Nike,CounterTerrorist,1288.031,1184.849,164.561,M4A4,100,100,0,0,0,False,True,True,351.9141,6.328125
EPSILON GMX * Nike,CounterTerrorist,1288.031,1184.849,164.561,M4A4,100,100,0,0,0,False,True,True,351.9141,6.328125
EPSILON GMX * Nike,CounterTerrorist,1288.031,1184.849,164.561,M4A4,100,100,0,0,0,False,True,True,351.9141,6.328125
EPSILON GMX * Nike,CounterTerrorist,1288.031,1184.849,164.561,M4A4,100,100,0,0,0,False,True,True,351.9141,6.328125
EPSILON GMX * Nike,CounterTerrorist,1288.031,1184.849,164.561,M4A4,100,100,0,0,0,False,True,True,351.9141,6.328125
EPSILON GMX * Nike,CounterTerrorist,1288.031,1184.849,164.561,M4A4,100,100,0,0,0,False,True,True,351.9141,6.328125
EPSILON GMX * Nike,CounterTerrorist,1288.031,1184.849,164.561,M4A4,100,100,0,0,0,False,True,True,351.9141,6.328125
EPSILON GMX * Nike,CounterTerrorist,1288.031,1184.849,164.561,M4A4,100,100,0,0,0,False,True,True,351.9141,6.328125
EPSILON GMX * Nike,CounterTerrorist,1288.031,1184.849,164.561,M4A4,100,100,0,0,0,False,True,True,351.9141,6.328125
EPSILON GMX * Nike,CounterTerrorist,1288.031,1184.849,164.561,M4A4,100,100,0,0,0,False,True,True,351.9141,6.328125
EPSILON GMX * Nike,CounterTerrorist,1288.031,1184.849,164.561,M4A4,100,100,0,0,0,False,True,True,351.9141,6.328125
EPSILON GMX * Nike,CounterTerrorist,1288.031,1184.849,164.561,M4A4,100,100,0,0,0,False,True,True,351.9141,6.328125
EPSILON GMX * Nike,CounterTerrorist,1288.031,1184.849,164.561,M4A4,100,100,0,0,0,False,True,True,351.9141,6.328125
EPSILON GMX * Nike,CounterTerrorist,1288.031,1184.849,164.561,M4A4,100,100,0,0,0,False,True,True,351.9141,6.328125
EPSILON GMX * Nike,CounterTerrorist,1288.031,1184.849,164.561,M4A4,100,100,0,0,0,False,True,True,351.9141,6.328125
EPSILON GMX * Nike,CounterTerrorist,1288.031,1184.849,164.561,M4A4,100,100,0,0,0,False,True,True,351.9141,6.328125
EPSILON GMX * Nike,CounterTerrorist,1288.031,1184.849,164.561,M4A4,100,100,0,0,0,False,True,True,351.9141,6.328125
EPSILON GMX * Nike,CounterTerrorist,1288.031,1184.849,164.561,M4A4,100,100,0,0,0,False,True,True,351.9141,6.328125
EPSILON GMX * Nike,CounterTerrorist,1288.031,1184.849,164.561,M4A4,100,100,0,0,0,False,True,True,351.9141,6.328125
EPSILON GMX * Nike,CounterTerrorist,1288.031,1184.849,164.561,M4A4,100,100,0,0,0,False,True,True,351.9141,6.328125
EPSILON GMX * Nike,CounterTerrorist,1288.031,1184.849,164.561,M4A4,100,100,0,0,0,False,True,True,351.9141,6.328125
EPSILON GMX * Nike,CounterTerrorist,1288.031,1184.849,164.561,M4A4,100,100,0,0,0,False,True,True,351.9141,6.328125
EPSILON GMX * Nike,CounterTerrorist,1288.031,1184.849,164.561,M4A4,100,100,0,0,0,False,True,True,351.9141,6.328125
EPSILON GMX * Nike,CounterTerrorist,1288.031,1184.849,164.561,M4A4,100,100,0,0,0,False,True,True,351.9141,6.328125
EPSILON GMX * Nike,CounterTerrorist,1288.031,1184.849,164.561,M4A4,100,100,0,0,0,False,True,True,351.9141,6.328125
EPSILON GMX * Nike,CounterTerrorist,1288.031,1184.849,164.561,M4A4,100,100,0,0,0,False,True,True,351.9141,6.328125
EPSILON GMX * Nike,CounterTerrorist,1288.031,1184.849,164.561,M4A4,100,100,0,0,0,False,True,True,351.9141,6.328125
EPSILON GMX * Nike,CounterTerrorist,1288.031,1184.849,164.561,M4A4,100,100,0,0,0,False,True,True,351.9141,6.328125
EPSILON GMX * Nike,CounterTerrorist,1288.031,1184.849,164.561,M4A4,100,100,0,0,0,False,True,True,351.9141,6.328125
EPSILON GMX * Nike,CounterTerrorist,1288.031,1184.849,164.561,M4A4,100,100,0,0,0,False,True,True,351.9141,6.328125
EPSILON GMX * Nike,CounterTerrorist,1288.031,1184.849,164.561,M4A4,100,100,0,0,0,False,True,True,351.9141,6.328125
EPSILON GMX * Nike,CounterTerrorist,1288.031,1184.849,164.561,M4A4,100,100,0,0,0,False,True,True,351.9141,6.328125
EPSILON GMX * Nike,CounterTerrorist,1288.031,1184.849,164.561,M4A4,100,100,0,0,0,False,True,True,351.9141,6.328125
EPSILON GMX * Nike,CounterTerrorist,1288.031,1184.849,164.561,M4A4,100,100,0,0,0,False,True,True,351.9141,6.328125
EPSILON GMX * Nike,CounterTerrorist,1288.031,1184.849,164.561,M4A4,100,100,0,0,0,False,True,True,351.9141,6.328125
EPSILON GMX * Nike,CounterTerrorist,1288.031,1184.849,164.561,M4A4,100,100,0,0,0,False,True,True,351.9141,6.328125
EPSILON GMX * Nike,CounterTerrorist,1288.031,1184.849,164.561,M4A4,100,100,0,0,0,False,True,True,351.9141,6.328125
EPSILON GMX * Nike,CounterTerrorist,1288.031,1184.849,164.561,M4A4,100,100,0,0,0,False,True,True,351.9141,6.328125
EPSILON GMX * Nike,CounterTerrorist,1288.031,1184.849,164.561,M4A4,100,100,0,0,0,False,True,True,351.9141,6.328125
EPSILON GMX * Nike,CounterTerrorist,1288.031,1184.849,164.561,M4A4,100,100,0,0,0,False,True,True,351.9141,6.328125
EPSILON GMX * Nike,CounterTerrorist,1288.031,1184.849,164.561,M4A4,100,100,0,0,0,False,True,True,351.9141,6.328125
EPSILON GMX * Nike,CounterTerrorist,1288.031,1184.849,164.561,M4A4,100,100,0,0,0,False,True,True,351.9141,6.328125
EPSILON GMX * Nike,CounterTerrorist,1288.031,1184.849,164.561,M4A4,100,100,0,0,0,False,True,True,351.9141,6.328125
EPSILON GMX * Nike,CounterTerrorist,1288.031,1184.849,164.561,M4A4,100,100,0,0,0,False,True,True,351.9141,6.328125
EPSILON GMX * Nike,CounterTerrorist,1288.031,1184.849,164.561,M4A4,100,100,0,0,0,False,True,True,351.9141,6.328125
EPSILON GMX * Nike,CounterTerrorist,1288.031,1184.849,164.561,M4A4,100,100,0,0,0,False,True,True,351.9141,6.328125
EPSILON GMX * Nike,CounterTerrorist,1288.031,1184.849,164.561,M4A4,100,100,0,0,0,False,True,True,351.9141,6.328125
EPSILON GMX * Nike,CounterTerrorist,1288.031,1184.849,164.561,M4A4,100,100,0,0,0,False,True,True,351.9141,6.328125
EPSILON GMX * Nike,CounterTerrorist,1288.031,1184.849,164.561,M4A4,100,100,0,0,0,False,True,True,351.9141,6.328125
EPSILON GMX * Nike,CounterTerrorist,1288.031,1184.849,164.561,M4A4,100,100,0,0,0,False,True,True,351.9141,6.328125
EPSILON GMX * Nike,CounterTerrorist,1288.031,1184.849,164.561,M4A4,100,100,0,0,0,False,True,True,351.9141,6.328125
EPSILON GMX * Nike,CounterTerrorist,1288.031,1184.849,164.561,M4A4,100,100,0,0,0,False,True,True,351.9141,6.328125
EPSILON GMX * Nike,CounterTerrorist,1288.031,1184.849,164.561,M4A4,100,100,0,0,0,False,True,True,351.9141,6.328125
EPSILON GMX * Nike,CounterTerrorist,1288.031,1184.849,164.561,M4A4,100,100,0,0,0,False,True,True,351.9141,6.328125
EPSILON GMX * Nike,CounterTerrorist,1288.031,1184.849,164.561,M4A4,100,100,0,0,0,False,True,True,351.9141,6.328125
EPSILON GMX * Nike,CounterTerrorist,1288.031,1184.849,164.561,M4A4,100,100,0,0,0,False,True,True,351.9141,6.328125
EPSILON GMX * Nike,CounterTerrorist,1288.031,1184.849,164.561,M4A4,100,100,0,0,0,False,True,True,351.9141,6.328125
EPSILON GMX * Nike,CounterTerrorist,1288.031,1184.849,164.561,M4A4,100,100,0,0,0,False,True,True,351.9141,6.328125
EPSILON GMX * Nike,CounterTerrorist,1288.031,1184.849,164.561,M4A4,100,100,0,0,0,False,True,True,352.6172,6.328125
EPSILON GMX * Nike,CounterTerrorist,1288.031,1184.849,164.561,M4A4,100,100,0,0,0,False,True,True,353.6719,6.328125
EPSILON GMX * Nike,CounterTerrorist,1288.031,1184.849,164.561,M4A4,100,100,0,0,0,False,True,True,354.0234,6.328125
EPSILON GMX * Nike,CounterTerrorist,1288.031,1184.849,164.561,M4A4,100,100,0,0,0,False,True,True,354.0234,6.328125
EPSILON GMX * Nike,CounterTerrorist,1288.031,1184.849,164.561,M4A4,100,100,0,0,0,False,True,True,354.0234,6.328125
EPSILON GMX * Nike,CounterTerrorist,1288.031,1184.849,164.561,M4A4,100,100,0,0,0,False,True,True,353.6719,6.679688
EPSILON GMX * Nike,CounterTerrorist,1288.031,1184.849,164.561,M4A4,100,100,0,0,0,False,True,True,353.3203,6.679688
EPSILON GMX * Nike,CounterTerrorist,1288.031,1184.849,164.561,M4A4,100,100,0,0,0,False,True,True,353.3203,6.679688
EPSILON GMX * Nike,CounterTerrorist,1288.031,1184.849,164.561,M4A4,100,100,0,0,0,False,True,True,353.3203,6.679688
EPSILON GMX * Nike,CounterTerrorist,1288.031,1184.849,164.561,M4A4,100,100,0,0,0,False,True,True,353.3203,6.679688
EPSILON GMX * Nike,CounterTerrorist,1288.031,1184.849,164.561,M4A4,100,100,0,0,0,False,True,True,353.3203,6.679688
EPSILON GMX * Nike,CounterTerrorist,1288.031,1184.849,164.561,M4A4,100,100,0,0,0,False,True,True,353.3203,6.679688
EPSILON GMX * Nike,CounterTerrorist,1288.031,1184.849,164.561,M4A4,100,100,0,0,0,False,True,True,353.3203,6.679688
EPSILON GMX * Nike,CounterTerrorist,1288.031,1184.849,164.561,M4A4,100,100,0,0,0,False,True,True,353.3203,6.679688
EPSILON GMX * Nike,CounterTerrorist,1288.031,1184.849,164.561,M4A4,100,100,0,0,0,False,True,True,353.3203,6.679688
EPSILON GMX * Nike,CounterTerrorist,1288.031,1184.849,164.561,M4A4,100,100,0,0,0,False,True,True,353.3203,6.679688
EPSILON GMX * Nike,CounterTerrorist,1288.031,1184.849,164.561,M4A4,100,100,0,0,0,False,True,True,353.3203,6.679688
EPSILON GMX * Nike,CounterTerrorist,1288.031,1184.849,164.561,M4A4,100,100,0,0,0,False,True,True,353.3203,6.679688
EPSILON GMX * Nike,CounterTerrorist,1288.031,1184.849,164.561,M4A4,100,100,0,0,0,False,True,True,353.3203,6.679688
EPSILON GMX * Nike,CounterTerrorist,1288.031,1184.849,164.561,M4A4,100,100,0,0,0,False,True,True,353.3203,6.679688
EPSILON GMX * Nike,CounterTerrorist,1288.031,1184.849,164.561,M4A4,100,100,0,0,0,False,True,True,353.3203,6.679688
EPSILON GMX * Nike,CounterTerrorist,1288.031,1184.849,164.561,M4A4,100,100,0,0,0,False,True,True,353.3203,6.679688
EPSILON GMX * Nike,CounterTerrorist,1288.031,1184.849,164.561,M4A4,100,100,0,0,0,False,True,True,353.3203,6.679688
EPSILON GMX * Nike,CounterTerrorist,1288.031,1184.849,164.561,M4A4,100,100,0,0,0,False,True,True,353.3203,6.679688
EPSILON GMX * Nike,CounterTerrorist,1288.031,1184.849,164.561,M4A4,100,100,0,0,0,False,True,True,353.3203,6.679688
EPSILON GMX * Nike,CounterTerrorist,1288.031,1184.849,164.561,M4A4,100,100,0,0,0,False,True,True,352.9688,6.679688
EPSILON GMX * Nike,CounterTerrorist,1288.031,1184.849,164.561,M4A4,100,100,0,0,0,False,True,True,353.3203,6.679688
EPSILON GMX * Nike,CounterTerrorist,1288.031,1184.849,164.561,M4A4,100,100,0,0,0,False,True,True,353.6719,6.679688
EPSILON GMX * Nike,CounterTerrorist,1288.031,1184.849,164.561,M4A4,100,100,0,0,0,False,True,True,354.0234,7.03125
EPSILON GMX * Nike,CounterTerrorist,1288.031,1184.849,164.561,M4A4,100,100,0,0,0,False,True,True,354.0234,7.03125
EPSILON GMX * Nike,CounterTerrorist,1288.031,1184.849,164.561,M4A4,100,100,0,0,0,False,True,True,354.0234,7.03125
EPSILON GMX * Nike,CounterTerrorist,1288.031,1184.849,164.561,M4A4,100,100,0,0,0,False,True,True,354.0234,7.03125
EPSILON GMX * Nike,CounterTerrorist,1288.031,1184.849,164.561,M4A4,100,100,0,0,0,False,True,True,354.0234,7.03125
EPSILON GMX * Nike,CounterTerrorist,1288.031,1184.849,164.561,M4A4,100,100,0,0,0,False,True,True,354.0234,7.03125
EPSILON GMX * Nike,CounterTerrorist,1288.031,1184.849,164.561,M4A4,100,100,0,0,0,False,True,True,354.0234,7.03125
EPSILON GMX * Nike,CounterTerrorist,1288.031,1184.849,164.561,M4A4,100,100,0,0,0,False,True,True,354.0234,7.03125
EPSILON GMX * Nike,CounterTerrorist,1288.031,1184.849,164.561,M4A4,100,100,0,0,0,False,True,True,354.0234,7.03125
EPSILON GMX * Nike,CounterTerrorist,1288.031,1184.849,164.561,M4A4,100,100,0,0,0,False,True,True,354.0234,7.03125
EPSILON GMX * Nike,CounterTerrorist,1288.031,1184.849,164.561,M4A4,100,100,0,0,0,False,True,True,354.0234,7.03125
EPSILON GMX * Nike,CounterTerrorist,1288.031,1184.849,164.561,M4A4,100,100,0,0,0,False,True,True,354.0234,7.03125
EPSILON GMX * Nike,CounterTerrorist,1288.031,1184.849,164.561,M4A4,100,100,0,0,0,False,True,True,354.0234,7.03125
EPSILON GMX * Nike,CounterTerrorist,1288.031,1184.849,164.561,M4A4,100,100,0,0,0,False,True,True,354.0234,7.03125
EPSILON GMX * Nike,CounterTerrorist,1288.031,1184.849,164.561,M4A4,100,100,0,0,0,False,True,True,354.0234,7.03125
EPSILON GMX * Nike,CounterTerrorist,1288.031,1184.849,164.561,M4A4,100,100,0,0,0,False,True,True,354.0234,7.03125
EPSILON GMX * Nike,CounterTerrorist,1288.031,1184.849,164.561,M4A4,100,100,0,0,0,False,True,True,354.0234,7.03125
EPSILON GMX * Nike,CounterTerrorist,1288.031,1184.849,164.561,M4A4,100,100,0,0,0,False,True,True,354.0234,7.03125
EPSILON GMX * Nike,CounterTerrorist,1288.031,1184.849,164.561,M4A4,100,100,0,0,0,False,True,True,354.0234,7.03125
EPSILON GMX * Nike,CounterTerrorist,1288.031,1184.849,164.561,M4A4,100,100,0,0,0,False,True,True,354.0234,7.03125
EPSILON GMX * Nike,CounterTerrorist,1288.031,1184.849,164.561,M4A4,100,100,0,0,0,False,True,True,354.0234,7.03125
EPSILON GMX * Nike,CounterTerrorist,1288.031,1184.849,164.561,M4A4,100,100,0,0,0,False,True,True,354.0234,7.03125
EPSILON GMX * Nike,CounterTerrorist,1288.031,1184.849,164.561,M4A4,100,100,0,0,0,False,True,True,354.0234,7.03125
EPSILON GMX * Nike,CounterTerrorist,1288.031,1184.849,164.561,M4A4,100,100,0,0,0,False,True,True,354.0234,7.03125
EPSILON GMX * Nike,CounterTerrorist,1288.031,1184.849,164.561,M4A4,100,100,0,0,0,False,True,True,354.0234,7.03125
EPSILON GMX * Nike,CounterTerrorist,1288.031,1184.849,164.561,M4A4,100,100,0,0,0,False,True,True,354.0234,7.03125
EPSILON GMX * Nike,CounterTerrorist,1288.031,1184.849,164.561,M4A4,100,100,0,0,0,False,True,True,354.0234,7.03125
EPSILON GMX * Nike,CounterTerrorist,1288.031,1184.849,164.561,M4A4,100,100,0,0,0,False,True,True,354.0234,7.03125
EPSILON GMX * Nike,CounterTerrorist,1288.031,1184.849,164.561,M4A4,100,100,0,0,0,False,True,True,354.0234,7.03125
EPSILON GMX * Nike,CounterTerrorist,1288.031,1184.849,164.561,M4A4,100,100,0,0,0,False,True,True,354.0234,7.03125
EPSILON GMX * Nike,CounterTerrorist,1288.031,1184.849,164.561,M4A4,100,100,0,0,0,False,True,True,354.0234,7.03125
EPSILON GMX * Nike,CounterTerrorist,1288.031,1184.849,164.561,M4A4,100,100,0,0,0,False,True,True,354.0234,7.03125
EPSILON GMX * Nike,CounterTerrorist,1288.031,1184.849,164.561,M4A4,100,100,0,0,0,False,True,True,354.0234,7.03125
EPSILON GMX * Nike,CounterTerrorist,1288.031,1184.849,164.561,M4A4,100,100,0,0,0,False,True,True,354.0234,7.03125
EPSILON GMX * Nike,CounterTerrorist,1288.031,1184.849,164.561,M4A4,100,100,0,0,0,False,True,True,354.0234,7.03125
EPSILON GMX * Nike,CounterTerrorist,1288.031,1184.849,164.561,M4A4,100,100,0,0,0,False,True,True,354.0234,7.03125
EPSILON GMX * Nike,CounterTerrorist,1288.031,1184.849,164.561,M4A4,100,100,0,0,0,False,True,True,354.0234,7.03125
EPSILON GMX * Nike,CounterTerrorist,1288.031,1184.849,164.561,M4A4,100,100,0,0,0,False,True,True,354.0234,7.03125
EPSILON GMX * Nike,CounterTerrorist,1288.031,1184.849,164.561,M4A4,100,100,0,0,0,False,True,True,354.0234,7.03125
EPSILON GMX * Nike,CounterTerrorist,1288.031,1184.849,164.561,M4A4,100,100,0,0,0,False,True,True,354.0234,7.03125
EPSILON GMX * Nike,CounterTerrorist,1288.031,1184.849,164.561,M4A4,100,100,0,0,0,False,True,True,354.375,6.679688
EPSILON GMX * Nike,CounterTerrorist,1288.031,1184.849,164.561,M4A4,100,100,0,0,0,False,True,True,354.375,6.679688
EPSILON GMX * Nike,CounterTerrorist,1288.031,1184.849,164.561,M4A4,100,100,0,0,0,False,True,True,354.375,6.679688
EPSILON GMX * Nike,CounterTerrorist,1288.031,1184.849,164.561,M4A4,100,100,0,0,0,False,True,True,354.375,6.679688
EPSILON GMX * Nike,CounterTerrorist,1288.031,1184.849,164.561,M4A4,100,100,0,0,0,False,True,True,354.375,6.679688
EPSILON GMX * Nike,CounterTerrorist,1288.031,1184.849,164.561,M4A4,100,100,0,0,0,False,True,True,354.375,6.679688
EPSILON GMX * Nike,CounterTerrorist,1288.031,1184.849,164.561,M4A4,100,100,0,0,0,False,True,True,354.375,6.679688
EPSILON GMX * Nike,CounterTerrorist,1288.031,1184.849,164.561,M4A4,100,100,0,0,0,False,True,True,354.375,6.679688
EPSILON GMX * Nike,CounterTerrorist,1288.031,1184.849,164.561,M4A4,100,100,0,0,0,False,True,True,354.375,6.679688
EPSILON GMX * Nike,CounterTerrorist,1288.031,1184.849,164.561,M4A4,100,100,0,0,0,False,True,True,354.375,6.679688
EPSILON GMX * Nike,CounterTerrorist,1288.031,1184.849,164.561,M4A4,100,100,0,0,0,False,True,True,354.375,6.679688
EPSILON GMX * Nike,CounterTerrorist,1288.031,1184.849,164.561,M4A4,100,100,0,0,0,False,True,True,354.375,6.679688
EPSILON GMX * Nike,CounterTerrorist,1288.031,1184.849,164.561,M4A4,100,100,0,0,0,False,True,True,354.375,6.679688
EPSILON GMX * Nike,CounterTerrorist,1288.031,1184.849,164.561,M4A4,100,100,0,0,0,False,True,True,354.375,6.679688
EPSILON GMX * Nike,CounterTerrorist,1288.031,1184.849,164.561,M4A4,100,100,0,0,0,False,True,True,354.375,6.679688
EPSILON GMX * Nike,CounterTerrorist,1288.031,1184.849,164.561,M4A4,100,100,0,0,0,False,True,True,354.375,6.679688
EPSILON GMX * Nike,CounterTerrorist,1288.031,1184.849,164.561,M4A4,100,100,0,0,0,False,True,True,354.375,6.679688
EPSILON GMX * Nike,CounterTerrorist,1288.031,1184.849,164.561,M4A4,100,100,0,0,0,False,True,True,354.375,6.679688
EPSILON GMX * Nike,CounterTerrorist,1288.031,1184.849,164.561,M4A4,100,100,0,0,0,False,True,True,354.375,6.679688
EPSILON GMX * Nike,CounterTerrorist,1288.031,1184.849,164.561,M4A4,100,100,0,0,0,False,True,True,354.375,6.679688
EPSILON GMX * Nike,CounterTerrorist,1288.031,1184.849,164.561,M4A4,100,100,0,0,0,False,True,True,354.375,6.679688
EPSILON GMX * Nike,CounterTerrorist,1288.031,1184.849,164.561,M4A4,100,100,0,0,0,False,True,True,354.375,6.679688
EPSILON GMX * Nike,CounterTerrorist,1288.031,1184.849,164.561,M4A4,100,100,0,0,0,False,True,True,354.375,6.679688
EPSILON GMX * Nike,CounterTerrorist,1288.031,1184.849,164.561,M4A4,100,100,0,0,0,False,True,True,354.375,6.679688
EPSILON GMX * Nike,CounterTerrorist,1288.031,1184.849,164.561,M4A4,100,100,0,0,0,False,True,True,354.375,6.679688
EPSILON GMX * Nike,CounterTerrorist,1288.031,1184.849,164.561,M4A4,100,100,0,0,0,False,True,True,354.375,6.679688
EPSILON GMX * Nike,CounterTerrorist,1288.031,1184.849,164.561,M4A4,100,100,0,0,0,False,True,True,354.375,6.679688
EPSILON GMX * Nike,CounterTerrorist,1288.031,1184.849,164.561,M4A4,100,100,0,0,0,False,True,True,354.375,6.679688
EPSILON GMX * Nike,CounterTerrorist,1288.031,1184.849,164.561,M4A4,100,100,0,0,0,False,True,True,354.375,6.679688
EPSILON GMX * Nike,CounterTerrorist,1288.031,1184.849,164.561,M4A4,100,100,0,0,0,False,True,True,354.375,6.679688
EPSILON GMX * Nike,CounterTerrorist,1288.031,1184.849,164.561,M4A4,100,100,0,0,0,False,True,True,354.375,6.679688
EPSILON GMX * Nike,CounterTerrorist,1288.031,1184.849,164.561,M4A4,100,100,0,0,0,False,True,True,354.375,6.679688
EPSILON GMX * Nike,CounterTerrorist,1288.031,1184.849,164.561,M4A4,100,100,0,0,0,False,True,True,354.375,6.679688
EPSILON GMX * Nike,CounterTerrorist,1288.031,1184.849,164.561,M4A4,100,100,0,0,0,False,True,True,354.375,6.679688
EPSILON GMX * Nike,CounterTerrorist,1288.031,1184.849,164.561,M4A4,100,100,0,0,0,False,True,True,354.375,6.679688
EPSILON GMX * Nike,CounterTerrorist,1288.031,1184.849,164.561,M4A4,100,100,0,0,0,False,True,True,354.375,6.679688
EPSILON GMX * Nike,CounterTerrorist,1288.031,1184.849,164.561,M4A4,100,100,0,0,0,False,True,True,354.375,6.679688
EPSILON GMX * Nike,CounterTerrorist,1288.031,1184.849,164.561,M4A4,100,100,0,0,0,False,True,True,354.375,6.679688
EPSILON GMX * Nike,CounterTerrorist,1288.031,1184.849,164.561,M4A4,100,100,0,0,0,False,True,True,354.375,6.679688
EPSILON GMX * Nike,CounterTerrorist,1288.031,1184.849,164.561,M4A4,100,100,0,0,0,False,True,True,354.375,6.679688
EPSILON GMX * Nike,CounterTerrorist,1288.031,1184.849,164.561,M4A4,100,100,0,0,0,False,True,True,354.375,6.679688
EPSILON GMX * Nike,CounterTerrorist,1288.031,1184.849,164.561,M4A4,100,100,0,0,0,False,True,True,354.375,6.679688
EPSILON GMX * Nike,CounterTerrorist,1288.031,1184.849,164.561,M4A4,100,100,0,0,0,False,True,True,354.375,6.679688
EPSILON GMX * Nike,CounterTerrorist,1288.031,1184.849,164.561,M4A4,100,100,0,0,0,False,True,True,354.375,6.679688
EPSILON GMX * Nike,CounterTerrorist,1288.031,1184.849,164.561,M4A4,100,100,0,0,0,False,True,True,354.375,6.679688
EPSILON GMX * Nike,CounterTerrorist,1288.031,1184.849,164.561,M4A4,100,100,0,0,0,False,True,True,354.375,6.679688
EPSILON GMX * Nike,CounterTerrorist,1288.031,1184.849,164.561,M4A4,100,100,0,0,0,False,True,True,354.375,6.679688
EPSILON GMX * Nike,CounterTerrorist,1288.031,1184.849,164.561,M4A4,100,100,0,0,0,False,True,True,354.375,6.679688
EPSILON GMX * Nike,CounterTerrorist,1288.031,1184.849,164.561,M4A4,100,100,0,0,0,False,True,True,354.375,6.679688
EPSILON GMX * Nike,CounterTerrorist,1288.031,1184.849,164.561,M4A4,100,100,0,0,0,False,True,True,354.375,6.679688
EPSILON GMX * Nike,CounterTerrorist,1288.031,1184.849,164.561,M4A4,100,100,0,0,0,False,True,True,354.375,6.679688
EPSILON GMX * Nike,CounterTerrorist,1288.031,1184.849,164.561,M4A4,100,100,0,0,0,False,True,True,354.375,6.679688
EPSILON GMX * Nike,CounterTerrorist,1288.031,1184.849,164.561,M4A4,100,100,0,0,0,False,True,True,354.375,6.679688
EPSILON GMX * Nike,CounterTerrorist,1288.031,1184.849,164.561,M4A4,100,100,0,0,0,False,True,True,354.375,6.679688
EPSILON GMX * Nike,CounterTerrorist,1288.031,1184.849,164.561,M4A4,100,100,0,0,0,False,True,True,354.375,6.679688
EPSILON GMX * Nike,CounterTerrorist,1288.031,1184.849,164.561,M4A4,100,100,0,0,0,False,True,True,354.375,6.679688
EPSILON GMX * Nike,CounterTerrorist,1288.031,1184.849,164.561,M4A4,100,100,0,0,0,False,True,True,354.375,6.679688
EPSILON GMX * Nike,CounterTerrorist,1288.031,1184.849,164.561,M4A4,100,100,0,0,0,False,True,True,354.375,6.679688
EPSILON GMX * Nike,CounterTerrorist,1288.031,1184.849,164.561,M4A4,100,100,0,0,0,False,True,True,354.375,6.679688
EPSILON GMX * Nike,CounterTerrorist,1288.031,1184.849,164.561,M4A4,100,100,0,0,0,False,True,True,354.375,6.679688
EPSILON GMX * Nike,CounterTerrorist,1288.031,1184.849,164.561,M4A4,100,100,0,0,0,False,True,True,354.0234,6.679688
EPSILON GMX * Nike,CounterTerrorist,1288.031,1184.849,164.561,M4A4,100,100,0,0,0,False,True,True,354.0234,6.679688
EPSILON GMX * Nike,CounterTerrorist,1288.031,1184.849,164.561,M4A4,100,100,0,0,0,False,True,True,354.0234,6.679688
EPSILON GMX * Nike,CounterTerrorist,1288.031,1184.849,164.561,M4A4,100,100,0,0,0,False,True,True,353.6719,6.328125
EPSILON GMX * Nike,CounterTerrorist,1288.031,1184.849,164.561,M4A4,100,100,0,0,0,False,True,True,353.6719,6.328125
EPSILON GMX * Nike,CounterTerrorist,1288.031,1184.849,164.561,M4A4,100,100,0,0,0,False,True,True,353.6719,6.328125
EPSILON GMX * Nike,CounterTerrorist,1288.031,1184.849,164.561,M4A4,100,100,0,0,0,False,True,True,353.6719,6.328125
EPSILON GMX * Nike,CounterTerrorist,1288.031,1184.849,164.561,M4A4,100,100,0,0,0,False,True,True,353.6719,6.328125
EPSILON GMX * Nike,CounterTerrorist,1288.031,1184.849,164.561,M4A4,100,100,0,0,0,False,True,True,353.6719,6.328125
EPSILON GMX * Nike,CounterTerrorist,1288.031,1184.849,164.561,M4A4,100,100,0,0,0,False,True,True,353.6719,6.328125
EPSILON GMX * Nike,CounterTerrorist,1288.031,1184.849,164.561,M4A4,100,100,0,0,0,False,True,True,353.6719,6.328125
EPSILON GMX * Nike,CounterTerrorist,1288.031,1184.849,164.561,M4A4,100,100,0,0,0,False,True,True,353.6719,6.328125
EPSILON GMX * Nike,CounterTerrorist,1288.031,1184.849,164.561,M4A4,100,100,0,0,0,False,True,True,353.6719,6.328125
EPSILON GMX * Nike,CounterTerrorist,1288.031,1184.849,164.561,M4A4,100,100,0,0,0,False,True,True,353.6719,6.328125
EPSILON GMX * Nike,CounterTerrorist,1288.031,1184.849,164.561,M4A4,100,100,0,0,0,False,True,True,353.6719,6.328125
EPSILON GMX * Nike,CounterTerrorist,1288.031,1184.849,164.561,M4A4,100,100,0,0,0,False,True,True,353.6719,6.328125
EPSILON GMX * Nike,CounterTerrorist,1288.031,1184.849,164.561,M4A4,100,100,0,0,0,False,True,True,353.6719,6.328125
EPSILON GMX * Nike,CounterTerrorist,1288.031,1184.849,164.561,M4A4,100,100,0,0,0,False,True,True,353.6719,6.328125
EPSILON GMX * Nike,CounterTerrorist,1288.031,1184.849,164.561,M4A4,100,100,0,0,0,False,True,True,353.6719,6.328125
EPSILON GMX * Nike,CounterTerrorist,1288.031,1184.849,164.561,M4A4,100,100,0,0,0,False,True,True,353.6719,6.328125
EPSILON GMX * Nike,CounterTerrorist,1288.031,1184.849,164.561,M4A4,100,100,0,0,0,False,True,True,353.6719,6.328125
EPSILON GMX * Nike,CounterTerrorist,1288.031,1184.849,164.561,M4A4,100,100,0,0,0,False,True,True,353.6719,6.328125
EPSILON GMX * Nike,CounterTerrorist,1288.031,1184.849,164.561,M4A4,100,100,0,0,0,False,True,True,353.6719,6.328125
EPSILON GMX * Nike,CounterTerrorist,1288.031,1184.849,164.561,M4A4,100,100,0,0,0,False,True,True,353.6719,6.328125
EPSILON GMX * Nike,CounterTerrorist,1288.031,1184.849,164.561,M4A4,100,100,0,0,0,False,True,True,353.6719,6.328125
EPSILON GMX * Nike,CounterTerrorist,1288.031,1184.849,164.561,M4A4,100,100,0,0,0,False,True,True,353.6719,6.328125
EPSILON GMX * Nike,CounterTerrorist,1288.031,1184.849,164.561,M4A4,100,100,0,0,0,False,True,True,353.6719,6.328125
EPSILON GMX * Nike,CounterTerrorist,1288.031,1184.849,164.561,M4A4,100,100,0,0,0,False,True,True,353.6719,6.328125
EPSILON GMX * Nike,CounterTerrorist,1288.031,1184.849,164.561,M4A4,100,100,0,0,0,False,True,True,353.6719,6.328125
EPSILON GMX * Nike,CounterTerrorist,1288.031,1184.849,164.561,M4A4,100,100,0,0,0,False,True,True,353.6719,6.328125
EPSILON GMX * Nike,CounterTerrorist,1288.031,1184.849,164.561,M4A4,100,100,0,0,0,False,True,True,353.6719,6.328125
EPSILON GMX * Nike,CounterTerrorist,1288.031,1184.849,164.561,M4A4,100,100,0,0,0,False,True,True,353.6719,6.328125
EPSILON GMX * Nike,CounterTerrorist,1288.031,1184.849,164.561,M4A4,100,100,0,0,0,False,True,True,353.6719,6.328125
EPSILON GMX * Nike,CounterTerrorist,1288.031,1184.849,164.561,M4A4,100,100,0,0,0,False,True,True,353.6719,6.328125
EPSILON GMX * Nike,CounterTerrorist,1288.031,1184.849,164.561,M4A4,100,100,0,0,0,False,True,True,353.6719,6.328125
EPSILON GMX * Nike,CounterTerrorist,1288.031,1184.849,164.561,M4A4,100,100,0,0,0,False,True,True,353.6719,6.328125
EPSILON GMX * Nike,CounterTerrorist,1288.031,1184.849,164.561,M4A4,100,100,0,0,0,False,True,True,353.6719,6.328125
EPSILON GMX * Nike,CounterTerrorist,1288.031,1184.849,164.561,M4A4,100,100,0,0,0,False,True,True,353.6719,6.328125
EPSILON GMX * Nike,CounterTerrorist,1288.031,1184.849,164.561,M4A4,100,100,0,0,0,False,True,True,353.6719,6.328125
EPSILON GMX * Nike,CounterTerrorist,1288.031,1184.849,164.561,M4A4,100,100,0,0,0,False,True,True,353.6719,6.328125
EPSILON GMX * Nike,CounterTerrorist,1288.031,1184.849,164.561,M4A4,100,100,0,0,0,False,True,True,353.6719,6.328125
EPSILON GMX * Nike,CounterTerrorist,1288.031,1184.849,164.561,M4A4,100,100,0,0,0,False,True,True,353.6719,6.328125
EPSILON GMX * Nike,CounterTerrorist,1288.031,1184.849,164.561,M4A4,100,100,0,0,0,False,True,True,353.6719,6.328125
EPSILON GMX * Nike,CounterTerrorist,1288.031,1184.849,164.561,M4A4,100,100,0,0,0,False,True,True,353.6719,6.328125
EPSILON GMX * Nike,CounterTerrorist,1288.031,1184.849,164.561,M4A4,100,100,0,0,0,False,True,True,353.6719,6.328125
EPSILON GMX * Nike,CounterTerrorist,1288.031,1184.849,164.561,M4A4,100,100,0,0,0,False,True,True,353.6719,6.328125
EPSILON GMX * Nike,CounterTerrorist,1288.031,1184.849,164.561,M4A4,100,100,0,0,0,False,True,True,353.6719,6.328125
EPSILON GMX * Nike,CounterTerrorist,1288.031,1184.849,164.561,M4A4,100,100,0,0,0,False,True,True,353.6719,5.625
EPSILON GMX * Nike,CounterTerrorist,1288.031,1184.849,164.561,M4A4,100,100,0,0,0,False,True,True,353.6719,5.625
EPSILON GMX * Nike,CounterTerrorist,1288.031,1184.849,164.561,M4A4,100,100,0,0,0,False,True,True,353.6719,5.273438
EPSILON GMX * Nike,CounterTerrorist,1288.031,1184.849,164.561,M4A4,100,100,0,0,0,False,True,True,353.6719,5.273438
EPSILON GMX * Nike,CounterTerrorist,1288.031,1184.849,164.561,M4A4,100,100,0,0,0,False,True,True,353.6719,5.273438
EPSILON GMX * Nike,CounterTerrorist,1288.031,1184.849,164.561,M4A4,100,100,0,0,0,False,True,True,353.6719,5.273438
EPSILON GMX * Nike,CounterTerrorist,1288.031,1184.849,164.561,M4A4,100,100,0,0,0,False,True,True,353.6719,5.273438
EPSILON GMX * Nike,CounterTerrorist,1288.031,1184.849,164.561,M4A4,100,100,0,0,0,False,True,True,353.6719,5.273438
EPSILON GMX * Nike,CounterTerrorist,1288.031,1184.849,164.561,M4A4,100,100,0,0,0,False,True,True,353.6719,5.273438
EPSILON GMX * Nike,CounterTerrorist,1288.031,1184.849,164.561,M4A4,100,100,0,0,0,False,True,True,353.6719,5.273438
EPSILON GMX * Nike,CounterTerrorist,1288.031,1184.849,164.561,M4A4,100,100,0,0,0,False,True,True,353.6719,5.273438
EPSILON GMX * Nike,CounterTerrorist,1288.031,1184.849,164.561,M4A4,100,100,0,0,0,False,True,True,353.6719,5.273438
EPSILON GMX * Nike,CounterTerrorist,1288.031,1184.849,164.561,M4A4,100,100,0,0,0,False,True,True,353.6719,5.273438
EPSILON GMX * Nike,CounterTerrorist,1288.031,1184.849,164.561,M4A4,100,100,0,0,0,False,True,True,353.6719,5.273438
EPSILON GMX * Nike,CounterTerrorist,1288.031,1184.849,164.561,M4A4,100,100,0,0,0,False,True,True,353.3203,5.625
EPSILON GMX * Nike,CounterTerrorist,1288.031,1184.849,164.561,M4A4,100,100,0,0,0,False,True,True,352.9688,5.976563
EPSILON GMX * Nike,CounterTerrorist,1288.031,1184.849,164.561,M4A4,100,100,0,0,0,False,True,True,352.9688,5.976563
EPSILON GMX * Nike,CounterTerrorist,1288.031,1184.849,164.561,M4A4,100,100,0,0,0,False,True,True,352.9688,5.976563
EPSILON GMX * Nike,CounterTerrorist,1288.031,1184.849,164.561,M4A4,100,100,0,0,0,False,True,True,352.9688,5.976563
EPSILON GMX * Nike,CounterTerrorist,1288.031,1184.849,164.561,M4A4,100,100,0,0,0,False,True,True,352.9688,5.976563
EPSILON GMX * Nike,CounterTerrorist,1288.031,1184.849,164.561,M4A4,100,100,0,0,0,False,True,True,352.9688,5.976563
EPSILON GMX * Nike,CounterTerrorist,1288.031,1184.849,164.561,M4A4,100,100,0,0,0,False,True,True,352.9688,5.976563
EPSILON GMX * Nike,CounterTerrorist,1288.031,1184.849,164.561,M4A4,100,100,0,0,0,False,True,True,352.9688,5.976563
EPSILON GMX * Nike,CounterTerrorist,1288.031,1184.849,164.561,M4A4,100,100,0,0,0,False,True,True,352.9688,5.976563
EPSILON GMX * Nike,CounterTerrorist,1288.031,1184.849,164.561,M4A4,100,100,0,0,0,False,True,True,352.9688,5.976563
EPSILON GMX * Nike,CounterTerrorist,1288.031,1184.849,164.561,M4A4,100,100,0,0,0,False,True,True,352.9688,5.976563
EPSILON GMX * Nike,CounterTerrorist,1288.031,1184.849,164.561,M4A4,100,100,0,0,0,False,True,True,352.9688,5.976563
EPSILON GMX * Nike,CounterTerrorist,1288.031,1184.849,164.561,M4A4,100,100,0,0,0,False,True,True,352.9688,5.976563
EPSILON GMX * Nike,CounterTerrorist,1288.031,1184.849,164.561,M4A4,100,100,0,0,0,False,True,True,352.9688,5.976563
EPSILON GMX * Nike,CounterTerrorist,1288.031,1184.849,164.561,M4A4,100,100,0,0,0,False,True,True,352.9688,5.976563
EPSILON GMX * Nike,CounterTerrorist,1288.031,1184.849,164.561,M4A4,100,100,0,0,0,False,True,True,352.9688,5.976563
EPSILON GMX * Nike,CounterTerrorist,1288.031,1184.849,164.561,M4A4,100,100,0,0,0,False,True,True,352.9688,5.976563
EPSILON GMX * Nike,CounterTerrorist,1288.031,1184.849,164.561,M4A4,100,100,0,0,0,False,True,True,352.9688,5.976563
EPSILON GMX * Nike,CounterTerrorist,1288.031,1184.849,164.561,M4A4,100,100,0,0,0,False,True,True,352.9688,5.976563
EPSILON GMX * Nike,CounterTerrorist,1288.031,1184.849,164.561,M4A4,100,100,0,0,0,False,True,True,352.9688,5.976563
EPSILON GMX * Nike,CounterTerrorist,1288.031,1184.849,164.561,M4A4,100,100,0,0,0,False,True,True,352.9688,5.976563
EPSILON GMX * Nike,CounterTerrorist,1288.031,1184.849,164.561,M4A4,100,100,0,0,0,False,True,True,352.9688,5.976563
EPSILON GMX * Nike,CounterTerrorist,1288.031,1184.849,164.561,M4A4,100,100,0,0,0,False,True,True,352.9688,5.976563
EPSILON GMX * Nike,CounterTerrorist,1288.031,1184.849,164.561,M4A4,100,100,0,0,0,False,True,True,352.9688,5.976563
EPSILON GMX * Nike,CounterTerrorist,1288.031,1184.849,164.561,M4A4,100,100,0,0,0,False,True,True,352.9688,5.976563
EPSILON GMX * Nike,CounterTerrorist,1288.031,1184.849,164.561,M4A4,100,100,0,0,0,False,True,True,352.9688,5.976563
EPSILON GMX * Nike,CounterTerrorist,1288.031,1184.849,164.561,M4A4,100,100,0,0,0,False,True,True,352.9688,5.976563
EPSILON GMX * Nike,CounterTerrorist,1288.031,1184.849,164.561,M4A4,100,100,0,0,0,False,True,True,352.9688,5.976563
EPSILON GMX * Nike,CounterTerrorist,1288.031,1184.849,164.561,M4A4,100,100,0,0,0,False,True,True,352.9688,5.976563
EPSILON GMX * Nike,CounterTerrorist,1288.031,1184.849,164.561,M4A4,100,100,0,0,0,False,True,True,352.9688,5.976563
EPSILON GMX * Nike,CounterTerrorist,1288.031,1184.849,164.561,M4A4,100,100,0,0,0,False,True,True,352.9688,5.976563
EPSILON GMX * Nike,CounterTerrorist,1288.031,1184.849,164.561,M4A4,100,100,0,0,0,False,True,True,352.9688,5.976563
EPSILON GMX * Nike,CounterTerrorist,1288.031,1184.849,164.561,M4A4,100,100,0,0,0,False,True,True,352.9688,5.976563
EPSILON GMX * Nike,CounterTerrorist,1288.031,1184.849,164.561,M4A4,100,100,0,0,0,False,True,True,352.9688,5.976563
EPSILON GMX * Nike,CounterTerrorist,1288.031,1184.849,164.561,M4A4,100,100,0,0,0,False,True,True,352.9688,5.976563
EPSILON GMX * Nike,CounterTerrorist,1288.031,1184.849,164.561,M4A4,100,100,0,0,0,False,True,True,352.9688,5.976563
EPSILON GMX * Nike,CounterTerrorist,1288.031,1184.849,164.561,M4A4,100,100,0,0,0,False,True,True,352.9688,5.976563
EPSILON GMX * Nike,CounterTerrorist,1288.031,1184.849,164.561,M4A4,100,100,0,0,0,False,True,True,352.9688,5.976563
EPSILON GMX * Nike,CounterTerrorist,1288.031,1184.849,164.561,M4A4,100,100,0,0,0,False,True,True,352.9688,5.976563
EPSILON GMX * Nike,CounterTerrorist,1288.031,1184.849,164.561,M4A4,100,100,0,0,0,False,True,True,352.9688,5.976563
EPSILON GMX * Nike,CounterTerrorist,1288.031,1184.849,164.561,M4A4,100,100,0,0,0,False,True,True,352.9688,5.976563
EPSILON GMX * Nike,CounterTerrorist,1288.031,1184.849,164.561,M4A4,100,100,0,0,0,False,True,True,352.9688,5.976563
EPSILON GMX * Nike,CounterTerrorist,1288.031,1184.849,164.561,M4A4,100,100,0,0,0,False,True,True,352.9688,5.976563
EPSILON GMX * Nike,CounterTerrorist,1288.031,1184.849,164.561,M4A4,100,100,0,0,0,False,True,True,352.9688,5.976563
EPSILON GMX * Nike,CounterTerrorist,1288.031,1184.849,164.561,M4A4,100,100,0,0,0,False,True,True,352.9688,5.976563
EPSILON GMX * Nike,CounterTerrorist,1288.031,1184.849,164.561,M4A4,100,100,0,0,0,False,True,True,352.9688,5.976563
EPSILON GMX * Nike,CounterTerrorist,1288.031,1184.849,164.561,M4A4,100,100,0,0,0,False,True,True,352.9688,5.976563
EPSILON GMX * Nike,CounterTerrorist,1288.031,1184.849,164.561,M4A4,100,100,0,0,0,False,True,True,352.9688,5.976563
EPSILON GMX * Nike,CounterTerrorist,1288.031,1184.849,164.561,M4A4,100,100,0,0,0,False,True,True,352.9688,5.976563
EPSILON GMX * Nike,CounterTerrorist,1288.031,1184.849,164.561,M4A4,100,100,0,0,0,False,True,True,352.9688,5.976563
EPSILON GMX * Nike,CounterTerrorist,1288.031,1184.849,164.561,M4A4,100,100,0,0,0,False,True,True,352.9688,5.976563
EPSILON GMX * Nike,CounterTerrorist,1288.031,1184.849,164.561,M4A4,100,100,0,0,0,False,True,True,352.9688,5.976563
EPSILON GMX * Nike,CounterTerrorist,1288.031,1184.849,164.561,M4A4,100,100,0,0,0,False,True,True,352.9688,5.976563
EPSILON GMX * Nike,CounterTerrorist,1288.031,1184.849,164.561,M4A4,100,100,0,0,0,False,True,True,352.9688,5.976563
EPSILON GMX * Nike,CounterTerrorist,1288.031,1184.849,164.561,M4A4,100,100,0,0,0,False,True,True,352.9688,5.976563
EPSILON GMX * Nike,CounterTerrorist,1288.031,1184.849,164.561,M4A4,100,100,0,0,0,False,True,True,352.9688,5.976563
EPSILON GMX * Nike,CounterTerrorist,1288.031,1184.849,164.561,M4A4,100,100,0,0,0,False,True,True,352.9688,5.976563
EPSILON GMX * Nike,CounterTerrorist,1288.031,1184.849,164.561,M4A4,100,100,0,0,0,False,True,True,352.9688,5.976563
EPSILON GMX * Nike,CounterTerrorist,1288.031,1184.849,164.561,M4A4,100,100,0,0,0,False,True,True,352.9688,5.976563
EPSILON GMX * Nike,CounterTerrorist,1288.031,1184.849,164.561,M4A4,100,100,0,0,0,False,True,True,352.9688,5.976563
EPSILON GMX * Nike,CounterTerrorist,1288.031,1184.849,164.561,M4A4,100,100,0,0,0,False,True,True,352.9688,5.976563
EPSILON GMX * Nike,CounterTerrorist,1288.031,1184.849,164.561,M4A4,100,100,0,0,0,False,True,True,352.9688,5.976563
EPSILON GMX * Nike,CounterTerrorist,1288.031,1184.849,164.561,M4A4,100,100,0,0,0,False,True,True,352.9688,5.976563
EPSILON GMX * Nike,CounterTerrorist,1288.031,1184.849,164.561,M4A4,100,100,0,0,0,False,True,True,352.9688,5.976563
EPSILON GMX * Nike,CounterTerrorist,1288.031,1184.849,164.561,M4A4,100,100,0,0,0,False,True,True,352.9688,5.976563
EPSILON GMX * Nike,CounterTerrorist,1288.031,1184.849,164.561,M4A4,100,100,0,0,0,False,True,True,352.9688,5.976563
EPSILON GMX * Nike,CounterTerrorist,1288.031,1184.849,164.561,M4A4,100,100,0,0,0,False,True,True,352.9688,5.976563
EPSILON GMX * Nike,CounterTerrorist,1288.031,1184.849,164.561,M4A4,100,100,0,0,0,False,True,True,352.9688,5.976563
EPSILON GMX * Nike,CounterTerrorist,1288.031,1184.849,164.561,M4A4,100,100,0,0,0,False,True,True,352.9688,5.976563
EPSILON GMX * Nike,CounterTerrorist,1288.031,1184.849,164.561,M4A4,100,100,0,0,0,False,True,True,352.2656,5.625
EPSILON GMX * Nike,CounterTerrorist,1288.031,1184.849,164.561,M4A4,100,100,0,0,0,False,True,True,351.9141,5.625
EPSILON GMX * Nike,CounterTerrorist,1288.031,1184.849,164.561,M4A4,100,100,0,0,0,False,True,True,352.2656,4.570313
EPSILON GMX * Nike,CounterTerrorist,1288.031,1184.849,164.561,M4A4,100,100,0,0,0,False,True,True,352.9688,3.867188
EPSILON GMX * Nike,CounterTerrorist,1288.031,1184.849,164.561,M4A4,100,100,0,0,0,False,True,True,354.0234,2.8125
EPSILON GMX * Nike,CounterTerrorist,1288.031,1184.849,164.561,M4A4,100,100,0,0,0,False,True,True,355.7813,1.757813
EPSILON GMX * Nike,CounterTerrorist,1288.031,1184.849,164.561,M4A4,100,100,0,0,0,False,True,True,356.8359,0.703125
EPSILON GMX * Nike,CounterTerrorist,1288.031,1184.849,164.561,M4A4,100,100,0,0,0,False,True,True,359.6484,359.2969
EPSILON GMX * Nike,CounterTerrorist,1288.031,1184.849,164.561,M4A4,100,100,0,0,0,False,True,True,1.40625,358.2422
EPSILON GMX * Nike,CounterTerrorist,1288.031,1184.849,164.561,M4A4,100,100,0,0,0,False,True,True,2.109375,357.8906
EPSILON GMX * Nike,CounterTerrorist,1288.031,1184.849,164.561,M4A4,100,100,0,0,0,False,True,True,2.109375,357.8906
EPSILON GMX * Nike,CounterTerrorist,1288.031,1184.849,164.561,M4A4,100,100,0,0,0,False,True,True,2.109375,357.8906
EPSILON GMX * Nike,CounterTerrorist,1288.031,1184.849,164.561,M4A4,100,100,0,0,0,False,True,True,2.109375,357.8906
EPSILON GMX * Nike,CounterTerrorist,1288.031,1184.849,164.561,M4A4,100,100,0,0,0,False,True,True,2.109375,357.8906
EPSILON GMX * Nike,CounterTerrorist,1288.031,1184.849,164.561,M4A4,100,100,0,0,0,False,True,True,2.109375,357.8906
EPSILON GMX * Nike,CounterTerrorist,1288.031,1184.849,164.561,M4A4,100,100,0,0,0,False,True,True,2.109375,357.8906
EPSILON GMX * Nike,CounterTerrorist,1288.031,1184.849,164.561,M4A4,100,100,0,0,0,False,True,True,2.109375,357.8906
EPSILON GMX * Nike,CounterTerrorist,1288.031,1184.849,164.561,M4A4,100,100,0,0,0,False,True,True,2.109375,357.8906
EPSILON GMX * Nike,CounterTerrorist,1288.031,1184.849,164.561,M4A4,100,100,0,0,0,False,True,True,2.109375,357.8906
EPSILON GMX * Nike,CounterTerrorist,1288.031,1184.849,164.561,Flash,100,100,0,0,0,False,True,True,2.109375,357.8906
EPSILON GMX * Nike,CounterTerrorist,1288.031,1184.849,164.561,Flash,100,100,0,0,0,False,True,True,2.109375,357.8906
EPSILON GMX * Nike,CounterTerrorist,1288.031,1184.849,164.561,Flash,100,100,0,0,0,False,True,True,2.109375,357.8906
EPSILON GMX * Nike,CounterTerrorist,1288.031,1184.849,164.561,Flash,100,100,0,0,0,False,True,True,2.109375,357.8906
EPSILON GMX * Nike,CounterTerrorist,1288.031,1184.849,164.561,Flash,100,100,0,0,0,False,True,True,2.109375,357.8906
EPSILON GMX * Nike,CounterTerrorist,1288.031,1184.849,164.561,Flash,100,100,0,0,0,False,True,True,2.109375,357.8906
EPSILON GMX * Nike,CounterTerrorist,1288.031,1184.849,164.561,Flash,100,100,0,0,0,False,True,True,2.109375,357.8906
EPSILON GMX * Nike,CounterTerrorist,1288.031,1184.849,164.561,Flash,100,100,0,0,0,False,True,True,10.19531,358.5938
EPSILON GMX * Nike,CounterTerrorist,1288.031,1184.849,164.561,Flash,100,100,0,0,0,False,True,True,24.96094,359.6484
EPSILON GMX * Nike,CounterTerrorist,1288.031,1184.849,164.561,Flash,100,100,0,0,0,False,True,True,62.57813,1.054688
EPSILON GMX * Nike,CounterTerrorist,1288.031,1184.849,164.561,Flash,100,100,0,0,0,False,True,True,92.8125,359.2969
EPSILON GMX * Nike,CounterTerrorist,1288.031,1184.849,164.561,Flash,100,100,0,0,0,False,True,True,111.0938,356.1328
EPSILON GMX * Nike,CounterTerrorist,1288.031,1184.849,164.561,Flash,100,100,0,0,0,False,True,True,127.6172,351.2109
EPSILON GMX * Nike,CounterTerrorist,1288.031,1184.849,164.561,Flash,100,100,0,0,0,False,True,True,127.9687,350.8594
EPSILON GMX * Nike,CounterTerrorist,1288.031,1184.849,164.561,Flash,100,100,0,0,0,False,True,True,127.9687,350.8594
EPSILON GMX * Nike,CounterTerrorist,1288.031,1184.849,164.561,Flash,100,100,0,0,0,False,True,True,127.9687,350.8594
EPSILON GMX * Nike,CounterTerrorist,1288.031,1184.849,164.561,Flash,100,100,0,0,0,False,True,True,127.9687,350.8594
EPSILON GMX * Nike,CounterTerrorist,1288.031,1184.849,164.561,Flash,100,100,0,0,0,False,True,True,127.9687,350.8594
EPSILON GMX * Nike,CounterTerrorist,1288.031,1184.849,164.561,Flash,100,100,0,0,0,False,True,True,127.9687,350.8594
EPSILON GMX * Nike,CounterTerrorist,1288.031,1184.849,164.561,Flash,100,100,0,0,0,False,True,True,127.9687,350.8594
EPSILON GMX * Nike,CounterTerrorist,1288.031,1184.849,164.561,Flash,100,100,0,0,0,False,True,True,127.9687,350.8594
EPSILON GMX * Nike,CounterTerrorist,1288.031,1184.849,164.561,Flash,100,100,0,0,0,False,True,True,129.7266,351.9141
EPSILON GMX * Nike,CounterTerrorist,1288.031,1184.849,164.561,Flash,100,100,0,0,0,False,True,True,140.2734,354.7266
EPSILON GMX * Nike,CounterTerrorist,1288.031,1184.849,164.561,Flash,100,100,0,0,0,False,True,True,157.8516,357.8906
EPSILON GMX * Nike,CounterTerrorist,1288.031,1184.849,164.561,Flash,100,100,0,0,0,False,True,True,177.1875,0.703125
EPSILON GMX * Nike,CounterTerrorist,1288.031,1184.849,164.561,Flash,100,100,0,0,0,False,True,True,211.289,5.625
EPSILON GMX * Nike,CounterTerrorist,1288.031,1184.849,164.561,Flash,100,100,0,0,0,False,True,True,249.6094,9.84375
EPSILON GMX * Nike,CounterTerrorist,1288.031,1184.849,164.561,Flash,100,100,0,0,0,False,True,True,273.1641,10.89844
EPSILON GMX * Nike,CounterTerrorist,1288.031,1184.849,164.561,Flash,100,100,0,0,0,False,True,True,305.8594,9.140625
EPSILON GMX * Nike,CounterTerrorist,1288.031,1184.849,164.561,Flash,100,100,0,0,0,False,True,True,316.4063,6.328125
EPSILON GMX * Nike,CounterTerrorist,1288.031,1184.849,164.561,Flash,100,100,0,0,0,False,True,True,316.4063,4.570313
EPSILON GMX * Nike,CounterTerrorist,1288.031,1184.849,164.561,Flash,100,100,0,0,0,False,True,True,315.3516,3.867188
EPSILON GMX * Nike,CounterTerrorist,1288.031,1184.849,164.561,Flash,100,100,0,0,0,False,True,True,315.3516,3.867188
EPSILON GMX * Nike,CounterTerrorist,1288.031,1184.849,164.561,Flash,100,100,0,0,0,False,True,True,315.3516,3.867188
EPSILON GMX * Nike,CounterTerrorist,1288.031,1184.849,164.561,Flash,100,100,0,0,0,False,True,True,315.3516,3.867188
EPSILON GMX * Nike,CounterTerrorist,1288.031,1184.849,164.561,Flash,100,100,0,0,0,False,True,True,315.3516,3.867188
EPSILON GMX * Nike,CounterTerrorist,1288.031,1184.849,164.561,Flash,100,100,0,0,0,False,True,True,315.3516,3.867188
EPSILON GMX * Nike,CounterTerrorist,1288.031,1184.849,164.561,Flash,100,100,0,0,0,False,True,True,315.3516,3.867188
EPSILON GMX * Nike,CounterTerrorist,1288.031,1184.849,164.561,Flash,100,100,0,0,0,False,True,True,315.3516,3.867188
EPSILON GMX * Nike,CounterTerrorist,1288.031,1184.849,164.561,Flash,100,100,0,0,0,False,True,True,315.3516,3.867188
EPSILON GMX * Nike,CounterTerrorist,1288.031,1184.849,164.561,Flash,100,100,0,0,0,False,True,True,315.3516,3.867188
EPSILON GMX * Nike,CounterTerrorist,1288.031,1184.849,164.561,Flash,100,100,0,0,0,False,True,True,317.1094,4.21875
EPSILON GMX * Nike,CounterTerrorist,1288.031,1184.849,164.561,Flash,100,100,0,0,0,False,True,True,323.0859,3.867188
EPSILON GMX * Nike,CounterTerrorist,1288.031,1184.849,164.561,Flash,100,100,0,0,0,False,True,True,329.4141,3.164063
EPSILON GMX * Nike,CounterTerrorist,1288.031,1184.849,164.561,Flash,100,100,0,0,0,False,True,True,335.7422,1.757813
EPSILON GMX * Nike,CounterTerrorist,1288.031,1184.849,164.561,Flash,100,100,0,0,0,False,True,True,335.3906,359.2969
EPSILON GMX * Nike,CounterTerrorist,1288.031,1184.849,164.561,Flash,100,100,0,0,0,False,True,True,332.2266,357.1875
EPSILON GMX * Nike,CounterTerrorist,1288.031,1184.849,164.561,Flash,100,100,0,0,0,False,True,True,321.6797,351.5625
EPSILON GMX * Nike,CounterTerrorist,1288.031,1184.849,164.561,Flash,100,100,0,0,0,False,True,True,313.2422,346.6406
EPSILON GMX * Nike,CounterTerrorist,1288.031,1184.849,164.561,Flash,100,100,0,0,0,False,True,True,307.6172,342.4219
EPSILON GMX * Nike,CounterTerrorist,1288.031,1184.849,164.561,Flash,100,100,0,0,0,False,True,True,302.3438,333.9844
EPSILON GMX * Nike,CounterTerrorist,1288.031,1184.849,164.561,Flash,100,100,0,0,0,False,True,True,300.2344,329.4141
EPSILON GMX * Nike,CounterTerrorist,1288.031,1184.849,164.561,Flash,100,100,0,0,0,False,True,True,297.0703,321.6797
EPSILON GMX * Nike,CounterTerrorist,1288.031,1184.849,164.561,Flash,100,100,0,0,0,False,True,True,293.5547,312.1875
EPSILON GMX * Nike,CounterTerrorist,1288.031,1184.849,164.561,Flash,100,100,0,0,0,False,True,True,290.3906,305.5078
EPSILON GMX * Nike,CounterTerrorist,1288.031,1184.849,164.561,Flash,100,100,0,0,0,False,True,True,285.8203,294.9609
EPSILON GMX * Nike,CounterTerrorist,1288.031,1184.849,164.561,Flash,100,100,0,0,0,False,True,True,283.7109,288.2813
EPSILON GMX * Nike,CounterTerrorist,1288.031,1184.849,164.561,Flash,100,100,0,0,0,False,True,True,283.0078,283.7109
EPSILON GMX * Nike,CounterTerrorist,1288.031,1184.849,164.561,Flash,100,100,0,0,0,False,True,True,282.6563,278.4375
EPSILON GMX * Nike,CounterTerrorist,1288.031,1184.849,164.561,Flash,100,100,0,0,0,False,True,True,282.3047,276.6797
EPSILON GMX * Nike,CounterTerrorist,1288.031,1184.849,164.561,Flash,100,100,0,0,0,False,True,True,282.3047,276.3281
EPSILON GMX * Nike,CounterTerrorist,1288.031,1184.849,164.561,Flash,100,100,0,0,0,False,True,True,281.9531,276.3281
EPSILON GMX * Nike,CounterTerrorist,1288.031,1184.849,164.561,Flash,100,100,0,0,0,False,True,True,281.6016,277.0313
EPSILON GMX * Nike,CounterTerrorist,1288.031,1184.849,164.561,Flash,100,100,0,0,0,False,True,True,280.1953,278.0859
EPSILON GMX * Nike,CounterTerrorist,1288.031,1184.849,164.561,Flash,100,100,0,0,0,False,True,True,279.8438,278.7891
EPSILON GMX * Nike,CounterTerrorist,1288.031,1184.849,164.561,Flash,100,100,0,0,0,False,True,True,279.8438,278.7891
EPSILON GMX * Nike,CounterTerrorist,1288.031,1184.849,164.561,Flash,100,100,0,0,0,False,True,True,279.8438,278.7891
EPSILON GMX * Nike,CounterTerrorist,1288.031,1184.849,164.561,Flash,100,100,0,0,0,False,True,True,279.8438,278.7891
EPSILON GMX * Nike,CounterTerrorist,1288.031,1184.849,164.561,Flash,100,100,0,0,0,False,True,True,279.8438,278.7891
EPSILON GMX * Nike,CounterTerrorist,1288.031,1184.849,164.561,Flash,100,100,0,0,0,False,True,True,279.8438,278.7891
EPSILON GMX * Nike,CounterTerrorist,1288.031,1184.849,164.561,Flash,100,100,0,0,0,False,True,True,279.8438,278.7891
EPSILON GMX * Nike,CounterTerrorist,1288.031,1184.849,164.561,Flash,100,100,0,0,0,False,True,True,279.8438,278.7891
EPSILON GMX * Nike,CounterTerrorist,1288.031,1184.849,164.561,Flash,100,100,0,0,0,False,True,True,279.8438,278.7891
EPSILON GMX * Nike,CounterTerrorist,1288.031,1184.849,164.561,Flash,100,100,0,0,0,False,True,True,279.8438,278.7891
EPSILON GMX * Nike,CounterTerrorist,1288.031,1184.849,164.561,Flash,100,100,0,0,0,False,True,True,279.8438,278.7891
EPSILON GMX * Nike,CounterTerrorist,1288.031,1184.849,164.561,Flash,100,100,0,0,0,False,True,True,279.8438,278.7891
EPSILON GMX * Nike,CounterTerrorist,1288.031,1184.849,164.561,Flash,100,100,0,0,0,False,True,True,280.1953,279.4922
EPSILON GMX * Nike,CounterTerrorist,1288.031,1184.849,164.561,Flash,100,100,0,0,0,False,True,True,281.6016,281.25
EPSILON GMX * Nike,CounterTerrorist,1288.031,1184.849,164.561,Flash,100,100,0,0,0,False,True,True,283.3594,282.6563
EPSILON GMX * Nike,CounterTerrorist,1288.031,1184.849,164.561,Flash,100,100,0,0,0,False,True,True,285.4688,284.0625
EPSILON GMX * Nike,CounterTerrorist,1288.031,1184.849,164.561,Flash,100,100,0,0,0,False,True,True,285.4688,284.0625
EPSILON GMX * Nike,CounterTerrorist,1288.031,1184.849,164.561,Flash,100,100,0,0,0,False,True,True,285.4688,284.0625
EPSILON GMX * Nike,CounterTerrorist,1288.031,1184.849,164.561,Flash,100,100,0,0,0,False,True,True,285.8203,284.0625
EPSILON GMX * Nike,CounterTerrorist,1288.031,1184.849,164.561,Flash,100,100,0,0,0,False,True,True,285.8203,284.0625
EPSILON GMX * Nike,CounterTerrorist,1288.031,1184.849,164.561,Flash,100,100,0,0,0,False,True,True,285.8203,284.0625
EPSILON GMX * Nike,CounterTerrorist,1288.031,1184.849,164.561,Flash,100,100,0,0,0,False,True,True,285.8203,284.0625
EPSILON GMX * Nike,CounterTerrorist,1288.031,1184.849,164.561,Flash,100,100,0,0,0,False,True,True,285.8203,284.0625
EPSILON GMX * Nike,CounterTerrorist,1288.031,1184.849,164.561,Flash,100,100,0,0,0,False,True,True,285.8203,284.0625
EPSILON GMX * Nike,CounterTerrorist,1288.031,1184.849,164.561,Flash,100,100,0,0,0,False,True,True,285.8203,284.0625
EPSILON GMX * Nike,CounterTerrorist,1288.031,1184.849,164.561,Flash,100,100,0,0,0,False,True,True,285.8203,284.0625
EPSILON GMX * Nike,CounterTerrorist,1288.031,1184.849,164.561,Flash,100,100,0,0,0,False,True,True,285.8203,284.0625
EPSILON GMX * Nike,CounterTerrorist,1288.031,1184.849,164.561,Flash,100,100,0,0,0,False,True,True,285.8203,284.0625
EPSILON GMX * Nike,CounterTerrorist,1288.031,1184.849,164.561,Flash,100,100,0,0,0,False,True,True,285.8203,284.0625
EPSILON GMX * Nike,CounterTerrorist,1288.031,1184.849,164.561,Flash,100,100,0,0,0,False,True,True,286.1719,284.0625
EPSILON GMX * Nike,CounterTerrorist,1288.031,1184.849,164.561,Flash,100,100,0,0,0,False,True,True,286.5234,284.7656
EPSILON GMX * Nike,CounterTerrorist,1288.031,1184.849,164.561,Flash,100,100,0,0,0,False,True,True,289.3359,286.1719
EPSILON GMX * Nike,CounterTerrorist,1288.031,1184.849,164.561,Flash,100,100,0,0,0,False,True,True,293.5547,288.2813
EPSILON GMX * Nike,CounterTerrorist,1288.031,1184.849,164.561,Flash,100,100,0,0,0,False,True,True,298.125,290.0391
EPSILON GMX * Nike,CounterTerrorist,1288.031,1184.849,164.561,Flash,100,100,0,0,0,False,True,True,305.5078,292.8516
EPSILON GMX * Nike,CounterTerrorist,1288.031,1184.849,164.561,Flash,100,100,0,0,0,False,True,True,308.6719,295.3125
EPSILON GMX * Nike,CounterTerrorist,1288.031,1184.849,164.561,Flash,100,100,0,0,0,False,True,True,310.7813,297.7734
EPSILON GMX * Nike,CounterTerrorist,1288.031,1184.849,164.561,Flash,100,100,0,0,0,False,True,True,312.8906,300.9375
EPSILON GMX * Nike,CounterTerrorist,1288.031,1184.849,164.561,Flash,100,100,0,0,0,False,True,True,314.2969,304.1016
EPSILON GMX * Nike,CounterTerrorist,1288.031,1184.849,164.561,Flash,100,100,0,0,0,False,True,True,317.4609,310.4297
EPSILON GMX * Nike,CounterTerrorist,1288.031,1184.849,164.561,Flash,100,100,0,0,0,False,True,True,319.9219,315.7031
EPSILON GMX * Nike,CounterTerrorist,1288.031,1184.849,164.561,Flash,100,100,0,0,0,False,True,True,322.0313,319.5703
EPSILON GMX * Nike,CounterTerrorist,1288.031,1184.849,164.561,Flash,100,100,0,0,0,False,True,True,326.6016,327.6563
EPSILON GMX * Nike,CounterTerrorist,1288.031,1184.849,164.561,Flash,100,100,0,0,0,False,True,True,329.7656,333.2813
EPSILON GMX * Nike,CounterTerrorist,1288.031,1184.849,164.561,Flash,100,100,0,0,0,False,True,True,332.5781,338.9063
EPSILON GMX * Nike,CounterTerrorist,1288.031,1184.849,164.561,Flash,100,100,0,0,0,False,True,True,333.2813,341.7188
EPSILON GMX * Nike,CounterTerrorist,1288.031,1184.849,164.561,Flash,100,100,0,0,0,False,True,True,332.9297,343.125
EPSILON GMX * Nike,CounterTerrorist,1288.031,1184.849,164.561,Flash,100,100,0,0,0,False,True,True,332.2266,344.1797
EPSILON GMX * Nike,CounterTerrorist,1288.031,1184.849,164.561,Flash,100,100,0,0,0,False,True,True,331.5234,344.1797
EPSILON GMX * Nike,CounterTerrorist,1288.031,1184.849,164.561,Flash,100,100,0,0,0,False,True,True,328.7109,343.125
EPSILON GMX * Nike,CounterTerrorist,1288.031,1184.849,164.561,Flash,100,100,0,0,0,False,True,True,324.1406,341.0156
EPSILON GMX * Nike,CounterTerrorist,1288.031,1184.849,164.561,Flash,100,100,0,0,0,False,True,True,306.5625,334.6875
EPSILON GMX * Nike,CounterTerrorist,1288.031,1184.849,164.561,M4A4,100,100,0,0,0,False,True,True,283.0078,328.7109
EPSILON GMX * Nike,CounterTerrorist,1288.031,1184.849,164.561,M4A4,100,100,0,0,0,False,True,True,261.9141,324.4922
EPSILON GMX * Nike,CounterTerrorist,1288.031,1184.849,164.561,M4A4,100,100,0,0,0,False,True,True,226.0547,315.7031
EPSILON GMX * Nike,CounterTerrorist,1288.031,1184.849,164.561,M4A4,100,100,0,0,0,False,True,True,209.1797,312.1875
EPSILON GMX * Nike,CounterTerrorist,1288.031,1184.849,164.561,M4A4,100,100,0,0,0,False,True,True,186.3281,310.0781
EPSILON GMX * Nike,CounterTerrorist,1288.031,1184.849,164.561,M4A4,100,100,0,0,0,False,True,True,175.7813,311.8359
EPSILON GMX * Nike,CounterTerrorist,1288.031,1184.849,164.561,M4A4,100,100,0,0,0,False,True,True,170.8594,314.6484
EPSILON GMX * Nike,CounterTerrorist,1288.031,1184.849,164.561,M4A4,100,100,0,0,0,False,True,True,166.9922,320.625
EPSILON GMX * Nike,CounterTerrorist,1288.031,1184.849,164.561,M4A4,100,100,0,0,0,False,True,True,166.2891,325.1953
EPSILON GMX * Nike,CounterTerrorist,1288.031,1184.849,164.561,M4A4,100,100,0,0,0,False,True,True,166.6406,328.3594
EPSILON GMX * Nike,CounterTerrorist,1288.031,1184.849,164.561,M4A4,100,100,0,0,0,False,True,True,168.0469,332.2266
EPSILON GMX * Nike,CounterTerrorist,1288.031,1184.849,164.561,M4A4,100,100,0,0,0,False,True,True,169.1016,333.9844
EPSILON GMX * Nike,CounterTerrorist,1288.031,1184.849,164.561,M4A4,100,100,0,0,0,False,True,True,169.4531,334.3359
EPSILON GMX * Nike,CounterTerrorist,1288.031,1184.849,164.561,M4A4,100,100,0,0,0,False,True,True,170.1563,334.6875
EPSILON GMX * Nike,CounterTerrorist,1288.031,1184.849,164.561,M4A4,100,100,0,0,0,False,True,True,172.9688,335.3906
EPSILON GMX * Nike,CounterTerrorist,1288.031,1184.849,164.561,M4A4,100,100,0,0,0,False,True,True,185.625,339.6094
EPSILON GMX * Nike,CounterTerrorist,1288.031,1184.849,164.561,M4A4,100,100,0,0,0,False,True,True,215.8594,350.1563
EPSILON GMX * Nike,CounterTerrorist,1288.031,1184.849,164.561,M4A4,100,100,0,0,0,False,True,True,239.4141,357.1875
EPSILON GMX * Nike,CounterTerrorist,1288.031,1184.849,164.561,M4A4,100,100,0,0,0,False,True,True,279.4922,8.4375
EPSILON GMX * Nike,CounterTerrorist,1288.031,1184.849,164.561,M4A4,100,100,0,0,0,False,True,True,302.3438,14.41406
EPSILON GMX * Nike,CounterTerrorist,1288.031,1184.849,164.561,M4A4,100,100,0,0,0,False,True,True,315.3516,17.22656
EPSILON GMX * Nike,CounterTerrorist,1288.031,1184.849,164.561,M4A4,100,100,0,0,0,False,True,True,327.3047,19.6875
EPSILON GMX * Nike,CounterTerrorist,1288.031,1184.849,164.561,M4A4,100,100,0,0,0,False,True,True,329.7656,20.03906
EPSILON GMX * Nike,CounterTerrorist,1288.031,1184.849,164.561,M4A4,100,100,0,0,0,False,True,True,330.4688,20.03906
EPSILON GMX * Nike,CounterTerrorist,1288.031,1184.849,164.561,M4A4,100,100,0,0,0,False,True,True,330.4688,20.03906
EPSILON GMX * Nike,CounterTerrorist,1288.031,1184.849,164.561,M4A4,100,100,0,0,0,False,True,True,330.4688,20.03906
EPSILON GMX * Nike,CounterTerrorist,1288.031,1184.849,164.561,M4A4,100,100,0,0,0,False,True,True,330.4688,20.03906
EPSILON GMX * Nike,CounterTerrorist,1288.031,1184.849,164.561,M4A4,100,100,0,0,0,False,True,True,330.4688,20.03906
EPSILON GMX * Nike,CounterTerrorist,1288.031,1184.849,164.561,M4A4,100,100,0,0,0,False,True,True,330.4688,20.03906
EPSILON GMX * Nike,CounterTerrorist,1288.031,1184.849,164.561,M4A4,100,100,0,0,0,False,True,True,330.8203,20.03906
EPSILON GMX * Nike,CounterTerrorist,1288.031,1184.849,164.561,M4A4,100,100,0,0,0,False,True,True,330.8203,20.03906
EPSILON GMX * Nike,CounterTerrorist,1288.031,1184.849,164.561,M4A4,100,100,0,0,0,False,True,True,330.8203,20.03906
EPSILON GMX * Nike,CounterTerrorist,1288.031,1184.849,164.561,M4A4,100,100,0,0,0,False,True,True,330.8203,20.03906
EPSILON GMX * Nike,CounterTerrorist,1288.031,1184.849,164.561,M4A4,100,100,0,0,0,False,True,True,330.8203,20.03906
EPSILON GMX * Nike,CounterTerrorist,1288.031,1184.849,164.561,M4A4,100,100,0,0,0,False,True,True,330.8203,20.03906
EPSILON GMX * Nike,CounterTerrorist,1288.031,1184.849,164.561,M4A4,100,100,0,0,0,False,True,True,330.8203,20.03906
EPSILON GMX * Nike,CounterTerrorist,1288.031,1184.849,164.561,M4A4,100,100,0,0,0,False,True,True,330.8203,20.03906
EPSILON GMX * Nike,CounterTerrorist,1288.031,1184.849,164.561,M4A4,100,100,0,0,0,False,True,True,330.8203,20.03906
EPSILON GMX * Nike,CounterTerrorist,1288.031,1184.849,164.561,M4A4,100,100,0,0,0,False,True,True,330.8203,20.03906
EPSILON GMX * Nike,CounterTerrorist,1288.031,1184.849,164.561,M4A4,100,100,0,0,0,False,True,True,330.8203,20.03906
EPSILON GMX * Nike,CounterTerrorist,1288.031,1184.849,164.561,M4A4,100,100,0,0,0,False,True,True,330.8203,20.03906
EPSILON GMX * Nike,CounterTerrorist,1288.031,1184.849,164.561,M4A4,100,100,0,0,0,False,True,True,330.8203,20.03906
EPSILON GMX * Nike,CounterTerrorist,1288.031,1184.849,164.561,M4A4,100,100,0,0,0,False,True,True,330.8203,20.03906
EPSILON GMX * Nike,CounterTerrorist,1288.031,1184.849,164.561,M4A4,100,100,0,0,0,False,True,True,330.8203,20.03906
EPSILON GMX * Nike,CounterTerrorist,1288.031,1184.849,164.561,M4A4,100,100,0,0,0,False,True,True,330.8203,20.03906
EPSILON GMX * Nike,CounterTerrorist,1288.031,1184.849,164.561,M4A4,100,100,0,0,0,False,True,True,330.8203,20.03906
EPSILON GMX * Nike,CounterTerrorist,1288.031,1184.849,164.561,M4A4,100,100,0,0,0,False,True,True,330.8203,20.03906
EPSILON GMX * Nike,CounterTerrorist,1288.031,1184.849,164.561,M4A4,100,100,0,0,0,False,True,True,330.8203,20.03906
EPSILON GMX * Nike,CounterTerrorist,1288.031,1184.849,164.561,M4A4,100,100,0,0,0,False,True,True,330.8203,20.03906
EPSILON GMX * Nike,CounterTerrorist,1288.031,1184.849,164.561,M4A4,100,100,0,0,0,False,True,True,330.8203,20.03906
EPSILON GMX * Nike,CounterTerrorist,1288.031,1184.849,164.561,M4A4,100,100,0,0,0,False,True,True,330.8203,20.03906
EPSILON GMX * Nike,CounterTerrorist,1288.031,1184.849,164.561,M4A4,100,100,0,0,0,False,True,True,330.8203,20.03906
EPSILON GMX * Nike,CounterTerrorist,1288.031,1184.849,164.561,M4A4,100,100,0,0,0,False,True,True,330.8203,20.03906
EPSILON GMX * Nike,CounterTerrorist,1288.031,1184.849,164.561,M4A4,100,100,0,0,0,False,True,True,330.8203,20.03906
EPSILON GMX * Nike,CounterTerrorist,1288.031,1184.849,164.561,Flash,100,100,0,0,0,False,True,True,330.8203,20.03906
EPSILON GMX * Nike,CounterTerrorist,1288.031,1184.849,164.561,Flash,100,100,0,0,0,False,True,True,330.8203,20.03906
EPSILON GMX * Nike,CounterTerrorist,1288.031,1184.849,164.561,Flash,100,100,0,0,0,False,True,True,330.8203,20.03906
EPSILON GMX * Nike,CounterTerrorist,1288.031,1184.849,164.561,Flash,100,100,0,0,0,False,True,True,330.8203,20.03906
EPSILON GMX * Nike,CounterTerrorist,1288.031,1184.849,164.561,Flash,100,100,0,0,0,False,True,True,330.8203,20.03906
EPSILON GMX * Nike,CounterTerrorist,1288.031,1184.849,164.561,Incendiary,100,100,0,0,0,False,True,True,330.8203,20.03906
EPSILON GMX * Nike,CounterTerrorist,1288.031,1184.849,164.561,Incendiary,100,100,0,0,0,False,True,True,330.8203,20.03906
EPSILON GMX * Nike,CounterTerrorist,1288.031,1184.849,164.561,Incendiary,100,100,0,0,0,False,True,True,330.8203,20.03906
EPSILON GMX * Nike,CounterTerrorist,1288.031,1184.849,164.561,Incendiary,100,100,0,0,0,False,True,True,330.8203,20.03906
EPSILON GMX * Nike,CounterTerrorist,1288.031,1184.849,164.561,Incendiary,100,100,0,0,0,False,True,True,330.8203,20.03906
EPSILON GMX * Nike,CounterTerrorist,1288.031,1184.849,164.561,Incendiary,100,100,0,0,0,False,True,True,330.8203,20.03906
EPSILON GMX * Nike,CounterTerrorist,1288.031,1184.849,164.561,Incendiary,100,100,0,0,0,False,True,True,330.8203,20.03906
EPSILON GMX * Nike,CounterTerrorist,1288.031,1184.849,164.561,Incendiary,100,100,0,0,0,False,True,True,330.8203,20.03906
EPSILON GMX * Nike,CounterTerrorist,1288.031,1184.849,164.561,Incendiary,100,100,0,0,0,False,True,True,330.8203,20.03906
EPSILON GMX * Nike,CounterTerrorist,1288.031,1184.849,164.561,Incendiary,100,100,0,0,0,False,True,True,330.8203,20.03906
EPSILON GMX * Nike,CounterTerrorist,1288.031,1184.849,164.561,Incendiary,100,100,0,0,0,False,True,True,330.4688,19.6875
EPSILON GMX * Nike,CounterTerrorist,1288.031,1184.849,164.561,M4A4,100,100,0,0,0,False,True,True,329.4141,18.98438
EPSILON GMX * Nike,CounterTerrorist,1288.031,1184.849,164.561,M4A4,100,100,0,0,0,False,True,True,327.6563,17.57813
EPSILON GMX * Nike,CounterTerrorist,1288.031,1184.849,164.561,M4A4,100,100,0,0,0,False,True,True,322.3828,14.0625
EPSILON GMX * Nike,CounterTerrorist,1288.031,1184.849,164.561,M4A4,100,100,0,0,0,False,True,True,318.1641,10.89844
EPSILON GMX * Nike,CounterTerrorist,1288.031,1184.849,164.561,M4A4,100,100,0,0,0,False,True,True,310.4297,3.515625
EPSILON GMX * Nike,CounterTerrorist,1288.031,1184.849,164.561,M4A4,100,100,0,0,0,False,True,True,304.8047,356.8359
EPSILON GMX * Nike,CounterTerrorist,1288.031,1184.849,164.561,M4A4,100,100,0,0,0,False,True,True,300.9375,351.2109
EPSILON GMX * Nike,CounterTerrorist,1288.031,1184.849,164.561,M4A4,100,100,0,0,0,False,True,True,293.9063,340.6641
EPSILON GMX * Nike,CounterTerrorist,1288.031,1184.849,164.561,M4A4,100,100,0,0,0,False,True,True,288.6328,332.9297
EPSILON GMX * Nike,CounterTerrorist,1288.031,1184.849,164.561,Flash,100,100,0,0,0,False,True,True,284.7656,326.6016
EPSILON GMX * Nike,CounterTerrorist,1288.031,1184.849,164.561,Flash,100,100,0,0,0,False,True,True,277.7344,316.4063
EPSILON GMX * Nike,CounterTerrorist,1288.031,1184.849,164.561,Flash,100,100,0,0,0,False,True,True,273.5156,310.7813
EPSILON GMX * Nike,CounterTerrorist,1288.031,1184.849,164.561,Flash,100,100,0,0,0,False,True,True,266.8359,302.3438
EPSILON GMX * Nike,CounterTerrorist,1288.031,1184.849,164.561,Flash,100,100,0,0,0,False,True,True,259.8047,293.9063
EPSILON GMX * Nike,CounterTerrorist,1288.031,1184.849,164.561,Flash,100,100,0,0,0,False,True,True,254.5313,289.3359
EPSILON GMX * Nike,CounterTerrorist,1288.031,1184.849,164.561,Flash,100,100,0,0,0,False,True,True,244.6875,284.4141
EPSILON GMX * Nike,CounterTerrorist,1288.031,1184.849,164.561,Flash,100,100,0,0,0,False,True,True,237.6563,283.0078
EPSILON GMX * Nike,CounterTerrorist,1288.031,1184.849,164.561,Flash,100,100,0,0,0,False,True,True,233.0859,282.6563
EPSILON GMX * Nike,CounterTerrorist,1288.031,1184.849,164.561,Flash,100,100,0,0,0,False,True,True,225.3516,283.7109
EPSILON GMX * Nike,CounterTerrorist,1288.031,1184.849,164.561,Flash,100,100,0,0,0,False,True,True,218.6719,286.5234
EPSILON GMX * Nike,CounterTerrorist,1288.031,1184.849,164.561,Flash,100,100,0,0,0,False,True,True,212.3437,290.0391
EPSILON GMX * Nike,CounterTerrorist,1288.031,1184.849,164.561,Flash,100,100,0,0,0,False,True,True,203.2031,296.3672
EPSILON GMX * Nike,CounterTerrorist,1288.031,1184.849,164.561,Flash,100,100,0,0,0,False,True,True,197.5781,300.5859
EPSILON GMX * Nike,CounterTerrorist,1288.031,1184.849,164.561,Flash,100,100,0,0,0,False,True,True,188.789,306.2109
EPSILON GMX * Nike,CounterTerrorist,1288.031,1184.849,164.561,Flash,100,100,0,0,0,False,True,True,183.1641,310.0781
EPSILON GMX * Nike,CounterTerrorist,1288.031,1184.849,164.561,Flash,100,100,0,0,0,False,True,True,180,312.8906
EPSILON GMX * Nike,CounterTerrorist,1288.031,1184.849,164.561,Flash,100,100,0,0,0,False,True,True,176.1328,316.7578
EPSILON GMX * Nike,CounterTerrorist,1288.031,1184.849,164.561,Flash,100,100,0,0,0,False,True,True,174.375,318.8672
EPSILON GMX * Nike,CounterTerrorist,1288.031,1184.849,164.561,Flash,100,100,0,0,0,False,True,True,174.0234,319.9219
EPSILON GMX * Nike,CounterTerrorist,1288.031,1184.849,164.561,Flash,100,100,0,0,0,False,True,True,173.6719,319.9219
EPSILON GMX * Nike,CounterTerrorist,1288.031,1184.849,164.561,Flash,100,100,0,0,0,False,True,True,173.6719,319.9219
EPSILON GMX * Nike,CounterTerrorist,1288.031,1184.849,164.561,Flash,100,100,0,0,0,False,True,True,173.6719,319.9219
EPSILON GMX * Nike,CounterTerrorist,1288.031,1184.849,164.561,Flash,100,100,0,0,0,False,True,True,173.6719,319.9219
EPSILON GMX * Nike,CounterTerrorist,1288.031,1184.849,164.561,Flash,100,100,0,0,0,False,True,True,173.6719,319.9219
EPSILON GMX * Nike,CounterTerrorist,1288.031,1184.849,164.561,Flash,100,100,0,0,0,False,True,True,173.6719,319.9219
EPSILON GMX * Nike,CounterTerrorist,1288.031,1184.849,164.561,Flash,100,100,0,0,0,False,True,True,173.6719,319.9219
EPSILON GMX * Nike,CounterTerrorist,1288.031,1184.849,164.561,Flash,100,100,0,0,0,False,True,True,173.6719,319.9219
EPSILON GMX * Nike,CounterTerrorist,1288.031,1184.849,164.561,Flash,100,100,0,0,0,False,True,True,174.0234,319.9219
EPSILON GMX * Nike,CounterTerrorist,1288.031,1184.849,164.561,Flash,100,100,0,0,0,False,True,True,174.0234,319.9219
EPSILON GMX * Nike,CounterTerrorist,1288.031,1184.849,164.561,Flash,100,100,0,0,0,False,True,True,174.0234,319.9219
EPSILON GMX * Nike,CounterTerrorist,1288.031,1184.849,164.561,Flash,100,100,0,0,0,False,True,True,174.0234,319.9219
EPSILON GMX * Nike,CounterTerrorist,1288.031,1184.849,164.561,Flash,100,100,0,0,0,False,True,True,174.0234,319.9219
EPSILON GMX * Nike,CounterTerrorist,1288.031,1184.849,164.561,Flash,100,100,0,0,0,False,True,True,174.0234,319.9219
EPSILON GMX * Nike,CounterTerrorist,1288.031,1184.849,164.561,Flash,100,100,0,0,0,False,True,True,174.0234,319.9219
EPSILON GMX * Nike,CounterTerrorist,1288.031,1184.849,164.561,Flash,100,100,0,0,0,False,True,True,174.0234,319.9219
EPSILON GMX * Nike,CounterTerrorist,1288.031,1184.849,164.561,Flash,100,100,0,0,0,False,True,True,174.0234,319.9219
EPSILON GMX * Nike,CounterTerrorist,1288.031,1184.849,164.561,Flash,100,100,0,0,0,False,True,True,174.375,319.9219
EPSILON GMX * Nike,CounterTerrorist,1288.031,1184.849,164.561,Flash,100,100,0,0,0,False,True,True,174.375,319.9219
EPSILON GMX * Nike,CounterTerrorist,1288.031,1184.849,164.561,Flash,100,100,0,0,0,False,True,True,174.375,319.9219
EPSILON GMX * Nike,CounterTerrorist,1288.031,1184.849,164.561,Flash,100,100,0,0,0,False,True,True,174.375,319.9219
EPSILON GMX * Nike,CounterTerrorist,1288.031,1184.849,164.561,Flash,100,100,0,0,0,False,True,True,174.375,319.5703
EPSILON GMX * Nike,CounterTerrorist,1288.031,1184.849,164.561,Flash,100,100,0,0,0,False,True,True,174.375,319.5703
EPSILON GMX * Nike,CounterTerrorist,1288.031,1184.849,164.561,Flash,100,100,0,0,0,False,True,True,174.375,319.5703
EPSILON GMX * Nike,CounterTerrorist,1288.031,1184.849,164.561,Flash,100,100,0,0,0,False,True,True,174.375,319.5703
EPSILON GMX * Nike,CounterTerrorist,1288.031,1184.849,164.561,Flash,100,100,0,0,0,False,True,True,174.375,319.5703
EPSILON GMX * Nike,CounterTerrorist,1288.031,1184.849,164.561,Flash,100,100,0,0,0,False,True,True,174.375,319.5703
EPSILON GMX * Nike,CounterTerrorist,1288.031,1184.849,164.561,Flash,100,100,0,0,0,False,True,True,174.375,319.5703
EPSILON GMX * Nike,CounterTerrorist,1288.031,1184.849,164.561,Flash,100,100,0,0,0,False,True,True,174.375,319.5703
EPSILON GMX * Nike,CounterTerrorist,1288.031,1184.849,164.561,Flash,100,100,0,0,0,False,True,True,174.375,319.5703
EPSILON GMX * Nike,CounterTerrorist,1288.031,1184.849,164.561,Flash,100,100,0,0,0,False,True,True,174.375,319.5703
EPSILON GMX * Nike,CounterTerrorist,1288.031,1184.849,164.561,Flash,100,100,0,0,0,False,True,True,174.375,319.5703
EPSILON GMX * Nike,CounterTerrorist,1288.031,1184.849,164.561,Flash,100,100,0,0,0,False,True,True,174.375,319.5703
EPSILON GMX * Nike,CounterTerrorist,1288.031,1184.849,164.561,Flash,100,100,0,0,0,False,True,True,174.375,319.5703
EPSILON GMX * Nike,CounterTerrorist,1288.031,1184.849,164.561,Flash,100,100,0,0,0,False,True,True,174.375,319.5703
EPSILON GMX * Nike,CounterTerrorist,1288.031,1184.849,164.561,Flash,100,100,0,0,0,False,True,True,174.375,319.5703
EPSILON GMX * Nike,CounterTerrorist,1288.031,1184.849,164.561,Flash,100,100,0,0,0,False,True,True,174.375,319.5703
EPSILON GMX * Nike,CounterTerrorist,1288.031,1184.849,164.561,Flash,100,100,0,0,0,False,True,True,174.375,319.5703
EPSILON GMX * Nike,CounterTerrorist,1288.031,1184.849,164.561,Flash,100,100,0,0,0,False,True,True,174.375,319.5703
EPSILON GMX * Nike,CounterTerrorist,1288.031,1184.849,164.561,Flash,100,100,0,0,0,False,True,True,174.375,319.5703
EPSILON GMX * Nike,CounterTerrorist,1288.031,1184.849,164.561,Flash,100,100,0,0,0,False,True,True,174.375,319.5703
EPSILON GMX * Nike,CounterTerrorist,1288.031,1184.849,164.561,Flash,100,100,0,0,0,False,True,True,174.375,319.5703
EPSILON GMX * Nike,CounterTerrorist,1288.031,1184.849,164.561,Flash,100,100,0,0,0,False,True,True,174.375,319.5703
EPSILON GMX * Nike,CounterTerrorist,1288.031,1184.849,164.561,Flash,100,100,0,0,0,False,True,True,174.375,319.5703
EPSILON GMX * Nike,CounterTerrorist,1288.031,1184.849,164.561,Flash,100,100,0,0,0,False,True,True,174.375,319.5703
EPSILON GMX * Nike,CounterTerrorist,1288.031,1184.849,164.561,Flash,100,100,0,0,0,False,True,True,174.375,319.5703
EPSILON GMX * Nike,CounterTerrorist,1288.031,1184.849,164.561,Flash,100,100,0,0,0,False,True,True,174.375,319.5703
EPSILON GMX * Nike,CounterTerrorist,1288.031,1184.849,164.561,Flash,100,100,0,0,0,False,True,True,174.375,319.5703
EPSILON GMX * Nike,CounterTerrorist,1288.031,1184.849,164.561,Flash,100,100,0,0,0,False,True,True,174.375,319.5703
EPSILON GMX * Nike,CounterTerrorist,1288.031,1184.849,164.561,Flash,100,100,0,0,0,False,True,True,174.375,319.5703
EPSILON GMX * Nike,CounterTerrorist,1288.031,1184.849,164.561,Flash,100,100,0,0,0,False,True,True,174.375,319.5703
EPSILON GMX * Nike,CounterTerrorist,1288.031,1184.849,164.561,Flash,100,100,0,0,0,False,True,True,174.375,319.5703
EPSILON GMX * Nike,CounterTerrorist,1288.031,1184.849,164.561,Flash,100,100,0,0,0,False,True,True,174.375,319.5703
EPSILON GMX * Nike,CounterTerrorist,1288.031,1184.849,164.561,Flash,100,100,0,0,0,False,True,True,174.375,319.5703
EPSILON GMX * Nike,CounterTerrorist,1288.031,1184.849,164.561,Flash,100,100,0,0,0,False,True,True,174.375,319.5703
EPSILON GMX * Nike,CounterTerrorist,1288.031,1184.849,164.561,Flash,100,100,0,0,0,False,True,True,174.375,319.5703
EPSILON GMX * Nike,CounterTerrorist,1288.031,1184.849,164.561,Flash,100,100,0,0,0,False,True,True,174.375,319.5703
EPSILON GMX * Nike,CounterTerrorist,1288.031,1184.849,164.561,Flash,100,100,0,0,0,False,True,True,174.375,319.5703
EPSILON GMX * Nike,CounterTerrorist,1288.031,1184.849,164.561,Flash,100,100,0,0,0,False,True,True,174.375,319.5703
EPSILON GMX * Nike,CounterTerrorist,1288.031,1184.849,164.561,Flash,100,100,0,0,0,False,True,True,174.375,319.5703
EPSILON GMX * Nike,CounterTerrorist,1288.031,1184.849,164.561,Flash,100,100,0,0,0,False,True,True,174.375,319.5703
EPSILON GMX * Nike,CounterTerrorist,1288.031,1184.849,164.561,Flash,100,100,0,0,0,False,True,True,174.375,319.5703
EPSILON GMX * Nike,CounterTerrorist,1288.031,1184.849,164.561,Flash,100,100,0,0,0,False,True,True,174.375,319.5703
EPSILON GMX * Nike,CounterTerrorist,1288.031,1184.849,164.561,Flash,100,100,0,0,0,False,True,True,174.375,319.5703
EPSILON GMX * Nike,CounterTerrorist,1288.031,1184.849,164.561,Flash,100,100,0,0,0,False,True,True,174.375,319.5703
EPSILON GMX * Nike,CounterTerrorist,1288.031,1184.849,164.561,Flash,100,100,0,0,0,False,True,True,174.375,319.5703
EPSILON GMX * Nike,CounterTerrorist,1288.031,1184.849,164.561,Flash,100,100,0,0,0,False,True,True,174.375,319.5703
EPSILON GMX * Nike,CounterTerrorist,1288.031,1184.849,164.561,Flash,100,100,0,0,0,False,True,True,174.375,319.5703
EPSILON GMX * Nike,CounterTerrorist,1288.031,1184.849,164.561,Flash,100,100,0,0,0,False,True,True,174.375,319.5703
EPSILON GMX * Nike,CounterTerrorist,1288.031,1184.849,164.561,Flash,100,100,0,0,0,False,True,True,174.375,319.5703
EPSILON GMX * Nike,CounterTerrorist,1288.031,1184.849,164.561,Flash,100,100,0,0,0,False,True,True,174.375,319.5703
EPSILON GMX * Nike,CounterTerrorist,1288.031,1184.849,164.561,Flash,100,100,0,0,0,False,True,True,174.375,319.5703
EPSILON GMX * Nike,CounterTerrorist,1288.031,1184.849,164.561,Flash,100,100,0,0,0,False,True,True,174.375,319.5703
EPSILON GMX * Nike,CounterTerrorist,1288.031,1184.849,164.561,Flash,100,100,0,0,0,False,True,True,174.375,319.5703
EPSILON GMX * Nike,CounterTerrorist,1288.031,1184.849,164.561,Flash,100,100,0,0,0,False,True,True,174.375,319.5703
EPSILON GMX * Nike,CounterTerrorist,1288.031,1184.849,164.561,Flash,100,100,0,0,0,False,True,True,174.375,319.5703
EPSILON GMX * Nike,CounterTerrorist,1288.031,1184.849,164.561,Flash,100,100,0,0,0,False,True,True,174.375,319.5703
EPSILON GMX * Nike,CounterTerrorist,1288.031,1184.849,164.561,Flash,100,100,0,0,0,False,True,True,174.375,319.5703
EPSILON GMX * Nike,CounterTerrorist,1288.031,1184.849,164.561,Flash,100,100,0,0,0,False,True,True,174.375,319.5703
EPSILON GMX * Nike,CounterTerrorist,1288.031,1184.849,164.561,Flash,100,100,0,0,0,False,True,True,174.375,319.5703
EPSILON GMX * Nike,CounterTerrorist,1288.031,1184.849,164.561,Flash,100,100,0,0,0,False,True,True,174.375,319.5703
EPSILON GMX * Nike,CounterTerrorist,1288.031,1184.849,164.561,Flash,100,100,0,0,0,False,True,True,174.375,319.5703
EPSILON GMX * Nike,CounterTerrorist,1288.031,1184.849,164.561,Flash,100,100,0,0,0,False,True,True,174.375,319.5703
EPSILON GMX * Nike,CounterTerrorist,1288.031,1184.849,164.561,Flash,100,100,0,0,0,False,True,True,174.375,319.5703
EPSILON GMX * Nike,CounterTerrorist,1288.031,1184.849,164.561,Flash,100,100,0,0,0,False,True,True,174.375,319.5703
EPSILON GMX * Nike,CounterTerrorist,1288.031,1184.849,164.561,Flash,100,100,0,0,0,False,True,True,174.375,319.5703
EPSILON GMX * Nike,CounterTerrorist,1288.031,1184.849,164.561,Flash,100,100,0,0,0,False,True,True,174.375,319.5703
EPSILON GMX * Nike,CounterTerrorist,1288.031,1184.849,164.561,Flash,100,100,0,0,0,False,True,True,174.375,319.5703
EPSILON GMX * Nike,CounterTerrorist,1288.031,1184.849,164.561,Flash,100,100,0,0,0,False,True,True,174.375,319.5703
EPSILON GMX * Nike,CounterTerrorist,1288.031,1184.849,164.561,Flash,100,100,0,0,0,False,True,True,174.375,319.5703
EPSILON GMX * Nike,CounterTerrorist,1288.031,1184.849,164.561,Flash,100,100,0,0,0,False,True,True,174.375,319.5703
EPSILON GMX * Nike,CounterTerrorist,1288.031,1184.849,164.561,Flash,100,100,0,0,0,False,True,True,174.375,319.5703
EPSILON GMX * Nike,CounterTerrorist,1288.031,1184.849,164.561,Flash,100,100,0,0,0,False,True,True,174.375,319.5703
EPSILON GMX * Nike,CounterTerrorist,1288.031,1184.849,164.561,Flash,100,100,0,0,0,False,True,True,174.375,319.5703
EPSILON GMX * Nike,CounterTerrorist,1288.031,1184.849,164.561,Flash,100,100,0,0,0,False,True,True,174.375,319.5703
EPSILON GMX * Nike,CounterTerrorist,1288.031,1184.849,164.561,Flash,100,100,0,0,0,False,True,True,174.375,319.5703
EPSILON GMX * Nike,CounterTerrorist,1288.031,1184.849,164.561,Flash,100,100,0,0,0,False,True,True,174.375,319.5703
EPSILON GMX * Nike,CounterTerrorist,1288.031,1184.849,164.561,Flash,100,100,0,0,0,False,True,True,174.7266,319.5703
EPSILON GMX * Nike,CounterTerrorist,1288.031,1184.849,164.561,Flash,100,100,0,0,0,False,True,True,175.4297,318.8672
EPSILON GMX * Nike,CounterTerrorist,1288.031,1184.849,164.561,Flash,100,100,0,0,0,False,True,True,176.8359,317.1094
EPSILON GMX * Nike,CounterTerrorist,1288.031,1184.849,164.561,Flash,100,100,0,0,0,False,True,True,180.3516,311.1328
EPSILON GMX * Nike,CounterTerrorist,1288.031,1184.849,164.561,Flash,100,100,0,0,0,False,True,True,182.4609,305.8594
EPSILON GMX * Nike,CounterTerrorist,1288.031,1184.849,164.561,Flash,100,100,0,0,0,False,True,True,185.2734,297.0703
EPSILON GMX * Nike,CounterTerrorist,1288.031,1184.849,164.561,Flash,100,100,0,0,0,False,True,True,187.3828,292.5
EPSILON GMX * Nike,CounterTerrorist,1288.031,1184.849,164.561,Flash,100,100,0,0,0,False,True,True,188.789,290.0391
EPSILON GMX * Nike,CounterTerrorist,1288.031,1184.849,164.561,Flash,100,100,0,0,0,False,True,True,192.3047,287.2266
EPSILON GMX * Nike,CounterTerrorist,1288.031,1184.849,164.561,Flash,100,100,0,0,0,False,True,True,194.7656,286.5234
EPSILON GMX * Nike,CounterTerrorist,1288.031,1184.849,164.561,Flash,100,100,0,0,0,False,True,True,195.8203,286.875
EPSILON GMX * Nike,CounterTerrorist,1288.031,1184.849,164.561,Flash,100,100,0,0,0,False,True,True,199.3359,288.9844
EPSILON GMX * Nike,CounterTerrorist,1288.031,1184.849,164.561,Flash,100,100,0,0,0,False,True,True,202.8516,291.0938
EPSILON GMX * Nike,CounterTerrorist,1288.031,1184.849,164.561,Flash,100,100,0,0,0,False,True,True,211.9922,297.0703
EPSILON GMX * Nike,CounterTerrorist,1288.031,1184.849,164.561,Flash,100,100,0,0,0,False,True,True,227.8125,308.3203
EPSILON GMX * Nike,CounterTerrorist,1288.031,1184.849,164.561,Flash,100,100,0,0,0,False,True,True,238.0078,315.3516
EPSILON GMX * Nike,CounterTerrorist,1288.031,1184.849,164.561,Flash,100,100,0,0,0,False,True,True,250.3125,325.1953
EPSILON GMX * Nike,CounterTerrorist,1288.031,1184.849,164.561,Flash,100,100,0,0,0,False,True,True,254.1797,331.1719
EPSILON GMX * Nike,CounterTerrorist,1288.031,1184.849,164.561,Flash,100,100,0,0,0,False,True,True,255.2344,334.3359
EPSILON GMX * Nike,CounterTerrorist,1288.031,1184.849,164.561,Flash,100,100,0,0,0,False,True,True,255.9375,336.4453
EPSILON GMX * Nike,CounterTerrorist,1288.031,1184.849,164.561,Flash,100,100,0,0,0,False,True,True,255.9375,336.7969
EPSILON GMX * Nike,CounterTerrorist,1288.031,1184.849,164.561,Flash,100,100,0,0,0,False,True,True,256.2891,337.1484
EPSILON GMX * Nike,CounterTerrorist,1288.031,1184.849,164.561,Flash,100,100,0,0,0,False,True,True,258.75,339.2578
EPSILON GMX * Nike,CounterTerrorist,1288.031,1184.849,164.561,Flash,100,100,0,0,0,False,True,True,264.0234,341.7188
EPSILON GMX * Nike,CounterTerrorist,1288.031,1184.849,164.561,Flash,100,100,0,0,0,False,True,True,278.7891,347.6953
EPSILON GMX * Nike,CounterTerrorist,1288.031,1184.849,164.561,Flash,100,100,0,0,0,False,True,True,293.2031,351.5625
EPSILON GMX * Nike,CounterTerrorist,1288.031,1184.849,164.561,Flash,100,100,0,0,0,False,True,True,304.1016,354.7266
EPSILON GMX * Nike,CounterTerrorist,1288.031,1184.849,164.561,Flash,100,100,0,0,0,False,True,True,317.1094,358.2422
EPSILON GMX * Nike,CounterTerrorist,1288.031,1184.849,164.561,Flash,100,100,0,0,0,False,True,True,320.9766,359.2969
EPSILON GMX * Nike,CounterTerrorist,1288.031,1184.849,164.561,Flash,100,100,0,0,0,False,True,True,322.3828,359.6484
EPSILON GMX * Nike,CounterTerrorist,1288.031,1184.849,164.561,Flash,100,100,0,0,0,False,True,True,322.3828,359.6484
EPSILON GMX * Nike,CounterTerrorist,1288.031,1184.849,164.561,Flash,100,100,0,0,0,False,True,True,322.3828,359.6484
EPSILON GMX * Nike,CounterTerrorist,1288.031,1184.849,164.561,Flash,100,100,0,0,0,False,True,True,322.3828,359.6484
EPSILON GMX * Nike,CounterTerrorist,1288.031,1184.849,164.561,Flash,100,100,0,0,0,False,True,True,322.3828,359.6484
EPSILON GMX * Nike,CounterTerrorist,1288.031,1184.849,164.561,Flash,100,100,0,0,0,False,True,True,322.3828,359.6484
EPSILON GMX * Nike,CounterTerrorist,1288.031,1184.849,164.561,Flash,100,100,0,0,0,False,True,True,322.3828,359.6484
EPSILON GMX * Nike,CounterTerrorist,1288.031,1184.849,164.561,Flash,100,100,0,0,0,False,True,True,322.3828,359.6484
EPSILON GMX * Nike,CounterTerrorist,1288.031,1184.849,164.561,Flash,100,100,0,0,0,False,True,True,322.3828,359.6484
EPSILON GMX * Nike,CounterTerrorist,1288.031,1184.849,164.561,Flash,100,100,0,0,0,False,True,True,322.3828,359.6484
EPSILON GMX * Nike,CounterTerrorist,1288.031,1184.849,164.561,Flash,100,100,0,0,0,False,True,True,322.3828,359.6484
EPSILON GMX * Nike,CounterTerrorist,1288.031,1184.849,164.561,Flash,100,100,0,0,0,False,True,True,322.3828,359.6484
EPSILON GMX * Nike,CounterTerrorist,1288.031,1184.849,164.561,Flash,100,100,0,0,0,False,True,True,322.7344,0
EPSILON GMX * Nike,CounterTerrorist,1288.031,1184.849,164.561,Flash,100,100,0,0,0,False,True,True,323.0859,0.703125
EPSILON GMX * Nike,CounterTerrorist,1288.031,1184.849,164.561,Flash,100,100,0,0,0,False,True,True,323.7891,1.40625
EPSILON GMX * Nike,CounterTerrorist,1288.031,1184.849,164.561,Flash,100,100,0,0,0,False,True,True,324.1406,2.109375
EPSILON GMX * Nike,CounterTerrorist,1288.031,1184.849,164.561,Flash,100,100,0,0,0,False,True,True,324.4922,3.164063
EPSILON GMX * Nike,CounterTerrorist,1288.031,1184.849,164.561,Flash,100,100,0,0,0,False,True,True,324.8438,3.164063
EPSILON GMX * Nike,CounterTerrorist,1288.031,1184.849,164.561,Flash,100,100,0,0,0,False,True,True,324.8438,3.164063
EPSILON GMX * Nike,CounterTerrorist,1288.031,1184.849,164.561,Flash,100,100,0,0,0,False,True,True,324.8438,3.164063
EPSILON GMX * Nike,CounterTerrorist,1288.031,1184.849,164.561,Flash,100,100,0,0,0,False,True,True,324.8438,3.164063
EPSILON GMX * Nike,CounterTerrorist,1288.031,1184.849,164.561,Flash,100,100,0,0,0,False,True,True,324.8438,3.164063
EPSILON GMX * Nike,CounterTerrorist,1288.031,1184.849,164.561,Flash,100,100,0,0,0,False,True,True,324.8438,3.164063
EPSILON GMX * Nike,CounterTerrorist,1288.031,1184.849,164.561,Flash,100,100,0,0,0,False,True,True,324.8438,3.164063
EPSILON GMX * Nike,CounterTerrorist,1288.031,1184.849,164.561,Flash,100,100,0,0,0,False,True,True,324.8438,3.164063
EPSILON GMX * Nike,CounterTerrorist,1288.031,1184.849,164.561,Flash,100,100,0,0,0,False,True,True,324.8438,3.164063
EPSILON GMX * Nike,CounterTerrorist,1288.031,1184.849,164.561,Flash,100,100,0,0,0,False,True,True,324.8438,3.164063
EPSILON GMX * Nike,CounterTerrorist,1288.031,1184.849,164.561,Flash,100,100,0,0,0,False,True,True,324.8438,3.164063
EPSILON GMX * Nike,CounterTerrorist,1288.031,1184.849,164.561,Flash,100,100,0,0,0,False,True,True,324.8438,3.164063
EPSILON GMX * Nike,CounterTerrorist,1288.031,1184.849,164.561,Flash,100,100,0,0,0,False,True,True,324.8438,3.164063
EPSILON GMX * Nike,CounterTerrorist,1288.031,1184.849,164.561,Flash,100,100,0,0,0,False,True,True,324.8438,3.164063
EPSILON GMX * Nike,CounterTerrorist,1288.031,1184.849,164.561,Flash,100,100,0,0,0,False,True,True,324.8438,3.164063
EPSILON GMX * Nike,CounterTerrorist,1288.031,1184.849,164.561,Flash,100,100,0,0,0,False,True,True,324.8438,2.8125
EPSILON GMX * Nike,CounterTerrorist,1288.031,1184.849,164.561,Flash,100,100,0,0,0,False,True,True,325.1953,2.8125
EPSILON GMX * Nike,CounterTerrorist,1288.031,1184.849,164.561,Flash,100,100,0,0,0,False,True,True,325.1953,2.8125
EPSILON GMX * Nike,CounterTerrorist,1288.031,1184.849,164.561,Flash,100,100,0,0,0,False,True,True,325.1953,2.8125
EPSILON GMX * Nike,CounterTerrorist,1288.031,1184.849,164.561,Flash,100,100,0,0,0,False,True,True,325.1953,2.8125
EPSILON GMX * Nike,CounterTerrorist,1288.031,1184.849,164.561,Flash,100,100,0,0,0,False,True,True,325.1953,2.8125
EPSILON GMX * Nike,CounterTerrorist,1288.031,1184.849,164.561,Flash,100,100,0,0,0,False,True,True,325.1953,3.164063
EPSILON GMX * Nike,CounterTerrorist,1288.031,1184.849,164.561,Flash,100,100,0,0,0,False,True,True,325.1953,3.164063
EPSILON GMX * Nike,CounterTerrorist,1288.031,1184.849,164.561,Flash,100,100,0,0,0,False,True,True,325.5469,3.164063
EPSILON GMX * Nike,CounterTerrorist,1288.031,1184.849,164.561,Flash,100,100,0,0,0,False,True,True,325.5469,3.164063
EPSILON GMX * Nike,CounterTerrorist,1288.031,1184.849,164.561,Flash,100,100,0,0,0,False,True,True,325.5469,3.164063
EPSILON GMX * Nike,CounterTerrorist,1288.031,1184.849,164.561,Flash,100,100,0,0,0,False,True,True,325.5469,3.515625
EPSILON GMX * Nike,CounterTerrorist,1288.031,1184.849,164.561,Flash,100,100,0,0,0,False,True,True,325.5469,3.515625
EPSILON GMX * Nike,CounterTerrorist,1288.031,1184.849,164.561,Flash,100,100,0,0,0,False,True,True,325.5469,3.515625
EPSILON GMX * Nike,CounterTerrorist,1288.031,1184.849,164.561,Flash,100,100,0,0,0,False,True,True,325.5469,3.515625
EPSILON GMX * Nike,CounterTerrorist,1288.031,1184.849,164.561,Flash,100,100,0,0,0,False,True,True,325.5469,3.515625
EPSILON GMX * Nike,CounterTerrorist,1288.031,1184.849,164.561,Flash,100,100,0,0,0,False,True,True,325.5469,3.515625
EPSILON GMX * Nike,CounterTerrorist,1288.031,1184.849,164.561,Flash,100,100,0,0,0,False,True,True,325.5469,3.515625
EPSILON GMX * Nike,CounterTerrorist,1288.031,1184.849,164.561,Flash,100,100,0,0,0,False,True,True,325.5469,3.515625
EPSILON GMX * Nike,CounterTerrorist,1288.031,1184.849,164.561,Flash,100,100,0,0,0,False,True,True,325.5469,3.515625
EPSILON GMX * Nike,CounterTerrorist,1288.031,1184.849,164.561,Flash,100,100,0,0,0,False,True,True,325.5469,3.515625
EPSILON GMX * Nike,CounterTerrorist,1288.031,1184.849,164.561,Flash,100,100,0,0,0,False,True,True,325.5469,3.515625
EPSILON GMX * Nike,CounterTerrorist,1288.031,1184.849,164.561,M4A4,100,100,0,0,0,False,True,True,325.8984,3.515625
EPSILON GMX * Nike,CounterTerrorist,1288.031,1184.849,164.561,M4A4,100,100,0,0,0,False,True,True,325.8984,3.515625
EPSILON GMX * Nike,CounterTerrorist,1288.031,1184.849,164.561,M4A4,100,100,0,0,0,False,True,True,326.25,3.867188
EPSILON GMX * Nike,CounterTerrorist,1288.031,1184.849,164.561,M4A4,100,100,0,0,0,False,True,True,327.3047,4.921875
EPSILON GMX * Nike,CounterTerrorist,1288.031,1184.849,164.561,M4A4,100,100,0,0,0,False,True,True,329.4141,5.976563
EPSILON GMX * Nike,CounterTerrorist,1288.031,1184.849,164.561,M4A4,100,100,0,0,0,False,True,True,335.0391,9.84375
EPSILON GMX * Nike,CounterTerrorist,1288.031,1184.849,164.561,M4A4,100,100,0,0,0,False,True,True,338.9063,12.30469
EPSILON GMX * Nike,CounterTerrorist,1288.031,1184.849,164.561,M4A4,100,100,0,0,0,False,True,True,339.9609,13.35938
EPSILON GMX * Nike,CounterTerrorist,1288.031,1184.849,164.561,M4A4,100,100,0,0,0,False,True,True,339.9609,13.35938
EPSILON GMX * Nike,CounterTerrorist,1288.031,1184.849,164.561,M4A4,100,100,0,0,0,False,True,True,339.9609,13.35938
EPSILON GMX * Nike,CounterTerrorist,1288.031,1184.849,164.561,M4A4,100,100,0,0,0,False,True,True,339.9609,13.35938
EPSILON GMX * Nike,CounterTerrorist,1288.031,1184.849,164.561,M4A4,100,100,0,0,0,False,True,True,339.9609,13.35938
EPSILON GMX * Nike,CounterTerrorist,1288.031,1184.849,164.561,M4A4,100,100,0,0,0,False,True,True,339.9609,13.35938
EPSILON GMX * Nike,CounterTerrorist,1288.031,1184.849,164.561,M4A4,100,100,0,0,0,False,True,True,339.9609,13.35938
EPSILON GMX * Nike,CounterTerrorist,1288.031,1184.849,164.561,M4A4,100,100,0,0,0,False,True,True,339.9609,13.35938
EPSILON GMX * Nike,CounterTerrorist,1288.031,1184.849,164.561,M4A4,100,100,0,0,0,False,True,True,339.9609,13.35938
EPSILON GMX * Nike,CounterTerrorist,1288.031,1184.849,164.561,M4A4,100,100,0,0,0,False,True,True,339.9609,13.35938
EPSILON GMX * Nike,CounterTerrorist,1288.031,1184.849,164.561,M4A4,100,100,0,0,0,False,True,True,339.9609,13.35938
EPSILON GMX * Nike,CounterTerrorist,1288.031,1184.849,164.561,M4A4,100,100,0,0,0,False,True,True,339.9609,13.35938
EPSILON GMX * Nike,CounterTerrorist,1288.031,1184.849,164.561,M4A4,100,100,0,0,0,False,True,True,340.3125,12.65625
EPSILON GMX * Nike,CounterTerrorist,1288.031,1184.849,164.561,M4A4,100,100,0,0,0,False,True,True,340.3125,12.30469
EPSILON GMX * Nike,CounterTerrorist,1288.031,1184.849,164.561,M4A4,100,100,0,0,0,False,True,True,340.3125,11.60156
EPSILON GMX * Nike,CounterTerrorist,1288.031,1184.849,164.561,M4A4,100,100,0,0,0,False,True,True,340.3125,11.25
EPSILON GMX * Nike,CounterTerrorist,1288.031,1184.849,164.561,M4A4,100,100,0,0,0,False,True,True,340.6641,10.89844
EPSILON GMX * Nike,CounterTerrorist,1288.031,1184.849,164.561,M4A4,100,100,0,0,0,False,True,True,340.6641,10.89844
EPSILON GMX * Nike,CounterTerrorist,1288.031,1184.849,164.561,M4A4,100,100,0,0,0,False,True,True,340.6641,10.89844
EPSILON GMX * Nike,CounterTerrorist,1288.031,1184.849,164.561,M4A4,100,100,0,0,0,False,True,True,340.6641,10.89844
EPSILON GMX * Nike,CounterTerrorist,1288.031,1184.849,164.561,M4A4,100,100,0,0,0,False,True,True,340.6641,10.89844
EPSILON GMX * Nike,CounterTerrorist,1288.031,1184.849,164.561,M4A4,100,100,0,0,0,False,True,True,340.6641,10.89844
EPSILON GMX * Nike,CounterTerrorist,1288.031,1184.849,164.561,M4A4,100,100,0,0,0,False,True,True,340.6641,10.89844
EPSILON GMX * Nike,CounterTerrorist,1288.031,1184.849,164.561,M4A4,100,100,0,0,0,False,True,True,340.6641,10.89844
EPSILON GMX * Nike,CounterTerrorist,1288.031,1184.849,164.561,M4A4,100,100,0,0,0,False,True,True,340.6641,10.89844
EPSILON GMX * Nike,CounterTerrorist,1288.031,1184.849,164.561,M4A4,100,100,0,0,0,False,True,True,340.6641,10.89844
EPSILON GMX * Nike,CounterTerrorist,1288.031,1184.849,164.561,M4A4,100,100,0,0,0,False,True,True,340.6641,10.89844
EPSILON GMX * Nike,CounterTerrorist,1288.031,1184.849,164.561,M4A4,100,100,0,0,0,False,True,True,340.6641,10.54688
EPSILON GMX * Nike,CounterTerrorist,1288.031,1184.849,164.561,M4A4,100,100,0,0,0,False,True,True,340.6641,10.54688
EPSILON GMX * Nike,CounterTerrorist,1288.031,1184.849,164.561,M4A4,100,100,0,0,0,False,True,True,340.6641,10.54688
EPSILON GMX * Nike,CounterTerrorist,1288.031,1184.849,164.561,M4A4,100,100,0,0,0,False,True,True,340.6641,10.54688
EPSILON GMX * Nike,CounterTerrorist,1288.031,1184.849,164.561,M4A4,100,100,0,0,0,False,True,True,340.6641,10.54688
EPSILON GMX * Nike,CounterTerrorist,1288.031,1184.849,164.561,M4A4,100,100,0,0,0,False,True,True,340.6641,10.54688
EPSILON GMX * Nike,CounterTerrorist,1288.031,1184.849,164.561,M4A4,100,100,0,0,0,False,True,True,340.6641,10.54688
EPSILON GMX * Nike,CounterTerrorist,1288.031,1184.849,164.561,M4A4,100,100,0,0,0,False,True,True,340.6641,10.54688
EPSILON GMX * Nike,CounterTerrorist,1288.031,1184.849,164.561,M4A4,100,100,0,0,0,False,True,True,340.6641,10.54688
EPSILON GMX * Nike,CounterTerrorist,1288.031,1184.849,164.561,M4A4,100,100,0,0,0,False,True,True,340.6641,10.54688
EPSILON GMX * Nike,CounterTerrorist,1288.031,1184.849,164.561,M4A4,100,100,0,0,0,False,True,True,340.6641,10.54688
EPSILON GMX * Nike,CounterTerrorist,1288.031,1184.849,164.561,M4A4,100,100,0,0,0,False,True,True,340.6641,10.54688
EPSILON GMX * Nike,CounterTerrorist,1288.031,1184.849,164.561,M4A4,100,100,0,0,0,False,True,True,340.6641,10.54688
EPSILON GMX * Nike,CounterTerrorist,1288.031,1184.849,164.561,M4A4,100,100,0,0,0,False,True,True,340.6641,10.54688
EPSILON GMX * Nike,CounterTerrorist,1288.031,1184.849,164.561,M4A4,100,100,0,0,0,False,True,True,340.6641,10.54688
EPSILON GMX * Nike,CounterTerrorist,1288.031,1184.849,164.561,M4A4,100,100,0,0,0,False,True,True,340.6641,10.54688
EPSILON GMX * Nike,CounterTerrorist,1288.031,1184.849,164.561,M4A4,100,100,0,0,0,False,True,True,340.6641,10.54688
EPSILON GMX * Nike,CounterTerrorist,1288.031,1184.849,164.561,M4A4,100,100,0,0,0,False,True,True,340.6641,10.54688
EPSILON GMX * Nike,CounterTerrorist,1288.031,1184.849,164.561,M4A4,100,100,0,0,0,False,True,True,340.6641,10.54688
EPSILON GMX * Nike,CounterTerrorist,1288.031,1184.849,164.561,M4A4,100,100,0,0,0,False,True,True,340.6641,10.54688
EPSILON GMX * Nike,CounterTerrorist,1288.031,1184.849,164.561,M4A4,100,100,0,0,0,False,True,True,340.6641,10.54688
EPSILON GMX * Nike,CounterTerrorist,1288.031,1184.849,164.561,M4A4,100,100,0,0,0,False,True,True,340.6641,10.54688
EPSILON GMX * Nike,CounterTerrorist,1288.031,1184.849,164.561,M4A4,100,100,0,0,0,False,True,True,340.6641,10.54688
EPSILON GMX * Nike,CounterTerrorist,1288.031,1184.849,164.561,M4A4,100,100,0,0,0,False,True,True,340.6641,10.54688
EPSILON GMX * Nike,CounterTerrorist,1288.031,1184.849,164.561,M4A4,100,100,0,0,0,False,True,True,340.6641,10.54688
EPSILON GMX * Nike,CounterTerrorist,1288.031,1184.849,164.561,M4A4,100,100,0,0,0,False,True,True,340.6641,10.54688
EPSILON GMX * Nike,CounterTerrorist,1288.031,1184.849,164.561,M4A4,100,100,0,0,0,False,True,True,340.6641,10.54688
EPSILON GMX * Nike,CounterTerrorist,1288.031,1184.849,164.561,M4A4,100,100,0,0,0,False,True,True,340.6641,10.54688
EPSILON GMX * Nike,CounterTerrorist,1288.031,1184.849,164.561,M4A4,100,100,0,0,0,False,True,True,340.6641,10.54688
EPSILON GMX * Nike,CounterTerrorist,1288.031,1184.849,164.561,M4A4,100,100,0,0,0,False,True,True,340.6641,10.54688
EPSILON GMX * Nike,CounterTerrorist,1288.031,1184.849,164.561,M4A4,100,100,0,0,0,False,True,True,340.6641,10.54688
EPSILON GMX * Nike,CounterTerrorist,1288.031,1184.849,164.561,M4A4,100,100,0,0,0,False,True,True,340.6641,10.54688
EPSILON GMX * Nike,CounterTerrorist,1288.031,1184.849,164.561,M4A4,100,100,0,0,0,False,True,True,340.6641,10.54688
EPSILON GMX * Nike,CounterTerrorist,1288.031,1184.849,164.561,M4A4,100,100,0,0,0,False,True,True,340.6641,10.54688
EPSILON GMX * Nike,CounterTerrorist,1288.031,1184.849,164.561,M4A4,100,100,0,0,0,False,True,True,340.6641,10.54688
EPSILON GMX * Nike,CounterTerrorist,1288.031,1184.849,164.561,M4A4,100,100,0,0,0,False,True,True,340.6641,10.54688
EPSILON GMX * Nike,CounterTerrorist,1288.031,1184.849,164.561,M4A4,100,100,0,0,0,False,True,True,337.5,9.84375
EPSILON GMX * Nike,CounterTerrorist,1288.031,1184.849,164.561,M4A4,100,100,0,0,0,False,True,True,329.7656,8.789063
EPSILON GMX * Nike,CounterTerrorist,1288.031,1184.849,164.561,M4A4,100,100,0,0,0,False,True,True,297.0703,8.085938
EPSILON GMX * Nike,CounterTerrorist,1288.031,1184.849,164.561,M4A4,100,100,0,0,0,False,True,True,260.5078,8.4375
EPSILON GMX * Nike,CounterTerrorist,1288.031,1184.849,164.561,M4A4,100,100,0,0,0,False,True,True,230.9766,8.085938
EPSILON GMX * Nike,CounterTerrorist,1288.031,1184.849,164.561,M4A4,100,100,0,0,0,False,True,True,198.9844,5.273438
EPSILON GMX * Nike,CounterTerrorist,1288.031,1184.849,164.561,M4A4,100,100,0,0,0,False,True,True,194.0625,4.21875
EPSILON GMX * Nike,CounterTerrorist,1288.031,1184.849,164.561,M4A4,100,100,0,0,0,False,True,True,200.7422,7.03125
EPSILON GMX * Nike,CounterTerrorist,1288.031,1184.849,164.561,M4A4,100,100,0,0,0,False,True,True,230.625,9.492188
EPSILON GMX * Nike,CounterTerrorist,1288.031,1184.849,164.561,M4A4,100,100,0,0,0,False,True,True,267.5391,9.140625
EPSILON GMX * Nike,CounterTerrorist,1288.031,1184.849,164.561,M4A4,100,100,0,0,0,False,True,True,293.5547,7.734375
EPSILON GMX * Nike,CounterTerrorist,1288.031,1184.849,164.561,M4A4,100,100,0,0,0,False,True,True,323.0859,4.570313
EPSILON GMX * Nike,CounterTerrorist,1288.031,1184.849,164.561,M4A4,100,100,0,0,0,False,True,True,334.3359,2.460938
EPSILON GMX * Nike,CounterTerrorist,1288.031,1184.849,164.561,M4A4,100,100,0,0,0,False,True,True,342.4219,0.3515625
EPSILON GMX * Nike,CounterTerrorist,1288.031,1184.849,164.561,M4A4,100,100,0,0,0,False,True,True,344.5313,359.6484
EPSILON GMX * Nike,CounterTerrorist,1288.031,1184.849,164.561,M4A4,100,100,0,0,0,False,True,True,344.5313,359.6484
EPSILON GMX * Nike,CounterTerrorist,1288.031,1184.849,164.561,M4A4,100,100,0,0,0,False,True,True,344.5313,359.6484
EPSILON GMX * Nike,CounterTerrorist,1288.031,1184.849,164.561,M4A4,100,100,0,0,0,False,True,True,344.5313,359.6484
EPSILON GMX * Nike,CounterTerrorist,1288.031,1184.849,164.561,M4A4,100,100,0,0,0,False,True,True,344.8828,359.6484
EPSILON GMX * Nike,CounterTerrorist,1288.031,1184.849,164.561,M4A4,100,100,0,0,0,False,True,True,344.1797,359.2969
EPSILON GMX * Nike,CounterTerrorist,1288.031,1184.849,164.561,M4A4,100,100,0,0,0,False,True,True,344.1797,359.2969
EPSILON GMX * Nike,CounterTerrorist,1288.031,1184.849,164.561,Flash,100,100,0,0,0,False,True,True,344.1797,359.2969
EPSILON GMX * Nike,CounterTerrorist,1288.031,1184.849,164.561,Flash,100,100,0,0,0,False,True,True,343.4766,359.2969
EPSILON GMX * Nike,CounterTerrorist,1288.031,1184.849,164.561,Flash,100,100,0,0,0,False,True,True,341.7188,358.5938
EPSILON GMX * Nike,CounterTerrorist,1288.031,1184.849,164.561,Flash,100,100,0,0,0,False,True,True,336.7969,356.8359
EPSILON GMX * Nike,CounterTerrorist,1288.031,1184.849,164.561,Flash,100,100,0,0,0,False,True,True,331.1719,353.6719
EPSILON GMX * Nike,CounterTerrorist,1288.031,1184.849,164.561,Flash,100,100,0,0,0,False,True,True,325.8984,350.1563
EPSILON GMX * Nike,CounterTerrorist,1288.031,1184.849,164.561,Flash,100,100,0,0,0,False,True,True,318.8672,341.7188
EPSILON GMX * Nike,CounterTerrorist,1288.031,1184.849,164.561,Flash,100,100,0,0,0,False,True,True,316.4063,336.0938
EPSILON GMX * Nike,CounterTerrorist,1288.031,1184.849,164.561,Flash,100,100,0,0,0,False,True,True,313.5938,327.3047
EPSILON GMX * Nike,CounterTerrorist,1288.031,1184.849,164.561,Flash,100,100,0,0,0,False,True,True,312.5391,318.1641
EPSILON GMX * Nike,CounterTerrorist,1288.031,1184.849,164.561,Flash,100,100,0,0,0,False,True,True,312.1875,313.2422
EPSILON GMX * Nike,CounterTerrorist,1288.031,1184.849,164.561,Flash,100,100,0,0,0,False,True,True,311.8359,305.8594
EPSILON GMX * Nike,CounterTerrorist,1288.031,1184.849,164.561,Flash,100,100,0,0,0,False,True,True,311.8359,301.2891
EPSILON GMX * Nike,CounterTerrorist,1288.031,1184.849,164.561,Flash,100,100,0,0,0,False,True,True,311.4844,298.4766
EPSILON GMX * Nike,CounterTerrorist,1288.031,1184.849,164.561,Flash,100,100,0,0,0,False,True,True,310.7813,295.3125
EPSILON GMX * Nike,CounterTerrorist,1288.031,1184.849,164.561,Flash,100,100,0,0,0,False,True,True,310.7813,293.9063
EPSILON GMX * Nike,CounterTerrorist,1288.031,1184.849,164.561,Flash,100,100,0,0,0,False,True,True,310.4297,292.5
EPSILON GMX * Nike,CounterTerrorist,1288.031,1184.849,164.561,Flash,100,100,0,0,0,False,True,True,310.4297,291.7969
EPSILON GMX * Nike,CounterTerrorist,1288.031,1184.849,164.561,Flash,100,100,0,0,0,False,True,True,310.4297,291.7969
EPSILON GMX * Nike,CounterTerrorist,1288.031,1184.849,164.561,Flash,100,100,0,0,0,False,True,True,310.4297,291.7969
EPSILON GMX * Nike,CounterTerrorist,1288.031,1184.849,164.561,Flash,100,100,0,0,0,False,True,True,310.4297,291.4453
EPSILON GMX * Nike,CounterTerrorist,1288.031,1184.849,164.561,Flash,100,100,0,0,0,False,True,True,310.4297,291.4453
EPSILON GMX * Nike,CounterTerrorist,1288.031,1184.849,164.561,Flash,100,100,0,0,0,False,True,True,310.4297,291.4453
EPSILON GMX * Nike,CounterTerrorist,1288.031,1184.849,164.561,Flash,100,100,0,0,0,False,True,True,310.4297,291.4453
EPSILON GMX * Nike,CounterTerrorist,1288.031,1184.849,164.561,Flash,100,100,0,0,0,False,True,True,310.4297,291.4453
EPSILON GMX * Nike,CounterTerrorist,1288.031,1184.849,164.561,Flash,100,100,0,0,0,False,True,True,310.4297,291.4453
EPSILON GMX * Nike,CounterTerrorist,1288.031,1184.849,164.561,Flash,100,100,0,0,0,False,True,True,310.4297,291.4453
EPSILON GMX * Nike,CounterTerrorist,1288.031,1184.849,164.561,Flash,100,100,0,0,0,False,True,True,310.4297,291.4453
EPSILON GMX * Nike,CounterTerrorist,1288.031,1184.849,164.561,Flash,100,100,0,0,0,False,True,True,310.4297,291.4453
EPSILON GMX * Nike,CounterTerrorist,1288.031,1184.849,164.561,Flash,100,100,0,0,0,False,True,True,310.4297,291.4453
EPSILON GMX * Nike,CounterTerrorist,1288.031,1184.849,164.561,Flash,100,100,0,0,0,False,True,True,310.4297,291.4453
EPSILON GMX * Nike,CounterTerrorist,1288.031,1184.849,164.561,Flash,100,100,0,0,0,False,True,True,310.4297,291.4453
EPSILON GMX * Nike,CounterTerrorist,1288.031,1184.849,164.561,Flash,100,100,0,0,0,False,True,True,310.4297,291.4453
EPSILON GMX * Nike,CounterTerrorist,1288.031,1184.849,164.561,Flash,100,100,0,0,0,False,True,True,310.4297,290.7422
EPSILON GMX * Nike,CounterTerrorist,1288.031,1184.849,164.561,Flash,100,100,0,0,0,False,True,True,310.4297,290.0391
EPSILON GMX * Nike,CounterTerrorist,1288.031,1184.849,164.561,Flash,100,100,0,0,0,False,True,True,310.7813,288.9844
EPSILON GMX * Nike,CounterTerrorist,1288.031,1184.849,164.561,Flash,100,100,0,0,0,False,True,True,310.7813,288.2813
EPSILON GMX * Nike,CounterTerrorist,1288.031,1184.849,164.561,Flash,100,100,0,0,0,False,True,True,310.7813,287.5781
EPSILON GMX * Nike,CounterTerrorist,1288.031,1184.849,164.561,Flash,100,100,0,0,0,False,True,True,311.1328,286.5234
EPSILON GMX * Nike,CounterTerrorist,1288.031,1184.849,164.561,Flash,100,100,0,0,0,False,True,True,311.1328,285.8203
EPSILON GMX * Nike,CounterTerrorist,1288.031,1184.849,164.561,Flash,100,100,0,0,0,False,True,True,311.4844,284.4141
EPSILON GMX * Nike,CounterTerrorist,1288.031,1184.849,164.561,Flash,100,100,0,0,0,False,True,True,311.4844,283.3594
EPSILON GMX * Nike,CounterTerrorist,1288.031,1184.849,164.561,Flash,100,100,0,0,0,False,True,True,311.4844,282.6563
EPSILON GMX * Nike,CounterTerrorist,1288.031,1184.849,164.561,Flash,100,100,0,0,0,False,True,True,311.4844,282.3047
EPSILON GMX * Nike,CounterTerrorist,1288.031,1184.849,164.561,Flash,100,100,0,0,0,False,True,True,311.8359,282.3047
EPSILON GMX * Nike,CounterTerrorist,1288.031,1184.849,164.561,Flash,100,100,0,0,0,False,True,True,311.8359,282.3047
EPSILON GMX * Nike,CounterTerrorist,1288.031,1184.849,164.561,Flash,100,100,0,0,0,False,True,True,311.8359,282.3047
EPSILON GMX * Nike,CounterTerrorist,1288.031,1184.849,164.561,M4A4,100,100,0,0,0,False,True,True,311.8359,282.3047
EPSILON GMX * Nike,CounterTerrorist,1288.031,1184.849,164.561,M4A4,100,100,0,0,0,False,True,True,311.8359,282.3047
EPSILON GMX * Nike,CounterTerrorist,1288.031,1184.849,164.561,M4A4,100,100,0,0,0,False,True,True,311.8359,282.3047
EPSILON GMX * Nike,CounterTerrorist,1288.031,1184.849,164.561,M4A4,100,100,0,0,0,False,True,True,311.8359,282.3047
EPSILON GMX * Nike,CounterTerrorist,1288.031,1184.849,164.561,M4A4,100,100,0,0,0,False,True,True,311.8359,282.6563
EPSILON GMX * Nike,CounterTerrorist,1288.031,1184.849,164.561,M4A4,100,100,0,0,0,False,True,True,312.1875,283.0078
EPSILON GMX * Nike,CounterTerrorist,1288.031,1184.849,164.561,M4A4,100,100,0,0,0,False,True,True,312.5391,283.3594
EPSILON GMX * Nike,CounterTerrorist,1288.031,1184.849,164.561,M4A4,100,100,0,0,0,False,True,True,312.8906,283.7109
EPSILON GMX * Nike,CounterTerrorist,1288.031,1184.849,164.561,M4A4,100,100,0,0,0,False,True,True,313.2422,284.0625
EPSILON GMX * Nike,CounterTerrorist,1288.031,1184.849,164.561,M4A4,100,100,0,0,0,False,True,True,313.2422,284.4141
EPSILON GMX * Nike,CounterTerrorist,1288.031,1184.849,164.561,M4A4,100,100,0,0,0,False,True,True,313.9453,285.1172
EPSILON GMX * Nike,CounterTerrorist,1288.031,1184.849,164.561,M4A4,100,100,0,0,0,False,True,True,314.2969,285.1172
EPSILON GMX * Nike,CounterTerrorist,1288.031,1184.849,164.561,M4A4,100,100,0,0,0,False,True,True,314.6484,285.8203
EPSILON GMX * Nike,CounterTerrorist,1288.031,1184.849,164.561,M4A4,100,100,0,0,0,False,True,True,315,286.5234
EPSILON GMX * Nike,CounterTerrorist,1288.031,1184.849,164.561,M4A4,100,100,0,0,0,False,True,True,315,286.875
EPSILON GMX * Nike,CounterTerrorist,1288.031,1184.849,164.561,M4A4,100,100,0,0,0,False,True,True,315,287.5781
EPSILON GMX * Nike,CounterTerrorist,1288.031,1184.849,164.561,M4A4,100,100,0,0,0,False,True,True,315,288.6328
EPSILON GMX * Nike,CounterTerrorist,1288.031,1184.849,164.561,M4A4,100,100,0,0,0,False,True,True,315,289.3359
EPSILON GMX * Nike,CounterTerrorist,1288.031,1184.849,164.561,M4A4,100,100,0,0,0,False,True,True,315,290.7422
EPSILON GMX * Nike,CounterTerrorist,1288.031,1184.849,164.561,M4A4,100,100,0,0,0,False,True,True,315,291.4453
EPSILON GMX * Nike,CounterTerrorist,1288.031,1184.849,164.561,M4A4,100,100,0,0,0,False,True,True,314.6484,292.8516
EPSILON GMX * Nike,CounterTerrorist,1288.031,1184.849,164.561,M4A4,100,100,0,0,0,False,True,True,314.6484,294.6094
EPSILON GMX * Nike,CounterTerrorist,1288.031,1184.849,164.561,M4A4,100,100,0,0,0,False,True,True,314.6484,295.6641
EPSILON GMX * Nike,CounterTerrorist,1288.031,1184.849,164.561,M4A4,100,100,0,0,0,False,True,True,314.2969,297.0703
EPSILON GMX * Nike,CounterTerrorist,1288.031,1184.849,164.561,M4A4,100,100,0,0,0,False,True,True,314.2969,298.8281
EPSILON GMX * Nike,CounterTerrorist,1288.031,1184.849,164.561,M4A4,100,100,0,0,0,False,True,True,313.9453,300.2344
EPSILON GMX * Nike,CounterTerrorist,1288.031,1184.849,164.561,M4A4,100,100,0,0,0,False,True,True,313.2422,303.0469
EPSILON GMX * Nike,CounterTerrorist,1288.031,1184.849,164.561,M4A4,100,100,0,0,0,False,True,True,312.5391,305.5078
EPSILON GMX * Nike,CounterTerrorist,1288.031,1184.849,164.561,M4A4,100,100,0,0,0,False,True,True,309.7266,310.7813
EPSILON GMX * Nike,CounterTerrorist,1288.031,1184.849,164.561,M4A4,100,100,0,0,0,False,True,True,304.8047,319.2188
EPSILON GMX * Nike,CounterTerrorist,1288.031,1184.849,164.561,M4A4,100,100,0,0,0,False,True,True,300.9375,325.5469
EPSILON GMX * Nike,CounterTerrorist,1288.031,1184.849,164.561,M4A4,100,100,0,0,0,False,True,True,295.3125,336.7969
EPSILON GMX * Nike,CounterTerrorist,1288.031,1184.849,164.561,M4A4,100,100,0,0,0,False,True,True,292.1484,343.8281
EPSILON GMX * Nike,CounterTerrorist,1288.031,1184.849,164.561,M4A4,100,100,0,0,0,False,True,True,290.7422,346.2891
EPSILON GMX * Nike,CounterTerrorist,1288.031,1184.849,164.561,M4A4,100,100,0,0,0,False,True,True,290.7422,346.2891
EPSILON GMX * Nike,CounterTerrorist,1288.031,1184.849,164.561,M4A4,100,100,0,0,0,False,True,True,290.7422,346.2891
EPSILON GMX * Nike,CounterTerrorist,1288.031,1184.849,164.561,M4A4,100,100,0,0,0,False,True,True,290.7422,346.2891
EPSILON GMX * Nike,CounterTerrorist,1288.031,1184.849,164.561,M4A4,100,100,0,0,0,False,True,True,290.7422,346.2891
EPSILON GMX * Nike,CounterTerrorist,1288.031,1184.849,164.561,M4A4,100,100,0,0,0,False,True,True,290.7422,346.2891
EPSILON GMX * Nike,CounterTerrorist,1288.031,1184.849,164.561,M4A4,100,100,0,0,0,False,True,True,290.7422,346.2891
EPSILON GMX * Nike,CounterTerrorist,1288.031,1184.849,164.561,M4A4,100,100,0,0,0,False,True,True,290.7422,346.2891
EPSILON GMX * Nike,CounterTerrorist,1288.031,1184.849,164.561,M4A4,100,100,0,0,0,False,True,True,290.7422,346.2891
EPSILON GMX * Nike,CounterTerrorist,1288.103,1184.876,164.561,M4A4,100,100,9.235311,3.407118,0,False,True,True,290.3906,346.9922
EPSILON GMX * Nike,CounterTerrorist,1288.631,1185.064,164.561,M4A4,100,100,29.19682,10.22555,0,False,True,True,288.6328,348.3984
EPSILON GMX * Nike,CounterTerrorist,1290.067,1185.414,164.5225,M4A4,100,100,55.54935,6.364699,0,False,True,True,285.8203,351.2109
EPSILON GMX * Nike,CounterTerrorist,1292.902,1185.077,164.3859,M4A4,100,100,83.67174,-18.22132,0,False,True,True,283.0078,354.0234
EPSILON GMX * Nike,CounterTerrorist,1295.098,1184.437,164.2595,M4A4,100,100,98.4493,-31.74636,0,False,True,True,281.6016,355.4297
EPSILON GMX * Nike,CounterTerrorist,1298.507,1184.031,164.0952,M4A4,100,100,115.0793,0,0,False,True,True,279.8438,356.4844
EPSILON GMX * Nike,CounterTerrorist,1303.412,1184.031,163.8909,M4A4,100,100,132.0695,0,0,False,True,True,278.7891,356.8359
EPSILON GMX * Nike,CounterTerrorist,1306.726,1184.097,163.7563,M4A4,100,100,145.9037,4.090615,0,False,True,True,278.0859,356.8359
EPSILON GMX * Nike,CounterTerrorist,1311.608,1184.312,163.5647,M4A4,100,100,162.1073,8.427475,0,False,True,True,277.3828,356.8359
EPSILON GMX * Nike,CounterTerrorist,1318.353,1184.734,163.3068,M4A4,100,100,179.2722,12.16951,0,False,True,True,275.9766,357.5391
EPSILON GMX * Nike,CounterTerrorist,1324.186,1185.152,163.0866,M4A4,100,100,190.9052,13.9548,0,False,True,True,274.9219,358.2422
EPSILON GMX * Nike,CounterTerrorist,1330.351,1185.609,162.8547,M4A4,100,100,200.9375,14.93196,0,False,True,True,274.2188,358.2422
EPSILON GMX * Nike,CounterTerrorist,1336.803,1186.082,162.4915,M4A4,100,100,209.5917,15.14519,0,False,True,True,273.1641,358.5938
EPSILON GMX * Nike,CounterTerrorist,1343.501,1186.545,162.0966,M4A4,100,100,217.0589,14.56373,0,False,True,True,272.1094,358.9453
EPSILON GMX * Nike,CounterTerrorist,1348.666,1186.873,161.7911,M4A4,100,100,221.974,13.64082,0,False,True,True,271.0547,359.2969
EPSILON GMX * Nike,CounterTerrorist,1355.678,1187.264,161.4738,M4A4,100,100,224.6927,11.75529,0,False,True,True,269.6484,0.3515625
EPSILON GMX * Nike,CounterTerrorist,1362.702,1187.586,161.2191,M4A4,100,100,224.8047,9.373824,0,False,True,True,268.5938,1.757813
EPSILON GMX * Nike,CounterTerrorist,1371.486,1187.877,160.897,M4A4,100,100,224.9158,6.155393,0,False,True,True,267.5391,2.8125
EPSILON GMX * Nike,CounterTerrorist,1376.758,1187.992,160.7927,M4A4,100,100,224.9587,4.31234,0,False,True,True,267.1875,3.164063
EPSILON GMX * Nike,CounterTerrorist,1383.789,1188.081,160.7276,M4A4,100,100,224.9916,1.947296,0,False,True,True,266.8359,3.515625
EPSILON GMX * Nike,CounterTerrorist,1392.578,1188.088,160.6463,M4A4,100,100,224.998,-0.9459686,0,False,True,True,266.4844,3.867188
EPSILON GMX * Nike,CounterTerrorist,1397.851,1188.042,160.5974,M4A4,100,100,224.9865,-2.467652,0,False,True,True,266.1328,3.867188
EPSILON GMX * Nike,CounterTerrorist,1404.881,1187.926,160.5323,M4A4,100,100,224.9567,-4.415109,0,False,True,True,265.7813,4.21875
EPSILON GMX * Nike,CounterTerrorist,1413.667,1187.697,160.451,M4A4,100,100,224.8964,-6.82594,0,False,True,True,265.4297,4.570313
EPSILON GMX * Nike,CounterTerrorist,1418.938,1187.516,160.4022,M4A4,100,100,224.8529,-8.13534,0,False,True,True,265.0781,4.570313
EPSILON GMX * Nike,CounterTerrorist,1425.963,1187.23,160.3371,M4A4,100,100,224.7884,-9.756373,0,False,True,True,265.0781,4.570313
EPSILON GMX * Nike,CounterTerrorist,1434.742,1186.803,160.1099,M4A4,100,100,224.6944,-11.72228,0,False,True,True,264.375,4.570313
EPSILON GMX * Nike,CounterTerrorist,1440.007,1186.508,159.7809,M4A4,100,100,224.6231,-13.01758,0,False,True,True,263.6719,4.21875
EPSILON GMX * Nike,CounterTerrorist,1447.024,1186.059,159.3423,M4A4,100,100,224.483,-15.24442,0,False,True,True,262.2656,4.21875
EPSILON GMX * Nike,CounterTerrorist,1455.786,1185.373,158.7947,M4A4,100,100,224.1581,-19.44608,0,False,True,True,259.1016,3.515625
EPSILON GMX * Nike,CounterTerrorist,1462.782,1184.668,158.3574,M4A4,100,100,223.6542,-24.57219,0,False,True,True,255.9375,3.515625
EPSILON GMX * Nike,CounterTerrorist,1468.016,1184.023,158.0303,M4A4,100,100,223.1187,-29.03532,0,False,True,True,254.1797,3.164063
EPSILON GMX * Nike,CounterTerrorist,1474.972,1182.999,157.5956,M4A4,100,100,222.2659,-34.96943,0,False,True,True,252.7734,3.164063
EPSILON GMX * Nike,CounterTerrorist,1483.626,1181.469,157.2679,M4A4,100,100,221.0674,-41.88353,0,False,True,True,251.7188,3.164063
EPSILON GMX * Nike,CounterTerrorist,1488.795,1180.426,157.2109,M4A4,100,100,220.295,-45.77251,0,False,True,True,251.0156,3.164063
EPSILON GMX * Nike,CounterTerrorist,1497.401,1178.638,168.2751,M4A4,100,100,220.295,-45.77251,267.6184,False,True,True,249.2578,3.164063
EPSILON GMX * Nike,CounterTerrorist,1504.285,1177.208,176.2476,M4A4,100,100,220.295,-45.77251,242.6184,False,True,True,248.5547,3.164063
EPSILON GMX * Nike,CounterTerrorist,1509.448,1176.136,181.7142,M4A4,100,100,220.295,-45.77251,223.8684,False,True,True,248.5547,3.515625
EPSILON GMX * Nike,CounterTerrorist,1518.054,1174.348,189.8488,M4A4,100,100,220.295,-45.77251,192.6184,False,True,True,247.8516,3.515625
EPSILON GMX * Nike,CounterTerrorist,1524.938,1172.918,195.4775,M4A4,100,100,220.295,-45.77251,167.6184,False,True,True,247.8516,3.515625
EPSILON GMX * Nike,CounterTerrorist,1530.101,1171.845,199.1863,M4A4,100,100,220.295,-45.77251,148.8684,False,True,True,247.8516,3.867188
EPSILON GMX * Nike,CounterTerrorist,1538.706,1170.057,204.3912,M4A4,100,100,220.295,-45.77251,117.6184,False,True,True,247.5,4.21875
EPSILON GMX * Nike,CounterTerrorist,1545.591,1168.627,207.6761,Flash,100,100,220.295,-45.77251,92.61838,False,True,True,249.2578,4.570313
EPSILON GMX * Nike,CounterTerrorist,1550.754,1167.555,209.6272,Flash,100,100,220.295,-45.77251,73.86838,False,True,True,255.2344,5.273438
EPSILON GMX * Nike,CounterTerrorist,1557.638,1166.124,211.545,Flash,100,100,220.295,-45.77251,48.86838,False,True,True,274.2188,9.140625
EPSILON GMX * Nike,CounterTerrorist,1566.244,1164.337,212.8436,Flash,100,100,220.295,-45.77251,17.61838,False,True,True,304.8047,14.41406
EPSILON GMX * Nike,CounterTerrorist,1571.407,1163.264,213.0368,Flash,100,100,220.295,-45.77251,-1.131622,False,True,True,323.7891,15.82031
EPSILON GMX * Nike,CounterTerrorist,1578.331,1161.994,212.6108,Incendiary,100,100,225.411,-25.23503,-26.13162,False,True,True,345.9375,17.92969
EPSILON GMX * Nike,CounterTerrorist,1587.308,1162.331,210.9797,Incendiary,100,100,230.845,25.6327,-57.38162,False,True,True,358.9453,19.6875
EPSILON GMX * Nike,CounterTerrorist,1592.716,1163.114,209.4151,Incendiary,100,100,230.7491,34.60267,-76.13162,False,True,True,1.054688,20.39063
EPSILON GMX * Nike,CounterTerrorist,1601.73,1164.474,205.8309,Incendiary,100,100,230.7449,34.80699,-107.3816,False,True,True,1.054688,20.74219
EPSILON GMX * Nike,CounterTerrorist,1607.138,1165.29,203.0945,Incendiary,100,100,230.7449,34.80699,-126.1316,False,True,True,1.054688,20.74219
EPSILON GMX * Nike,CounterTerrorist,1614.349,1166.377,198.7623,Incendiary,100,100,230.7449,34.80699,-151.1316,False,True,True,1.054688,20.74219
EPSILON GMX * Nike,CounterTerrorist,1623.363,1167.737,192.2484,Incendiary,100,100,230.7449,34.80699,-182.3816,False,True,True,1.054688,20.74219
EPSILON GMX * Nike,CounterTerrorist,1628.771,1168.553,187.7541,Incendiary,100,100,230.7449,34.80699,-201.1316,False,True,True,1.054688,20.74219
EPSILON GMX * Nike,CounterTerrorist,1635.982,1169.641,181.0781,Incendiary,100,100,230.7449,34.80699,-226.1316,False,True,True,1.054688,20.74219
EPSILON GMX * Nike,CounterTerrorist,1644.996,1171.001,171.6345,Incendiary,100,100,230.7449,34.80699,-257.3816,False,True,True,1.054688,20.74219
EPSILON GMX * Nike,CounterTerrorist,1650.404,1171.817,165.3824,Incendiary,100,100,230.7449,34.80699,-276.1316,False,True,True,1.054688,20.74219
EPSILON GMX * Nike,CounterTerrorist,1659.417,1173.177,153.9857,Incendiary,100,100,230.7449,34.80699,0,False,True,True,1.054688,20.74219
EPSILON GMX * Nike,CounterTerrorist,1663.564,1173.771,152.1469,Incendiary,100,100,179.0508,24.36136,0,False,True,True,1.054688,20.74219
EPSILON GMX * Nike,CounterTerrorist,1669.325,1174.459,152.1294,Incendiary,100,100,187.5548,20.54709,0,False,True,True,359.6484,18.63281
EPSILON GMX * Nike,CounterTerrorist,1676.822,1174.824,152.0508,Incendiary,100,100,193.1726,-4.90105,0,False,True,True,1.054688,15.11719
EPSILON GMX * Nike,CounterTerrorist,1681.373,1174.378,151.9327,Incendiary,100,100,194.6177,-25.77898,0,False,True,True,1.40625,13.35938
EPSILON GMX * Nike,CounterTerrorist,1687.488,1173.088,151.701,Incendiary,100,100,196.2556,-50.19148,0,False,True,True,1.054688,11.60156
EPSILON GMX * Nike,CounterTerrorist,1695.214,1170.563,151.314,Incendiary,100,100,200.7881,-68.54134,0,False,True,True,0.703125,10.54688
EPSILON GMX * Nike,CounterTerrorist,1700.066,1169.078,151.0816,Incendiary,100,100,210.0004,-60.86487,0,False,True,True,0.3515625,10.54688
EPSILON GMX * Nike,CounterTerrorist,1708.586,1166.96,150.7373,Incendiary,100,100,223.1916,-50.09637,0,False,True,True,0,10.54688
EPSILON GMX * Nike,CounterTerrorist,1713.924,1165.873,150.564,Incendiary,100,100,229.9777,-44.5815,0,False,True,True,0,10.54688
EPSILON GMX * Nike,CounterTerrorist,1721.269,1164.604,150.37,Incendiary,100,100,237.8956,-38.43655,0,False,True,True,359.2969,10.54688
EPSILON GMX * Nike,CounterTerrorist,1730.715,1163.246,150.1068,Incendiary,100,100,242.8539,-32.3569,0,False,True,True,358.5938,10.89844
EPSILON GMX * Nike,CounterTerrorist,1736.414,1162.539,149.9564,Incendiary,100,100,243.2595,-29.15191,0,False,True,True,358.5938,10.89844
EPSILON GMX * Nike,CounterTerrorist,1744.024,1161.699,149.7633,Flash,100,100,243.6617,-25.57341,0,False,True,True,358.5938,10.89844
EPSILON GMX * Nike,CounterTerrorist,1753.551,1160.788,149.5319,Flash,100,100,244.0142,-21.95573,0,False,True,True,358.5938,10.89844
EPSILON GMX * Nike,CounterTerrorist,1759.272,1160.302,149.3975,Flash,100,100,244.1705,-20.14347,0,False,True,True,358.5938,10.89844
EPSILON GMX * Nike,CounterTerrorist,1768.815,1159.576,149.1796,Flash,100,100,244.3673,-17.59557,0,False,True,True,358.5938,10.89844
EPSILON GMX * Nike,CounterTerrorist,1774.544,1159.185,149.0521,Flash,100,100,244.457,-16.30304,0,False,True,True,358.5938,10.89844
EPSILON GMX * Nike,CounterTerrorist,1782.185,1158.705,148.8851,Flash,100,100,244.5521,-14.80789,0,False,True,True,358.5938,10.89844
EPSILON GMX * Nike,CounterTerrorist,1791.74,1158.164,148.6808,Incendiary,100,100,244.6416,-13.24632,0,False,True,True,358.5938,10.89844
EPSILON GMX * Nike,CounterTerrorist,1797.474,1157.866,148.5601,Incendiary,100,100,244.6836,-12.44735,0,False,True,True,358.5938,10.89844
EPSILON GMX * Nike,CounterTerrorist,1805.122,1157.496,148.4012,Incendiary,100,100,244.7291,-11.51822,0,False,True,True,358.5938,10.89844
EPSILON GMX * Nike,CounterTerrorist,1814.682,1157.069,148.2052,Incendiary,100,100,244.7731,-10.54293,0,False,True,True,358.5938,10.89844
EPSILON GMX * Nike,CounterTerrorist,1820.42,1156.83,148.0888,Incendiary,100,100,244.7941,-10.04228,0,False,True,True,358.5938,10.89844
EPSILON GMX * Nike,CounterTerrorist,1829.983,1156.455,147.8967,Incendiary,100,100,244.8224,-9.326514,0,False,True,True,358.5938,10.89844
EPSILON GMX * Nike,CounterTerrorist,1835.721,1156.242,147.7822,Flash,100,100,244.8362,-8.958718,0,False,True,True,358.5938,10.89844
EPSILON GMX * Nike,CounterTerrorist,1843.372,1155.971,147.6306,Flash,100,100,244.8515,-8.529852,0,False,True,True,358.5938,10.89844
EPSILON GMX * Nike,CounterTerrorist,1852.937,1155.648,147.4423,Flash,100,100,244.8668,-8.078531,0,False,True,True,358.5938,10.89844
EPSILON GMX * Nike,CounterTerrorist,1858.676,1155.45,147.4501,Flash,100,100,244.8389,-8.884672,0,False,True,True,354.7266,10.89844
EPSILON GMX * Nike,CounterTerrorist,1866.323,1155.075,147.5656,Flash,100,100,244.5706,-14.49902,0,False,True,True,346.6406,10.54688
EPSILON GMX * Nike,CounterTerrorist,1875.854,1154.22,147.6809,Flash,100,100,243.452,-27.49796,0,False,True,True,338.2031,9.84375
EPSILON GMX * Nike,CounterTerrorist,1881.54,1153.428,147.7147,Flash,100,100,242.1948,-36.96854,0,False,True,True,334.6875,9.140625
EPSILON GMX * Nike,CounterTerrorist,1890.935,1151.612,147.7592,Flash,100,100,239.2738,-52.65981,0,False,True,True,331.5234,8.085938
EPSILON GMX * Nike,CounterTerrorist,1898.36,1149.745,147.7592,Flash,100,100,236.5465,-63.80243,0,False,True,True,330.8203,7.382813
EPSILON GMX * Nike,CounterTerrorist,1903.871,1148.135,147.7545,Flash,100,100,234.4677,-71.06268,0,False,True,True,330.4688,7.382813
EPSILON GMX * Nike,CounterTerrorist,1913.097,1145.606,147.7365,Flash,100,100,238.8244,-54.66193,0,False,True,True,330.4688,7.382813
EPSILON GMX * Nike,CounterTerrorist,1918.741,1144.554,147.7555,Flash,100,100,241.6797,-40.19826,0,False,True,True,330.4688,7.382813
EPSILON GMX * Nike,CounterTerrorist,1926.34,1143.635,147.8418,Flash,100,100,243.8913,-23.28136,0,False,True,True,330.4688,7.382813
EPSILON GMX * Nike,CounterTerrorist,1935.896,1143.148,147.9849,Flash,100,100,244.9327,-5.743621,0,False,True,True,330.1172,7.382813
EPSILON GMX * Nike,CounterTerrorist,1941.638,1143.151,148.1398,Flash,100,100,244.9831,2.881685,0,False,True,True,329.7656,7.382813
EPSILON GMX * Nike,CounterTerrorist,1949.289,1143.428,148.3908,Flash,100,100,244.6974,12.17278,0,False,True,True,328.7109,7.734375
EPSILON GMX * Nike,CounterTerrorist,1958.834,1144.118,148.7187,Flash,100,100,244.0953,21.03502,0,False,True,True,328.3594,7.734375
EPSILON GMX * Nike,CounterTerrorist,1964.554,1144.317,148.906,Flash,100,100,243.9978,2.485576,0,False,True,True,328.3594,7.734375
EPSILON GMX * Nike,CounterTerrorist,1974.081,1143.776,149.1805,Flash,100,100,243.8149,-24.06877,0,False,True,True,328.3594,7.734375
EPSILON GMX * Nike,CounterTerrorist,1979.77,1142.999,149.3249,Flash,100,100,242.1123,-37.50492,0,False,True,True,328.3594,7.734375
EPSILON GMX * Nike,CounterTerrorist,1987.281,1141.52,149.496,Flash,100,100,239.2263,-52.87495,0,False,True,True,328.3594,7.734375
EPSILON GMX * Nike,CounterTerrorist,1996.649,1139.578,149.7053,Flash,100,100,241.4649,-41.46906,0,False,True,True,328.3594,7.734375
EPSILON GMX * Nike,CounterTerrorist,2002.337,1138.795,149.7764,Flash,100,100,243.2117,-29.54799,0,False,True,True,328.3594,7.734375
EPSILON GMX * Nike,CounterTerrorist,2009.965,1138.147,149.7486,Flash,100,100,244.4946,-15.72902,0,False,True,True,328.3594,7.734375
EPSILON GMX * Nike,CounterTerrorist,2019.531,1137.878,149.737,Flash,100,100,244.996,-1.410161,0,False,True,True,328.3594,7.734375
EPSILON GMX * Nike,CounterTerrorist,2025.272,1137.959,149.737,Flash,100,100,244.931,5.813931,0,False,True,True,328.3594,7.734375
EPSILON GMX * Nike,CounterTerrorist,2034.826,1137.535,149.6999,Flash,100,100,244.0741,-21.27978,0,False,True,True,328.3594,7.734375
EPSILON GMX * Nike,CounterTerrorist,2040.523,1136.818,149.624,Flash,100,100,242.4795,-35.05259,0,False,True,True,328.3594,7.734375
EPSILON GMX * Nike,CounterTerrorist,2048.047,1135.407,149.5039,Flash,100,100,239.6707,-50.823,0,False,True,True,328.3594,7.734375
EPSILON GMX * Nike,CounterTerrorist,2057.308,1133.004,149.3273,Flash,100,100,235.1296,-68.841,0,False,True,True,323.0859,7.382813
EPSILON GMX * Nike,CounterTerrorist,2062.758,1131.196,149.2065,Flash,100,100,231.0627,-81.45575,0,False,True,True,316.0547,7.382813
EPSILON GMX * Nike,CounterTerrorist,2071.552,1127.439,148.9755,Flash,100,100,220.4187,-106.4926,0,False,True,True,302.6953,6.679688
EPSILON GMX * Nike,CounterTerrorist,2078.391,1124.006,148.7739,Flash,100,100,219.8133,-108.1994,0,False,True,True,294.2578,5.625
EPSILON GMX * Nike,CounterTerrorist,2083.552,1121.487,148.6248,Flash,100,100,220.2388,-107.3307,0,False,True,True,289.3359,4.21875
EPSILON GMX * Nike,CounterTerrorist,2092.141,1117.267,148.3756,Flash,100,100,219.5018,-108.83,0,False,True,True,285.4688,3.515625
EPSILON GMX * Nike,CounterTerrorist,2097.274,1114.693,148.2244,Flash,100,100,218.7658,-110.3019,0,False,True,True,285.1172,3.515625
EPSILON GMX * Nike,CounterTerrorist,2104.093,1111.213,148.1844,Flash,100,100,217.9021,-111.9986,0,False,True,True,285.1172,3.515625
EPSILON GMX * Nike,CounterTerrorist,2112.583,1106.795,148.2025,Flash,100,100,216.9908,-113.7541,0,False,True,True,285.1172,3.515625
EPSILON GMX * Nike,CounterTerrorist,2117.662,1104.115,148.194,Flash,100,100,216.5207,-114.6463,0,False,True,True,285.1172,3.515625
EPSILON GMX * Nike,CounterTerrorist,2124.417,1100.512,148.1315,Flash,100,100,215.9707,-115.679,0,False,True,True,285.1172,3.515625
EPSILON GMX * Nike,CounterTerrorist,2132.839,1095.967,148.0539,Flash,100,100,215.3893,-116.758,0,False,True,True,285.1172,3.515625
EPSILON GMX * Nike,CounterTerrorist,2137.883,1093.222,148.0076,Flash,100,100,215.0892,-117.31,0,False,True,True,285.1172,3.515625
EPSILON GMX * Nike,CounterTerrorist,2146.274,1088.62,147.9308,Flash,100,100,214.6581,-118.097,0,False,True,True,285.1172,3.515625
EPSILON GMX * Nike,CounterTerrorist,2151.302,1085.846,147.885,Flash,100,100,214.4357,-118.5005,0,False,True,True,285.1172,3.515625
EPSILON GMX * Nike,CounterTerrorist,2157.993,1082.125,147.8241,Flash,100,100,213.8123,-119.6216,0,False,True,True,282.6563,3.164063
EPSILON GMX * Nike,CounterTerrorist,2166.279,1077.337,147.75,Flash,100,100,210.5015,-125.356,0,False,True,True,274.5703,2.109375
EPSILON GMX * Nike,CounterTerrorist,2171.155,1074.305,147.7791,Flash,100,100,206.7276,-131.4864,0,False,True,True,269.2969,1.40625
EPSILON GMX * Nike,CounterTerrorist,2177.491,1070.009,148.1061,Flash,100,100,200.2227,-141.1944,0,False,True,True,264.0234,359.6484
EPSILON GMX * Nike,CounterTerrorist,2185.107,1064.215,148.829,Flash,100,100,191.4735,-152.8492,0,False,True,True,261.9141,358.9453
EPSILON GMX * Nike,CounterTerrorist,2189.517,1060.537,149.2813,Flash,100,100,186.5436,-158.8285,0,False,True,True,261.5625,358.5938
EPSILON GMX * Nike,CounterTerrorist,2196.468,1054.068,150.0643,Flash,100,100,165.5759,-172.7234,0,False,True,True,261.5625,358.5938
EPSILON GMX * Nike,CounterTerrorist,2199.992,1049.831,150.4365,Flash,100,100,143.0477,-184.6348,0,False,True,True,261.5625,358.5938
EPSILON GMX * Nike,CounterTerrorist,2203.935,1043.785,150.956,Flash,100,100,116.4798,-198.4909,0,False,True,True,260.8594,357.8906
EPSILON GMX * Nike,CounterTerrorist,2207.804,1035.683,151.6293,Flash,100,100,88.10991,-213.0191,0,False,True,True,260.5078,357.5391
EPSILON GMX * Nike,CounterTerrorist,2209.637,1030.572,151.5731,Flash,100,100,73.45274,-220.4825,0,False,True,True,260.5078,357.5391
EPSILON GMX * Nike,CounterTerrorist,2212.001,1021.703,151.5273,Flash,100,100,52.40405,-231.1578,0,False,True,True,260.1563,357.5391
EPSILON GMX * Nike,CounterTerrorist,2213.353,1014.336,151.5239,Flash,100,100,37.99944,-238.3043,0,False,True,True,259.8047,357.5391
EPSILON GMX * Nike,CounterTerrorist,2214.091,1008.677,151.5476,Flash,100,100,28.39307,-242.9628,0,False,True,True,259.8047,357.1875
EPSILON GMX * Nike,CounterTerrorist,2214.897,999.9266,151.5476,M4A4,100,100,15.38582,-224.4733,0,False,True,True,259.4531,357.1875
EPSILON GMX * Nike,CounterTerrorist,2215.148,994.6593,151.5695,M4A4,100,100,8.448746,-224.8413,0,False,True,True,259.4531,357.1875
EPSILON GMX * Nike,CounterTerrorist,2215.253,987.6292,151.6054,M4A4,100,100,0.4912041,-224.9995,0,False,True,True,259.4531,357.1875
EPSILON GMX * Nike,CounterTerrorist,2215.075,978.8423,151.6862,M4A4,100,100,-7.684,-224.8688,0,False,True,True,259.4531,357.1875
EPSILON GMX * Nike,CounterTerrorist,2214.83,973.5747,151.7366,M4A4,100,100,-11.78955,-224.6909,0,False,True,True,259.4531,357.1875
EPSILON GMX * Nike,CounterTerrorist,2214.368,966.5587,151.8123,M4A4,100,100,-16.47403,-224.3961,0,False,True,True,259.4531,357.1875
EPSILON GMX * Nike,CounterTerrorist,2213.779,957.8076,151.8925,M4A4,100,100,-7.001221,-223.5587,0,False,True,True,259.4531,357.1875
EPSILON GMX * Nike,CounterTerrorist,2213.882,952.581,151.9355,M4A4,100,100,9.920835,-222.7372,0,False,True,True,259.4531,357.1875
EPSILON GMX * Nike,CounterTerrorist,2214.852,943.9085,151.9316,M4A4,100,100,34.14939,-221.5608,0,False,True,True,259.4531,357.1875
EPSILON GMX * Nike,CounterTerrorist,2215.847,938.733,151.9028,M4A4,100,100,46.36289,-220.1715,0,False,True,True,259.1016,357.1875
EPSILON GMX * Nike,CounterTerrorist,2217.561,931.9149,151.8394,M4A4,100,100,59.54905,-216.9767,0,False,True,True,258.0469,357.1875
EPSILON GMX * Nike,CounterTerrorist,2220.195,923.5309,151.728,M4A4,100,100,72.15105,-213.1179,0,False,True,True,256.9922,356.8359
EPSILON GMX * Nike,CounterTerrorist,2221.979,918.5687,151.6479,M4A4,100,100,78.00187,-211.0467,0,False,True,True,256.2891,356.4844
EPSILON GMX * Nike,CounterTerrorist,2224.543,912.0218,151.5288,M4A4,100,100,84.2794,-208.6192,0,False,True,True,255.5859,356.4844
EPSILON GMX * Nike,CounterTerrorist,2227.463,903.764,151.3986,M4A4,100,100,64.23747,-214.6103,0,False,True,True,255.5859,356.4844
EPSILON GMX * Nike,CounterTerrorist,2228.745,898.6664,151.3511,M4A4,100,100,50.12778,-218.8847,0,False,True,True,255.2344,356.4844
EPSILON GMX * Nike,CounterTerrorist,2230.209,890.0038,151.3157,M4A4,100,100,29.47485,-223.0611,0,False,True,True,255.2344,356.4844
EPSILON GMX * Nike,CounterTerrorist,2230.85,883.0029,151.3145,M4A4,100,100,15.39866,-224.4725,0,False,True,True,254.8828,356.4844
EPSILON GMX * Nike,CounterTerrorist,2231.064,877.7342,151.3342,M4A4,100,100,6.125154,-224.9166,0,False,True,True,254.5313,356.4844
EPSILON GMX * Nike,CounterTerrorist,2231.814,868.9801,151.3532,M4A4,100,100,27.25174,-223.3436,0,False,True,True,254.1797,356.4844
EPSILON GMX * Nike,CounterTerrorist,2232.619,863.769,151.3367,M4A4,100,100,37.76705,-221.8077,0,False,True,True,253.8281,356.1328
EPSILON GMX * Nike,CounterTerrorist,2234.039,856.8833,151.2924,M4A4,100,100,49.74639,-219.4318,0,False,True,True,253.8281,356.1328
EPSILON GMX * Nike,CounterTerrorist,2236.221,848.3699,151.2105,M4A4,100,100,54.77396,-218.2311,0,False,True,True,253.8281,356.1328
EPSILON GMX * Nike,CounterTerrorist,2237.285,843.2057,151.1773,M4A4,100,100,40.87752,-221.2556,0,False,True,True,253.8281,356.1328
EPSILON GMX * Nike,CounterTerrorist,2238.237,836.2408,151.1841,M4A4,100,100,24.57074,-223.6544,0,False,True,True,253.8281,356.1328
EPSILON GMX * Nike,CounterTerrorist,2238.786,827.4708,151.3694,M4A4,100,100,7.50166,-224.8749,0,False,True,True,253.8281,356.1328
EPSILON GMX * Nike,CounterTerrorist,2238.825,822.1978,151.5167,M4A4,100,100,-1.158431,-224.997,0,False,True,True,253.8281,356.1328
EPSILON GMX * Nike,CounterTerrorist,2238.486,813.4162,151.8118,M4A4,100,100,-13.32173,-224.6053,0,False,True,True,253.8281,356.1328
EPSILON GMX * Nike,CounterTerrorist,2238.077,808.1588,152.014,M4A4,100,100,-19.46235,-224.1567,0,False,True,True,253.8281,356.1328
EPSILON GMX * Nike,CounterTerrorist,2237.322,801.1685,152.3087,M4A4,100,100,-26.87628,-223.389,0,False,True,True,253.125,355.7813
EPSILON GMX * Nike,CounterTerrorist,2236.409,792.4401,152.4415,M4A4,100,100,-14.00721,-224.0784,0,False,True,True,252.0703,355.4297
EPSILON GMX * Nike,CounterTerrorist,2236.309,787.1724,152.4637,M4A4,100,100,0.3816697,-224.9997,0,False,True,True,251.7188,355.4297
EPSILON GMX * Nike,CounterTerrorist,2236.653,780.1511,152.425,M4A4,100,100,17.0297,-224.3546,0,False,True,True,251.7188,355.4297
EPSILON GMX * Nike,CounterTerrorist,2237.732,771.4306,152.2918,M4A4,100,100,34.19608,-222.3862,0,False,True,True,251.7188,355.4297
EPSILON GMX * Nike,CounterTerrorist,2238.668,766.2413,152.1741,M4A4,100,100,42.71091,-220.909,0,False,True,True,251.3672,355.0781
EPSILON GMX * Nike,CounterTerrorist,2240.621,757.6728,151.9229,M4A4,100,100,54.44586,-218.3132,0,False,True,True,251.3672,355.0781
EPSILON GMX * Nike,CounterTerrorist,2242.474,750.8904,151.686,M4A4,100,100,62.02447,-216.2822,0,False,True,True,251.3672,355.0781
EPSILON GMX * Nike,CounterTerrorist,2244.003,745.8436,151.4912,M4A4,100,100,66.75778,-214.8683,0,False,True,True,251.0156,355.0781
EPSILON GMX * Nike,CounterTerrorist,2246.195,739.1628,151.1345,M4A4,100,100,72.02853,-213.1593,0,False,True,True,251.0156,355.0781
EPSILON GMX * Nike,CounterTerrorist,2248.531,732.5314,150.7576,M4A4,100,100,76.31353,-211.6631,0,False,True,True,250.6641,355.0781
EPSILON GMX * Nike,CounterTerrorist,2250.982,725.9409,150.365,M4A4,100,100,79.51809,-210.4801,0,False,True,True,250.3125,354.7266
EPSILON GMX * Nike,CounterTerrorist,2254.153,717.7441,149.88,M4A4,100,100,82.10898,-209.483,0,False,True,True,249.2578,354.7266
EPSILON GMX * Nike,CounterTerrorist,2256.093,712.8404,149.5871,M4A4,100,100,83.04982,-209.1117,0,False,True,True,248.5547,354.7266
EPSILON GMX * Nike,CounterTerrorist,2258.703,706.3116,149.1934,M4A4,100,100,83.76239,-208.8273,0,False,True,True,247.8516,355.0781
EPSILON GMX * Nike,CounterTerrorist,2261.99,698.1601,148.6983,M4A4,100,100,84.36062,-208.5864,0,False,True,True,247.8516,355.0781
EPSILON GMX * Nike,CounterTerrorist,2263.972,693.2733,148.4,M4A4,100,100,84.66774,-208.4619,0,False,True,True,247.8516,355.0781
EPSILON GMX * Nike,CounterTerrorist,2267.29,685.1346,147.9009,M4A4,100,100,85.10678,-208.2831,0,False,True,True,247.8516,355.0781
EPSILON GMX * Nike,CounterTerrorist,2269.288,680.2545,147.6004,M4A4,100,100,85.33234,-208.1908,0,False,True,True,247.8516,355.0781
EPSILON GMX * Nike,CounterTerrorist,2271.96,673.7507,147.1988,M4A4,100,100,85.59532,-208.0828,0,False,True,True,247.8516,355.0781
EPSILON GMX * Nike,CounterTerrorist,2275.31,665.6252,146.6954,M4A4,100,100,85.87199,-207.9688,0,False,True,True,247.8516,355.0781
EPSILON GMX * Nike,CounterTerrorist,2277.325,660.7519,146.3928,M4A4,100,100,86.01422,-207.91,0,False,True,True,247.8516,355.0781
EPSILON GMX * Nike,CounterTerrorist,2280.016,654.256,145.9887,M4A4,100,100,86.18011,-207.8412,0,False,True,True,247.8516,355.0781
EPSILON GMX * Nike,CounterTerrorist,2283.386,646.139,145.4827,M4A4,100,100,86.35474,-207.7688,0,False,True,True,247.8516,355.0781
EPSILON GMX * Nike,CounterTerrorist,2285.411,641.2694,145.1789,M4A4,100,100,86.34412,-207.7732,0,False,True,True,247.5,355.0781
EPSILON GMX * Nike,CounterTerrorist,2288.819,633.1788,144.6682,M4A4,100,100,91.69984,-204.1475,0,False,True,True,246.0938,355.0781
EPSILON GMX * Nike,CounterTerrorist,2291.22,628.5565,144.3162,M4A4,100,100,107.5966,-193.9246,0,False,True,True,245.0391,354.7266
EPSILON GMX * Nike,CounterTerrorist,2294.947,622.7253,143.7795,M4A4,100,100,125.9217,-182.4748,0,False,True,True,244.3359,354.7266
EPSILON GMX * Nike,CounterTerrorist,2300.326,615.8786,143.1169,M4A4,100,100,145.0254,-170.8179,0,False,True,True,243.6328,354.7266
EPSILON GMX * Nike,CounterTerrorist,2303.871,611.9778,142.7737,M4A4,100,100,153.9813,-164.0572,0,False,True,True,243.6328,354.375
EPSILON GMX * Nike,CounterTerrorist,2308.865,607.0297,142.3052,M4A4,100,100,163.0578,-155.0391,0,False,True,True,243.2813,354.375
EPSILON GMX * Nike,CounterTerrorist,2315.447,601.2067,141.918,M4A4,100,100,171.7747,-145.3219,0,False,True,True,243.2813,354.0234
EPSILON GMX * Nike,CounterTerrorist,2319.538,597.8795,141.806,M4A4,100,100,175.8612,-140.3489,0,False,True,True,242.9297,354.0234
EPSILON GMX * Nike,CounterTerrorist,2324.82,593.246,141.6501,M4A4,100,100,163.9342,-154.0469,0,False,True,True,242.5781,353.6719
EPSILON GMX * Nike,CounterTerrorist,2329.812,588.2945,141.4618,M4A4,100,100,161.4937,-156.6677,0,False,True,True,242.2266,353.6719
EPSILON GMX * Nike,CounterTerrorist,2334.999,583.548,141.2755,M4A4,100,100,168.4574,-149.1547,0,False,True,True,241.875,353.6719
EPSILON GMX * Nike,CounterTerrorist,2341.741,577.9111,141.0518,M4A4,100,100,175.102,-141.2951,0,False,True,True,241.5234,353.6719
EPSILON GMX * Nike,CounterTerrorist,2345.895,574.6622,140.9218,M4A4,100,100,178.2225,-137.338,0,False,True,True,241.5234,353.6719
EPSILON GMX * Nike,CounterTerrorist,2350.961,570.7579,140.8251,M4A4,100,100,152.9556,-117.8674,0,False,True,True,241.1719,353.6719
EPSILON GMX * Nike,CounterTerrorist,2356.229,566.6836,140.8855,M4A4,100,100,117.7288,-92.60928,0,False,True,True,241.1719,353.6719
EPSILON GMX * Nike,CounterTerrorist,2358.393,564.8898,140.9015,M4A4,100,100,80.09875,-68.79674,0,False,True,True,240.8203,353.6719
EPSILON GMX * Nike,CounterTerrorist,2360.221,563.0334,140.9015,M4A4,100,100,25.60053,-33.71021,0,False,True,True,240.4688,353.6719
EPSILON GMX * Nike,CounterTerrorist,2360.353,562.5824,140.8922,M4A4,100,100,-3.952751,-11.77108,0,False,True,True,240.4688,353.6719
EPSILON GMX * Nike,CounterTerrorist,2359.715,562.6906,140.8728,M4A4,100,100,-29.13628,10.32809,0,False,True,True,240.4688,353.6719
EPSILON GMX * Nike,CounterTerrorist,2357.879,563.5393,140.8358,M4A4,100,100,-59.01888,29.09879,0,False,True,True,240.4688,353.6719
EPSILON GMX * Nike,CounterTerrorist,2356.214,564.3896,140.805,M4A4,100,100,-76.99717,39.81184,0,False,True,True,240.4688,353.6719
EPSILON GMX * Nike,CounterTerrorist,2353.381,565.8872,140.7543,M4A4,100,100,-98.44273,52.54386,0,False,True,True,240.4688,353.6719
EPSILON GMX * Nike,CounterTerrorist,2348.992,568.2612,140.6862,M4A4,100,100,-121.0508,65.90794,0,False,True,True,240.4688,353.6719
EPSILON GMX * Nike,CounterTerrorist,2345.97,569.9141,140.756,M4A4,100,100,-132.7072,72.73683,0,False,True,True,240.4688,354.0234
EPSILON GMX * Nike,CounterTerrorist,2341.552,572.3441,140.8585,M4A4,100,100,-146.3688,80.59841,0,False,True,True,240.8203,354.0234
EPSILON GMX * Nike,CounterTerrorist,2336.81,574.957,140.9687,M4A4,100,100,-149.5656,82.4268,0,False,True,True,241.1719,354.0234
EPSILON GMX * Nike,CounterTerrorist,2333.206,576.9425,141.0524,M4A4,100,100,-95.771,52.77394,0,False,True,True,241.1719,354.0234
EPSILON GMX * Nike,CounterTerrorist,2330.836,578.2521,141.1006,M4A4,100,100,-38.23449,21.27155,0,False,True,True,241.5234,354.0234
EPSILON GMX * Nike,CounterTerrorist,2330.461,578.4672,141.1167,M4A4,100,100,-4.889328,3.115941,0,False,True,True,241.875,354.0234
EPSILON GMX * Nike,CounterTerrorist,2330.942,578.2132,141.1059,M4A4,100,100,24.66844,-13.16612,0,False,True,True,241.875,354.0234
EPSILON GMX * Nike,CounterTerrorist,2332.631,577.3079,141.0675,M4A4,100,100,55.61713,-29.84377,0,False,True,True,241.875,354.0234
EPSILON GMX * Nike,CounterTerrorist,2334.224,576.4525,141.0313,M4A4,100,100,74.11874,-39.80334,0,False,True,True,241.875,354.0234
EPSILON GMX * Nike,CounterTerrorist,2337.775,574.5419,140.9503,M4A4,100,100,101.3693,-54.64134,0,False,True,True,241.5234,354.0234
EPSILON GMX * Nike,CounterTerrorist,2340.372,573.1385,140.891,M4A4,100,100,115.3118,-62.41422,0,False,True,True,241.1719,353.6719
EPSILON GMX * Nike,CounterTerrorist,2344.298,571.0049,140.8008,M4A4,100,100,131.502,-71.62747,0,False,True,True,240.8203,353.6719
EPSILON GMX * Nike,CounterTerrorist,2349.843,567.9716,140.6986,M4A4,100,100,148.4877,-81.44341,0,False,True,True,240.8203,353.6719
EPSILON GMX * Nike,CounterTerrorist,2353.001,566.2402,140.7529,M4A4,100,100,123.8372,-67.76718,0,False,True,True,240.4688,353.6719
EPSILON GMX * Nike,CounterTerrorist,2355.878,564.6799,140.8029,M4A4,100,100,73.93146,-39.76169,0,False,True,True,240.4688,353.6719
EPSILON GMX * Nike,CounterTerrorist,2357.46,563.8576,140.8187,M4A4,100,100,18.40432,-8.730722,0,False,True,True,240.4688,353.6719
EPSILON GMX * Nike,CounterTerrorist,2357.407,563.9106,140.8187,M4A4,100,100,-10.26707,6.263423,0,False,True,True,240.4688,353.6719
EPSILON GMX * Nike,CounterTerrorist,2356.606,564.3743,140.8187,M4A4,100,100,-34.79796,20.025,0,False,True,True,240.4688,353.6719
EPSILON GMX * Nike,CounterTerrorist,2355.041,565.2709,140.7931,M4A4,100,100,-59.27139,33.8841,0,False,True,True,240.4688,353.6719
EPSILON GMX * Nike,CounterTerrorist,2352.717,566.5945,140.7549,M4A4,100,100,-83.09212,47.24338,0,False,True,True,240.4688,353.6719
EPSILON GMX * Nike,CounterTerrorist,2349.13,568.9912,140.7111,M4A4,100,100,-91.4715,74.77879,0,False,True,True,240.8203,353.6719
EPSILON GMX * Nike,CounterTerrorist,2347.019,571.0483,140.7913,M4A4,100,100,-89.38474,94.01826,0,False,True,True,240.8203,353.6719
EPSILON GMX * Nike,CounterTerrorist,2344.274,574.433,140.9203,M4A4,100,100,-86.99059,116.4567,0,False,True,True,241.1719,353.6719
EPSILON GMX * Nike,CounterTerrorist,2341.496,579.4875,141.1077,M4A4,100,100,-56.33061,136.9508,0,False,True,True,241.1719,353.6719
EPSILON GMX * Nike,CounterTerrorist,2340.34,582.4257,141.2148,M4A4,100,100,-41.58777,117.3979,0,False,True,True,241.5234,353.6719
EPSILON GMX * Nike,CounterTerrorist,2339.853,585.9948,141.3412,M4A4,100,100,5.727355,75.09756,0,False,True,True,241.5234,353.6719
EPSILON GMX * Nike,CounterTerrorist,2340.37,587.4042,141.3748,M4A4,100,100,29.88168,52.74148,0,False,True,True,241.5234,353.6719
EPSILON GMX * Nike,CounterTerrorist,2341.842,588.5155,141.4157,M4A4,100,100,56.79395,25.88308,0,False,True,True,241.5234,353.6719
EPSILON GMX * Nike,CounterTerrorist,2344.757,588.8796,141.4157,M4A4,100,100,86.1241,-0.8917868,0,False,True,True,241.1719,354.0234
EPSILON GMX * Nike,CounterTerrorist,2347.022,588.6433,141.4046,M4A4,100,100,101.7067,-14.50847,0,False,True,True,241.1719,354.0234
EPSILON GMX * Nike,CounterTerrorist,2350.561,587.8724,141.4183,M4A4,100,100,119.8409,-30.486,0,False,True,True,240.8203,354.0234
EPSILON GMX * Nike,CounterTerrorist,2355.698,586.2709,141.549,M4A4,100,100,138.7711,-47.60822,0,False,True,True,240.4688,354.0234
EPSILON GMX * Nike,CounterTerrorist,2359.104,585.0148,141.6288,M4A4,100,100,148.4745,-56.47844,0,False,True,True,240.4688,354.0234
EPSILON GMX * Nike,CounterTerrorist,2365.237,582.5021,141.7637,M4A4,100,100,162.321,-69.26054,0,False,True,True,240.1172,354.375
EPSILON GMX * Nike,CounterTerrorist,2368.763,580.9976,141.8393,M4A4,100,100,144.7361,-61.75727,0,False,True,True,240.1172,354.375
EPSILON GMX * Nike,CounterTerrorist,2372.237,579.6128,141.9171,M4A4,100,100,92.00216,-34.36902,0,False,True,True,239.7656,354.375
EPSILON GMX * Nike,CounterTerrorist,2374.477,578.9685,141.9674,M4A4,100,100,34.82538,-5.108729,0,False,True,True,239.7656,354.375
EPSILON GMX * Nike,CounterTerrorist,2374.764,579.0804,141.9875,M4A4,100,100,1.074802,8.966982,0,False,True,True,239.7656,354.375
EPSILON GMX * Nike,CounterTerrorist,2374.209,579.5607,141.9868,M4A4,100,100,-27.47404,19.91249,0,False,True,True,240.1172,354.375
EPSILON GMX * Nike,CounterTerrorist,2372.407,580.7255,141.962,M4A4,100,100,-58.53033,36.50244,0,False,True,True,240.4688,354.0234
EPSILON GMX * Nike,CounterTerrorist,2370.748,581.7367,141.937,M4A4,100,100,-76.79076,46.3914,0,False,True,True,240.4688,354.0234
EPSILON GMX * Nike,CounterTerrorist,2367.918,583.4178,141.893,M4A4,100,100,-98.36251,58.01889,0,False,True,True,240.8203,354.0234
EPSILON GMX * Nike,CounterTerrorist,2363.53,585.9778,141.823,M4A4,100,100,-121.1078,70.21131,0,False,True,True,240.8203,354.0234
EPSILON GMX * Nike,CounterTerrorist,2360.505,587.7203,141.7739,M4A4,100,100,-132.9011,76.31721,0,False,True,True,241.1719,353.6719
EPSILON GMX * Nike,CounterTerrorist,2354.907,590.9099,141.6819,M4A4,100,100,-149.8243,84.99059,0,False,True,True,241.1719,353.6719
EPSILON GMX * Nike,CounterTerrorist,2351.257,592.9725,141.6214,M4A4,100,100,-158.5302,89.45251,0,False,True,True,241.1719,353.6719
EPSILON GMX * Nike,CounterTerrorist,2346.101,595.8715,141.6602,M4A4,100,100,-168.6889,94.65901,0,False,True,True,241.1719,353.6719
EPSILON GMX * Nike,CounterTerrorist,2339.322,599.6638,141.8197,M4A4,100,100,-170.7547,95.41012,0,False,True,True,241.1719,353.6719
EPSILON GMX * Nike,CounterTerrorist,2335.613,601.7365,141.907,M4A4,100,100,-152.2562,85.07396,0,False,True,True,241.1719,353.6719
EPSILON GMX * Nike,CounterTerrorist,2331.285,604.155,142.0087,M4A4,100,100,-130.6706,73.01289,0,False,True,True,241.1719,353.6719
EPSILON GMX * Nike,CounterTerrorist,2326.727,606.7018,142.103,M4A4,100,100,-107.9398,60.31194,0,False,True,True,241.5234,353.6719
EPSILON GMX * Nike,CounterTerrorist,2324.382,608.012,142.1329,Flash,100,100,-96.24622,53.7781,0,False,True,True,242.2266,353.3203
EPSILON GMX * Nike,CounterTerrorist,2321.646,609.5408,142.1864,Flash,100,100,-82.60124,46.1539,0,False,True,True,242.5781,352.9688
EPSILON GMX * Nike,CounterTerrorist,2318.764,611.1507,142.2527,Flash,100,100,-68.23235,38.12519,0,False,True,True,242.5781,352.9688
EPSILON GMX * Nike,CounterTerrorist,2317.283,611.9785,142.2716,Flash,100,100,-60.75565,33.94755,0,False,True,True,242.9297,352.6172
EPSILON GMX * Nike,CounterTerrorist,2315.197,613.1438,142.3051,Flash,100,100,-48.47952,27.0882,0,False,True,True,243.2813,352.2656
EPSILON GMX * Nike,CounterTerrorist,2314.176,613.7144,142.3265,Flash,100,100,-41.11385,22.97259,0,False,True,True,243.2813,351.9141
EPSILON GMX * Nike,CounterTerrorist,2313.083,614.3251,142.3446,Flash,100,100,-31.29295,17.48511,0,False,True,True,243.2813,351.5625
EPSILON GMX * Nike,CounterTerrorist,2312.372,614.7269,142.3637,Flash,100,100,0,0,0,False,True,True,243.6328,350.8594
EPSILON GMX * Nike,CounterTerrorist,2312.763,614.5324,142.3637,Flash,100,100,23.75352,-11.81852,0,False,True,True,243.6328,350.5078
EPSILON GMX * Nike,CounterTerrorist,2314.52,613.658,142.3371,Flash,100,100,59.14177,-29.43645,0,False,True,True,243.6328,350.1563
EPSILON GMX * Nike,CounterTerrorist,2316.914,612.4655,142.2969,Flash,100,100,86.70554,-43.23027,0,False,True,True,243.2813,350.1563
EPSILON GMX * Nike,CounterTerrorist,2319.235,611.3069,142.2579,Flash,100,100,104.995,-52.4226,0,False,True,True,243.2813,349.8047
EPSILON GMX * Nike,CounterTerrorist,2323.965,608.941,142.1783,Flash,100,100,131.1274,-65.69102,0,False,True,True,243.2813,349.8047
EPSILON GMX * Nike,CounterTerrorist,2327.25,607.2916,142.1228,Flash,100,100,144.5054,-72.64592,0,False,True,True,242.9297,349.4531
EPSILON GMX * Nike,CounterTerrorist,2332.075,604.8575,142.03,Flash,100,100,160.0478,-80.89446,0,False,True,True,242.5781,349.4531
EPSILON GMX * Nike,CounterTerrorist,2338.718,601.4847,141.8857,Flash,100,100,176.3021,-89.79796,0,False,True,True,242.2266,349.1016
EPSILON GMX * Nike,CounterTerrorist,2342.982,599.3054,141.7925,Flash,100,100,184.589,-94.52123,0,False,True,True,242.2266,349.1016
EPSILON GMX * Nike,CounterTerrorist,2348.941,596.2396,141.6616,Flash,100,100,194.1917,-100.1593,0,False,True,True,241.875,349.1016
EPSILON GMX * Nike,CounterTerrorist,2356.769,592.1823,141.7939,Flash,100,100,204.2503,-106.197,0,False,True,True,241.875,348.75
EPSILON GMX * Nike,CounterTerrorist,2361.638,589.644,141.882,Flash,100,100,209.42,-109.3121,0,False,True,True,241.875,348.75
EPSILON GMX * Nike,CounterTerrorist,2367.372,586.6539,141.9859,Flash,100,100,161.2,-83.85846,0,False,True,True,241.875,348.75
EPSILON GMX * Nike,CounterTerrorist,2371.245,584.6529,142.042,Flash,100,100,102.6887,-52.7179,0,False,True,True,241.5234,348.75
EPSILON GMX * Nike,CounterTerrorist,2373.454,583.5389,142.0903,Flash,100,100,52.40451,-25.87924,0,False,True,True,241.5234,348.75
EPSILON GMX * Nike,CounterTerrorist,2374.097,583.2617,142.1087,Flash,100,100,-7.686777,4.839789,0,False,True,True,241.5234,348.75
EPSILON GMX * Nike,CounterTerrorist,2373.588,583.547,142.1032,Flash,100,100,-28.6794,15.89888,0,False,True,True,241.5234,348.75
EPSILON GMX * Nike,CounterTerrorist,2372.148,584.337,142.0785,Flash,100,100,-56.51257,30.91474,0,False,True,True,241.5234,348.75
EPSILON GMX * Nike,CounterTerrorist,2369.142,585.9768,142.0266,Flash,100,100,-90.01091,49.03798,0,False,True,True,241.5234,348.75
EPSILON GMX * Nike,CounterTerrorist,2366.756,587.2758,141.9853,Flash,100,100,-107.4787,58.48977,0,False,True,True,241.5234,348.75
EPSILON GMX * Nike,CounterTerrorist,2361.957,589.8854,141.902,Flash,100,100,-132.5017,71.99856,0,False,True,True,241.5234,348.75
EPSILON GMX * Nike,CounterTerrorist,2358.647,591.6823,141.8446,Flash,100,100,-145.3923,78.91485,0,False,True,True,241.5234,348.75
EPSILON GMX * Nike,CounterTerrorist,2353.803,594.3079,141.7603,Flash,100,100,-160.4686,86.92142,0,False,True,True,241.875,348.75
EPSILON GMX * Nike,CounterTerrorist,2347.152,597.9034,141.7268,Flash,100,100,-176.4073,95.23602,0,False,True,True,241.875,348.75
EPSILON GMX * Nike,CounterTerrorist,2342.888,600.2026,141.8242,Flash,100,100,-184.6278,99.47394,0,False,True,True,241.875,348.75
EPSILON GMX * Nike,CounterTerrorist,2336.927,603.4091,141.9599,Flash,100,100,-194.2384,104.3848,0,False,True,True,241.875,348.3984
EPSILON GMX * Nike,CounterTerrorist,2330.028,607.1166,142.1169,Flash,100,100,-149.9698,80.72432,0,False,True,True,242.2266,348.3984
EPSILON GMX * Nike,CounterTerrorist,2327.204,608.6424,142.1531,Flash,100,100,-106.3063,57.58508,0,False,True,True,242.2266,348.3984
EPSILON GMX * Nike,CounterTerrorist,2324.896,609.9053,142.2027,Flash,100,100,-55.33276,30.62931,0,False,True,True,242.2266,348.3984
EPSILON GMX * Nike,CounterTerrorist,2324.101,610.3666,142.2219,Flash,100,100,-7.560836,5.200436,0,False,True,True,242.5781,348.3984
EPSILON GMX * Nike,CounterTerrorist,2324.558,610.1412,142.2187,Flash,100,100,25.05407,-12.86461,0,False,True,True,242.5781,348.3984
EPSILON GMX * Nike,CounterTerrorist,2326.357,609.2094,142.1874,Flash,100,100,60.09112,-31.1713,0,False,True,True,242.5781,348.3984
EPSILON GMX * Nike,CounterTerrorist,2328.092,608.3087,142.157,Flash,100,100,80.81887,-41.98304,0,False,True,True,242.5781,348.3984
EPSILON GMX * Nike,CounterTerrorist,2331.105,606.7426,142.0996,Flash,100,100,105.3005,-54.75197,0,False,True,True,242.5781,348.3984
EPSILON GMX * Nike,CounterTerrorist,2335.838,604.2808,141.9947,Flash,100,100,131.0809,-68.19836,0,False,True,True,242.5781,348.3984
EPSILON GMX * Nike,CounterTerrorist,2339.12,602.5728,141.922,Flash,100,100,144.339,-75.12408,0,False,True,True,242.5781,348.3984
EPSILON GMX * Nike,CounterTerrorist,2345.214,599.3989,141.7868,Flash,100,100,163.2911,-85.0982,0,False,True,True,242.2266,348.3984
EPSILON GMX * Nike,CounterTerrorist,2349.195,597.3222,141.6983,Flash,100,100,173.0003,-90.30643,0,False,True,True,242.2266,348.0469
EPSILON GMX * Nike,CounterTerrorist,2354.825,594.3767,141.7998,Flash,100,100,184.2541,-96.52684,0,False,True,True,241.875,348.0469
EPSILON GMX * Nike,CounterTerrorist,2361.376,590.944,141.9179,Flash,100,100,141.7757,-74.13282,0,False,True,True,241.875,348.0469
EPSILON GMX * Nike,CounterTerrorist,2364.024,589.5654,141.9518,Flash,100,100,99.1371,-51.44944,0,False,True,True,241.875,348.0469
EPSILON GMX * Nike,CounterTerrorist,2366.13,588.4863,141.9976,Flash,100,100,49.20276,-24.81169,0,False,True,True,241.5234,348.0469
EPSILON GMX * Nike,CounterTerrorist,2366.66,588.2455,142.0142,Flash,100,100,-9.426429,5.102357,0,False,True,True,241.5234,348.0469
EPSILON GMX * Nike,CounterTerrorist,2366.113,588.5416,142.0061,Flash,100,100,-30.2855,16.39299,0,False,True,True,241.5234,348.0469
EPSILON GMX * Nike,CounterTerrorist,2364.115,589.623,141.9712,Flash,100,100,-65.05061,35.21072,0,False,True,True,241.5234,348.0469
EPSILON GMX * Nike,CounterTerrorist,2362.272,590.6207,141.9391,Flash,100,100,-85.20397,46.11938,0,False,True,True,241.5234,348.0469
EPSILON GMX * Nike,CounterTerrorist,2359.14,592.3158,141.8846,Flash,100,100,-108.7618,58.8708,0,False,True,True,241.5234,348.0469
EPSILON GMX * Nike,CounterTerrorist,2354.295,594.9373,141.8001,Flash,100,100,-133.6043,72.23425,0,False,True,True,241.875,348.0469
EPSILON GMX * Nike,CounterTerrorist,2350.961,596.7375,141.7419,Flash,100,100,-146.4405,79.00394,0,False,True,True,241.875,348.0469
EPSILON GMX * Nike,CounterTerrorist,2346.085,599.3613,141.7819,Flash,100,100,-161.4906,86.76852,0,False,True,True,242.2266,348.0469
EPSILON GMX * Nike,CounterTerrorist,2339.393,602.942,141.9337,Flash,100,100,-177.4744,94.68769,0,False,True,True,242.5781,348.0469
EPSILON GMX * Nike,CounterTerrorist,2335.398,605.0717,142.0241,Flash,100,100,-157.543,84.07563,0,False,True,True,242.5781,348.0469
EPSILON GMX * Nike,CounterTerrorist,2331.636,607.0925,142.1097,Flash,100,100,-99.17765,53.61057,0,False,True,True,242.9297,348.0469
EPSILON GMX * Nike,CounterTerrorist,2329.536,608.2473,142.155,Flash,100,100,-48.88832,27.40571,0,False,True,True,242.9297,348.0469
EPSILON GMX * Nike,CounterTerrorist,2328.943,608.6111,142.155,Flash,100,100,-1.080179,2.077344,0,False,True,True,242.9297,348.0469
EPSILON GMX * Nike,CounterTerrorist,2329.571,608.2895,142.155,Flash,100,100,30.65145,-15.69808,0,False,True,True,242.9297,348.0469
EPSILON GMX * Nike,CounterTerrorist,2330.333,607.8991,142.1431,Flash,100,100,20.63828,-10.56985,0,False,True,True,242.9297,348.0469
EPSILON GMX * Nike,CounterTerrorist,2330.783,607.6689,142.1332,Flash,100,100,10.6251,-5.441621,0,False,True,True,242.9297,348.0469
EPSILON GMX * Nike,CounterTerrorist,2330.915,607.6015,142.1303,Flash,100,100,0,0,0,False,True,True,243.2813,348.0469
EPSILON GMX * Nike,CounterTerrorist,2330.915,607.6015,142.1303,Flash,100,100,0,0,0,False,True,True,243.2813,348.0469
EPSILON GMX * Nike,CounterTerrorist,2330.915,607.6015,142.1303,Flash,100,100,0,0,0,False,True,True,243.2813,348.0469
EPSILON GMX * Nike,CounterTerrorist,2330.915,607.6015,142.1303,Flash,100,100,0,0,0,False,True,True,242.9297,348.0469
EPSILON GMX * Nike,CounterTerrorist,2330.915,607.6015,142.1303,Flash,100,100,0,0,0,False,True,True,242.9297,348.0469
EPSILON GMX * Nike,CounterTerrorist,2330.915,607.6015,142.1303,Flash,100,100,0,0,0,False,True,True,242.9297,348.0469
EPSILON GMX * Nike,CounterTerrorist,2330.915,607.6015,142.1303,Flash,100,100,0,0,0,False,True,True,242.9297,348.0469
EPSILON GMX * Nike,CounterTerrorist,2330.915,607.6015,142.1303,Flash,100,100,0,0,0,False,True,True,242.5781,348.0469
EPSILON GMX * Nike,CounterTerrorist,2331.834,607.1242,142.11,Flash,100,100,37.56845,-19.53459,0,False,True,True,242.5781,348.0469
EPSILON GMX * Nike,CounterTerrorist,2333.043,606.4941,142.0832,Flash,100,100,58.5641,-30.56925,0,False,True,True,242.2266,348.3984
EPSILON GMX * Nike,CounterTerrorist,2336.13,604.8756,142.0143,Flash,100,100,92.04099,-48.35522,0,False,True,True,242.2266,348.3984
EPSILON GMX * Nike,CounterTerrorist,2338.563,603.5955,141.9599,Flash,100,100,109.4223,-57.63229,0,False,True,True,241.875,348.3984
EPSILON GMX * Nike,CounterTerrorist,2342.385,601.5784,141.8741,Flash,100,100,129.6815,-68.50014,0,False,True,True,241.875,348.75
EPSILON GMX * Nike,CounterTerrorist,2347.962,598.6244,141.7487,Flash,100,100,150.9318,-80.10135,0,False,True,True,241.5234,349.1016
EPSILON GMX * Nike,CounterTerrorist,2351.672,596.6514,141.7646,Flash,100,100,161.8258,-86.13984,0,False,True,True,241.5234,349.1016
EPSILON GMX * Nike,CounterTerrorist,2356.764,593.9373,141.8548,Flash,100,100,156.0296,-83.18898,0,False,True,True,241.5234,349.1016
EPSILON GMX * Nike,CounterTerrorist,2361.989,591.1537,141.9321,Flash,100,100,110.397,-58.68814,0,False,True,True,241.5234,349.1016
EPSILON GMX * Nike,CounterTerrorist,2363.956,590.1127,141.9825,Flash,100,100,71.22704,-37.54962,0,False,True,True,241.5234,349.1016
EPSILON GMX * Nike,CounterTerrorist,2365.246,589.4442,142.0026,Flash,100,100,23.40062,-11.77278,0,False,True,True,241.5234,349.1016
EPSILON GMX * Nike,CounterTerrorist,2365.13,589.5188,142.0026,Flash,100,100,-16.36376,8.894817,0,False,True,True,241.5234,349.1016
EPSILON GMX * Nike,CounterTerrorist,2364.076,590.0917,141.9861,Flash,100,100,-44.14921,23.9981,0,False,True,True,241.5234,349.1016
EPSILON GMX * Nike,CounterTerrorist,2361.539,591.4707,141.9422,Flash,100,100,-78.65452,42.75407,0,False,True,True,241.5234,349.1016
EPSILON GMX * Nike,CounterTerrorist,2359.4,592.6335,141.905,Flash,100,100,-97.33956,52.91066,0,False,True,True,241.5234,349.1016
EPSILON GMX * Nike,CounterTerrorist,2355.924,594.5228,141.8448,Flash,100,100,-119.1473,64.75387,0,False,True,True,241.5234,349.1016
EPSILON GMX * Nike,CounterTerrorist,2350.717,597.3506,141.7544,Flash,100,100,-142.149,77.15724,0,False,True,True,241.5234,349.1016
EPSILON GMX * Nike,CounterTerrorist,2347.198,599.2593,141.7739,Flash,100,100,-154.0078,83.48999,0,False,True,True,241.875,349.1016
EPSILON GMX * Nike,CounterTerrorist,2342.109,602.0135,141.8904,Flash,100,100,-167.9097,90.76014,0,False,True,True,241.875,348.75
EPSILON GMX * Nike,CounterTerrorist,2335.196,605.7384,142.0481,Flash,100,100,-182.6618,98.20417,0,False,True,True,242.2266,348.75
EPSILON GMX * Nike,CounterTerrorist,2331.088,607.9454,142.1416,Flash,100,100,-162.171,87.20619,0,False,True,True,242.2266,348.75
EPSILON GMX * Nike,CounterTerrorist,2326.49,610.4333,142.2285,Flash,100,100,-89.89379,49.00557,0,False,True,True,242.5781,348.75
EPSILON GMX * Nike,CounterTerrorist,2324.972,611.2718,142.249,Flash,100,100,-52.63656,29.40233,0,False,True,True,242.5781,348.75
EPSILON GMX * Nike,CounterTerrorist,2324.262,611.6963,142.2672,Flash,100,100,-4.846849,4.020384,0,False,True,True,242.5781,348.75
EPSILON GMX * Nike,CounterTerrorist,2325.073,611.2961,142.2576,Flash,100,100,34.734,-17.63964,0,False,True,True,242.5781,348.75
EPSILON GMX * Nike,CounterTerrorist,2326.215,610.7116,142.2379,Flash,100,100,55.77527,-28.58743,0,False,True,True,242.5781,348.75
EPSILON GMX * Nike,CounterTerrorist,2328.502,609.5361,142.1983,Flash,100,100,83.35345,-42.90211,0,False,True,True,242.5781,348.75
EPSILON GMX * Nike,CounterTerrorist,2332.47,607.4902,142.1202,Flash,100,100,113.0039,-58.30943,0,False,True,True,242.5781,348.75
EPSILON GMX * Nike,CounterTerrorist,2335.36,605.9973,142.0565,Flash,100,100,128.2243,-66.29866,0,False,True,True,242.5781,348.75
EPSILON GMX * Nike,CounterTerrorist,2339.719,603.7382,141.9602,Flash,100,100,145.9304,-75.72506,0,False,True,True,242.2266,348.75
EPSILON GMX * Nike,CounterTerrorist,2344.581,601.2082,141.8524,Flash,100,100,161.0467,-83.96587,0,False,True,True,241.875,348.75
EPSILON GMX * Nike,CounterTerrorist,2349.87,598.4403,141.7616,Flash,100,100,173.9232,-91.2198,0,False,True,True,241.5234,348.75
EPSILON GMX * Nike,CounterTerrorist,2356.988,594.6892,141.8892,Flash,100,100,187.3732,-99.06203,0,False,True,True,241.5234,348.75
EPSILON GMX * Nike,CounterTerrorist,2361.489,592.3029,141.9693,Flash,100,100,194.2672,-103.1426,0,False,True,True,241.5234,348.75
EPSILON GMX * Nike,CounterTerrorist,2366.793,589.4896,142.0638,Flash,100,100,148.2618,-78.44123,0,False,True,True,241.5234,348.75
EPSILON GMX * Nike,CounterTerrorist,2370.917,587.3279,142.1268,Flash,100,100,78.8789,-40.87896,0,False,True,True,241.1719,348.75
EPSILON GMX * Nike,CounterTerrorist,2372.198,586.6776,142.1476,Flash,100,100,42.72754,-21.3056,0,False,True,True,241.1719,348.75
EPSILON GMX * Nike,CounterTerrorist,2372.504,586.5646,142.1666,Flash,100,100,-12.2826,7.302677,0,False,True,True,241.1719,348.75
EPSILON GMX * Nike,CounterTerrorist,2371.889,586.9114,142.1588,Flash,100,100,-33.15886,18.56764,0,False,True,True,241.1719,348.75
EPSILON GMX * Nike,CounterTerrorist,2370.311,587.7877,142.1321,Flash,100,100,-60.9094,33.73555,0,False,True,True,241.1719,348.75
EPSILON GMX * Nike,CounterTerrorist,2367.146,589.5363,142.0782,Flash,100,100,-93.74283,51.72198,0,False,True,True,241.1719,348.75
EPSILON GMX * Nike,CounterTerrorist,2364.68,590.8958,142.0361,Flash,100,100,-110.7277,61.02702,0,False,True,True,241.1719,348.75
EPSILON GMX * Nike,CounterTerrorist,2360.825,593.0181,141.9702,Flash,100,100,-130.5777,71.82892,0,False,True,True,241.5234,348.75
EPSILON GMX * Nike,CounterTerrorist,2355.22,596.0949,141.874,Flash,100,100,-151.5501,83.07696,0,False,True,True,241.5234,348.3984
EPSILON GMX * Nike,CounterTerrorist,2351.497,598.1321,141.8099,Flash,100,100,-162.3949,88.76006,0,False,True,True,241.875,348.3984
EPSILON GMX * Nike,CounterTerrorist,2344.852,601.7508,141.8702,Flash,100,100,-168.5735,91.64948,0,False,True,True,242.2266,348.3984
EPSILON GMX * Nike,CounterTerrorist,2341.19,603.7417,141.9544,Flash,100,100,-150.3113,81.72072,0,False,True,True,242.2266,348.3984
EPSILON GMX * Nike,CounterTerrorist,2336.917,606.0648,142.0526,Flash,100,100,-129.0014,70.13506,0,False,True,True,242.2266,348.3984
EPSILON GMX * Nike,CounterTerrorist,2332.491,608.4721,142.1543,Flash,100,100,-97.08986,52.91579,0,False,True,True,242.2266,348.3984
EPSILON GMX * Nike,CounterTerrorist,2330.815,609.3922,142.1824,Flash,100,100,-59.21056,32.68404,0,False,True,True,242.2266,348.3984
EPSILON GMX * Nike,CounterTerrorist,2329.896,609.9144,142.2004,Flash,100,100,-11.51995,7.095154,0,False,True,True,242.2266,348.3984
EPSILON GMX * Nike,CounterTerrorist,2330.52,609.5841,142.2,Flash,100,100,30.42907,-16.12491,0,False,True,True,242.2266,348.3984
EPSILON GMX * Nike,CounterTerrorist,2331.56,609.0326,142.1776,Flash,100,100,51.38703,-27.2309,0,False,True,True,242.2266,348.3984
EPSILON GMX * Nike,CounterTerrorist,2334.378,607.5389,142.1142,Incendiary,100,100,85.60791,-45.36515,0,False,True,True,242.2266,348.3984
EPSILON GMX * Nike,CounterTerrorist,2336.671,606.324,142.0626,Incendiary,100,100,103.6904,-54.9581,0,False,True,True,241.875,348.75
EPSILON GMX * Nike,CounterTerrorist,2340.112,604.4987,141.9851,Incendiary,100,100,106.1809,-56.34468,0,False,True,True,241.5234,348.75
EPSILON GMX * Nike,CounterTerrorist,2343.815,602.5332,141.9016,Incendiary,100,100,87.71019,-46.54325,0,False,True,True,240.8203,349.1016
EPSILON GMX * Nike,CounterTerrorist,2345.721,601.5222,141.8587,Incendiary,100,100,78.2082,-41.50103,0,False,True,True,240.4688,349.4531
EPSILON GMX * Nike,CounterTerrorist,2347.944,600.3423,141.8087,Incendiary,100,100,67.12051,-35.61738,0,False,True,True,238.711,350.1563
EPSILON GMX * Nike,CounterTerrorist,2350.204,599.1535,141.7839,Incendiary,100,100,45.82143,-22.95318,0,False,True,True,235.5469,351.2109
EPSILON GMX * Nike,CounterTerrorist,2350.75,598.9628,141.8042,Incendiary,100,100,12.00295,-0.8112874,0,False,True,True,233.4375,352.2656
EPSILON GMX * Nike,CounterTerrorist,2350.2,599.5289,141.8042,Incendiary,100,100,-27.21078,23.85814,0,False,True,True,230.625,354.0234
EPSILON GMX * Nike,CounterTerrorist,2349.278,600.3258,141.8042,Incendiary,100,100,-45.36669,39.1214,0,False,True,True,229.2188,355.0781
EPSILON GMX * Nike,CounterTerrorist,2347.4,601.9558,141.8671,Incendiary,100,100,-68.72232,59.92298,0,False,True,True,228.1641,356.1328
EPSILON GMX * Nike,CounterTerrorist,2344.118,604.8489,141.9811,Incendiary,100,100,-93.55726,82.94768,0,False,True,True,227.4609,356.8359
EPSILON GMX * Nike,CounterTerrorist,2341.724,606.9814,142.0651,Incendiary,100,100,-106.2732,94.85841,0,False,True,True,227.4609,356.8359
EPSILON GMX * Nike,CounterTerrorist,2338.107,610.2224,142.1927,Incendiary,100,100,-121.1111,108.7568,0,False,True,True,227.4609,356.8359
EPSILON GMX * Nike,CounterTerrorist,2333.001,614.8223,142.3736,Incendiary,100,100,-136.7491,123.3786,0,False,True,True,227.8125,356.8359
EPSILON GMX * Nike,CounterTerrorist,2329.666,617.8301,142.4775,Incendiary,100,100,-144.9834,130.6909,0,False,True,True,228.1641,357.1875
EPSILON GMX * Nike,CounterTerrorist,2324.937,622.0757,142.6203,Incendiary,100,100,-155.0294,138.7272,0,False,True,True,229.5703,357.1875
EPSILON GMX * Nike,CounterTerrorist,2319.805,626.2532,142.7609,Incendiary,100,100,-170.9333,125.2681,0,False,True,True,231.3281,357.8906
EPSILON GMX * Nike,CounterTerrorist,2314.147,629.7031,142.877,Incendiary,100,100,-186.7899,101.633,0,False,True,True,234.4922,357.8906
EPSILON GMX * Nike,CounterTerrorist,2306.528,633.3892,143.1891,Incendiary,100,100,-198.7235,97.41529,0,False,True,True,237.3047,358.2422
EPSILON GMX * Nike,CounterTerrorist,2301.793,635.7608,143.5691,Incendiary,100,100,-203.6681,102.9239,0,False,True,True,239.0625,358.2422
EPSILON GMX * Nike,CounterTerrorist,2295.302,639.0858,144.092,Incendiary,100,100,-210.0863,108.2429,0,False,True,True,241.1719,357.8906
EPSILON GMX * Nike,CounterTerrorist,2286.921,643.4255,144.9944,Incendiary,100,100,-217.4449,112.751,0,False,True,True,242.5781,357.5391
EPSILON GMX * Nike,CounterTerrorist,2281.823,646.0671,145.6895,Incendiary,100,100,-217.5672,112.6477,0,False,True,True,242.9297,357.5391
EPSILON GMX * Nike,CounterTerrorist,2273.314,650.449,146.8494,Incendiary,100,100,-218.0328,111.7439,0,False,True,True,244.3359,357.1875
EPSILON GMX * Nike,CounterTerrorist,2268.197,653.0541,147.5469,Incendiary,100,100,-218.4972,110.8331,0,False,True,True,245.0391,356.8359
EPSILON GMX * Nike,CounterTerrorist,2261.354,656.4882,148.4791,Incendiary,100,100,-219.2776,109.281,0,False,True,True,246.0938,356.8359
EPSILON GMX * Nike,CounterTerrorist,2253.149,660.5395,149.5964,Incendiary,100,100,-195.922,96.63613,0,False,True,True,247.5,356.4844
EPSILON GMX * Nike,CounterTerrorist,2249.123,662.5463,150.1594,Incendiary,100,100,-155.1721,78.33956,0,False,True,True,248.2031,356.1328
EPSILON GMX * Nike,CounterTerrorist,2245.463,664.4794,150.6875,Incendiary,100,100,-95.41068,52.53326,0,False,True,True,248.9063,355.7813
EPSILON GMX * Nike,CounterTerrorist,2243.261,665.8813,151.007,Incendiary,100,100,-31.40858,25.11422,0,False,True,True,249.2578,355.7813
EPSILON GMX * Nike,CounterTerrorist,2243.088,666.1996,151.0292,Incendiary,100,100,4.126616,7.447962,0,False,True,True,249.2578,355.4297
EPSILON GMX * Nike,CounterTerrorist,2244.153,665.9656,150.8824,Incendiary,100,100,41.8317,-12.51481,0,False,True,True,249.2578,355.4297
EPSILON GMX * Nike,CounterTerrorist,2245.478,665.533,150.6933,Incendiary,100,100,63.84521,-21.39961,0,False,True,True,249.2578,355.4297
EPSILON GMX * Nike,CounterTerrorist,2247.578,664.8159,150.3932,Incendiary,100,100,63.20639,-21.58041,0,False,True,True,249.2578,355.4297
EPSILON GMX * Nike,CounterTerrorist,2249.656,664.1091,150.0961,Incendiary,100,100,39.87707,-13.23288,0,False,True,True,249.2578,355.4297
EPSILON GMX * Nike,CounterTerrorist,2249.995,664.0169,150.0478,Incendiary,100,100,1.745237,0.6380258,0,False,True,True,249.2578,355.4297
EPSILON GMX * Nike,CounterTerrorist,2249.336,664.2673,150.1423,Incendiary,100,100,-32.19619,12.22076,0,False,True,True,249.2578,355.4297
EPSILON GMX * Nike,CounterTerrorist,2247.211,665.0723,150.4464,Incendiary,100,100,-69.17671,26.19073,0,False,True,True,249.2578,355.7813
EPSILON GMX * Nike,CounterTerrorist,2245.252,665.8168,150.7271,Incendiary,100,100,-90.53249,34.50278,0,False,True,True,248.5547,355.7813
EPSILON GMX * Nike,CounterTerrorist,2241.933,667.1069,151.2025,Incendiary,100,100,-115.0219,45.38174,0,False,True,True,246.0938,356.1328
EPSILON GMX * Nike,CounterTerrorist,2238.376,668.5292,151.7125,Incendiary,100,100,-107.3995,42.93888,0,False,True,True,241.875,356.4844
EPSILON GMX * Nike,CounterTerrorist,2235.193,669.5385,152.1669,Incendiary,100,100,-103.2423,18.96494,0,False,True,True,237.6563,357.1875
EPSILON GMX * Nike,CounterTerrorist,2230.929,669.2053,152.7631,Incendiary,100,100,-113.0521,-25.57591,0,False,True,True,235.1953,357.8906
EPSILON GMX * Nike,CounterTerrorist,2228.192,668.2484,153.1403,Incendiary,100,100,-118.5915,-48.15242,0,False,True,True,234.8437,358.2422
EPSILON GMX * Nike,CounterTerrorist,2224.353,666.2228,153.6645,Incendiary,100,100,-125.3488,-74.28863,0,False,True,True,234.1406,358.5938
EPSILON GMX * Nike,CounterTerrorist,2219.278,662.6644,154.3509,Incendiary,100,100,-132.7764,-101.5869,0,False,True,True,233.789,358.5938
EPSILON GMX * Nike,CounterTerrorist,2216.104,660.0618,154.7773,Incendiary,100,100,-136.6444,-115.5959,0,False,True,True,233.789,358.5938
EPSILON GMX * Nike,CounterTerrorist,2210.632,655.0651,155.4978,Incendiary,100,100,-142.2797,-135.5824,0,False,True,True,233.4375,358.9453
EPSILON GMX * Nike,CounterTerrorist,2207.311,651.711,155.9035,Incendiary,100,100,-137.3992,-147.7441,0,False,True,True,233.4375,358.9453
EPSILON GMX * Nike,CounterTerrorist,2203.522,646.7128,156.3649,Incendiary,100,100,-112.0518,-166.894,0,False,True,True,233.4375,358.9453
EPSILON GMX * Nike,CounterTerrorist,2200.453,641.1703,156.7368,Incendiary,100,100,-90.29784,-183.3291,0,False,True,True,233.4375,358.9453
EPSILON GMX * Nike,CounterTerrorist,2198.003,635.1605,157.0318,Incendiary,100,100,-71.62801,-197.4342,0,False,True,True,233.4375,358.9453
EPSILON GMX * Nike,CounterTerrorist,2196.138,628.7825,157.254,Incendiary,100,100,-48.56025,-205.3356,0,False,True,True,233.4375,358.9453
EPSILON GMX * Nike,CounterTerrorist,2195.405,622.4634,157.3299,Flash,100,100,-9.174297,-200.4275,0,False,True,True,233.4375,358.9453
EPSILON GMX * Nike,CounterTerrorist,2195.791,616.2838,157.2817,Flash,100,100,24.61675,-196.2301,0,False,True,True,233.0859,358.9453
EPSILON GMX * Nike,CounterTerrorist,2197.137,610.223,157.0738,Flash,100,100,53.6069,-192.6416,0,False,True,True,233.0859,358.9453
EPSILON GMX * Nike,CounterTerrorist,2200.087,603.717,156.6116,Flash,100,100,84.93878,-140.8654,0,False,True,True,234.1406,358.9453
EPSILON GMX * Nike,CounterTerrorist,2202.214,601.0577,156.2934,Flash,100,100,93.52014,-100.2551,0,False,True,True,235.1953,358.5938
EPSILON GMX * Nike,CounterTerrorist,2205.334,598.8698,155.8393,Flash,100,100,103.4358,-52.7992,0,False,True,True,234.8437,358.5938
EPSILON GMX * Nike,CounterTerrorist,2208.742,598.0259,155.3545,Flash,100,100,112.329,-12.34203,0,False,True,True,234.1406,358.5938
EPSILON GMX * Nike,CounterTerrorist,2212.411,598.3264,154.8416,Flash,100,100,120.3591,22.09175,0,False,True,True,233.4375,358.5938
EPSILON GMX * Nike,CounterTerrorist,2217.328,600.0514,154.1638,Flash,100,100,129.4537,57.87592,0,False,True,True,232.3828,358.2422
EPSILON GMX * Nike,CounterTerrorist,2220.442,601.6948,153.7387,Flash,100,100,134.5197,75.98667,0,False,True,True,231.6797,357.8906
EPSILON GMX * Nike,CounterTerrorist,2224.771,604.4848,153.1515,Flash,100,100,140.8092,96.81992,0,False,True,True,230.9766,357.1875
EPSILON GMX * Nike,CounterTerrorist,2229.689,609.0439,152.4945,Flash,100,100,114.4636,129.2946,0,False,True,True,230.2734,356.8359
EPSILON GMX * Nike,CounterTerrorist,2232.133,612.3408,152.1755,Flash,100,100,99.40958,146.1391,0,False,True,True,229.9219,356.4844
EPSILON GMX * Nike,CounterTerrorist,2235.506,618.6297,151.7482,Flash,100,100,78.24591,170.2886,0,False,True,True,229.2188,356.1328
EPSILON GMX * Nike,CounterTerrorist,2237.17,622.8176,151.5454,Flash,100,100,67.47755,182.7211,0,False,True,True,229.2188,356.1328
EPSILON GMX * Nike,CounterTerrorist,2239.03,628.8165,151.3284,Flash,100,100,54.99603,197.2345,0,False,True,True,229.2188,355.7813
EPSILON GMX * Nike,CounterTerrorist,2240.892,635.1096,151.1133,Flash,100,100,66.80391,202.2025,0,False,True,True,229.2188,355.7813
EPSILON GMX * Nike,CounterTerrorist,2243.319,641.4673,150.8192,Flash,100,100,83.87785,204.1544,0,False,True,True,229.2188,355.4297
EPSILON GMX * Nike,CounterTerrorist,2245.704,647.2711,150.5271,Flash,100,100,71.98636,175.2111,0,False,True,True,229.2188,355.4297
EPSILON GMX * Nike,CounterTerrorist,2248.215,653.3828,150.2196,Flash,100,100,59.46397,144.7323,0,False,True,True,229.5703,354.7266
EPSILON GMX * Nike,CounterTerrorist,2249.506,656.5268,150.0613,Flash,100,100,53.02201,129.0529,0,False,True,True,229.9219,354.375
EPSILON GMX * Nike,CounterTerrorist,2251.532,660.8135,149.8127,Flash,100,100,71.52324,141.8239,0,False,True,True,230.2734,354.0234
EPSILON GMX * Nike,CounterTerrorist,2254.046,665.483,149.5135,Flash,100,100,82.87649,155.0883,0,False,True,True,230.2734,353.6719
EPSILON GMX * Nike,CounterTerrorist,2256.347,670.6965,149.2464,Flash,100,100,68.71573,173.5453,0,False,True,True,226.7578,352.6172
EPSILON GMX * Nike,CounterTerrorist,2258.734,677.9276,148.9826,Flash,100,100,52.50902,190.9693,0,False,True,True,215.5078,352.6172
EPSILON GMX * Nike,CounterTerrorist,2259.646,682.5087,148.895,Flash,100,100,33.08306,197.9719,0,False,True,True,202.1484,354.0234
EPSILON GMX * Nike,CounterTerrorist,2260.433,688.9253,148.8374,Flash,100,100,22.61205,209.7946,0,False,True,True,180,356.4844
EPSILON GMX * Nike,CounterTerrorist,2261.206,695.6827,148.7842,Incendiary,100,100,27.61665,219.5664,0,False,True,True,161.7188,357.8906
EPSILON GMX * Nike,CounterTerrorist,2262.322,702.6591,148.6871,Incendiary,100,100,41.15789,224.9567,0,False,True,True,151.5234,358.9453
EPSILON GMX * Nike,CounterTerrorist,2263.905,709.7471,148.5288,Incendiary,100,100,56.18818,227.8011,0,False,True,True,148.7109,0.703125
EPSILON GMX * Nike,CounterTerrorist,2266.486,718.7146,148.2521,Incendiary,100,100,72.22828,230.67,0,False,True,True,148.7109,1.054688
EPSILON GMX * Nike,CounterTerrorist,2268.307,724.1391,148.2359,Incendiary,100,100,80.25046,231.4841,0,False,True,True,148.7109,1.054688
EPSILON GMX * Nike,CounterTerrorist,2270.973,731.3159,148.2536,Incendiary,100,100,88.15884,228.5892,0,False,True,True,148.7109,1.054688
EPSILON GMX * Nike,CounterTerrorist,2274.611,740.1675,148.2536,Incendiary,100,100,96.17306,225.3347,0,False,True,True,148.7109,1.054688
EPSILON GMX * Nike,CounterTerrorist,2276.928,745.4213,148.2518,Incendiary,100,100,100.1558,223.593,0,False,True,True,148.7109,1.054688
EPSILON GMX * Nike,CounterTerrorist,2280.148,752.3674,148.23,Incendiary,100,100,104.658,221.5213,0,False,True,True,148.7109,1.054688
EPSILON GMX * Nike,CounterTerrorist,2283.491,759.2551,148.1984,Incendiary,100,100,108.2855,219.7709,0,False,True,True,148.7109,1.054688
EPSILON GMX * Nike,CounterTerrorist,2286.666,766.2003,148.179,Incendiary,100,100,92.7674,225.273,0,False,True,True,148.7109,1.054688
EPSILON GMX * Nike,CounterTerrorist,2289.619,775.2192,148.0418,Incendiary,100,100,64.83429,234.3883,0,False,True,True,148.7109,1.054688
EPSILON GMX * Nike,CounterTerrorist,2290.911,780.7868,147.9627,Incendiary,100,100,50.4645,239.0776,0,False,True,True,148.7109,1.054688
EPSILON GMX * Nike,CounterTerrorist,2292.248,788.3244,152.4939,Incendiary,100,100,41.67593,241.4293,286.3684,False,True,True,146.25,1.40625
EPSILON GMX * Nike,CounterTerrorist,2293.876,797.7552,163.0699,Incendiary,100,100,41.67593,241.4293,255.1184,False,True,True,129.0234,2.109375
EPSILON GMX * Nike,CounterTerrorist,2294.853,803.4138,168.8295,Incendiary,100,100,41.67593,241.4293,236.3684,False,True,True,119.8828,3.164063
EPSILON GMX * Nike,CounterTerrorist,2296.481,812.8446,177.4523,Incendiary,100,100,41.67593,241.4293,205.1184,False,True,True,114.9609,4.570313
EPSILON GMX * Nike,CounterTerrorist,2297.458,818.5031,182.0401,Incendiary,100,100,41.67593,241.4293,186.3684,False,True,True,113.9063,6.328125
EPSILON GMX * Nike,CounterTerrorist,2298.761,826.0478,187.4735,Incendiary,100,100,41.67593,241.4293,161.3684,False,True,True,113.9063,8.4375
EPSILON GMX * Nike,CounterTerrorist,2300.39,835.4786,193.1666,Incendiary,100,100,41.67593,241.4293,130.1184,False,True,True,116.0156,9.492188
EPSILON GMX * Nike,CounterTerrorist,2301.367,841.1371,195.9966,Incendiary,100,100,41.67593,241.4293,111.3684,False,True,True,117.4219,10.19531
EPSILON GMX * Nike,CounterTerrorist,2302.669,848.6818,199.0862,Incendiary,100,100,41.67593,241.4293,86.36838,False,True,True,118.8281,10.54688
EPSILON GMX * Nike,CounterTerrorist,2304.298,858.1127,201.8497,Incendiary,100,100,41.67593,241.4293,55.11838,False,True,True,119.1797,10.54688
EPSILON GMX * Nike,CounterTerrorist,2305.275,863.7712,202.9218,Incendiary,100,100,41.67593,241.4293,36.36838,False,True,True,119.1797,10.54688
EPSILON GMX * Nike,CounterTerrorist,2306.903,873.202,203.7321,Incendiary,100,100,41.67593,241.4293,5.118378,False,True,True,119.5313,10.54688
EPSILON GMX * Nike,CounterTerrorist,2307.88,878.8605,203.6324,Incendiary,100,100,41.67593,241.4293,-13.63162,False,True,True,120.2344,10.54688
EPSILON GMX * Nike,CounterTerrorist,2309.183,886.4052,202.8158,Incendiary,100,100,41.67593,241.4293,-38.63162,False,True,True,122.6953,10.54688
EPSILON GMX * Nike,CounterTerrorist,2310.812,895.8361,200.6964,Incendiary,100,100,41.67593,241.4293,-69.88162,False,True,True,130.7813,10.19531
EPSILON GMX * Nike,CounterTerrorist,2311.789,901.4946,198.8388,Incendiary,100,100,41.67593,241.4293,-88.63162,False,True,True,138.1641,9.84375
EPSILON GMX * Nike,CounterTerrorist,2313.091,909.0392,195.6785,Incendiary,100,100,41.67593,241.4293,-113.6316,False,True,True,150.4688,9.140625
EPSILON GMX * Nike,CounterTerrorist,2314.72,918.4701,190.6294,Incendiary,100,100,41.67593,241.4293,-144.8816,False,True,True,163.125,8.085938
EPSILON GMX * Nike,CounterTerrorist,2315.697,924.1286,187.0141,Incendiary,100,100,41.67593,241.4293,-163.6316,False,True,True,170.1563,7.382813
EPSILON GMX * Nike,CounterTerrorist,2317.325,933.5594,180.0119,Incendiary,100,100,41.67593,241.4293,-194.8816,False,True,True,177.5391,6.328125
EPSILON GMX * Nike,CounterTerrorist,2318.302,939.218,175.2246,Incendiary,100,100,41.67593,241.4293,-213.6316,False,True,True,181.0547,5.976563
EPSILON GMX * Nike,CounterTerrorist,2319.605,946.7626,168.1581,Incendiary,100,100,41.67593,241.4293,-238.6316,False,True,True,183.8672,5.273438
EPSILON GMX * Nike,CounterTerrorist,2321.233,956.1935,158.2262,Incendiary,100,100,41.67593,241.4293,-269.8816,False,True,True,185.9766,4.570313
EPSILON GMX * Nike,CounterTerrorist,2322.21,961.852,151.6811,Incendiary,100,100,41.67593,241.4293,0,False,True,True,186.6797,4.21875
EPSILON GMX * Nike,CounterTerrorist,2323.052,967.5291,150.7231,Incendiary,100,100,23.2759,185.2099,0,False,True,True,186.3281,4.21875
EPSILON GMX * Nike,CounterTerrorist,2323.722,975.0273,151.017,Incendiary,100,100,13.4072,196.3685,0,False,True,True,185.9766,3.867188
EPSILON GMX * Nike,CounterTerrorist,2323.959,979.7314,151.0723,Incendiary,100,100,8.556624,202.8699,0,False,True,True,185.9766,3.867188
EPSILON GMX * Nike,CounterTerrorist,2324.116,986.2393,151.0901,Incendiary,100,100,3.024357,211.4788,0,False,True,True,185.9766,3.867188
EPSILON GMX * Nike,CounterTerrorist,2324.195,992.3024,151.0901,Incendiary,100,100,3.794157,169.5691,0,False,True,True,185.9766,3.867188
EPSILON GMX * Nike,CounterTerrorist,2324.387,996.3207,151.1084,Incendiary,100,100,7.502911,105.2291,0,False,True,True,185.9766,3.867188
EPSILON GMX * Nike,CounterTerrorist,2324.685,998.5068,151.1453,Incendiary,100,100,10.62055,49.59637,0,False,True,True,185.9766,3.867188
EPSILON GMX * Nike,CounterTerrorist,2325.03,999.0214,151.1848,Incendiary,100,100,10.29748,-2.821573,0,False,True,True,185.9766,3.867188
EPSILON GMX * Nike,CounterTerrorist,2325.298,998.2404,151.2244,Incendiary,100,100,8.954773,-37.04148,0,False,True,True,187.3828,3.867188
EPSILON GMX * Nike,CounterTerrorist,2325.335,995.9373,151.2244,Incendiary,100,100,-8.237299,-72.72852,0,False,True,True,201.4453,4.21875
EPSILON GMX * Nike,CounterTerrorist,2325.025,993.8876,151.1934,Incendiary,100,100,-14.95403,-94.75288,0,False,True,True,214.4531,4.921875
EPSILON GMX * Nike,CounterTerrorist,2324.579,990.3893,151.1427,Flash,100,100,-12.45499,-121.7289,0,False,True,True,231.3281,5.273438
EPSILON GMX * Nike,CounterTerrorist,2324.421,984.9827,151.1223,Flash,100,100,2.742509,-148.4303,0,False,True,True,244.6875,4.21875
EPSILON GMX * Nike,CounterTerrorist,2324.672,981.3076,151.1402,Flash,100,100,14.79229,-160.743,0,False,True,True,249.6094,3.164063
EPSILON GMX * Nike,CounterTerrorist,2324.836,975.9734,151.1628,Flash,100,100,-0.02378225,-176.4273,0,False,True,True,252.4219,2.460938
EPSILON GMX * Nike,CounterTerrorist,2324.591,970.1893,150.9752,Flash,100,100,-12.33433,-190.0216,0,False,True,True,252.0703,2.109375
EPSILON GMX * Nike,CounterTerrorist,2323.994,964.0193,150.728,Flash,100,100,-22.97322,-201.6651,0,False,True,True,252.0703,2.109375
EPSILON GMX * Nike,CounterTerrorist,2323.094,957.5184,150.4368,Flash,100,100,-32.10382,-211.6579,0,False,True,True,252.0703,2.109375
EPSILON GMX * Nike,CounterTerrorist,2321.935,950.7334,150.1079,Flash,100,100,-39.93996,-220.234,0,False,True,True,252.0703,2.109375
EPSILON GMX * Nike,CounterTerrorist,2320.553,943.7046,149.7466,Flash,100,100,-46.66516,-227.5943,0,False,True,True,252.0703,2.109375
EPSILON GMX * Nike,CounterTerrorist,2318.56,934.6279,149.2563,Flash,100,100,-53.74718,-235.3451,0,False,True,True,252.0703,2.109375
EPSILON GMX * Nike,CounterTerrorist,2317.245,929.0573,148.945,Flash,100,100,-57.09932,-238.2534,0,False,True,True,252.0703,2.109375
EPSILON GMX * Nike,CounterTerrorist,2314.935,919.77,148.4126,Flash,100,100,-60.39099,-237.4404,0,False,True,True,252.0703,2.109375
EPSILON GMX * Nike,CounterTerrorist,2313.491,914.2124,148.0869,Flash,100,100,-62.23045,-236.9649,0,False,True,True,251.7188,1.757813
EPSILON GMX * Nike,CounterTerrorist,2311.555,906.8132,147.6518,Flash,100,100,-57.2373,-237.259,0,False,True,True,250.3125,1.757813
EPSILON GMX * Nike,CounterTerrorist,2310.263,899.3347,147.2876,Flash,100,100,-32.38896,-240.5283,0,False,True,True,248.9063,1.757813
EPSILON GMX * Nike,CounterTerrorist,2309.669,891.7598,147,Flash,100,100,-11.33959,-243.4588,0,False,True,True,248.9063,1.757813
EPSILON GMX * Nike,CounterTerrorist,2309.674,884.1131,146.9385,Flash,100,100,6.702966,-244.9083,0,False,True,True,248.9063,1.757813
EPSILON GMX * Nike,CounterTerrorist,2310.387,874.5715,146.9379,Flash,100,100,25.41437,-243.6783,0,False,True,True,248.9063,1.757813
EPSILON GMX * Nike,CounterTerrorist,2311.132,868.8782,146.9379,Flash,100,100,34.79926,-242.516,0,False,True,True,248.9063,1.757813
EPSILON GMX * Nike,CounterTerrorist,2312.429,861.3331,146.9573,Flash,100,100,45.20807,-240.7929,0,False,True,True,248.2031,1.757813
EPSILON GMX * Nike,CounterTerrorist,2314.003,853.8407,146.9774,Flash,100,100,53.19005,-239.1565,0,False,True,True,247.1484,1.757813
EPSILON GMX * Nike,CounterTerrorist,2315.787,846.3953,147.0164,Flash,100,100,59.22053,-237.735,0,False,True,True,246.0938,1.757813
EPSILON GMX * Nike,CounterTerrorist,2317.875,837.0919,147.0375,Flash,100,100,41.97168,-239.5395,0,False,True,True,245.0391,1.757813
EPSILON GMX * Nike,CounterTerrorist,2318.574,831.4468,147.0546,Flash,100,100,23.95515,-241.4713,0,False,True,True,243.9844,1.757813
EPSILON GMX * Nike,CounterTerrorist,2318.93,823.9367,147.0527,Flash,100,100,7.114449,-233.8369,0,False,True,True,242.5781,1.757813
EPSILON GMX * Nike,CounterTerrorist,2318.467,816.1603,147.0341,Flash,100,100,-29.84367,-174.0247,0,False,True,True,241.875,1.757813
EPSILON GMX * Nike,CounterTerrorist,2317.387,812.6123,147.008,Flash,100,100,-53.87286,-140.4876,0,False,True,True,241.5234,1.757813
EPSILON GMX * Nike,CounterTerrorist,2315.146,809.0013,146.9585,Flash,100,100,-81.8978,-101.3274,0,False,True,True,241.5234,1.757813
EPSILON GMX * Nike,CounterTerrorist,2312.256,806.6248,146.8974,Flash,100,100,-93.3858,-57.50591,0,False,True,True,241.5234,1.757813
EPSILON GMX * Nike,CounterTerrorist,2309.376,805.7646,146.8383,Flash,100,100,-91.33549,-10.4064,0,False,True,True,240.4688,1.054688
EPSILON GMX * Nike,CounterTerrorist,2305.919,806.5648,146.9971,Flash,100,100,-85.84418,39.99157,0,False,True,True,233.789,0
EPSILON GMX * Nike,CounterTerrorist,2304.029,807.9224,147.1242,Flash,100,100,-77.5154,66.57483,0,False,True,True,223.5938,0
EPSILON GMX * Nike,CounterTerrorist,2302.016,810.5938,147.2611,Flash,100,100,-54.64717,95.5323,0,False,True,True,197.2266,1.40625
EPSILON GMX * Nike,CounterTerrorist,2300.927,814.7737,147.3385,Incendiary,100,100,-8.047668,110.7028,0,False,True,True,162.0703,2.460938
EPSILON GMX * Nike,CounterTerrorist,2301,817.5991,147.337,Incendiary,100,100,9.439234,124.724,0,False,True,True,142.0313,2.460938
EPSILON GMX * Nike,CounterTerrorist,2301.857,821.6949,147.285,Incendiary,100,100,38.30723,133.9798,0,False,True,True,128.3203,2.460938
EPSILON GMX * Nike,CounterTerrorist,2304.138,827.1006,147.14,Incendiary,100,100,70.93999,141.1377,0,False,True,True,127.6172,2.460938
EPSILON GMX * Nike,CounterTerrorist,2306.066,830.4667,147.016,Incendiary,100,100,87.73056,144.816,0,False,True,True,127.6172,2.460938
EPSILON GMX * Nike,CounterTerrorist,2309.198,835.0777,146.8679,Incendiary,100,100,107.3232,149.1081,0,False,True,True,127.6172,2.460938
EPSILON GMX * Nike,CounterTerrorist,2313.886,841.0109,146.9716,Flash,100,100,127.9552,153.6279,0,False,True,True,127.6172,2.460938
EPSILON GMX * Nike,CounterTerrorist,2317.053,844.6483,147.0398,Flash,100,100,138.5691,155.953,0,False,True,True,127.6172,2.460938
EPSILON GMX * Nike,CounterTerrorist,2321.63,849.5758,147.138,Flash,100,100,150.9543,158.6662,0,False,True,True,127.6172,2.460938
EPSILON GMX * Nike,CounterTerrorist,2326.394,854.6746,147.8227,Flash,100,100,147.6021,168.9777,0,False,True,True,127.6172,2.460938
EPSILON GMX * Nike,CounterTerrorist,2330.691,860.2786,148.4738,Flash,100,100,131.7728,185.2227,0,False,True,True,127.6172,2.460938
EPSILON GMX * Nike,CounterTerrorist,2335.438,867.925,149.2355,Flash,100,100,115.1036,202.3296,0,False,True,True,127.6172,2.460938
EPSILON GMX * Nike,CounterTerrorist,2337.999,872.8065,149.6684,Flash,100,100,106.3787,211.1481,0,False,True,True,128.3203,2.8125
EPSILON GMX * Nike,CounterTerrorist,2340.998,879.5836,150.2061,Flash,100,100,84.35976,217.7698,0,False,True,True,140.625,3.867188
EPSILON GMX * Nike,CounterTerrorist,2342.872,887.6837,150.6546,Flash,100,100,23.73098,196.7056,0,False,True,True,174.0234,6.328125
EPSILON GMX * Nike,CounterTerrorist,2342.905,891.8852,150.7805,Flash,100,100,-9.132912,169.6616,0,False,True,True,197.2266,5.625
EPSILON GMX * Nike,CounterTerrorist,2342.469,895.9252,150.8484,Flash,100,100,-14.57364,105.9078,0,False,True,True,224.2969,2.460938
EPSILON GMX * Nike,CounterTerrorist,2342.162,898.1351,150.8648,Flash,100,100,-5.897613,50.59562,0,False,True,True,238.3594,0.3515625
EPSILON GMX * Nike,CounterTerrorist,2342.219,898.6942,150.9004,Flash,100,100,5.763915,-1.642687,0,False,True,True,241.5234,359.2969
EPSILON GMX * Nike,CounterTerrorist,2342.311,898.0045,150.8908,Flash,100,100,-3.720733,-32.38231,0,False,True,True,241.5234,359.2969
EPSILON GMX * Nike,CounterTerrorist,2341.837,896.472,150.7924,Flash,100,100,-21.64797,-59.11909,0,False,True,True,241.5234,359.2969
EPSILON GMX * Nike,CounterTerrorist,2340.841,894.0988,150.6103,Flash,100,100,-37.77077,-85.80875,0,False,True,True,241.5234,359.2969
EPSILON GMX * Nike,CounterTerrorist,2338.952,890.0563,150.2781,Flash,100,100,-54.9847,-114.5465,0,False,True,True,241.5234,359.2969
EPSILON GMX * Nike,CounterTerrorist,2337.523,887.1377,150.0309,Flash,100,100,-63.84017,-129.3302,0,False,True,True,241.5234,359.2969
EPSILON GMX * Nike,CounterTerrorist,2335.322,882.7528,149.6533,Flash,100,100,-74.17342,-146.581,0,False,True,True,241.5234,359.2969
EPSILON GMX * Nike,CounterTerrorist,2332.828,877.8775,149.2282,Flash,100,100,-83.04172,-161.3862,0,False,True,True,241.5234,359.2969
EPSILON GMX * Nike,CounterTerrorist,2330.081,872.5812,148.7621,Flash,100,100,-90.65275,-174.0923,0,False,True,True,241.5234,359.2969
EPSILON GMX * Nike,CounterTerrorist,2327.118,866.9238,148.261,Flash,100,100,-97.18475,-184.9972,0,False,True,True,241.5234,359.2969
EPSILON GMX * Nike,CounterTerrorist,2324.204,861.3866,147.7689,Flash,100,100,-87.97852,-167.163,0,False,True,True,241.5234,359.2969
EPSILON GMX * Nike,CounterTerrorist,2321.703,856.6345,147.3466,Flash,100,100,-75.50568,-143.4641,0,False,True,True,243.9844,358.9453
EPSILON GMX * Nike,CounterTerrorist,2319.256,852.0835,147.0931,Flash,100,100,-50.73048,-89.81532,0,False,True,True,248.5547,357.8906
EPSILON GMX * Nike,CounterTerrorist,2318.323,850.5922,147.0725,Flash,100,100,-34.57311,-51.00835,0,False,True,True,250.3125,357.5391
EPSILON GMX * Nike,CounterTerrorist,2317.655,849.9596,147.0583,Flash,100,100,-13.11081,-2.179304,0,False,True,True,251.3672,357.1875
EPSILON GMX * Nike,CounterTerrorist,2317.641,850.584,147.0572,Flash,100,100,4.998885,31.2091,0,False,True,True,251.7188,356.8359
EPSILON GMX * Nike,CounterTerrorist,2318.013,852.1403,147.0572,Flash,100,100,15.90778,60.99044,0,False,True,True,252.0703,356.8359
EPSILON GMX * Nike,CounterTerrorist,2318.931,855.3845,147.0757,Flash,100,100,28.33265,97.17802,0,False,True,True,252.0703,356.8359
EPSILON GMX * Nike,CounterTerrorist,2319.698,857.9617,147.1573,Flash,100,100,34.80715,116.1083,0,False,True,True,252.0703,356.8359
EPSILON GMX * Nike,CounterTerrorist,2320.935,862.0299,147.4161,Flash,100,100,42.3361,138.2062,0,False,True,True,252.0703,356.8359
EPSILON GMX * Nike,CounterTerrorist,2322.797,866.408,147.7549,Flash,100,100,70.59502,139.5391,0,False,True,True,252.0703,356.8359
EPSILON GMX * Nike,CounterTerrorist,2325.522,870.741,148.1906,Flash,100,100,96.70247,138.1348,0,False,True,True,251.7188,356.4844
EPSILON GMX * Nike,CounterTerrorist,2328.992,875.0309,148.7095,Flash,100,100,119.1894,136.7699,0,False,True,True,251.7188,356.4844
EPSILON GMX * Nike,CounterTerrorist,2334.219,880.3352,149.4577,Flash,100,100,142.9627,135.1463,0,False,True,True,251.3672,356.1328
EPSILON GMX * Nike,CounterTerrorist,2337.788,883.1119,149.9439,Flash,100,100,156.7531,110.4235,0,False,True,True,250.6641,355.7813
EPSILON GMX * Nike,CounterTerrorist,2343.003,885.9801,150.62,Flash,100,100,172.6699,81.07801,0,False,True,True,249.9609,355.4297
EPSILON GMX * Nike,CounterTerrorist,2348.668,888.0035,151.302,Flash,100,100,186.1535,55.40974,0,False,True,True,249.2578,355.0781
EPSILON GMX * Nike,CounterTerrorist,2354.715,889.2944,151.6864,Flash,100,100,197.6859,33.27458,0,False,True,True,249.2578,354.7266
EPSILON GMX * Nike,CounterTerrorist,2361.089,889.9561,152.0707,Flash,100,100,207.5801,14.2687,0,False,True,True,249.2578,354.7266
EPSILON GMX * Nike,CounterTerrorist,2367.745,890.0765,152.4546,Flash,100,100,216.0556,-2.084688,0,False,True,True,249.2578,354.7266
EPSILON GMX * Nike,CounterTerrorist,2374.641,889.7318,152.8383,Flash,100,100,223.3235,-16.13573,0,False,True,True,249.2578,354.7266
EPSILON GMX * Nike,CounterTerrorist,2383.549,888.7458,153.3176,Flash,100,100,230.977,-30.93226,0,False,True,True,249.2578,354.7266
EPSILON GMX * Nike,CounterTerrorist,2389.03,887.9385,153.7417,Flash,100,100,235.553,-33.6604,0,False,True,True,249.2578,354.7266
EPSILON GMX * Nike,CounterTerrorist,2396.755,887.8538,154.9069,Flash,100,100,174.1432,17.52419,0,False,True,True,249.2578,354.7266
EPSILON GMX * Nike,CounterTerrorist,2400.337,888.6813,155.4444,Flash,100,100,142.5687,43.86301,0,False,True,True,249.2578,354.7266
EPSILON GMX * Nike,CounterTerrorist,2402.173,890.6621,155.715,Flash,100,100,-4.215572,74.30138,0,False,True,True,248.9063,354.7266
EPSILON GMX * Nike,CounterTerrorist,2401.545,894.3468,155.6086,Flash,100,100,-23.44218,106.897,0,False,True,True,248.5547,355.0781
EPSILON GMX * Nike,CounterTerrorist,2400.843,897.1195,155.494,Flash,100,100,-33.07758,123.7879,0,False,True,True,248.2031,355.0781
EPSILON GMX * Nike,CounterTerrorist,2399.586,901.3804,155.2909,Flash,100,100,-44.2958,143.5084,0,False,True,True,248.2031,355.0781
EPSILON GMX * Nike,CounterTerrorist,2398.01,906.202,155.0381,Flash,100,100,-53.91582,160.4364,0,False,True,True,248.2031,355.0781
EPSILON GMX * Nike,CounterTerrorist,2396.161,911.5048,154.7424,Flash,100,100,-62.172,174.9645,0,False,True,True,248.2031,355.0781
EPSILON GMX * Nike,CounterTerrorist,2394.077,917.2206,154.7645,Flash,100,100,-69.2577,187.4329,0,False,True,True,248.2031,355.0781
EPSILON GMX * Nike,CounterTerrorist,2391.193,924.8577,154.8432,Flash,100,100,-76.71931,200.5628,0,False,True,True,248.2031,355.0781
EPSILON GMX * Nike,CounterTerrorist,2389.334,929.6653,154.869,Incendiary,100,100,-80.55785,207.3173,0,False,True,True,248.2031,355.0781
EPSILON GMX * Nike,CounterTerrorist,2386.727,936.3008,154.9203,Incendiary,100,100,-85.03695,215.199,0,False,True,True,248.2031,355.0781
EPSILON GMX * Nike,CounterTerrorist,2383.292,944.9064,154.9962,Incendiary,100,100,-89.7537,223.4989,0,False,True,True,248.2031,355.0781
EPSILON GMX * Nike,CounterTerrorist,2381.152,950.2071,155.0213,Incendiary,100,100,-91.90041,227.1108,0,False,True,True,248.2031,355.0781
EPSILON GMX * Nike,CounterTerrorist,2378.268,957.2994,155.0706,Incendiary,100,100,-92.50419,226.8655,0,False,True,True,248.2031,355.0781
EPSILON GMX * Nike,CounterTerrorist,2375.367,964.3848,155.1188,Incendiary,100,100,-93.02106,226.6541,0,False,True,True,248.2031,355.0781
EPSILON GMX * Nike,CounterTerrorist,2372.51,971.4759,155.1658,Incendiary,100,100,-85.8608,227.966,0,False,True,True,248.2031,355.0781
EPSILON GMX * Nike,CounterTerrorist,2369.961,980.5365,155.172,Incendiary,100,100,-52.38065,234.4448,0,False,True,True,248.2031,355.0781
EPSILON GMX * Nike,CounterTerrorist,2369.006,986.0841,155.1174,Incendiary,100,100,-35.15726,237.7777,0,False,True,True,248.2031,355.0781
EPSILON GMX * Nike,CounterTerrorist,2368.308,993.592,155.0774,Incendiary,100,100,-15.05961,241.6668,0,False,True,True,248.2031,355.0781
EPSILON GMX * Nike,CounterTerrorist,2368.228,1003.124,155.0692,Incendiary,100,100,6.083735,244.9245,0,False,True,True,248.2031,355.0781
EPSILON GMX * Nike,CounterTerrorist,2368.541,1008.857,155.0692,Incendiary,100,100,16.82372,244.4217,0,False,True,True,248.2031,355.0781
EPSILON GMX * Nike,CounterTerrorist,2369.312,1016.474,155.01,Incendiary,100,100,29.13132,243.2619,0,False,True,True,248.2031,355.0781
EPSILON GMX * Nike,CounterTerrorist,2370.754,1025.934,154.953,Incendiary,100,100,41.73794,241.4186,0,False,True,True,248.2031,355.0781
EPSILON GMX * Nike,CounterTerrorist,2371.829,1031.574,155.2529,Incendiary,100,100,47.75164,240.3014,0,False,True,True,249.2578,355.4297
EPSILON GMX * Nike,CounterTerrorist,2373.409,1039.066,155.8143,Incendiary,100,100,51.26276,239.577,0,False,True,True,256.9922,356.1328
EPSILON GMX * Nike,CounterTerrorist,2375.115,1046.486,156.0592,Incendiary,100,100,63.3541,231.3412,0,False,True,True,278.0859,359.6484
EPSILON GMX * Nike,CounterTerrorist,2377.635,1053.409,156.3514,Incendiary,100,100,88.83203,218.7144,0,False,True,True,314.2969,5.625
EPSILON GMX * Nike,CounterTerrorist,2381.247,1062.094,156.7703,Incendiary,100,100,90.03351,226.4245,0,False,True,True,355.0781,8.789063
EPSILON GMX * Nike,CounterTerrorist,2383.14,1067.498,156.9897,Incendiary,100,100,75.40697,232.3988,0,False,True,True,13.71094,9.140625
EPSILON GMX * Nike,CounterTerrorist,2385.091,1074.865,157.0869,Incendiary,100,100,59.61369,237.6367,0,False,True,True,29.53125,9.492188
EPSILON GMX * Nike,CounterTerrorist,2387.376,1084.159,156.9329,Incendiary,100,100,57.12331,238.2476,0,False,True,True,35.85938,9.84375
EPSILON GMX * Nike,CounterTerrorist,2388.676,1089.752,156.8316,Incendiary,100,100,54.65741,238.8254,0,False,True,True,36.5625,9.84375
EPSILON GMX * Nike,CounterTerrorist,2390.327,1097.228,156.6862,Incendiary,100,100,51.80713,239.4598,0,False,True,True,36.5625,9.84375
EPSILON GMX * Nike,CounterTerrorist,2392.446,1104.518,160.0313,Incendiary,100,100,76.94678,229.7368,0,False,True,True,36.5625,9.492188
EPSILON GMX * Nike,CounterTerrorist,2395.281,1111.529,160.0313,Incendiary,100,100,98.59303,221.2971,0,False,True,True,36.5625,9.492188
EPSILON GMX * Nike,CounterTerrorist,2399.682,1119.958,160.0313,Incendiary,100,100,121.4194,212.3669,0,False,True,True,36.5625,9.140625
EPSILON GMX * Nike,CounterTerrorist,2402.699,1124.843,160.0313,Incendiary,100,100,132.1212,206.3225,0,False,True,True,36.5625,8.789063
EPSILON GMX * Nike,CounterTerrorist,2407.119,1131.195,160.0313,Knife,100,100,146.8595,201.3508,0,False,True,True,35.15625,8.4375
EPSILON GMX * Nike,CounterTerrorist,2413.233,1138.806,160.0313,Knife,100,100,163.0197,189.5378,0,False,True,True,26.36719,7.734375
EPSILON GMX * Nike,CounterTerrorist,2415.969,1143.085,160.0313,Knife,100,100,0,178.7277,0,False,True,True,15.82031,7.734375
EPSILON GMX * Nike,CounterTerrorist,2415.969,1148.251,160.0298,Knife,100,100,0,155.8932,0,False,True,True,356.1328,7.734375
EPSILON GMX * Nike,CounterTerrorist,2415.969,1153.411,160.2717,Knife,100,100,0,114.8477,0,False,True,True,337.1484,8.085938
EPSILON GMX * Nike,CounterTerrorist,2415.969,1155.674,160.3778,Knife,100,100,0,87.31222,0,False,True,True,329.0625,7.734375
EPSILON GMX * Nike,CounterTerrorist,2416,1157.478,160.4646,Knife,100,100,0,18.9334,0,False,True,True,322.3828,7.734375
EPSILON GMX * Nike,CounterTerrorist,2416,1157.324,160.4574,Knife,100,100,0,-16.51917,0,False,True,True,320.2734,7.734375
EPSILON GMX * Nike,CounterTerrorist,2416,1156.176,160.4036,Knife,100,100,0,-48.85655,0,False,True,True,319.9219,8.085938
EPSILON GMX * Nike,CounterTerrorist,2416,1154.018,160.3024,Knife,100,100,0,-81.19645,0,False,True,True,319.9219,8.085938
EPSILON GMX * Nike,CounterTerrorist,2416,1151.065,160.164,Knife,100,100,0,-99.75328,0,False,True,True,319.9219,8.085938
EPSILON GMX * Nike,CounterTerrorist,2416,1147.699,160.0313,Knife,100,100,0,-112.2438,0,False,True,True,319.9219,8.085938
EPSILON GMX * Nike,CounterTerrorist,2416,1142.999,160.0313,Knife,100,100,0,-125.3971,0,False,True,True,319.9219,8.085938
EPSILON GMX * Nike,CounterTerrorist,2416,1139.953,160.0313,Knife,100,100,0,-132.1635,0,False,True,True,319.9219,8.085938
EPSILON GMX * Nike,CounterTerrorist,2416.193,1135.665,160.0313,Knife,100,100,16.41971,-140.0592,0,False,True,True,319.9219,8.085938
EPSILON GMX * Nike,CounterTerrorist,2417.307,1131.215,160.0313,Flash,100,100,48.04408,-138.9785,0,False,True,True,319.2188,8.085938
EPSILON GMX * Nike,CounterTerrorist,2419.479,1127.285,160.0313,Flash,100,100,81.73264,-118.8234,0,False,True,True,312.8906,7.734375
EPSILON GMX * Nike,CounterTerrorist,2423.514,1122.992,160.0313,Flash,100,100,116.5288,-105.8954,0,False,True,True,301.2891,7.382813
EPSILON GMX * Nike,CounterTerrorist,2426.488,1120.9,160.0313,Flash,100,100,132.119,-81.72816,0,False,True,True,291.4453,7.03125
EPSILON GMX * Nike,CounterTerrorist,2431.025,1118.774,160.0313,Flash,100,100,152.8796,-61.42602,0,False,True,True,277.3828,6.328125
EPSILON GMX * Nike,CounterTerrorist,2437.551,1116.65,160.0313,Incendiary,100,100,175.9067,-51.5097,0,False,True,True,264.7266,5.625
EPSILON GMX * Nike,CounterTerrorist,2441.856,1115.458,160.0313,Incendiary,100,100,187.4312,-50.76031,0,False,True,True,259.8047,4.921875
EPSILON GMX * Nike,CounterTerrorist,2447.969,1113.828,160.0313,Incendiary,100,100,200.1357,-53.46649,0,False,True,True,253.4766,4.21875
EPSILON GMX * Nike,CounterTerrorist,2454.421,1112.551,160.0313,Incendiary,100,100,209.7374,-32.46115,0,False,True,True,246.0938,4.921875
EPSILON GMX * Nike,CounterTerrorist,2461.151,1112.054,160.0313,Incendiary,100,100,218.6879,2.939505,0,False,True,True,240.8203,5.976563
EPSILON GMX * Nike,CounterTerrorist,2468.145,1112.355,160.0313,Incendiary,100,100,226.7097,13.43726,0,False,True,True,240.4688,5.976563
EPSILON GMX * Nike,CounterTerrorist,2475.366,1112.954,160.0313,Incendiary,100,100,233.5965,22.43859,0,False,True,True,240.4688,5.976563
EPSILON GMX * Nike,CounterTerrorist,2482.784,1113.809,160.0313,Incendiary,100,100,239.507,30.16381,0,False,True,True,240.4688,5.976563
EPSILON GMX * Nike,CounterTerrorist,2491.908,1115.669,160.0313,Incendiary,100,100,226.588,62.70127,0,False,True,True,240.4688,5.976563
EPSILON GMX * Nike,CounterTerrorist,2497.071,1117.458,160.0313,Incendiary,100,100,217.2357,82.8896,0,False,True,True,240.4688,5.976563
EPSILON GMX * Nike,CounterTerrorist,2503.642,1120.517,160.0313,Incendiary,100,100,206.3227,106.447,0,False,True,True,240.4688,5.976563
EPSILON GMX * Nike,CounterTerrorist,2509.903,1124.246,160.0313,Incendiary,100,100,196.9568,126.6646,0,False,True,True,240.4688,5.976563
EPSILON GMX * Nike,CounterTerrorist,2515.899,1128.549,160.0313,Incendiary,100,100,189.0748,143.9263,0,False,True,True,239.7656,5.976563
EPSILON GMX * Nike,CounterTerrorist,2521.729,1133.305,160.0313,Incendiary,100,100,186.0863,156.2065,0,False,True,True,229.2188,6.328125
EPSILON GMX * Nike,CounterTerrorist,2527.461,1138.349,160.0313,Incendiary,100,100,177.8637,166.9791,0,False,True,True,210.2344,5.976563
EPSILON GMX * Nike,CounterTerrorist,2532.84,1143.792,160.0313,Incendiary,100,100,169.6945,176.7166,0,False,True,True,189.1406,5.273438
EPSILON GMX * Nike,CounterTerrorist,2537.99,1149.427,160.0313,Incendiary,100,100,157.8258,185.2787,0,False,True,True,175.7813,4.21875
EPSILON GMX * Nike,CounterTerrorist,2542.504,1155.368,160.0313,M4A4,100,100,130.7222,183.1303,0,False,True,True,169.8047,2.8125
EPSILON GMX * Nike,CounterTerrorist,2546.342,1161.258,160.0313,M4A4,100,100,118.3214,191.3767,0,False,True,True,168.0469,2.8125
EPSILON GMX * Nike,CounterTerrorist,2550.646,1168.919,160.0313,M4A4,100,100,105.0684,198.9614,0,False,True,True,168.0469,2.8125
EPSILON GMX * Nike,CounterTerrorist,2553,1173.638,160.0313,M4A4,100,100,98.18656,202.446,0,False,True,True,168.0469,2.8125
EPSILON GMX * Nike,CounterTerrorist,2555.908,1180.039,160.0313,M4A4,100,100,90.15394,206.1487,0,False,True,True,168.0469,2.8125
EPSILON GMX * Nike,CounterTerrorist,2558.429,1186.534,160.0313,M4A4,100,100,69.67924,208.5804,0,False,True,True,168.0469,2.8125
EPSILON GMX * Nike,CounterTerrorist,2560.005,1193.085,160.0313,M4A4,100,100,39.50326,210.2021,0,False,True,True,168.0469,2.8125
EPSILON GMX * Nike,CounterTerrorist,2560.785,1201.337,160.0313,M4A4,100,100,7.726277,211.9099,0,False,True,True,168.0469,2.8125
EPSILON GMX * Nike,CounterTerrorist,2560.707,1206.317,160.0313,M4A4,100,100,-8.620946,212.7884,0,False,True,True,168.0469,2.8125
EPSILON GMX * Nike,CounterTerrorist,2560.058,1212.987,160.0313,M4A4,100,100,-27.6962,213.8136,0,False,True,True,168.0469,2.8125
EPSILON GMX * Nike,CounterTerrorist,2558.496,1221.367,160.0313,M4A4,100,100,-47.48666,215.0821,0,False,True,True,166.6406,2.8125
EPSILON GMX * Nike,CounterTerrorist,2557.239,1226.429,160.0313,M4A4,100,100,-56.47896,216.4543,0,False,True,True,164.1797,2.460938
EPSILON GMX * Nike,CounterTerrorist,2555.311,1233.189,160.0313,M4A4,100,100,-64.18108,215.652,0,False,True,True,160.3125,2.460938
EPSILON GMX * Nike,CounterTerrorist,2553.221,1239.903,160.0313,M4A4,100,100,-68.15117,214.4305,0,False,True,True,157.1484,2.460938
EPSILON GMX * Nike,CounterTerrorist,2551.052,1246.591,160.0313,M4A4,100,100,-69.96948,213.844,0,False,True,True,155.3906,2.460938
EPSILON GMX * Nike,CounterTerrorist,2548.838,1253.265,160.0313,M4A4,100,100,-71.50262,213.3363,0,False,True,True,156.7969,2.460938
EPSILON GMX * Nike,CounterTerrorist,2547.042,1259.95,160.0313,M4A4,100,100,-51.82192,208.7333,0,False,True,True,163.8281,3.164063
EPSILON GMX * Nike,CounterTerrorist,2545.449,1265.154,160.0313,M4A4,100,100,-49.22203,142.3266,0,False,True,True,178.5938,4.21875
EPSILON GMX * Nike,CounterTerrorist,2543.878,1269.035,160.0313,M4A4,100,100,-32.35126,72.90025,0,False,True,True,197.9297,5.273438
EPSILON GMX * Nike,CounterTerrorist,2543.364,1270.199,160.0313,M4A4,100,100,-16.30771,38.31524,0,False,True,True,207.7734,5.273438
EPSILON GMX * Nike,CounterTerrorist,2542.915,1270.465,160.0313,M4A4,100,100,-13.335,-7.934656,0,False,True,True,216.9141,5.273438
EPSILON GMX * Nike,CounterTerrorist,2542.567,1269.61,160.0313,M4A4,100,100,-10.41519,-38.26285,0,False,True,True,221.4844,4.921875
EPSILON GMX * Nike,CounterTerrorist,2542.256,1267.86,160.0313,M4A4,100,100,-9.890015,-66.60015,0,False,True,True,222.1875,4.570313
EPSILON GMX * Nike,CounterTerrorist,2541.86,1264.452,160.0313,M4A4,100,100,-10.32484,-100.3585,0,False,True,True,222.1875,4.570313
EPSILON GMX * Nike,CounterTerrorist,2541.614,1261.822,160.0313,M4A4,100,100,-10.57301,-117.891,0,False,True,True,222.1875,4.570313
EPSILON GMX * Nike,CounterTerrorist,2541.278,1257.731,160.0313,M4A4,100,100,-10.86259,-138.3495,0,False,True,True,222.1875,4.570313
EPSILON GMX * Nike,CounterTerrorist,2540.933,1253.058,160.0313,M4A4,100,100,-11.11112,-155.9075,0,False,True,True,222.1875,4.570313
EPSILON GMX * Nike,CounterTerrorist,2540.529,1247.911,160.0313,M4A4,100,100,-18.13839,-167.7619,0,False,True,True,222.1875,4.570313
EPSILON GMX * Nike,CounterTerrorist,2539.465,1242.644,160.0313,M4A4,100,100,-43.11615,-168.9979,0,False,True,True,222.1875,4.570313
EPSILON GMX * Nike,CounterTerrorist,2537.72,1237.321,160.0313,M4A4,100,100,-60.8238,-172.6189,0,False,True,True,222.1875,4.570313
EPSILON GMX * Nike,CounterTerrorist,2535.955,1231.674,160.0313,M4A4,100,100,-53.98925,-185.3185,0,False,True,True,222.1875,4.570313
EPSILON GMX * Nike,CounterTerrorist,2533.998,1224.115,160.0313,M4A4,100,100,-48.20207,-198.5889,0,False,True,True,218.3203,4.21875
EPSILON GMX * Nike,CounterTerrorist,2532.874,1219.358,160.0313,M4A4,100,100,-48.1814,-205.0234,0,False,True,True,212.6953,4.21875
EPSILON GMX * Nike,CounterTerrorist,2531.286,1212.822,160.0313,M4A4,100,100,-53.00401,-211.2651,0,False,True,True,203.2031,3.867188
EPSILON GMX * Nike,CounterTerrorist,2529.463,1206.147,160.0313,M4A4,100,100,-61.93465,-214.6732,0,False,True,True,196.1719,3.515625
EPSILON GMX * Nike,CounterTerrorist,2527.331,1199.45,160.0313,M4A4,100,100,-71.84512,-213.2212,0,False,True,True,191.9531,3.164063
EPSILON GMX * Nike,CounterTerrorist,2524.954,1192.833,160.0313,M4A4,100,100,-74.35874,-212.3577,0,False,True,True,189.8437,2.8125
EPSILON GMX * Nike,CounterTerrorist,2522.967,1186.09,160.0313,M4A4,100,100,-57.43987,-217.5446,0,False,True,True,189.1406,2.8125
EPSILON GMX * Nike,CounterTerrorist,2521.46,1179.224,160.0313,M4A4,100,100,-42.96564,-220.8596,0,False,True,True,188.789,2.8125
EPSILON GMX * Nike,CounterTerrorist,2520.363,1172.279,160.0313,M4A4,100,100,-30.63255,-222.905,0,False,True,True,188.789,2.8125
EPSILON GMX * Nike,CounterTerrorist,2519.612,1165.289,160.0313,M4A4,100,100,-20.31758,-224.0808,0,False,True,True,188.4375,2.460938
EPSILON GMX * Nike,CounterTerrorist,2519.148,1158.274,160.0313,M4A4,100,100,-11.74733,-224.6931,0,False,True,True,188.4375,2.460938
EPSILON GMX * Nike,CounterTerrorist,2518.924,1151.246,160.0313,M4A4,100,100,-4.566556,-224.9537,0,False,True,True,188.4375,2.460938
EPSILON GMX * Nike,CounterTerrorist,2518.845,1144.219,160.0313,M4A4,100,100,-5.832966,-224.4542,0,False,True,True,188.4375,2.460938
EPSILON GMX * Nike,CounterTerrorist,2518.235,1137.246,160.0313,M4A4,100,100,-27.32439,-222.413,0,False,True,True,188.0859,2.460938
EPSILON GMX * Nike,CounterTerrorist,2516.923,1130.483,160.0313,M4A4,100,100,-53.39632,-207.7191,0,False,True,True,187.7344,2.109375
EPSILON GMX * Nike,CounterTerrorist,2514.727,1124.753,160.0313,M4A4,100,100,-78.408,-164.57,0,False,True,True,187.0313,2.109375
EPSILON GMX * Nike,CounterTerrorist,2511.915,1120.531,160.0313,M4A4,100,100,-96.58109,-118.2801,0,False,True,True,186.6797,2.109375
EPSILON GMX * Nike,CounterTerrorist,2508.592,1117.633,160.0313,M4A4,100,100,-111.8527,-78.14451,0,False,True,True,185.625,2.109375
EPSILON GMX * Nike,CounterTerrorist,2504.842,1115.884,160.0313,M4A4,100,100,-124.6078,-43.26951,0,False,True,True,184.9219,2.109375
EPSILON GMX * Nike,CounterTerrorist,2500.732,1115.13,160.0313,M4A4,100,100,-135.4731,-13.24093,0,False,True,True,184.9219,2.109375
EPSILON GMX * Nike,CounterTerrorist,2496.143,1114.688,160.0313,M4A4,100,100,-153.3356,-14.65953,0,False,True,True,184.9219,1.757813
EPSILON GMX * Nike,CounterTerrorist,2491.046,1114.204,160.0313,M4A4,100,100,-168.6621,-15.91777,0,False,True,True,185.2734,1.757813
EPSILON GMX * Nike,CounterTerrorist,2485.513,1113.685,160.0313,M4A4,100,100,-181.8151,-17.00534,0,False,True,True,185.2734,1.757813
EPSILON GMX * Nike,CounterTerrorist,2479.607,1113.135,160.0313,M4A4,100,100,-193.1034,-17.93872,0,False,True,True,185.2734,1.757813
EPSILON GMX * Nike,CounterTerrorist,2473.34,1112.555,160.0313,Flash,100,100,-205.3088,-18.96694,0,False,True,True,185.2734,1.757813
EPSILON GMX * Nike,CounterTerrorist,2466.7,1112.031,160.0313,Flash,100,100,-216.561,0,0,False,True,True,185.2734,1.757813
EPSILON GMX * Nike,CounterTerrorist,2459.74,1112.001,160.0313,Flash,100,100,-226.2179,-0.963221,0,False,True,True,185.2734,1.757813
EPSILON GMX * Nike,CounterTerrorist,2452.506,1112.001,160.0313,Flash,100,100,-234.5057,0,0,False,True,True,185.2734,1.757813
EPSILON GMX * Nike,CounterTerrorist,2445.036,1112.001,160.0313,Flash,100,100,-241.6161,0,0,False,True,True,185.2734,1.757813
EPSILON GMX * Nike,CounterTerrorist,2437.396,1112.001,160.0313,Flash,100,100,-244.998,0,0,False,True,True,185.625,1.757813
EPSILON GMX * Nike,CounterTerrorist,2427.848,1112.001,160.0313,Flash,100,100,-242.3201,0,0,False,True,True,186.3281,1.757813
EPSILON GMX * Nike,CounterTerrorist,2422.281,1111.616,160.0313,Flash,100,100,-235.1321,-24.40134,0,False,True,True,187.3828,1.757813
EPSILON GMX * Nike,CounterTerrorist,2415.123,1110.27,160.0313,Flash,100,100,-225.2632,-53.96504,0,False,True,True,191.6016,1.757813
EPSILON GMX * Nike,CounterTerrorist,2408.325,1108.032,160.0313,Flash,100,100,-212.3091,-82.06636,0,False,True,True,200.3906,2.109375
EPSILON GMX * Nike,CounterTerrorist,2402.045,1104.932,160.0313,Flash,100,100,-193.3893,-109.2967,0,False,True,True,214.1016,3.515625
EPSILON GMX * Nike,CounterTerrorist,2396.487,1101.023,160.0313,Flash,100,100,-167.6685,-134.1872,0,False,True,True,228.1641,4.21875
EPSILON GMX * Nike,CounterTerrorist,2391.848,1096.412,156.8992,Flash,100,100,-136.4933,-154.9461,0,False,True,True,239.0625,4.21875
EPSILON GMX * Nike,CounterTerrorist,2388.213,1091.24,156.7109,Flash,100,100,-104.2951,-171.3936,0,False,True,True,245.3906,3.867188
EPSILON GMX * Nike,CounterTerrorist,2385.556,1085.622,156.656,Flash,100,100,-73.80547,-184.4484,0,False,True,True,248.5547,3.867188
EPSILON GMX * Nike,CounterTerrorist,2383.468,1078.096,156.753,Flash,100,100,-40.69756,-197.7659,0,False,True,True,249.2578,3.515625
EPSILON GMX * Nike,CounterTerrorist,2382.594,1073.348,156.8657,Flash,100,100,-39.73993,-205.0544,0,False,True,True,248.9063,3.515625
EPSILON GMX * Nike,CounterTerrorist,2381.176,1066.765,156.762,Flash,100,100,-48.58619,-213.8311,0,False,True,True,248.9063,3.515625
EPSILON GMX * Nike,CounterTerrorist,2379.506,1059.933,156.5684,Flash,100,100,-56.23065,-221.3434,0,False,True,True,248.9063,3.515625
EPSILON GMX * Nike,CounterTerrorist,2377.6,1052.895,156.3474,Flash,100,100,-64.04425,-227.2761,0,False,True,True,245.3906,3.164063
EPSILON GMX * Nike,CounterTerrorist,2375.381,1045.735,156.0901,Flash,100,100,-76.14059,-229.4844,0,False,True,True,232.3828,3.164063
EPSILON GMX * Nike,CounterTerrorist,2372.646,1038.644,155.7046,Flash,100,100,-95.15347,-224.1447,0,False,True,True,215.8594,3.164063
EPSILON GMX * Nike,CounterTerrorist,2369.208,1031.943,154.9676,Flash,100,100,-119.1795,-207.2009,0,False,True,True,194.7656,2.109375
EPSILON GMX * Nike,CounterTerrorist,2365.021,1025.948,154.6252,Flash,100,100,-142.5172,-181.9876,0,False,True,True,181.7578,1.054688
EPSILON GMX * Nike,CounterTerrorist,2360.163,1020.795,154.4236,Flash,100,100,-162.7958,-154.6847,0,False,True,True,176.4844,0.3515625
EPSILON GMX * Nike,CounterTerrorist,2354.732,1016.466,154.177,Flash,100,100,-180.082,-129.2014,0,False,True,True,174.375,359.6484
EPSILON GMX * Nike,CounterTerrorist,2347.261,1012.077,153.6638,Flash,100,100,-198.2286,-101.7538,0,False,True,True,174.0234,359.6484
EPSILON GMX * Nike,CounterTerrorist,2342.468,1009.918,153.1489,Flash,100,100,-207.5489,-87.48791,0,False,True,True,174.0234,359.6484
EPSILON GMX * Nike,CounterTerrorist,2336.593,1007.678,152.5079,Flash,100,100,-175.9158,-54.16535,0,False,True,True,174.0234,359.6484
EPSILON GMX * Nike,CounterTerrorist,2330.583,1006.977,151.825,Flash,100,100,-140.0937,4.704301,0,False,True,True,174.0234,359.6484
EPSILON GMX * Nike,CounterTerrorist,2327.59,1007.566,151.4849,Flash,100,100,-121.7402,34.99669,0,False,True,True,174.375,359.6484
EPSILON GMX * Nike,CounterTerrorist,2324.203,1009.365,151.0811,Flash,100,100,-100.8768,70.39695,0,False,True,True,175.4297,358.9453
EPSILON GMX * Nike,CounterTerrorist,2321.335,1011.366,150.7275,Flash,100,100,-86.57539,60.41668,0,False,True,True,176.1328,358.2422
EPSILON GMX * Nike,CounterTerrorist,2318.874,1013.083,150.424,Flash,100,100,-74.30147,51.85131,0,False,True,True,177.1875,357.5391
EPSILON GMX * Nike,CounterTerrorist,2316.762,1014.557,150.1636,Flash,100,100,-63.76765,44.50028,0,False,True,True,178.2422,357.1875
EPSILON GMX * Nike,CounterTerrorist,2314.544,1016.105,149.8902,Flash,100,100,-52.1507,36.39338,0,False,True,True,178.9453,356.4844
EPSILON GMX * Nike,CounterTerrorist,2313.43,1016.882,149.7528,Flash,100,100,-45.23145,31.56478,0,False,True,True,179.2969,356.1328
EPSILON GMX * Nike,CounterTerrorist,2312.197,1017.743,149.6008,Flash,100,100,-36.00579,25.12665,0,False,True,True,179.6484,355.4297
EPSILON GMX * Nike,CounterTerrorist,2311.252,1018.402,149.4842,Flash,100,100,-26.78012,18.68851,0,False,True,True,180.3516,354.375
EPSILON GMX * Nike,CounterTerrorist,2310.595,1018.86,149.4032,Flash,100,100,-17.55446,12.25038,0,False,True,True,180.7031,353.6719
EPSILON GMX * Nike,CounterTerrorist,2310.18,1019.15,149.3529,Flash,100,100,-6.022371,4.202713,0,False,True,True,181.0547,352.9688
EPSILON GMX * Nike,CounterTerrorist,2310.14,1019.178,149.3497,Flash,100,100,0,0,0,False,True,True,181.0547,352.2656
EPSILON GMX * Nike,CounterTerrorist,2310.14,1019.178,149.3497,Flash,100,100,0,0,0,False,True,True,181.0547,352.2656
EPSILON GMX * Nike,CounterTerrorist,2310.14,1019.178,149.3497,Flash,100,100,0,0,0,False,True,True,181.0547,352.2656
EPSILON GMX * Nike,CounterTerrorist,2310.14,1019.178,149.3497,Flash,100,100,0,0,0,False,True,True,181.0547,352.2656
EPSILON GMX * Nike,CounterTerrorist,2310.143,1018.949,149.3488,Flash,100,100,0.2941767,-18.62267,0,False,True,True,181.0547,352.2656
EPSILON GMX * Nike,CounterTerrorist,2310.169,1017.295,149.3694,Flash,100,100,0.9185618,-58.14899,0,False,True,True,181.0547,352.2656
EPSILON GMX * Nike,CounterTerrorist,2310.02,1015.633,149.3825,Flash,100,100,-13.66322,-75.83733,0,False,True,True,181.0547,352.2656
EPSILON GMX * Nike,CounterTerrorist,2309.117,1012.944,149.3172,M4A4,100,100,-37.5357,-91.89635,0,False,True,True,181.4063,352.9688
EPSILON GMX * Nike,CounterTerrorist,2307.087,1008.911,149.1423,M4A4,100,100,-60.207,-110.9582,0,False,True,True,189.1406,356.4844
EPSILON GMX * Nike,CounterTerrorist,2305.557,1006.11,148.9811,M4A4,100,100,-67.20477,-123.9181,0,False,True,True,199.6875,1.054688
EPSILON GMX * Nike,CounterTerrorist,2303.466,1001.872,148.7435,M4A4,100,100,-65.00156,-142.6369,0,False,True,True,221.8359,8.085938
EPSILON GMX * Nike,CounterTerrorist,2301.019,995.8604,148.4654,M4A4,100,100,-65.958,-159.9847,0,False,True,True,245.0391,11.25
EPSILON GMX * Nike,CounterTerrorist,2298.91,990.5414,148.2258,Incendiary,100,100,-67.41137,-176.3034,0,False,True,True,258.0469,11.25
EPSILON GMX * Nike,CounterTerrorist,2297.375,986.2267,148.0513,Incendiary,100,100,-64.36546,-187.8708,0,False,True,True,262.9688,10.54688
EPSILON GMX * Nike,CounterTerrorist,2295.459,980.0839,147.8336,Incendiary,100,100,-59.63282,-201.5197,0,False,True,True,263.3203,9.492188
EPSILON GMX * Nike,CounterTerrorist,2293.67,973.554,147.6825,Incendiary,100,100,-55.91921,-213.1947,0,False,True,True,263.3203,9.492188
EPSILON GMX * Nike,CounterTerrorist,2291.986,966.6923,147.7966,Incendiary,100,100,-52.73209,-223.2146,0,False,True,True,263.3203,9.492188
EPSILON GMX * Nike,CounterTerrorist,2290.007,957.7193,147.9366,Incendiary,100,100,-49.37587,-233.766,0,False,True,True,263.3203,9.492188
EPSILON GMX * Nike,CounterTerrorist,2288.877,952.1545,148.0194,Incendiary,100,100,-47.64932,-239.1941,0,False,True,True,263.3203,9.492188
EPSILON GMX * Nike,CounterTerrorist,2287.44,944.6342,148.1274,Incendiary,100,100,-44.93099,-240.8448,0,False,True,True,263.3203,9.492188
EPSILON GMX * Nike,CounterTerrorist,2285.756,935.2133,148.258,Incendiary,100,100,-41.991,-241.3747,0,False,True,True,263.3203,9.492188
EPSILON GMX * Nike,CounterTerrorist,2284.738,929.5716,148.3366,Incendiary,100,100,-47.85712,-239.1309,0,False,True,True,263.3203,9.492188
EPSILON GMX * Nike,CounterTerrorist,2282.745,922.2739,148.4664,Incendiary,100,100,-72.88182,-230.3342,0,False,True,True,263.3203,9.492188
EPSILON GMX * Nike,CounterTerrorist,2280.038,915.2281,148.6244,Incendiary,100,100,-94.47847,-222.6316,0,False,True,True,262.6172,9.140625
EPSILON GMX * Nike,CounterTerrorist,2276.707,908.4152,148.8068,Incendiary,100,100,-113.5808,-215.276,0,False,True,True,261.2109,8.4375
EPSILON GMX * Nike,CounterTerrorist,2272.989,901.7372,149.0046,Incendiary,100,100,-116.2942,-215.6401,0,False,True,True,259.8047,7.734375
EPSILON GMX * Nike,CounterTerrorist,2269.571,894.887,149.1909,Incendiary,100,100,-105.4972,-221.1229,0,False,True,True,259.1016,7.03125
EPSILON GMX * Nike,CounterTerrorist,2266.452,887.8953,149.3656,Incendiary,100,100,-96.60045,-225.1518,0,False,True,True,258.3984,6.679688
EPSILON GMX * Nike,CounterTerrorist,2263.579,880.799,149.5309,Incendiary,100,100,-89.35552,-228.1241,0,False,True,True,257.6953,6.679688
EPSILON GMX * Nike,CounterTerrorist,2260.903,873.626,149.6884,Incendiary,100,100,-83.60807,-230.2926,0,False,True,True,257.3438,6.679688
EPSILON GMX * Nike,CounterTerrorist,2258.382,866.397,149.8397,Incendiary,100,100,-79.04552,-231.8983,0,False,True,True,256.9922,6.679688
EPSILON GMX * Nike,CounterTerrorist,2255.983,859.1261,149.9863,Incendiary,100,100,-75.50613,-233.0747,0,False,True,True,256.6406,6.679688
EPSILON GMX * Nike,CounterTerrorist,2253.673,851.8266,150.1293,Incendiary,100,100,-73.09652,-233.8416,0,False,True,True,255.5859,6.679688
EPSILON GMX * Nike,CounterTerrorist,2251.419,844.5098,150.2735,Incendiary,100,100,-71.68369,-234.2786,0,False,True,True,254.5313,6.679688
EPSILON GMX * Nike,CounterTerrorist,2249.191,837.1849,150.4631,Incendiary,100,100,-71.1872,-234.4299,0,False,True,True,253.125,6.679688
EPSILON GMX * Nike,CounterTerrorist,2246.955,829.8625,150.6532,Incendiary,100,100,-71.91678,-234.2071,0,False,True,True,251.0156,6.679688
EPSILON GMX * Nike,CounterTerrorist,2244.108,820.7253,150.9073,Incendiary,100,100,-73.4622,-233.727,0,False,True,True,250.6641,6.679688
EPSILON GMX * Nike,CounterTerrorist,2242.374,815.2513,151.2792,Incendiary,100,100,-74.25117,-233.4776,0,False,True,True,250.6641,6.679688
EPSILON GMX * Nike,CounterTerrorist,2240.036,807.961,151.778,Incendiary,100,100,-75.16719,-233.1842,0,False,True,True,250.6641,6.679688
EPSILON GMX * Nike,CounterTerrorist,2237.671,800.679,152.2797,Incendiary,100,100,-75.94984,-232.9305,0,False,True,True,250.6641,6.679688
EPSILON GMX * Nike,CounterTerrorist,2235.284,793.4042,152.5938,Incendiary,100,100,-76.61919,-232.7112,0,False,True,True,250.6641,6.679688
EPSILON GMX * Nike,CounterTerrorist,2232.879,786.1357,152.8906,Incendiary,100,100,-77.19213,-232.5218,0,False,True,True,250.6641,6.679688
EPSILON GMX * Nike,CounterTerrorist,2230.457,778.8727,153.1894,Incendiary,100,100,-77.68282,-232.3583,0,False,True,True,250.6641,6.679688
EPSILON GMX * Nike,CounterTerrorist,2228.021,771.6143,153.4899,Incendiary,100,100,-78.10325,-232.2173,0,False,True,True,250.6641,6.679688
EPSILON GMX * Nike,CounterTerrorist,2224.958,762.5475,153.8613,Incendiary,100,100,-78.67184,-232.0253,0,False,True,True,250.3125,6.679688
EPSILON GMX * Nike,CounterTerrorist,2223.107,757.1115,154.0829,Incendiary,100,100,-79.05647,-231.8945,0,False,True,True,250.3125,6.679688
EPSILON GMX * Nike,CounterTerrorist,2220.626,749.8684,154.3802,Incendiary,100,100,-79.64304,-231.6937,0,False,True,True,249.9609,6.679688
EPSILON GMX * Nike,CounterTerrorist,2218.117,742.6349,154.6809,Incendiary,100,100,-80.75705,-231.3078,0,False,True,True,248.5547,6.679688
EPSILON GMX * Nike,CounterTerrorist,2215.559,735.4188,154.9878,Incendiary,100,100,-82.61559,-230.6505,0,False,True,True,247.1484,6.328125
EPSILON GMX * Nike,CounterTerrorist,2212.967,728.215,155.2989,Incendiary,100,100,-80.50246,-231.3965,0,False,True,True,245.7422,6.328125
EPSILON GMX * Nike,CounterTerrorist,2210.961,720.8816,155.5373,Incendiary,100,100,-54.92323,-236.557,0,False,True,True,245.0391,6.328125
EPSILON GMX * Nike,CounterTerrorist,2209.676,713.3986,155.6868,Incendiary,100,100,-33.31977,-241.1147,0,False,True,True,244.6875,6.328125
EPSILON GMX * Nike,CounterTerrorist,2208.813,705.8061,155.784,Incendiary,100,100,-30.82177,-243.0535,0,False,True,True,244.6875,6.328125
EPSILON GMX * Nike,CounterTerrorist,2207.605,698.2465,155.9238,Incendiary,100,100,-43.07548,-241.1835,0,False,True,True,244.6875,6.328125
EPSILON GMX * Nike,CounterTerrorist,2206.054,690.7494,156.1061,Incendiary,100,100,-53.30889,-239.13,0,False,True,True,244.6875,6.328125
EPSILON GMX * Nike,CounterTerrorist,2204.218,683.317,156.3236,Incendiary,100,100,-61.8365,-237.068,0,False,True,True,244.6875,6.328125
EPSILON GMX * Nike,CounterTerrorist,2201.546,674.1512,156.642,Incendiary,100,100,-76.43724,-229.91,0,False,True,True,244.6875,6.328125
EPSILON GMX * Nike,CounterTerrorist,2199.425,668.9911,156.8975,Incendiary,100,100,-97.29816,-215.473,0,False,True,True,244.6875,6.328125
EPSILON GMX * Nike,CounterTerrorist,2195.9,662.5929,157.3246,Incendiary,100,100,-121.6404,-198.6267,0,False,True,True,244.6875,6.328125
EPSILON GMX * Nike,CounterTerrorist,2191.683,656.6735,160.0313,Incendiary,100,100,-142.5315,-184.1688,0,False,True,True,244.6875,6.328125
EPSILON GMX * Nike,CounterTerrorist,2186.872,651.1653,160.0313,Incendiary,100,100,-160.461,-171.7606,0,False,True,True,244.6875,6.328125
EPSILON GMX * Nike,CounterTerrorist,2180.15,644.7699,160.0313,Incendiary,100,100,-179.3416,-158.6941,0,False,True,True,244.6875,6.328125
EPSILON GMX * Nike,CounterTerrorist,2176.045,640.8793,160.0313,Incendiary,100,100,-173.1156,-169.5119,0,False,True,True,244.6875,6.328125
EPSILON GMX * Nike,CounterTerrorist,2170.789,635.3401,160.0313,Incendiary,100,100,-164.9377,-181.1644,0,False,True,True,244.6875,6.328125
EPSILON GMX * Nike,CounterTerrorist,2164.331,628.2798,160.0313,Incendiary,100,100,-171.436,-175.0278,0,False,True,True,244.6875,6.328125
EPSILON GMX * Nike,CounterTerrorist,2160.165,624.3291,160.0313,Incendiary,100,100,-180.7362,-165.4068,0,False,True,True,244.6875,6.679688
EPSILON GMX * Nike,CounterTerrorist,2154.315,619.3917,160.0313,Incendiary,100,100,-190.7796,-153.7145,0,False,True,True,245.0391,6.679688
EPSILON GMX * Nike,CounterTerrorist,2148.194,614.7929,160.0313,Incendiary,100,100,-198.647,-143.4028,0,False,True,True,245.0391,6.679688
EPSILON GMX * Nike,CounterTerrorist,2141.971,610.3345,160.0313,Incendiary,100,100,-195.5856,-147.5509,0,False,True,True,245.3906,6.679688
EPSILON GMX * Nike,CounterTerrorist,2134.692,604.1266,160.0313,Incendiary,100,100,-180.3256,-165.8544,0,False,True,True,246.0938,6.679688
EPSILON GMX * Nike,CounterTerrorist,2130.6,600.0988,160.0313,Incendiary,100,100,-171.7837,-174.6864,0,False,True,True,246.0938,6.679688
EPSILON GMX * Nike,CounterTerrorist,2125.441,594.4435,160.0313,Incendiary,100,100,-161.2068,-184.4922,0,False,True,True,246.7969,6.328125
EPSILON GMX * Nike,CounterTerrorist,2119.381,587.0369,160.0313,Incendiary,100,100,-155.4598,-189.3601,0,False,True,True,247.8516,6.328125
EPSILON GMX * Nike,CounterTerrorist,2115.568,582.7446,160.0313,Incendiary,100,100,-166.0984,-180.1008,0,False,True,True,248.5547,6.328125
EPSILON GMX * Nike,CounterTerrorist,2110.192,577.3566,160.0313,Incendiary,100,100,-171.7578,-166.6226,0,True,True,True,248.9063,6.328125
EPSILON GMX * Nike,CounterTerrorist,2105.054,572.506,160.0313,Incendiary,100,100,-160.2469,-148.7276,0,True,True,True,249.2578,6.328125
EPSILON GMX * Nike,CounterTerrorist,2100.286,568.202,160.0313,Incendiary,100,100,-145.2815,-128.8916,0,True,True,True,249.2578,6.328125
EPSILON GMX * Nike,CounterTerrorist,2095.529,564.0906,160.0313,Incendiary,100,100,-105.3582,-90.16186,0,True,True,True,249.2578,6.328125
EPSILON GMX * Nike,CounterTerrorist,2093.419,562.2847,160.0313,Incendiary,100,100,-82.94804,-70.98404,0,True,True,True,249.2578,6.328125
EPSILON GMX * Nike,CounterTerrorist,2091.21,560.4205,160.0313,Incendiary,100,100,-65.77876,-54.40144,0,True,True,True,249.2578,6.328125
EPSILON GMX * Nike,CounterTerrorist,2088.636,558.4284,160.0313,Incendiary,100,100,-66.89117,-49.64336,0,False,True,True,249.6094,6.328125
EPSILON GMX * Nike,CounterTerrorist,2087.048,557.2929,160.0313,Incendiary,100,100,-68.16949,-47.87289,0,False,True,True,249.6094,6.328125
EPSILON GMX * Nike,CounterTerrorist,2084.879,555.8304,160.0313,Incendiary,100,100,-70.45331,-46.43649,0,False,True,True,249.9609,6.328125
EPSILON GMX * Nike,CounterTerrorist,2082.622,554.3919,160.0313,Incendiary,100,100,-73.19849,-45.81251,0,False,True,True,250.3125,6.328125
EPSILON GMX * Nike,CounterTerrorist,2080.289,552.9696,160.0313,Incendiary,100,100,-75.52032,-45.34945,0,False,True,True,250.3125,6.328125
EPSILON GMX * Nike,CounterTerrorist,2077.28,551.2089,160.0313,Incendiary,100,100,-77.94521,-44.90411,0,False,True,True,250.6641,6.328125
EPSILON GMX * Nike,CounterTerrorist,2075.434,550.16,160.0313,Incendiary,100,100,-79.1911,-44.67825,0,False,True,True,250.6641,6.328125
EPSILON GMX * Nike,CounterTerrorist,2073.027,548.8168,160.0313,Incendiary,100,100,-72.97031,-40.57291,0,False,True,True,250.6641,6.328125
EPSILON GMX * Nike,CounterTerrorist,2070.173,547.2542,160.0313,Incendiary,100,100,-73.23071,-39.70082,0,False,True,True,250.6641,6.328125
EPSILON GMX * Nike,CounterTerrorist,2068.453,546.33,160.0313,Incendiary,100,100,-73.44376,-39.30531,0,False,True,True,250.6641,6.328125
EPSILON GMX * Nike,CounterTerrorist,2066.153,545.1107,160.0313,Incendiary,100,100,-73.68343,-38.85414,0,False,True,True,250.6641,6.328125
EPSILON GMX * Nike,CounterTerrorist,2063.847,543.9042,160.0313,Incendiary,100,100,-73.88413,-38.47112,0,False,True,True,250.6641,6.328125
EPSILON GMX * Nike,CounterTerrorist,2061.534,542.7085,160.0313,Incendiary,100,100,-74.05382,-38.14348,0,False,True,True,250.6641,6.328125
EPSILON GMX * Nike,CounterTerrorist,2059.218,541.5221,160.0313,Incendiary,100,100,-74.19768,-37.86287,0,False,True,True,250.6641,6.328125
EPSILON GMX * Nike,CounterTerrorist,2056.897,540.3437,160.0313,Incendiary,100,100,-74.31992,-37.62236,0,False,True,True,250.6641,6.328125
EPSILON GMX * Nike,CounterTerrorist,2054.572,539.1721,160.0313,Incendiary,100,100,-74.42398,-37.41609,0,False,True,True,250.6641,6.328125
EPSILON GMX * Nike,CounterTerrorist,2051.662,537.7158,160.0313,Incendiary,100,100,-74.53274,-37.19897,0,False,True,True,250.6641,6.328125
EPSILON GMX * Nike,CounterTerrorist,2049.915,536.8456,160.0313,Incendiary,100,100,-74.58595,-37.09217,0,False,True,True,250.6641,6.328125
EPSILON GMX * Nike,CounterTerrorist,2047.583,535.6884,160.0313,Incendiary,100,100,-74.63202,-36.99937,0,False,True,True,251.0156,6.328125
EPSILON GMX * Nike,CounterTerrorist,2045.251,534.5316,160.0313,Incendiary,100,100,-74.60336,-37.05713,0,False,True,True,252.0703,6.328125
EPSILON GMX * Nike,CounterTerrorist,2042.922,533.3682,160.0313,Incendiary,100,100,-74.44991,-37.36444,0,False,True,True,253.4766,6.328125
EPSILON GMX * Nike,CounterTerrorist,2040.022,531.8928,160.0313,Incendiary,100,100,-74.08303,-38.0867,0,False,True,True,255.5859,5.976563
EPSILON GMX * Nike,CounterTerrorist,2038.29,530.9908,160.0313,Incendiary,100,100,-73.76603,-38.6971,0,False,True,True,256.6406,5.976563
EPSILON GMX * Nike,CounterTerrorist,2035.995,529.7629,160.0313,Incendiary,100,100,-73.2496,-39.66597,0,False,True,True,258.0469,5.976563
EPSILON GMX * Nike,CounterTerrorist,2033.15,528.1842,160.0313,Incendiary,100,100,-72.56671,-40.90189,0,False,True,True,258.75,5.976563
EPSILON GMX * Nike,CounterTerrorist,2031.455,527.2151,160.0313,Incendiary,100,100,-72.19201,-41.55966,0,False,True,True,258.75,5.976563
EPSILON GMX * Nike,CounterTerrorist,2029.208,525.9014,160.0313,Incendiary,100,100,-71.75616,-42.30776,0,False,True,True,258.75,5.976563
EPSILON GMX * Nike,CounterTerrorist,2026.973,524.5668,160.0313,Incendiary,100,100,-71.38239,-42.93539,0,False,True,True,259.1016,5.976563
EPSILON GMX * Nike,CounterTerrorist,2024.749,523.2142,160.0313,Incendiary,100,100,-71.05345,-43.47758,0,False,True,True,259.1016,5.976563
EPSILON GMX * Nike,CounterTerrorist,2022.534,521.8464,160.0313,Incendiary,100,100,-70.76989,-43.93761,0,False,True,True,259.1016,5.976563
EPSILON GMX * Nike,CounterTerrorist,2020.327,520.4656,160.0313,Incendiary,100,100,-70.52632,-44.32751,0,False,True,True,259.1016,5.976563
EPSILON GMX * Nike,CounterTerrorist,2018.269,518.9308,160.0313,Incendiary,100,100,-63.20272,-51.8453,0,False,True,True,259.1016,5.976563
EPSILON GMX * Nike,CounterTerrorist,2016.419,517.1822,160.0313,Incendiary,100,100,-56.9174,-58.29729,0,False,True,True,259.1016,5.976563
EPSILON GMX * Nike,CounterTerrorist,2014.748,515.2501,160.0313,Incendiary,100,100,-51.52316,-63.83456,0,False,True,True,259.1016,5.976563
EPSILON GMX * Nike,CounterTerrorist,2013.23,513.1606,160.0313,Incendiary,100,100,-46.89366,-68.58681,0,False,True,True,259.1016,5.976563
EPSILON GMX * Nike,CounterTerrorist,2011.853,510.9518,160.0313,Incendiary,100,100,-42.34774,-71.73257,0,False,True,True,259.1016,5.976563
EPSILON GMX * Nike,CounterTerrorist,2010.611,508.6646,160.0313,Incendiary,100,100,-38.27284,-73.98704,0,False,True,True,259.1016,5.976563
EPSILON GMX * Nike,CounterTerrorist,2009.215,505.7133,160.0313,Incendiary,100,100,-34.35576,-76.93809,0,False,True,True,259.1016,5.976563
EPSILON GMX * Nike,CounterTerrorist,2008.436,503.8751,160.0313,Incendiary,100,100,-32.67796,-79.14995,0,False,True,True,259.1016,5.976563
EPSILON GMX * Nike,CounterTerrorist,2007.454,501.3503,160.0313,Incendiary,100,100,-30.72018,-81.73093,0,False,True,True,259.1016,5.976563
EPSILON GMX * Nike,CounterTerrorist,2006.303,498.0924,160.0313,Incendiary,100,100,-28.65852,-84.44884,0,False,True,True,259.1016,5.976563
EPSILON GMX * Nike,CounterTerrorist,2005.713,496.1042,160.0313,Incendiary,100,100,-22.12499,-84.73041,0,False,True,True,259.1016,5.976563
EPSILON GMX * Nike,CounterTerrorist,2005.24,493.4635,160.0313,Incendiary,100,100,-11.12022,-84.36917,0,False,True,True,259.1016,5.976563
EPSILON GMX * Nike,CounterTerrorist,2005.081,490.8331,160.0313,Incendiary,100,100,-1.675604,-84.05914,0,False,True,True,259.1016,5.976563
EPSILON GMX * Nike,CounterTerrorist,2005.19,488.2116,160.0313,Incendiary,100,100,6.430033,-83.79308,0,False,True,True,259.1016,5.976563
EPSILON GMX * Nike,CounterTerrorist,2005.529,485.5976,160.0313,Incendiary,100,100,13.38652,-83.56474,0,False,True,True,259.1016,5.976563
EPSILON GMX * Nike,CounterTerrorist,2006.067,482.9901,160.0313,Incendiary,100,100,19.35678,-83.36877,0,False,True,True,259.1016,5.976563
EPSILON GMX * Nike,CounterTerrorist,2006.842,480.8274,160.0313,Incendiary,100,100,36.61383,-5.734688,0,False,True,True,259.1016,5.976563
EPSILON GMX * Nike,CounterTerrorist,2007.962,480.6305,160.0313,Incendiary,100,100,35.5169,-5.562887,0,False,True,True,259.1016,5.976563
EPSILON GMX * Nike,CounterTerrorist,2009.05,480.4601,160.0313,Incendiary,100,100,34.41238,-5.38989,0,False,True,True,259.1016,5.976563
EPSILON GMX * Nike,CounterTerrorist,2010.104,480.295,160.0313,Incendiary,100,100,33.30787,-5.216894,0,False,True,True,259.1016,5.976563
EPSILON GMX * Nike,CounterTerrorist,2011.123,480.1353,160.0313,Incendiary,100,100,32.20335,-5.043898,0,False,True,True,259.1016,5.976563
EPSILON GMX * Nike,CounterTerrorist,2012.108,479.9811,160.0313,Incendiary,100,100,31.09883,-4.870902,0,False,True,True,259.1016,5.976563
EPSILON GMX * Nike,CounterTerrorist,2013.058,479.8322,160.0313,Incendiary,100,100,29.99432,-4.697905,0,False,True,True,259.1016,5.976563
EPSILON GMX * Nike,CounterTerrorist,2013.974,479.6888,160.0313,Incendiary,100,100,28.88267,-4.523792,0,False,True,True,259.1016,5.976563
EPSILON GMX * Nike,CounterTerrorist,2014.855,479.5509,160.0313,Incendiary,100,100,27.7639,-4.348562,0,False,True,True,258.75,5.976563
EPSILON GMX * Nike,CounterTerrorist,2015.754,479.4037,160.0313,Incendiary,100,100,30.10082,-5.108454,0,False,True,True,258.75,5.976563
EPSILON GMX * Nike,CounterTerrorist,2016.766,479.2418,160.0313,Incendiary,100,100,33.73094,-5.283159,0,False,True,True,258.75,5.976563
EPSILON GMX * Nike,CounterTerrorist,2017.603,479.1107,160.0313,Incendiary,100,100,22.61645,-3.542335,0,False,True,True,258.75,5.976563
EPSILON GMX * Nike,CounterTerrorist,2018.093,479.034,160.0313,Incendiary,100,100,11.50195,-1.80151,0,False,True,True,258.3984,5.976563
EPSILON GMX * Nike,CounterTerrorist,2018.232,479.0122,160.0313,Incendiary,100,100,0,0,0,False,True,True,258.3984,5.976563
EPSILON GMX * Nike,CounterTerrorist,2018.232,479.0122,160.0313,Incendiary,100,100,0,0,0,False,True,True,258.3984,5.976563
EPSILON GMX * Nike,CounterTerrorist,2018.232,479.0122,160.0313,Incendiary,100,100,0,0,0,False,True,True,258.3984,5.976563
EPSILON GMX * Nike,CounterTerrorist,2018.232,479.0122,160.0313,Incendiary,100,100,0,0,0,False,True,True,258.3984,5.976563
EPSILON GMX * Nike,CounterTerrorist,2018.232,479.0122,160.0313,Incendiary,100,100,0,0,0,False,True,True,258.3984,5.976563
EPSILON GMX * Nike,CounterTerrorist,2018.232,479.0122,160.0313,Incendiary,100,100,0,0,0,False,True,True,258.3984,5.976563
EPSILON GMX * Nike,CounterTerrorist,2018.232,479.0122,160.0313,Incendiary,100,100,0,0,0,False,True,True,258.3984,5.976563
EPSILON GMX * Nike,CounterTerrorist,2018.232,479.0122,160.0313,Incendiary,100,100,0,0,0,False,True,True,258.3984,5.976563
EPSILON GMX * Nike,CounterTerrorist,2018.232,479.0122,160.0313,Incendiary,100,100,0,0,0,False,True,True,258.3984,5.976563
EPSILON GMX * Nike,CounterTerrorist,2018.232,479.0122,160.0313,Incendiary,100,100,0,0,0,False,True,True,258.3984,5.976563
EPSILON GMX * Nike,CounterTerrorist,2018.232,479.0122,160.0313,Incendiary,100,100,0,0,0,False,True,True,258.3984,5.976563
EPSILON GMX * Nike,CounterTerrorist,2018.264,479.1676,160.0313,Incendiary,100,100,1.291621,6.306593,0,False,True,True,258.3984,5.976563
EPSILON GMX * Nike,CounterTerrorist,2018.319,479.4341,160.0313,Incendiary,100,100,2.026068,9.856415,0,False,True,True,258.3984,5.625
EPSILON GMX * Nike,CounterTerrorist,2018.396,479.8114,160.0313,Incendiary,100,100,2.763569,13.40561,0,False,True,True,258.3984,5.625
EPSILON GMX * Nike,CounterTerrorist,2018.497,480.2996,160.0313,Incendiary,100,100,3.519942,16.95087,0,False,True,True,258.0469,5.625
EPSILON GMX * Nike,CounterTerrorist,2018.657,481.0655,160.0313,Incendiary,100,100,4.486723,21.37794,0,False,True,True,258.0469,5.625
EPSILON GMX * Nike,CounterTerrorist,2018.772,481.608,160.0313,Incendiary,100,100,5.084425,24.03038,0,False,True,True,257.6953,5.273438
EPSILON GMX * Nike,CounterTerrorist,2018.946,482.4281,160.0313,Incendiary,100,100,5.88431,27.56628,0,False,True,True,257.6953,5.273438
EPSILON GMX * Nike,CounterTerrorist,2019.146,483.3585,160.0313,Incendiary,100,100,6.69975,31.09872,0,False,True,True,257.6953,5.273438
EPSILON GMX * Nike,CounterTerrorist,2019.372,484.3991,160.0313,Incendiary,100,100,7.554983,34.62227,0,False,True,True,257.3438,5.273438
EPSILON GMX * Nike,CounterTerrorist,2019.693,485.8547,160.0313,Incendiary,100,100,8.651303,39.02029,0,False,True,True,256.9922,4.921875
EPSILON GMX * Nike,CounterTerrorist,2019.906,486.8104,160.0313,Incendiary,100,100,9.312222,41.65824,0,False,True,True,256.9922,4.921875
EPSILON GMX * Nike,CounterTerrorist,2020.215,488.1808,160.0313,Incendiary,100,100,10.22652,45.16766,0,False,True,True,256.6406,4.921875
EPSILON GMX * Nike,CounterTerrorist,2020.635,490.0195,160.0313,Incendiary,100,100,10.55285,45.92581,0,False,True,True,256.2891,4.570313
EPSILON GMX * Nike,CounterTerrorist,2020.853,490.9674,160.0313,Incendiary,100,100,8.663316,37.70261,0,False,True,True,256.2891,4.570313
EPSILON GMX * Nike,CounterTerrorist,2021.075,491.9314,160.0313,Incendiary,100,100,6.143941,26.73833,0,False,True,True,256.2891,4.570313
EPSILON GMX * Nike,CounterTerrorist,2021.217,492.5529,160.0313,Incendiary,100,100,3.624568,15.77406,0,False,True,True,255.9375,4.570313
EPSILON GMX * Nike,CounterTerrorist,2021.281,492.8316,160.0313,Incendiary,100,100,1.105194,4.809787,0,False,True,True,255.5859,4.21875
EPSILON GMX * Nike,CounterTerrorist,2021.285,492.8478,160.0313,Incendiary,100,100,0,0,0,False,True,True,255.5859,4.21875
EPSILON GMX * Nike,CounterTerrorist,2021.285,492.8478,160.0313,Incendiary,100,100,0,0,0,False,True,True,255.2344,4.21875
EPSILON GMX * Nike,CounterTerrorist,2021.285,492.8478,160.0313,Incendiary,100,100,0,0,0,False,True,True,255.2344,3.867188
EPSILON GMX * Nike,CounterTerrorist,2021.285,492.8478,160.0313,Incendiary,100,100,0,0,0,False,True,True,254.8828,3.867188
EPSILON GMX * Nike,CounterTerrorist,2021.257,492.7432,160.0313,Incendiary,100,100,-1.442559,-5.339827,0,False,True,True,254.8828,3.867188
EPSILON GMX * Nike,CounterTerrorist,2021.193,492.5079,160.0313,Incendiary,100,100,-2.387965,-8.839375,0,False,True,True,254.8828,3.867188
EPSILON GMX * Nike,CounterTerrorist,2021.1,492.1633,160.0313,Incendiary,100,100,-3.333371,-12.33892,0,False,True,True,254.8828,3.867188
EPSILON GMX * Nike,CounterTerrorist,2020.978,491.7094,160.0313,Incendiary,100,100,-4.288301,-15.83589,0,False,True,True,254.8828,3.867188
EPSILON GMX * Nike,CounterTerrorist,2020.825,491.1462,160.0313,Incendiary,100,100,-5.239026,-19.334,0,False,True,True,254.8828,3.867188
EPSILON GMX * Nike,CounterTerrorist,2020.643,490.4737,160.0313,Incendiary,100,100,-6.188486,-22.83245,0,False,True,True,254.8828,3.867188
EPSILON GMX * Nike,CounterTerrorist,2020.431,489.6919,160.0313,Incendiary,100,100,-7.137464,-26.33103,0,False,True,True,254.8828,3.867188
EPSILON GMX * Nike,CounterTerrorist,2020.124,488.5608,160.0313,Incendiary,100,100,-8.323398,-30.70433,0,False,True,True,254.8828,3.867188
EPSILON GMX * Nike,CounterTerrorist,2019.918,487.8002,160.0313,Incendiary,100,100,-9.034881,-33.32833,0,False,True,True,254.8828,3.867188
EPSILON GMX * Nike,CounterTerrorist,2019.617,486.6903,160.0313,Incendiary,100,100,-9.983478,-36.82702,0,False,True,True,254.8828,3.867188
EPSILON GMX * Nike,CounterTerrorist,2019.287,485.4712,160.0313,Incendiary,100,100,-10.93204,-40.32571,0,False,True,True,254.8828,3.867188
EPSILON GMX * Nike,CounterTerrorist,2018.927,484.1427,160.0313,Incendiary,100,100,-11.88058,-43.8244,0,False,True,True,254.8828,3.867188
EPSILON GMX * Nike,CounterTerrorist,2018.537,482.7048,160.0313,Incendiary,100,100,-12.82911,-47.3231,0,False,True,True,254.8828,3.867188
EPSILON GMX * Nike,CounterTerrorist,2018.14,481.2417,160.0313,Incendiary,100,100,-11.83158,-43.64342,0,False,True,True,254.8828,3.867188
EPSILON GMX * Nike,CounterTerrorist,2017.828,480.0899,160.0313,Incendiary,100,100,-8.887991,-32.78534,0,False,True,True,254.8828,3.867188
EPSILON GMX * Nike,CounterTerrorist,2017.608,479.2775,160.0313,Incendiary,100,100,-5.944404,-21.92726,0,False,True,True,254.8828,3.867188
EPSILON GMX * Nike,CounterTerrorist,2017.552,479.1296,160.0313,Incendiary,100,100,0,0,0,False,True,True,254.8828,3.867188
EPSILON GMX * Nike,CounterTerrorist,2017.552,479.1296,160.0313,Incendiary,100,100,0,0,0,False,True,True,254.8828,3.867188
EPSILON GMX * Nike,CounterTerrorist,2017.552,479.1296,160.0313,Incendiary,100,100,0,0,0,False,True,True,254.8828,3.867188
EPSILON GMX * Nike,CounterTerrorist,2017.552,479.1296,160.0313,Incendiary,100,100,0,0,0,False,True,True,254.8828,3.867188
EPSILON GMX * Nike,CounterTerrorist,2017.552,479.1296,160.0313,Incendiary,100,100,0,0,0,False,True,True,254.8828,3.867188
EPSILON GMX * Nike,CounterTerrorist,2017.552,479.1296,160.0313,Incendiary,100,100,0,0,0,False,True,True,254.8828,3.867188
EPSILON GMX * Nike,CounterTerrorist,2017.552,479.1296,160.0313,Incendiary,100,100,0,0,0,False,True,True,254.8828,3.867188
EPSILON GMX * Nike,CounterTerrorist,2017.552,479.1296,160.0313,Incendiary,100,100,0,0,0,False,True,True,254.8828,3.867188
EPSILON GMX * Nike,CounterTerrorist,2017.552,479.1296,160.0313,Incendiary,100,100,0,0,0,False,True,True,254.8828,3.867188
EPSILON GMX * Nike,CounterTerrorist,2017.552,479.1296,160.0313,Incendiary,100,100,0,0,0,False,True,True,254.8828,3.867188
EPSILON GMX * Nike,CounterTerrorist,2017.552,479.1296,160.0313,Incendiary,100,100,0,0,0,False,True,True,254.8828,3.867188
EPSILON GMX * Nike,CounterTerrorist,2017.552,479.1296,160.0313,Incendiary,100,100,0,0,0,False,True,True,254.8828,3.867188
EPSILON GMX * Nike,CounterTerrorist,2017.552,479.1296,160.0313,Incendiary,100,100,0,0,0,False,True,True,254.8828,3.867188
EPSILON GMX * Nike,CounterTerrorist,2017.552,479.1296,160.0313,Incendiary,100,100,0,0,0,False,True,True,254.8828,3.867188
EPSILON GMX * Nike,CounterTerrorist,2017.552,479.1296,160.0313,Incendiary,100,100,0,0,0,False,True,True,254.8828,3.867188
EPSILON GMX * Nike,CounterTerrorist,2017.552,479.1296,160.0313,Incendiary,100,100,0,0,0,False,True,True,254.8828,3.515625
EPSILON GMX * Nike,CounterTerrorist,2017.552,479.1296,160.0313,Incendiary,100,100,0,0,0,False,True,True,254.8828,3.515625
EPSILON GMX * Nike,CounterTerrorist,2017.552,479.1296,160.0313,Incendiary,100,100,0,0,0,False,True,True,254.8828,3.515625
EPSILON GMX * Nike,CounterTerrorist,2017.552,479.1296,160.0313,Incendiary,100,100,0,0,0,False,True,True,255.2344,3.164063
EPSILON GMX * Nike,CounterTerrorist,2017.552,479.1296,160.0313,Incendiary,100,100,0,0,0,False,True,True,255.9375,2.460938
EPSILON GMX * Nike,CounterTerrorist,2017.552,479.1296,160.0313,Incendiary,100,100,0,0,0,False,True,True,256.6406,1.40625
EPSILON GMX * Nike,CounterTerrorist,2017.552,479.1296,160.0313,Incendiary,100,100,0,0,0,False,True,True,257.3438,0.3515625
EPSILON GMX * Nike,CounterTerrorist,2017.552,479.1296,160.0313,Incendiary,100,100,0,0,0,False,True,True,258.3984,359.2969
EPSILON GMX * Nike,CounterTerrorist,2017.552,479.1296,160.0313,Incendiary,100,100,0,0,0,False,True,True,258.3984,358.9453
EPSILON GMX * Nike,CounterTerrorist,2017.552,479.1296,160.0313,Incendiary,100,100,0,0,0,False,True,True,258.3984,358.9453
EPSILON GMX * Nike,CounterTerrorist,2017.552,479.1296,160.0313,Incendiary,100,100,0,0,0,False,True,True,258.3984,358.9453
EPSILON GMX * Nike,CounterTerrorist,2017.552,479.1296,160.0313,Incendiary,100,100,0,0,0,False,True,True,258.3984,358.9453
EPSILON GMX * Nike,CounterTerrorist,2017.552,479.1296,160.0313,Incendiary,100,100,0,0,0,False,True,True,258.3984,358.9453
EPSILON GMX * Nike,CounterTerrorist,2017.552,479.1296,160.0313,Incendiary,100,100,0,0,0,False,True,True,258.3984,358.9453
EPSILON GMX * Nike,CounterTerrorist,2017.552,479.1296,160.0313,Incendiary,100,100,0,0,0,False,True,True,258.3984,358.9453
EPSILON GMX * Nike,CounterTerrorist,2017.552,479.1296,160.0313,Incendiary,100,100,0,0,0,False,True,True,258.3984,358.9453
EPSILON GMX * Nike,CounterTerrorist,2017.552,479.1296,160.0313,Incendiary,100,100,0,0,0,False,True,True,258.3984,358.9453
EPSILON GMX * Nike,CounterTerrorist,2017.552,479.1296,160.0313,Incendiary,100,100,0,0,0,False,True,True,258.3984,358.9453
EPSILON GMX * Nike,CounterTerrorist,2017.552,479.1296,160.0313,Incendiary,100,100,0,0,0,False,True,True,258.3984,358.9453
EPSILON GMX * Nike,CounterTerrorist,2017.552,479.1296,160.0313,Incendiary,100,100,0,0,0,False,True,True,258.3984,358.9453
EPSILON GMX * Nike,CounterTerrorist,2017.552,479.1296,160.0313,Incendiary,100,100,0,0,0,False,True,True,258.3984,358.9453
EPSILON GMX * Nike,CounterTerrorist,2017.552,479.1296,160.0313,Incendiary,100,100,0,0,0,False,True,True,258.3984,358.9453
EPSILON GMX * Nike,CounterTerrorist,2017.552,479.1296,160.0313,Incendiary,100,100,0,0,0,False,True,True,258.3984,358.9453
EPSILON GMX * Nike,CounterTerrorist,2017.552,479.1296,160.0313,Incendiary,100,100,0,0,0,False,True,True,258.3984,358.9453
EPSILON GMX * Nike,CounterTerrorist,2017.552,479.1296,160.0313,Incendiary,100,100,0,0,0,False,True,True,258.3984,358.9453
EPSILON GMX * Nike,CounterTerrorist,2017.552,479.1296,160.0313,Incendiary,100,100,0,0,0,False,True,True,258.3984,358.9453
EPSILON GMX * Nike,CounterTerrorist,2017.552,479.1296,160.0313,Incendiary,100,100,0,0,0,False,True,True,258.3984,358.9453
EPSILON GMX * Nike,CounterTerrorist,2017.552,479.1296,160.0313,Incendiary,100,100,0,0,0,False,True,True,258.3984,358.9453
EPSILON GMX * Nike,CounterTerrorist,2017.552,479.1296,160.0313,Incendiary,100,100,0,0,0,False,True,True,258.3984,358.9453
EPSILON GMX * Nike,CounterTerrorist,2017.552,479.1296,160.0313,Incendiary,100,100,0,0,0,False,True,True,258.3984,358.9453
EPSILON GMX * Nike,CounterTerrorist,2017.552,479.1296,160.0313,Incendiary,100,100,0,0,0,False,True,True,258.3984,358.9453
EPSILON GMX * Nike,CounterTerrorist,2017.552,479.1296,160.0313,Incendiary,100,100,0,0,0,False,True,True,258.3984,358.9453
EPSILON GMX * Nike,CounterTerrorist,2017.552,479.1296,160.0313,Incendiary,100,100,0,0,0,False,True,True,258.3984,358.9453
EPSILON GMX * Nike,CounterTerrorist,2017.552,479.1296,160.0313,Incendiary,100,100,0,0,0,False,True,True,258.3984,358.9453
EPSILON GMX * Nike,CounterTerrorist,2017.552,479.1296,160.0313,Incendiary,100,100,0,0,0,False,True,True,258.3984,358.9453
EPSILON GMX * Nike,CounterTerrorist,2017.552,479.1296,160.0313,Incendiary,100,100,0,0,0,False,True,True,258.3984,358.9453
EPSILON GMX * Nike,CounterTerrorist,2017.552,479.1296,160.0313,Incendiary,100,100,0,0,0,False,True,True,258.3984,358.9453
EPSILON GMX * Nike,CounterTerrorist,2017.552,479.1296,160.0313,Incendiary,100,100,0,0,0,False,True,True,258.3984,358.9453
EPSILON GMX * Nike,CounterTerrorist,2017.552,479.1296,160.0313,Incendiary,100,100,0,0,0,False,True,True,258.3984,358.9453
EPSILON GMX * Nike,CounterTerrorist,2017.552,479.1296,160.0313,Incendiary,100,100,0,0,0,False,True,True,258.3984,358.9453
EPSILON GMX * Nike,CounterTerrorist,2017.552,479.1296,160.0313,Incendiary,100,100,0,0,0,False,True,True,258.75,358.2422
EPSILON GMX * Nike,CounterTerrorist,2017.524,479.1348,160.0313,M4A4,100,100,-3.659284,0.6623784,0,False,True,True,259.8047,356.8359
EPSILON GMX * Nike,CounterTerrorist,2017.339,479.1659,160.0313,M4A4,100,100,-7.247694,1.183103,0,False,True,True,260.8594,355.0781
EPSILON GMX * Nike,CounterTerrorist,2017.043,479.2119,160.0313,M4A4,100,100,-10.84537,1.637936,0,False,True,True,261.5625,353.6719
EPSILON GMX * Nike,CounterTerrorist,2016.634,479.2714,160.0313,M4A4,100,100,-14.44734,2.057052,0,False,True,True,262.2656,352.6172
EPSILON GMX * Nike,CounterTerrorist,2016.112,479.3461,160.0313,M4A4,100,100,-17.99432,2.818388,0,False,True,True,262.6172,352.2656
EPSILON GMX * Nike,CounterTerrorist,2015.48,479.4436,160.0313,M4A4,100,100,-21.57052,3.378515,0,False,True,True,262.6172,352.2656
EPSILON GMX * Nike,CounterTerrorist,2015.023,479.5152,160.0313,M4A4,100,100,-10.45602,1.637691,0,False,True,True,262.6172,352.2656
EPSILON GMX * Nike,CounterTerrorist,2014.908,479.5331,160.0313,M4A4,100,100,0,0,0,False,True,True,262.6172,352.2656
EPSILON GMX * Nike,CounterTerrorist,2014.908,479.5331,160.0313,M4A4,100,100,0,0,0,False,True,True,262.6172,352.2656
EPSILON GMX * Nike,CounterTerrorist,2014.908,479.5331,160.0313,M4A4,100,100,0,0,0,True,True,True,262.6172,352.2656
EPSILON GMX * Nike,CounterTerrorist,2014.908,479.5331,160.0313,M4A4,100,100,0,0,0,True,True,True,262.6172,352.2656
EPSILON GMX * Nike,CounterTerrorist,2014.908,479.5331,160.0313,M4A4,100,100,0,0,0,True,True,True,262.6172,352.2656
EPSILON GMX * Nike,CounterTerrorist,2014.908,479.5331,160.0313,M4A4,100,100,0,0,0,True,True,True,262.2656,351.9141
EPSILON GMX * Nike,CounterTerrorist,2014.908,479.5331,160.0313,M4A4,100,100,0,0,0,True,True,True,262.2656,351.9141
EPSILON GMX * Nike,CounterTerrorist,2014.908,479.5331,160.0313,M4A4,100,100,0,0,0,True,True,True,262.2656,351.5625
EPSILON GMX * Nike,CounterTerrorist,2014.908,479.5331,160.0313,M4A4,100,100,0,0,0,False,True,True,262.2656,351.5625
EPSILON GMX * Nike,CounterTerrorist,2014.908,479.5331,160.0313,M4A4,100,100,0,0,0,False,True,True,262.2656,351.2109
EPSILON GMX * Nike,CounterTerrorist,2014.908,479.5331,160.0313,M4A4,100,100,0,0,0,False,True,True,262.2656,351.2109
EPSILON GMX * Nike,CounterTerrorist,2014.908,479.5331,160.0313,M4A4,100,100,0,0,0,False,True,True,262.2656,351.2109
EPSILON GMX * Nike,CounterTerrorist,2014.908,479.5331,160.0313,M4A4,100,100,0,0,0,False,True,True,262.6172,351.2109
EPSILON GMX * Nike,CounterTerrorist,2014.908,479.5331,160.0313,M4A4,100,100,0,0,0,False,True,True,262.6172,351.2109
EPSILON GMX * Nike,CounterTerrorist,2014.908,479.5331,160.0313,M4A4,100,100,0,0,0,False,True,True,262.9688,351.2109
EPSILON GMX * Nike,CounterTerrorist,2015.3,479.4838,160.0313,M4A4,100,100,23.71912,-2.985351,0,False,True,True,262.9688,351.2109
EPSILON GMX * Nike,CounterTerrorist,2016.586,479.3219,160.0313,M4A4,100,100,51.62397,-6.497528,0,False,True,True,262.9688,351.2109
EPSILON GMX * Nike,CounterTerrorist,2018.668,479.0598,160.0313,M4A4,100,100,69.76212,-8.780443,0,False,True,True,262.9688,351.2109
EPSILON GMX * Nike,CounterTerrorist,2020.63,478.8129,160.0313,M4A4,100,100,58.60018,-7.375572,0,False,True,True,262.6172,351.2109
EPSILON GMX * Nike,CounterTerrorist,2021.786,478.6678,160.0313,M4A4,100,100,18.14116,-2.259116,0,False,True,True,262.6172,351.2109
EPSILON GMX * Nike,CounterTerrorist,2021.503,478.7043,160.0313,M4A4,100,100,-20.92523,2.660694,0,False,True,True,262.6172,351.2109
EPSILON GMX * Nike,CounterTerrorist,2021.067,478.7598,160.0313,M4A4,100,100,-9.765089,1.241655,0,False,True,True,262.9688,351.2109
EPSILON GMX * Nike,CounterTerrorist,2020.969,478.7722,160.0313,M4A4,100,100,0,0,0,False,True,True,262.9688,351.5625
EPSILON GMX * Nike,CounterTerrorist,2020.969,478.7722,160.0313,M4A4,100,100,0,0,0,False,True,True,262.9688,351.5625
EPSILON GMX * Nike,CounterTerrorist,2021.601,478.6938,160.0313,M4A4,100,100,30.70211,-3.809175,0,False,True,True,262.9688,351.5625
EPSILON GMX * Nike,CounterTerrorist,2023.105,478.5071,160.0313,M4A4,100,100,58.61312,-7.27206,0,False,True,True,262.9688,351.5625
EPSILON GMX * Nike,CounterTerrorist,2025.481,478.2124,160.0313,M4A4,100,100,86.33224,-10.71114,0,False,True,True,262.9688,351.5625
EPSILON GMX * Nike,CounterTerrorist,2028.223,477.8721,160.0313,M4A4,100,100,82.80334,-10.27332,0,False,True,True,262.6172,351.5625
EPSILON GMX * Nike,CounterTerrorist,2029.82,477.677,160.0313,M4A4,100,100,32.26867,-3.849587,0,False,True,True,262.6172,351.5625
EPSILON GMX * Nike,CounterTerrorist,2029.891,477.6735,160.0313,M4A4,100,100,-12.39215,1.662358,0,False,True,True,262.6172,351.5625
EPSILON GMX * Nike,CounterTerrorist,2028.59,477.8424,160.0313,M4A4,100,100,-47.26584,6.111305,0,False,True,True,262.6172,351.5625
EPSILON GMX * Nike,CounterTerrorist,2027.613,477.9688,160.0313,M4A4,100,100,-38.89799,5.029373,0,False,True,True,262.6172,351.5625
EPSILON GMX * Nike,CounterTerrorist,2026.691,478.088,160.0313,M4A4,100,100,-17.97746,2.331663,0,False,True,True,262.6172,351.5625
EPSILON GMX * Nike,CounterTerrorist,2026.979,478.0512,160.0313,M4A4,100,100,21.07407,-2.705049,0,False,True,True,262.6172,351.5625
EPSILON GMX * Nike,CounterTerrorist,2028.183,477.8966,160.0313,M4A4,100,100,48.96934,-6.292475,0,False,True,True,262.6172,351.5625
EPSILON GMX * Nike,CounterTerrorist,2029.8,477.6888,160.0313,M4A4,100,100,37.8111,-4.858559,0,False,True,True,262.6172,351.5625
EPSILON GMX * Nike,CounterTerrorist,2030.021,477.6605,160.0313,M4A4,100,100,-9.763405,1.255132,0,False,True,True,262.6172,351.5625
EPSILON GMX * Nike,CounterTerrorist,2029.171,477.7697,160.0313,M4A4,100,100,-37.65995,4.832603,0,False,True,True,262.6172,351.5625
EPSILON GMX * Nike,CounterTerrorist,2027.449,477.9901,160.0313,M4A4,100,100,-65.55924,8.388691,0,False,True,True,262.6172,351.5625
EPSILON GMX * Nike,CounterTerrorist,2025.313,478.2634,160.0313,M4A4,100,100,-64.16468,8.20767,0,False,True,True,262.6172,351.5625
EPSILON GMX * Nike,CounterTerrorist,2024.289,478.3952,160.0313,M4A4,100,100,-13.94159,1.841467,0,False,True,True,262.9688,351.5625
EPSILON GMX * Nike,CounterTerrorist,2024.67,478.3481,160.0313,M4A4,100,100,23.72175,-2.964402,0,False,True,True,262.9688,351.5625
EPSILON GMX * Nike,CounterTerrorist,2025.957,478.1874,160.0313,M4A4,100,100,51.62968,-6.451935,0,False,True,True,262.9688,351.5625
EPSILON GMX * Nike,CounterTerrorist,2027.657,477.9748,160.0313,M4A4,100,100,40.46544,-5.065548,0,False,True,True,262.9688,351.5625
EPSILON GMX * Nike,CounterTerrorist,2027.941,477.9388,160.0313,M4A4,100,100,-9.768684,1.211987,0,False,True,True,262.9688,351.5625
EPSILON GMX * Nike,CounterTerrorist,2027.09,478.0443,160.0313,M4A4,100,100,-37.67969,4.674874,0,False,True,True,262.9688,351.5625
EPSILON GMX * Nike,CounterTerrorist,2025.367,478.2581,160.0313,M4A4,100,100,-65.5907,8.13776,0,False,True,True,262.9688,351.5625
EPSILON GMX * Nike,CounterTerrorist,2023.234,478.5228,160.0313,M4A4,100,100,-54.23442,6.7288,0,False,True,True,262.9688,351.5625
EPSILON GMX * Nike,CounterTerrorist,2022.52,478.6114,160.0313,M4A4,100,100,-3.994614,0.4956062,0,False,True,True,262.9688,351.5625
EPSILON GMX * Nike,CounterTerrorist,2023.115,478.5377,160.0313,M4A4,100,100,29.49966,-3.651229,0,False,True,True,262.9688,351.5625
EPSILON GMX * Nike,CounterTerrorist,2024.582,478.3566,160.0313,M4A4,100,100,57.41534,-7.076291,0,False,True,True,262.9688,351.5625
EPSILON GMX * Nike,CounterTerrorist,2026.844,478.0784,160.0313,M4A4,100,100,75.41572,-9.268475,0,False,True,True,262.9688,351.5625
EPSILON GMX * Nike,CounterTerrorist,2028.218,477.9091,160.0313,M4A4,100,100,25.1295,-3.110498,0,False,True,True,262.9688,351.5625
EPSILON GMX * Nike,CounterTerrorist,2028.109,477.9222,160.0313,M4A4,100,100,-16.75025,2.04815,0,False,True,True,262.9688,351.5625
EPSILON GMX * Nike,CounterTerrorist,2027.04,478.0529,160.0313,M4A4,100,100,-44.66733,5.461734,0,False,True,True,262.9688,351.5625
EPSILON GMX * Nike,CounterTerrorist,2025.099,478.2902,160.0313,M4A4,100,100,-72.5844,8.875319,0,False,True,True,262.9688,351.5625
EPSILON GMX * Nike,CounterTerrorist,2023.049,478.5409,160.0313,M4A4,100,100,-61.41758,7.509885,0,False,True,True,262.9688,351.5625
EPSILON GMX * Nike,CounterTerrorist,2021.206,478.7663,160.0313,M4A4,100,100,-27.91709,3.413586,0,False,True,True,262.9688,351.5625
EPSILON GMX * Nike,CounterTerrorist,2021.141,478.7743,160.0313,M4A4,100,100,9.770963,-1.194753,0,False,True,True,262.9688,351.5625
EPSILON GMX * Nike,CounterTerrorist,2021.991,478.6703,160.0313,M4A4,100,100,37.68804,-4.608336,0,False,True,True,262.9688,351.5625
EPSILON GMX * Nike,CounterTerrorist,2023.239,478.5176,160.0313,M4A4,100,100,41.28584,-5.051569,0,True,True,True,262.9688,351.5625
EPSILON GMX * Nike,CounterTerrorist,2024.599,478.3509,160.0313,M4A4,100,100,44.88228,-5.505861,0,True,True,True,262.9688,351.5625
EPSILON GMX * Nike,CounterTerrorist,2026.458,478.1222,160.0313,M4A4,100,100,49.37589,-6.089369,0,True,True,True,262.9688,351.5625
EPSILON GMX * Nike,CounterTerrorist,2027.658,477.974,160.0313,M4A4,100,100,52.0721,-6.439049,0,True,True,True,262.9688,351.5625
EPSILON GMX * Nike,CounterTerrorist,2029.355,477.7637,160.0313,M4A4,100,100,55.6675,-6.901525,0,True,True,True,262.9688,351.5625
EPSILON GMX * Nike,CounterTerrorist,2031.606,477.4843,160.0313,M4A4,100,100,56.47224,-7.014216,0,True,True,True,262.9688,351.5625
EPSILON GMX * Nike,CounterTerrorist,2032.799,477.3362,160.0313,M4A4,100,100,48.09908,-5.974216,0,True,True,True,262.6172,351.5625
EPSILON GMX * Nike,CounterTerrorist,2034.084,477.1765,160.0313,M4A4,100,100,36.93487,-4.587549,0,True,True,True,262.6172,351.5625
EPSILON GMX * Nike,CounterTerrorist,2035.02,477.0603,160.0313,M4A4,100,100,25.77066,-3.200881,0,True,True,True,262.2656,351.5625
EPSILON GMX * Nike,CounterTerrorist,2035.895,476.9489,160.0313,M4A4,100,100,29.35003,-3.785683,0,True,True,True,262.2656,351.5625
EPSILON GMX * Nike,CounterTerrorist,2036.882,476.8185,160.0313,M4A4,100,100,32.92307,-4.41224,0,True,True,True,261.9141,351.5625
EPSILON GMX * Nike,CounterTerrorist,2038.454,476.5989,160.0313,M4A4,100,100,60.73562,-8.597389,0,False,True,True,261.5625,351.9141
EPSILON GMX * Nike,CounterTerrorist,2040.893,476.2493,160.0313,M4A4,100,100,88.26051,-12.71944,0,False,True,True,261.5625,351.9141
EPSILON GMX * Nike,CounterTerrorist,2043.684,475.8461,160.0313,M4A4,100,100,74.35062,-10.64648,0,False,True,True,261.2109,351.9141
EPSILON GMX * Nike,CounterTerrorist,2045.03,475.6624,160.0313,M4A4,100,100,24.29977,-3.024906,0,False,True,True,261.2109,351.9141
EPSILON GMX * Nike,CounterTerrorist,2044.916,475.6857,160.0313,M4A4,100,100,-16.6721,2.608994,0,False,True,True,261.2109,351.9141
EPSILON GMX * Nike,CounterTerrorist,2043.852,475.8521,160.0313,M4A4,100,100,-44.45892,6.957319,0,False,True,True,261.2109,351.9141
EPSILON GMX * Nike,CounterTerrorist,2041.996,476.1426,160.0313,M4A4,100,100,-62.52037,9.78373,0,False,True,True,261.2109,351.9141
EPSILON GMX * Nike,CounterTerrorist,2040.715,476.343,160.0313,M4A4,100,100,-22.22946,3.478659,0,False,True,True,261.2109,351.9141
EPSILON GMX * Nike,CounterTerrorist,2040.867,476.3192,160.0313,M4A4,100,100,16.6721,-2.608994,0,False,True,True,261.2109,351.9141
EPSILON GMX * Nike,CounterTerrorist,2041.931,476.1528,160.0313,M4A4,100,100,44.45892,-6.957319,0,False,True,True,261.2109,351.9141
EPSILON GMX * Nike,CounterTerrorist,2043.863,475.8503,160.0313,M4A4,100,100,72.24312,-11.32245,0,False,True,True,260.8594,351.9141
EPSILON GMX * Nike,CounterTerrorist,2045.448,475.6022,160.0313,M4A4,100,100,31.9565,-4.990113,0,False,True,True,260.8594,351.9141
EPSILON GMX * Nike,CounterTerrorist,2045.513,475.5927,160.0313,M4A4,100,100,-12.5009,1.976866,0,False,True,True,260.8594,351.9141
EPSILON GMX * Nike,CounterTerrorist,2044.58,475.7397,160.0313,M4A4,100,100,-40.28453,6.345613,0,False,True,True,260.8594,351.9141
EPSILON GMX * Nike,CounterTerrorist,2043.234,475.9516,160.0313,M4A4,100,100,-38.89556,6.125812,0,False,True,True,260.8594,351.9141
EPSILON GMX * Nike,CounterTerrorist,2042.312,476.097,160.0313,M4A4,100,100,-18.05715,2.853666,0,False,True,True,261.2109,351.9141
EPSILON GMX * Nike,CounterTerrorist,2042.594,476.0536,160.0313,M4A4,100,100,20.84436,-3.234062,0,False,True,True,261.2109,351.9141
EPSILON GMX * Nike,CounterTerrorist,2043.788,475.868,160.0313,M4A4,100,100,48.63457,-7.560744,0,False,True,True,261.2109,351.9141
EPSILON GMX * Nike,CounterTerrorist,2045.851,475.5473,160.0313,M4A4,100,100,76.42507,-11.88558,0,False,True,True,261.2109,351.9141
EPSILON GMX * Nike,CounterTerrorist,2047.859,475.235,160.0313,M4A4,100,100,45.42427,-7.063101,0,False,True,True,261.2109,351.9141
EPSILON GMX * Nike,CounterTerrorist,2048.302,475.1663,160.0313,M4A4,100,100,-4.599248,0.7175887,0,False,True,True,261.2109,351.9141
EPSILON GMX * Nike,CounterTerrorist,2047.615,475.2731,160.0313,M4A4,100,100,-32.39014,5.03985,0,False,True,True,261.2109,351.9141
EPSILON GMX * Nike,CounterTerrorist,2046.288,475.4796,160.0313,M4A4,100,100,-40.72736,6.336873,0,False,True,True,261.2109,351.9141
EPSILON GMX * Nike,CounterTerrorist,2045.308,475.632,160.0313,M4A4,100,100,-19.88439,3.093943,0,False,True,True,261.2109,351.9141
EPSILON GMX * Nike,CounterTerrorist,2045.534,475.5969,160.0313,M4A4,100,100,19.0225,-2.959552,0,False,True,True,261.2109,351.9141
EPSILON GMX * Nike,CounterTerrorist,2046.671,475.42,160.0313,M4A4,100,100,46.81316,-7.283352,0,False,True,True,261.2109,351.9141
EPSILON GMX * Nike,CounterTerrorist,2049.238,475.0207,160.0313,M4A4,100,100,71.80618,-11.17188,0,False,True,True,261.2109,351.9141
EPSILON GMX * Nike,CounterTerrorist,2050.714,474.7909,160.0313,M4A4,100,100,53.74225,-8.361418,0,False,True,True,261.2109,351.9141
EPSILON GMX * Nike,CounterTerrorist,2051.417,474.6815,160.0313,M4A4,100,100,3.71663,-0.5943227,0,False,True,True,261.2109,351.9141
EPSILON GMX * Nike,CounterTerrorist,2050.816,474.7742,160.0313,M4A4,100,100,-29.63412,4.581372,0,False,True,True,261.2109,351.9141
EPSILON GMX * Nike,CounterTerrorist,2049.347,475.0014,160.0313,M4A4,100,100,-57.42849,8.881227,0,False,True,True,261.2109,351.9141
EPSILON GMX * Nike,CounterTerrorist,2047.011,475.3626,160.0313,M4A4,100,100,-85.06841,13.14805,0,False,True,True,261.2109,351.9141
EPSILON GMX * Nike,CounterTerrorist,2044.753,475.713,160.0313,M4A4,100,100,-53.24926,8.3395,0,False,True,True,261.5625,351.9141
EPSILON GMX * Nike,CounterTerrorist,2044.067,475.8261,160.0313,M4A4,100,100,-3.195452,0.7623523,0,False,True,True,261.5625,351.9141
EPSILON GMX * Nike,CounterTerrorist,2044.682,475.7357,160.0313,M4A4,100,100,30.13992,-4.450273,0,False,True,True,261.5625,351.9141
EPSILON GMX * Nike,CounterTerrorist,2046.168,475.5159,160.0313,M4A4,100,100,57.95964,-8.582923,0,False,True,True,261.5625,351.9141
EPSILON GMX * Nike,CounterTerrorist,2048.521,475.1672,160.0313,M4A4,100,100,85.60599,-12.6869,0,False,True,True,261.5625,351.9141
EPSILON GMX * Nike,CounterTerrorist,2051.462,474.7312,160.0313,M4A4,100,100,91.1724,-13.51459,0,False,True,True,261.5625,351.9141
EPSILON GMX * Nike,CounterTerrorist,2053.31,474.4574,160.0313,M4A4,100,100,40.31487,-5.971384,0,False,True,True,261.5625,351.9141
EPSILON GMX * Nike,CounterTerrorist,2053.592,474.4158,160.0313,M4A4,100,100,-9.737179,1.444569,0,False,True,True,261.5625,351.9141
EPSILON GMX * Nike,CounterTerrorist,2052.744,474.5415,160.0313,M4A4,100,100,-37.55769,5.571911,0,False,True,True,261.5625,351.9141
EPSILON GMX * Nike,CounterTerrorist,2051.123,474.782,160.0313,M4A4,100,100,-57.15569,8.479394,0,False,True,True,261.5625,351.9141
EPSILON GMX * Nike,CounterTerrorist,2048.557,475.1627,160.0313,M4A4,100,100,-71.37506,10.58893,0,False,True,True,261.5625,351.9141
EPSILON GMX * Nike,CounterTerrorist,2046.752,475.4305,160.0313,M4A4,100,100,-79.79775,11.83849,0,False,True,True,261.5625,351.9141
EPSILON GMX * Nike,CounterTerrorist,2044.06,475.8299,160.0313,M4A4,100,100,-89.75465,13.31058,0,False,True,True,261.5625,351.9141
EPSILON GMX * Nike,CounterTerrorist,2041.085,476.2704,160.0313,M4A4,100,100,-98.30484,14.54083,0,False,True,True,261.5625,351.9141
EPSILON GMX * Nike,CounterTerrorist,2037.867,476.7448,160.0313,M4A4,100,100,-105.651,15.54029,0,False,True,True,261.9141,351.9141
EPSILON GMX * Nike,CounterTerrorist,2034.44,477.2472,160.0313,M4A4,100,100,-111.9584,16.3798,0,False,True,True,261.9141,351.9141
EPSILON GMX * Nike,CounterTerrorist,2030.848,477.7711,160.0313,M4A4,100,100,-115.7794,16.85633,0,False,True,True,261.9141,351.5625
EPSILON GMX * Nike,CounterTerrorist,2027.308,478.2845,160.0313,M4A4,100,100,-105.816,15.3626,0,False,True,True,262.2656,351.5625
EPSILON GMX * Nike,CounterTerrorist,2024.247,478.7365,160.0313,M4A4,100,100,-61.08045,9.184541,0,False,True,True,262.2656,351.5625
EPSILON GMX * Nike,CounterTerrorist,2023.21,478.8969,160.0313,M4A4,100,100,-35.82582,5.66293,0,False,True,True,262.2656,351.5625
EPSILON GMX * Nike,CounterTerrorist,2022.747,478.9793,160.0313,M4A4,100,100,-2.187503,0.7602228,0,False,True,True,262.2656,351.5625
EPSILON GMX * Nike,CounterTerrorist,2023.057,478.9381,160.0313,M4A4,100,100,14.18748,-1.887586,0,False,True,True,262.2656,351.5625
EPSILON GMX * Nike,CounterTerrorist,2023.723,478.8495,160.0313,M4A4,100,100,25.58703,-3.404248,0,False,True,True,262.2656,351.5625
EPSILON GMX * Nike,CounterTerrorist,2024.745,478.7135,160.0313,M4A4,100,100,36.98658,-4.920911,0,False,True,True,262.2656,351.5625
EPSILON GMX * Nike,CounterTerrorist,2025.595,478.6004,160.0313,M4A4,100,100,14.55921,-1.937042,0,False,True,True,262.2656,351.5625
EPSILON GMX * Nike,CounterTerrorist,2025.515,478.6111,160.0313,M4A4,100,100,-8.487708,1.129254,0,False,True,True,262.2656,351.5625
EPSILON GMX * Nike,CounterTerrorist,2025.027,478.6759,160.0313,M4A4,100,100,-19.88726,2.645917,0,False,True,True,262.2656,351.5625
EPSILON GMX * Nike,CounterTerrorist,2024.183,478.7882,160.0313,M4A4,100,100,-31.28681,4.16258,0,False,True,True,262.2656,351.5625
EPSILON GMX * Nike,CounterTerrorist,2023.467,478.8835,160.0313,M4A4,100,100,-14.49726,1.928799,0,False,True,True,262.2656,351.5625
EPSILON GMX * Nike,CounterTerrorist,2023.548,478.8727,160.0313,M4A4,100,100,8.487708,-1.129254,0,False,True,True,262.2656,351.5625
EPSILON GMX * Nike,CounterTerrorist,2024.036,478.8078,160.0313,M4A4,100,100,19.88726,-2.645917,0,False,True,True,262.2656,351.5625
EPSILON GMX * Nike,CounterTerrorist,2024.88,478.6955,160.0313,M4A4,100,100,31.28681,-4.16258,0,False,True,True,262.2656,351.5625
EPSILON GMX * Nike,CounterTerrorist,2026.081,478.5356,160.0313,M4A4,100,100,42.68384,-5.69811,0,False,True,True,262.2656,351.5625
EPSILON GMX * Nike,CounterTerrorist,2027.637,478.3267,160.0313,M4A4,100,100,54.07455,-7.28017,0,False,True,True,262.2656,351.5625
EPSILON GMX * Nike,CounterTerrorist,2030.083,477.9948,160.0313,M4A4,100,100,68.30437,-9.319476,0,False,True,True,261.9141,351.9141
EPSILON GMX * Nike,CounterTerrorist,2031.817,477.7566,160.0313,M4A4,100,100,76.83562,-10.5896,0,False,True,True,261.9141,351.9141
EPSILON GMX * Nike,CounterTerrorist,2034.425,477.3935,160.0313,M4A4,100,100,87.21347,-12.23168,0,False,True,True,261.5625,351.9141
EPSILON GMX * Nike,CounterTerrorist,2037.197,477.0009,160.0313,M4A4,100,100,85.06989,-12.06494,0,False,True,True,260.8594,351.9141
EPSILON GMX * Nike,CounterTerrorist,2039.615,476.6579,160.0313,M4A4,100,100,73.00939,-10.35447,0,False,True,True,260.5078,351.9141
EPSILON GMX * Nike,CounterTerrorist,2041.679,476.3652,160.0313,M4A4,100,100,61.87085,-8.774761,0,False,True,True,260.5078,351.9141
EPSILON GMX * Nike,CounterTerrorist,2043.395,476.1218,160.0313,M4A4,100,100,50.73231,-7.195051,0,False,True,True,260.5078,351.9141
EPSILON GMX * Nike,CounterTerrorist,2044.807,475.9204,160.0313,M4A4,100,100,45.20159,-6.564072,0,False,True,True,260.5078,351.9141
EPSILON GMX * Nike,CounterTerrorist,2046.44,475.6733,160.0313,M4A4,100,100,56.50568,-8.701338,0,False,True,True,260.5078,351.9141
EPSILON GMX * Nike,CounterTerrorist,2048.427,475.361,160.0313,M4A4,100,100,67.82131,-10.7627,0,False,True,True,260.5078,351.9141
EPSILON GMX * Nike,CounterTerrorist,2050.767,474.9852,160.0313,M4A4,100,100,79.05865,-12.76821,0,False,True,True,260.5078,351.9141
EPSILON GMX * Nike,CounterTerrorist,2053.893,474.4774,160.0313,M4A4,100,100,75.11906,-12.20729,0,False,True,True,260.5078,351.9141
EPSILON GMX * Nike,CounterTerrorist,2055.26,474.257,160.0313,M4A4,100,100,49.9257,-8.005982,0,False,True,True,260.5078,351.9141
EPSILON GMX * Nike,CounterTerrorist,2056.165,474.1154,160.0313,M4A4,100,100,16.38224,-2.455834,0,False,True,True,260.5078,351.9141
EPSILON GMX * Nike,CounterTerrorist,2055.831,474.1752,160.0313,M4A4,100,100,-22.47981,3.844287,0,False,True,True,260.5078,351.9141
EPSILON GMX * Nike,CounterTerrorist,2054.587,474.3867,160.0313,M4A4,100,100,-50.21288,8.523274,0,False,True,True,260.5078,351.9141
EPSILON GMX * Nike,CounterTerrorist,2052.476,474.7446,160.0313,M4A4,100,100,-77.94464,13.21004,0,False,True,True,260.5078,351.9141
EPSILON GMX * Nike,CounterTerrorist,2049.53,475.2437,160.0313,M4A4,100,100,-103.5879,17.54506,0,False,True,True,260.5078,351.9141
EPSILON GMX * Nike,CounterTerrorist,2046.007,475.8404,160.0313,M4A4,100,100,-106.1826,17.99001,0,False,True,True,260.5078,351.9141
EPSILON GMX * Nike,CounterTerrorist,2043.395,476.2852,160.0313,M4A4,100,100,-41.66663,7.168715,0,False,True,True,260.5078,351.9141
EPSILON GMX * Nike,CounterTerrorist,2043.004,476.3552,160.0313,M4A4,100,100,-4.221004,0.8896794,0,False,True,True,260.5078,351.9141
EPSILON GMX * Nike,CounterTerrorist,2043.303,476.307,160.0313,M4A4,100,100,10.9193,-1.776449,0,True,True,True,260.5078,351.9141
EPSILON GMX * Nike,CounterTerrorist,2043.714,476.2403,160.0313,M4A4,100,100,14.49975,-2.34308,0,True,True,True,260.8594,351.9141
EPSILON GMX * Nike,CounterTerrorist,2044.238,476.1569,160.0313,M4A4,100,100,18.08792,-2.860807,0,True,True,True,261.2109,351.9141
EPSILON GMX * Nike,CounterTerrorist,2044.787,476.071,160.0313,M4A4,100,100,14.32685,-2.235192,0,True,True,True,261.5625,351.5625
EPSILON GMX * Nike,CounterTerrorist,2045.018,476.0351,160.0313,M4A4,100,100,3.211315,-0.5010107,0,True,True,True,261.5625,351.5625
EPSILON GMX * Nike,CounterTerrorist,2044.874,476.0563,160.0313,M4A4,100,100,-5.935386,0.877161,0,False,True,True,261.5625,351.5625
EPSILON GMX * Nike,CounterTerrorist,2044.619,476.094,160.0313,M4A4,100,100,-9.521854,1.404301,0,False,True,True,261.5625,351.5625
EPSILON GMX * Nike,CounterTerrorist,2044.251,476.1482,160.0313,M4A4,100,100,-13.10811,1.932919,0,False,True,True,261.5625,351.5625
EPSILON GMX * Nike,CounterTerrorist,2043.771,476.2189,160.0313,M4A4,100,100,-16.69434,2.461675,0,False,True,True,261.5625,351.5625
EPSILON GMX * Nike,CounterTerrorist,2043.18,476.3062,160.0313,M4A4,100,100,-20.28056,2.990461,0,False,True,True,261.5625,351.5625
EPSILON GMX * Nike,CounterTerrorist,2042.476,476.4099,160.0313,M4A4,100,100,-23.86727,3.516006,0,False,True,True,261.5625,351.5625
EPSILON GMX * Nike,CounterTerrorist,2041.66,476.5294,160.0313,M4A4,100,100,-27.46005,3.999585,0,False,True,True,261.9141,351.5625
EPSILON GMX * Nike,CounterTerrorist,2040.731,476.6628,160.0313,M4A4,100,100,-31.06063,4.427141,0,False,True,True,262.2656,351.5625
EPSILON GMX * Nike,CounterTerrorist,2039.69,476.8093,160.0313,M4A4,100,100,-34.66256,4.843227,0,False,True,True,262.2656,351.5625
EPSILON GMX * Nike,CounterTerrorist,2038.537,476.9691,160.0313,M4A4,100,100,-38.26215,5.275611,0,False,True,True,262.2656,351.5625
EPSILON GMX * Nike,CounterTerrorist,2037.271,477.1422,160.0313,M4A4,100,100,-41.86342,5.694675,0,False,True,True,262.6172,351.5625
EPSILON GMX * Nike,CounterTerrorist,2035.892,477.328,160.0313,M4A4,100,100,-45.46724,6.093402,0,False,True,True,262.6172,351.5625
EPSILON GMX * Nike,CounterTerrorist,2034.126,477.5631,160.0313,M4A4,100,100,-38.90482,5.183733,0,False,True,True,262.6172,351.5625
EPSILON GMX * Nike,CounterTerrorist,2033.517,477.645,160.0313,M4A4,100,100,-19.47671,2.641922,0,True,True,True,262.6172,351.5625
EPSILON GMX * Nike,CounterTerrorist,2033.394,477.6625,160.0313,M4A4,100,100,3.688397,-0.4741611,0,True,True,True,262.6172,351.5625
EPSILON GMX * Nike,CounterTerrorist,2033.579,477.6387,160.0313,M4A4,100,100,7.283809,-0.9363686,0,True,True,True,262.6172,351.5625
EPSILON GMX * Nike,CounterTerrorist,2033.877,477.6005,160.0313,M4A4,100,100,10.88005,-1.392061,0,True,True,True,262.6172,351.9141
EPSILON GMX * Nike,CounterTerrorist,2034.287,477.5487,160.0313,M4A4,100,100,14.48115,-1.808992,0,True,True,True,262.9688,351.9141
EPSILON GMX * Nike,CounterTerrorist,2034.81,477.4844,160.0313,M4A4,100,100,18.08481,-2.204187,0,True,True,True,263.3203,352.2656
EPSILON GMX * Nike,CounterTerrorist,2035.731,477.3734,160.0313,M4A4,100,100,39.93119,-4.799711,0,False,True,True,263.3203,352.2656
EPSILON GMX * Nike,CounterTerrorist,2037.524,477.1576,160.0313,M4A4,100,100,67.85397,-8.166315,0,False,True,True,262.9688,352.2656
EPSILON GMX * Nike,CounterTerrorist,2040.181,476.8369,160.0313,M4A4,100,100,94.95397,-11.49176,0,False,True,True,262.9688,352.2656
EPSILON GMX * Nike,CounterTerrorist,2043.615,476.4181,160.0313,M4A4,100,100,118.4156,-14.51205,0,False,True,True,262.6172,352.6172
EPSILON GMX * Nike,CounterTerrorist,2047.244,475.971,160.0313,M4A4,100,100,116.1144,-14.3682,0,False,True,True,262.2656,352.6172
EPSILON GMX * Nike,CounterTerrorist,2050.872,475.5179,160.0313,M4A4,100,100,116.0868,-14.58923,0,False,True,True,261.9141,352.6172
EPSILON GMX * Nike,CounterTerrorist,2054.499,475.0563,160.0313,M4A4,100,100,116.0482,-14.89323,0,False,True,True,261.5625,352.6172
EPSILON GMX * Nike,CounterTerrorist,2058.069,474.3291,160.0313,M4A4,100,100,112.8045,-28.90374,0,False,True,True,260.8594,352.6172
EPSILON GMX * Nike,CounterTerrorist,2061.522,473.1582,160.0313,M4A4,100,100,109.067,-42.34842,0,False,True,True,259.8047,352.9688
EPSILON GMX * Nike,CounterTerrorist,2064.835,471.6145,160.0313,M4A4,100,100,104.1233,-53.36035,0,False,True,True,259.1016,352.9688
EPSILON GMX * Nike,CounterTerrorist,2067.905,469.7386,160.0313,M4A4,100,100,91.88064,-64.75593,0,False,True,True,258.3984,352.6172
EPSILON GMX * Nike,CounterTerrorist,2070.43,467.4785,160.0313,M4A4,100,100,74.48692,-76.62907,0,False,True,True,258.0469,352.6172
EPSILON GMX * Nike,CounterTerrorist,2072.458,464.8815,160.0313,M4A4,100,100,59.43906,-86.7937,0,False,True,True,257.6953,352.6172
EPSILON GMX * Nike,CounterTerrorist,2074.058,461.9958,160.0313,M4A4,100,100,46.44593,-95.50036,0,False,True,True,257.6953,352.6172
EPSILON GMX * Nike,CounterTerrorist,2075.286,458.8629,160.0313,M4A4,100,100,35.24884,-102.9626,0,False,True,True,257.6953,352.6172
EPSILON GMX * Nike,CounterTerrorist,2076.196,455.5179,160.0313,M4A4,100,100,25.62116,-109.3629,0,False,True,True,257.6953,352.6172
EPSILON GMX * Nike,CounterTerrorist,2076.832,451.9911,160.0313,M4A4,100,100,17.33987,-114.8518,0,False,True,True,257.3438,352.2656
EPSILON GMX * Nike,CounterTerrorist,2077.227,448.3568,160.0313,M4A4,100,100,9.930761,-116.5778,0,False,True,True,257.3438,352.2656
EPSILON GMX * Nike,CounterTerrorist,2077.412,444.7057,160.0313,M4A4,100,100,3.669739,-116.9424,0,False,True,True,257.3438,352.2656
EPSILON GMX * Nike,CounterTerrorist,2077.423,441.0497,160.0313,M4A4,100,100,-1.51924,-116.9901,0,False,True,True,257.3438,352.2656
EPSILON GMX * Nike,CounterTerrorist,2077.29,437.3961,160.0313,M4A4,100,100,-5.813121,-116.8555,0,False,True,True,257.3438,352.2656
EPSILON GMX * Nike,CounterTerrorist,2077.037,433.7487,160.0313,M4A4,100,100,-9.370356,-116.6242,0,False,True,True,257.3438,352.2656
EPSILON GMX * Nike,CounterTerrorist,2076.588,429.2007,160.0313,M4A4,100,100,-12.75791,-116.3023,0,False,True,True,257.3438,351.9141
EPSILON GMX * Nike,CounterTerrorist,2076.264,426.4778,160.0313,M4A4,100,100,-14.37515,-116.1135,0,False,True,True,257.3438,351.9141
EPSILON GMX * Nike,CounterTerrorist,2075.779,422.8539,160.0313,M4A4,100,100,-16.16726,-115.8776,0,False,True,True,257.3438,351.9141
EPSILON GMX * Nike,CounterTerrorist,2075.244,419.237,160.0313,M4A4,100,100,-17.63888,-115.6627,0,False,True,True,257.3438,351.9141
EPSILON GMX * Nike,CounterTerrorist,2074.669,415.6264,160.0313,M4A4,100,100,-18.86199,-115.4696,0,False,True,True,257.3438,351.9141
EPSILON GMX * Nike,CounterTerrorist,2074.059,412.0214,160.0313,M4A4,100,100,-19.89954,-115.2953,0,False,True,True,257.3438,351.9141
EPSILON GMX * Nike,CounterTerrorist,2073.419,408.4216,160.0313,M4A4,100,100,-20.80595,-115.1352,0,False,True,True,256.9922,351.5625
EPSILON GMX * Nike,CounterTerrorist,2072.752,404.8265,160.0313,M4A4,100,100,-21.61918,-114.9853,0,False,True,True,256.9922,351.5625
EPSILON GMX * Nike,CounterTerrorist,2072.063,401.2359,160.0313,M4A4,100,100,-22.32753,-114.8498,0,False,True,True,256.9922,351.2109
EPSILON GMX * Nike,CounterTerrorist,2071.353,397.6492,160.0313,M4A4,100,100,-22.92994,-114.7311,0,False,True,True,256.9922,351.2109
EPSILON GMX * Nike,CounterTerrorist,2070.626,394.0659,160.0313,M4A4,100,100,-23.44342,-114.6272,0,False,True,True,256.9922,351.2109
EPSILON GMX * Nike,CounterTerrorist,2069.409,389.6862,160.0313,M4A4,100,100,-38.46251,-109.737,0,False,True,True,256.9922,351.2109
EPSILON GMX * Nike,CounterTerrorist,2068.353,387.1643,160.0313,M4A4,100,100,-48.21819,-106.5741,0,False,True,True,256.9922,351.2109
EPSILON GMX * Nike,CounterTerrorist,2066.637,383.9374,160.0313,M4A4,100,100,-58.6236,-101.2535,0,False,True,True,257.3438,350.8594
EPSILON GMX * Nike,CounterTerrorist,2064.64,380.8755,160.0313,M4A4,100,100,-66.8091,-96.04968,0,False,True,True,257.6953,350.8594
EPSILON GMX * Nike,CounterTerrorist,2062.45,377.9488,160.0313,M4A4,100,100,-69.85486,-93.85786,0,False,True,True,257.6953,350.8594
EPSILON GMX * Nike,CounterTerrorist,2060.409,374.9156,160.0313,M4A4,100,100,-62.65927,-98.80695,0,False,True,True,257.6953,350.8594
EPSILON GMX * Nike,CounterTerrorist,2058.576,371.7526,160.0313,M4A4,100,100,-56.36126,-102.53,0,False,True,True,258.0469,350.8594
EPSILON GMX * Nike,CounterTerrorist,2056.924,368.4916,160.0313,M4A4,100,100,-50.91318,-105.3416,0,False,True,True,258.0469,350.5078
EPSILON GMX * Nike,CounterTerrorist,2055.071,364.3143,160.0313,M4A4,100,100,-45.26897,-107.8875,0,False,True,True,258.0469,350.5078
EPSILON GMX * Nike,CounterTerrorist,2054.037,361.7746,160.0313,M4A4,100,100,-44.78761,-108.0882,0,False,True,True,258.3984,350.5078
EPSILON GMX * Nike,CounterTerrorist,2052.422,358.4957,160.0313,M4A4,100,100,-55.48898,-103.0047,0,False,True,True,258.75,350.5078
EPSILON GMX * Nike,CounterTerrorist,2050.517,355.376,160.0313,M4A4,100,100,-63.9905,-97.95006,0,False,True,True,258.75,350.1563
EPSILON GMX * Nike,CounterTerrorist,2048.382,352.4087,160.0313,M4A4,100,100,-70.71477,-93.21169,0,False,True,True,258.75,350.1563
EPSILON GMX * Nike,CounterTerrorist,2046.066,349.5803,160.0313,M4A4,100,100,-75.99723,-88.9574,0,False,True,True,259.1016,350.1563
EPSILON GMX * Nike,CounterTerrorist,2043.609,346.8734,160.0313,M4A4,100,100,-80.08946,-85.29172,0,False,True,True,259.4531,349.8047
EPSILON GMX * Nike,CounterTerrorist,2041.042,344.2701,160.0313,M4A4,100,100,-83.28204,-82.17725,0,False,True,True,259.4531,349.8047
EPSILON GMX * Nike,CounterTerrorist,2038.388,341.7547,160.0313,M4A4,100,100,-85.80153,-79.54306,0,False,True,True,259.4531,349.8047
EPSILON GMX * Nike,CounterTerrorist,2035.669,339.3111,160.0313,M4A4,100,100,-87.69227,-77.45362,0,False,True,True,259.8047,349.8047
EPSILON GMX * Nike,CounterTerrorist,2032.9,336.9232,160.0313,M4A4,100,100,-89.09559,-75.83517,0,False,True,True,259.8047,349.8047
EPSILON GMX * Nike,CounterTerrorist,2030.094,334.5794,160.0313,M4A4,100,100,-90.19254,-74.52719,0,False,True,True,259.8047,349.8047
EPSILON GMX * Nike,CounterTerrorist,2027.258,332.2723,160.0313,M4A4,100,100,-91.08409,-73.43492,0,False,True,True,259.8047,349.8047
EPSILON GMX * Nike,CounterTerrorist,2024.397,329.9954,160.0313,M4A4,100,100,-91.7973,-72.5414,0,False,True,True,260.1563,349.8047
EPSILON GMX * Nike,CounterTerrorist,2021.537,327.719,160.0313,M4A4,100,100,-89.75707,-74.88421,0,False,True,True,260.1563,349.8047
EPSILON GMX * Nike,CounterTerrorist,2018.913,325.177,160.0313,M4A4,100,100,-80.63212,-84.77889,0,False,True,True,257.6953,350.8594
EPSILON GMX * Nike,CounterTerrorist,2016.545,322.3923,160.0313,M4A4,100,100,-73.17334,-91.29436,0,False,True,True,252.0703,352.9688
EPSILON GMX * Nike,CounterTerrorist,2014.366,319.4568,160.0313,M4A4,100,100,-67.79196,-95.35852,0,False,True,True,249.6094,353.6719
EPSILON GMX * Nike,CounterTerrorist,2012.338,316.4147,160.0313,M4A4,100,100,-63.23571,-98.43903,0,False,True,True,249.6094,353.6719
EPSILON GMX * Nike,CounterTerrorist,2010.438,313.2911,160.0313,M4A4,100,100,-59.46836,-100.7597,0,False,True,True,248.9063,354.7266
EPSILON GMX * Nike,CounterTerrorist,2008.471,309.7397,160.0313,M4A4,100,100,-64.97285,-120.9822,0,False,True,True,247.8516,357.5391
EPSILON GMX * Nike,CounterTerrorist,2006.352,305.6115,160.0313,M4A4,100,100,-69.39247,-138.459,0,False,True,True,248.5547,357.8906
EPSILON GMX * Nike,CounterTerrorist,2004.109,300.9854,160.0313,M4A4,100,100,-73.09816,-153.4925,0,False,True,True,248.5547,357.8906
EPSILON GMX * Nike,CounterTerrorist,2001.762,295.932,160.0313,M4A4,100,100,-76.27847,-166.3948,0,False,True,True,248.5547,357.8906
EPSILON GMX * Nike,CounterTerrorist,1998.702,289.1056,160.0313,M4A4,100,100,-79.62755,-179.9815,0,False,True,True,248.5547,357.8906
EPSILON GMX * Nike,CounterTerrorist,1996.808,284.7767,160.0313,M4A4,100,100,-81.35043,-186.971,0,False,True,True,248.5547,357.8906
EPSILON GMX * Nike,CounterTerrorist,1993.407,284.0942,160.0313,M4A4,100,100,-110.7588,-17.03982,0,False,True,True,248.5547,357.8906
EPSILON GMX * Nike,CounterTerrorist,1989.95,283.1685,160.0313,M4A4,100,100,-109.7548,-41.78078,0,False,True,True,248.5547,357.8906
EPSILON GMX * Nike,CounterTerrorist,1986.836,281.28,160.0313,M4A4,100,100,-88.80662,-70.80909,0,False,True,True,248.5547,357.8906
EPSILON GMX * Nike,CounterTerrorist,1984.609,278.5885,160.0313,M4A4,100,100,-61.28262,-94.85764,0,False,True,True,248.5547,357.8906
EPSILON GMX * Nike,CounterTerrorist,1983.164,275.2134,160.0313,M4A4,100,100,-37.66073,-115.4968,0,False,True,True,248.5547,357.8906
EPSILON GMX * Nike,CounterTerrorist,1982.381,271.2477,160.0313,M4A4,100,100,-17.9655,-133.4561,0,False,True,True,247.1484,359.6484
EPSILON GMX * Nike,CounterTerrorist,1982.14,266.7638,160.0313,M4A4,100,100,-2.007664,-149.2494,0,False,True,True,245.7422,2.460938
EPSILON GMX * Nike,CounterTerrorist,1982.342,261.8268,160.0313,M4A4,100,100,11.27669,-162.9607,0,False,True,True,245.3906,5.625
EPSILON GMX * Nike,CounterTerrorist,1982.873,256.5042,160.0313,M4A4,100,100,15.87998,-174.4614,0,False,True,True,247.5,9.492188
EPSILON GMX * Nike,CounterTerrorist,1983.061,250.8525,160.0313,M4A4,100,100,0.6660297,-184.6061,0,False,True,True,251.0156,13.00781
EPSILON GMX * Nike,CounterTerrorist,1982.865,244.8956,160.0313,M4A4,100,100,-9.885049,-194.1423,0,False,True,True,255.2344,15.11719
EPSILON GMX * Nike,CounterTerrorist,1982.421,238.6541,160.0313,M4A4,100,100,-16.28526,-202.9974,0,False,True,True,259.4531,15.82031
EPSILON GMX * Nike,CounterTerrorist,1981.851,232.1504,160.0313,M4A4,100,100,-18.94384,-211.0898,0,False,True,True,264.0234,15.82031
EPSILON GMX * Nike,CounterTerrorist,1981.269,225.4102,160.0313,M4A4,100,100,-18.08854,-218.3245,0,False,True,True,268.9453,15.11719
EPSILON GMX * Nike,CounterTerrorist,1980.763,218.4635,160.0313,M4A4,100,100,-14.7699,-224.5147,0,False,True,True,272.4609,14.41406
EPSILON GMX * Nike,CounterTerrorist,1980.4,211.4418,160.0313,M4A4,100,100,-9.598765,-224.7952,0,False,True,True,275.2734,13.35938
EPSILON GMX * Nike,CounterTerrorist,1980.22,204.4131,160.0313,M4A4,100,100,-3.374392,-224.9747,0,False,True,True,278.4375,12.65625
EPSILON GMX * Nike,CounterTerrorist,1980.295,195.6249,160.0313,M4A4,100,100,5.60117,-224.9303,0,False,True,True,281.9531,12.30469
EPSILON GMX * Nike,CounterTerrorist,1980.395,190.353,160.0313,M4A4,100,100,0.0302344,-225,0,False,True,True,284.7656,11.95313
EPSILON GMX * Nike,CounterTerrorist,1980.054,183.3314,160.0313,M4A4,100,100,-16.76422,-224.3746,0,False,True,True,289.6875,10.89844
EPSILON GMX * Nike,CounterTerrorist,1979.29,176.3424,160.0313,M4A4,100,100,-28.49114,-223.1888,0,False,True,True,293.2031,9.84375
EPSILON GMX * Nike,CounterTerrorist,1978.226,169.3925,160.0313,M4A4,100,100,-37.1745,-221.9078,0,False,True,True,293.5547,8.4375
EPSILON GMX * Nike,CounterTerrorist,1976.885,162.4441,160.0313,Incendiary,100,100,-47.0834,-223.995,0,False,True,True,289.3359,8.085938
EPSILON GMX * Nike,CounterTerrorist,1975.236,155.3879,164.6034,Incendiary,100,100,-53.60982,-226.0153,286.3684,False,True,True,281.25,8.4375
EPSILON GMX * Nike,CounterTerrorist,1973.561,148.3249,173.1618,Incendiary,100,100,-53.60982,-226.0153,261.3684,False,True,True,268.5938,9.492188
EPSILON GMX * Nike,CounterTerrorist,1971.526,141.3288,180.939,Incendiary,100,100,-81.85725,-220.4173,236.3684,False,True,True,256.9922,10.89844
EPSILON GMX * Nike,CounterTerrorist,1968.14,134.7217,187.9349,Incendiary,100,100,-123.8333,-205.1693,211.3684,False,True,True,246.0938,12.30469
EPSILON GMX * Nike,CounterTerrorist,1963.51,128.7342,194.1496,Incendiary,100,100,-161.228,-183.1506,186.3684,False,True,True,235.5469,14.0625
EPSILON GMX * Nike,CounterTerrorist,1956.462,122.1852,200.8193,Incendiary,100,100,-192.3983,-156.9227,155.1184,False,True,True,226.0547,15.46875
EPSILON GMX * Nike,CounterTerrorist,1951.693,118.784,204.2351,M4A4,100,100,-207.6461,-140.348,136.3684,False,True,True,220.7813,16.52344
EPSILON GMX * Nike,CounterTerrorist,1945.01,114.6538,208.106,M4A4,100,100,-217.45,-127.0531,111.3684,False,True,True,214.1016,17.57813
EPSILON GMX * Nike,CounterTerrorist,1938.04,110.9686,211.1957,M4A4,100,100,-226.3161,-112.2804,86.36838,False,True,True,209.1797,18.63281
EPSILON GMX * Nike,CounterTerrorist,1930.812,107.772,213.5041,M4A4,100,100,-234.1456,-96.12737,61.36838,False,True,True,203.9063,19.6875
EPSILON GMX * Nike,CounterTerrorist,1923.363,105.1063,215.0313,M4A4,100,100,-240.7385,-78.64235,36.36838,False,True,True,198.6328,20.03906
EPSILON GMX * Nike,CounterTerrorist,1915.735,103.0117,215.7772,M4A4,100,100,-245.9126,-59.90445,11.36838,False,True,True,193.711,20.74219
EPSILON GMX * Nike,CounterTerrorist,1907.959,101.6445,215.7419,M4A4,100,100,-251.6555,-24.79239,-13.63162,False,True,True,188.0859,21.09375
EPSILON GMX * Nike,CounterTerrorist,1899.987,101.8441,214.9253,M4A4,100,100,-255.8032,15.6,-38.63162,False,True,True,183.1641,21.79688
EPSILON GMX * Nike,CounterTerrorist,1891.986,102.7084,213.3274,M4A4,100,100,-256.0167,33.42007,-63.63162,False,True,True,179.2969,22.14844
EPSILON GMX * Nike,CounterTerrorist,1883.991,103.9298,210.9483,M4A4,100,100,-255.7629,41.12853,-88.63162,False,True,True,177.5391,22.14844
EPSILON GMX * Nike,CounterTerrorist,1875.999,105.2222,207.788,M4A4,100,100,-255.7528,41.35555,-113.6316,False,True,True,177.8906,22.14844
EPSILON GMX * Nike,CounterTerrorist,1868.006,106.5145,203.8464,M4A4,100,100,-255.7528,41.35555,-138.6316,False,True,True,183.1641,21.09375
EPSILON GMX * Nike,CounterTerrorist,1860.014,107.8069,199.1236,M4A4,100,100,-255.7528,41.35555,-163.6316,False,True,True,194.7656,19.6875
EPSILON GMX * Nike,CounterTerrorist,1852.022,109.0993,193.6195,M4A4,100,100,-255.7528,41.35555,-188.6316,False,True,True,211.289,18.28125
EPSILON GMX * Nike,CounterTerrorist,1844.03,110.3916,187.3341,M4A4,100,100,-255.7528,41.35555,-213.6316,False,True,True,233.4375,15.11719
EPSILON GMX * Nike,CounterTerrorist,1836.038,111.684,180.2675,M4A4,100,100,-255.7528,41.35555,-238.6316,False,True,True,253.125,10.54688
EPSILON GMX * Nike,CounterTerrorist,1828.046,112.9763,172.4197,M4A4,100,100,-255.7528,41.35555,-263.6316,False,True,True,267.5391,7.03125
EPSILON GMX * Nike,CounterTerrorist,1820.053,114.2687,163.7906,M4A4,100,100,-255.7528,41.35555,-288.6316,False,True,True,274.2188,3.515625
EPSILON GMX * Nike,CounterTerrorist,1812.061,115.5611,154.3803,M4A4,100,100,-255.7528,41.35555,-313.6316,False,True,True,270,2.109375
EPSILON GMX * Nike,CounterTerrorist,1804.069,116.8534,144.1887,M4A4,100,100,-255.7528,41.35555,-338.6316,False,True,True,253.125,2.109375
EPSILON GMX * Nike,CounterTerrorist,1796.077,118.1458,133.2159,M4A4,100,100,-255.7528,41.35555,0,False,True,True,231.3281,2.109375
EPSILON GMX * Nike,CounterTerrorist,1791.316,118.9281,132.285,M4A4,100,100,-154.7409,26.6279,0,False,True,True,207.0703,1.40625
EPSILON GMX * Nike,CounterTerrorist,1786.379,119.9667,132.5022,M4A4,100,100,-160.6056,33.89296,0,False,True,True,186.6797,0.703125
EPSILON GMX * Nike,CounterTerrorist,1779.849,121.0781,132.7658,M4A4,100,100,-171.3621,25.67456,0,False,True,True,180,0
EPSILON GMX * Nike,CounterTerrorist,1775.737,121.6249,132.918,M4A4,100,100,-177.4892,22.2036,0,False,True,True,180.3516,0.3515625
EPSILON GMX * Nike,CounterTerrorist,1770.032,122.2411,133.1163,M4A4,100,100,-185.5713,18.33365,0,False,True,True,180.3516,0.3515625
EPSILON GMX * Nike,CounterTerrorist,1764.075,122.7513,133.3112,M4A4,100,100,-193.6396,15.19816,0,False,True,True,180.3516,0.3515625
EPSILON GMX * Nike,CounterTerrorist,1757.866,123.1749,133.5047,M4A4,100,100,-201.7582,12.63812,0,False,True,True,180.3516,0.3515625
EPSILON GMX * Nike,CounterTerrorist,1751.401,123.5278,133.6982,M4A4,100,100,-209.9515,10.5305,0,False,True,True,180.3516,0.3515625
EPSILON GMX * Nike,CounterTerrorist,1744.731,123.6997,133.8804,M4A4,100,100,-213.4291,-2.421422,0,False,True,True,180.3516,0.3515625
EPSILON GMX * Nike,CounterTerrorist,1738.144,123.103,133.9913,M4A4,100,100,-209.2786,-28.59883,0,False,True,True,180.3516,0.3515625
EPSILON GMX * Nike,CounterTerrorist,1731.675,121.7621,134.0278,M4A4,100,100,-205.7165,-51.06503,0,False,True,True,180.3516,0.3515625
EPSILON GMX * Nike,CounterTerrorist,1725.307,119.7826,134.0124,M4A4,100,100,-202.6595,-70.34616,0,False,True,True,180.3516,0.3515625
EPSILON GMX * Nike,CounterTerrorist,1718.805,117.7745,133.9937,M4A4,100,100,-211.1368,-60.94197,0,False,True,True,181.7578,0
EPSILON GMX * Nike,CounterTerrorist,1712.063,116.0079,133.9936,M4A4,100,100,-218.3774,-54.05109,0,False,True,True,182.8125,359.6484
EPSILON GMX * Nike,CounterTerrorist,1705.202,114.4723,133.8657,M4A4,100,100,-220.2425,-46.02427,0,False,True,True,179.2969,0
EPSILON GMX * Nike,CounterTerrorist,1698.282,113.229,133.7534,M4A4,100,100,-222.1426,-35.74459,0,False,True,True,172.9688,0
EPSILON GMX * Nike,CounterTerrorist,1691.324,112.2228,133.6626,M4A4,100,100,-222.2409,-35.12827,0,False,True,True,167.6953,0.3515625
EPSILON GMX * Nike,CounterTerrorist,1684.426,110.8644,133.54,M4A4,100,100,-219.8495,-47.86634,0,False,True,True,163.125,0.3515625
EPSILON GMX * Nike,CounterTerrorist,1677.598,109.1887,133.2949,M4A4,100,100,-217.7463,-56.67047,0,False,True,True,160.6641,0
EPSILON GMX * Nike,CounterTerrorist,1670.828,107.2896,132.859,M4A4,100,100,-216.0003,-62.99908,0,False,True,True,159.6094,359.6484
EPSILON GMX * Nike,CounterTerrorist,1664.107,105.2244,132.41,M4A4,100,100,-214.5482,-67.77962,0,False,True,True,158.9063,359.6484
EPSILON GMX * Nike,CounterTerrorist,1657.424,103.0392,131.9517,M4A4,100,100,-213.5033,-71.00237,0,False,True,True,157.5,359.6484
EPSILON GMX * Nike,CounterTerrorist,1650.764,100.7832,131.4879,M4A4,100,100,-212.9163,-72.74368,0,False,True,True,156.0938,359.6484
EPSILON GMX * Nike,CounterTerrorist,1644.116,98.49489,131.0216,M4A4,100,100,-212.6896,-73.40387,0,False,True,True,154.6875,359.2969
EPSILON GMX * Nike,CounterTerrorist,1635.745,96.16308,130.4841,M4A4,100,100,-215.7975,-46.35672,0,False,True,True,152.9297,359.2969
EPSILON GMX * Nike,CounterTerrorist,1630.659,95.36597,130.2135,M4A4,100,100,-217.5445,-28.01541,0,False,True,True,151.5234,359.2969
EPSILON GMX * Nike,CounterTerrorist,1623.826,94.92612,129.9394,M4A4,100,100,-219.2842,-6.060594,0,False,True,True,150.8203,358.9453
EPSILON GMX * Nike,CounterTerrorist,1616.947,95.11943,129.7285,M4A4,100,100,-220.5286,13.22517,0,False,True,True,150.1172,358.9453
EPSILON GMX * Nike,CounterTerrorist,1610.041,95.87324,129.5595,M4A4,100,100,-221.2176,30.42547,0,False,True,True,148.7109,358.9453
EPSILON GMX * Nike,CounterTerrorist,1603.134,97.12567,129.4286,M4A4,100,100,-220.3492,45.51091,0,False,True,True,148.0078,358.9453
EPSILON GMX * Nike,CounterTerrorist,1596.305,98.79688,129.3321,M4A4,100,100,-217.4009,57.98124,0,False,True,True,148.0078,358.9453
EPSILON GMX * Nike,CounterTerrorist,1589.572,100.8183,129.2656,M4A4,100,100,-214.3172,68.50656,0,False,True,True,147.6563,359.2969
EPSILON GMX * Nike,CounterTerrorist,1582.936,103.1416,129.2254,M4A4,100,100,-211.1541,77.71066,0,False,True,True,146.6016,359.6484
EPSILON GMX * Nike,CounterTerrorist,1576.398,105.7284,129.2084,M4A4,100,100,-208.0656,85.63717,0,False,True,True,146.25,359.6484
EPSILON GMX * Nike,CounterTerrorist,1569.952,108.5359,129.2075,M4A4,100,100,-205.2388,92.20658,0,False,True,True,146.25,359.6484
EPSILON GMX * Nike,CounterTerrorist,1563.391,111.0122,129.1853,M4A4,100,100,-212.6446,71.8891,0,False,True,True,145.8984,0.3515625
EPSILON GMX * Nike,CounterTerrorist,1556.627,112.917,129.1088,M4A4,100,100,-218.2583,54.66552,0,False,True,True,145.5469,0.3515625
EPSILON GMX * Nike,CounterTerrorist,1549.74,114.3272,128.9906,M4A4,100,100,-221.4716,39.6903,0,False,True,True,145.1953,0.703125
EPSILON GMX * Nike,CounterTerrorist,1542.779,115.3145,128.8376,M4A4,100,100,-223.3664,27.06385,0,False,True,True,144.4922,0.703125
EPSILON GMX * Nike,CounterTerrorist,1535.779,115.9629,128.6574,M4A4,100,100,-224.3277,17.38009,0,False,True,True,142.3828,1.054688
EPSILON GMX * Nike,CounterTerrorist,1528.759,116.3722,128.4584,M4A4,100,100,-224.7356,10.90348,0,False,True,True,139.9219,1.40625
EPSILON GMX * Nike,CounterTerrorist,1521.733,116.6408,128.2484,M4A4,100,100,-224.8694,7.6658,0,False,True,True,136.0547,2.109375
EPSILON GMX * Nike,CounterTerrorist,1514.706,116.886,128.0338,M4A4,100,100,-224.8374,8.551672,0,False,True,True,128.3203,2.8125
EPSILON GMX * Nike,CounterTerrorist,1507.685,117.2607,127.8283,M4A4,100,100,-224.5167,14.73965,0,False,True,True,119.5313,3.515625
EPSILON GMX * Nike,CounterTerrorist,1500.686,117.9226,127.6455,M4A4,100,100,-223.5571,25.44049,0,False,True,True,111.7969,4.570313
EPSILON GMX * Nike,CounterTerrorist,1493.733,118.9644,126.9981,M4A4,100,100,-221.7415,38.15359,0,False,True,True,106.5234,5.273438
EPSILON GMX * Nike,CounterTerrorist,1485.144,120.8206,125.9245,M4A4,100,100,-218.5562,53.46221,0,False,True,True,104.4141,4.921875
EPSILON GMX * Nike,CounterTerrorist,1480.053,122.1976,125.2882,M4A4,100,100,-216.4966,61.27156,0,False,True,True,104.4141,4.921875
EPSILON GMX * Nike,CounterTerrorist,1473.341,124.29,124.3601,M4A4,100,100,-213.7755,70.17874,0,False,True,True,104.4141,4.921875
EPSILON GMX * Nike,CounterTerrorist,1466.713,126.6346,123.317,M4A4,100,100,-211.122,77.79783,0,False,True,True,104.0625,4.570313
EPSILON GMX * Nike,CounterTerrorist,1460.165,129.1965,122.2814,M4A4,100,100,-208.5866,84.36006,0,False,True,True,103.7109,4.570313
EPSILON GMX * Nike,CounterTerrorist,1453.693,131.9443,121.5948,M4A4,100,100,-206.228,89.97216,0,False,True,True,103.3594,4.21875
EPSILON GMX * Nike,CounterTerrorist,1447.292,134.8524,120.9208,M4A4,100,100,-204.0429,94.82343,0,False,True,True,103.0078,4.21875
EPSILON GMX * Nike,CounterTerrorist,1441.325,138.27,120.2778,M4A4,100,100,-183.4434,117.6514,0,False,True,True,103.0078,4.21875
EPSILON GMX * Nike,CounterTerrorist,1435.944,142.3365,119.6774,M4A4,100,100,-165.7981,137.2352,0,False,True,True,103.0078,3.867188
EPSILON GMX * Nike,CounterTerrorist,1431.049,146.9559,119.112,M4A4,100,100,-151.7149,153.7754,0,False,True,True,106.1719,3.867188
EPSILON GMX * Nike,CounterTerrorist,1426.756,152.0375,118.5947,M4A4,100,100,-125.0002,167.4643,0,False,True,True,115.6641,3.515625
EPSILON GMX * Nike,CounterTerrorist,1423.358,157.5206,118.1549,M4A4,100,100,-100.6829,180.2507,0,False,True,True,129.7266,3.515625
EPSILON GMX * Nike,CounterTerrorist,1419.773,164.9008,117.6575,M4A4,100,100,-87.77101,194.2188,0,False,True,True,145.1953,2.8125
EPSILON GMX * Nike,CounterTerrorist,1417.77,169.5593,117.3824,M4A4,100,100,-84.44334,200.9356,0,False,True,True,148.0078,2.8125
EPSILON GMX * Nike,CounterTerrorist,1415.205,175.994,117.2811,M4A4,100,100,-80.69295,208.7442,0,False,True,True,147.6563,2.8125
EPSILON GMX * Nike,CounterTerrorist,1412.77,182.5899,117.5345,M4A4,100,100,-76.11541,211.7344,0,False,True,True,147.6563,2.8125
EPSILON GMX * Nike,CounterTerrorist,1410.476,189.2361,117.7735,M4A4,100,100,-71.90898,213.1997,0,False,True,True,147.6563,2.8125
EPSILON GMX * Nike,CounterTerrorist,1408.297,195.9214,118.0004,M4A4,100,100,-68.47296,214.3279,0,False,True,True,147.6563,2.8125
EPSILON GMX * Nike,CounterTerrorist,1405.706,204.3197,118.2609,M4A4,100,100,-65.01025,215.4035,0,False,True,True,147.6563,2.8125
EPSILON GMX * Nike,CounterTerrorist,1404.21,209.3764,118.2844,M4A4,100,100,-63.27846,215.9186,0,False,True,True,147.6563,2.8125
EPSILON GMX * Nike,CounterTerrorist,1402.272,216.1353,118.3236,M4A4,100,100,-61.33162,216.4796,0,False,True,True,148.0078,2.8125
EPSILON GMX * Nike,CounterTerrorist,1400.375,222.9058,118.9846,M4A4,100,100,-60.55635,216.6978,0,False,True,True,150.4688,2.109375
EPSILON GMX * Nike,CounterTerrorist,1398.461,229.6714,119.8108,M4A4,100,100,-62.04104,216.2774,0,False,True,True,155.0391,1.054688
EPSILON GMX * Nike,CounterTerrorist,1396.433,236.4039,120.5586,M4A4,100,100,-66.97041,214.8022,0,False,True,True,161.3672,359.2969
EPSILON GMX * Nike,CounterTerrorist,1393.596,244.7215,121.1997,M4A4,100,100,-76.79913,211.4874,0,False,True,True,167.6953,358.2422
EPSILON GMX * Nike,CounterTerrorist,1391.693,249.6392,121.6014,M4A4,100,100,-83.4004,208.9722,0,False,True,True,170.1563,357.8906
EPSILON GMX * Nike,CounterTerrorist,1388.917,256.0991,122.1565,M4A4,100,100,-91.99112,205.3354,0,False,True,True,171.9141,357.8906
EPSILON GMX * Nike,CounterTerrorist,1385.884,262.4418,122.7324,M4A4,100,100,-100.0465,201.5334,0,False,True,True,173.6719,357.5391
EPSILON GMX * Nike,CounterTerrorist,1382.612,268.665,123.327,M4A4,100,100,-107.3893,197.7184,0,False,True,True,174.7266,357.5391
EPSILON GMX * Nike,CounterTerrorist,1379.091,274.7233,123.8223,M4A4,100,100,-118.1618,188.0753,0,False,True,True,176.8359,357.5391
EPSILON GMX * Nike,CounterTerrorist,1373.872,281.3226,124.3442,M4A4,100,100,-143.2469,156.7133,0,False,True,True,178.9453,357.5391
EPSILON GMX * Nike,CounterTerrorist,1370.311,284.7345,124.6017,M4A4,100,100,-156.162,140.2157,0,False,True,True,178.9453,357.5391
EPSILON GMX * Nike,CounterTerrorist,1365.131,288.7331,124.8175,M4A4,100,100,-171.2323,120.9651,0,False,True,True,178.9453,357.5391
EPSILON GMX * Nike,CounterTerrorist,1359.522,292.1844,125.0512,M4A4,100,100,-184.1662,104.4436,0,False,True,True,178.9453,357.5391
EPSILON GMX * Nike,CounterTerrorist,1353.546,295.166,125.3002,M4A4,100,100,-195.2664,90.2644,0,False,True,True,178.9453,357.5391
EPSILON GMX * Nike,CounterTerrorist,1347.254,297.7446,125.5623,M4A4,100,100,-204.7929,78.09539,0,False,True,True,178.9453,357.5391
EPSILON GMX * Nike,CounterTerrorist,1340.761,300.1372,125.8329,M4A4,100,100,-207.0809,81.21434,0,False,True,True,178.9453,357.5391
EPSILON GMX * Nike,CounterTerrorist,1334.359,302.9729,128.0313,M4A4,100,100,-203.603,95.76449,0,False,True,True,182.8125,356.8359
EPSILON GMX * Nike,CounterTerrorist,1328.054,306.0836,128.0313,M4A4,100,100,-201.38,100.3549,0,False,True,True,197.9297,354.375
EPSILON GMX * Nike,CounterTerrorist,1321.718,309.1324,128.0313,M4A4,100,100,-204.138,94.61859,0,False,True,True,214.4531,350.8594
EPSILON GMX * Nike,CounterTerrorist,1315.227,311.8325,128.0313,M4A4,100,100,-210.0141,80.74083,0,False,True,True,229.2188,346.9922
EPSILON GMX * Nike,CounterTerrorist,1308.541,313.9999,128.0313,M4A4,100,100,-216.2464,62.06239,0,False,True,True,239.4141,343.8281
EPSILON GMX * Nike,CounterTerrorist,1301.692,315.5262,128.0313,M4A4,100,100,-220.6418,40.81201,0,False,True,True,246.7969,341.3672
EPSILON GMX * Nike,CounterTerrorist,1294.743,316.3853,128.0313,M4A4,100,100,-223.2345,19.62692,0,False,True,True,250.6641,339.9609
EPSILON GMX * Nike,CounterTerrorist,1287.757,317.1755,128.0313,M4A4,100,100,-223.2035,28.37586,0,False,True,True,251.3672,339.6094
EPSILON GMX * Nike,CounterTerrorist,1280.801,318.1973,128.0313,M4A4,100,100,-222.2552,35.03746,0,False,True,True,252.7734,339.9609
EPSILON GMX * Nike,CounterTerrorist,1273.87,319.3842,128.0313,M4A4,100,100,-221.5141,39.45227,0,False,True,True,254.5313,339.9609
EPSILON GMX * Nike,CounterTerrorist,1266.956,320.6597,128.0313,M4A4,100,100,-221.1797,41.28619,0,False,True,True,258.0469,340.3125
EPSILON GMX * Nike,CounterTerrorist,1260.392,321.8773,128.0313,M4A4,100,100,-203.7283,37.47045,0,True,True,True,263.6719,340.3125
EPSILON GMX * Nike,CounterTerrorist,1254.352,322.9607,128.0313,M4A4,100,100,-184.945,32.69822,0,True,True,True,267.5391,340.6641
EPSILON GMX * Nike,CounterTerrorist,1249.33,323.8484,128.0313,M4A4,100,100,-145.5238,25.72857,0,True,True,True,271.7578,340.6641
EPSILON GMX * Nike,CounterTerrorist,1245.445,323.966,128.0313,M4A4,100,100,-116.9553,-0.3516543,0,True,True,True,275.2734,341.0156
EPSILON GMX * Nike,CounterTerrorist,1241.904,323.8126,128.0313,M4A4,100,100,-110.4191,-8.999674,0,True,True,True,275.9766,341.0156
EPSILON GMX * Nike,CounterTerrorist,1238.589,323.3396,128.0313,M4A4,100,100,-103.6638,-18.60764,0,True,True,True,275.2734,341.0156
EPSILON GMX * Nike,CounterTerrorist,1235.459,322.5981,128.0313,M4A4,100,100,-98.15503,-26.61036,0,True,True,True,273.5156,341.0156
EPSILON GMX * Nike,CounterTerrorist,1232.227,321.2726,128.0313,M4A4,100,100,-102.2691,-52.94098,0,False,True,True,272.1094,341.0156
EPSILON GMX * Nike,CounterTerrorist,1229.34,319.0271,128.0313,M4A4,100,100,-86.83569,-82.63803,0,False,True,True,271.0547,341.7188
EPSILON GMX * Nike,CounterTerrorist,1226.877,315.9371,128.0313,M4A4,100,100,-74.33739,-108.1362,0,False,True,True,270,342.4219
EPSILON GMX * Nike,CounterTerrorist,1224.758,312.1223,128.0313,M4A4,100,100,-64.13825,-130.019,0,False,True,True,269.2969,343.8281
EPSILON GMX * Nike,CounterTerrorist,1222.927,307.6853,128.0313,M4A4,100,100,-55.43189,-148.799,0,False,True,True,269.2969,345.5859
EPSILON GMX * Nike,CounterTerrorist,1221.343,302.7146,128.0313,M4A4,100,100,-47.95984,-164.9165,0,False,True,True,269.2969,346.6406
EPSILON GMX * Nike,CounterTerrorist,1219.973,297.2856,128.0313,M4A4,100,100,-41.48754,-178.7496,0,False,True,True,269.6484,346.9922
EPSILON GMX * Nike,CounterTerrorist,1218.793,291.4633,128.0313,M4A4,100,100,-35.5682,-190.6228,0,False,True,True,270.3516,347.6953
EPSILON GMX * Nike,CounterTerrorist,1217.563,283.7166,128.0313,M4A4,100,100,-28.88198,-203.1234,0,False,True,True,270.7031,348.75
EPSILON GMX * Nike,CounterTerrorist,1216.943,278.8542,128.0313,M4A4,100,100,-25.2858,-209.552,0,False,True,True,271.0547,349.1016
EPSILON GMX * Nike,CounterTerrorist,1216.24,272.1565,128.0313,M4A4,100,100,-20.86018,-217.0489,0,False,True,True,271.4063,349.8047
EPSILON GMX * Nike,CounterTerrorist,1215.669,265.2457,140.5404,M4A4,100,100,-16.77437,-223.4754,0,False,True,True,271.7578,350.5078
EPSILON GMX * Nike,CounterTerrorist,1215.222,258.2288,145.2184,M4A4,100,100,-12.85351,-224.6326,0,False,True,True,272.1094,350.5078
EPSILON GMX * Nike,CounterTerrorist,1214.819,249.449,151.0715,M4A4,100,100,-8.742908,-224.8301,0,False,True,True,272.1094,350.8594
EPSILON GMX * Nike,CounterTerrorist,1214.647,244.1784,154.5853,M4A4,100,100,-6.668668,-224.9012,0,False,True,True,272.4609,351.5625
EPSILON GMX * Nike,CounterTerrorist,1214.473,237.1493,161.5005,M4A4,100,100,-5.41865,-224.9348,286.3684,False,True,True,272.4609,351.9141
EPSILON GMX * Nike,CounterTerrorist,1214.303,230.1201,170.0589,M4A4,100,100,-5.41865,-224.9348,261.3684,False,True,True,272.4609,352.6172
EPSILON GMX * Nike,CounterTerrorist,1214.134,223.0908,177.836,M4A4,100,100,-5.41865,-224.9348,236.3684,False,True,True,272.4609,353.6719
EPSILON GMX * Nike,CounterTerrorist,1213.964,216.0616,184.8319,M4A4,100,100,-5.41865,-224.9348,211.3684,False,True,True,272.4609,354.7266
EPSILON GMX * Nike,CounterTerrorist,1213.795,209.0324,200.0466,M4A4,100,100,-5.41865,-224.9348,186.3684,False,True,True,272.4609,355.4297
EPSILON GMX * Nike,CounterTerrorist,1213.625,202.0031,205.48,M4A4,100,100,-5.41865,-224.9348,161.3684,False,True,True,272.4609,356.4844
EPSILON GMX * Nike,CounterTerrorist,1213.456,194.9739,210.1322,M4A4,100,100,-5.41865,-224.9348,136.3684,False,True,True,272.8125,357.5391
EPSILON GMX * Nike,CounterTerrorist,1213.287,187.9447,214.0031,M4A4,100,100,-5.41865,-224.9348,111.3684,False,True,True,273.1641,358.5938
EPSILON GMX * Nike,CounterTerrorist,1213.117,180.9154,208.0927,M4A4,100,100,-5.41865,-224.9348,86.36838,False,True,True,273.8672,359.2969
EPSILON GMX * Nike,CounterTerrorist,1212.905,172.1289,210.8562,M4A4,100,100,-5.41865,-224.9348,55.11838,False,True,True,274.9219,359.6484
EPSILON GMX * Nike,CounterTerrorist,1212.778,166.8569,211.9283,M4A4,100,100,-5.41865,-224.9348,36.36838,False,True,True,275.2734,359.6484
EPSILON GMX * Nike,CounterTerrorist,1212.609,159.8277,212.6742,M4A4,100,100,-5.41865,-224.9348,0,False,True,True,274.9219,359.2969
EPSILON GMX * Nike,CounterTerrorist,1212.485,153.1039,215.3017,M4A4,100,100,-2.943707,-217.8208,0,False,True,True,272.4609,358.9453
EPSILON GMX * Nike,CounterTerrorist,1212.388,146.1716,219.9232,M4A4,100,100,-4.036441,-224.0821,0,False,True,True,263.6719,359.2969
EPSILON GMX * Nike,CounterTerrorist,1211.98,137.3933,225.7753,M4A4,100,100,-16.55419,-224.3902,0,False,True,True,245.7422,0
EPSILON GMX * Nike,CounterTerrorist,1211.662,132.1298,229.2844,M4A4,100,100,-11.06743,-224.7276,0,False,True,True,235.5469,359.6484
EPSILON GMX * Nike,CounterTerrorist,1211.431,125.1024,233.9693,M4A4,100,100,-5.788789,-224.9255,0,False,True,True,228.5156,358.5938
EPSILON GMX * Nike,CounterTerrorist,1211.29,118.0726,238.6558,M4A4,100,100,-4.013172,-224.9642,0,False,True,True,225.7031,357.8906
EPSILON GMX * Nike,CounterTerrorist,1211.179,111.0422,243.3427,M4A4,100,100,-3.345448,-224.9751,0,False,True,True,225,357.5391
EPSILON GMX * Nike,CounterTerrorist,1211.077,104.0117,248.0297,M4A4,100,100,-3.285089,-224.976,0,False,True,True,223.9453,357.5391
EPSILON GMX * Nike,CounterTerrorist,1210.963,96.98141,252.7166,M4A4,100,100,-3.965394,-224.9651,0,False,True,True,222.5391,357.5391
EPSILON GMX * Nike,CounterTerrorist,1210.812,89.95179,256.0313,M4A4,100,100,-5.445544,-224.9341,0,False,True,True,220.7813,357.5391
EPSILON GMX * Nike,CounterTerrorist,1210.599,82.92379,256.0313,M4A4,100,100,-7.762815,-224.866,0,False,True,True,219.0234,357.8906
EPSILON GMX * Nike,CounterTerrorist,1210.287,75.89957,256.0313,M4A4,100,100,-11.64636,-224.6984,0,False,True,True,215.1563,358.2422
EPSILON GMX * Nike,CounterTerrorist,1209.781,68.8869,256.0313,M4A4,100,100,-19.56284,-224.1479,0,False,True,True,205.3125,359.6484
EPSILON GMX * Nike,CounterTerrorist,1208.922,61.9095,256.0313,M4A4,100,100,-32.97721,-222.5702,0,False,True,True,194.4141,1.40625
EPSILON GMX * Nike,CounterTerrorist,1207.545,55.0164,256.0313,M4A4,100,100,-51.01831,-219.1395,0,False,True,True,183.8672,2.109375
EPSILON GMX * Nike,CounterTerrorist,1205.567,48.27143,256.0313,M4A4,100,100,-70.65336,-213.6191,0,False,True,True,176.4844,3.164063
EPSILON GMX * Nike,CounterTerrorist,1202.992,41.73067,256.0313,M4A4,100,100,-89.13984,-206.5892,0,False,True,True,173.6719,3.515625
EPSILON GMX * Nike,CounterTerrorist,1199.887,35.42421,256.0313,M4A4,100,100,-105.2037,-198.8899,0,False,True,True,172.2656,3.867188
EPSILON GMX * Nike,CounterTerrorist,1196.325,29.36354,256.0313,M4A4,100,100,-119.0201,-190.9429,0,False,True,True,170.8594,3.867188
EPSILON GMX * Nike,CounterTerrorist,1192.367,23.55325,256.0313,M4A4,100,100,-131.0098,-182.9247,0,False,True,True,169.4531,3.867188
EPSILON GMX * Nike,CounterTerrorist,1188.071,17.98793,256.0313,M4A4,100,100,-141.0772,-175.2776,0,False,True,True,169.4531,3.867188
EPSILON GMX * Nike,CounterTerrorist,1183.483,12.69627,256.0313,M4A4,100,100,-151.4383,-161.9777,0,False,True,True,169.8047,3.867188
EPSILON GMX * Nike,CounterTerrorist,1178.448,8.217449,256.0313,M4A4,100,100,-166.6613,-132.8059,0,False,True,True,170.8594,3.867188
EPSILON GMX * Nike,CounterTerrorist,1173.089,4.778998,256.0313,M4A4,100,100,-172.0317,-93.13754,0,False,True,True,177.1875,4.21875
EPSILON GMX * Nike,CounterTerrorist,1167.639,2.614439,256.0313,M4A4,100,100,-176.5865,-56.7199,0,False,True,True,191.9531,4.921875
EPSILON GMX * Nike,CounterTerrorist,1161.93,1.263718,256.0313,M4A4,100,100,-186.7696,-37.42279,0,False,True,True,216.5625,5.976563
EPSILON GMX * Nike,CounterTerrorist,1154.331,-0.1379496,256.0313,M4A4,100,100,-198.9439,-38.0457,0,False,True,True,243.9844,5.625
EPSILON GMX * Nike,CounterTerrorist,1149.579,-0.8351755,256.0313,M4A4,100,100,-204.7678,-26.37841,0,False,True,True,258.0469,4.921875
EPSILON GMX * Nike,CounterTerrorist,1143.019,-0.9527931,256.0313,M4A4,100,100,-212.8625,0.5186249,0,False,True,True,271.7578,3.515625
EPSILON GMX * Nike,CounterTerrorist,1136.23,-0.9969241,256.0313,M4A4,100,100,-219.7355,-2.930928,0,False,True,True,276.6797,2.8125
EPSILON GMX * Nike,CounterTerrorist,1129.253,-1.029882,256.0313,M4A4,100,100,-224.9824,-2.813064,0,False,True,True,278.4375,2.109375
EPSILON GMX * Nike,CounterTerrorist,1122.224,-1.218294,256.0313,M4A4,100,100,-224.8656,-7.774764,0,False,True,True,278.0859,2.109375
EPSILON GMX * Nike,CounterTerrorist,1115.199,-1.503596,256.0313,M4A4,100,100,-224.8079,-9.295069,0,False,True,True,271.7578,2.109375
EPSILON GMX * Nike,CounterTerrorist,1108.184,-1.953227,256.0313,M4A4,100,100,-224.0374,-20.79058,0,False,True,True,253.4766,2.8125
EPSILON GMX * Nike,CounterTerrorist,1099.453,-2.957482,256.0313,M4A4,100,100,-223.5493,-25.5091,0,False,True,True,225.7031,3.515625
EPSILON GMX * Nike,CounterTerrorist,1094.219,-3.599709,256.0313,M4A4,100,100,-222.8132,-31.29354,0,False,True,True,208.8281,3.867188
EPSILON GMX * Nike,CounterTerrorist,1087.279,-4.728173,256.0313,M4A4,100,100,-221.7785,-37.93786,0,False,True,True,195.1172,3.164063
EPSILON GMX * Nike,CounterTerrorist,1080.428,-6.109289,256.0313,M4A4,100,100,-215.3156,-52.81237,0,False,True,True,193.711,2.8125
EPSILON GMX * Nike,CounterTerrorist,1073.926,-8.245617,256.0313,M4A4,100,100,-203.8808,-77.26978,0,False,True,True,194.4141,3.164063
EPSILON GMX * Nike,CounterTerrorist,1067.753,-11.07994,256.0313,M4A4,100,100,-193.9116,-98.35284,0,False,True,True,194.4141,3.164063
EPSILON GMX * Nike,CounterTerrorist,1061.863,-14.51362,256.0313,M4A4,100,100,-185.3557,-116.4469,0,False,True,True,194.4141,3.164063
EPSILON GMX * Nike,CounterTerrorist,1056.217,-18.46168,256.0313,M4A4,100,100,-178.0127,-131.9758,0,False,True,True,194.4141,3.164063
EPSILON GMX * Nike,CounterTerrorist,1050.78,-22.85119,256.0313,M4A4,100,100,-171.7108,-145.3031,0,False,True,True,194.4141,3.164063
EPSILON GMX * Nike,CounterTerrorist,1045.572,-27.57422,256.0313,M4A4,100,100,-163.6938,-154.3675,0,False,True,True,194.4141,3.164063
EPSILON GMX * Nike,CounterTerrorist,1040.599,-32.54383,256.0313,M4A4,100,100,-156.5309,-161.6263,0,False,True,True,194.4141,3.164063
EPSILON GMX * Nike,CounterTerrorist,1035.834,-37.71411,256.0313,M4A4,100,100,-150.0802,-167.6334,0,False,True,True,195.1172,2.8125
EPSILON GMX * Nike,CounterTerrorist,1030.129,-44.39929,256.0313,M4A4,100,100,-143.7939,-173.0558,0,False,True,True,192.3047,2.8125
EPSILON GMX * Nike,CounterTerrorist,1026.789,-48.48001,256.0313,M4A4,100,100,-142.0261,-174.5096,0,False,True,True,189.4922,3.164063
EPSILON GMX * Nike,CounterTerrorist,1022.846,-54.17558,256.0313,M4A4,100,100,-117.4121,-186.7088,0,False,True,True,185.625,3.867188
EPSILON GMX * Nike,CounterTerrorist,1019.565,-60.22186,256.0313,M4A4,100,100,-98.17463,-197.3595,0,False,True,True,182.8125,4.921875
EPSILON GMX * Nike,CounterTerrorist,1016.795,-66.57282,256.0313,M4A4,100,100,-83.40647,-206.5825,0,False,True,True,180.7031,5.625
EPSILON GMX * Nike,CounterTerrorist,1014.428,-73.17587,256.0313,M4A4,100,100,-71.23959,-213.4243,0,False,True,True,179.6484,5.625
EPSILON GMX * Nike,CounterTerrorist,1012.365,-79.89723,256.0313,M4A4,100,100,-67.42482,-214.6599,0,False,True,True,179.6484,5.625
EPSILON GMX * Nike,CounterTerrorist,1009.926,-86.49049,256.0313,M4A4,100,100,-84.045,-208.7138,0,False,True,True,178.9453,5.625
EPSILON GMX * Nike,CounterTerrorist,1007.016,-92.88984,256.0313,M4A4,100,100,-98.30619,-202.388,0,False,True,True,177.5391,5.273438
EPSILON GMX * Nike,CounterTerrorist,1003.567,-98.79601,256.0313,M4A4,100,100,-118.9463,-177.4647,0,False,True,True,176.4844,5.273438
EPSILON GMX * Nike,CounterTerrorist,999.447,-103.7901,256.0313,M4A4,100,100,-139.202,-149.6407,0,False,True,True,175.4297,5.273438
EPSILON GMX * Nike,CounterTerrorist,994.752,-107.977,256.0313,M4A4,100,100,-156.5197,-124.9595,0,False,True,True,174.375,4.921875
EPSILON GMX * Nike,CounterTerrorist,989.5663,-111.4465,256.0313,M4A4,100,100,-171.3008,-102.9942,0,False,True,True,172.9688,4.921875
EPSILON GMX * Nike,CounterTerrorist,983.9617,-114.2818,256.0313,M4A4,100,100,-183.9352,-83.71608,0,False,True,True,172.6172,4.921875
EPSILON GMX * Nike,CounterTerrorist,977.998,-116.5673,256.0313,M4A4,100,100,-194.7693,-67.09938,0,False,True,True,172.6172,4.570313
EPSILON GMX * Nike,CounterTerrorist,971.7792,-118.4607,260.6034,M4A4,100,100,-199.5933,-59.67529,286.3684,False,True,True,172.2656,4.570313
EPSILON GMX * Nike,CounterTerrorist,965.5419,-120.3255,269.1617,M4A4,100,100,-199.5933,-59.67529,261.3684,False,True,True,173.3203,6.679688
EPSILON GMX * Nike,CounterTerrorist,959.3046,-122.1903,285.9388,M4A4,100,100,-199.5933,-59.67529,236.3684,False,True,True,184.5703,13.35938
EPSILON GMX * Nike,CounterTerrorist,953.0673,-124.0552,292.9347,M4A4,100,100,-199.5933,-59.67529,211.3684,False,True,True,216.5625,23.20313
EPSILON GMX * Nike,CounterTerrorist,946.83,-125.92,299.1493,M4A4,100,100,-199.5933,-59.67529,186.3684,False,True,True,250.6641,28.47656
EPSILON GMX * Nike,CounterTerrorist,940.5927,-127.7849,304.5826,M4A4,100,100,-199.5933,-59.67529,161.3684,False,True,True,278.7891,33.04688
EPSILON GMX * Nike,CounterTerrorist,934.3554,-129.6497,309.2347,M4A4,100,100,-199.5933,-59.67529,136.3684,False,True,True,297.4219,37.26563
EPSILON GMX * Nike,CounterTerrorist,926.5588,-131.9808,313.9512,M4A4,100,100,-199.5933,-59.67529,105.1184,False,True,True,297.7734,39.375
EPSILON GMX * Nike,CounterTerrorist,921.8808,-133.3795,316.1952,M4A4,100,100,-199.5933,-59.67529,86.36838,False,True,True,287.2266,40.42969
EPSILON GMX * Nike,CounterTerrorist,915.6435,-135.2443,318.5035,M4A4,100,100,-199.5933,-59.67529,61.36838,False,True,True,259.4531,41.83594
EPSILON GMX * Nike,CounterTerrorist,909.4062,-137.1092,320.0306,M4A4,100,100,-199.5933,-59.67529,36.36838,False,True,True,224.2969,41.83594
EPSILON GMX * Nike,CounterTerrorist,903.1489,-138.8997,320.7765,M4A4,100,100,-200.591,-54.84486,11.36838,False,True,True,181.7578,39.375
EPSILON GMX * Nike,CounterTerrorist,896.9597,-140.4627,320.7411,M4A4,100,100,-193.857,-45.06741,-13.63162,False,True,True,137.1094,35.50781
EPSILON GMX * Nike,CounterTerrorist,891.3809,-141.6015,319.9244,M4A4,100,100,-168.4733,-32.72446,-38.63162,False,True,True,106.5234,32.34375
EPSILON GMX * Nike,CounterTerrorist,886.116,-142.6241,318.3265,M4A4,100,100,-168.4733,-32.72446,-63.63162,False,True,True,85.42969,29.17969
EPSILON GMX * Nike,CounterTerrorist,880.8511,-143.6468,306.9474,M4A4,100,100,-168.4733,-32.72446,-88.63162,False,True,True,72.07031,29.53125
EPSILON GMX * Nike,CounterTerrorist,875.5862,-144.6694,303.787,M4A4,100,100,-168.4733,-32.72446,-113.6316,False,True,True,62.92969,33.04688
EPSILON GMX * Nike,CounterTerrorist,870.3214,-145.692,299.8453,M4A4,100,100,-168.4733,-32.72446,-138.6316,False,True,True,57.30469,37.26563
EPSILON GMX * Nike,CounterTerrorist,865.0565,-146.7147,295.1224,M4A4,100,100,-168.4733,-32.72446,-163.6316,False,True,True,52.38281,41.13281
EPSILON GMX * Nike,CounterTerrorist,859.7916,-147.7373,289.6183,M4A4,100,100,-168.4733,-32.72446,-188.6316,False,True,True,46.75781,44.29688
EPSILON GMX * Nike,CounterTerrorist,854.5267,-148.76,283.3329,M4A4,100,100,-168.4733,-32.72446,-213.6316,False,True,True,43.94531,46.05469
EPSILON GMX * Nike,CounterTerrorist,849.2618,-149.7826,276.2662,M4A4,100,100,-168.4733,-32.72446,-238.6316,False,True,True,43.24219,45.70313
EPSILON GMX * Nike,CounterTerrorist,843.9969,-150.8053,268.4183,M4A4,100,100,-168.4733,-32.72446,-263.6316,False,True,True,44.29688,43.94531
EPSILON GMX * Nike,CounterTerrorist,838.732,-151.8279,259.7892,M4A4,100,100,-168.4733,-32.72446,-288.6316,False,True,True,46.05469,41.48438
EPSILON GMX * Nike,CounterTerrorist,833.4671,-152.8506,250.3788,M4A4,100,100,-168.4733,-32.72446,-313.6316,False,True,True,52.03125,36.5625
EPSILON GMX * Nike,CounterTerrorist,828.2022,-153.8732,240.1871,M4A4,100,100,-168.4733,-32.72446,-338.6316,False,True,True,60.11719,30.9375
EPSILON GMX * Nike,CounterTerrorist,822.9373,-154.8958,229.2142,M4A4,100,100,-168.4733,-32.72446,-363.6316,False,True,True,66.79688,26.36719
EPSILON GMX * Nike,CounterTerrorist,817.6724,-155.9185,217.4601,M4A4,100,100,-168.4733,-32.72446,-388.6316,False,True,True,71.36719,22.5
EPSILON GMX * Nike,CounterTerrorist,812.4075,-156.9411,204.9248,M4A4,100,100,-168.4733,-32.72446,-413.6316,False,True,True,72.42188,20.03906
EPSILON GMX * Nike,CounterTerrorist,805.8264,-158.2194,188.157,M4A4,100,100,-168.4733,-32.72446,-444.8816,False,True,True,73.47656,17.57813
EPSILON GMX * Nike,CounterTerrorist,801.8777,-158.9864,177.5103,M4A4,100,100,-168.4733,-32.72446,-463.6316,False,True,True,80.85938,16.17188
EPSILON GMX * Nike,CounterTerrorist,796.6129,-160.0091,162.6312,M4A4,100,100,-168.4733,-32.72446,-488.6316,False,True,True,108.2813,15.11719
EPSILON GMX * Nike,CounterTerrorist,791.6791,-160.6684,146.9709,M4A4,100,100,-141.4272,-0.6987476,-513.6316,False,True,True,146.25,12.65625
EPSILON GMX * Nike,CounterTerrorist,787.7239,-159.4093,130.5293,M4A4,100,100,-123.8093,52.11434,-538.6316,False,True,True,179.2969,9.140625
EPSILON GMX * Nike,CounterTerrorist,782.8875,-157.3736,108.8786,M4A4,100,100,-123.8093,52.11434,-569.8816,False,True,True,204.9609,5.273438
EPSILON GMX * Nike,CounterTerrorist,779.9856,-156.1521,95.30228,M4A4,100,100,-123.8093,52.11434,-588.6316,False,True,True,210.9375,4.21875
EPSILON GMX * Nike,CounterTerrorist,776.4856,-154.5639,84.15783,M4A4,97,100,-99.57848,52.44426,0,False,True,True,208.125,4.21875
EPSILON GMX * Nike,CounterTerrorist,773.5115,-152.4844,83.89397,M4A4,97,100,-91.83652,75.03255,0,False,True,True,195.1172,5.273438
EPSILON GMX * Nike,CounterTerrorist,770.9008,-149.6963,83.62624,M4A4,97,100,-77.60056,97.73496,0,False,True,True,176.4844,6.328125
EPSILON GMX * Nike,CounterTerrorist,768.8802,-146.226,83.36982,M4A4,97,100,-56.22686,118.4953,0,False,True,True,159.6094,6.679688
EPSILON GMX * Nike,CounterTerrorist,767.5865,-142.21,83.13837,M4A4,97,100,-32.69759,133.7407,0,False,True,True,155.7422,5.976563
EPSILON GMX * Nike,CounterTerrorist,766.9633,-137.8251,82.93497,M4A4,97,100,-12.96172,143.776,0,False,True,True,158.2031,5.625
EPSILON GMX * Nike,CounterTerrorist,766.853,-133.1836,82.75402,M4A4,97,100,1.536504,151.1888,0,False,True,True,161.3672,5.625
EPSILON GMX * Nike,CounterTerrorist,767.1163,-128.3304,82.58849,M4A4,97,100,12.16698,157.7237,0,False,True,True,162.7734,5.273438
EPSILON GMX * Nike,CounterTerrorist,767.6488,-123.2758,82.78654,M4A4,97,100,19.48298,164.1943,0,False,True,True,165.9375,4.570313
EPSILON GMX * Nike,CounterTerrorist,768.3302,-118.0102,83.02658,M4A4,97,100,22.68241,171.1619,0,False,True,True,171.2109,4.570313
EPSILON GMX * Nike,CounterTerrorist,769.2051,-111.1024,83.34032,M4A4,97,100,21.45107,180.7525,0,False,True,True,178.5938,4.21875
EPSILON GMX * Nike,CounterTerrorist,769.659,-106.7706,83.53113,M4A4,97,100,18.2116,186.8719,0,False,True,True,182.1094,3.867188
EPSILON GMX * Nike,CounterTerrorist,770.1273,-100.7699,83.78542,M4A4,97,100,13.06936,195.1066,0,False,True,True,183.8672,3.515625
EPSILON GMX * Nike,CounterTerrorist,770.5035,-92.90818,84.10374,M4A4,97,100,7.491086,205.3632,0,False,True,True,184.2188,3.515625
