Name,Team,Position.X,Position.Y,Position.Z,ActiveWeapon,HP,Armour,Velocity.X,Velocity.Y,Velocity.Z,IsDucking,HasHelmet,HasDefuseKit,ViewDirectionX,ViewDirectionY,Map = de_inferno
f0rest Komplett,CounterTerrorist,2432,2184,124.5662,USP,100,0,0,0,0,False,False,False,75.23438,39.72656
f0rest Komplett,CounterTerrorist,2432,2184,124.3104,USP,100,0,0,0,0,False,False,False,75.23438,39.72656
f0rest Komplett,CounterTerrorist,2432,2184,124.3104,USP,100,0,0,0,0,False,False,False,75.23438,39.72656
f0rest Komplett,CounterTerrorist,2432,2184,124.3104,USP,100,0,0,0,0,False,False,False,271.0547,0
f0rest Komplett,CounterTerrorist,2432,2184,124.3104,USP,100,0,0,0,0,False,False,False,271.0547,0
f0rest Komplett,CounterTerrorist,2432,2184,124.3104,USP,100,0,0,0,0,False,False,False,271.0547,0
f0rest Komplett,CounterTerrorist,2432,2184,124.3104,USP,100,0,0,0,0,False,False,False,270.7031,0
f0rest Komplett,CounterTerrorist,2432,2184,124.3104,USP,100,0,0,0,0,False,False,False,270.7031,0
f0rest Komplett,CounterTerrorist,2432,2184,124.3104,USP,100,0,0,0,0,False,False,False,270.7031,0
f0rest Komplett,CounterTerrorist,2432,2184,124.3104,USP,100,0,0,0,0,False,False,False,270.7031,0
f0rest Komplett,CounterTerrorist,2432,2184,124.3104,USP,100,0,0,0,0,False,False,False,270.3516,0
f0rest Komplett,CounterTerrorist,2432,2184,124.3104,USP,100,0,0,0,0,False,False,False,270.3516,0
f0rest Komplett,CounterTerrorist,2432,2184,124.3104,USP,100,0,0,0,0,False,False,False,270.3516,0
f0rest Komplett,CounterTerrorist,2432,2184,124.3104,USP,100,0,0,0,0,False,False,False,270,0.3515625
f0rest Komplett,CounterTerrorist,2432,2184,124.3104,USP,100,0,0,0,0,False,False,False,269.2969,0.3515625
f0rest Komplett,CounterTerrorist,2432,2184,124.3104,USP,100,0,0,0,0,False,False,False,267.8906,0.703125
f0rest Komplett,CounterTerrorist,2432,2184,124.3104,USP,100,0,0,0,0,False,False,False,264.375,1.40625
f0rest Komplett,CounterTerrorist,2432,2184,124.3104,USP,100,0,0,0,0,False,False,False,259.8047,2.460938
f0rest Komplett,CounterTerrorist,2432,2184,124.3104,USP,100,0,0,0,0,False,False,False,249.6094,3.867188
f0rest Komplett,CounterTerrorist,2432,2184,124.3104,USP,100,0,0,0,0,False,False,False,239.7656,5.625
f0rest Komplett,CounterTerrorist,2432,2184,124.3104,Knife,100,0,0,0,0,False,False,False,219.375,8.4375
f0rest Komplett,CounterTerrorist,2432,2184,124.3104,Knife,100,0,0,0,0,False,False,False,203.5547,10.54688
f0rest Komplett,CounterTerrorist,2432,2184,124.3104,Knife,100,0,0,0,0,False,False,False,188.789,13.00781
f0rest Komplett,CounterTerrorist,2432,2184,124.3104,Knife,100,0,0,0,0,False,False,False,175.7813,15.11719
f0rest Komplett,CounterTerrorist,2432,2184,124.3104,Knife,100,0,0,0,0,False,False,False,165.9375,16.875
f0rest Komplett,CounterTerrorist,2432,2184,124.3104,Knife,100,0,0,0,0,False,False,False,160.3125,17.22656
f0rest Komplett,CounterTerrorist,2432,2184,124.3104,USP,100,0,0,0,0,False,False,False,159.6094,17.22656
f0rest Komplett,CounterTerrorist,2432,2184,124.3104,USP,100,0,0,0,0,False,False,False,159.6094,17.22656
f0rest Komplett,CounterTerrorist,2432,2184,124.3104,USP,100,0,0,0,0,False,False,False,159.6094,17.22656
f0rest Komplett,CounterTerrorist,2432,2184,124.3104,USP,100,0,0,0,0,False,False,False,159.6094,17.22656
f0rest Komplett,CounterTerrorist,2432,2184,124.3104,USP,100,0,0,0,0,False,False,False,159.6094,17.22656
f0rest Komplett,CounterTerrorist,2432,2184,124.3104,Knife,100,0,0,0,0,False,False,False,159.6094,17.22656
f0rest Komplett,CounterTerrorist,2432,2184,124.3104,Knife,100,0,0,0,0,False,False,False,158.9063,16.17188
f0rest Komplett,CounterTerrorist,2432,2184,124.3104,Knife,100,0,0,0,0,False,False,False,155.7422,15.11719
f0rest Komplett,CounterTerrorist,2432,2184,124.3104,Knife,100,0,0,0,0,False,False,False,151.1719,14.41406
f0rest Komplett,CounterTerrorist,2432,2184,124.3104,Knife,100,0,0,0,0,False,False,False,145.1953,13.35938
f0rest Komplett,CounterTerrorist,2432,2184,124.3104,Knife,100,0,0,0,0,False,False,False,138.5156,12.30469
f0rest Komplett,CounterTerrorist,2432,2184,124.3104,Knife,100,0,0,0,0,False,False,False,133.2422,11.95313
f0rest Komplett,CounterTerrorist,2432,2184,124.3104,Knife,100,0,0,0,0,False,False,False,131.4844,12.30469
f0rest Komplett,CounterTerrorist,2432,2184,124.3104,Knife,100,0,0,0,0,False,False,False,131.1328,12.30469
f0rest Komplett,CounterTerrorist,2432,2184,124.3104,Knife,100,0,0,0,0,False,False,False,131.1328,12.30469
f0rest Komplett,CounterTerrorist,2432,2184,124.3104,Knife,100,0,0,0,0,False,False,False,131.1328,12.30469
f0rest Komplett,CounterTerrorist,2432,2184,124.3104,Knife,100,0,0,0,0,False,False,False,131.1328,12.30469
f0rest Komplett,CounterTerrorist,2432,2184,124.3104,Knife,100,0,0,0,0,False,False,False,131.1328,12.30469
f0rest Komplett,CounterTerrorist,2432,2184,124.3104,Knife,100,0,0,0,0,False,False,False,131.1328,12.30469
f0rest Komplett,CounterTerrorist,2432,2184,124.3104,Knife,100,0,0,0,0,False,False,False,131.1328,12.30469
f0rest Komplett,CounterTerrorist,2432,2184,124.3104,Knife,100,0,0,0,0,False,False,False,131.1328,12.30469
f0rest Komplett,CounterTerrorist,2432,2184,124.3104,Knife,100,0,0,0,0,False,False,False,131.1328,12.30469
f0rest Komplett,CounterTerrorist,2432,2184,124.3104,Knife,100,0,0,0,0,False,False,False,131.1328,12.30469
f0rest Komplett,CounterTerrorist,2432,2184,124.3104,Knife,100,0,0,0,0,False,False,False,131.1328,12.30469
f0rest Komplett,CounterTerrorist,2432,2184,124.3104,Knife,100,0,0,0,0,False,False,False,131.1328,12.30469
f0rest Komplett,CounterTerrorist,2432,2184,124.3104,Knife,100,0,0,0,0,False,False,False,131.1328,12.30469
f0rest Komplett,CounterTerrorist,2432,2184,124.3104,Knife,100,0,0,0,0,False,False,False,131.1328,12.30469
f0rest Komplett,CounterTerrorist,2432,2184,124.3104,Knife,100,0,0,0,0,False,False,False,131.1328,12.30469
f0rest Komplett,CounterTerrorist,2432,2184,124.3104,Knife,100,0,0,0,0,False,False,False,131.1328,12.30469
f0rest Komplett,CounterTerrorist,2432,2184,124.3104,Knife,100,0,0,0,0,False,False,False,131.1328,12.30469
f0rest Komplett,CounterTerrorist,2432,2184,124.3104,Knife,100,0,0,0,0,False,False,False,131.1328,12.30469
f0rest Komplett,CounterTerrorist,2432,2184,124.3104,Knife,100,0,0,0,0,False,False,False,131.1328,12.30469
f0rest Komplett,CounterTerrorist,2432,2184,124.3104,Knife,100,0,0,0,0,False,False,False,131.1328,12.30469
f0rest Komplett,CounterTerrorist,2432,2184,124.3104,Knife,100,0,0,0,0,False,False,False,131.1328,12.30469
f0rest Komplett,CounterTerrorist,2432,2184,124.3104,Knife,100,0,0,0,0,False,False,False,131.1328,12.30469
f0rest Komplett,CounterTerrorist,2432,2184,124.3104,Knife,100,0,0,0,0,False,False,False,131.1328,12.30469
f0rest Komplett,CounterTerrorist,2432,2184,124.3104,Knife,100,0,0,0,0,False,False,False,131.1328,12.30469
f0rest Komplett,CounterTerrorist,2432,2184,124.3104,Knife,100,0,0,0,0,False,False,False,131.1328,12.30469
f0rest Komplett,CounterTerrorist,2432,2184,124.3104,USP,100,0,0,0,0,False,False,False,131.1328,12.30469
f0rest Komplett,CounterTerrorist,2432,2184,124.3104,USP,100,0,0,0,0,False,False,False,131.1328,12.30469
f0rest Komplett,CounterTerrorist,2432,2184,124.3104,USP,100,0,0,0,0,False,False,False,131.1328,12.30469
f0rest Komplett,CounterTerrorist,2432,2184,124.3104,USP,100,0,0,0,0,False,False,False,131.1328,12.30469
f0rest Komplett,CounterTerrorist,2432,2184,124.3104,USP,100,0,0,0,0,False,False,False,131.1328,12.30469
f0rest Komplett,CounterTerrorist,2432,2184,124.3104,USP,100,0,0,0,0,False,False,False,131.1328,12.30469
f0rest Komplett,CounterTerrorist,2432,2184,124.3104,USP,100,0,0,0,0,False,False,False,131.1328,12.30469
f0rest Komplett,CounterTerrorist,2432,2184,124.3104,USP,100,0,0,0,0,False,False,False,131.1328,12.30469
f0rest Komplett,CounterTerrorist,2432,2184,124.3104,USP,100,0,0,0,0,False,False,False,131.1328,12.30469
f0rest Komplett,CounterTerrorist,2432,2184,124.3104,USP,100,0,0,0,0,False,False,False,131.1328,12.30469
f0rest Komplett,CounterTerrorist,2432,2184,124.3104,USP,100,0,0,0,0,False,False,False,131.1328,12.30469
f0rest Komplett,CounterTerrorist,2432,2184,124.3104,USP,100,0,0,0,0,False,False,False,131.1328,12.30469
f0rest Komplett,CounterTerrorist,2432,2184,124.3104,USP,100,0,0,0,0,False,False,False,131.1328,12.30469
f0rest Komplett,CounterTerrorist,2432,2184,124.3104,USP,100,0,0,0,0,False,False,False,131.1328,12.30469
f0rest Komplett,CounterTerrorist,2432,2184,124.3104,USP,100,0,0,0,0,False,False,False,131.1328,12.30469
f0rest Komplett,CounterTerrorist,2432,2184,124.3104,USP,100,0,0,0,0,False,False,False,131.1328,12.30469
f0rest Komplett,CounterTerrorist,2432,2184,124.3104,USP,100,0,0,0,0,False,False,False,131.1328,12.30469
f0rest Komplett,CounterTerrorist,2432,2184,124.3104,USP,100,0,0,0,0,False,False,False,131.1328,12.30469
f0rest Komplett,CounterTerrorist,2432,2184,124.3104,USP,100,0,0,0,0,False,False,False,131.1328,12.30469
f0rest Komplett,CounterTerrorist,2432,2184,124.3104,USP,100,0,0,0,0,False,False,False,131.1328,12.30469
f0rest Komplett,CounterTerrorist,2432,2184,124.3104,USP,100,0,0,0,0,False,False,False,131.1328,12.30469
f0rest Komplett,CounterTerrorist,2432,2184,124.3104,USP,100,0,0,0,0,False,False,False,131.1328,12.30469
f0rest Komplett,CounterTerrorist,2432,2184,124.3104,USP,100,0,0,0,0,False,False,False,131.1328,12.30469
f0rest Komplett,CounterTerrorist,2432,2184,124.3104,USP,100,0,0,0,0,False,False,False,131.1328,12.30469
f0rest Komplett,CounterTerrorist,2432,2184,124.3104,USP,100,0,0,0,0,False,False,False,131.1328,12.30469
f0rest Komplett,CounterTerrorist,2432,2184,124.3104,USP,100,0,0,0,0,False,False,False,131.1328,12.30469
f0rest Komplett,CounterTerrorist,2432,2184,124.3104,USP,100,0,0,0,0,False,False,False,131.1328,12.30469
f0rest Komplett,CounterTerrorist,2432,2184,124.3104,USP,100,0,0,0,0,False,False,False,131.1328,12.30469
f0rest Komplett,CounterTerrorist,2432,2184,124.3104,USP,100,0,0,0,0,False,False,False,131.1328,12.30469
f0rest Komplett,CounterTerrorist,2432,2184,124.3104,USP,100,0,0,0,0,False,False,False,131.1328,12.30469
f0rest Komplett,CounterTerrorist,2432,2184,124.3104,USP,100,0,0,0,0,False,False,False,131.1328,12.30469
f0rest Komplett,CounterTerrorist,2432,2184,124.3104,USP,100,0,0,0,0,False,False,False,131.1328,12.30469
f0rest Komplett,CounterTerrorist,2432,2184,124.3104,USP,100,0,0,0,0,False,False,False,131.1328,12.30469
f0rest Komplett,CounterTerrorist,2432,2184,124.3104,USP,100,0,0,0,0,False,False,False,131.1328,12.30469
f0rest Komplett,CounterTerrorist,2432,2184,124.3104,USP,100,0,0,0,0,False,False,False,131.1328,12.30469
f0rest Komplett,CounterTerrorist,2432,2184,124.3104,USP,100,0,0,0,0,False,False,False,131.1328,12.30469
f0rest Komplett,CounterTerrorist,2432,2184,124.3104,USP,100,0,0,0,0,False,False,False,131.1328,12.30469
f0rest Komplett,CounterTerrorist,2432,2184,124.3104,USP,100,0,0,0,0,False,False,False,131.1328,12.30469
f0rest Komplett,CounterTerrorist,2432,2184,124.3104,USP,100,0,0,0,0,False,False,False,131.1328,12.30469
f0rest Komplett,CounterTerrorist,2432,2184,124.3104,USP,100,0,0,0,0,False,False,False,131.1328,12.30469
f0rest Komplett,CounterTerrorist,2432,2184,124.3104,USP,100,0,0,0,0,False,False,False,131.1328,12.30469
f0rest Komplett,CounterTerrorist,2432,2184,124.3104,USP,100,0,0,0,0,False,False,False,131.1328,12.30469
f0rest Komplett,CounterTerrorist,2432,2184,124.3104,USP,100,0,0,0,0,False,False,False,131.1328,12.30469
f0rest Komplett,CounterTerrorist,2432,2184,124.3104,USP,100,0,0,0,0,False,False,False,131.1328,12.30469
f0rest Komplett,CounterTerrorist,2432,2184,124.3104,USP,100,0,0,0,0,False,False,False,131.1328,12.30469
f0rest Komplett,CounterTerrorist,2432,2184,124.3104,USP,100,0,0,0,0,False,False,False,131.1328,12.30469
f0rest Komplett,CounterTerrorist,2432,2184,124.3104,USP,100,0,0,0,0,False,False,False,131.1328,12.30469
f0rest Komplett,CounterTerrorist,2432,2184,124.3104,USP,100,0,0,0,0,False,False,False,131.1328,12.30469
f0rest Komplett,CounterTerrorist,2432,2184,124.3104,USP,100,0,0,0,0,False,False,False,131.1328,12.30469
f0rest Komplett,CounterTerrorist,2432,2184,124.3104,USP,100,0,0,0,0,False,False,False,131.1328,12.30469
f0rest Komplett,CounterTerrorist,2432,2184,124.3104,USP,100,0,0,0,0,False,False,False,131.1328,12.30469
f0rest Komplett,CounterTerrorist,2432,2184,124.3104,USP,100,0,0,0,0,False,False,False,131.1328,12.30469
f0rest Komplett,CounterTerrorist,2432,2184,124.3104,USP,100,0,0,0,0,False,False,False,131.1328,12.30469
f0rest Komplett,CounterTerrorist,2432,2184,124.3104,USP,100,0,0,0,0,False,False,False,131.1328,12.30469
f0rest Komplett,CounterTerrorist,2432,2184,124.3104,USP,100,0,0,0,0,False,False,False,131.1328,12.30469
f0rest Komplett,CounterTerrorist,2432,2184,124.3104,USP,100,0,0,0,0,False,False,False,131.1328,12.30469
f0rest Komplett,CounterTerrorist,2432,2184,124.3104,USP,100,0,0,0,0,False,False,False,131.1328,12.30469
f0rest Komplett,CounterTerrorist,2432,2184,124.3104,USP,100,0,0,0,0,False,False,False,131.1328,12.30469
f0rest Komplett,CounterTerrorist,2432,2184,124.3104,USP,100,0,0,0,0,False,False,False,131.1328,12.30469
f0rest Komplett,CounterTerrorist,2432,2184,124.3104,USP,100,0,0,0,0,False,False,False,131.1328,12.30469
f0rest Komplett,CounterTerrorist,2432,2184,124.3104,USP,100,0,0,0,0,False,False,False,131.1328,12.30469
f0rest Komplett,CounterTerrorist,2432,2184,124.3104,USP,100,0,0,0,0,False,False,False,131.1328,12.30469
f0rest Komplett,CounterTerrorist,2432,2184,124.3104,USP,100,0,0,0,0,False,False,False,131.1328,12.30469
f0rest Komplett,CounterTerrorist,2432,2184,124.3104,USP,100,0,0,0,0,False,False,False,131.1328,12.30469
f0rest Komplett,CounterTerrorist,2432,2184,124.3104,USP,100,0,0,0,0,False,False,False,131.1328,12.30469
f0rest Komplett,CounterTerrorist,2432,2184,124.3104,USP,100,0,0,0,0,False,False,False,131.1328,12.30469
f0rest Komplett,CounterTerrorist,2432,2184,124.3104,USP,100,0,0,0,0,False,False,False,131.1328,12.30469
f0rest Komplett,CounterTerrorist,2432,2184,124.3104,USP,100,0,0,0,0,False,False,False,131.1328,12.30469
f0rest Komplett,CounterTerrorist,2432,2184,124.3104,USP,100,0,0,0,0,False,False,False,131.1328,12.30469
f0rest Komplett,CounterTerrorist,2432,2184,124.3104,USP,100,0,0,0,0,False,False,False,131.1328,12.30469
f0rest Komplett,CounterTerrorist,2432,2184,124.3104,USP,100,0,0,0,0,False,False,False,131.1328,12.30469
f0rest Komplett,CounterTerrorist,2432,2184,124.3104,USP,100,0,0,0,0,False,False,False,131.1328,12.30469
f0rest Komplett,CounterTerrorist,2432,2184,124.3104,USP,100,0,0,0,0,False,False,False,131.1328,12.30469
f0rest Komplett,CounterTerrorist,2432,2184,124.3104,USP,100,0,0,0,0,False,False,False,131.1328,12.30469
f0rest Komplett,CounterTerrorist,2432,2184,124.3104,USP,100,0,0,0,0,False,False,False,131.1328,12.30469
f0rest Komplett,CounterTerrorist,2432,2184,124.3104,USP,100,0,0,0,0,False,False,False,131.1328,12.30469
f0rest Komplett,CounterTerrorist,2432,2184,124.3104,USP,100,0,0,0,0,False,False,False,131.1328,12.30469
f0rest Komplett,CounterTerrorist,2432,2184,124.3104,USP,100,0,0,0,0,False,False,False,131.1328,12.30469
f0rest Komplett,CounterTerrorist,2432,2184,124.3104,USP,100,0,0,0,0,False,False,False,131.1328,12.30469
f0rest Komplett,CounterTerrorist,2432,2184,124.3104,USP,100,0,0,0,0,False,False,False,131.1328,12.30469
f0rest Komplett,CounterTerrorist,2432,2184,124.3104,USP,100,0,0,0,0,False,False,False,131.1328,12.30469
f0rest Komplett,CounterTerrorist,2432,2184,124.3104,USP,100,0,0,0,0,False,False,False,131.1328,12.30469
f0rest Komplett,CounterTerrorist,2432,2184,124.3104,USP,100,0,0,0,0,False,False,False,131.1328,12.30469
f0rest Komplett,CounterTerrorist,2432,2184,124.3104,USP,100,0,0,0,0,False,False,False,131.1328,12.30469
f0rest Komplett,CounterTerrorist,2432,2184,124.3104,USP,100,0,0,0,0,False,False,False,131.1328,12.30469
f0rest Komplett,CounterTerrorist,2432,2184,124.3104,USP,100,0,0,0,0,False,False,False,131.1328,12.30469
f0rest Komplett,CounterTerrorist,2432,2184,124.3104,USP,100,0,0,0,0,False,False,False,131.1328,12.30469
f0rest Komplett,CounterTerrorist,2432,2184,124.3104,USP,100,0,0,0,0,False,False,False,131.1328,12.30469
f0rest Komplett,CounterTerrorist,2432,2184,124.3104,USP,100,0,0,0,0,False,False,False,131.1328,12.30469
f0rest Komplett,CounterTerrorist,2432,2184,124.3104,USP,100,0,0,0,0,False,False,False,131.1328,12.30469
f0rest Komplett,CounterTerrorist,2432,2184,124.3104,USP,100,0,0,0,0,False,False,False,131.1328,12.30469
f0rest Komplett,CounterTerrorist,2432,2184,124.3104,USP,100,0,0,0,0,False,False,False,131.1328,12.30469
f0rest Komplett,CounterTerrorist,2432,2184,124.3104,USP,100,0,0,0,0,False,False,False,131.1328,12.30469
f0rest Komplett,CounterTerrorist,2432,2184,124.3104,USP,100,0,0,0,0,False,False,False,131.1328,12.30469
f0rest Komplett,CounterTerrorist,2432,2184,124.3104,USP,100,0,0,0,0,False,False,False,131.1328,12.30469
f0rest Komplett,CounterTerrorist,2432,2184,124.3104,USP,100,0,0,0,0,False,False,False,131.1328,12.30469
f0rest Komplett,CounterTerrorist,2432,2184,124.3104,USP,100,0,0,0,0,False,False,False,131.1328,12.30469
f0rest Komplett,CounterTerrorist,2432,2184,124.3104,USP,100,0,0,0,0,False,False,False,131.1328,12.30469
f0rest Komplett,CounterTerrorist,2432,2184,124.3104,USP,100,0,0,0,0,False,False,False,131.1328,12.30469
f0rest Komplett,CounterTerrorist,2432,2184,124.3104,USP,100,0,0,0,0,False,False,False,131.1328,12.30469
f0rest Komplett,CounterTerrorist,2432,2184,124.3104,USP,100,0,0,0,0,False,False,False,131.1328,12.30469
f0rest Komplett,CounterTerrorist,2432,2184,124.3104,USP,100,0,0,0,0,False,False,False,131.1328,12.30469
f0rest Komplett,CounterTerrorist,2432,2184,124.3104,USP,100,0,0,0,0,False,False,False,131.1328,12.30469
f0rest Komplett,CounterTerrorist,2432,2184,124.3104,USP,100,0,0,0,0,False,False,False,131.1328,12.30469
f0rest Komplett,CounterTerrorist,2432,2184,124.3104,USP,100,0,0,0,0,False,False,False,131.1328,12.30469
f0rest Komplett,CounterTerrorist,2432,2184,124.3104,USP,100,0,0,0,0,False,False,False,131.1328,12.30469
f0rest Komplett,CounterTerrorist,2432,2184,124.3104,USP,100,0,0,0,0,False,False,False,131.1328,12.30469
f0rest Komplett,CounterTerrorist,2432,2184,124.3104,USP,100,0,0,0,0,False,False,False,131.1328,12.30469
f0rest Komplett,CounterTerrorist,2432,2184,124.3104,USP,100,0,0,0,0,False,False,False,131.1328,12.30469
f0rest Komplett,CounterTerrorist,2432,2184,124.3104,USP,100,0,0,0,0,False,False,False,131.1328,12.30469
f0rest Komplett,CounterTerrorist,2432,2184,124.3104,USP,100,0,0,0,0,False,False,False,131.1328,12.30469
f0rest Komplett,CounterTerrorist,2432,2184,124.3104,USP,100,0,0,0,0,False,False,False,131.1328,12.30469
f0rest Komplett,CounterTerrorist,2432,2184,124.3104,USP,100,0,0,0,0,False,False,False,131.1328,12.30469
f0rest Komplett,CounterTerrorist,2432,2184,124.3104,USP,100,0,0,0,0,False,False,False,131.1328,12.30469
f0rest Komplett,CounterTerrorist,2432,2184,124.3104,USP,100,0,0,0,0,False,False,False,131.1328,12.30469
f0rest Komplett,CounterTerrorist,2432,2184,124.3104,USP,100,0,0,0,0,False,False,False,131.1328,12.30469
f0rest Komplett,CounterTerrorist,2432,2184,124.3104,USP,100,0,0,0,0,False,False,False,131.1328,12.30469
f0rest Komplett,CounterTerrorist,2432,2184,124.3104,USP,100,0,0,0,0,False,False,False,131.1328,12.30469
f0rest Komplett,CounterTerrorist,2432,2184,124.3104,USP,100,0,0,0,0,False,False,False,131.1328,12.30469
f0rest Komplett,CounterTerrorist,2432,2184,124.3104,USP,100,0,0,0,0,False,False,False,131.1328,12.30469
f0rest Komplett,CounterTerrorist,2432,2184,124.3104,USP,100,0,0,0,0,False,False,False,131.1328,12.30469
f0rest Komplett,CounterTerrorist,2432,2184,124.3104,USP,100,0,0,0,0,False,False,False,131.1328,12.30469
f0rest Komplett,CounterTerrorist,2432,2184,124.3104,USP,100,0,0,0,0,False,False,False,131.1328,12.30469
f0rest Komplett,CounterTerrorist,2432,2184,124.3104,USP,100,0,0,0,0,False,False,False,131.1328,12.30469
f0rest Komplett,CounterTerrorist,2432,2184,124.3104,USP,100,0,0,0,0,False,False,False,131.1328,12.30469
f0rest Komplett,CounterTerrorist,2432,2184,124.3104,USP,100,0,0,0,0,False,False,False,131.1328,12.30469
f0rest Komplett,CounterTerrorist,2432,2184,124.3104,USP,100,0,0,0,0,False,False,False,131.1328,12.30469
f0rest Komplett,CounterTerrorist,2432,2184,124.3104,USP,100,0,0,0,0,False,False,False,131.1328,12.30469
f0rest Komplett,CounterTerrorist,2432,2184,124.3104,USP,100,0,0,0,0,False,False,False,131.1328,12.30469
f0rest Komplett,CounterTerrorist,2432,2184,124.3104,USP,100,0,0,0,0,False,False,False,131.1328,12.30469
f0rest Komplett,CounterTerrorist,2432,2184,124.3104,USP,100,0,0,0,0,False,False,False,131.1328,12.30469
f0rest Komplett,CounterTerrorist,2432,2184,124.3104,USP,100,0,0,0,0,False,False,False,131.1328,12.30469
f0rest Komplett,CounterTerrorist,2432,2184,124.3104,USP,100,0,0,0,0,False,False,False,131.1328,12.30469
f0rest Komplett,CounterTerrorist,2432,2184,124.3104,USP,100,0,0,0,0,False,False,False,131.1328,12.30469
f0rest Komplett,CounterTerrorist,2432,2184,124.3104,USP,100,0,0,0,0,False,False,False,131.1328,12.30469
f0rest Komplett,CounterTerrorist,2432,2184,124.3104,USP,100,0,0,0,0,False,False,False,131.1328,12.30469
f0rest Komplett,CounterTerrorist,2432,2184,124.3104,USP,100,0,0,0,0,False,False,False,131.1328,12.30469
f0rest Komplett,CounterTerrorist,2432,2184,124.3104,USP,100,0,0,0,0,False,False,False,131.1328,12.30469
f0rest Komplett,CounterTerrorist,2432,2184,124.3104,USP,100,0,0,0,0,False,False,False,131.1328,12.30469
f0rest Komplett,CounterTerrorist,2432,2184,124.3104,USP,100,0,0,0,0,False,False,False,131.1328,12.30469
f0rest Komplett,CounterTerrorist,2432,2184,124.3104,USP,100,0,0,0,0,False,False,False,131.1328,12.30469
f0rest Komplett,CounterTerrorist,2432,2184,124.3104,USP,100,0,0,0,0,False,False,False,131.1328,12.30469
f0rest Komplett,CounterTerrorist,2432,2184,124.3104,USP,100,0,0,0,0,False,False,False,131.1328,12.30469
f0rest Komplett,CounterTerrorist,2432,2184,124.3104,USP,100,0,0,0,0,False,False,False,131.1328,12.30469
f0rest Komplett,CounterTerrorist,2432,2184,124.3104,USP,100,0,0,0,0,False,False,False,131.1328,12.30469
f0rest Komplett,CounterTerrorist,2432,2184,124.3104,USP,100,100,0,0,0,False,False,False,131.1328,12.30469
f0rest Komplett,CounterTerrorist,2432,2184,124.3104,USP,100,100,0,0,0,False,False,False,131.1328,12.30469
f0rest Komplett,CounterTerrorist,2432,2184,124.3104,USP,100,100,0,0,0,False,False,False,131.1328,12.30469
f0rest Komplett,CounterTerrorist,2432,2184,124.3104,USP,100,100,0,0,0,False,False,False,131.1328,12.30469
f0rest Komplett,CounterTerrorist,2432,2184,124.3104,USP,100,100,0,0,0,False,False,False,131.1328,12.30469
f0rest Komplett,CounterTerrorist,2432,2184,124.3104,USP,100,100,0,0,0,False,False,False,131.1328,12.30469
f0rest Komplett,CounterTerrorist,2432,2184,124.3104,USP,100,100,0,0,0,False,False,False,131.1328,12.30469
f0rest Komplett,CounterTerrorist,2432,2184,124.3104,USP,100,100,0,0,0,False,False,False,131.1328,12.30469
f0rest Komplett,CounterTerrorist,2432,2184,124.3104,USP,100,100,0,0,0,False,False,False,131.1328,12.30469
f0rest Komplett,CounterTerrorist,2432,2184,124.3104,USP,100,100,0,0,0,False,False,False,131.1328,12.30469
f0rest Komplett,CounterTerrorist,2432,2184,124.3104,USP,100,100,0,0,0,False,False,False,131.1328,12.30469
f0rest Komplett,CounterTerrorist,2432,2184,124.3104,M4A1,100,100,0,0,0,False,False,False,131.1328,12.30469
f0rest Komplett,CounterTerrorist,2432,2184,124.3104,M4A1,100,100,0,0,0,False,False,False,131.1328,12.30469
f0rest Komplett,CounterTerrorist,2432,2184,124.3104,M4A1,100,100,0,0,0,False,False,False,131.1328,12.30469
f0rest Komplett,CounterTerrorist,2432,2184,124.3104,M4A1,100,100,0,0,0,False,False,False,131.1328,12.30469
f0rest Komplett,CounterTerrorist,2432,2184,124.3104,M4A1,100,100,0,0,0,False,False,False,131.1328,12.30469
f0rest Komplett,CounterTerrorist,2432,2184,124.3104,M4A1,100,100,0,0,0,False,False,False,131.1328,12.30469
f0rest Komplett,CounterTerrorist,2432,2184,124.3104,M4A1,100,100,0,0,0,False,False,False,131.1328,12.30469
f0rest Komplett,CounterTerrorist,2432,2184,124.3104,M4A1,100,100,0,0,0,False,False,False,131.1328,12.30469
f0rest Komplett,CounterTerrorist,2432,2184,124.3104,M4A1,100,100,0,0,0,False,False,False,131.1328,12.30469
f0rest Komplett,CounterTerrorist,2432,2184,124.3104,M4A1,100,100,0,0,0,False,False,False,131.1328,12.30469
f0rest Komplett,CounterTerrorist,2432,2184,124.3104,M4A1,100,100,0,0,0,False,False,False,131.1328,12.30469
f0rest Komplett,CounterTerrorist,2432,2184,124.3104,M4A1,100,100,0,0,0,False,False,False,131.1328,12.30469
f0rest Komplett,CounterTerrorist,2432,2184,124.3104,M4A1,100,100,0,0,0,False,False,False,131.1328,12.30469
f0rest Komplett,CounterTerrorist,2432,2184,124.3104,M4A1,100,100,0,0,0,False,False,False,131.1328,12.30469
f0rest Komplett,CounterTerrorist,2432,2184,124.3104,M4A1,100,100,0,0,0,False,False,False,131.1328,12.30469
f0rest Komplett,CounterTerrorist,2432,2184,124.3104,M4A1,100,100,0,0,0,False,False,False,131.1328,12.30469
f0rest Komplett,CounterTerrorist,2432,2184,124.3104,M4A1,100,100,0,0,0,False,False,False,131.1328,12.30469
f0rest Komplett,CounterTerrorist,2432,2184,124.3104,M4A1,100,100,0,0,0,False,False,False,131.1328,12.30469
f0rest Komplett,CounterTerrorist,2432,2184,124.3104,M4A1,100,100,0,0,0,False,False,False,131.1328,12.30469
f0rest Komplett,CounterTerrorist,2432,2184,124.3104,M4A1,100,100,0,0,0,False,False,False,131.1328,12.30469
f0rest Komplett,CounterTerrorist,2432,2184,124.3104,M4A1,100,100,0,0,0,False,False,False,131.1328,12.30469
f0rest Komplett,CounterTerrorist,2432,2184,124.3104,M4A1,100,100,0,0,0,False,False,False,131.1328,12.30469
f0rest Komplett,CounterTerrorist,2432,2184,124.3104,M4A1,100,100,0,0,0,False,False,False,131.1328,12.30469
f0rest Komplett,CounterTerrorist,2432,2184,124.3104,M4A1,100,100,0,0,0,False,False,False,131.1328,12.30469
f0rest Komplett,CounterTerrorist,2432,2184,124.3104,M4A1,100,100,0,0,0,False,False,False,131.1328,12.30469
f0rest Komplett,CounterTerrorist,2432,2184,124.3104,M4A1,100,100,0,0,0,False,False,False,131.1328,12.30469
f0rest Komplett,CounterTerrorist,2432,2184,124.3104,M4A1,100,100,0,0,0,False,False,False,131.1328,12.30469
f0rest Komplett,CounterTerrorist,2432,2184,124.3104,M4A1,100,100,0,0,0,False,False,False,131.1328,12.30469
f0rest Komplett,CounterTerrorist,2432,2184,124.3104,M4A1,100,100,0,0,0,False,False,False,131.1328,12.30469
f0rest Komplett,CounterTerrorist,2432,2184,124.3104,M4A1,100,100,0,0,0,False,False,False,131.1328,12.30469
f0rest Komplett,CounterTerrorist,2432,2184,124.3104,M4A1,100,100,0,0,0,False,False,False,131.1328,12.30469
f0rest Komplett,CounterTerrorist,2432,2184,124.3104,M4A1,100,100,0,0,0,False,False,False,131.1328,12.30469
f0rest Komplett,CounterTerrorist,2432,2184,124.3104,Flash,100,100,0,0,0,False,False,False,131.1328,12.30469
f0rest Komplett,CounterTerrorist,2432,2184,124.3104,Flash,100,100,0,0,0,False,False,False,131.1328,12.30469
f0rest Komplett,CounterTerrorist,2432,2184,124.3104,Flash,100,100,0,0,0,False,False,False,131.1328,12.30469
f0rest Komplett,CounterTerrorist,2432,2184,124.3104,Flash,100,100,0,0,0,False,False,False,131.1328,12.30469
f0rest Komplett,CounterTerrorist,2432,2184,124.3104,Flash,100,100,0,0,0,False,False,False,131.1328,12.30469
f0rest Komplett,CounterTerrorist,2432,2184,124.3104,Smoke,100,100,0,0,0,False,False,False,131.1328,12.30469
f0rest Komplett,CounterTerrorist,2432,2184,124.3104,Smoke,100,100,0,0,0,False,False,False,131.1328,12.30469
f0rest Komplett,CounterTerrorist,2432,2184,124.3104,Smoke,100,100,0,0,0,False,False,False,131.1328,12.30469
f0rest Komplett,CounterTerrorist,2432,2184,124.3104,Smoke,100,100,0,0,0,False,False,False,131.1328,12.30469
f0rest Komplett,CounterTerrorist,2432,2184,124.3104,Smoke,100,100,0,0,0,False,False,False,131.1328,12.30469
f0rest Komplett,CounterTerrorist,2432,2184,124.3104,Smoke,100,100,0,0,0,False,False,False,131.1328,12.30469
f0rest Komplett,CounterTerrorist,2432,2184,124.3104,Smoke,100,100,0,0,0,False,False,False,131.1328,12.30469
f0rest Komplett,CounterTerrorist,2432,2184,124.3104,Smoke,100,100,0,0,0,False,False,False,131.1328,12.30469
f0rest Komplett,CounterTerrorist,2432,2184,124.3104,Smoke,100,100,0,0,0,False,False,False,131.1328,12.30469
f0rest Komplett,CounterTerrorist,2432,2184,124.3104,Smoke,100,100,0,0,0,False,False,False,131.1328,12.30469
f0rest Komplett,CounterTerrorist,2432,2184,124.3104,Smoke,100,100,0,0,0,False,False,False,131.1328,12.30469
f0rest Komplett,CounterTerrorist,2432,2184,124.3104,Smoke,100,100,0,0,0,False,False,False,131.1328,12.30469
f0rest Komplett,CounterTerrorist,2432,2184,124.3104,Flash,100,100,0,0,0,False,False,False,131.1328,12.30469
f0rest Komplett,CounterTerrorist,2432,2184,124.3104,Flash,100,100,0,0,0,False,False,False,131.1328,12.30469
f0rest Komplett,CounterTerrorist,2432,2184,124.3104,Flash,100,100,0,0,0,False,False,False,131.1328,12.30469
f0rest Komplett,CounterTerrorist,2432,2184,124.3104,Flash,100,100,0,0,0,False,False,False,131.1328,12.30469
f0rest Komplett,CounterTerrorist,2432,2184,124.3104,Flash,100,100,0,0,0,False,False,False,131.1328,12.30469
f0rest Komplett,CounterTerrorist,2432,2184,124.3104,Smoke,100,100,0,0,0,False,False,False,131.1328,12.30469
f0rest Komplett,CounterTerrorist,2432,2184,124.3104,Smoke,100,100,0,0,0,False,False,False,131.1328,12.30469
f0rest Komplett,CounterTerrorist,2432,2184,124.3104,Smoke,100,100,0,0,0,False,False,False,131.1328,12.30469
f0rest Komplett,CounterTerrorist,2432,2184,124.3104,Smoke,100,100,0,0,0,False,False,False,131.1328,12.30469
f0rest Komplett,CounterTerrorist,2432,2184,124.3104,Smoke,100,100,0,0,0,False,False,False,131.1328,12.30469
f0rest Komplett,CounterTerrorist,2432,2184,124.3104,Smoke,100,100,0,0,0,False,False,False,131.1328,12.30469
f0rest Komplett,CounterTerrorist,2432,2184,124.3104,Smoke,100,100,0,0,0,False,False,False,131.1328,12.30469
f0rest Komplett,CounterTerrorist,2432,2184,124.3104,Smoke,100,100,0,0,0,False,False,False,131.1328,12.30469
f0rest Komplett,CounterTerrorist,2432,2184,124.3104,Smoke,100,100,0,0,0,False,False,False,131.1328,12.30469
f0rest Komplett,CounterTerrorist,2432,2184,124.3104,Smoke,100,100,0,0,0,False,False,False,131.1328,12.30469
f0rest Komplett,CounterTerrorist,2432,2184,124.3104,Smoke,100,100,0,0,0,False,False,False,131.1328,12.30469
f0rest Komplett,CounterTerrorist,2432,2184,124.3104,Smoke,100,100,0,0,0,False,False,False,131.1328,12.30469
f0rest Komplett,CounterTerrorist,2432,2184,124.3104,Smoke,100,100,0,0,0,False,False,False,131.1328,12.30469
f0rest Komplett,CounterTerrorist,2432,2184,124.3104,Smoke,100,100,0,0,0,False,False,False,131.1328,12.30469
f0rest Komplett,CounterTerrorist,2432,2184,124.3104,Smoke,100,100,0,0,0,False,False,False,131.1328,12.30469
f0rest Komplett,CounterTerrorist,2432,2184,124.3104,Smoke,100,100,0,0,0,False,False,False,131.1328,12.30469
f0rest Komplett,CounterTerrorist,2432,2184,124.3104,Smoke,100,100,0,0,0,False,False,False,131.1328,12.30469
f0rest Komplett,CounterTerrorist,2432,2184,124.3104,Smoke,100,100,0,0,0,False,False,False,131.1328,12.30469
f0rest Komplett,CounterTerrorist,2432,2184,124.3104,Smoke,100,100,0,0,0,False,False,False,131.1328,12.30469
f0rest Komplett,CounterTerrorist,2432,2184,124.3104,Smoke,100,100,0,0,0,False,False,False,131.1328,12.30469
f0rest Komplett,CounterTerrorist,2432,2184,124.3104,Smoke,100,100,0,0,0,False,False,False,131.1328,12.30469
f0rest Komplett,CounterTerrorist,2432,2184,124.3104,Smoke,100,100,0,0,0,False,False,False,131.1328,12.30469
f0rest Komplett,CounterTerrorist,2432,2184,124.3104,Smoke,100,100,0,0,0,False,False,False,131.1328,12.30469
f0rest Komplett,CounterTerrorist,2432,2184,124.3104,Smoke,100,100,0,0,0,False,False,False,131.1328,12.30469
f0rest Komplett,CounterTerrorist,2432,2184,124.3104,Smoke,100,100,0,0,0,False,False,False,131.1328,12.30469
f0rest Komplett,CounterTerrorist,2432,2184,124.3104,Smoke,100,100,0,0,0,False,False,False,131.1328,12.30469
f0rest Komplett,CounterTerrorist,2432,2184,124.3104,Smoke,100,100,0,0,0,False,False,False,131.1328,12.65625
f0rest Komplett,CounterTerrorist,2432,2184,124.3104,Smoke,100,100,0,0,0,False,False,False,131.1328,13.35938
f0rest Komplett,CounterTerrorist,2432,2184,124.3104,Smoke,100,100,0,0,0,False,False,False,132.1875,13.71094
f0rest Komplett,CounterTerrorist,2432,2184,124.3104,Smoke,100,100,0,0,0,False,False,False,133.5938,14.76563
f0rest Komplett,CounterTerrorist,2432,2184,124.3104,Smoke,100,100,0,0,0,False,False,False,135,15.82031
f0rest Komplett,CounterTerrorist,2432,2184,124.3104,Smoke,100,100,0,0,0,False,False,False,138.5156,16.875
f0rest Komplett,CounterTerrorist,2432,2184,124.3104,Smoke,100,100,0,0,0,False,False,False,138.8672,16.875
f0rest Komplett,CounterTerrorist,2432,2184,124.3104,Smoke,100,100,0,0,0,False,False,False,138.8672,16.875
f0rest Komplett,CounterTerrorist,2432,2184,124.3104,Smoke,100,100,0,0,0,False,False,False,138.8672,16.875
f0rest Komplett,CounterTerrorist,2432,2184,124.3104,Smoke,100,100,0,0,0,False,False,False,138.8672,16.875
f0rest Komplett,CounterTerrorist,2432,2184,124.3104,Smoke,100,100,0,0,0,False,False,False,138.8672,16.875
f0rest Komplett,CounterTerrorist,2432,2184,124.3104,Smoke,100,100,0,0,0,False,False,False,138.8672,16.875
f0rest Komplett,CounterTerrorist,2432,2184,124.3104,Smoke,100,100,0,0,0,False,False,False,138.8672,16.875
f0rest Komplett,CounterTerrorist,2432,2184,124.3104,Smoke,100,100,0,0,0,False,False,False,138.8672,16.875
f0rest Komplett,CounterTerrorist,2432,2184,124.3104,Smoke,100,100,0,0,0,False,False,False,138.8672,16.875
f0rest Komplett,CounterTerrorist,2432,2184,124.3104,Smoke,100,100,0,0,0,False,False,False,138.8672,16.875
f0rest Komplett,CounterTerrorist,2432,2184,124.3104,Flash,100,100,0,0,0,False,False,False,138.8672,16.875
f0rest Komplett,CounterTerrorist,2432,2184,124.3104,Flash,100,100,0,0,0,False,False,False,138.8672,16.875
f0rest Komplett,CounterTerrorist,2432,2184,124.3104,Flash,100,100,0,0,0,False,False,False,138.8672,16.875
f0rest Komplett,CounterTerrorist,2432,2184,124.3104,Flash,100,100,0,0,0,False,False,False,143.0859,16.17188
f0rest Komplett,CounterTerrorist,2432,2184,124.3104,Flash,100,100,0,0,0,False,False,False,151.875,14.76563
f0rest Komplett,CounterTerrorist,2432,2184,124.3104,Flash,100,100,0,0,0,False,False,False,161.3672,13.00781
f0rest Komplett,CounterTerrorist,2432,2184,124.3104,Smoke,100,100,0,0,0,False,False,False,169.1016,11.60156
f0rest Komplett,CounterTerrorist,2432,2184,124.3104,Smoke,100,100,0,0,0,False,False,False,176.1328,10.54688
f0rest Komplett,CounterTerrorist,2432,2184,124.3104,Smoke,100,100,0,0,0,False,False,False,177.8906,10.54688
f0rest Komplett,CounterTerrorist,2432,2184,124.3104,Smoke,100,100,0,0,0,False,False,False,177.8906,10.54688
f0rest Komplett,CounterTerrorist,2432,2184,124.3104,Smoke,100,100,0,0,0,False,False,False,177.8906,10.54688
f0rest Komplett,CounterTerrorist,2432,2184,124.3104,Smoke,100,100,0,0,0,False,False,False,177.8906,10.54688
f0rest Komplett,CounterTerrorist,2432,2184,124.3104,Smoke,100,100,0,0,0,False,False,False,177.8906,10.54688
f0rest Komplett,CounterTerrorist,2432,2184,124.3104,Smoke,100,100,0,0,0,False,False,False,177.8906,10.54688
f0rest Komplett,CounterTerrorist,2432,2184,124.3104,Smoke,100,100,0,0,0,False,False,False,178.9453,10.19531
f0rest Komplett,CounterTerrorist,2432,2184,124.3104,Smoke,100,100,0,0,0,False,False,False,188.0859,8.789063
f0rest Komplett,CounterTerrorist,2432,2184,124.3104,Smoke,100,100,0,0,0,False,False,False,204.6094,7.734375
f0rest Komplett,CounterTerrorist,2432,2184,124.3104,Smoke,100,100,0,0,0,False,False,False,220.0781,5.976563
f0rest Komplett,CounterTerrorist,2432,2184,124.3104,Smoke,100,100,0,0,0,False,False,False,227.4609,5.625
f0rest Komplett,CounterTerrorist,2432,2184,124.3104,Smoke,100,100,0,0,0,False,False,False,227.4609,5.625
f0rest Komplett,CounterTerrorist,2432,2184,124.3104,Smoke,100,100,0,0,0,False,False,False,227.4609,5.625
f0rest Komplett,CounterTerrorist,2432,2184,124.3104,Smoke,100,100,0,0,0,False,False,False,227.4609,5.625
f0rest Komplett,CounterTerrorist,2432,2184,124.3104,Smoke,100,100,0,0,0,False,False,False,227.4609,5.625
f0rest Komplett,CounterTerrorist,2432,2184,124.3104,Smoke,100,100,0,0,0,False,False,False,227.4609,5.625
f0rest Komplett,CounterTerrorist,2432,2184,124.3104,Smoke,100,100,0,0,0,False,False,False,227.4609,5.625
f0rest Komplett,CounterTerrorist,2432,2184,124.3104,Smoke,100,100,0,0,0,False,False,False,227.4609,5.625
f0rest Komplett,CounterTerrorist,2432,2184,124.3104,Smoke,100,100,0,0,0,False,False,False,228.5156,5.625
f0rest Komplett,CounterTerrorist,2432,2184,124.3104,Smoke,100,100,0,0,0,False,False,False,231.6797,4.921875
f0rest Komplett,CounterTerrorist,2432,2184,124.3104,Smoke,100,100,0,0,0,False,False,False,235.8984,4.21875
f0rest Komplett,CounterTerrorist,2432,2184,124.3104,Smoke,100,100,0,0,0,False,False,False,239.7656,3.867188
f0rest Komplett,CounterTerrorist,2432,2184,124.3104,Smoke,100,100,0,0,0,False,False,False,241.875,3.867188
f0rest Komplett,CounterTerrorist,2432,2184,124.3104,Smoke,100,100,0,0,0,False,False,False,243.2813,3.867188
f0rest Komplett,CounterTerrorist,2432,2184,124.3104,Smoke,100,100,0,0,0,False,False,False,243.6328,4.21875
f0rest Komplett,CounterTerrorist,2432,2184,124.3104,Smoke,100,100,0,0,0,False,False,False,243.6328,4.21875
f0rest Komplett,CounterTerrorist,2432,2184,124.3104,Smoke,100,100,0,0,0,False,False,False,243.9844,4.21875
f0rest Komplett,CounterTerrorist,2432,2184,124.3104,Smoke,100,100,0,0,0,False,False,False,243.9844,4.21875
f0rest Komplett,CounterTerrorist,2432,2184,124.3104,Smoke,100,100,0,0,0,False,False,False,243.9844,4.21875
f0rest Komplett,CounterTerrorist,2432,2184,124.3104,Smoke,100,100,0,0,0,False,False,False,243.9844,4.21875
f0rest Komplett,CounterTerrorist,2432,2184,124.3104,Smoke,100,100,0,0,0,False,False,False,243.9844,4.21875
f0rest Komplett,CounterTerrorist,2432,2184,124.3104,Smoke,100,100,0,0,0,False,False,False,243.9844,4.570313
f0rest Komplett,CounterTerrorist,2432,2184,124.3104,Smoke,100,100,0,0,0,False,False,False,243.6328,4.570313
f0rest Komplett,CounterTerrorist,2432,2184,124.3104,Smoke,100,100,0,0,0,False,False,False,243.2813,4.921875
f0rest Komplett,CounterTerrorist,2432,2184,124.3104,Smoke,100,100,0,0,0,False,False,False,242.2266,5.273438
f0rest Komplett,CounterTerrorist,2432,2184,124.3104,Smoke,100,100,0,0,0,False,False,False,241.1719,5.625
f0rest Komplett,CounterTerrorist,2432,2184,124.3104,Smoke,100,100,0,0,0,False,False,False,239.4141,6.328125
f0rest Komplett,CounterTerrorist,2432,2184,124.3104,Smoke,100,100,0,0,0,False,False,False,238.0078,6.328125
f0rest Komplett,CounterTerrorist,2432,2184,124.3104,Smoke,100,100,0,0,0,False,False,False,237.3047,6.328125
f0rest Komplett,CounterTerrorist,2432,2184,124.3104,Smoke,100,100,0,0,0,False,False,False,235.8984,5.976563
f0rest Komplett,CounterTerrorist,2432,2184,124.3104,Smoke,100,100,0,0,0,False,False,False,234.4922,5.625
f0rest Komplett,CounterTerrorist,2432,2184,124.3104,Smoke,100,100,0,0,0,False,False,False,233.789,5.625
f0rest Komplett,CounterTerrorist,2432,2184,124.3104,Smoke,100,100,0,0,0,False,False,False,233.789,5.625
f0rest Komplett,CounterTerrorist,2432,2184,124.3104,Smoke,100,100,0,0,0,False,False,False,233.789,5.625
f0rest Komplett,CounterTerrorist,2432,2184,124.3104,Smoke,100,100,0,0,0,False,False,False,233.789,5.625
f0rest Komplett,CounterTerrorist,2432,2184,124.3104,Smoke,100,100,0,0,0,False,False,False,233.789,5.625
f0rest Komplett,CounterTerrorist,2432,2184,124.3104,Smoke,100,100,0,0,0,False,False,False,233.789,5.625
f0rest Komplett,CounterTerrorist,2432,2184,124.3104,Smoke,100,100,0,0,0,False,False,False,234.4922,5.625
f0rest Komplett,CounterTerrorist,2432,2184,124.3104,Smoke,100,100,0,0,0,False,False,False,235.8984,5.273438
f0rest Komplett,CounterTerrorist,2432,2184,124.3104,Smoke,100,100,0,0,0,False,False,False,236.6016,5.273438
f0rest Komplett,CounterTerrorist,2432,2184,124.3104,Smoke,100,100,0,0,0,False,False,False,237.6563,4.921875
f0rest Komplett,CounterTerrorist,2432,2184,124.3104,Smoke,100,100,0,0,0,False,False,False,238.0078,4.921875
f0rest Komplett,CounterTerrorist,2432,2184,124.3104,Smoke,100,100,0,0,0,False,False,False,238.0078,4.921875
f0rest Komplett,CounterTerrorist,2432,2184,124.3104,Smoke,100,100,0,0,0,False,False,False,238.0078,4.921875
f0rest Komplett,CounterTerrorist,2432,2184,124.3104,Smoke,100,100,0,0,0,False,False,False,238.0078,4.921875
f0rest Komplett,CounterTerrorist,2432,2184,124.3104,Smoke,100,100,0,0,0,False,False,False,238.0078,4.921875
f0rest Komplett,CounterTerrorist,2432,2184,124.3104,Smoke,100,100,0,0,0,False,False,False,238.0078,4.921875
f0rest Komplett,CounterTerrorist,2432,2184,124.3104,Smoke,100,100,0,0,0,False,False,False,238.0078,4.921875
f0rest Komplett,CounterTerrorist,2432,2184,124.3104,Smoke,100,100,0,0,0,False,False,False,238.0078,4.921875
f0rest Komplett,CounterTerrorist,2432,2184,124.3104,Smoke,100,100,0,0,0,False,False,False,238.0078,4.921875
f0rest Komplett,CounterTerrorist,2432,2184,124.3104,Smoke,100,100,0,0,0,False,False,False,238.0078,4.921875
f0rest Komplett,CounterTerrorist,2432,2184,124.3104,Smoke,100,100,0,0,0,False,False,False,238.0078,4.921875
f0rest Komplett,CounterTerrorist,2432,2184,124.3104,Smoke,100,100,0,0,0,False,False,False,238.0078,4.921875
f0rest Komplett,CounterTerrorist,2432,2184,124.3104,Smoke,100,100,0,0,0,False,False,False,238.0078,4.921875
f0rest Komplett,CounterTerrorist,2432,2184,124.3104,Smoke,100,100,0,0,0,False,False,False,238.0078,4.921875
f0rest Komplett,CounterTerrorist,2432,2184,124.3104,Smoke,100,100,0,0,0,False,False,False,238.0078,4.921875
f0rest Komplett,CounterTerrorist,2432,2184,124.3104,Smoke,100,100,0,0,0,False,False,False,238.0078,4.921875
f0rest Komplett,CounterTerrorist,2432,2184,124.3104,Smoke,100,100,0,0,0,False,False,False,238.0078,4.921875
f0rest Komplett,CounterTerrorist,2432,2184,124.3104,Smoke,100,100,0,0,0,False,False,False,238.0078,4.921875
f0rest Komplett,CounterTerrorist,2432,2184,124.3104,Smoke,100,100,0,0,0,False,False,False,238.0078,4.921875
f0rest Komplett,CounterTerrorist,2432,2184,124.3104,Smoke,100,100,0,0,0,False,False,False,238.0078,4.921875
f0rest Komplett,CounterTerrorist,2432,2184,124.3104,Smoke,100,100,0,0,0,False,False,False,238.0078,4.921875
f0rest Komplett,CounterTerrorist,2432,2184,124.3104,Smoke,100,100,0,0,0,False,False,False,238.0078,4.921875
f0rest Komplett,CounterTerrorist,2432,2184,124.3104,Smoke,100,100,0,0,0,False,False,False,238.0078,4.921875
f0rest Komplett,CounterTerrorist,2432,2184,124.3104,Smoke,100,100,0,0,0,False,False,False,238.711,4.570313
f0rest Komplett,CounterTerrorist,2432,2184,124.3104,Smoke,100,100,0,0,0,False,False,False,239.4141,4.570313
f0rest Komplett,CounterTerrorist,2432,2184,124.3104,Smoke,100,100,0,0,0,False,False,False,240.4688,4.570313
f0rest Komplett,CounterTerrorist,2432,2184,124.3104,Smoke,100,100,0,0,0,False,False,False,241.5234,4.570313
f0rest Komplett,CounterTerrorist,2432,2184,124.3104,Smoke,100,100,0,0,0,False,False,False,242.9297,4.21875
f0rest Komplett,CounterTerrorist,2432,2184,124.3104,Smoke,100,100,0,0,0,False,False,False,244.6875,3.867188
f0rest Komplett,CounterTerrorist,2432,2184,124.3104,Smoke,100,100,0,0,0,False,False,False,245.0391,3.515625
f0rest Komplett,CounterTerrorist,2432,2184,124.3104,Smoke,100,100,0,0,0,False,False,False,245.0391,3.515625
f0rest Komplett,CounterTerrorist,2432,2184,124.3104,Smoke,100,100,0,0,0,False,False,False,245.0391,3.515625
f0rest Komplett,CounterTerrorist,2432,2184,124.3104,Smoke,100,100,0,0,0,False,False,False,245.0391,3.515625
f0rest Komplett,CounterTerrorist,2432,2184,124.3104,Smoke,100,100,0,0,0,False,False,False,245.0391,3.515625
f0rest Komplett,CounterTerrorist,2432,2184,124.3104,Smoke,100,100,0,0,0,False,False,False,245.0391,3.515625
f0rest Komplett,CounterTerrorist,2432,2184,124.3104,Smoke,100,100,0,0,0,False,False,False,245.0391,3.515625
f0rest Komplett,CounterTerrorist,2432,2184,124.3104,Smoke,100,100,0,0,0,False,False,False,245.0391,3.515625
f0rest Komplett,CounterTerrorist,2432,2184,124.3104,Smoke,100,100,0,0,0,False,False,False,245.0391,3.515625
f0rest Komplett,CounterTerrorist,2432,2184,124.3104,Smoke,100,100,0,0,0,False,False,False,245.0391,3.515625
f0rest Komplett,CounterTerrorist,2432,2184,124.3104,Smoke,100,100,0,0,0,False,False,False,245.0391,3.515625
f0rest Komplett,CounterTerrorist,2432,2184,124.3104,Smoke,100,100,0,0,0,False,False,False,245.0391,3.515625
f0rest Komplett,CounterTerrorist,2432,2184,124.3104,Smoke,100,100,0,0,0,False,False,False,245.0391,3.515625
f0rest Komplett,CounterTerrorist,2432,2184,124.3104,Smoke,100,100,0,0,0,False,False,False,245.0391,3.515625
f0rest Komplett,CounterTerrorist,2432,2184,124.3104,Smoke,100,100,0,0,0,False,False,False,245.0391,3.515625
f0rest Komplett,CounterTerrorist,2432,2184,124.3104,Smoke,100,100,0,0,0,False,False,False,245.0391,3.515625
f0rest Komplett,CounterTerrorist,2432,2184,124.3104,Smoke,100,100,0,0,0,False,False,False,245.0391,3.515625
f0rest Komplett,CounterTerrorist,2432,2184,124.3104,Smoke,100,100,0,0,0,False,False,False,245.0391,3.515625
f0rest Komplett,CounterTerrorist,2432,2184,124.3104,Smoke,100,100,0,0,0,False,False,False,245.0391,3.515625
f0rest Komplett,CounterTerrorist,2432,2184,124.3104,Smoke,100,100,0,0,0,False,False,False,245.0391,3.515625
f0rest Komplett,CounterTerrorist,2432,2184,124.3104,Smoke,100,100,0,0,0,False,False,False,245.0391,3.515625
f0rest Komplett,CounterTerrorist,2432,2184,124.3104,Smoke,100,100,0,0,0,False,False,False,245.0391,3.515625
f0rest Komplett,CounterTerrorist,2432,2184,124.3104,Smoke,100,100,0,0,0,False,False,False,245.0391,3.515625
f0rest Komplett,CounterTerrorist,2432,2184,124.3104,Smoke,100,100,0,0,0,False,False,False,245.0391,3.515625
f0rest Komplett,CounterTerrorist,2432,2184,124.3104,Smoke,100,100,0,0,0,False,False,False,245.0391,3.515625
f0rest Komplett,CounterTerrorist,2432,2184,124.3104,Smoke,100,100,0,0,0,False,False,False,245.0391,3.515625
f0rest Komplett,CounterTerrorist,2432,2184,124.3104,Smoke,100,100,0,0,0,False,False,False,245.0391,3.515625
f0rest Komplett,CounterTerrorist,2432,2184,124.3104,Smoke,100,100,0,0,0,False,False,False,245.0391,3.515625
f0rest Komplett,CounterTerrorist,2432,2184,124.3104,Smoke,100,100,0,0,0,False,False,False,245.0391,3.515625
f0rest Komplett,CounterTerrorist,2432,2184,124.3104,Smoke,100,100,0,0,0,False,False,False,245.0391,3.515625
f0rest Komplett,CounterTerrorist,2432,2184,124.3104,Smoke,100,100,0,0,0,False,False,False,244.6875,3.515625
f0rest Komplett,CounterTerrorist,2432,2184,124.3104,Smoke,100,100,0,0,0,False,False,False,244.6875,3.515625
f0rest Komplett,CounterTerrorist,2432,2184,124.3104,Smoke,100,100,0,0,0,False,False,False,244.6875,3.515625
f0rest Komplett,CounterTerrorist,2432,2184,124.3104,Smoke,100,100,0,0,0,False,False,False,244.6875,3.867188
f0rest Komplett,CounterTerrorist,2432,2184,124.3104,Smoke,100,100,0,0,0,False,False,False,244.6875,3.867188
f0rest Komplett,CounterTerrorist,2432,2184,124.3104,Smoke,100,100,0,0,0,False,False,False,244.6875,3.867188
f0rest Komplett,CounterTerrorist,2432,2184,124.3104,Smoke,100,100,0,0,0,False,False,False,244.6875,3.867188
f0rest Komplett,CounterTerrorist,2432,2184,124.3104,Smoke,100,100,0,0,0,False,False,False,244.6875,3.867188
f0rest Komplett,CounterTerrorist,2432,2184,124.3104,Smoke,100,100,0,0,0,False,False,False,244.6875,3.867188
f0rest Komplett,CounterTerrorist,2432,2184,124.3104,Smoke,100,100,0,0,0,False,False,False,244.6875,3.867188
f0rest Komplett,CounterTerrorist,2432,2184,124.3104,Smoke,100,100,0,0,0,False,False,False,244.6875,3.867188
f0rest Komplett,CounterTerrorist,2432,2184,124.3104,Smoke,100,100,0,0,0,False,False,False,244.6875,3.867188
f0rest Komplett,CounterTerrorist,2432,2184,124.3104,Smoke,100,100,0,0,0,False,False,False,244.6875,3.867188
f0rest Komplett,CounterTerrorist,2432,2184,124.3104,Smoke,100,100,0,0,0,False,False,False,244.6875,3.867188
f0rest Komplett,CounterTerrorist,2432,2184,124.3104,Smoke,100,100,0,0,0,False,False,False,244.6875,3.867188
f0rest Komplett,CounterTerrorist,2432,2184,124.3104,Smoke,100,100,0,0,0,False,False,False,244.6875,3.867188
f0rest Komplett,CounterTerrorist,2432,2184,124.3104,Smoke,100,100,0,0,0,False,False,False,244.6875,3.867188
f0rest Komplett,CounterTerrorist,2432,2184,124.3104,Smoke,100,100,0,0,0,False,False,False,244.6875,3.867188
f0rest Komplett,CounterTerrorist,2432,2184,124.3104,Smoke,100,100,0,0,0,False,False,False,244.6875,3.867188
f0rest Komplett,CounterTerrorist,2432,2184,124.3104,Smoke,100,100,0,0,0,False,False,False,244.6875,3.867188
f0rest Komplett,CounterTerrorist,2432,2184,124.3104,Smoke,100,100,0,0,0,False,False,False,244.6875,3.867188
f0rest Komplett,CounterTerrorist,2432,2184,124.3104,Smoke,100,100,0,0,0,False,False,False,244.6875,3.867188
f0rest Komplett,CounterTerrorist,2432,2184,124.3104,Smoke,100,100,0,0,0,False,False,False,244.6875,3.867188
f0rest Komplett,CounterTerrorist,2432,2184,124.3104,Smoke,100,100,0,0,0,False,False,False,244.6875,3.867188
f0rest Komplett,CounterTerrorist,2432,2184,124.3104,Smoke,100,100,0,0,0,False,False,False,244.6875,3.867188
f0rest Komplett,CounterTerrorist,2432,2184,124.3104,Smoke,100,100,0,0,0,False,False,False,244.3359,3.867188
f0rest Komplett,CounterTerrorist,2432,2184,124.3104,Smoke,100,100,0,0,0,False,False,False,244.3359,3.867188
f0rest Komplett,CounterTerrorist,2432,2184,124.3104,Smoke,100,100,0,0,0,False,False,False,243.9844,3.867188
f0rest Komplett,CounterTerrorist,2432,2184,124.3104,Smoke,100,100,0,0,0,False,False,False,243.9844,3.867188
f0rest Komplett,CounterTerrorist,2432,2184,124.3104,Smoke,100,100,0,0,0,False,False,False,243.9844,3.867188
f0rest Komplett,CounterTerrorist,2432,2184,124.3104,Smoke,100,100,0,0,0,False,False,False,243.9844,3.867188
f0rest Komplett,CounterTerrorist,2432,2184,124.3104,Smoke,100,100,0,0,0,False,False,False,243.6328,3.867188
f0rest Komplett,CounterTerrorist,2432,2184,124.3104,Smoke,100,100,0,0,0,False,False,False,243.6328,3.867188
f0rest Komplett,CounterTerrorist,2432,2184,124.3104,Smoke,100,100,0,0,0,False,False,False,243.6328,3.867188
f0rest Komplett,CounterTerrorist,2432,2184,124.3104,Smoke,100,100,0,0,0,False,False,False,243.2813,3.867188
f0rest Komplett,CounterTerrorist,2432,2184,124.3104,Smoke,100,100,0,0,0,False,False,False,243.2813,3.867188
f0rest Komplett,CounterTerrorist,2432,2184,124.3104,Smoke,100,100,0,0,0,False,False,False,243.2813,3.867188
f0rest Komplett,CounterTerrorist,2432,2184,124.3104,Smoke,100,100,0,0,0,False,False,False,243.2813,3.867188
f0rest Komplett,CounterTerrorist,2432,2184,124.3104,Smoke,100,100,0,0,0,False,False,False,243.2813,3.867188
f0rest Komplett,CounterTerrorist,2432,2184,124.3104,Smoke,100,100,0,0,0,False,False,False,243.2813,3.867188
f0rest Komplett,CounterTerrorist,2432,2184,124.3104,Smoke,100,100,0,0,0,False,False,False,243.2813,3.867188
f0rest Komplett,CounterTerrorist,2432,2184,124.3104,Smoke,100,100,0,0,0,False,False,False,243.2813,3.867188
f0rest Komplett,CounterTerrorist,2432,2184,124.3104,Smoke,100,100,0,0,0,False,False,False,243.2813,3.867188
f0rest Komplett,CounterTerrorist,2432,2184,124.3104,Smoke,100,100,0,0,0,False,False,False,243.2813,3.867188
f0rest Komplett,CounterTerrorist,2432,2184,124.3104,Smoke,100,100,0,0,0,False,False,False,243.2813,3.867188
f0rest Komplett,CounterTerrorist,2432,2184,124.3104,Smoke,100,100,0,0,0,False,False,False,242.9297,3.867188
f0rest Komplett,CounterTerrorist,2432,2184,124.3104,Smoke,100,100,0,0,0,False,False,False,241.875,4.21875
f0rest Komplett,CounterTerrorist,2431.382,2184.34,124.2709,Smoke,100,100,-30.10379,16.72187,0,False,False,False,240.4688,4.21875
f0rest Komplett,CounterTerrorist,2429.912,2185.181,124.1768,Smoke,100,100,-57.13411,33.14328,0,False,False,False,238.3594,4.570313
f0rest Komplett,CounterTerrorist,2427.617,2186.551,124.2696,Smoke,100,100,-82.82732,50.19179,0,False,False,False,236.6016,4.921875
f0rest Komplett,CounterTerrorist,2424.596,2188.433,124.4979,Smoke,100,100,-104.4291,66.10012,0,False,False,False,234.4922,4.921875
f0rest Komplett,CounterTerrorist,2420.978,2190.79,124.5494,Smoke,100,100,-122.107,80.95087,0,False,False,False,232.3828,5.625
f0rest Komplett,CounterTerrorist,2416.885,2193.604,124.6037,Smoke,100,100,-135.7144,95.64706,0,False,False,False,227.4609,5.976563
f0rest Komplett,CounterTerrorist,2412.466,2196.902,124.6528,Smoke,100,100,-144.0991,111.6871,0,False,False,False,219.7266,5.976563
f0rest Komplett,CounterTerrorist,2407.799,2200.591,124.6903,Flash,100,100,-155.428,117.1905,0,False,False,False,208.125,5.976563
f0rest Komplett,CounterTerrorist,2402.648,2204.255,124.7863,Flash,100,100,-169.5408,118.6135,0,False,False,False,191.9531,5.976563
f0rest Komplett,CounterTerrorist,2397.221,2208.155,124.8713,Flash,100,100,-174.9178,129.4637,0,False,False,False,175.4297,5.976563
f0rest Komplett,CounterTerrorist,2391.822,2212.518,124.9365,Flash,100,100,-170.1901,146.1624,0,False,False,False,158.5547,5.976563
f0rest Komplett,CounterTerrorist,2386.752,2217.444,124.9557,Flash,100,100,-156.5795,164.4976,0,False,False,False,145.5469,5.976563
f0rest Komplett,CounterTerrorist,2381.873,2222.742,124.9557,Smoke,100,100,-159.7668,170.2504,0,False,False,False,139.9219,5.625
f0rest Komplett,CounterTerrorist,2376.713,2228.101,124.9746,Smoke,100,100,-168.1602,172.1598,0,False,False,False,139.9219,5.625
f0rest Komplett,CounterTerrorist,2371.327,2233.501,124.9933,Smoke,100,100,-173.9794,172.4997,0,False,False,False,139.9219,5.625
f0rest Komplett,CounterTerrorist,2365.847,2238.847,125.0348,Smoke,100,100,-176.1384,170.2946,0,False,False,False,139.9219,5.625
f0rest Komplett,CounterTerrorist,2360.308,2244.132,125.0691,Smoke,100,100,-177.9155,168.4372,0,False,False,False,139.9219,5.625
f0rest Komplett,CounterTerrorist,2354.718,2249.364,125.2749,Smoke,100,100,-179.3929,166.8628,0,False,False,False,139.9219,5.625
f0rest Komplett,CounterTerrorist,2349.087,2254.552,125.6039,Smoke,100,100,-180.6302,165.5225,0,False,False,False,139.9219,5.625
f0rest Komplett,CounterTerrorist,2343.422,2259.702,125.9377,Flash,100,100,-181.6722,164.3782,0,False,False,False,139.9219,5.625
f0rest Komplett,CounterTerrorist,2337.727,2264.819,126.2757,Flash,100,100,-182.5533,163.3992,0,False,False,False,139.9219,5.625
f0rest Komplett,CounterTerrorist,2332.02,2269.918,126.4338,Flash,100,100,-182.6619,163.2778,0,False,False,False,139.9219,5.625
f0rest Komplett,CounterTerrorist,2326.577,2275.222,126.2815,Flash,100,100,-165.7469,176.2429,0,False,False,False,139.9219,5.625
f0rest Komplett,CounterTerrorist,2321.795,2281.036,126.0572,Flash,100,100,-145.7826,191.6253,0,False,False,False,139.9219,5.625
f0rest Komplett,CounterTerrorist,2317.581,2287.287,125.771,Flash,100,100,-128.5623,204.8344,0,False,False,False,139.9219,5.625
f0rest Komplett,CounterTerrorist,2313.862,2293.914,125.4315,Flash,100,100,-113.5311,216.1914,0,False,False,False,139.2188,5.625
f0rest Komplett,CounterTerrorist,2310.59,2300.834,125.1856,Flash,100,100,-99.40208,223.929,0,False,False,False,138.8672,5.625
f0rest Komplett,CounterTerrorist,2307.179,2307.687,124.9773,Flash,100,100,-114.5961,216.5473,0,False,False,False,138.5156,5.625
f0rest Komplett,CounterTerrorist,2303.353,2314.317,124.8019,Flash,100,100,-126.8566,209.6006,0,False,False,False,138.5156,5.625
f0rest Komplett,CounterTerrorist,2299.188,2320.741,124.6547,Flash,100,100,-136.8633,203.2079,0,False,False,False,138.5156,5.625
f0rest Komplett,CounterTerrorist,2294.747,2326.977,124.5314,Flash,100,100,-145.0022,197.4825,0,False,False,False,138.1641,5.625
f0rest Komplett,CounterTerrorist,2290.086,2333.051,124.428,Flash,100,100,-151.4515,192.581,0,False,False,False,137.8125,5.273438
f0rest Komplett,CounterTerrorist,2285.251,2338.988,124.3408,Flash,100,100,-156.5066,188.4958,0,False,False,False,137.4609,4.921875
f0rest Komplett,CounterTerrorist,2280.28,2344.81,124.2667,Smoke,100,100,-160.5369,185.0754,0,False,False,False,137.1094,4.921875
f0rest Komplett,CounterTerrorist,2275.2,2350.538,124.2032,Smoke,100,100,-163.6685,182.3119,0,False,False,False,137.1094,4.570313
f0rest Komplett,CounterTerrorist,2270.036,2356.191,124.1389,Smoke,100,100,-166.1145,180.086,0,False,False,False,136.7578,4.570313
f0rest Komplett,CounterTerrorist,2264.805,2361.782,124.0663,Smoke,100,100,-168.0912,178.2423,0,False,False,False,136.7578,4.21875
f0rest Komplett,CounterTerrorist,2259.667,2367.424,123.9868,Smoke,100,100,-157.2182,185.3956,0,False,False,False,136.7578,4.21875
f0rest Komplett,CounterTerrorist,2255.171,2373.5,123.8543,Smoke,100,100,-136.2829,199.6122,0,False,False,False,136.7578,4.21875
f0rest Komplett,CounterTerrorist,2251.269,2379.981,123.6254,Flash,100,100,-118.3156,211.8133,0,False,False,False,136.7578,4.21875
f0rest Komplett,CounterTerrorist,2247.708,2386.727,123.3511,Flash,100,100,-117.2723,215.1098,0,False,False,False,136.7578,4.21875
f0rest Komplett,CounterTerrorist,2243.825,2393.324,123.0971,Flash,100,100,-128.1892,208.7883,0,False,False,False,137.1094,4.21875
f0rest Komplett,CounterTerrorist,2239.635,2399.731,123.069,Flash,100,100,-137.4499,202.8116,0,False,False,False,137.8125,3.515625
f0rest Komplett,CounterTerrorist,2235.181,2405.958,123.4375,Flash,100,100,-145.4107,197.182,0,False,False,False,138.1641,3.164063
f0rest Komplett,CounterTerrorist,2230.505,2412.02,123.8119,Flash,100,100,-152.004,192.1453,0,False,False,False,138.5156,3.164063
f0rest Komplett,CounterTerrorist,2225.645,2417.936,124.191,Smoke,100,100,-157.5313,187.6403,0,False,False,False,138.8672,3.164063
f0rest Komplett,CounterTerrorist,2220.625,2423.717,124.574,Smoke,100,100,-162.3941,183.448,0,False,False,False,139.5703,3.164063
f0rest Komplett,CounterTerrorist,2215.464,2429.371,124.9602,Smoke,100,100,-166.8196,179.433,0,False,False,False,140.625,3.164063
f0rest Komplett,CounterTerrorist,2210.165,2434.897,126.2311,Smoke,100,100,-171.2459,175.2137,0,False,False,False,142.7344,3.515625
f0rest Komplett,CounterTerrorist,2204.719,2440.278,127.8739,Smoke,100,100,-176.1771,170.2546,0,False,False,False,145.5469,3.867188
f0rest Komplett,CounterTerrorist,2199.102,2445.48,129.5593,Flash,100,100,-181.9777,164.04,0,False,False,False,149.4141,4.570313
f0rest Komplett,CounterTerrorist,2193.293,2450.468,131.1732,Flash,100,100,-188.2214,156.8366,0,False,False,False,152.9297,4.921875
f0rest Komplett,CounterTerrorist,2187.286,2455.213,132.5197,Flash,100,100,-194.6954,148.7235,0,False,False,False,156.4453,4.921875
f0rest Komplett,CounterTerrorist,2181.074,2459.687,133.2364,Flash,100,100,-201.2261,139.7608,0,False,False,False,159.9609,4.921875
f0rest Komplett,CounterTerrorist,2174.667,2463.877,132.7627,Flash,100,100,-207.1689,130.79,0,False,False,False,161.0156,5.273438
f0rest Komplett,CounterTerrorist,2168.097,2467.806,132.3185,Flash,100,100,-211.9743,122.849,0,False,False,False,161.0156,5.273438
f0rest Komplett,CounterTerrorist,2161.396,2471.51,131.8999,Flash,100,100,-215.7752,116.0433,0,False,False,False,161.0156,5.273438
f0rest Komplett,CounterTerrorist,2154.593,2475.021,131.2867,Flash,100,100,-218.7959,110.2423,0,False,False,False,161.0156,5.273438
f0rest Komplett,CounterTerrorist,2147.707,2478.367,130.5534,Flash,100,100,-221.2084,105.3178,0,False,False,False,161.0156,5.273438
f0rest Komplett,CounterTerrorist,2140.756,2481.576,129.8357,Flash,100,100,-223.1194,101.2064,0,False,False,False,161.0156,5.273438
f0rest Komplett,CounterTerrorist,2133.753,2484.672,129.1312,Flash,100,100,-224.6146,97.84313,0,False,False,False,161.0156,5.273438
f0rest Komplett,CounterTerrorist,2126.71,2487.674,128.4374,Flash,100,100,-225.8091,95.05402,0,False,False,False,161.0156,5.273438
f0rest Komplett,CounterTerrorist,2119.634,2490.598,127.9132,Flash,100,100,-226.7785,92.71752,0,False,False,False,161.0156,5.273438
f0rest Komplett,CounterTerrorist,2112.531,2493.456,127.4973,Flash,100,100,-227.5744,90.74626,0,False,False,False,161.0156,5.273438
f0rest Komplett,CounterTerrorist,2105.406,2496.258,127.0887,Flash,100,100,-228.2339,89.07476,0,False,False,False,161.0156,5.273438
f0rest Komplett,CounterTerrorist,2098.263,2499.013,126.6864,Flash,100,100,-228.8222,87.55231,0,False,False,False,161.7188,5.273438
f0rest Komplett,CounterTerrorist,2091.099,2501.714,126.2912,Flash,100,100,-229.5184,85.7107,0,False,False,False,162.4219,5.273438
f0rest Komplett,CounterTerrorist,2083.91,2504.349,125.9067,Flash,100,100,-230.3484,83.45415,0,False,False,False,163.4766,5.273438
f0rest Komplett,CounterTerrorist,2076.695,2506.911,125.8667,Flash,100,100,-231.2046,81.05207,0,False,False,False,164.5313,5.625
f0rest Komplett,CounterTerrorist,2069.452,2509.393,125.9287,Flash,100,100,-232.0963,78.46224,0,False,False,False,165.2344,5.625
f0rest Komplett,CounterTerrorist,2062.183,2511.795,126.2303,Flash,100,100,-232.9397,75.92168,0,False,False,False,165.5859,5.976563
f0rest Komplett,CounterTerrorist,2054.888,2514.121,126.5329,Flash,100,100,-233.6985,73.55269,0,False,False,False,165.9375,5.976563
f0rest Komplett,CounterTerrorist,2047.572,2516.378,126.8365,Flash,100,100,-234.3447,71.46725,0,False,False,False,165.9375,5.976563
f0rest Komplett,CounterTerrorist,2040.238,2518.575,127.1408,Flash,100,100,-234.8868,69.66479,0,False,False,False,165.9375,5.976563
f0rest Komplett,CounterTerrorist,2032.774,2520.751,127.4506,Knife,100,100,-240.1853,69.36167,0,False,False,False,165.9375,6.328125
f0rest Komplett,CounterTerrorist,2025.261,2522.893,127.752,Knife,100,100,-240.5628,68.04087,0,False,False,False,166.2891,6.328125
f0rest Komplett,CounterTerrorist,2017.737,2524.995,127.8058,Knife,100,100,-240.896,66.85165,0,False,False,False,166.2891,6.679688
f0rest Komplett,CounterTerrorist,2010.203,2527.063,127.8232,Knife,100,100,-241.1821,65.81168,0,False,False,False,166.2891,6.679688
f0rest Komplett,CounterTerrorist,2002.661,2529.102,127.8232,Knife,100,100,-241.4232,64.92175,0,False,False,False,166.2891,6.679688
f0rest Komplett,CounterTerrorist,1995.113,2531.116,127.8402,Knife,100,100,-241.6269,64.15952,0,False,False,False,166.2891,6.679688
f0rest Komplett,CounterTerrorist,1987.558,2533.108,127.6314,Knife,100,100,-241.7994,63.50626,0,False,False,False,166.2891,6.679688
f0rest Komplett,CounterTerrorist,1980,2535.082,127.5698,Knife,100,100,-241.9136,63.06984,0,False,False,False,165.5859,6.679688
f0rest Komplett,CounterTerrorist,1972.441,2537.055,127.6013,Knife,100,100,-241.8648,63.25673,0,False,False,False,164.5313,6.679688
f0rest Komplett,CounterTerrorist,1964.887,2539.051,127.6331,Knife,100,100,-241.5799,64.33636,0,False,False,False,162.7734,6.679688
f0rest Komplett,CounterTerrorist,1957.35,2541.106,127.6659,Knife,100,100,-240.8976,66.8457,0,False,False,False,159.9609,6.679688
f0rest Komplett,CounterTerrorist,1949.845,2543.276,127.5789,Knife,100,100,-239.6453,71.20496,0,False,False,False,156.7969,6.679688
f0rest Komplett,CounterTerrorist,1942.39,2545.611,127.5051,Knife,100,100,-237.8504,76.98835,0,False,False,False,153.9844,6.679688
f0rest Komplett,CounterTerrorist,1935.001,2548.149,127.7041,Knife,100,100,-235.5172,83.85489,0,False,False,False,150.8203,7.03125
f0rest Komplett,CounterTerrorist,1927.8,2550.861,127.7939,Flash,100,100,-228.2504,89.03229,0,False,False,False,148.3594,7.03125
f0rest Komplett,CounterTerrorist,1920.728,2553.794,127.8371,Flash,100,100,-225.0437,96.85217,0,False,False,False,145.1953,7.382813
f0rest Komplett,CounterTerrorist,1913.769,2556.985,127.884,Flash,100,100,-221.1969,105.342,0,False,False,False,142.0313,7.382813
f0rest Komplett,CounterTerrorist,1906.944,2560.454,127.8901,Flash,100,100,-216.6299,114.4399,0,False,False,False,138.5156,7.382813
f0rest Komplett,CounterTerrorist,1900.277,2564.216,127.7568,Flash,100,100,-211.3026,124.0009,0,False,False,False,135,7.382813
f0rest Komplett,CounterTerrorist,1895.392,2567.235,127.6591,Smoke,100,100,-206.9264,131.1734,0,False,False,False,132.8906,7.734375
f0rest Komplett,CounterTerrorist,1887.5,2572.645,127.5439,Smoke,100,100,-198.7661,143.2377,0,False,False,False,129.375,8.4375
f0rest Komplett,CounterTerrorist,1881.42,2577.298,127.5674,Smoke,100,100,-191.9923,152.1971,0,False,False,False,127.2656,8.4375
f0rest Komplett,CounterTerrorist,1875.55,2582.213,127.4863,Smoke,100,100,-185.3782,160.1871,0,False,False,False,126.2109,8.789063
f0rest Komplett,CounterTerrorist,1869.88,2587.357,127.4093,Smoke,100,100,-179.1522,167.1211,0,False,False,False,125.5078,8.789063
f0rest Komplett,CounterTerrorist,1865.748,2591.344,127.3544,Smoke,100,100,-174.9179,171.548,0,False,False,False,125.5078,8.789063
f0rest Komplett,CounterTerrorist,1859.063,2598.192,127.5018,Smoke,100,100,-168.7896,177.5812,0,False,False,False,125.5078,8.789063
f0rest Komplett,CounterTerrorist,1853.87,2603.818,127.646,Smoke,100,100,-164.6574,181.4193,0,False,False,False,125.5078,8.789063
f0rest Komplett,CounterTerrorist,1848.795,2609.55,127.787,Smoke,100,100,-161.1578,184.535,0,False,False,False,125.5078,8.789063
f0rest Komplett,CounterTerrorist,1843.817,2615.366,127.9038,Smoke,100,100,-158.154,187.0125,0,False,False,False,125.5078,8.789063
f0rest Komplett,CounterTerrorist,1840.138,2619.775,127.8394,Flash,100,100,-156.371,188.6083,0,False,False,False,125.5078,8.789063
f0rest Komplett,CounterTerrorist,1834.092,2627.193,127.7274,Flash,100,100,-153.807,190.705,0,False,False,False,125.5078,8.789063
f0rest Komplett,CounterTerrorist,1829.319,2633.18,127.5989,Flash,100,100,-152.1091,192.0621,0,False,False,False,125.5078,8.789063
f0rest Komplett,CounterTerrorist,1824.594,2639.205,127.5439,Flash,100,100,-150.6655,193.1965,0,False,False,False,125.5078,8.789063
f0rest Komplett,CounterTerrorist,1819.91,2645.26,127.7685,Flash,100,100,-149.4657,194.1263,0,False,False,False,125.5078,8.789063
f0rest Komplett,CounterTerrorist,1815.255,2651.339,127.9917,Flash,100,100,-148.7489,194.676,0,False,False,False,126.5625,8.789063
f0rest Komplett,CounterTerrorist,1810.612,2657.427,128.2143,Flash,100,100,-148.5356,194.8389,0,False,False,False,126.9141,8.789063
f0rest Komplett,CounterTerrorist,1805.971,2663.516,128.4368,Flash,100,100,-148.5036,194.8633,0,False,False,False,127.2656,8.789063
f0rest Komplett,CounterTerrorist,1801.329,2669.605,128.7973,Flash,100,100,-148.5621,194.8186,0,False,False,False,127.6172,8.789063
f0rest Komplett,CounterTerrorist,1796.682,2675.69,129.1421,Smoke,100,100,-148.8053,194.6329,0,False,False,False,127.9687,8.4375
f0rest Komplett,CounterTerrorist,1792.022,2681.764,129.4888,Smoke,100,100,-149.3812,194.1913,0,False,False,False,129.0234,8.4375
f0rest Komplett,CounterTerrorist,1787.387,2687.846,129.8323,Smoke,100,100,-143.6439,197.0118,0,False,False,False,130.0781,8.4375
f0rest Komplett,CounterTerrorist,1783.355,2694.251,130.0913,Smoke,100,100,-120.8973,209.5323,0,False,False,False,132.1875,8.4375
f0rest Komplett,CounterTerrorist,1779.954,2701.019,129.9201,Smoke,100,100,-102.3092,220.5269,0,False,False,False,134.6484,8.4375
f0rest Komplett,CounterTerrorist,1777.03,2708.08,129.5419,Smoke,100,100,-88.65134,228.3986,0,False,False,False,138.1641,8.4375
f0rest Komplett,CounterTerrorist,1774.459,2715.291,129.1054,Smoke,100,100,-78.97726,231.9215,0,False,False,False,143.0859,8.4375
f0rest Komplett,CounterTerrorist,1771.763,2722.425,128.692,Smoke,100,100,-95.06702,223.9686,0,False,False,False,148.7109,8.4375
f0rest Komplett,CounterTerrorist,1768.347,2729.167,128.4063,Smoke,100,100,-117.6996,210.5617,0,False,False,False,155.3906,8.789063
f0rest Komplett,CounterTerrorist,1764.251,2735.449,128.2507,Smoke,100,100,-138.899,195.0419,0,False,False,False,161.3672,9.140625
f0rest Komplett,CounterTerrorist,1759.524,2741.204,128.2199,Smoke,100,100,-158.4366,177.4827,0,False,False,False,167.6953,9.140625
f0rest Komplett,CounterTerrorist,1754.225,2746.382,128.3303,Smoke,100,100,-176.0096,158.5143,0,False,False,False,172.6172,8.789063
f0rest Komplett,CounterTerrorist,1748.418,2750.962,128.5579,Smoke,100,100,-191.4333,139.3775,0,False,False,False,176.4844,8.4375
f0rest Komplett,CounterTerrorist,1742.169,2754.942,128.9013,Smoke,100,100,-204.807,120.1489,0,False,False,False,180.7031,8.085938
f0rest Komplett,CounterTerrorist,1737.231,2757.539,129.0756,Smoke,100,100,-213.5685,106.1817,0,False,False,False,182.4609,7.734375
f0rest Komplett,CounterTerrorist,1728.588,2761.167,129.4195,Smoke,100,100,-226.0246,84.35509,0,False,False,False,184.5703,7.03125
f0rest Komplett,CounterTerrorist,1721.359,2763.496,129.203,Smoke,100,100,-234.3479,68.85048,0,False,False,False,185.2734,6.679688
f0rest Komplett,CounterTerrorist,1713.935,2765.362,129.0625,Smoke,100,100,-238.897,54.34353,0,False,False,False,185.9766,6.328125
f0rest Komplett,CounterTerrorist,1706.417,2766.803,128.9899,Smoke,100,100,-241.4731,41.42177,0,False,False,False,186.3281,6.328125
f0rest Komplett,CounterTerrorist,1698.837,2767.875,128.9746,Smoke,100,100,-243.1299,30.21363,0,False,False,False,186.6797,5.976563
f0rest Komplett,CounterTerrorist,1691.218,2768.627,128.9994,Smoke,100,100,-244.1392,20.5194,0,False,False,False,187.0313,5.976563
f0rest Komplett,CounterTerrorist,1683.576,2769.101,129.0932,Smoke,100,100,-244.7001,12.11878,0,False,False,False,187.3828,5.976563
f0rest Komplett,CounterTerrorist,1675.924,2769.336,129.134,Flash,100,100,-244.9508,4.908652,0,False,False,False,187.7344,5.625
f0rest Komplett,CounterTerrorist,1668.268,2769.367,129.1326,Flash,100,100,-244.997,-1.210319,0,False,False,False,187.7344,5.625
f0rest Komplett,CounterTerrorist,1660.613,2769.227,129.171,Flash,100,100,-244.9177,-6.349206,0,False,False,False,187.7344,5.625
f0rest Komplett,CounterTerrorist,1652.962,2768.945,129.2248,Flash,100,100,-244.7731,-10.54198,0,False,False,False,187.7344,5.625
f0rest Komplett,CounterTerrorist,1645.316,2768.547,129.2967,Flash,100,100,-244.6018,-13.96295,0,False,False,False,187.7344,5.625
f0rest Komplett,CounterTerrorist,1637.676,2768.054,129.3832,Flash,100,100,-244.4268,-16.75021,0,False,False,False,187.3828,5.625
f0rest Komplett,CounterTerrorist,1630.041,2767.489,129.4809,Smoke,100,100,-244.2797,-18.77297,0,False,False,False,187.0313,5.976563
f0rest Komplett,CounterTerrorist,1622.409,2766.879,129.5858,Smoke,100,100,-244.1913,-19.88996,0,False,False,False,185.625,5.976563
f0rest Komplett,CounterTerrorist,1614.778,2766.252,129.6931,Smoke,100,100,-244.1827,-19.99543,0,False,False,False,184.2188,5.976563
f0rest Komplett,CounterTerrorist,1607.147,2765.638,129.7985,Smoke,100,100,-244.2331,-19.37,0,False,False,False,183.1641,6.328125
f0rest Komplett,CounterTerrorist,1599.513,2765.05,129.9,Smoke,100,100,-244.2987,-18.52437,0,False,False,False,183.1641,6.328125
f0rest Komplett,CounterTerrorist,1591.878,2764.486,129.9873,Smoke,100,100,-244.3541,-17.77836,0,False,False,False,183.1641,6.328125
f0rest Komplett,CounterTerrorist,1584.241,2763.942,130.0711,Flash,100,100,-244.3947,-17.21178,0,False,False,False,183.1641,6.328125
f0rest Komplett,CounterTerrorist,1576.603,2763.413,130.1525,Flash,100,100,-244.4276,-16.7374,0,False,False,False,183.1641,6.328125
f0rest Komplett,CounterTerrorist,1568.964,2762.898,130.2122,Flash,100,100,-244.4518,-16.37999,0,False,False,False,183.5156,6.328125
f0rest Komplett,CounterTerrorist,1561.324,2762.39,130.2297,Flash,100,100,-244.4643,-16.19288,0,False,False,False,183.5156,6.328125
f0rest Komplett,CounterTerrorist,1553.685,2761.887,130.2467,Flash,100,100,-244.4734,-16.05536,0,False,False,False,183.5156,6.328125
f0rest Komplett,CounterTerrorist,1546.045,2761.387,130.2628,Flash,100,100,-244.4795,-15.96222,0,False,False,False,183.5156,6.328125
f0rest Komplett,CounterTerrorist,1538.405,2760.889,130.2628,Flash,100,100,-244.4815,-15.93019,0,False,False,False,183.8672,6.328125
f0rest Komplett,CounterTerrorist,1530.765,2760.391,130.338,Smoke,100,100,-244.4818,-15.92574,0,False,False,False,183.8672,6.328125
f0rest Komplett,CounterTerrorist,1523.124,2759.893,130.4148,Smoke,100,100,-244.4797,-15.95854,0,False,False,False,183.8672,6.328125
f0rest Komplett,CounterTerrorist,1515.484,2759.393,130.4918,Smoke,100,100,-244.4771,-15.99798,0,False,False,False,183.8672,6.328125
f0rest Komplett,CounterTerrorist,1507.845,2758.893,130.5688,Smoke,100,100,-244.4749,-16.03183,0,False,False,False,183.8672,6.328125
f0rest Komplett,CounterTerrorist,1500.205,2758.391,130.6461,Smoke,100,100,-244.473,-16.06088,0,False,False,False,183.8672,6.328125
f0rest Komplett,CounterTerrorist,1492.565,2757.888,130.7234,Smoke,100,100,-244.4714,-16.08582,0,False,False,False,183.8672,6.328125
f0rest Komplett,CounterTerrorist,1484.926,2757.385,130.797,Smoke,100,100,-244.4668,-16.15512,0,False,False,False,183.8672,6.328125
f0rest Komplett,CounterTerrorist,1477.286,2756.878,130.8649,Smoke,100,100,-244.4604,-16.25121,0,False,False,False,183.8672,6.328125
f0rest Komplett,CounterTerrorist,1469.647,2756.368,130.9333,Smoke,100,100,-244.4542,-16.34496,0,False,False,False,183.8672,6.328125
f0rest Komplett,CounterTerrorist,1462.008,2755.856,131.002,Smoke,100,100,-244.4488,-16.42542,0,False,False,False,183.8672,6.328125
f0rest Komplett,CounterTerrorist,1454.369,2755.341,131.0711,Smoke,100,100,-244.4417,-16.53109,0,False,False,False,183.8672,6.328125
f0rest Komplett,CounterTerrorist,1446.73,2754.822,131.1407,Smoke,100,100,-244.4347,-16.63306,0,False,False,False,183.8672,6.328125
f0rest Komplett,CounterTerrorist,1439.092,2754.3,131.2107,Smoke,100,100,-244.4263,-16.75719,0,False,False,False,184.2188,6.679688
f0rest Komplett,CounterTerrorist,1431.454,2753.774,131.2813,Smoke,100,100,-244.4182,-16.87501,0,False,False,False,184.2188,6.679688
f0rest Komplett,CounterTerrorist,1423.816,2753.245,131.3523,Smoke,100,100,-244.4111,-16.97612,0,False,False,False,184.2188,6.679688
f0rest Komplett,CounterTerrorist,1416.178,2752.713,131.4237,Smoke,100,100,-244.4051,-17.06289,0,False,False,False,184.2188,6.679688
f0rest Komplett,CounterTerrorist,1408.54,2752.178,131.4954,Smoke,100,100,-244.3999,-17.13735,0,False,False,False,184.2188,6.679688
f0rest Komplett,CounterTerrorist,1400.903,2751.642,131.5674,Smoke,100,100,-244.3954,-17.20126,0,False,False,False,184.2188,6.679688
f0rest Komplett,CounterTerrorist,1393.266,2751.103,131.6397,Smoke,100,100,-244.3907,-17.26876,0,False,False,False,184.2188,6.679688
f0rest Komplett,CounterTerrorist,1385.629,2750.561,131.6107,Smoke,100,100,-244.3831,-17.37459,0,False,False,False,184.2188,6.679688
f0rest Komplett,CounterTerrorist,1377.992,2750.015,131.5547,Smoke,100,100,-244.3688,-17.57483,0,False,False,False,184.5703,6.679688
f0rest Komplett,CounterTerrorist,1370.356,2749.46,131.4997,Flash,100,100,-244.3468,-17.87781,0,False,False,False,184.5703,7.03125
f0rest Komplett,CounterTerrorist,1362.72,2748.895,131.4458,Flash,100,100,-244.3233,-18.19702,0,False,False,False,184.5703,7.03125
f0rest Komplett,CounterTerrorist,1355.086,2748.321,131.3932,Flash,100,100,-244.301,-18.49391,0,False,False,False,184.5703,7.03125
f0rest Komplett,CounterTerrorist,1347.452,2747.737,131.3415,Flash,100,100,-244.2787,-18.78525,0,False,False,False,184.9219,7.03125
f0rest Komplett,CounterTerrorist,1339.818,2747.145,131.2908,Flash,100,100,-244.2566,-19.0714,0,False,False,False,184.9219,7.03125
f0rest Komplett,CounterTerrorist,1332.186,2746.542,131.2413,Flash,100,100,-244.2306,-19.40149,0,False,False,False,184.9219,7.03125
f0rest Komplett,CounterTerrorist,1324.554,2745.928,131.1933,Flash,100,100,-244.1952,-19.84142,0,False,False,False,185.2734,7.382813
f0rest Komplett,CounterTerrorist,1316.924,2745.296,131.222,Smoke,100,100,-244.1421,-20.48455,0,False,False,False,185.9766,7.734375
f0rest Komplett,CounterTerrorist,1309.296,2744.638,131.2862,Smoke,100,100,-244.0634,-21.40186,0,False,False,False,186.6797,8.085938
f0rest Komplett,CounterTerrorist,1301.671,2743.948,131.3535,Smoke,100,100,-243.9634,-22.51377,0,False,False,False,187.0313,8.4375
f0rest Komplett,CounterTerrorist,1294.049,2743.221,131.4346,Smoke,100,100,-243.8426,-23.78586,0,False,False,False,187.7344,8.789063
f0rest Komplett,CounterTerrorist,1286.432,2742.449,131.5495,Smoke,100,100,-243.6975,-25.22907,0,False,False,False,188.0859,9.140625
f0rest Komplett,CounterTerrorist,1278.82,2741.63,131.6691,Smoke,100,100,-243.5287,-26.80999,0,False,False,False,188.789,9.492188
f0rest Komplett,CounterTerrorist,1271.213,2740.76,131.7936,Flash,100,100,-243.3376,-28.4923,0,False,False,False,189.1406,9.492188
f0rest Komplett,CounterTerrorist,1263.613,2739.838,131.9232,Flash,100,100,-243.1445,-30.0955,0,False,False,False,189.4922,9.84375
f0rest Komplett,CounterTerrorist,1256.018,2738.868,132.0573,Flash,100,100,-242.9573,-31.5712,0,False,False,False,189.4922,9.84375
f0rest Komplett,CounterTerrorist,1248.43,2737.851,132.196,Flash,100,100,-242.7482,-33.14099,0,False,False,False,190.1953,9.492188
f0rest Komplett,CounterTerrorist,1240.848,2736.782,132.3013,Flash,100,100,-242.5081,-34.85421,0,False,False,False,190.8984,9.492188
f0rest Komplett,CounterTerrorist,1233.276,2735.654,132.4044,Flash,100,100,-242.2055,-36.8984,0,False,False,False,191.9531,9.492188
f0rest Komplett,CounterTerrorist,1225.716,2734.445,132.515,Flash,100,100,-241.7062,-40.03912,0,False,False,False,194.7656,9.140625
f0rest Komplett,CounterTerrorist,1218.182,2733.085,132.6055,Flash,100,100,-240.6471,-45.9778,0,False,False,False,200.7422,8.789063
f0rest Komplett,CounterTerrorist,1210.699,2731.469,132.6496,Flash,100,100,-238.645,-55.4399,0,False,False,False,206.7188,8.4375
f0rest Komplett,CounterTerrorist,1203.2,2729.927,137.2502,Flash,100,100,-240.2477,-48.02145,286.3684,False,False,False,207.4219,8.085938
f0rest Komplett,CounterTerrorist,1195.692,2728.427,145.8086,Flash,100,100,-240.2477,-48.02145,261.3684,False,False,False,204.6094,7.734375
f0rest Komplett,CounterTerrorist,1188.184,2726.926,153.5858,Flash,100,100,-240.2477,-48.02145,236.3684,False,False,False,199.3359,7.382813
f0rest Komplett,CounterTerrorist,1180.622,2725.618,160.5817,Flash,100,100,-244.2721,-33.54553,211.3684,False,False,False,194.7656,7.734375
f0rest Komplett,CounterTerrorist,1172.92,2724.869,166.7964,Flash,100,100,-247.5982,-18.6366,186.3684,False,False,False,191.25,8.789063
f0rest Komplett,CounterTerrorist,1165.155,2724.434,172.2298,Flash,100,100,-248.7543,-12.25729,161.3684,False,False,False,189.8437,9.492188
f0rest Komplett,CounterTerrorist,1157.374,2724.098,176.8819,Flash,100,100,-249.0902,-10.23359,136.3684,False,False,False,189.1406,9.84375
f0rest Komplett,CounterTerrorist,1149.589,2723.779,180.7528,Flash,100,100,-249.0902,-10.23358,111.3684,False,False,False,189.4922,10.19531
f0rest Komplett,CounterTerrorist,1141.805,2723.46,183.8425,Flash,100,100,-249.0902,-10.23358,86.36838,False,False,False,191.6016,10.89844
f0rest Komplett,CounterTerrorist,1134.074,2722.917,186.1509,Flash,100,100,-245.665,-24.56848,61.36838,False,False,False,193.711,11.25
f0rest Komplett,CounterTerrorist,1126.494,2721.765,187.6781,Flash,100,100,-240.6873,-44.30564,36.36838,False,False,False,194.0625,11.25
f0rest Komplett,CounterTerrorist,1119.073,2719.981,188.424,Flash,100,100,-235.5023,-64.8351,11.36838,False,False,False,194.0625,11.25
f0rest Komplett,CounterTerrorist,1111.824,2717.52,188.3886,Flash,100,100,-229.4276,-88.8872,-13.63162,False,False,False,194.0625,11.25
f0rest Komplett,CounterTerrorist,1104.654,2714.742,187.5721,Flash,100,100,-229.4276,-88.8872,-38.63162,False,False,False,194.0625,11.25
f0rest Komplett,CounterTerrorist,1097.485,2711.965,185.9742,Flash,100,100,-229.4276,-88.8872,-63.63162,False,False,False,194.0625,11.25
f0rest Komplett,CounterTerrorist,1090.315,2709.188,183.5951,Flash,100,100,-229.4276,-88.8872,-88.63162,False,False,False,194.0625,11.25
f0rest Komplett,CounterTerrorist,1083.146,2706.41,180.4348,Flash,100,100,-229.4276,-88.8872,-113.6316,False,False,False,194.0625,11.25
f0rest Komplett,CounterTerrorist,1075.976,2703.633,176.4932,Flash,100,100,-229.4276,-88.8872,-138.6316,False,False,False,194.0625,11.25
f0rest Komplett,CounterTerrorist,1068.807,2700.855,171.7704,Flash,100,100,-229.4276,-88.8872,-163.6316,False,False,False,194.0625,11.25
f0rest Komplett,CounterTerrorist,1061.638,2698.078,166.2663,Flash,100,100,-229.4276,-88.8872,-188.6316,False,False,False,194.0625,11.25
f0rest Komplett,CounterTerrorist,1054.468,2695.301,159.9809,Flash,100,100,-229.4276,-88.8872,-213.6316,False,False,False,194.0625,11.25
f0rest Komplett,CounterTerrorist,1047.299,2692.523,152.9143,Flash,100,100,-229.4276,-88.8872,-238.6316,False,False,False,194.0625,11.25
f0rest Komplett,CounterTerrorist,1040.129,2689.746,145.0665,Flash,100,100,-229.4276,-88.8872,-263.6316,False,False,False,194.0625,11.25
f0rest Komplett,CounterTerrorist,1033.426,2687.149,138.255,Flash,100,100,-169.7251,-65.75665,0,False,False,False,194.0625,11.25
f0rest Komplett,CounterTerrorist,1027.945,2685.124,138.6436,Flash,100,100,-178.793,-64.35734,0,False,False,False,194.0625,11.25
f0rest Komplett,CounterTerrorist,1022.183,2683.128,139.0857,Flash,100,100,-187.7049,-63.64227,0,False,False,False,194.0625,11.25
f0rest Komplett,CounterTerrorist,1016.574,2681.251,139.5071,Flash,100,100,-169.347,-56.66439,0,False,False,False,194.0625,11.25
f0rest Komplett,CounterTerrorist,1011.759,2679.64,139.8622,Flash,100,100,-145.3384,-48.631,0,False,False,False,194.0625,11.25
f0rest Komplett,CounterTerrorist,1008.103,2678.427,140.0644,Flash,100,100,-110.6087,-36.12504,0,False,False,False,194.0625,11.25
f0rest Komplett,CounterTerrorist,1004.552,2677.298,140.2569,Flash,100,100,-115.4379,-36.161,0,False,False,False,194.0625,11.25
f0rest Komplett,CounterTerrorist,1000.855,2676.165,140.4542,Flash,100,100,-119.9195,-36.29969,0,False,False,False,194.0625,11.25
f0rest Komplett,CounterTerrorist,997.0488,2675.032,140.6547,Flash,100,100,-122.2032,-36.01584,0,False,False,False,194.0625,11.25
f0rest Komplett,CounterTerrorist,993.226,2673.92,140.8542,Flash,100,100,-122.4046,-35.32513,0,False,False,False,194.0625,11.25
f0rest Komplett,CounterTerrorist,989.3975,2672.828,141.1277,Flash,100,100,-122.5733,-34.73545,0,False,False,False,194.0625,11.25
f0rest Komplett,CounterTerrorist,985.5642,2671.753,141.5312,Flash,100,100,-122.715,-34.23123,0,False,False,False,194.0625,11.25
f0rest Komplett,CounterTerrorist,981.7269,2670.692,141.9319,Flash,100,100,-122.8346,-33.79961,0,False,False,False,194.0625,11.25
f0rest Komplett,CounterTerrorist,977.8863,2669.643,142.3304,Flash,100,100,-122.9358,-33.42985,0,False,False,False,194.0625,11.25
f0rest Komplett,CounterTerrorist,974.0428,2668.604,142.7267,Flash,100,100,-123.0215,-33.11289,0,False,False,False,194.0625,11.25
f0rest Komplett,CounterTerrorist,970.197,2667.575,143.1213,Flash,100,100,-123.0944,-32.84108,0,False,False,False,194.0625,11.25
f0rest Komplett,CounterTerrorist,966.3491,2666.554,143.5144,Flash,100,100,-123.1563,-32.60793,0,False,False,False,194.0625,11.25
f0rest Komplett,CounterTerrorist,962.4993,2665.539,143.8004,Flash,100,100,-123.2091,-32.40789,0,False,False,False,194.0625,11.25
f0rest Komplett,CounterTerrorist,958.6481,2664.529,144.0806,Flash,100,100,-123.2541,-32.23624,0,False,False,False,194.0625,11.25
f0rest Komplett,CounterTerrorist,954.7957,2663.525,144.3603,Flash,100,100,-123.2926,-32.08894,0,False,False,False,194.0625,11.25
f0rest Komplett,CounterTerrorist,950.9421,2662.524,144.6397,Flash,100,100,-123.3254,-31.96252,0,False,False,False,194.0625,11.25
f0rest Komplett,CounterTerrorist,947.0876,2661.528,144.9187,Flash,100,100,-123.3535,-31.85403,0,False,False,False,194.0625,11.25
f0rest Komplett,CounterTerrorist,943.2323,2660.534,145.1974,Flash,100,100,-123.3775,-31.76091,0,False,False,False,194.0625,11.25
f0rest Komplett,CounterTerrorist,939.3763,2659.543,145.476,Flash,100,100,-123.398,-31.68099,0,False,False,False,194.0625,11.25
f0rest Komplett,CounterTerrorist,935.5198,2658.554,145.6657,Flash,100,100,-123.4156,-31.6124,0,False,False,False,194.0625,11.25
f0rest Komplett,CounterTerrorist,931.6627,2657.567,145.7656,Flash,100,100,-123.4307,-31.55352,0,False,False,False,194.0625,11.25
f0rest Komplett,CounterTerrorist,927.7863,2656.89,145.8341,Flash,100,100,-124.3962,-16.06194,0,False,False,False,194.0625,11.25
f0rest Komplett,CounterTerrorist,923.8823,2656.652,145.8513,Flash,100,100,-125.2248,-2.766628,0,False,False,False,194.0625,11.25
f0rest Komplett,CounterTerrorist,919.9549,2656.793,145.8439,Flash,100,100,-125.9359,8.643791,0,False,False,False,194.0625,11.25
f0rest Komplett,CounterTerrorist,916.0112,2657.257,145.7969,Flash,100,100,-126.069,18.36747,0,False,False,False,194.0625,11.25
f0rest Komplett,CounterTerrorist,912.099,2657.992,145.7226,Flash,100,100,-124.6352,26.39753,0,False,False,False,194.0625,11.25
f0rest Komplett,CounterTerrorist,908.2353,2658.95,145.6256,Flash,100,100,-123.0316,33.07535,0,False,False,False,194.0625,11.25
f0rest Komplett,CounterTerrorist,904.4223,2660.094,145.4049,Flash,100,100,-121.409,38.60837,0,False,False,False,194.0625,11.25
f0rest Komplett,CounterTerrorist,900.6588,2661.392,144.9028,Flash,100,100,-119.8577,43.18422,0,False,False,False,194.0625,11.25
f0rest Komplett,CounterTerrorist,896.9415,2662.817,144.3913,Flash,100,100,-118.4271,46.96576,0,False,False,False,194.0625,11.25
f0rest Komplett,CounterTerrorist,893.2334,2664.255,143.8794,Flash,100,100,-119.9199,42.29261,0,False,False,False,194.0625,11.25
f0rest Komplett,CounterTerrorist,889.4108,2665.352,143.3934,Flash,100,100,-123.575,30.98353,0,False,False,False,194.0625,11.25
f0rest Komplett,CounterTerrorist,885.506,2666.124,142.9348,Flash,100,100,-125.6435,21.0827,0,False,False,False,194.0625,11.25
f0rest Komplett,CounterTerrorist,881.5557,2666.613,142.4893,Flash,100,100,-126.7757,12.59688,0,False,False,False,194.0625,11.25
f0rest Komplett,CounterTerrorist,877.5827,2666.864,142.0506,Flash,100,100,-127.2855,5.400064,0,False,False,False,194.0625,11.25
f0rest Komplett,CounterTerrorist,873.6021,2666.911,141.6574,Flash,100,100,-127.3983,-0.6606303,0,False,False,False,194.0625,11.25
f0rest Komplett,CounterTerrorist,869.6229,2666.789,141.3033,Flash,100,100,-127.2706,-5.740947,0,False,False,False,194.0625,11.25
f0rest Komplett,CounterTerrorist,865.6506,2666.525,140.9824,Flash,100,100,-127.0079,-9.986838,0,False,False,False,194.0625,11.25
f0rest Komplett,CounterTerrorist,861.6879,2666.142,140.6459,Flash,100,100,-126.6796,-13.52883,0,False,False,False,194.0625,11.25
f0rest Komplett,CounterTerrorist,857.736,2665.66,140.3186,Flash,100,100,-126.3296,-16.48042,0,False,False,False,194.0625,11.25
f0rest Komplett,CounterTerrorist,853.7949,2665.097,140.0013,Flash,100,100,-125.994,-18.87516,0,False,False,False,194.0625,11.25
f0rest Komplett,CounterTerrorist,849.8636,2664.469,139.692,Flash,100,100,-125.6892,-20.80824,0,False,False,False,194.0625,11.25
f0rest Komplett,CounterTerrorist,845.9412,2663.787,139.3894,Flash,100,100,-125.4161,-22.3957,0,False,False,False,194.0625,11.25
f0rest Komplett,CounterTerrorist,842.0268,2663.06,139.0531,Flash,100,100,-125.1733,-23.71506,0,False,False,False,194.0625,11.25
f0rest Komplett,CounterTerrorist,838.1194,2662.297,138.6608,Flash,100,100,-124.9587,-24.821,0,False,False,False,194.0625,11.25
f0rest Komplett,CounterTerrorist,834.2182,2661.503,138.2703,Flash,100,100,-124.7698,-25.75377,0,False,False,False,194.0625,11.25
f0rest Komplett,CounterTerrorist,830.3224,2660.683,138.0313,Flash,100,100,-124.6041,-26.54398,0,False,False,False,194.0625,11.25
f0rest Komplett,CounterTerrorist,826.4315,2659.84,138.0313,Flash,100,100,-124.4591,-27.21562,0,False,False,False,194.0625,11.25
f0rest Komplett,CounterTerrorist,822.5446,2658.978,138.0313,Flash,100,100,-124.3326,-27.78787,0,False,False,False,194.0625,11.25
f0rest Komplett,CounterTerrorist,818.7012,2658.014,134.7121,Flash,100,100,-120.8492,-35.56292,0,False,False,False,194.0625,11.25
f0rest Komplett,CounterTerrorist,815.0463,2656.635,134.6202,Flash,100,100,-114.7344,-48.98555,0,False,False,False,194.0625,11.25
f0rest Komplett,CounterTerrorist,811.5654,2654.875,134.3281,Flash,100,100,-109.4865,-60.50524,0,False,False,False,194.0625,11.25
f0rest Komplett,CounterTerrorist,808.2335,2652.788,134.0517,Flash,100,100,-104.9827,-70.39176,0,False,False,False,194.0625,11.25
f0rest Komplett,CounterTerrorist,805.0371,2650.425,133.7919,Flash,100,100,-100.4492,-78.36266,0,False,False,False,194.0625,11.25
f0rest Komplett,CounterTerrorist,801.9953,2647.857,133.5495,Flash,100,100,-95.5346,-84.28463,0,False,False,False,194.0625,11.25
f0rest Komplett,CounterTerrorist,799.0972,2645.128,133.3227,Flash,100,100,-91.13074,-89.02777,0,False,False,False,194.0625,11.25
f0rest Komplett,CounterTerrorist,796.3264,2642.27,133.1096,Flash,100,100,-87.25426,-92.83024,0,False,False,False,194.0625,11.25
f0rest Komplett,CounterTerrorist,793.5257,2639.442,132.8933,Flash,100,100,-92.74394,-87.34598,0,False,False,False,194.0625,11.25
f0rest Komplett,CounterTerrorist,790.49,2636.868,132.6515,Flash,100,100,-99.561,-79.48814,0,False,False,False,194.0625,11.25
f0rest Komplett,CounterTerrorist,787.2726,2634.524,132.3895,Flash,100,100,-104.8181,-72.41497,0,False,False,False,194.0625,11.25
f0rest Komplett,CounterTerrorist,783.9156,2632.385,132.1115,Flash,100,100,-108.8623,-66.17981,0,False,False,False,194.0625,11.25
f0rest Komplett,CounterTerrorist,780.4508,2630.425,131.7793,Flash,100,100,-111.9755,-60.76394,0,False,False,False,194.0625,11.25
f0rest Komplett,CounterTerrorist,776.9495,2628.531,131.3483,Flash,100,100,-110.4345,-63.52147,0,False,False,False,194.0625,11.25
f0rest Komplett,CounterTerrorist,773.6079,2626.368,130.9371,Flash,100,100,-104.8538,-72.36328,0,False,False,False,194.0625,11.25
f0rest Komplett,CounterTerrorist,770.4354,2623.964,130.5466,Flash,100,100,-99.57126,-79.47529,0,False,False,False,194.0625,11.25
f0rest Komplett,CounterTerrorist,767.4193,2621.366,130.1754,Flash,100,100,-94.7409,-85.17582,0,False,False,False,194.0625,11.25
f0rest Komplett,CounterTerrorist,764.5443,2618.613,129.8215,Flash,100,100,-90.4277,-89.74178,0,False,False,False,194.0625,11.25
f0rest Komplett,CounterTerrorist,761.7936,2615.735,129.483,Flash,100,100,-86.64053,-93.40331,0,False,False,False,194.0625,11.25
f0rest Komplett,CounterTerrorist,759.1515,2612.757,129.1578,Flash,100,100,-83.35533,-96.34649,0,False,False,False,194.0625,11.25
f0rest Komplett,CounterTerrorist,756.6028,2609.698,128.8441,Flash,100,100,-80.53091,-98.71946,0,False,False,False,194.0625,11.25
f0rest Komplett,CounterTerrorist,754.1343,2606.575,128.5403,Flash,100,100,-78.11874,-100.6391,0,False,False,False,194.0625,11.25
f0rest Komplett,CounterTerrorist,751.7335,2603.399,128.2448,Flash,100,100,-76.10434,-102.1709,0,False,False,False,194.0625,11.25
f0rest Komplett,CounterTerrorist,749.3881,2600.182,128.0313,Flash,100,100,-74.45901,-103.3761,0,False,False,False,194.0625,11.25
f0rest Komplett,CounterTerrorist,747.0886,2596.932,128.0313,Flash,100,100,-73.09446,-104.3454,0,False,False,False,194.0625,11.25
f0rest Komplett,CounterTerrorist,744.8271,2593.656,128.0313,Flash,100,100,-71.95074,-105.1373,0,False,False,False,194.0625,11.25
f0rest Komplett,CounterTerrorist,742.598,2590.357,128.0313,Flash,100,100,-70.98508,-105.7917,0,False,False,False,194.0625,11.25
f0rest Komplett,CounterTerrorist,740.396,2587.041,128.0313,Flash,100,100,-70.16552,-106.337,0,False,False,False,194.0625,11.25
f0rest Komplett,CounterTerrorist,738.2204,2583.706,128.0313,Flash,100,100,-69.22449,-106.952,0,False,False,False,195.8203,10.54688
f0rest Komplett,CounterTerrorist,736.0688,2580.358,128.0313,Flash,100,100,-70.47326,-105.9891,0,False,False,False,202.1484,8.085938
f0rest Komplett,CounterTerrorist,733.6856,2577.171,128.0313,Flash,100,100,-79.18028,-99.80602,0,False,False,False,209.5313,6.328125
f0rest Komplett,CounterTerrorist,731.1163,2574.13,128.0313,Flash,100,100,-83.4757,-96.24224,0,False,False,False,220.7813,5.625
f0rest Komplett,CounterTerrorist,728.5003,2571.129,128.0313,Flash,100,100,-83.37637,-96.32829,0,False,False,False,234.4922,5.625
f0rest Komplett,CounterTerrorist,725.9688,2568.056,128.0313,Flash,100,100,-79.0862,-99.88059,0,False,False,False,249.9609,5.625
f0rest Komplett,CounterTerrorist,723.6289,2564.836,128.0313,Flash,100,100,-72.19346,-104.9708,0,False,False,False,257.3438,6.328125
f0rest Komplett,CounterTerrorist,721.5142,2561.464,128.0313,Flash,100,100,-65.01063,-109.5645,0,False,False,False,259.4531,7.734375
f0rest Komplett,CounterTerrorist,719.6104,2557.968,128.0313,Flash,100,100,-58.59612,-113.1249,0,False,False,False,259.4531,8.085938
f0rest Komplett,CounterTerrorist,717.889,2554.378,128.0313,Flash,100,100,-53.07903,-115.8161,0,False,False,False,259.4531,8.085938
f0rest Komplett,CounterTerrorist,716.4681,2550.709,128.1135,Flash,100,100,-38.44874,-118.0442,0,False,False,False,259.4531,8.085938
f0rest Komplett,CounterTerrorist,715.6171,2547,128.2444,Flash,100,100,-20.83898,-119.043,0,False,False,False,259.4531,8.085938
f0rest Komplett,CounterTerrorist,715.2667,2543.263,128.2914,Flash,100,100,-5.725774,-119.9002,0,False,False,False,259.4531,8.085938
f0rest Komplett,CounterTerrorist,715.3459,2539.501,128.2861,Flash,100,100,7.244808,-120.6359,0,False,False,False,259.4531,8.085938
f0rest Komplett,CounterTerrorist,715.7939,2535.719,128.2172,Flash,100,100,18.37653,-121.2673,0,False,False,False,259.4531,8.085938
f0rest Komplett,CounterTerrorist,716.5599,2531.919,128.0993,Flash,100,100,28.04932,-121.7266,0,False,False,False,260.1563,8.085938
f0rest Komplett,CounterTerrorist,717.2867,2528.037,127.9962,Flash,100,100,20.56598,-125.6832,0,False,False,False,260.8594,8.4375
f0rest Komplett,CounterTerrorist,717.8019,2524.089,127.9328,Flash,100,100,14.22884,-126.6029,0,False,False,False,262.2656,8.4375
f0rest Komplett,CounterTerrorist,718.1539,2520.124,127.8895,Flash,100,100,9.697912,-127.0303,0,False,False,False,264.7266,8.4375
f0rest Komplett,CounterTerrorist,718.3939,2516.15,127.8599,Flash,100,100,6.63758,-127.227,0,False,False,False,266.8359,8.789063
f0rest Komplett,CounterTerrorist,718.3842,2512.214,127.8524,Flash,100,100,-6.548041,-124.7002,0,False,False,False,268.2422,8.789063
f0rest Komplett,CounterTerrorist,717.8908,2508.371,127.9219,Flash,100,100,-20.94651,-122.0983,0,False,False,False,270.7031,8.789063
f0rest Komplett,CounterTerrorist,717.0112,2504.58,128.0301,Flash,100,100,-32.07222,-121.018,0,False,False,False,275.625,9.140625
f0rest Komplett,CounterTerrorist,715.8433,2500.8,128.2096,Flash,100,100,-40.16724,-120.9022,0,False,False,False,280.1953,9.492188
f0rest Komplett,CounterTerrorist,714.4821,2497.059,128.419,Flash,100,100,-45.41357,-119.0309,0,False,False,False,281.6016,10.19531
f0rest Komplett,CounterTerrorist,712.9766,2493.374,128.6506,Flash,100,100,-49.78573,-117.2695,0,False,False,False,280.8984,10.54688
f0rest Komplett,CounterTerrorist,711.3763,2489.729,128.8968,Flash,100,100,-49.62296,-117.241,0,False,False,False,280.8984,10.54688
f0rest Komplett,CounterTerrorist,710.047,2485.979,129.1013,Flash,100,100,-38.45965,-121.4562,0,False,False,False,280.8984,10.54688
f0rest Komplett,CounterTerrorist,708.9536,2482.525,129.2695,Flash,100,100,-33.00717,-104.2372,0,False,False,False,280.8984,10.54688
f0rest Komplett,CounterTerrorist,708.0153,2479.562,129.4139,Flash,100,100,-28.32769,-89.45934,0,False,False,False,280.8984,10.54688
f0rest Komplett,CounterTerrorist,707.21,2477.019,129.5378,Flash,100,100,-24.31163,-76.77656,0,False,False,False,280.8984,10.54688
f0rest Komplett,CounterTerrorist,706.5192,2474.837,129.6441,Flash,100,100,-20.82437,-65.76371,0,False,False,False,280.8984,10.54688
f0rest Komplett,CounterTerrorist,705.9348,2472.992,129.734,Flash,100,100,-17.4282,-55.03857,0,False,False,False,280.8984,10.54688
f0rest Komplett,CounterTerrorist,705.4565,2471.481,129.8076,Flash,100,100,-14.03204,-44.31343,0,False,False,False,281.25,10.54688
f0rest Komplett,CounterTerrorist,705.0844,2470.306,129.852,Flash,100,100,-10.63588,-33.58828,0,False,False,False,282.3047,10.89844
f0rest Komplett,CounterTerrorist,704.8184,2469.466,129.897,Flash,100,100,-7.239716,-22.86315,0,False,False,False,282.6563,11.25
f0rest Komplett,CounterTerrorist,704.7138,2468.718,129.9134,Flash,100,100,0.6984926,-32.82582,0,False,False,False,284.0625,11.25
f0rest Komplett,CounterTerrorist,704.8369,2467.482,129.9029,Flash,100,100,5.782498,-43.58996,0,False,False,False,285.4688,11.25
f0rest Komplett,CounterTerrorist,705.1095,2465.91,129.8609,Flash,100,100,10.47313,-54.29736,0,False,False,False,286.875,11.95313
f0rest Komplett,CounterTerrorist,705.4958,2464.008,129.8015,Flash,100,100,10.9214,-64.62652,0,False,False,False,288.9844,12.65625
f0rest Komplett,CounterTerrorist,705.6219,2461.804,129.7821,Flash,100,100,0.2410316,-74.08734,0,False,False,False,290.7422,13.35938
f0rest Komplett,CounterTerrorist,705.459,2459.306,129.8072,Flash,100,100,-8.262317,-83.3168,0,False,False,False,292.1484,13.71094
f0rest Komplett,CounterTerrorist,705.063,2456.541,129.8681,Flash,100,100,-15.1428,-91.44209,0,False,False,False,293.2031,14.41406
f0rest Komplett,CounterTerrorist,704.4769,2453.543,129.9583,Flash,100,100,-20.77992,-98.52172,0,False,False,False,293.9063,14.76563
f0rest Komplett,CounterTerrorist,703.7343,2450.342,130.0725,Flash,100,100,-25.45269,-104.6611,0,False,False,False,294.2578,15.11719
f0rest Komplett,CounterTerrorist,702.8616,2446.966,130.2068,Flash,100,100,-29.32384,-109.9823,0,False,False,False,294.6094,15.46875
f0rest Komplett,CounterTerrorist,701.881,2443.437,130.3576,Flash,100,100,-32.5346,-114.5901,0,False,False,False,294.9609,15.82031
f0rest Komplett,CounterTerrorist,700.845,2439.779,130.517,Flash,100,100,-30.85908,-118.3671,0,False,False,False,295.3125,15.82031
f0rest Komplett,CounterTerrorist,700.1503,2436.027,130.6239,Flash,100,100,-17.31751,-121.0362,0,False,False,False,295.3125,15.82031
f0rest Komplett,CounterTerrorist,699.8405,2432.199,130.6647,Flash,100,100,-5.695763,-123.3269,0,False,False,False,295.3125,15.82031
f0rest Komplett,CounterTerrorist,699.8611,2428.306,130.6647,Flash,100,100,4.278357,-125.2928,0,False,False,False,295.3125,15.82031
f0rest Komplett,CounterTerrorist,700.1649,2424.358,130.7162,Flash,100,100,12.81556,-126.7538,0,False,False,False,295.3125,15.82031
f0rest Komplett,CounterTerrorist,700.2363,2420.498,130.8346,Flash,100,100,-5.606564,-120.2251,0,False,False,False,295.3125,15.82031
f0rest Komplett,CounterTerrorist,699.6898,2416.897,131.0262,Flash,100,100,-24.26189,-112.3473,0,False,False,False,295.3125,15.82031
f0rest Komplett,CounterTerrorist,698.6129,2413.521,131.2926,Flash,100,100,-40.27242,-105.5863,0,False,False,False,295.3125,15.82031
f0rest Komplett,CounterTerrorist,697.0809,2410.337,131.6234,Flash,100,100,-54.01311,-99.78378,0,False,False,False,295.3125,15.82031
f0rest Komplett,CounterTerrorist,695.1583,2407.318,132.0093,Flash,100,100,-65.80576,-94.80392,0,False,False,False,295.3125,15.82031
f0rest Komplett,CounterTerrorist,692.9002,2404.44,132.4426,Flash,100,100,-75.93955,-90.50237,0,False,False,False,294.9609,15.82031
f0rest Komplett,CounterTerrorist,690.3531,2401.687,132.9166,Flash,100,100,-84.68417,-86.70872,0,False,False,False,294.6094,15.82031
f0rest Komplett,CounterTerrorist,688.0313,2399.046,133.3527,Flash,100,100,0,-83.24883,0,False,False,False,293.9063,15.82031
f0rest Komplett,CounterTerrorist,688.0152,2396.281,133.4377,Flash,100,100,0,-91.44967,0,False,False,False,293.2031,15.46875
f0rest Komplett,CounterTerrorist,688.0152,2393.285,133.5271,Flash,100,100,0,-98.35069,0,False,False,False,292.1484,15.46875
f0rest Komplett,CounterTerrorist,688.0152,2390.097,133.6222,Flash,100,100,0,-104.0606,0,False,False,False,290.3906,14.76563
f0rest Komplett,CounterTerrorist,688.0152,2386.755,133.722,Flash,100,100,0,-108.5002,0,False,False,False,286.875,13.35938
f0rest Komplett,CounterTerrorist,688.0152,2383.303,133.8251,Flash,100,100,0,-111.4757,0,False,False,False,281.9531,11.25
f0rest Komplett,CounterTerrorist,688.0152,2379.786,133.93,Flash,100,100,0,-113.0093,0,False,False,False,277.0313,9.140625
f0rest Komplett,CounterTerrorist,688.0396,2376.159,134.0346,M4A1,100,100,0.9364881,-116.9962,0,False,False,False,270.7031,7.03125
f0rest Komplett,CounterTerrorist,688.057,2372.503,134.141,M4A1,100,100,0.2012312,-116.9998,0,False,False,False,266.8359,5.976563
f0rest Komplett,CounterTerrorist,688.0366,2368.847,134.2533,M4A1,100,100,-1.191145,-116.9939,0,False,False,False,265.4297,4.921875
f0rest Komplett,CounterTerrorist,688.0073,2365.191,134.367,M4A1,100,100,-0.3912419,-116.9993,0,False,False,False,265.4297,4.921875
f0rest Komplett,CounterTerrorist,688.0013,2361.534,134.477,M4A1,100,100,0,-116.9993,0,False,False,False,265.4297,4.921875
f0rest Komplett,CounterTerrorist,688.0013,2357.932,134.5845,M4A1,100,100,0,-114.3184,0,False,False,False,265.4297,4.921875
f0rest Komplett,CounterTerrorist,688.0013,2354.501,134.687,M4A1,100,100,0,-103.8834,0,False,False,False,265.4297,4.921875
f0rest Komplett,CounterTerrorist,688.0013,2351.583,134.7246,M4A1,100,100,0,-87.39247,0,False,False,False,265.4297,4.921875
f0rest Komplett,CounterTerrorist,688.0013,2349.134,134.7429,M4A1,100,100,0,-73.23945,0,False,False,False,265.4297,4.921875
f0rest Komplett,CounterTerrorist,688.0013,2347.101,134.7429,M4A1,100,100,0,-60.12384,0,False,False,False,265.4297,4.921875
f0rest Komplett,CounterTerrorist,688.0013,2345.479,134.7614,M4A1,100,100,0,-47.00822,0,False,False,False,265.4297,4.921875
f0rest Komplett,CounterTerrorist,688.0013,2344.265,134.7773,M4A1,100,100,0,-33.9318,0,False,False,False,265.4297,4.570313
f0rest Komplett,CounterTerrorist,688.0013,2343.458,134.7773,M4A1,100,100,0,-20.9651,0,False,False,False,265.7813,3.515625
f0rest Komplett,CounterTerrorist,688.0013,2343.056,134.7773,M4A1,100,100,0,-8.006246,0,False,False,False,265.7813,3.164063
f0rest Komplett,CounterTerrorist,688.0013,2343.014,134.7773,M4A1,100,100,0,0.4272145,0,False,False,False,265.7813,3.164063
f0rest Komplett,CounterTerrorist,688.0013,2343.027,134.7773,M4A1,100,100,0,0.4036919,0,False,False,False,265.7813,2.8125
f0rest Komplett,CounterTerrorist,688.0013,2343.027,134.7773,M4A1,100,100,0,0,0,False,False,False,266.1328,2.8125
f0rest Komplett,CounterTerrorist,688.0013,2343.027,134.7773,M4A1,100,100,0,0,0,False,False,False,266.1328,2.460938
f0rest Komplett,CounterTerrorist,688.0231,2343.338,134.7773,M4A1,100,100,0.996148,14.27779,0,False,False,False,266.1328,2.460938
f0rest Komplett,CounterTerrorist,688.1368,2343.981,134.7668,M4A1,100,100,7.871916,23.07235,0,False,False,False,266.1328,2.460938
f0rest Komplett,CounterTerrorist,688.6285,2344.794,134.7077,M4A1,100,100,20.03852,27.96662,0,False,False,False,265.7813,2.109375
f0rest Komplett,CounterTerrorist,689.4576,2345.784,134.6111,M4A1,100,100,30.30745,33.98864,0,False,False,False,265.4297,2.109375
f0rest Komplett,CounterTerrorist,690.5934,2346.973,134.4799,M4A1,100,100,39.91596,40.56147,0,False,False,False,265.4297,2.109375
f0rest Komplett,CounterTerrorist,692.0235,2348.374,134.2511,M4A1,100,100,49.25669,47.38175,0,False,False,False,265.0781,2.109375
f0rest Komplett,CounterTerrorist,693.5672,2350.079,133.9627,M4A1,100,100,47.33428,59.97735,0,False,False,False,264.7266,2.109375
f0rest Komplett,CounterTerrorist,694.9555,2352.21,133.6855,M4A1,100,100,42.78843,72.86697,0,False,False,False,264.0234,1.757813
f0rest Komplett,CounterTerrorist,696.2164,2354.707,133.417,M4A1,100,100,38.959,83.92188,0,False,False,False,264.0234,1.757813
f0rest Komplett,CounterTerrorist,697.3683,2357.518,133.1558,M4A1,100,100,35.67248,93.4095,0,False,False,False,264.0234,1.757813
f0rest Komplett,CounterTerrorist,698.427,2360.599,132.901,M4A1,100,100,32.85189,101.552,0,False,False,False,264.0234,1.757813
f0rest Komplett,CounterTerrorist,699.3851,2363.91,132.6548,M4A1,100,100,27.839,108.2076,0,False,False,False,264.0234,1.757813
f0rest Komplett,CounterTerrorist,699.907,2367.318,132.4727,M4A1,100,100,10.35213,109.5702,0,False,False,False,264.0234,1.757813
f0rest Komplett,CounterTerrorist,699.7756,2370.478,132.3986,M4A1,100,100,-12.49841,96.29623,0,False,False,False,264.0234,1.40625
f0rest Komplett,CounterTerrorist,698.9949,2373.262,132.4356,M4A1,100,100,-32.09991,84.99215,0,False,False,False,263.6719,1.40625
f0rest Komplett,CounterTerrorist,697.6569,2375.724,132.568,M4A1,100,100,-48.92668,75.25193,0,False,False,False,264.0234,1.054688
f0rest Komplett,CounterTerrorist,695.8402,2377.907,132.7823,M4A1,100,100,-63.38415,66.73582,0,False,False,False,264.375,0.3515625
f0rest Komplett,CounterTerrorist,693.612,2379.842,133.0673,M4A1,100,100,-75.82158,59.1082,0,False,False,False,265.4297,0
f0rest Komplett,CounterTerrorist,691.0299,2381.556,133.4134,M4A1,100,100,-86.50839,52.40972,0,False,False,False,265.4297,0
f0rest Komplett,CounterTerrorist,688.1754,2382.982,133.81,M4A1,100,100,-93.00622,38.48816,0,False,False,False,265.7813,0
f0rest Komplett,CounterTerrorist,688.0313,2383.729,133.8099,M4A1,100,100,0,14.05901,0,False,False,False,266.1328,0
f0rest Komplett,CounterTerrorist,688.0313,2383.729,133.8079,M4A1,100,100,0,-4.67522,0,False,False,False,266.1328,0
f0rest Komplett,CounterTerrorist,688.0166,2383.42,133.8079,M4A1,100,100,-0.8572328,-14.20064,0,False,False,False,266.1328,0
f0rest Komplett,CounterTerrorist,688.0052,2382.752,133.843,M4A1,100,100,0,-25.66075,0,False,False,False,266.1328,0
f0rest Komplett,CounterTerrorist,688.0023,2381.726,133.8655,M4A1,100,100,0,-37.11013,0,False,False,False,266.1328,0
f0rest Komplett,CounterTerrorist,688.0023,2380.343,133.9041,M4A1,100,100,0,-48.55925,0,False,False,False,266.1328,0
f0rest Komplett,CounterTerrorist,688.0023,2378.602,133.9534,M4A1,100,100,0,-60.00838,0,False,False,False,266.1328,0
f0rest Komplett,CounterTerrorist,688.0023,2376.503,134.03,M4A1,100,100,0,-71.4575,0,False,False,False,266.1328,0
f0rest Komplett,CounterTerrorist,688.0023,2374.049,134.1033,M4A1,100,100,0,-82.6329,0,False,False,False,265.7813,0
f0rest Komplett,CounterTerrorist,688.0023,2371.422,134.1817,M4A1,100,100,0,-84.87315,0,False,False,False,265.4297,0.3515625
f0rest Komplett,CounterTerrorist,688.0023,2368.732,134.262,M4A1,100,100,0,-86.74675,0,False,False,False,265.4297,0.3515625
f0rest Komplett,CounterTerrorist,688.0023,2365.99,134.3439,M4A1,100,100,0,-88.35473,0,False,False,False,265.4297,0.3515625
f0rest Komplett,CounterTerrorist,688.0023,2363.201,134.4271,M4A1,100,100,0,-89.71696,0,False,False,False,265.0781,0.703125
f0rest Komplett,CounterTerrorist,688.0023,2360.375,134.5115,M4A1,100,100,0,-90.82925,0,False,False,False,265.0781,1.054688
f0rest Komplett,CounterTerrorist,688.0023,2357.518,134.5967,M4A1,100,100,0,-91.75014,0,False,False,False,264.7266,1.40625
f0rest Komplett,CounterTerrorist,688.0023,2354.635,134.6828,M4A1,100,100,0,-92.54694,0,False,False,False,265.0781,1.40625
f0rest Komplett,CounterTerrorist,688.0023,2351.729,134.7234,M4A1,100,100,0,-93.24173,0,False,False,False,265.0781,1.40625
f0rest Komplett,CounterTerrorist,688.0023,2348.804,134.7398,M4A1,100,100,0,-93.83802,0,False,False,False,265.0781,1.054688
f0rest Komplett,CounterTerrorist,688.0023,2345.861,134.7562,M4A1,100,100,0,-94.34977,0,False,False,False,265.0781,1.054688
f0rest Komplett,CounterTerrorist,688.0023,2342.904,134.7893,M4A1,100,100,0,-94.78896,0,False,False,False,265.0781,1.054688
f0rest Komplett,CounterTerrorist,688.0023,2339.935,134.8059,M4A1,100,100,0,-95.1659,0,False,False,False,265.0781,1.054688
f0rest Komplett,CounterTerrorist,688.0023,2336.954,134.8226,M4A1,100,100,0,-95.4894,0,False,False,False,265.0781,1.054688
f0rest Komplett,CounterTerrorist,688.0023,2333.965,134.856,M4A1,100,100,0,-95.76704,0,False,False,False,265.0781,1.054688
f0rest Komplett,CounterTerrorist,688.0023,2330.967,134.8728,M4A1,100,100,0,-96.00531,0,False,False,False,265.0781,1.054688
f0rest Komplett,CounterTerrorist,688.0023,2327.995,134.8896,M4A1,100,100,0,-92.05779,0,False,False,False,265.0781,1.054688
f0rest Komplett,CounterTerrorist,688.0023,2325.416,134.9057,M4A1,100,100,0,-77.1249,0,False,False,False,265.0781,1.054688
f0rest Komplett,CounterTerrorist,688.0023,2323.266,134.9241,M4A1,100,100,0,-63.80428,0,False,False,False,265.0781,1.054688
f0rest Komplett,CounterTerrorist,688.0023,2321.531,134.9427,M4A1,100,100,0,-50.58683,0,False,False,False,265.0781,1.054688
f0rest Komplett,CounterTerrorist,688.0023,2320.208,134.9587,M4A1,100,100,0,-37.33023,0,False,False,False,264.7266,0.703125
f0rest Komplett,CounterTerrorist,688.0023,2319.302,134.9587,M4A1,100,100,0,-24.02664,0,False,False,False,264.7266,0.703125
f0rest Komplett,CounterTerrorist,688.0023,2318.811,134.9587,M4A1,100,100,0,-10.72305,0,False,False,False,264.7266,0.703125
f0rest Komplett,CounterTerrorist,688.0023,2318.719,134.9587,M4A1,100,100,0,0.5133982,0,False,False,False,264.7266,0.703125
f0rest Komplett,CounterTerrorist,688.0023,2318.735,134.9587,M4A1,100,100,0,0.5133982,0,False,False,False,264.7266,0.703125
f0rest Komplett,CounterTerrorist,688.0023,2318.75,134.9587,M4A1,100,100,0,0.5133982,0,False,False,False,264.7266,0.703125
f0rest Komplett,CounterTerrorist,688.0023,2318.766,134.9587,M4A1,100,100,0,0.5133982,0,False,False,False,264.7266,0.703125
f0rest Komplett,CounterTerrorist,688.0023,2318.782,134.9587,M4A1,100,100,0,0.5133982,0,False,False,False,264.7266,0.703125
f0rest Komplett,CounterTerrorist,688.0023,2318.948,134.9587,M4A1,100,100,0,7.659677,0,False,False,False,264.7266,0.703125
f0rest Komplett,CounterTerrorist,688.0023,2319.309,134.9587,M4A1,100,100,0,13.88279,0,False,False,False,264.7266,0.703125
f0rest Komplett,CounterTerrorist,688.0023,2319.865,134.9587,M4A1,100,100,0,20.1059,0,False,False,False,264.7266,0.703125
f0rest Komplett,CounterTerrorist,688.0023,2320.615,134.9556,M4A1,100,100,0,26.32902,0,False,False,False,264.7266,0.703125
f0rest Komplett,CounterTerrorist,688.0023,2321.559,134.9486,M4A1,100,100,0,32.55213,0,False,False,False,264.7266,0.703125
f0rest Komplett,CounterTerrorist,688.0023,2322.697,134.9401,M4A1,100,100,0,38.73489,0,False,False,False,265.0781,0.703125
f0rest Komplett,CounterTerrorist,688.0023,2324.028,134.9302,M4A1,100,100,0,44.88225,0,False,False,False,265.0781,0.703125
f0rest Komplett,CounterTerrorist,688.0023,2325.55,134.9188,M4A1,100,100,0,51.00426,0,False,False,False,265.0781,0.703125
f0rest Komplett,CounterTerrorist,688.0375,2327.367,134.9014,M4A1,100,100,1.762563,62.42624,0,False,False,False,265.0781,0.703125
f0rest Komplett,CounterTerrorist,688.1224,2329.541,134.8761,M4A1,100,100,3.267409,73.85397,0,False,False,False,265.0781,0.703125
f0rest Komplett,CounterTerrorist,688.2509,2332.065,134.8434,M4A1,100,100,4.595486,84.77486,0,False,False,False,265.0781,0.703125
f0rest Komplett,CounterTerrorist,688.4172,2334.902,134.8043,M4A1,100,100,5.736867,94.18333,0,False,False,False,265.0781,0.703125
f0rest Komplett,CounterTerrorist,688.6156,2338.006,134.7598,M4A1,100,100,6.693797,102.2598,0,False,False,False,265.4297,0.703125
f0rest Komplett,CounterTerrorist,688.8409,2341.339,134.7106,M4A1,100,100,7.508074,109.1919,0,False,False,False,265.4297,1.054688
f0rest Komplett,CounterTerrorist,689.0895,2344.87,134.6575,M4A1,100,100,8.214746,115.1405,0,False,False,False,265.0781,1.054688
f0rest Komplett,CounterTerrorist,689.3546,2348.515,134.6018,M4A1,100,100,8.575399,116.6853,0,False,False,False,265.0781,1.054688
f0rest Komplett,CounterTerrorist,689.5338,2352.161,134.521,M4A1,100,100,0.8865213,116.6425,0,False,False,False,265.0781,0.703125
f0rest Komplett,CounterTerrorist,689.2842,2355.802,134.4507,M4A1,100,100,-13.01998,116.2733,0,False,False,False,265.0781,0.703125
f0rest Komplett,CounterTerrorist,688.645,2359.401,134.4387,M4A1,100,100,-24.64277,114.3754,0,False,False,False,265.0781,0.703125
f0rest Komplett,CounterTerrorist,688.0027,2362.934,134.435,M4A1,100,100,-3.654287,112.6785,0,False,False,False,265.0781,0.703125
f0rest Komplett,CounterTerrorist,688.0027,2366.465,134.3296,M4A1,100,100,0,113.1804,0,False,False,False,265.0781,0.703125
f0rest Komplett,CounterTerrorist,688.0027,2369.834,134.229,M4A1,100,100,0,102.4586,0,False,False,False,265.0781,0.703125
f0rest Komplett,CounterTerrorist,688.0027,2372.784,134.141,M4A1,100,100,0,89.8146,0,False,False,False,265.0781,0.703125
f0rest Komplett,CounterTerrorist,688.0027,2375.374,134.0637,M4A1,100,100,0,78.91036,0,False,False,False,265.0781,0.703125
f0rest Komplett,CounterTerrorist,688.0027,2377.64,133.996,M4A1,100,100,0,68.40091,0,False,False,False,265.4297,0.703125
f0rest Komplett,CounterTerrorist,688.0027,2379.558,133.9388,M4A1,100,100,0,57.15091,0,False,False,False,265.7813,0.703125
f0rest Komplett,CounterTerrorist,688.0027,2381.125,133.892,M4A1,100,100,0,45.90091,0,False,False,False,266.1328,0.703125
f0rest Komplett,CounterTerrorist,688.0027,2382.339,133.8558,M4A1,100,100,0,34.65091,0,False,False,False,266.1328,0.703125
f0rest Komplett,CounterTerrorist,688.0027,2383.203,133.83,M4A1,100,100,0,23.40091,0,False,False,False,266.1328,0.703125
f0rest Komplett,CounterTerrorist,688.0027,2383.714,133.8147,M4A1,100,100,0,12.15091,0,False,False,False,266.1328,1.054688
f0rest Komplett,CounterTerrorist,688.0027,2383.563,133.8138,M4A1,100,100,0,-10.54715,0,False,False,False,266.1328,1.054688
f0rest Komplett,CounterTerrorist,688.0027,2383.016,133.8306,M4A1,100,100,0,-21.23165,0,False,False,False,266.1328,1.40625
f0rest Komplett,CounterTerrorist,688.0027,2382.279,133.8517,M4A1,100,100,0,-24.98075,0,False,False,False,266.1328,1.40625
f0rest Komplett,CounterTerrorist,688.0027,2381.426,133.8699,M4A1,100,100,0,-28.72985,0,False,False,False,266.1328,1.40625
f0rest Komplett,CounterTerrorist,688.0027,2380.455,133.912,M4A1,100,100,0,-32.47895,0,False,False,False,266.1328,1.40625
f0rest Komplett,CounterTerrorist,688.0027,2379.367,133.9445,M4A1,100,100,0,-36.22805,0,False,False,False,266.1328,1.40625
f0rest Komplett,CounterTerrorist,688.0027,2378.147,133.9809,M4A1,100,100,0,-41.90268,0,False,False,False,266.1328,1.40625
f0rest Komplett,CounterTerrorist,688.0027,2376.614,134.0266,M4A1,100,100,0,-53.35388,0,False,False,False,266.1328,1.40625
f0rest Komplett,CounterTerrorist,688.0027,2374.723,134.0831,M4A1,100,100,0,-64.80508,0,False,False,False,266.1328,1.40625
f0rest Komplett,CounterTerrorist,688.0027,2372.474,134.1502,M4A1,100,100,0,-76.25629,0,False,False,False,266.1328,1.40625
f0rest Komplett,CounterTerrorist,688.0027,2369.879,134.2277,M4A1,100,100,0,-86.90121,0,False,False,False,266.1328,1.40625
f0rest Komplett,CounterTerrorist,688.0027,2366.982,134.3142,M4A1,100,100,0,-96.03698,0,False,False,False,266.1328,1.40625
f0rest Komplett,CounterTerrorist,688.0027,2363.825,134.4084,M4A1,100,100,0,-103.8776,0,False,False,False,266.1328,1.40625
f0rest Komplett,CounterTerrorist,688.0027,2360.445,134.5093,M4A1,100,100,0,-110.6071,0,False,False,False,266.1328,1.40625
f0rest Komplett,CounterTerrorist,688.0027,2356.873,134.616,M4A1,100,100,0,-116.3849,0,False,False,False,266.4844,1.757813
f0rest Komplett,CounterTerrorist,688.0027,2353.247,134.6973,M4A1,100,100,0,-115.1687,0,False,False,False,266.4844,1.757813
f0rest Komplett,CounterTerrorist,688.0027,2349.689,134.7386,M4A1,100,100,0,-113.1235,0,False,False,False,266.4844,2.109375
f0rest Komplett,CounterTerrorist,688.0027,2346.189,134.7582,M4A1,100,100,0,-111.3735,0,False,False,False,266.4844,2.109375
f0rest Komplett,CounterTerrorist,688.0027,2342.738,134.7776,M4A1,100,100,0,-109.8716,0,False,False,False,266.4844,2.109375
f0rest Komplett,CounterTerrorist,688.0027,2339.331,134.8159,M4A1,100,100,0,-108.5827,0,False,False,False,266.4844,2.109375
f0rest Komplett,CounterTerrorist,688.0001,2335.916,134.8352,M4A1,100,100,0,-111.2022,0,False,False,False,266.4844,2.109375
f0rest Komplett,CounterTerrorist,688.0001,2332.327,134.8549,M4A1,100,100,0,-116.902,0,False,False,False,266.4844,2.109375
f0rest Komplett,CounterTerrorist,688.0001,2328.671,134.8958,M4A1,100,100,0,-116.9997,0,False,False,False,266.4844,2.109375
f0rest Komplett,CounterTerrorist,688.0001,2325.015,134.9162,M4A1,100,100,0,-116.9997,0,False,False,False,266.4844,2.109375
f0rest Komplett,CounterTerrorist,688.0001,2321.358,134.9367,M4A1,100,100,0,-116.9997,0,False,False,False,266.4844,2.109375
f0rest Komplett,CounterTerrorist,688.0001,2317.702,134.9776,M4A1,100,100,0,-116.9996,0,False,False,False,266.1328,2.109375
f0rest Komplett,CounterTerrorist,688.0001,2314.046,134.9981,M4A1,100,100,0,-116.9995,0,False,False,False,265.7813,2.109375
f0rest Komplett,CounterTerrorist,688.0001,2310.39,135.0186,M4A1,100,100,0,-116.9995,0,False,False,False,265.7813,2.109375
f0rest Komplett,CounterTerrorist,688.0001,2306.733,135.0595,M4A1,100,100,0,-116.9995,0,False,False,False,265.7813,2.109375
f0rest Komplett,CounterTerrorist,688.0001,2303.093,135.0799,M4A1,100,100,0,-115.6898,0,False,False,False,265.7813,2.109375
f0rest Komplett,CounterTerrorist,688.0001,2299.524,135.1,M4A1,100,100,0,-113.3466,0,False,False,False,265.7813,2.109375
f0rest Komplett,CounterTerrorist,688.0001,2296.022,135.1394,M4A1,100,100,0,-111.319,0,False,False,False,265.7813,1.757813
f0rest Komplett,CounterTerrorist,688.0001,2292.578,135.1394,M4A1,100,100,0,-109.5789,0,False,False,False,265.7813,1.757813
f0rest Komplett,CounterTerrorist,688.0001,2289.138,135.1394,M4A1,100,100,0,-111.9277,0,False,False,False,265.7813,1.757813
f0rest Komplett,CounterTerrorist,688.0001,2285.533,135.1394,M4A1,100,100,0,-116.9993,0,False,False,False,265.7813,1.757813
f0rest Komplett,CounterTerrorist,688.0001,2281.979,135.1394,M4A1,100,100,0,-108.3891,0,False,False,False,265.7813,1.757813
f0rest Komplett,CounterTerrorist,688.0001,2278.897,135.1394,M4A1,100,100,0,-93.02257,0,False,False,False,265.7813,1.757813
f0rest Komplett,CounterTerrorist,688.0001,2276.253,135.1394,M4A1,100,100,0,-79.83461,0,False,False,False,265.7813,1.757813
f0rest Komplett,CounterTerrorist,688.0001,2273.985,135.1394,M4A1,100,100,0,-68.33428,0,False,False,False,265.7813,1.757813
f0rest Komplett,CounterTerrorist,688.0001,2272.079,135.1394,M4A1,100,100,0,-56.21417,0,False,False,False,265.4297,1.757813
f0rest Komplett,CounterTerrorist,688.0001,2270.576,135.1394,M4A1,100,100,0,-43.22395,0,False,False,False,265.4297,1.757813
f0rest Komplett,CounterTerrorist,688.0001,2269.479,135.1394,M4A1,100,100,0,-30.23374,0,False,False,False,265.4297,1.757813
f0rest Komplett,CounterTerrorist,688.0001,2268.788,135.1394,M4A1,100,100,0,-17.24352,0,False,False,False,265.4297,1.757813
f0rest Komplett,CounterTerrorist,688.0001,2268.503,135.1394,M4A1,100,100,0,-4.253312,0,False,False,False,265.4297,1.757813
f0rest Komplett,CounterTerrorist,688.0001,2268.505,135.1394,M4A1,100,100,0,0.4350533,0,False,False,False,265.4297,1.757813
f0rest Komplett,CounterTerrorist,688.0001,2268.538,135.1394,M4A1,100,100,0,2.925199,0,False,False,False,265.4297,1.757813
f0rest Komplett,CounterTerrorist,688.0001,2268.747,135.1394,M4A1,100,100,0,8.94526,0,False,False,False,265.4297,1.757813
f0rest Komplett,CounterTerrorist,688.0001,2269.145,135.1394,M4A1,100,100,0,14.96532,0,False,False,False,265.4297,1.757813
f0rest Komplett,CounterTerrorist,688.0001,2269.73,135.1394,M4A1,100,100,0,20.98539,0,False,False,False,265.4297,1.757813
f0rest Komplett,CounterTerrorist,688.0001,2270.503,135.1394,M4A1,100,100,0,27.00545,0,False,False,False,265.4297,1.757813
f0rest Komplett,CounterTerrorist,688.0001,2271.465,135.1394,M4A1,100,100,0,33.02552,0,False,False,False,265.4297,1.757813
f0rest Komplett,CounterTerrorist,688.0001,2272.614,135.1394,M4A1,100,100,0,39.04558,0,False,False,False,265.4297,1.757813
f0rest Komplett,CounterTerrorist,688.0001,2273.952,135.1394,M4A1,100,100,0,45.06565,0,False,False,False,265.4297,1.757813
f0rest Komplett,CounterTerrorist,688.0001,2275.478,135.1394,M4A1,100,100,0,51.08571,0,False,False,False,265.4297,1.757813
f0rest Komplett,CounterTerrorist,688.0001,2277.192,135.1394,M4A1,100,100,0,57.10578,0,False,False,False,265.4297,1.757813
f0rest Komplett,CounterTerrorist,688.0001,2279.094,135.1394,M4A1,100,100,0,63.12584,0,False,False,False,265.4297,1.757813
f0rest Komplett,CounterTerrorist,688.0001,2281.184,135.1394,M4A1,100,100,0,69.1459,0,False,False,False,265.4297,1.757813
f0rest Komplett,CounterTerrorist,688.0001,2283.463,135.1394,M4A1,100,100,0,75.16595,0,False,False,False,265.4297,1.757813
f0rest Komplett,CounterTerrorist,688.0101,2285.956,135.1394,M4A1,100,100,0.8537922,83.48814,0,False,False,False,265.4297,1.757813
f0rest Komplett,CounterTerrorist,688.0344,2288.329,135.1394,M4A1,100,100,0.732537,71.63118,0,False,False,False,265.4297,1.757813
f0rest Komplett,CounterTerrorist,688.055,2290.347,135.1394,M4A1,100,100,0.6174948,60.38176,0,False,False,False,265.4297,1.757813
f0rest Komplett,CounterTerrorist,688.072,2292.014,135.1394,M4A1,100,100,0.5024526,49.13235,0,False,False,False,265.4297,1.757813
f0rest Komplett,CounterTerrorist,688.0855,2293.33,135.1394,M4A1,100,100,0.3874103,37.88294,0,False,False,False,265.4297,1.757813
f0rest Komplett,CounterTerrorist,688.0954,2294.293,135.1394,M4A1,100,100,0.2723681,26.63353,0,False,False,False,265.4297,1.757813
f0rest Komplett,CounterTerrorist,688.1017,2294.906,135.1368,M4A1,100,100,0.1573258,15.38412,0,False,False,False,265.4297,1.40625
f0rest Komplett,CounterTerrorist,688.1043,2295.167,135.1346,M4A1,100,100,0.04228361,4.134706,0,False,False,False,265.4297,1.40625
f0rest Komplett,CounterTerrorist,688.1044,2295.177,135.1345,M4A1,100,100,0,0,0,False,False,False,265.4297,1.40625
f0rest Komplett,CounterTerrorist,688.1044,2295.177,135.1345,M4A1,100,100,0,0,0,False,False,False,265.4297,1.40625
f0rest Komplett,CounterTerrorist,688.1044,2295.177,135.1345,M4A1,100,100,0,0,0,False,False,False,265.4297,1.40625
f0rest Komplett,CounterTerrorist,688.0805,2294.865,135.1345,M4A1,100,100,-1.094805,-14.27057,0,False,False,False,265.4297,1.40625
f0rest Komplett,CounterTerrorist,688.0291,2294.195,135.1345,M4A1,100,100,-1.974473,-25.73687,0,False,False,False,265.4297,1.40625
f0rest Komplett,CounterTerrorist,688.012,2293.213,135.1532,M4A1,100,100,0,-33.24955,0,False,False,False,265.4297,1.40625
f0rest Komplett,CounterTerrorist,688.012,2292.105,135.1532,M4A1,100,100,0,-36.79066,0,False,False,False,265.4297,1.40625
f0rest Komplett,CounterTerrorist,688.012,2290.886,135.1532,M4A1,100,100,0,-40.3258,0,False,False,False,265.4297,1.40625
f0rest Komplett,CounterTerrorist,688.012,2289.557,135.1532,M4A1,100,100,0,-43.86094,0,False,False,False,265.4297,1.40625
f0rest Komplett,CounterTerrorist,688.0085,2288.102,135.1532,M4A1,100,100,-0.4428921,-49.37003,0,False,False,False,265.4297,1.40625
f0rest Komplett,CounterTerrorist,688.0018,2286.602,135.1532,M4A1,100,100,0,-43.79076,0,False,False,False,265.4297,1.40625
f0rest Komplett,CounterTerrorist,688.0018,2285.454,135.1532,M4A1,100,100,0,-32.54076,0,False,False,False,265.4297,1.40625
f0rest Komplett,CounterTerrorist,688.0018,2284.657,135.1532,M4A1,100,100,0,-21.29076,0,False,False,False,265.4297,1.40625
f0rest Komplett,CounterTerrorist,688.0018,2284.211,135.1532,M4A1,100,100,0,-10.04076,0,False,False,False,265.4297,1.40625
f0rest Komplett,CounterTerrorist,688.0018,2284.108,135.1532,M4A1,100,100,0,0,0,False,False,False,265.4297,1.40625
f0rest Komplett,CounterTerrorist,688.0018,2284.108,135.1532,M4A1,100,100,0,0,0,False,False,False,265.4297,1.40625
f0rest Komplett,CounterTerrorist,688.0018,2284.108,135.1532,M4A1,100,100,0,0,0,False,False,False,265.0781,1.40625
f0rest Komplett,CounterTerrorist,688.0018,2284.108,135.1532,M4A1,100,100,0,0,0,False,False,False,265.0781,1.40625
f0rest Komplett,CounterTerrorist,688.0018,2284.108,135.1532,M4A1,100,100,0,0,0,False,False,False,265.0781,1.40625
f0rest Komplett,CounterTerrorist,688.0018,2284.108,135.1532,M4A1,100,100,0,0,0,False,False,False,265.0781,1.40625
f0rest Komplett,CounterTerrorist,688.0018,2284.108,135.1532,M4A1,100,100,0,0,0,False,False,False,265.0781,1.40625
f0rest Komplett,CounterTerrorist,688.0018,2284.064,135.1532,M4A1,100,100,0,-5.667033,0,False,False,False,265.0781,1.40625
f0rest Komplett,CounterTerrorist,688.0018,2283.664,135.1532,M4A1,100,100,0,-17.08517,0,False,False,False,265.0781,1.40625
f0rest Komplett,CounterTerrorist,688.0018,2282.907,135.1532,M4A1,100,100,0,-28.5033,0,False,False,False,265.0781,1.40625
f0rest Komplett,CounterTerrorist,688.0018,2281.793,135.1532,M4A1,100,100,0,-39.92144,0,False,False,False,265.0781,1.40625
f0rest Komplett,CounterTerrorist,688.0018,2280.323,135.1532,M4A1,100,100,0,-51.33689,0,False,False,False,265.0781,1.40625
f0rest Komplett,CounterTerrorist,688.0018,2278.496,135.1532,M4A1,100,100,0,-62.75234,0,False,False,False,265.0781,1.40625
f0rest Komplett,CounterTerrorist,688.0018,2276.356,135.1532,M4A1,100,100,0,-68.50142,0,False,False,False,265.0781,1.40625
f0rest Komplett,CounterTerrorist,688.0018,2274.435,135.1532,M4A1,100,100,0,-57.25142,0,False,False,False,265.0781,1.40625
f0rest Komplett,CounterTerrorist,688.0018,2272.866,135.1532,M4A1,100,100,0,-46.00142,0,False,False,False,265.0781,1.40625
f0rest Komplett,CounterTerrorist,688.0018,2271.648,135.1532,M4A1,100,100,0,-34.75142,0,False,False,False,265.0781,1.40625
f0rest Komplett,CounterTerrorist,688.0018,2270.782,135.1532,M4A1,100,100,0,-23.50142,0,False,False,False,265.0781,1.40625
f0rest Komplett,CounterTerrorist,688.0018,2270.267,135.1532,M4A1,100,100,0,-12.25142,0,False,False,False,264.7266,1.40625
f0rest Komplett,CounterTerrorist,688.0018,2270.104,135.1532,M4A1,100,100,0,-1.001419,0,False,False,False,264.7266,1.40625
f0rest Komplett,CounterTerrorist,688.0018,2270.104,135.1532,M4A1,100,100,0,0,0,False,False,False,264.7266,1.40625
f0rest Komplett,CounterTerrorist,688.0018,2270.104,135.1532,M4A1,100,100,0,0,0,False,False,False,264.7266,1.40625
f0rest Komplett,CounterTerrorist,688.0018,2270.104,135.1532,M4A1,100,100,0,0,0,False,False,False,264.7266,1.40625
f0rest Komplett,CounterTerrorist,688.0018,2270.104,135.1532,M4A1,100,100,0,0,0,False,False,False,264.7266,1.40625
f0rest Komplett,CounterTerrorist,688.0018,2270.104,135.1532,M4A1,100,100,0,0,0,False,False,False,264.7266,1.40625
f0rest Komplett,CounterTerrorist,688.0018,2270.104,135.1532,M4A1,100,100,0,0,0,False,False,False,264.7266,1.40625
f0rest Komplett,CounterTerrorist,688.0057,2270.148,135.1532,M4A1,100,100,0.5055683,5.664985,0,False,False,False,264.7266,1.40625
f0rest Komplett,CounterTerrorist,688.0415,2270.549,135.15,M4A1,100,100,1.527817,17.11946,0,False,False,False,264.7266,1.40625
f0rest Komplett,CounterTerrorist,688.1092,2271.308,135.1427,M4A1,63,87,2.550065,28.57394,0,False,False,False,264.7266,1.40625
f0rest Komplett,CounterTerrorist,688.2089,2272.425,135.132,M4A1,63,87,3.572313,40.02841,0,False,False,False,264.7266,1.40625
f0rest Komplett,CounterTerrorist,688.3405,2273.899,135.1178,M4A1,63,87,4.594562,51.48289,0,False,False,False,264.7266,1.40625
f0rest Komplett,CounterTerrorist,688.5043,2275.732,135.1002,M4A1,63,87,5.639934,62.93528,0,False,False,False,264.7266,1.40625
f0rest Komplett,CounterTerrorist,688.6727,2277.912,135.0821,M4A1,63,87,2.808456,73.17551,0,False,False,False,263.3203,1.40625
f0rest Komplett,CounterTerrorist,688.4949,2280.332,135.1012,M4A1,63,87,-10.36917,80.0257,0,False,False,False,259.8047,1.757813
f0rest Komplett,CounterTerrorist,688.0313,2282.974,135.1511,M4A1,63,87,0,87.3445,0,False,False,False,251.7188,2.460938
f0rest Komplett,CounterTerrorist,688.0128,2285.851,135.1511,M4A1,63,87,0,94.84102,0,False,False,False,245.7422,2.460938
f0rest Komplett,CounterTerrorist,688.0128,2288.948,135.1511,M4A1,63,87,0,101.4637,0,False,False,False,246.7969,2.109375
f0rest Komplett,CounterTerrorist,688.1587,2292.234,135.1374,M4A1,63,87,7.056842,107.3807,0,False,False,False,253.125,2.109375
f0rest Komplett,CounterTerrorist,688.4628,2295.702,135.092,M4A1,63,87,10.98306,113.079,0,False,False,False,258.75,2.109375
f0rest Komplett,CounterTerrorist,688.8427,2299.318,135.0241,M4A1,63,87,12.54319,116.3257,0,False,False,False,261.9141,2.109375
f0rest Komplett,CounterTerrorist,689.2419,2302.952,134.9539,M4A1,63,87,12.87674,116.2892,0,False,False,False,262.9688,1.757813
f0rest Komplett,CounterTerrorist,689.6488,2306.586,134.883,M4A1,63,87,13.1022,116.2641,0,False,False,False,262.9688,1.757813
f0rest Komplett,CounterTerrorist,690.0624,2310.219,134.8113,M4A1,63,87,13.31232,116.2402,0,False,False,False,262.9688,1.40625
f0rest Komplett,CounterTerrorist,690.4811,2313.851,134.7392,M4A1,63,87,13.44035,116.2254,0,False,False,False,262.9688,1.40625
f0rest Komplett,CounterTerrorist,690.9021,2317.483,134.6667,M4A1,63,87,13.47578,116.2213,0,False,False,False,263.3203,1.40625
f0rest Komplett,CounterTerrorist,691.3221,2321.115,134.5944,M4A1,63,87,13.40904,116.2291,0,False,False,False,263.6719,1.054688
f0rest Komplett,CounterTerrorist,691.7061,2324.747,134.526,M4A1,63,87,9.164179,116.2787,0,False,False,False,264.375,1.054688
f0rest Komplett,CounterTerrorist,691.6932,2328.382,134.5002,M4A1,63,87,-5.889427,116.321,0,False,False,False,265.0781,1.054688
f0rest Komplett,CounterTerrorist,691.2516,2332.007,134.5207,M4A1,63,87,-18.78419,115.4823,0,False,False,False,265.0781,1.054688
f0rest Komplett,CounterTerrorist,690.4512,2335.573,134.5803,M4A1,63,87,-29.45256,113.2323,0,False,False,False,265.0781,1.054688
f0rest Komplett,CounterTerrorist,689.3033,2338.991,134.6784,M4A1,63,87,-42.65765,104.6464,0,False,False,False,265.0781,1.054688
f0rest Komplett,CounterTerrorist,688.0313,2342.002,134.7929,M4A1,63,87,0,91.65146,0,False,False,False,265.0781,1.054688
f0rest Komplett,CounterTerrorist,688.0313,2344.607,134.7735,M4A1,63,87,0,78.65791,0,False,False,False,265.4297,0.703125
f0rest Komplett,CounterTerrorist,688.0313,2346.841,134.7568,M4A1,63,87,0,67.24418,0,False,False,False,265.4297,0.703125
f0rest Komplett,CounterTerrorist,688.0313,2348.723,134.7428,M4A1,63,87,0,55.99418,0,False,False,False,265.4297,0.703125
f0rest Komplett,CounterTerrorist,688.0313,2350.253,134.7313,M4A1,63,87,0,44.74418,0,False,False,False,265.4297,0.703125
f0rest Komplett,CounterTerrorist,688.0212,2351.299,134.7246,M4A1,63,87,-0.8451207,22.15401,0,False,False,False,265.4297,0.703125
f0rest Komplett,CounterTerrorist,688.0012,2351.374,134.7246,M4A1,63,87,0,-6.045148,0,False,False,False,265.4297,0.703125
f0rest Komplett,CounterTerrorist,688.0012,2350.962,134.7246,M4A1,63,87,0,-17.47606,0,False,False,False,265.4297,0.703125
f0rest Komplett,CounterTerrorist,688.0012,2350.193,134.7246,M4A1,63,87,0,-28.90698,0,False,False,False,265.4297,0.703125
f0rest Komplett,CounterTerrorist,688.0012,2349.066,134.7411,M4A1,63,87,0,-40.3379,0,False,False,False,265.4297,0.703125
f0rest Komplett,CounterTerrorist,688.0012,2347.582,134.7411,M4A1,63,87,0,-51.76883,0,False,False,False,265.4297,0.703125
f0rest Komplett,CounterTerrorist,688.0012,2345.741,134.7577,M4A1,63,87,0,-63.19851,0,False,False,False,265.4297,0.3515625
f0rest Komplett,CounterTerrorist,688.0012,2343.543,134.7761,M4A1,63,87,0,-74.62695,0,False,False,False,265.4297,0.3515625
f0rest Komplett,CounterTerrorist,688.0012,2340.996,134.7938,M4A1,63,87,0,-85.46764,0,False,False,False,265.4297,0.3515625
f0rest Komplett,CounterTerrorist,688.0012,2338.139,134.8141,M4A1,63,87,0,-94.78087,0,False,False,False,265.0781,0.3515625
f0rest Komplett,CounterTerrorist,688.0012,2335.018,134.8483,M4A1,63,87,0,-102.7669,0,False,False,False,265.0781,0.3515625
f0rest Komplett,CounterTerrorist,688.0012,2331.67,134.8669,M4A1,63,87,0,-109.6102,0,False,False,False,264.7266,0.3515625
f0rest Komplett,CounterTerrorist,688.0012,2328.128,134.8863,M4A1,63,87,0,-115.4723,0,False,False,False,264.375,0.3515625
f0rest Komplett,CounterTerrorist,688.0012,2324.474,134.927,M4A1,63,87,0,-116.999,0,False,False,False,264.375,0.3515625
f0rest Komplett,CounterTerrorist,688.0012,2320.817,134.9474,M4A1,63,87,0,-116.999,0,False,False,False,264.375,0.3515625
f0rest Komplett,CounterTerrorist,688.0012,2317.161,134.9679,M4A1,63,87,0,-116.999,0,False,False,False,264.375,0.3515625
f0rest Komplett,CounterTerrorist,688.0012,2313.505,135.0088,M4A1,63,87,0,-116.999,0,False,False,False,264.375,0.3515625
f0rest Komplett,CounterTerrorist,688.0012,2309.849,135.0293,M4A1,63,87,0,-116.999,0,False,False,False,264.375,0.3515625
f0rest Komplett,CounterTerrorist,688.0012,2306.192,135.0497,M4A1,63,87,0,-116.999,0,False,False,False,264.375,0.3515625
f0rest Komplett,CounterTerrorist,688.0012,2302.866,135.0882,M4A1,63,87,0,-100.4119,0,False,False,False,264.375,0.3515625
f0rest Komplett,CounterTerrorist,688.0012,2300.012,135.1045,M4A1,63,87,0,-86.17633,0,False,False,False,264.375,0.3515625
f0rest Komplett,CounterTerrorist,688.0012,2297.562,135.1235,M4A1,63,87,0,-73.95898,0,False,False,False,264.0234,0.3515625
f0rest Komplett,CounterTerrorist,688.0012,2295.47,135.1398,M4A1,63,87,0,-62.70898,0,False,False,False,263.3203,0.703125
f0rest Komplett,CounterTerrorist,688.0012,2293.73,135.1398,M4A1,63,87,0,-51.45898,0,False,False,False,262.6172,0.703125
f0rest Komplett,CounterTerrorist,688.0012,2291.901,135.1398,M4A1,63,87,0,-62.75931,0,False,False,False,262.2656,0.703125
f0rest Komplett,CounterTerrorist,688.0012,2289.72,135.1398,M4A1,63,87,0,-74.01352,0,False,False,False,261.2109,0.703125
f0rest Komplett,CounterTerrorist,688.0012,2287.194,135.1398,M4A1,63,87,0,-84.69865,0,False,False,False,260.1563,1.054688
f0rest Komplett,CounterTerrorist,688.0012,2284.365,135.1398,M4A1,63,87,0,-93.83257,0,False,False,False,259.1016,1.40625
f0rest Komplett,CounterTerrorist,688.0012,2281.278,135.1398,M4A1,63,87,0,-101.6056,0,False,False,False,258.3984,1.40625
f0rest Komplett,CounterTerrorist,688.0012,2277.971,135.1398,M4A1,63,87,0,-108.2428,0,False,False,False,258.0469,1.054688
f0rest Komplett,CounterTerrorist,688.0012,2274.475,135.1398,M4A1,63,87,0,-113.9361,0,False,False,False,258.0469,1.054688
f0rest Komplett,CounterTerrorist,688.0012,2270.837,135.1398,M4A1,63,87,0,-116.9942,0,False,False,False,258.0469,1.054688
f0rest Komplett,CounterTerrorist,688.0012,2267.282,135.1398,M4A1,63,87,0,-108.3842,0,False,False,False,258.0469,1.054688
f0rest Komplett,CounterTerrorist,688.0012,2264.201,135.1398,M4A1,63,87,0,-93.01839,0,False,False,False,257.6953,1.054688
f0rest Komplett,CounterTerrorist,688.0012,2261.556,135.1398,M4A1,63,87,0,-79.83104,0,False,False,False,256.9922,1.054688
f0rest Komplett,CounterTerrorist,688.0012,2259.288,135.1398,M4A1,63,87,0,-68.33097,0,False,False,False,256.6406,1.054688
f0rest Komplett,CounterTerrorist,688.0012,2257.372,135.1398,M4A1,63,87,0,-57.08097,0,False,False,False,255.9375,1.054688
f0rest Komplett,CounterTerrorist,688.0012,2255.808,135.139,M4A1,63,87,0,-45.83097,0,False,False,False,254.8828,1.054688
f0rest Komplett,CounterTerrorist,688.0012,2254.167,135.1349,M4A1,63,87,0,-56.51862,0,False,False,False,254.1797,1.054688
f0rest Komplett,CounterTerrorist,688.0012,2252.193,135.13,M4A1,63,87,0,-67.11647,0,False,False,False,253.4766,1.054688
f0rest Komplett,CounterTerrorist,688.0012,2249.891,135.1243,M4A1,63,87,0,-77.60599,0,False,False,False,252.4219,1.054688
f0rest Komplett,CounterTerrorist,688.0012,2247.096,135.1173,M4A1,63,87,0,-98.45573,0,False,False,False,251.3672,1.40625
f0rest Komplett,CounterTerrorist,688.0012,2243.597,135.1086,M4A1,63,87,0,-119.656,0,False,False,False,250.3125,1.40625
f0rest Komplett,CounterTerrorist,688.0012,2239.5,135.0984,M4A1,63,87,0,-137.599,0,False,False,False,249.2578,1.40625
f0rest Komplett,CounterTerrorist,688.0012,2234.898,135.087,M4A1,63,87,0,-152.7178,0,False,False,False,247.8516,1.40625
f0rest Komplett,CounterTerrorist,688.0012,2229.873,135.0745,M4A1,63,87,0,-165.3689,0,False,False,False,246.7969,1.40625
f0rest Komplett,CounterTerrorist,688.0012,2224.496,135.0611,M4A1,63,87,0,-175.8397,0,False,False,False,245.0391,1.40625
f0rest Komplett,CounterTerrorist,688.0012,2218.831,135.047,M4A1,63,87,0,-184.3084,0,False,False,False,242.9297,1.40625
f0rest Komplett,CounterTerrorist,688.0012,2212.939,135.0324,M4A1,63,87,0,-190.8505,0,False,False,False,240.4688,1.40625
f0rest Komplett,CounterTerrorist,688.0012,2207.07,135.0178,M4A1,63,87,0,-179.2588,0,False,False,False,238.0078,1.40625
f0rest Komplett,CounterTerrorist,688.0012,2201.974,135.0004,M4A1,63,87,0,-153.845,0,False,False,False,235.1953,1.40625
f0rest Komplett,CounterTerrorist,688.0012,2197.6,134.9025,M4A1,63,87,0,-132.0342,0,False,False,False,232.7344,1.40625
f0rest Komplett,CounterTerrorist,688.1763,2193.701,134.7892,M4A1,63,87,14.8435,-125.6794,0,False,False,False,229.9219,1.40625
f0rest Komplett,CounterTerrorist,689.1548,2189.639,134.5527,M4A1,63,87,40.54798,-132.5882,0,False,False,False,227.4609,1.40625
f0rest Komplett,CounterTerrorist,690.8426,2185.358,134.2058,M4A1,63,87,61.51298,-139.6962,0,False,False,False,224.6484,1.40625
f0rest Komplett,CounterTerrorist,693.1035,2180.852,133.7687,M4A1,63,87,78.37428,-146.9157,0,False,False,False,222.5391,1.40625
f0rest Komplett,CounterTerrorist,695.8251,2176.123,133.2581,M4A1,63,87,91.97076,-153.9157,0,False,False,False,221.1328,1.757813
f0rest Komplett,CounterTerrorist,698.9179,2171.182,132.6875,M4A1,63,87,102.8597,-160.5963,0,False,False,False,219.375,1.757813
f0rest Komplett,CounterTerrorist,702.3056,2166.038,132.0685,M4A1,63,87,111.458,-166.9405,0,False,False,False,217.9688,2.109375
f0rest Komplett,CounterTerrorist,705.9216,2160.702,131.4113,M4A1,63,87,118.0124,-173.0231,0,False,False,False,216.211,2.109375
f0rest Komplett,CounterTerrorist,709.7059,2155.18,130.7249,M4A1,63,87,122.7217,-178.9097,0,False,False,False,214.4531,2.109375
f0rest Komplett,CounterTerrorist,713.6074,2149.479,130.017,M4A1,63,87,125.9733,-184.5049,0,False,False,False,213.3984,2.109375
f0rest Komplett,CounterTerrorist,717.5581,2143.664,129.8828,M4A1,63,87,126.1777,-186.2906,0,False,False,False,212.6953,2.109375
f0rest Komplett,CounterTerrorist,721.4857,2137.832,129.8127,M4A1,63,87,125.374,-186.8325,0,False,False,False,212.3437,2.109375
f0rest Komplett,CounterTerrorist,725.3847,2131.98,129.7417,M4A1,63,87,124.3811,-187.4949,0,False,False,False,211.6406,2.109375
f0rest Komplett,CounterTerrorist,729.2487,2126.106,129.6576,M4A1,63,87,123.1735,-188.2905,0,False,False,False,210.5859,2.109375
f0rest Komplett,CounterTerrorist,733.0692,2120.203,129.5467,M4A1,63,87,121.6667,-189.2676,0,False,False,False,209.5313,2.109375
f0rest Komplett,CounterTerrorist,736.838,2114.267,129.4341,M4A1,63,87,119.9614,-190.353,0,False,False,False,209.1797,1.757813
f0rest Komplett,CounterTerrorist,740.0301,2109.249,129.5631,M4A1,63,87,89.17376,-138.4907,0,False,False,False,208.8281,1.757813
f0rest Komplett,CounterTerrorist,742.2062,2105.96,129.6629,M4A1,63,87,58.49752,-86.30312,0,False,False,False,208.8281,1.757813
f0rest Komplett,CounterTerrorist,743.5084,2104.157,129.7226,M4A1,63,87,31.94098,-41.20308,0,False,False,False,208.8281,1.757813
f0rest Komplett,CounterTerrorist,743.9894,2103.707,129.7385,M4A1,63,87,5.105319,1.308024,0,False,False,False,209.1797,1.757813
f0rest Komplett,CounterTerrorist,743.7324,2104.273,129.733,M4A1,63,87,-13.79071,27.13861,0,False,False,False,209.1797,1.757813
f0rest Komplett,CounterTerrorist,743.0242,2105.596,129.7007,M4A1,63,87,-27.98539,51.4287,0,False,False,False,209.8828,1.757813
f0rest Komplett,CounterTerrorist,741.8662,2107.672,129.6477,M4A1,63,87,-42.57188,75.27965,0,False,False,False,211.289,1.40625
f0rest Komplett,CounterTerrorist,740.2574,2110.437,129.5741,M4A1,63,87,-56.71251,95.87587,0,False,False,False,213.3984,1.40625
f0rest Komplett,CounterTerrorist,738.227,2113.773,129.4811,M4A1,63,87,-69.79746,112.92,0,False,False,False,215.1563,1.40625
f0rest Komplett,CounterTerrorist,735.8086,2117.583,129.5136,M4A1,63,87,-81.80203,126.9994,0,False,False,False,216.5625,1.40625
f0rest Komplett,CounterTerrorist,733.0374,2121.785,129.5917,M4A1,63,87,-92.66052,138.6706,0,False,False,False,217.6172,1.40625
f0rest Komplett,CounterTerrorist,729.9487,2126.312,129.6743,M4A1,63,87,-102.3954,148.3682,0,False,False,False,217.9688,1.40625
f0rest Komplett,CounterTerrorist,726.5773,2131.11,129.7405,M4A1,63,87,-111.0646,156.4431,0,False,False,False,218.6719,1.40625
f0rest Komplett,CounterTerrorist,722.9507,2136.131,129.7971,M4A1,63,87,-118.9554,163.0083,0,False,False,False,219.7266,1.40625
f0rest Komplett,CounterTerrorist,719.0912,2141.331,129.8542,M4A1,63,87,-126.1408,168.2982,0,False,False,False,220.4297,1.40625
f0rest Komplett,CounterTerrorist,715.1866,2146.731,129.915,M4A1,63,87,-118.5863,177.2677,0,False,False,False,221.1328,1.40625
f0rest Komplett,CounterTerrorist,711.8651,2152.51,130.344,M4A1,63,87,-99.28374,189.2678,0,False,False,False,221.1328,1.40625
f0rest Komplett,CounterTerrorist,709.0912,2158.629,130.8935,M4A1,63,87,-82.78268,199.5709,0,False,False,False,221.4844,1.40625
f0rest Komplett,CounterTerrorist,706.7816,2165.042,131.3806,M4A1,63,87,-68.93497,208.4321,0,False,False,False,222.1875,1.40625
f0rest Komplett,CounterTerrorist,704.7884,2171.664,136.1766,M4A1,63,87,-63.06985,212.3948,286.3684,False,False,False,223.5938,1.757813
f0rest Komplett,CounterTerrorist,702.8174,2178.302,144.735,M4A1,63,87,-63.06985,212.3948,261.3684,False,False,False,224.6484,2.109375
f0rest Komplett,CounterTerrorist,700.8465,2184.94,152.5121,M4A1,63,87,-63.06985,212.3948,236.3684,False,False,False,226.0547,2.8125
f0rest Komplett,CounterTerrorist,698.8755,2191.577,159.5081,M4A1,63,87,-63.06985,212.3948,211.3684,False,False,False,228.5156,3.515625
f0rest Komplett,CounterTerrorist,696.9046,2198.215,165.7227,M4A1,63,87,-63.06985,212.3948,186.3684,False,False,False,230.625,4.21875
f0rest Komplett,CounterTerrorist,694.9337,2204.853,171.1561,M4A1,63,87,-63.06985,212.3948,161.3684,False,False,False,232.0313,4.921875
f0rest Komplett,CounterTerrorist,692.9627,2211.49,175.8083,M4A1,63,87,-63.06985,212.3948,136.3684,False,False,False,233.4375,4.921875
f0rest Komplett,CounterTerrorist,690.9918,2218.128,179.6792,M4A1,63,87,-63.06985,212.3948,111.3684,False,False,False,236.25,4.921875
f0rest Komplett,CounterTerrorist,689.0208,2224.766,182.7689,M4A1,63,87,-63.06985,212.3948,86.36838,False,False,False,239.7656,4.921875
f0rest Komplett,CounterTerrorist,688.0313,2231.403,185.0773,M4A1,63,87,0,212.3948,61.36838,False,False,False,244.6875,5.273438
f0rest Komplett,CounterTerrorist,688.0313,2238.041,186.6044,M4A1,63,87,0,212.3948,36.36838,False,False,False,248.9063,5.976563
f0rest Komplett,CounterTerrorist,688.0313,2244.679,187.3503,M4A1,63,87,0,212.3948,11.36838,False,False,False,249.6094,5.976563
f0rest Komplett,CounterTerrorist,688.0313,2251.316,187.315,M4A1,63,87,0,212.3948,-13.63162,False,False,False,249.6094,5.976563
f0rest Komplett,CounterTerrorist,688.0313,2257.954,186.4984,M4A1,63,87,0,212.3948,-38.63162,False,False,False,249.6094,5.976563
f0rest Komplett,CounterTerrorist,688.0313,2264.592,184.9006,M4A1,63,87,0,212.3948,-63.63162,False,False,False,249.6094,5.976563
f0rest Komplett,CounterTerrorist,688.0313,2271.229,182.5215,M4A1,63,87,0,212.3948,-88.63162,False,False,False,249.6094,5.976563
f0rest Komplett,CounterTerrorist,688.0313,2277.867,179.3611,M4A1,63,87,0,212.3948,-113.6316,False,False,False,249.6094,5.976563
f0rest Komplett,CounterTerrorist,688.0313,2284.505,175.4196,M4A1,63,87,0,212.3948,-138.6316,False,False,False,249.6094,5.976563
f0rest Komplett,CounterTerrorist,688.0313,2291.143,170.6967,M4A1,63,87,0,212.3948,-163.6316,False,False,False,250.3125,5.976563
f0rest Komplett,CounterTerrorist,688.0313,2297.78,165.1926,M4A1,63,87,0,212.3948,-188.6316,False,False,False,252.0703,5.976563
f0rest Komplett,CounterTerrorist,688.0313,2304.418,158.9073,M4A1,63,87,0,212.3948,-213.6316,False,False,False,253.4766,5.625
f0rest Komplett,CounterTerrorist,688.0313,2311.056,151.8407,M4A1,63,87,0,212.3948,-238.6316,False,False,False,255.5859,5.273438
f0rest Komplett,CounterTerrorist,688.0313,2317.693,143.9929,M4A1,63,87,0,212.3948,-263.6316,False,False,False,256.9922,4.921875
f0rest Komplett,CounterTerrorist,688.0313,2324.331,135.3638,M4A1,63,87,0,212.3948,0,False,False,False,258.0469,4.921875
f0rest Komplett,CounterTerrorist,688.0313,2329.232,134.8882,M4A1,63,87,0,147.9715,0,False,False,False,259.1016,4.570313
f0rest Komplett,CounterTerrorist,688.0387,2332.862,134.8603,M4A1,63,87,0.9532878,93.00886,0,False,False,False,260.1563,4.21875
f0rest Komplett,CounterTerrorist,688.1349,2335.894,134.8273,Flash,63,87,4.284097,100.0106,0,False,False,False,260.8594,3.867188
f0rest Komplett,CounterTerrorist,688.3223,2339.16,134.7828,Flash,63,87,6.942371,107.0844,0,False,False,False,261.5625,3.867188
f0rest Komplett,CounterTerrorist,688.5801,2342.628,134.7291,Flash,63,87,8.966923,113.1933,0,False,False,False,262.2656,3.515625
f0rest Komplett,CounterTerrorist,688.8929,2346.27,134.6683,Flash,63,87,10.59588,118.4512,0,False,False,False,262.2656,3.515625
f0rest Komplett,CounterTerrorist,689.2513,2350.061,134.6014,Smoke,63,87,11.95665,122.9687,0,False,False,False,262.2656,3.515625
f0rest Komplett,CounterTerrorist,689.6461,2353.98,134.4495,Smoke,63,87,12.99105,126.7359,0,False,False,False,262.6172,3.515625
f0rest Komplett,CounterTerrorist,690.0604,2357.94,134.2675,Smoke,63,87,13.40887,126.6924,0,False,False,False,262.9688,3.515625
f0rest Komplett,CounterTerrorist,690.4865,2361.898,134.0838,Smoke,63,87,13.76056,126.6547,0,False,False,False,262.9688,3.515625
f0rest Komplett,CounterTerrorist,690.9225,2365.856,133.8986,Smoke,63,87,14.0618,126.6216,0,False,False,False,262.9688,3.515625
f0rest Komplett,CounterTerrorist,691.4227,2370.256,133.6903,Smoke,63,87,17.11852,148.8773,0,False,False,False,262.9688,3.515625
f0rest Komplett,CounterTerrorist,692.0099,2375.288,133.4497,Smoke,63,87,19.74189,167.9778,0,False,False,False,262.9688,3.515625
f0rest Komplett,CounterTerrorist,692.6716,2380.864,133.1815,Smoke,63,87,21.99334,184.3704,0,False,False,False,262.9688,3.515625
f0rest Komplett,CounterTerrorist,693.3974,2386.906,132.8895,Smoke,63,87,23.92559,198.439,0,False,False,False,262.9688,3.515625
f0rest Komplett,CounterTerrorist,694.1783,2393.347,132.5771,Smoke,63,87,25.59861,210.5112,0,False,False,False,262.6172,3.164063
f0rest Komplett,CounterTerrorist,695.0077,2400.132,132.2469,Smoke,63,87,27.07531,220.8668,0,False,False,False,262.6172,3.164063
f0rest Komplett,CounterTerrorist,695.8787,2407.21,131.9016,Smoke,63,87,28.31382,229.7579,0,False,False,False,262.9688,3.515625
f0rest Komplett,CounterTerrorist,696.783,2414.542,131.5437,Smoke,63,87,29.26397,237.4026,0,False,False,False,262.9688,3.515625
f0rest Komplett,CounterTerrorist,697.7091,2422.086,131.176,Smoke,63,87,29.75012,243.187,0,False,False,False,263.3203,3.515625
f0rest Komplett,CounterTerrorist,698.6281,2429.687,130.8581,Smoke,63,87,29.13703,243.2612,0,False,False,False,264.375,3.515625
f0rest Komplett,CounterTerrorist,699.5173,2437.291,130.7213,Smoke,63,87,27.99274,243.3956,0,False,False,False,265.4297,3.164063
f0rest Komplett,CounterTerrorist,700.3676,2444.9,130.5905,Smoke,63,87,26.76338,243.5338,0,False,False,False,265.4297,3.164063
f0rest Komplett,CounterTerrorist,701.183,2452.513,130.465,Smoke,63,87,25.71349,243.6469,0,False,False,False,265.4297,3.164063
f0rest Komplett,CounterTerrorist,701.9686,2460.129,130.3441,Smoke,63,87,24.81566,243.74,0,False,False,False,265.4297,3.164063
f0rest Komplett,CounterTerrorist,702.7288,2467.747,130.2272,Smoke,63,87,24.0471,243.817,0,False,False,False,265.4297,3.164063
f0rest Komplett,CounterTerrorist,703.4672,2475.368,130.1136,Smoke,63,87,23.38874,243.8811,0,False,False,False,265.4297,3.164063
f0rest Komplett,CounterTerrorist,704.1849,2482.99,130.0032,Smoke,63,87,22.70142,243.946,0,False,False,False,265.7813,3.164063
f0rest Komplett,CounterTerrorist,704.8796,2490.615,129.8963,Smoke,63,87,21.95688,244.0141,0,False,False,False,265.7813,3.515625
f0rest Komplett,CounterTerrorist,705.5524,2498.241,129.7928,Smoke,63,87,21.26971,244.075,0,False,False,False,266.1328,3.515625
f0rest Komplett,CounterTerrorist,705.6228,2505.784,129.7697,Smoke,63,87,-8.646177,239.7781,0,False,False,False,266.8359,3.515625
f0rest Komplett,CounterTerrorist,704.8336,2513.197,129.9034,Smoke,63,87,-34.78941,235.6677,0,False,False,False,267.8906,3.515625
f0rest Komplett,CounterTerrorist,703.2905,2520.483,130.1408,Smoke,63,87,-57.78084,231.6221,0,False,False,False,268.9453,3.515625
f0rest Komplett,CounterTerrorist,701.0823,2527.642,130.4805,Smoke,63,87,-78.07478,227.6055,0,False,False,False,270,3.515625
f0rest Komplett,CounterTerrorist,698.2856,2534.676,130.6586,Smoke,63,87,-96.07314,223.5718,0,False,False,False,271.0547,3.867188
f0rest Komplett,CounterTerrorist,694.9768,2541.571,130.8606,Smoke,63,87,-111.2035,218.3089,0,False,False,False,271.7578,3.867188
f0rest Komplett,CounterTerrorist,691.3156,2548.294,131.1043,Smoke,63,87,-116.2114,215.6847,0,False,False,False,272.4609,3.867188
f0rest Komplett,CounterTerrorist,687.9942,2555.191,131.3076,Smoke,63,87,-100.6285,223.3806,0,False,False,False,272.8125,3.867188
f0rest Komplett,CounterTerrorist,685.1136,2562.284,131.4611,Smoke,63,87,-87.38374,228.8866,0,False,False,False,273.5156,3.867188
f0rest Komplett,CounterTerrorist,682.6053,2569.517,131.6233,Smoke,63,87,-76.25395,232.8311,0,False,False,False,273.8672,3.867188
f0rest Komplett,CounterTerrorist,680.4054,2576.85,131.7507,Smoke,63,87,-67.12672,235.6247,0,False,False,False,274.5703,3.867188
f0rest Komplett,CounterTerrorist,678.4689,2584.037,131.852,Smoke,63,87,-58.59955,219.2744,0,False,False,False,274.9219,3.867188
f0rest Komplett,CounterTerrorist,676.803,2590.271,131.9384,Smoke,63,87,-50.29181,188.1875,0,False,False,False,275.9766,3.867188
f0rest Komplett,CounterTerrorist,675.3733,2595.62,132.0125,Smoke,63,87,-43.16187,161.5079,0,False,False,False,276.6797,3.867188
f0rest Komplett,CounterTerrorist,673.9794,2600.342,132.0921,Smoke,63,87,-47.87364,147.0483,0,False,False,False,277.0313,3.867188
f0rest Komplett,CounterTerrorist,672.442,2604.432,132.1967,Smoke,63,87,-48.59988,117.7659,0,False,False,False,277.7344,3.867188
f0rest Komplett,CounterTerrorist,670.7243,2608.023,132.6728,Smoke,63,87,-58.5547,113.1464,0,False,False,False,278.4375,3.867188
f0rest Komplett,CounterTerrorist,668.5349,2611.62,133.7675,Smoke,63,87,-79.1319,118.1839,0,False,False,False,278.7891,4.21875
f0rest Komplett,CounterTerrorist,665.6334,2615.455,135.2182,Smoke,63,87,-100.6899,125.2574,0,False,False,False,279.1406,4.21875
f0rest Komplett,CounterTerrorist,662.5142,2619.201,136.7778,Smoke,63,87,-94.17015,113.0855,0,False,False,False,279.4922,4.21875
f0rest Komplett,CounterTerrorist,659.9159,2622.217,138.077,Smoke,63,87,-84.71238,95.15551,0,False,False,False,279.8438,4.21875
f0rest Komplett,CounterTerrorist,657.1962,2625.124,139.4369,Smoke,63,87,-88.34039,91.79724,0,False,False,False,280.1953,4.21875
f0rest Komplett,CounterTerrorist,654.3749,2627.933,140.8475,Smoke,63,87,-91.37481,88.77728,0,False,False,False,280.5469,4.21875
f0rest Komplett,CounterTerrorist,651.469,2630.654,142.3004,Smoke,63,87,-93.90629,86.0951,0,False,False,False,280.8984,4.21875
f0rest Komplett,CounterTerrorist,648.4923,2633.298,143.7888,Smoke,63,87,-96.01357,83.73859,0,False,False,False,281.25,4.21875
f0rest Komplett,CounterTerrorist,645.4564,2635.873,145.3067,Smoke,63,87,-97.7986,81.64674,0,False,False,False,281.6016,4.21875
f0rest Komplett,CounterTerrorist,642.3691,2638.387,146.8504,Smoke,63,87,-99.36665,79.73098,0,False,False,False,282.3047,4.570313
f0rest Komplett,CounterTerrorist,639.2358,2640.843,148.417,Smoke,63,87,-100.7904,77.92332,0,False,False,False,283.0078,4.921875
f0rest Komplett,CounterTerrorist,635.9545,2642.958,150.0576,Smoke,63,87,-107.389,61.77495,0,False,False,False,284.0625,4.921875
f0rest Komplett,CounterTerrorist,632.488,2644.604,151.7909,Smoke,63,87,-112.9319,47.44716,0,False,False,False,285.4688,5.273438
f0rest Komplett,CounterTerrorist,628.8668,2645.833,153.6015,Smoke,63,87,-117.5414,34.62764,0,False,False,False,286.875,5.273438
f0rest Komplett,CounterTerrorist,625.1179,2646.687,155.476,Smoke,63,87,-121.3112,23.02839,0,False,False,False,288.6328,5.625
f0rest Komplett,CounterTerrorist,621.2664,2647.196,157.4017,Smoke,63,87,-124.3215,12.4213,0,False,False,False,290.3906,5.625
f0rest Komplett,CounterTerrorist,617.3337,2647.393,159.3681,Smoke,63,87,-126.6862,2.741561,0,False,False,False,292.1484,5.976563
f0rest Komplett,CounterTerrorist,613.3558,2647.304,160.0313,Smoke,63,87,-127.2549,-6.078903,0,False,False,False,293.5547,5.976563
f0rest Komplett,CounterTerrorist,609.3904,2646.957,160.0313,Smoke,63,87,-126.6248,-14.03271,0,False,False,False,295.3125,6.328125
f0rest Komplett,CounterTerrorist,605.4519,2646.378,160.0313,Smoke,63,87,-125.6386,-21.11178,0,False,False,False,296.3672,6.328125
f0rest Komplett,CounterTerrorist,601.549,2645.594,160.0313,Smoke,63,87,-124.4212,-27.38847,0,False,False,False,297.4219,6.328125
f0rest Komplett,CounterTerrorist,597.6872,2644.627,160.0313,Smoke,63,87,-123.0595,-32.97142,0,False,False,False,298.4766,6.679688
f0rest Komplett,CounterTerrorist,593.8694,2643.5,160.0313,Smoke,63,87,-121.6326,-37.89798,0,False,False,False,299.1797,6.679688
f0rest Komplett,CounterTerrorist,590.0964,2642.229,160.0313,Smoke,63,87,-120.1915,-42.24649,0,False,False,False,299.8828,7.03125
f0rest Komplett,CounterTerrorist,586.3682,2640.833,160.0313,Smoke,63,87,-118.7703,-46.09098,0,False,False,False,300.5859,7.03125
f0rest Komplett,CounterTerrorist,582.6837,2639.325,160.0313,Smoke,63,87,-117.3897,-49.50169,0,False,False,False,301.2891,7.03125
f0rest Komplett,CounterTerrorist,579.0414,2637.718,160.0313,Smoke,63,87,-116.0564,-52.55152,0,False,False,False,302.3438,7.03125
f0rest Komplett,CounterTerrorist,575.4404,2636.02,160.0313,Smoke,63,87,-114.7366,-55.37394,0,False,False,False,303.0469,7.382813
f0rest Komplett,CounterTerrorist,571.8805,2634.238,160.0313,Smoke,63,87,-113.4303,-58.00286,0,False,False,False,304.1016,7.382813
f0rest Komplett,CounterTerrorist,568.3611,2632.376,160.0313,Smoke,63,87,-112.1405,-60.45886,0,False,False,False,304.8047,7.382813
f0rest Komplett,CounterTerrorist,564.8807,2630.443,160.0313,Smoke,63,87,-110.9137,-62.68095,0,False,False,False,305.5078,7.382813
f0rest Komplett,CounterTerrorist,561.4373,2628.445,160.0313,Smoke,63,87,-109.7671,-64.66798,0,False,False,False,306.2109,7.734375
f0rest Komplett,CounterTerrorist,558.0273,2626.39,160.0313,Smoke,63,87,-108.7466,-66.3697,0,False,False,False,306.2109,7.734375
f0rest Komplett,CounterTerrorist,554.6469,2624.287,160.0313,Smoke,63,87,-107.8432,-67.82774,0,False,False,False,306.5625,7.734375
f0rest Komplett,CounterTerrorist,551.2924,2622.143,160.0313,Smoke,63,87,-107.0546,-69.0657,0,False,False,False,306.5625,7.734375
f0rest Komplett,CounterTerrorist,548.0496,2620.029,160.0313,Smoke,63,87,-98.83424,-64.50966,0,False,False,False,306.9141,7.734375
f0rest Komplett,CounterTerrorist,545.2753,2618.222,160.0313,Smoke,63,87,-80.29645,-51.91965,0,False,False,False,307.2656,7.734375
f0rest Komplett,CounterTerrorist,543.3339,2617.008,160.0313,Smoke,63,87,-51.65799,-31.35064,0,False,False,False,307.6172,7.734375
f0rest Komplett,CounterTerrorist,542.2604,2616.411,160.0313,Smoke,63,87,-23.92591,-11.80573,0,False,False,False,307.9688,7.734375
f0rest Komplett,CounterTerrorist,542.0643,2616.378,160.0313,Smoke,63,87,4.249368,3.644804,0,False,False,False,307.9688,7.734375
f0rest Komplett,CounterTerrorist,542.343,2616.598,160.0313,Smoke,63,87,8.977287,7.039508,0,False,False,False,307.9688,7.734375
f0rest Komplett,CounterTerrorist,542.4497,2616.682,160.0313,Smoke,63,87,0,0,0,False,False,False,307.9688,7.734375
f0rest Komplett,CounterTerrorist,542.4497,2616.682,160.0313,Smoke,63,87,0,0,0,False,False,False,307.9688,7.734375
f0rest Komplett,CounterTerrorist,542.4497,2616.682,160.0313,Smoke,63,87,0,0,0,False,False,False,307.9688,7.734375
f0rest Komplett,CounterTerrorist,542.4497,2616.682,160.0313,Smoke,63,87,0,0,0,False,False,False,307.9688,7.734375
f0rest Komplett,CounterTerrorist,542.4497,2616.682,160.0313,Smoke,63,87,0,0,0,False,False,False,307.9688,7.734375
f0rest Komplett,CounterTerrorist,542.4497,2616.682,160.0313,Smoke,63,87,0,0,0,False,False,False,307.9688,7.734375
f0rest Komplett,CounterTerrorist,542.4497,2616.682,160.0313,Smoke,63,87,0,0,0,False,False,False,307.9688,7.734375
f0rest Komplett,CounterTerrorist,542.4497,2616.682,160.0313,Smoke,63,87,0,0,0,False,False,False,307.9688,7.734375
f0rest Komplett,CounterTerrorist,542.4497,2616.682,160.0313,Smoke,63,87,0,0,0,False,False,False,308.3203,7.734375
f0rest Komplett,CounterTerrorist,542.4497,2616.682,160.0313,Smoke,63,87,0,0,0,False,False,False,308.3203,7.734375
f0rest Komplett,CounterTerrorist,542.4497,2616.682,160.0313,Smoke,63,87,0,0,0,False,False,False,308.3203,7.734375
f0rest Komplett,CounterTerrorist,542.4497,2616.682,160.0313,Smoke,63,87,0,0,0,False,False,False,308.3203,7.734375
f0rest Komplett,CounterTerrorist,542.6943,2616.876,160.0313,Smoke,63,87,11.20234,8.908146,0,False,False,False,308.6719,8.085938
f0rest Komplett,CounterTerrorist,543.2195,2617.295,160.0313,Smoke,63,87,20.16359,16.11558,0,False,False,False,308.6719,8.085938
f0rest Komplett,CounterTerrorist,544.0245,2617.94,160.0313,Smoke,63,87,29.11556,23.33453,0,False,False,False,308.6719,8.085938
f0rest Komplett,CounterTerrorist,545.1191,2618.777,160.0313,Smoke,63,87,39.3063,26.34275,0,False,False,False,308.6719,8.085938
f0rest Komplett,CounterTerrorist,546.5989,2619.442,160.0313,Smoke,63,87,52.00504,18.59251,0,False,False,False,308.6719,8.085938
f0rest Komplett,CounterTerrorist,548.4562,2619.909,160.0313,Smoke,63,87,63.82716,12.94875,0,False,False,False,308.6719,8.085938
f0rest Komplett,CounterTerrorist,550.6761,2620.226,160.0313,Smoke,63,87,75.34529,8.609063,0,False,False,False,308.6719,8.085938
f0rest Komplett,CounterTerrorist,553.2271,2620.394,160.0313,Smoke,63,87,83.93832,1.213777,0,False,False,False,308.6719,8.085938
f0rest Komplett,CounterTerrorist,555.8809,2620.094,160.0313,Smoke,63,87,85.48164,-15.73959,0,False,False,False,308.6719,8.085938
f0rest Komplett,CounterTerrorist,558.416,2619.516,160.0313,Smoke,63,87,76.53347,-17.46611,0,False,False,False,308.6719,8.085938
f0rest Komplett,CounterTerrorist,560.5889,2619.02,160.0313,Smoke,63,87,65.41707,-14.92918,0,False,False,False,308.3203,8.085938
f0rest Komplett,CounterTerrorist,562.4189,2618.602,160.0313,Smoke,63,87,54.44905,-12.42611,0,False,False,False,307.9688,8.085938
f0rest Komplett,CounterTerrorist,563.9063,2618.262,160.0313,Smoke,63,87,43.48105,-9.923045,0,False,False,False,307.9688,8.085938
f0rest Komplett,CounterTerrorist,565.051,2618.001,160.0313,Smoke,63,87,32.51305,-7.419978,0,False,False,False,307.6172,8.085938
f0rest Komplett,CounterTerrorist,565.8528,2617.818,160.0313,Smoke,63,87,21.54504,-4.91691,0,False,False,False,307.6172,8.085938
f0rest Komplett,CounterTerrorist,566.312,2617.714,160.0313,Smoke,63,87,10.57703,-2.413841,0,False,False,False,307.6172,8.085938
f0rest Komplett,CounterTerrorist,566.4313,2617.687,160.0313,Smoke,63,87,0,0,0,False,False,False,307.2656,8.085938
f0rest Komplett,CounterTerrorist,566.4313,2617.687,160.0313,Smoke,63,87,0,0,0,False,False,False,306.9141,8.085938
f0rest Komplett,CounterTerrorist,566.4313,2617.687,160.0313,Smoke,63,87,0,0,0,False,False,False,306.9141,8.085938
f0rest Komplett,CounterTerrorist,566.2706,2617.567,160.0313,Smoke,63,87,-9.166567,-6.84035,0,False,False,False,306.5625,8.085938
f0rest Komplett,CounterTerrorist,565.8036,2617.219,160.0313,Smoke,63,87,-18.41395,-13.67676,0,False,False,False,306.5625,7.734375
f0rest Komplett,CounterTerrorist,565.0472,2616.659,160.0313,Smoke,63,87,-27.68849,-20.47636,0,False,False,False,306.2109,7.734375
f0rest Komplett,CounterTerrorist,563.9999,2615.887,160.0313,Smoke,63,87,-37.00794,-27.2146,0,False,False,False,306.2109,7.734375
f0rest Komplett,CounterTerrorist,562.6608,2614.906,160.0313,Smoke,63,87,-46.36945,-33.89466,0,False,False,False,305.8594,7.734375
f0rest Komplett,CounterTerrorist,561.028,2613.718,160.0313,Smoke,63,87,-55.78886,-40.49369,0,False,False,False,305.5078,7.734375
f0rest Komplett,CounterTerrorist,559.1,2612.325,160.0313,Smoke,63,87,-65.20217,-46.9346,0,False,False,False,304.8047,7.382813
f0rest Komplett,CounterTerrorist,557.2475,2610.992,160.0313,Smoke,63,87,-55.83845,-40.1943,0,False,False,False,304.8047,7.382813
f0rest Komplett,CounterTerrorist,555.6808,2609.864,160.0313,Smoke,63,87,-46.70796,-33.62188,0,False,False,False,304.4531,7.03125
f0rest Komplett,CounterTerrorist,554.3996,2608.942,160.0313,Smoke,63,87,-37.57747,-27.04946,0,False,False,False,304.1016,7.03125
f0rest Komplett,CounterTerrorist,553.4407,2608.25,160.0313,Smoke,63,87,-23.70264,-17.34032,0,False,False,False,303.3984,7.03125
f0rest Komplett,CounterTerrorist,553.245,2608.085,160.0313,Smoke,63,87,3.996637,2.229884,0,False,False,False,302.6953,6.679688
f0rest Komplett,CounterTerrorist,553.5568,2608.28,160.0313,Smoke,63,87,13.63072,8.519517,0,False,False,False,301.9922,6.328125
f0rest Komplett,CounterTerrorist,554.175,2608.662,160.0313,Smoke,63,87,23.48733,14.44478,0,False,False,False,301.2891,5.976563
f0rest Komplett,CounterTerrorist,555.1034,2609.227,160.0313,Smoke,63,87,33.45193,20.18899,0,False,False,False,300.2344,5.976563
f0rest Komplett,CounterTerrorist,556.345,2609.967,160.0313,Smoke,63,87,43.51083,25.76921,0,False,False,False,299.5313,5.625
f0rest Komplett,CounterTerrorist,557.9027,2610.878,160.0313,Smoke,63,87,53.65811,31.19052,0,False,False,False,299.1797,5.625
f0rest Komplett,CounterTerrorist,559.7792,2611.956,160.0313,Smoke,63,87,63.89264,36.44958,0,False,False,False,298.125,5.273438
f0rest Komplett,CounterTerrorist,561.9722,2613.193,160.0313,Smoke,63,87,73.80251,41.30582,0,False,False,False,297.4219,5.273438
f0rest Komplett,CounterTerrorist,564.4509,2614.563,160.0313,Smoke,63,87,82.47604,45.25396,0,False,False,False,296.7188,4.921875
f0rest Komplett,CounterTerrorist,567.1782,2616.041,160.0313,Smoke,63,87,90.01683,48.45103,0,False,False,False,296.3672,4.921875
f0rest Komplett,CounterTerrorist,569.7372,2617.418,160.0313,Smoke,63,87,77.25501,41.58205,0,False,False,False,296.0156,4.921875
f0rest Komplett,CounterTerrorist,571.9335,2618.6,160.0313,Smoke,63,87,66.30247,35.68691,0,False,False,False,295.6641,4.921875
f0rest Komplett,CounterTerrorist,573.8115,2619.611,160.0313,Smoke,63,87,56.38648,30.34969,0,False,False,False,295.3125,4.921875
f0rest Komplett,CounterTerrorist,575.38,2620.456,160.0313,Smoke,63,87,46.48028,25.01773,0,False,False,False,295.3125,4.921875
f0rest Komplett,CounterTerrorist,576.6389,2621.133,160.0313,Smoke,63,87,36.57408,19.68578,0,False,False,False,294.9609,4.921875
f0rest Komplett,CounterTerrorist,577.5883,2621.644,160.0313,Smoke,63,87,26.66788,14.35383,0,False,False,False,294.6094,4.921875
f0rest Komplett,CounterTerrorist,577.8281,2621.798,160.0313,Smoke,63,87,-3.547019,-1.034594,0,False,False,False,294.2578,4.921875
f0rest Komplett,CounterTerrorist,577.5176,2621.659,160.0313,Smoke,63,87,-13.85807,-6.211916,0,False,False,False,294.2578,4.921875
f0rest Komplett,CounterTerrorist,576.8792,2621.374,160.0313,Smoke,63,87,-24.3768,-10.86028,0,False,False,False,293.9063,4.921875
f0rest Komplett,CounterTerrorist,575.9114,2620.945,160.0313,Smoke,63,87,-34.92852,-15.43369,0,False,False,False,293.5547,4.570313
f0rest Komplett,CounterTerrorist,574.6134,2620.375,160.0313,Smoke,63,87,-45.50383,-19.95263,0,False,False,False,293.5547,4.570313
f0rest Komplett,CounterTerrorist,572.9846,2619.664,160.0313,Smoke,63,87,-56.09235,-24.44058,0,False,False,False,293.2031,4.570313
f0rest Komplett,CounterTerrorist,571.0247,2618.813,160.0313,Smoke,63,87,-66.6927,-28.9006,0,False,False,False,293.2031,4.570313
f0rest Komplett,CounterTerrorist,568.7374,2617.825,160.0313,Smoke,63,87,-76.95434,-33.18557,0,False,False,False,292.8516,4.570313
f0rest Komplett,CounterTerrorist,566.5498,2616.882,160.0313,Smoke,63,87,-66.03497,-28.47673,0,False,False,False,292.5,4.570313
f0rest Komplett,CounterTerrorist,564.688,2616.079,160.0313,Smoke,63,87,-55.70458,-24.02189,0,False,False,False,291.7969,4.570313
f0rest Komplett,CounterTerrorist,563.149,2615.415,160.0313,Smoke,63,87,-45.3742,-19.56704,0,False,False,False,289.6875,4.570313
f0rest Komplett,CounterTerrorist,561.9328,2614.89,160.0313,Smoke,63,87,-35.04382,-15.1122,0,False,False,False,285.8203,4.21875
f0rest Komplett,CounterTerrorist,560.7875,2614.485,160.0313,Smoke,63,87,-40.29563,-9.701622,0,False,False,False,277.7344,3.867188
f0rest Komplett,CounterTerrorist,559.4224,2614.514,160.0313,Smoke,63,87,-45.17803,7.268659,0,False,False,False,264.375,3.515625
f0rest Komplett,CounterTerrorist,557.9836,2615.062,160.0313,Smoke,63,87,-45.93018,23.67804,0,False,False,False,248.9063,3.164063
f0rest Komplett,CounterTerrorist,556.6323,2616.118,160.0313,Smoke,63,87,-40.99152,39.69448,0,False,False,False,229.2188,3.164063
f0rest Komplett,CounterTerrorist,555.5375,2617.637,160.0313,Smoke,63,87,-30.81891,53.54151,0,False,False,False,210.5859,3.867188
f0rest Komplett,CounterTerrorist,554.8459,2619.519,160.0313,Smoke,63,87,-16.35503,63.67002,0,False,False,False,191.9531,4.921875
f0rest Komplett,CounterTerrorist,554.6763,2621.618,160.0313,Smoke,63,87,1.374275,68.56884,0,False,False,False,173.6719,6.328125
f0rest Komplett,CounterTerrorist,555.057,2623.793,160.0313,Smoke,63,87,16.80939,71.43973,0,False,False,False,157.8516,8.085938
f0rest Komplett,CounterTerrorist,555.7352,2626.2,160.0313,Smoke,63,87,24.95954,79.96373,0,False,False,False,146.9531,9.140625
f0rest Komplett,CounterTerrorist,556.4447,2628.473,160.0313,Smoke,63,87,21.41757,68.6162,0,False,False,False,142.0313,9.140625
f0rest Komplett,CounterTerrorist,557.0485,2630.408,160.0313,Smoke,63,87,18.06554,57.87718,0,False,False,False,142.0313,9.140625
f0rest Komplett,CounterTerrorist,557.5476,2632.006,160.0313,Smoke,63,87,14.71351,47.13817,0,False,False,False,142.0313,9.140625
f0rest Komplett,CounterTerrorist,557.6151,2633.539,160.0313,Smoke,63,87,-4.801189,50.11659,0,False,False,False,142.0313,9.140625
f0rest Komplett,CounterTerrorist,557.1527,2635.164,160.0313,Smoke,63,87,-20.39965,53.17888,0,False,False,False,142.0313,9.140625
f0rest Komplett,CounterTerrorist,556.2536,2636.899,160.0313,Smoke,63,87,-33.56937,57.02499,0,False,False,False,142.0313,9.140625
f0rest Komplett,CounterTerrorist,554.9717,2638.769,160.0313,Smoke,63,87,-45.36519,61.62016,0,False,False,False,142.0313,9.140625
f0rest Komplett,CounterTerrorist,553.3452,2640.785,160.0313,Smoke,63,87,-55.85496,66.15095,0,False,False,False,142.0313,9.140625
f0rest Komplett,CounterTerrorist,551.4206,2642.929,160.0313,Smoke,63,87,-64.85273,70.0456,0,False,False,False,141.6797,9.140625
f0rest Komplett,CounterTerrorist,549.2419,2645.187,160.0313,Flash,63,87,-72.45166,73.54308,0,False,False,False,140.9766,9.140625
f0rest Komplett,CounterTerrorist,546.853,2647.551,160.0313,Flash,63,87,-78.67558,76.90832,0,False,False,False,139.5703,9.140625
f0rest Komplett,CounterTerrorist,544.2957,2650.021,160.0313,Flash,63,87,-83.55864,80.32631,0,False,False,False,137.4609,9.492188
f0rest Komplett,CounterTerrorist,541.6098,2652.598,160.0313,Flash,63,87,-87.25677,83.7935,0,False,False,False,135.7031,9.84375
f0rest Komplett,CounterTerrorist,538.8266,2655.283,160.0313,Flash,63,87,-90.03564,87.17191,0,False,False,False,134.2969,10.19531
f0rest Komplett,CounterTerrorist,535.9858,2658.059,160.0313,Flash,63,87,-90.86571,89.29827,0,False,False,False,132.5391,10.89844
f0rest Komplett,CounterTerrorist,533.1636,2660.867,160.0313,Flash,63,87,-89.95139,90.21921,0,False,False,False,131.1328,11.25
f0rest Komplett,CounterTerrorist,530.3737,2663.708,160.0313,Flash,63,87,-88.85276,91.30141,0,False,False,False,129.7266,11.95313
f0rest Komplett,CounterTerrorist,527.6212,2666.584,160.0313,Flash,63,87,-87.61102,92.49361,0,False,False,False,129.0234,12.65625
f0rest Komplett,CounterTerrorist,524.8834,2669.474,168.9803,Flash,63,87,-87.61102,92.49361,273.8684,False,False,False,127.9687,13.00781
f0rest Komplett,CounterTerrorist,522.1456,2672.365,177.1481,Flash,63,87,-87.61102,92.49361,248.8684,False,False,False,126.5625,13.71094
f0rest Komplett,CounterTerrorist,519.4078,2675.256,184.5346,Smoke,63,87,-87.61102,92.49361,223.8684,False,False,False,125.1563,14.41406
f0rest Komplett,CounterTerrorist,516.67,2678.146,191.1399,Smoke,63,87,-87.61102,92.49361,198.8684,False,False,False,123.3984,15.11719
f0rest Komplett,CounterTerrorist,513.9323,2681.037,196.9639,Smoke,63,87,-87.61102,92.49361,173.8684,False,False,False,121.6406,16.17188
f0rest Komplett,CounterTerrorist,511.1945,2683.927,202.0067,Smoke,63,87,-87.61102,92.49361,148.8684,False,False,False,119.8828,17.57813
f0rest Komplett,CounterTerrorist,508.4567,2686.818,206.2682,Smoke,63,87,-87.61102,92.49361,123.8684,False,False,False,118.125,18.63281
f0rest Komplett,CounterTerrorist,505.7189,2689.709,209.7485,Smoke,63,87,-87.61102,92.49361,98.86838,False,False,False,116.3672,19.6875
f0rest Komplett,CounterTerrorist,502.9811,2692.599,212.4476,Smoke,63,87,-87.61102,92.49361,73.86838,False,False,False,115.3125,20.39063
f0rest Komplett,CounterTerrorist,500.2433,2695.49,214.3654,Smoke,63,87,-87.61102,92.49361,48.86838,False,False,False,113.9063,21.09375
f0rest Komplett,CounterTerrorist,497.5055,2698.381,215.5019,Smoke,63,87,-87.61102,92.49361,23.86838,False,False,False,112.5,21.79688
f0rest Komplett,CounterTerrorist,494.7677,2701.271,215.8572,Smoke,63,87,-87.61102,92.49361,-1.131622,False,False,False,111.4453,22.5
f0rest Komplett,CounterTerrorist,492.0299,2704.162,215.4312,Smoke,63,87,-87.61102,92.49361,-26.13162,False,False,False,110.3906,22.85156
f0rest Komplett,CounterTerrorist,489.2921,2707.052,214.224,Smoke,63,87,-87.61102,92.49361,-51.13162,False,False,False,109.3359,23.20313
f0rest Komplett,CounterTerrorist,486.8194,2710.033,212.2355,Smoke,63,87,-64.98173,100.1438,-76.13162,False,False,False,108.6328,23.20313
f0rest Komplett,CounterTerrorist,485.6758,2713.452,209.4658,Smoke,63,87,-19.53669,114.8798,-101.1316,False,False,False,107.5781,23.20313
f0rest Komplett,CounterTerrorist,485.0653,2717.042,205.9149,Smoke,63,87,-19.53669,114.8798,-126.1316,False,False,False,106.5234,23.20313
f0rest Komplett,CounterTerrorist,484.4548,2720.632,201.5826,Smoke,63,87,-19.53669,114.8798,-151.1316,False,False,False,105.4687,22.85156
f0rest Komplett,CounterTerrorist,483.8563,2724.151,196.0313,Flash,63,87,-18.00716,105.8859,0,False,False,False,104.0625,22.5
f0rest Komplett,CounterTerrorist,483.2532,2727.541,196.0313,Flash,63,87,-19.98376,110.0376,0,False,False,False,102.6563,21.79688
f0rest Komplett,CounterTerrorist,482.5966,2731.063,196.0313,Flash,63,87,-21.61542,114.3332,0,False,False,False,102.6563,21.44531
f0rest Komplett,CounterTerrorist,481.8906,2734.722,196.0313,Flash,63,87,-23.16989,118.7294,0,False,False,False,102.6563,21.44531
f0rest Komplett,CounterTerrorist,481.1385,2738.515,196.0313,Flash,63,87,-24.58281,122.8796,0,False,False,False,102.6563,21.44531
f0rest Komplett,CounterTerrorist,480.3502,2742.407,196.0313,Flash,63,87,-25.43671,124.8348,0,False,False,False,102.6563,21.44531
f0rest Komplett,CounterTerrorist,479.5485,2746.307,196.0313,Smoke,63,87,-25.77851,124.7647,0,False,False,False,102.6563,21.44531
f0rest Komplett,CounterTerrorist,478.7371,2750.204,196.0313,Smoke,63,87,-26.07122,124.7038,0,False,False,False,102.6563,21.44531
f0rest Komplett,CounterTerrorist,477.9174,2754.1,196.0313,Smoke,63,87,-26.32201,124.6512,0,False,False,False,102.6563,21.44531
f0rest Komplett,CounterTerrorist,477.0906,2757.995,196.0313,Smoke,63,87,-26.53698,124.6056,0,False,False,False,102.6563,21.44531
f0rest Komplett,CounterTerrorist,476.2578,2761.888,196.0313,Smoke,63,87,-26.69541,124.5717,0,False,False,False,102.3047,21.44531
f0rest Komplett,CounterTerrorist,475.43,2765.782,196.0313,Smoke,63,87,-26.27611,124.6608,0,False,False,False,99.84375,21.09375
f0rest Komplett,CounterTerrorist,474.6276,2769.681,196.0313,Smoke,63,87,-25.26108,124.8705,0,False,False,False,98.08594,20.74219
f0rest Komplett,CounterTerrorist,473.8617,2773.588,196.0313,Smoke,63,87,-24.06385,125.1067,0,False,False,False,97.73438,20.74219
f0rest Komplett,CounterTerrorist,473.1305,2777.502,196.0313,Smoke,63,87,-23.02838,125.3014,0,False,False,False,97.73438,20.74219
f0rest Komplett,CounterTerrorist,472.4256,2781.42,196.0313,Smoke,63,87,-22.32909,125.428,0,False,False,False,98.4375,20.74219
f0rest Komplett,CounterTerrorist,471.7312,2785.341,196.0313,Smoke,63,87,-22.27539,125.4375,0,False,False,False,101.25,20.74219
f0rest Komplett,CounterTerrorist,471.0099,2789.256,196.0313,Smoke,63,87,-23.86782,125.1443,0,False,False,False,107.2266,20.74219
f0rest Komplett,CounterTerrorist,470.3764,2793.185,196.0313,Smoke,63,87,-16.16198,126.3707,0,False,False,False,116.7187,21.44531
f0rest Komplett,CounterTerrorist,470.0086,2797.149,196.0313,Smoke,63,87,-9.870103,127.0171,0,False,False,False,129.375,22.5
f0rest Komplett,CounterTerrorist,469.7259,2801.12,196.0313,Smoke,63,87,-9.12831,127.0725,0,False,False,False,142.0313,23.20313
f0rest Komplett,CounterTerrorist,469.6882,2805.095,196.0313,Smoke,63,87,2.73929,127.3705,0,False,False,False,155.0391,23.90625
f0rest Komplett,CounterTerrorist,469.8963,2809.071,196.0313,Smoke,63,87,8.152727,127.1389,0,False,False,False,169.4531,23.90625
f0rest Komplett,CounterTerrorist,470.1459,2813.044,196.0313,Smoke,63,87,7.116363,127.2011,0,False,False,False,185.2734,23.90625
f0rest Komplett,CounterTerrorist,470.2561,2817.023,196.0313,Smoke,63,87,0.7504782,127.3978,0,False,False,False,200.0391,23.55469
f0rest Komplett,CounterTerrorist,470.0713,2820.999,196.0313,Smoke,63,87,-10.37928,126.9594,0,False,False,False,217.2656,23.20313
f0rest Komplett,CounterTerrorist,469.4781,2824.914,196.0313,Smoke,63,87,-24.39448,123.7963,0,False,False,False,231.3281,22.85156
f0rest Komplett,CounterTerrorist,468.4245,2828.663,196.0313,Smoke,63,87,-39.35714,117.2551,0,False,False,False,243.6328,22.5
f0rest Komplett,CounterTerrorist,467.1192,2832.381,196.0313,Smoke,63,87,-43.71957,119.6474,0,False,False,False,257.3438,21.44531
f0rest Komplett,CounterTerrorist,465.6224,2836.069,196.0313,Smoke,63,87,-50.81218,116.8284,0,False,False,False,270.7031,20.03906
f0rest Komplett,CounterTerrorist,463.8536,2839.635,196.0313,Smoke,63,87,-60.21442,112.2719,0,False,False,False,281.25,18.28125
f0rest Komplett,CounterTerrorist,461.9476,2843.13,196.0313,Smoke,63,87,-59.44724,112.68,0,False,False,False,287.2266,17.22656
f0rest Komplett,CounterTerrorist,460.1569,2846.686,196.0313,Smoke,63,87,-56.08664,114.3899,0,False,False,False,287.5781,17.22656
f0rest Komplett,CounterTerrorist,458.4609,2850.288,196.0313,Smoke,63,87,-53.24024,115.7421,0,False,False,False,287.5781,17.22656
f0rest Komplett,CounterTerrorist,456.8447,2853.926,196.0313,Smoke,63,87,-50.86934,116.8035,0,False,False,False,287.5781,17.22656
f0rest Komplett,CounterTerrorist,455.2935,2857.593,196.0313,Smoke,63,87,-48.94468,117.623,0,False,False,False,287.5781,17.22656
f0rest Komplett,CounterTerrorist,453.8787,2861.052,196.0313,M4A1,63,87,-43.83158,108.4795,0,False,False,False,287.5781,17.22656
f0rest Komplett,CounterTerrorist,452.5343,2864.452,196.0313,M4A1,63,87,-42.56109,108.9842,0,False,False,False,287.5781,17.22656
f0rest Komplett,CounterTerrorist,451.2255,2867.866,196.0313,M4A1,63,87,-41.49441,109.3948,0,False,False,False,287.5781,17.22656
f0rest Komplett,CounterTerrorist,449.9467,2871.292,196.0313,M4A1,63,87,-40.60545,109.7278,0,False,False,False,287.5781,17.22656
f0rest Komplett,CounterTerrorist,448.6904,2874.725,196.0313,M4A1,63,87,-40.00628,109.9477,0,False,False,False,288.6328,17.22656
f0rest Komplett,CounterTerrorist,447.4446,2878.162,196.0313,M4A1,63,87,-39.83567,110.0096,0,False,False,False,289.6875,17.22656
f0rest Komplett,CounterTerrorist,446.1973,2881.599,196.0313,M4A1,63,87,-39.9784,109.9578,0,False,False,False,290.7422,16.875
f0rest Komplett,CounterTerrorist,444.9432,2885.034,196.0313,M4A1,63,87,-40.2238,109.8683,0,False,False,False,291.0938,16.875
f0rest Komplett,CounterTerrorist,443.6806,2888.465,196.0313,M4A1,63,87,-40.52742,109.7567,0,False,False,False,291.4453,16.875
f0rest Komplett,CounterTerrorist,442.4062,2891.892,196.0313,M4A1,63,87,-40.95794,109.5967,0,False,False,False,292.1484,16.52344
f0rest Komplett,CounterTerrorist,441.114,2895.312,196.0313,M4A1,63,87,-41.60798,109.3516,0,False,False,False,293.2031,16.17188
f0rest Komplett,CounterTerrorist,439.799,2898.724,196.0313,M4A1,63,87,-42.38002,109.0547,0,False,False,False,293.9063,15.82031
f0rest Komplett,CounterTerrorist,438.297,2902.032,196.0313,M4A1,63,87,-53.4026,102.8282,0,False,False,False,294.9609,15.46875
f0rest Komplett,CounterTerrorist,436.3758,2905.099,196.0313,M4A1,63,87,-66.09502,95.44231,0,False,False,False,295.6641,15.11719
f0rest Komplett,CounterTerrorist,434.097,2907.948,196.0313,M4A1,63,87,-76.5984,88.44028,0,False,False,False,296.0156,14.76563
f0rest Komplett,CounterTerrorist,431.5467,2910.566,196.0313,M4A1,63,87,-84.36965,81.06023,0,False,False,False,296.3672,14.41406
f0rest Komplett,CounterTerrorist,428.7858,2912.936,196.0313,M4A1,63,87,-90.77254,70.51553,0,False,False,False,296.7188,14.0625
f0rest Komplett,CounterTerrorist,426.2053,2914.94,196.0313,M4A1,63,87,-77.90359,60.51844,0,False,False,False,297.0703,13.71094
f0rest Komplett,CounterTerrorist,423.9906,2916.661,196.0313,M4A1,63,87,-66.85909,51.93866,0,False,False,False,297.4219,13.35938
f0rest Komplett,CounterTerrorist,422.09,2918.137,196.0313,M4A1,63,87,-57.38037,44.57524,0,False,False,False,297.7734,12.65625
f0rest Komplett,CounterTerrorist,420.5096,2919.417,196.0313,M4A1,63,87,-43.47095,40.33732,0,False,False,False,297.7734,12.30469
f0rest Komplett,CounterTerrorist,419.6873,2920.721,196.0313,M4A1,63,87,-16.50113,42.25586,0,False,False,False,298.125,11.95313
f0rest Komplett,CounterTerrorist,419.6156,2922.041,196.0313,M4A1,63,87,5.510581,42.07841,0,False,False,False,298.4766,11.25
f0rest Komplett,CounterTerrorist,419.7592,2923.138,196.0313,M4A1,63,87,4.049757,30.92366,0,False,False,False,298.4766,10.89844
f0rest Komplett,CounterTerrorist,419.5139,2923.678,196.0313,M4A1,63,87,-13.64622,9.397696,0,False,False,False,298.8281,10.19531
f0rest Komplett,CounterTerrorist,418.9004,2923.684,196.0313,M4A1,63,87,-22.90195,-4.120026,0,False,False,False,299.1797,9.492188
f0rest Komplett,CounterTerrorist,418.0109,2923.389,196.0313,M4A1,63,87,-31.87124,-12.35602,0,False,False,False,299.5313,8.4375
f0rest Komplett,CounterTerrorist,416.8324,2922.866,196.0313,M4A1,63,87,-41.25013,-19.2884,0,False,False,False,299.8828,8.085938
f0rest Komplett,CounterTerrorist,415.3566,2922.136,196.0313,M4A1,63,87,-50.82605,-25.76281,0,False,False,False,299.8828,7.734375
f0rest Komplett,CounterTerrorist,413.5794,2921.209,196.0313,M4A1,63,87,-60.50645,-32.02105,0,False,False,False,300.2344,7.734375
f0rest Komplett,CounterTerrorist,411.4988,2920.089,196.0313,M4A1,63,87,-70.1911,-38.10328,0,False,False,False,300.2344,7.734375
f0rest Komplett,CounterTerrorist,409.1333,2918.791,196.0313,M4A1,63,87,-78.83412,-43.49924,0,False,False,False,300.2344,7.734375
f0rest Komplett,CounterTerrorist,406.5221,2917.339,196.0313,M4A1,63,87,-86.25182,-48.13021,0,False,False,False,300.2344,7.734375
f0rest Komplett,CounterTerrorist,403.7,2915.756,196.0313,M4A1,63,87,-92.6179,-52.10464,0,False,False,False,300.2344,7.734375
f0rest Komplett,CounterTerrorist,400.697,2914.06,196.0313,M4A1,63,87,-98.08144,-55.51561,0,False,False,False,300.2344,7.734375
f0rest Komplett,CounterTerrorist,397.5471,2912.271,196.0313,M4A1,63,87,-101.6968,-57.8511,0,False,False,False,300.2344,7.382813
f0rest Komplett,CounterTerrorist,394.371,2910.46,196.0313,M4A1,63,87,-101.5949,-58.03002,0,False,False,False,300.2344,7.382813
f0rest Komplett,CounterTerrorist,391.1982,2908.643,196.0313,M4A1,63,87,-101.4898,-58.21349,0,False,False,False,300.5859,7.382813
f0rest Komplett,CounterTerrorist,388.029,2906.82,196.0313,M4A1,63,87,-101.3678,-58.42569,0,False,False,False,300.5859,7.03125
f0rest Komplett,CounterTerrorist,384.8641,2904.989,196.0313,M4A1,63,87,-101.2193,-58.68266,0,False,False,False,300.9375,7.03125
f0rest Komplett,CounterTerrorist,381.7043,2903.149,196.0313,M4A1,63,87,-101.0448,-58.98262,0,False,False,False,301.2891,7.03125
f0rest Komplett,CounterTerrorist,378.5506,2901.3,196.0313,M4A1,63,87,-100.8478,-59.31887,0,False,False,False,301.6406,6.679688
f0rest Komplett,CounterTerrorist,375.403,2899.439,196.0313,M4A1,63,87,-100.6485,-59.65627,0,False,False,False,301.9922,7.03125
f0rest Komplett,CounterTerrorist,372.2617,2897.568,196.0313,M4A1,63,87,-100.441,-60.00498,0,False,False,False,302.3438,7.03125
f0rest Komplett,CounterTerrorist,369.1276,2895.686,196.0313,M4A1,63,87,-100.1955,-60.41401,0,False,False,False,302.6953,7.03125
f0rest Komplett,CounterTerrorist,366.0017,2893.789,196.0313,M4A1,63,87,-99.93063,-60.85119,0,False,False,False,302.6953,7.03125
f0rest Komplett,CounterTerrorist,363.052,2891.989,196.0313,M4A1,63,87,-89.05104,-54.34704,0,False,False,False,302.6953,7.03125
f0rest Komplett,CounterTerrorist,360.5205,2890.444,196.0313,M4A1,63,87,-76.42613,-46.64217,0,False,False,False,302.6953,7.03125
f0rest Komplett,CounterTerrorist,358.4586,2889.189,196.0313,M4A1,63,87,-56.18559,-33.96058,0,False,False,False,302.6953,7.03125
f0rest Komplett,CounterTerrorist,357.2646,2888.482,196.0313,M4A1,63,87,-27.41181,-15.85666,0,False,False,False,302.6953,7.03125
f0rest Komplett,CounterTerrorist,356.9738,2888.333,196.0313,M4A1,63,87,1.648463,1.715157,0,False,False,False,302.6953,7.03125
f0rest Komplett,CounterTerrorist,357.2364,2888.502,196.0313,M4A1,63,87,12.02556,7.761028,0,False,False,False,302.6953,7.03125
f0rest Komplett,CounterTerrorist,357.8009,2888.867,196.0313,M4A1,63,87,21.68802,13.99696,0,False,False,False,302.6953,7.03125
f0rest Komplett,CounterTerrorist,358.544,2889.52,196.0313,M4A1,63,87,22.77775,26.37986,0,False,False,False,302.6953,7.03125
f0rest Komplett,CounterTerrorist,359.2175,2890.604,196.0313,M4A1,63,87,21.09273,39.45324,0,False,False,False,302.6953,7.03125
f0rest Komplett,CounterTerrorist,359.8727,2892.074,196.0313,M4A1,63,87,21.02938,51.55093,0,False,False,False,302.6953,7.03125
f0rest Komplett,CounterTerrorist,360.5437,2893.915,196.0313,M4A1,63,87,21.81642,63.27936,0,False,False,False,302.6953,7.03125
f0rest Komplett,CounterTerrorist,361.2773,2896.099,196.0313,M4A1,63,87,26.66214,72.34266,0,False,False,False,302.6953,7.03125
f0rest Komplett,CounterTerrorist,362.3948,2898.388,196.0313,M4A1,63,87,40.9485,73.74611,0,False,False,False,302.6953,7.03125
f0rest Komplett,CounterTerrorist,363.9185,2900.716,196.0313,M4A1,63,87,53.20945,74.95059,0,False,False,False,302.6953,7.03125
f0rest Komplett,CounterTerrorist,365.7907,2903.079,196.0313,M4A1,63,87,63.73215,75.98431,0,False,False,False,302.6953,7.03125
f0rest Komplett,CounterTerrorist,367.9621,2905.471,196.0313,M4A1,63,87,72.76303,76.87148,0,False,False,False,302.6953,7.03125
f0rest Komplett,CounterTerrorist,370.3902,2907.888,196.0313,M4A1,63,87,80.51358,77.63286,0,False,False,False,302.6953,7.03125
f0rest Komplett,CounterTerrorist,373.0378,2910.327,196.0313,M4A1,63,87,87.04606,78.17917,0,False,False,False,302.6953,7.03125
f0rest Komplett,CounterTerrorist,375.7129,2912.667,196.0313,M4A1,63,87,81.70435,71.22281,0,False,False,False,302.6953,7.03125
f0rest Komplett,CounterTerrorist,377.8172,2914.551,196.0313,M4A1,63,87,56.31573,52.21584,0,False,False,False,302.6953,7.03125
f0rest Komplett,CounterTerrorist,379.0435,2915.789,196.0313,M4A1,63,87,29.10059,31.97918,0,False,False,False,302.6953,7.03125
f0rest Komplett,CounterTerrorist,379.4406,2916.378,196.0313,M4A1,63,87,3.177147,10.7675,0,False,False,False,302.3438,6.679688
f0rest Komplett,CounterTerrorist,379.2332,2916.344,196.0313,M4A1,63,87,-10.17157,-5.355093,0,False,False,False,302.6953,6.328125
f0rest Komplett,CounterTerrorist,378.7329,2916.045,196.0313,M4A1,63,87,-19.56605,-12.03975,0,False,False,False,302.6953,6.328125
f0rest Komplett,CounterTerrorist,378.0572,2915.45,196.0313,M4A1,63,87,-20.62799,-24.49752,0,False,False,False,302.6953,6.328125
f0rest Komplett,CounterTerrorist,377.4476,2914.428,196.0313,M4A1,63,87,-19.12695,-37.46017,0,False,False,False,302.6953,6.328125
f0rest Komplett,CounterTerrorist,376.8496,2913.021,196.0313,M4A1,63,87,-19.27622,-49.46581,0,False,False,False,302.6953,6.328125
f0rest Komplett,CounterTerrorist,376.2298,2911.248,196.0313,M4A1,63,87,-20.24531,-61.13097,0,False,False,False,302.6953,6.328125
f0rest Komplett,CounterTerrorist,375.7167,2909.188,196.0313,M4A1,63,87,-9.003381,-65.57983,0,False,False,False,302.6953,6.328125
f0rest Komplett,CounterTerrorist,375.8801,2907.263,196.0313,M4A1,63,87,13.26241,-59.18702,0,False,False,False,302.6953,6.328125
f0rest Komplett,CounterTerrorist,376.6635,2905.53,196.0313,M4A1,63,87,31.72468,-53.39713,0,False,False,False,303.0469,6.328125
f0rest Komplett,CounterTerrorist,377.9659,2903.95,196.0313,M4A1,63,87,47.37468,-49.0195,0,False,False,False,303.0469,6.328125
f0rest Komplett,CounterTerrorist,379.722,2902.478,196.0313,M4A1,63,87,61.32934,-46.12508,0,False,False,False,303.0469,6.328125
f0rest Komplett,CounterTerrorist,381.8657,2901.178,196.0313,M4A1,63,87,72.09927,-35.60426,0,False,False,False,303.0469,6.328125
f0rest Komplett,CounterTerrorist,384.2736,2900.4,196.0313,M4A1,63,87,79.87919,-18.7973,0,False,False,False,303.0469,6.328125
f0rest Komplett,CounterTerrorist,386.9027,2900.1,196.0313,M4A1,63,87,86.55612,-4.373093,0,False,False,False,303.0469,6.328125
f0rest Komplett,CounterTerrorist,389.7216,2900.209,196.0313,M4A1,63,87,92.28648,8.006176,0,False,False,False,303.0469,6.328125
f0rest Komplett,CounterTerrorist,392.7034,2900.671,196.0313,M4A1,63,87,97.20442,18.63042,0,False,False,False,303.0469,6.328125
f0rest Komplett,CounterTerrorist,395.8251,2901.435,196.0313,M4A1,63,87,101.4252,27.74845,0,False,False,False,303.0469,6.328125
f0rest Komplett,CounterTerrorist,399.0667,2902.458,196.0313,M4A1,63,87,105.0475,35.5738,0,False,False,False,303.0469,6.328125
f0rest Komplett,CounterTerrorist,402.4113,2903.703,196.0313,M4A1,63,87,108.1563,42.28974,0,False,False,False,303.0469,6.328125
f0rest Komplett,CounterTerrorist,405.6624,2905.029,196.0313,M4A1,63,87,95.40582,38.29946,0,False,False,False,303.0469,6.328125
f0rest Komplett,CounterTerrorist,408.0163,2905.884,196.0313,M4A1,63,87,63.87846,21.1104,0,False,False,False,303.0469,6.328125
f0rest Komplett,CounterTerrorist,409.4301,2906.237,196.0313,M4A1,63,87,34.01911,5.608118,0,False,False,False,303.0469,6.328125
f0rest Komplett,CounterTerrorist,409.9044,2906.16,196.0313,M4A1,63,87,3.950535,-6.336789,0,False,False,False,303.0469,6.328125
f0rest Komplett,CounterTerrorist,409.6737,2905.906,196.0313,M4A1,63,87,-11.87165,-9.609808,0,False,False,False,303.0469,5.976563
f0rest Komplett,CounterTerrorist,409.1039,2905.498,196.0313,M4A1,63,87,-21.97715,-15.21538,0,False,False,False,302.6953,5.976563
f0rest Komplett,CounterTerrorist,408.2251,2904.906,196.0313,M4A1,63,87,-31.79266,-21.22073,0,False,False,False,302.6953,5.976563
f0rest Komplett,CounterTerrorist,407.0413,2904.123,196.0313,M4A1,63,87,-41.53292,-27.33781,0,False,False,False,302.6953,5.976563
f0rest Komplett,CounterTerrorist,405.5537,2903.148,196.0313,M4A1,63,87,-51.24261,-33.5012,0,False,False,False,302.6953,5.976563
f0rest Komplett,CounterTerrorist,403.8004,2902.005,196.0313,M4A1,63,87,-56.15812,-36.60414,0,False,False,False,302.6953,5.976563
f0rest Komplett,CounterTerrorist,402.2295,2900.981,196.0313,M4A1,63,87,-46.73341,-30.46107,0,False,False,False,302.6953,5.976563
f0rest Komplett,CounterTerrorist,401.3267,2900.39,196.0313,M4A1,63,87,-18.18526,-11.99518,0,False,False,False,302.6953,5.976563
f0rest Komplett,CounterTerrorist,401.3058,2900.236,196.0313,M4A1,63,87,7.508193,-3.18214,0,False,False,False,302.6953,5.976563
f0rest Komplett,CounterTerrorist,401.7672,2900.113,196.0313,M4A1,63,87,19.02953,-4.630483,0,False,False,False,302.6953,5.976563
f0rest Komplett,CounterTerrorist,402.5823,2899.925,196.0313,M4A1,63,87,30.31147,-6.877514,0,False,False,False,302.6953,5.976563
f0rest Komplett,CounterTerrorist,403.7494,2899.664,196.0313,M4A1,63,87,41.56799,-9.234442,0,False,False,False,302.6953,5.976563
f0rest Komplett,CounterTerrorist,405.2681,2899.329,196.0313,M4A1,63,87,52.81642,-11.62765,0,False,False,False,302.6953,5.976563
f0rest Komplett,CounterTerrorist,407.1382,2898.918,196.0313,M4A1,63,87,64.06122,-14.0373,0,False,False,False,302.6953,5.976563
f0rest Komplett,CounterTerrorist,409.3597,2898.432,196.0313,M4A1,63,87,75.30408,-16.4558,0,False,False,False,302.6953,5.976563
f0rest Komplett,CounterTerrorist,411.9187,2897.874,196.0313,M4A1,63,87,85.6412,-18.68211,0,False,False,False,302.6953,5.976563
f0rest Komplett,CounterTerrorist,414.7715,2897.252,196.0313,M4A1,63,87,94.50951,-20.60787,0,False,False,False,302.6953,5.976563
f0rest Komplett,CounterTerrorist,417.8761,2896.573,196.0313,M4A1,63,87,102.1012,-22.34853,0,False,False,False,302.3438,5.976563
f0rest Komplett,CounterTerrorist,421.196,2895.843,196.0313,M4A1,63,87,108.5905,-23.9584,0,False,False,False,301.9922,5.976563
f0rest Komplett,CounterTerrorist,424.6995,2895.063,196.0313,M4A1,63,87,114.1103,-25.55165,0,False,False,False,301.2891,5.976563
f0rest Komplett,CounterTerrorist,428.2656,2894.256,196.0313,M4A1,63,87,114.0755,-25.99594,0,False,False,False,300.5859,5.976563
f0rest Komplett,CounterTerrorist,431.828,2893.433,196.0313,M4A1,63,87,113.9474,-26.55164,0,False,False,False,299.8828,5.976563
f0rest Komplett,CounterTerrorist,435.386,2892.591,196.0313,M4A1,63,87,113.8005,-27.17446,0,False,False,False,299.5313,5.976563
f0rest Komplett,CounterTerrorist,438.8736,2891.557,196.0313,M4A1,63,87,109.4922,-38.69099,0,False,False,False,299.1797,5.976563
f0rest Komplett,CounterTerrorist,442.123,2890.069,196.0313,M4A1,63,87,97.72742,-53.16643,0,False,False,False,299.1797,5.976563
f0rest Komplett,CounterTerrorist,444.7576,2888.167,196.0313,M4A1,63,87,74.57793,-63.60189,0,False,False,False,299.1797,5.976563
f0rest Komplett,CounterTerrorist,446.5031,2886.152,196.0313,M4A1,63,87,45.17614,-64.96826,0,False,False,False,298.8281,5.976563
f0rest Komplett,CounterTerrorist,447.411,2884.102,196.0313,M4A1,63,87,19.81887,-65.86516,0,False,False,False,298.4766,5.976563
f0rest Komplett,CounterTerrorist,447.5944,2882.045,196.0313,M4A1,63,87,-2.046917,-65.69827,0,False,False,False,298.4766,5.625
f0rest Komplett,CounterTerrorist,447.1626,2879.999,196.0313,M4A1,63,87,-20.49206,-65.43971,0,False,False,False,298.4766,5.625
f0rest Komplett,CounterTerrorist,446.2085,2877.947,196.0313,M4A1,63,87,-36.28221,-65.87518,0,False,False,False,298.4766,5.625
f0rest Komplett,CounterTerrorist,444.8008,2875.87,196.0313,M4A1,63,87,-50.03812,-66.78963,0,False,False,False,298.4766,5.625
f0rest Komplett,CounterTerrorist,443.0022,2873.768,196.0313,M4A1,63,87,-61.84383,-67.57445,0,False,False,False,298.4766,5.625
f0rest Komplett,CounterTerrorist,440.8679,2871.643,196.0313,M4A1,63,87,-71.97583,-68.24801,0,False,False,False,298.4766,5.625
f0rest Komplett,CounterTerrorist,438.4463,2869.497,196.0313,M4A1,63,87,-80.62042,-68.91936,0,False,False,False,298.8281,5.625
f0rest Komplett,CounterTerrorist,435.7806,2867.329,196.0313,M4A1,63,87,-87.96039,-69.63828,0,False,False,False,299.1797,5.625
f0rest Komplett,CounterTerrorist,432.9115,2865.141,196.0313,M4A1,63,87,-93.71337,-70.04858,0,False,False,False,299.8828,5.625
f0rest Komplett,CounterTerrorist,430.0449,2863.039,196.0313,M4A1,63,87,-87.49233,-63.97953,0,False,False,False,299.8828,5.625
f0rest Komplett,CounterTerrorist,427.9289,2861.433,196.0313,M4A1,63,87,-56.43488,-44.21411,0,False,False,False,299.8828,5.625
f0rest Komplett,CounterTerrorist,426.7217,2860.41,196.0313,M4A1,63,87,-28.00669,-25.75927,0,False,False,False,299.8828,5.625
f0rest Komplett,CounterTerrorist,426.3841,2859.984,196.0313,M4A1,63,87,-0.837513,-6.067181,0,False,False,False,299.8828,5.625
f0rest Komplett,CounterTerrorist,426.6293,2860.083,196.0313,M4A1,63,87,11.35623,6.017502,0,False,False,False,299.8828,5.625
f0rest Komplett,CounterTerrorist,427.1765,2860.387,196.0313,M4A1,63,87,21.22289,11.93455,0,False,False,False,299.8828,5.625
f0rest Komplett,CounterTerrorist,428.0338,2860.873,196.0313,M4A1,63,87,31.16513,17.71485,0,False,False,False,299.8828,5.625
f0rest Komplett,CounterTerrorist,429.2022,2861.539,196.0313,M4A1,63,87,41.12492,23.4642,0,False,False,False,299.8828,5.625
f0rest Komplett,CounterTerrorist,430.682,2862.385,196.0313,M4A1,63,87,51.09152,29.2016,0,False,False,False,299.8828,5.625
f0rest Komplett,CounterTerrorist,432.4734,2863.409,196.0313,M4A1,63,87,61.06147,34.93314,0,False,False,False,299.8828,5.625
f0rest Komplett,CounterTerrorist,434.5748,2864.612,196.0313,M4A1,63,87,70.86964,40.56766,0,False,False,False,299.8828,5.625
f0rest Komplett,CounterTerrorist,436.9607,2865.978,196.0313,M4A1,63,87,79.47588,45.51126,0,False,False,False,299.8828,5.625
f0rest Komplett,CounterTerrorist,439.5916,2867.484,196.0313,M4A1,63,87,86.8772,49.72747,0,False,False,False,299.5313,5.625
f0rest Komplett,CounterTerrorist,442.449,2869.037,196.0313,M4A1,63,87,94.50011,46.54592,0,False,False,False,299.5313,5.625
f0rest Komplett,CounterTerrorist,445.5477,2870.245,196.0313,M4A1,63,87,101.8117,34.16132,0,False,False,False,299.1797,5.625
f0rest Komplett,CounterTerrorist,448.8539,2871.1,196.0313,M4A1,63,87,108.0706,23.47526,0,False,False,False,299.1797,5.625
f0rest Komplett,CounterTerrorist,452.3377,2871.65,196.0313,M4A1,63,87,113.4237,14.23943,0,False,False,False,298.8281,5.625
f0rest Komplett,CounterTerrorist,455.9626,2871.935,196.0313,M4A1,63,87,116.8387,6.141983,0,False,False,False,298.4766,5.625
f0rest Komplett,CounterTerrorist,459.618,2871.986,196.0313,M4A1,63,87,116.9964,-0.9227932,0,False,False,False,298.125,5.625
f0rest Komplett,CounterTerrorist,463.2708,2871.838,196.0313,M4A1,63,87,116.7956,-6.912349,0,False,False,False,297.7734,5.625
f0rest Komplett,CounterTerrorist,466.9131,2871.522,196.0313,M4A1,63,87,116.3853,-11.97751,0,False,False,False,297.4219,5.625
f0rest Komplett,CounterTerrorist,470.5028,2870.982,196.0313,M4A1,63,87,112.6999,-23.07355,0,False,False,False,297.0703,5.625
f0rest Komplett,CounterTerrorist,473.9013,2869.945,196.0313,M4A1,63,87,106.4881,-38.9587,0,False,False,False,296.7188,5.625
f0rest Komplett,CounterTerrorist,477.0877,2868.453,196.0313,M4A1,63,87,96.73582,-52.94787,0,False,False,False,296.7188,5.625
f0rest Komplett,CounterTerrorist,479.7023,2866.541,196.0313,M4A1,63,87,76.2053,-65.8344,0,False,False,False,296.3672,5.625
f0rest Komplett,CounterTerrorist,481.7312,2864.265,196.0313,M4A1,63,87,58.4794,-76.85824,0,False,False,False,296.0156,5.625
f0rest Komplett,CounterTerrorist,483.2546,2861.675,196.0313,M4A1,63,87,43.19676,-86.29536,0,False,False,False,296.0156,5.625
f0rest Komplett,CounterTerrorist,484.3423,2858.818,196.0313,M4A1,63,87,30.01795,-94.37288,0,False,False,False,295.6641,5.625
f0rest Komplett,CounterTerrorist,485.0544,2855.731,196.0313,M4A1,63,87,18.65801,-101.288,0,False,False,False,295.6641,5.625
f0rest Komplett,CounterTerrorist,485.4427,2852.448,196.0313,M4A1,63,87,8.866783,-107.208,0,False,False,False,295.6641,5.625
f0rest Komplett,CounterTerrorist,485.5522,2848.996,196.0313,M4A1,63,87,0.4501895,-112.284,0,False,False,False,295.6641,5.625
f0rest Komplett,CounterTerrorist,485.4225,2845.401,196.0313,M4A1,63,87,-6.773171,-116.6404,0,False,False,False,295.6641,5.625
f0rest Komplett,CounterTerrorist,485.0941,2841.76,196.0313,M4A1,63,87,-12.60025,-116.3195,0,False,False,False,295.6641,5.625
f0rest Komplett,CounterTerrorist,484.6048,2838.136,196.0313,M4A1,63,87,-17.37625,-115.7025,0,False,False,False,295.6641,5.625
f0rest Komplett,CounterTerrorist,483.9564,2834.547,196.0313,M4A1,63,87,-24.75015,-113.3435,0,False,False,False,295.6641,5.625
f0rest Komplett,CounterTerrorist,482.8667,2831.14,196.0313,M4A1,63,87,-40.63706,-106.5558,0,False,False,False,295.6641,5.625
f0rest Komplett,CounterTerrorist,481.3264,2827.924,196.0313,M4A1,63,87,-54.20568,-100.8667,0,False,False,False,296.3672,5.625
f0rest Komplett,CounterTerrorist,479.4028,2824.864,196.0313,M4A1,63,87,-65.72177,-96.24419,0,False,False,False,297.0703,5.625
f0rest Komplett,CounterTerrorist,477.1785,2821.964,196.0313,M4A1,63,87,-74.02616,-90.60423,0,False,False,False,297.4219,5.625
f0rest Komplett,CounterTerrorist,474.7405,2819.24,196.0313,M4A1,63,87,-80.21151,-85.17694,0,False,False,False,297.7734,5.625
f0rest Komplett,CounterTerrorist,472.3345,2816.488,196.0313,M4A1,63,87,-74.35002,-90.33865,0,False,False,False,298.125,5.625
f0rest Komplett,CounterTerrorist,470.3102,2813.55,196.0313,M4A1,63,87,-57.0772,-96.26308,0,False,False,False,298.125,5.625
f0rest Komplett,CounterTerrorist,468.8891,2810.436,196.0313,M4A1,63,87,-38.86246,-101.5858,0,False,False,False,298.125,5.625
f0rest Komplett,CounterTerrorist,467.9863,2807.171,196.0313,M4A1,63,87,-23.20384,-106.1399,0,False,False,False,298.125,5.625
f0rest Komplett,CounterTerrorist,467.5287,2803.777,196.0313,M4A1,63,87,-9.758238,-110.0447,0,False,False,False,298.125,5.625
f0rest Komplett,CounterTerrorist,467.4544,2800.271,196.0313,M4A1,63,87,1.840917,-113.3637,0,False,False,False,298.4766,5.625
f0rest Komplett,CounterTerrorist,467.7126,2796.673,196.0313,M4A1,63,87,11.94655,-116.1298,0,False,False,False,299.1797,5.625
f0rest Komplett,CounterTerrorist,468.2531,2793.058,196.0313,M4A1,63,87,20.30698,-115.2242,0,False,False,False,299.5313,5.625
f0rest Komplett,CounterTerrorist,469.0267,2789.485,196.0313,M4A1,63,87,27.26171,-113.7796,0,False,False,False,299.8828,5.625
f0rest Komplett,CounterTerrorist,469.9931,2785.959,196.0313,M4A1,63,87,32.97889,-112.2559,0,False,False,False,299.8828,5.625
f0rest Komplett,CounterTerrorist,471.0978,2782.474,196.0313,M4A1,63,87,35.17603,-111.5869,0,False,False,False,299.8828,5.625
f0rest Komplett,CounterTerrorist,471.9764,2778.926,196.0313,M4A1,63,87,24.09065,-114.493,0,False,False,False,299.8828,5.625
f0rest Komplett,CounterTerrorist,472.5416,2775.315,196.0313,M4A1,63,87,14.69292,-116.0738,0,False,False,False,300.2344,5.625
f0rest Komplett,CounterTerrorist,472.8452,2771.672,196.0313,M4A1,63,87,6.923448,-116.795,0,False,False,False,300.5859,5.625
f0rest Komplett,CounterTerrorist,472.935,2768.017,196.0313,M4A1,63,87,0.6073897,-116.9984,0,False,False,False,300.9375,5.625
f0rest Komplett,CounterTerrorist,472.8514,2764.362,196.0313,M4A1,63,87,-4.505907,-116.9132,0,False,False,False,301.2891,5.625
f0rest Komplett,CounterTerrorist,472.627,2760.713,196.0313,M4A1,63,87,-8.679465,-116.6776,0,False,False,False,301.2891,5.625
f0rest Komplett,CounterTerrorist,472.2884,2757.073,196.0313,M4A1,63,87,-12.01667,-116.3813,0,False,False,False,301.2891,5.625
f0rest Komplett,CounterTerrorist,471.8632,2753.441,196.0313,M4A1,63,87,-14.46837,-116.102,0,False,False,False,301.9922,5.625
f0rest Komplett,CounterTerrorist,471.3745,2749.818,196.0313,M4A1,63,87,-16.27045,-115.8632,0,False,False,False,302.3438,5.625
f0rest Komplett,CounterTerrorist,470.8388,2746.201,196.0313,M4A1,63,87,-17.62092,-115.6655,0,False,False,False,302.6953,5.625
f0rest Komplett,CounterTerrorist,470.2668,2742.59,196.0313,M4A1,63,87,-18.67849,-115.4994,0,False,False,False,302.6953,5.625
f0rest Komplett,CounterTerrorist,469.6664,2738.983,196.0313,M4A1,63,87,-19.50866,-115.3621,0,False,False,False,303.0469,5.625
f0rest Komplett,CounterTerrorist,469.044,2735.38,196.0313,M4A1,63,87,-20.14158,-115.2533,0,False,False,False,303.3984,5.625
f0rest Komplett,CounterTerrorist,468.4054,2731.78,196.0313,M4A1,63,87,-20.59352,-115.1734,0,False,False,False,303.75,5.625
f0rest Komplett,CounterTerrorist,467.7872,2728.178,196.0313,M4A1,63,87,-16.86537,-115.5329,0,False,False,False,303.75,5.625
f0rest Komplett,CounterTerrorist,467.5476,2724.54,196.0313,M4A1,63,87,-2.41738,-116.9572,0,False,False,False,304.1016,5.625
f0rest Komplett,CounterTerrorist,467.7188,2720.889,196.0313,M4A1,63,87,9.959083,-116.5754,0,False,False,False,304.4531,5.625
f0rest Komplett,CounterTerrorist,468.2383,2717.271,196.0313,M4A1,63,87,20.39886,-115.208,0,False,False,False,304.8047,5.625
f0rest Komplett,CounterTerrorist,469.0506,2713.707,196.0313,M4A1,63,87,29.15163,-113.3101,0,False,False,False,305.1563,5.625
f0rest Komplett,CounterTerrorist,470.1086,2710.207,196.0313,M4A1,63,87,36.51521,-111.1559,0,False,False,False,305.8594,5.625
f0rest Komplett,CounterTerrorist,471.3732,2706.777,196.0313,M4A1,63,87,42.70519,-108.9278,0,False,False,False,306.5625,5.625
f0rest Komplett,CounterTerrorist,472.7952,2703.836,196.0313,M4A1,63,87,49.78456,-83.61225,0,False,False,False,306.9141,5.625
f0rest Komplett,CounterTerrorist,474.5517,2701.718,196.0313,M4A1,63,87,59.86824,-58.77775,0,False,False,False,307.2656,5.625
f0rest Komplett,CounterTerrorist,476.5944,2700.306,196.0313,M4A1,63,87,68.4998,-37.43437,0,False,False,False,307.2656,5.625
f0rest Komplett,CounterTerrorist,478.8817,2699.501,196.0313,M4A1,63,87,75.8578,-19.05155,0,False,False,False,307.6172,5.625
f0rest Komplett,CounterTerrorist,481.3776,2699.221,196.0313,M4A1,63,87,82.15969,-3.257975,0,False,False,False,307.6172,5.625
f0rest Komplett,CounterTerrorist,484.0616,2699.356,196.0313,M4A1,63,87,88.69554,6.092025,0,False,False,False,307.6172,5.625
f0rest Komplett,CounterTerrorist,487.0074,2699.473,196.0313,M4A1,63,87,97.43961,2.42555,0,False,False,False,307.6172,5.625
f0rest Komplett,CounterTerrorist,490.2018,2699.486,196.0313,M4A1,63,87,104.944,-0.7211243,0,False,False,False,307.6172,5.625
f0rest Komplett,CounterTerrorist,493.6095,2699.41,196.0313,M4A1,63,87,111.3845,-3.421689,0,False,False,False,307.6172,5.625
f0rest Komplett,CounterTerrorist,497.1999,2699.257,196.0313,M4A1,63,87,116.8593,-5.736807,0,False,False,False,307.6172,5.625
f0rest Komplett,CounterTerrorist,500.8502,2699.048,196.0313,M4A1,63,87,116.7763,-7.230773,0,False,False,False,307.2656,5.273438
f0rest Komplett,CounterTerrorist,504.4976,2698.795,196.0313,M4A1,63,87,116.6819,-8.62119,0,False,False,False,306.5625,5.273438
f0rest Komplett,CounterTerrorist,508.1426,2698.507,195.8848,M4A1,63,87,116.631,-9.284913,-15.625,False,False,False,306.2109,5.273438
f0rest Komplett,CounterTerrorist,511.7874,2698.217,195.0059,M4A1,63,87,116.631,-9.284913,-40.625,False,False,False,305.5078,5.273438
f0rest Komplett,CounterTerrorist,515.4321,2697.927,193.3457,M4A1,63,87,116.631,-9.284913,-65.625,False,False,False,304.8047,5.625
f0rest Komplett,CounterTerrorist,519.0769,2697.637,190.9043,M4A1,63,87,116.631,-9.284913,-90.625,False,False,False,303.75,5.625
f0rest Komplett,CounterTerrorist,522.7217,2697.347,187.6816,M4A1,63,87,116.631,-9.284913,-115.625,False,False,False,302.3438,5.625
f0rest Komplett,CounterTerrorist,526.3665,2697.057,183.6777,M4A1,63,87,116.631,-9.284913,-140.625,False,False,False,301.2891,5.625
f0rest Komplett,CounterTerrorist,530.0112,2696.767,178.8926,M4A1,63,87,116.631,-9.284913,-165.625,False,False,False,299.8828,5.625
f0rest Komplett,CounterTerrorist,533.656,2696.477,173.3262,M4A1,63,87,116.631,-9.284913,-190.625,False,False,False,299.1797,5.625
f0rest Komplett,CounterTerrorist,537.3008,2696.187,166.9785,M4A1,63,87,116.631,-9.284913,-215.625,False,False,False,299.1797,5.625
f0rest Komplett,CounterTerrorist,540.7495,2695.913,160.0313,M4A1,63,87,91.54195,-7.287592,0,False,False,False,299.1797,5.625
f0rest Komplett,CounterTerrorist,543.6785,2695.596,160.0313,M4A1,63,87,95.03774,-11.73706,0,False,False,False,298.8281,5.273438
f0rest Komplett,CounterTerrorist,546.7171,2695.154,160.0313,M4A1,63,87,98.55875,-15.50047,0,False,False,False,298.8281,5.273438
f0rest Komplett,CounterTerrorist,549.8671,2694.605,160.0313,M4A1,63,87,102.1557,-18.75427,0,False,False,False,298.4766,4.921875
f0rest Komplett,CounterTerrorist,553.1313,2693.962,160.0313,M4A1,63,87,105.8446,-21.65881,0,False,False,False,298.4766,4.921875
f0rest Komplett,CounterTerrorist,556.4588,2693.151,160.0313,M4A1,63,87,105.0482,-31.18549,0,False,False,False,298.125,4.921875
f0rest Komplett,CounterTerrorist,559.6444,2691.886,160.0313,M4A1,63,87,100.1517,-45.80125,0,False,False,False,297.4219,4.921875
f0rest Komplett,CounterTerrorist,562.6672,2690.198,160.0313,M4A1,63,87,93.21886,-59.06289,0,False,False,False,297.0703,4.570313
f0rest Komplett,CounterTerrorist,565.1821,2688.113,160.0313,M4A1,63,87,73.18562,-71.08199,0,False,False,False,296.3672,4.570313
f0rest Komplett,CounterTerrorist,567.124,2685.688,160.0313,M4A1,63,87,55.83158,-81.34266,0,False,False,False,296.0156,4.570313
f0rest Komplett,CounterTerrorist,568.5715,2682.971,160.0313,M4A1,63,87,40.89702,-90.13462,0,False,False,False,296.0156,4.570313
f0rest Komplett,CounterTerrorist,569.5944,2680.004,160.0313,M4A1,63,87,28.07233,-97.67757,0,False,False,False,296.0156,4.570313
f0rest Komplett,CounterTerrorist,570.4508,2676.834,160.0313,M4A1,63,87,29.59891,-103.4053,0,False,False,False,296.0156,4.570313
f0rest Komplett,CounterTerrorist,571.4789,2673.509,160.0313,M4A1,63,87,34.78381,-108.093,0,False,False,False,296.0156,4.570313
f0rest Komplett,CounterTerrorist,572.6481,2670.068,160.0313,M4A1,63,87,38.59591,-110.4507,0,False,False,False,296.0156,4.570313
f0rest Komplett,CounterTerrorist,574.1497,2666.788,160.0313,M4A1,63,87,53.43843,-101.8393,0,False,False,False,296.0156,4.570313
f0rest Komplett,CounterTerrorist,576.0615,2663.951,160.0313,M4A1,63,87,65.43799,-81.8949,0,False,False,False,296.0156,4.570313
f0rest Komplett,CounterTerrorist,578.3068,2661.81,160.0313,M4A1,63,87,75.50835,-60.90335,0,False,False,False,296.0156,4.570313
f0rest Komplett,CounterTerrorist,580.8384,2660.266,160.0313,M4A1,63,87,84.15102,-42.88781,0,False,False,False,296.0156,4.570313
f0rest Komplett,CounterTerrorist,583.6158,2659.233,160.0313,M4A1,63,87,91.57182,-27.43344,0,False,False,False,295.6641,4.570313
f0rest Komplett,CounterTerrorist,586.6045,2658.639,160.0313,M4A1,63,87,97.96337,-14.21727,0,False,False,False,295.6641,4.570313
f0rest Komplett,CounterTerrorist,589.7759,2658.418,160.0313,M4A1,63,87,103.5035,-2.989411,0,False,False,False,295.3125,4.21875
f0rest Komplett,CounterTerrorist,593.1063,2658.514,160.0313,M4A1,63,87,108.3342,6.484675,0,False,False,False,294.6094,4.21875
f0rest Komplett,CounterTerrorist,596.5759,2658.875,160.0313,M4A1,63,87,112.5731,14.41211,0,False,False,False,293.9063,4.21875
f0rest Komplett,CounterTerrorist,600.1585,2659.454,160.0313,M4A1,63,87,115.1449,20.75227,0,False,False,False,293.2031,4.21875
f0rest Komplett,CounterTerrorist,603.739,2660.194,160.0313,M4A1,63,87,114.2413,25.25724,0,False,False,False,292.5,4.21875
f0rest Komplett,CounterTerrorist,607.2928,2661.053,160.0313,M4A1,63,87,113.4236,28.70702,0,False,False,False,292.1484,4.21875
f0rest Komplett,CounterTerrorist,610.8242,2662,160.0313,M4A1,63,87,112.7714,31.1707,0,False,False,False,291.4453,4.21875
f0rest Komplett,CounterTerrorist,614.3382,2663.01,160.0313,M4A1,63,87,112.2724,32.92278,0,False,False,False,291.0938,4.21875
f0rest Komplett,CounterTerrorist,617.8394,2664.063,159.1152,M4A1,63,87,111.9113,34.1299,0,False,False,False,290.3906,4.21875
f0rest Komplett,CounterTerrorist,621.3317,2665.146,157.3691,M4A1,63,87,111.6754,34.89407,0,False,False,False,289.3359,4.21875
f0rest Komplett,CounterTerrorist,624.8593,2666.259,155.6053,M4A1,63,87,116.7278,37.01189,0,False,False,False,288.2813,4.21875
f0rest Komplett,CounterTerrorist,628.8823,2667.539,153.5937,M4A1,63,87,135.6088,43.15176,0,False,False,False,287.5781,3.867188
f0rest Komplett,CounterTerrorist,633.4457,2668.982,151.3121,M4A1,63,87,151.9933,47.84399,0,False,False,False,286.5234,3.867188
f0rest Komplett,CounterTerrorist,638.4781,2670.548,148.7959,M4A1,63,87,166.2188,51.31619,0,False,False,False,285.4688,3.867188
f0rest Komplett,CounterTerrorist,643.9182,2672.201,146.0759,M4A1,63,87,178.5789,53.75247,0,False,False,False,284.7656,3.867188
f0rest Komplett,CounterTerrorist,649.7124,2673.913,143.1787,M4A1,63,87,189.337,55.26861,0,False,False,False,283.7109,3.867188
f0rest Komplett,CounterTerrorist,655.7147,2675.796,140.1776,M4A1,63,87,190.1743,67.95032,0,False,False,False,282.6563,3.515625
f0rest Komplett,CounterTerrorist,661.5235,2678.35,137.2732,M4A1,63,87,183.5407,89.48851,0,False,False,False,281.25,3.164063
f0rest Komplett,CounterTerrorist,667.1588,2681.506,134.4555,M4A1,63,87,178.5945,107.4734,0,False,False,False,279.8438,3.164063
f0rest Komplett,CounterTerrorist,672.6691,2685.162,131.7004,M4A1,63,87,175.1495,122.3428,0,False,False,False,278.4375,3.164063
f0rest Komplett,CounterTerrorist,678.0984,2689.228,131.0238,M4A1,63,87,173.0472,134.4645,0,False,False,False,276.6797,2.8125
f0rest Komplett,CounterTerrorist,683.5128,2693.573,130.6073,M4A1,63,87,175.6122,137.4818,0,False,False,False,274.9219,2.460938
f0rest Komplett,CounterTerrorist,689.244,2697.534,130.1664,M4A1,63,87,187.8449,120.4872,0,False,False,False,273.1641,2.109375
f0rest Komplett,CounterTerrorist,695.3241,2700.99,129.6987,M4A1,63,87,198.4004,104.8408,0,False,False,False,271.7578,1.757813
f0rest Komplett,CounterTerrorist,701.6863,2703.977,129.2093,M4A1,63,87,206.186,90.06857,0,False,False,False,270.7031,1.40625
f0rest Komplett,CounterTerrorist,708.2393,2706.523,128.7052,M4A1,63,87,211.5956,76.50027,0,False,False,False,270,1.40625
f0rest Komplett,CounterTerrorist,714.9321,2708.676,128.1904,M4A1,63,87,215.5533,64.51185,0,False,False,False,269.6484,1.40625
f0rest Komplett,CounterTerrorist,721.7258,2710.486,128.0313,M4A1,63,87,218.3866,54.15061,0,False,False,False,269.6484,1.40625
f0rest Komplett,CounterTerrorist,728.5914,2712.001,128.0313,M4A1,63,87,220.4029,45.24982,0,False,False,False,269.2969,1.40625
f0rest Komplett,CounterTerrorist,735.5085,2713.26,128.0313,M4A1,63,87,221.859,37.46458,0,False,False,False,268.9453,1.40625
f0rest Komplett,CounterTerrorist,742.4632,2714.294,128.0313,M4A1,63,87,222.9221,30.50823,0,False,False,False,268.2422,1.40625
f0rest Komplett,CounterTerrorist,749.4453,2715.122,128.0313,M4A1,63,87,223.6976,24.17421,0,False,False,False,267.5391,1.054688
f0rest Komplett,CounterTerrorist,756.4974,2715.764,128.0313,Smoke,63,87,228.5182,18.49638,0,False,False,False,266.8359,1.054688
f0rest Komplett,CounterTerrorist,763.7988,2716.241,128.0313,Smoke,63,87,236.5663,13.37055,0,False,False,False,266.1328,1.054688
f0rest Komplett,CounterTerrorist,771.3286,2716.566,128.4954,Smoke,63,87,243.4512,8.636053,0,False,False,False,265.7813,1.054688
f0rest Komplett,CounterTerrorist,778.9825,2716.749,129.1886,Smoke,63,87,244.9638,4.208822,0,False,False,False,265.4297,1.054688
f0rest Komplett,CounterTerrorist,786.6385,2716.801,129.8915,Smoke,63,87,244.9999,0.1936243,0,False,False,False,264.7266,1.054688
f0rest Komplett,CounterTerrorist,794.2944,2716.732,130.6032,Smoke,63,87,244.9731,-3.627525,0,False,False,False,264.0234,1.054688
f0rest Komplett,CounterTerrorist,801.9484,2716.546,131.3233,Smoke,63,87,244.8905,-7.322436,0,False,False,False,263.3203,1.054688
f0rest Komplett,CounterTerrorist,809.5987,2716.247,132.0514,Smoke,63,87,244.7561,-10.93002,0,False,False,False,262.6172,0.703125
f0rest Komplett,CounterTerrorist,817.2438,2715.837,132.6489,Smoke,63,87,244.5736,-14.44872,0,False,False,False,261.9141,0.703125
f0rest Komplett,CounterTerrorist,824.8788,2715.381,132.9171,Smoke,63,87,243.8657,-9.920944,0,False,False,False,261.5625,0.703125
f0rest Komplett,CounterTerrorist,832.4753,2715.517,133.141,Smoke,63,87,243.8535,7.626164,0,False,False,False,261.5625,1.054688
f0rest Komplett,CounterTerrorist,840.1307,2715.624,133.3687,Smoke,63,87,244.9968,1.254642,0,False,False,False,263.6719,1.054688
f0rest Komplett,CounterTerrorist,847.7869,2715.614,133.6049,Smoke,63,87,244.9994,-0.5292606,0,False,False,False,270.3516,1.054688
f0rest Komplett,CounterTerrorist,855.4428,2715.673,133.8363,Smoke,63,87,244.9629,4.261353,0,False,False,False,280.5469,1.054688
f0rest Komplett,CounterTerrorist,863.0909,2716.01,134.0469,Smoke,63,87,244.5169,15.37768,0,False,False,False,290.7422,1.757813
f0rest Komplett,CounterTerrorist,870.7072,2716.779,134.4459,Smoke,63,87,243.0835,30.58465,0,False,False,False,298.8281,2.109375
f0rest Komplett,CounterTerrorist,878.2538,2718.061,134.8477,Smoke,63,87,240.3687,47.41198,0,False,False,False,304.4531,2.109375
f0rest Komplett,CounterTerrorist,885.6888,2719.882,134.8663,Smoke,63,87,236.2783,64.78873,0,False,False,False,309.0234,2.460938
f0rest Komplett,CounterTerrorist,893.0261,2722.068,134.7597,Smoke,63,87,235.6868,66.90831,0,False,False,False,313.5938,3.164063
f0rest Komplett,CounterTerrorist,900.4479,2723.945,134.6681,Smoke,63,87,238.4392,56.31806,0,False,False,False,315.3516,3.515625
f0rest Komplett,CounterTerrorist,907.938,2725.529,134.5909,Smoke,63,87,240.349,47.51147,0,False,False,False,315.3516,3.515625
f0rest Komplett,CounterTerrorist,915.4766,2726.865,134.4713,Smoke,63,87,241.7016,40.06678,0,False,False,False,315.3516,3.515625
f0rest Komplett,CounterTerrorist,923.0493,2727.992,134.298,Smoke,63,87,242.6585,33.79168,0,False,False,False,315.3516,3.515625
f0rest Komplett,CounterTerrorist,930.6461,2728.942,134.133,Smoke,63,87,243.3352,28.5132,0,False,False,False,315.3516,3.515625
f0rest Komplett,CounterTerrorist,938.2599,2729.746,133.9748,Smoke,63,87,243.8053,24.1654,0,False,False,False,315.3516,3.515625
f0rest Komplett,CounterTerrorist,946.0025,2730.437,133.8201,Knife,63,87,249.1276,20.86697,0,False,False,False,315.3516,3.515625
f0rest Komplett,CounterTerrorist,953.7923,2731.031,133.6735,Knife,63,87,249.3462,18.06869,0,False,False,False,315.7031,3.867188
f0rest Komplett,CounterTerrorist,961.585,2731.586,133.5618,Knife,63,87,249.3355,18.21516,0,False,False,False,322.3828,3.867188
f0rest Komplett,CounterTerrorist,969.3665,2732.278,133.4428,Knife,63,87,248.6782,25.67441,0,False,False,False,334.6875,3.867188
f0rest Komplett,CounterTerrorist,977.1003,2733.374,133.3021,Knife,63,87,246.526,41.53236,0,False,False,False,348.75,3.867188
f0rest Komplett,CounterTerrorist,984.7245,2735.069,133.1297,Knife,63,87,242.1582,62.12396,0,False,False,False,358.2422,4.21875
f0rest Komplett,CounterTerrorist,992.1745,2737.413,132.9234,Knife,63,87,236.0116,82.4531,0,False,False,False,0.703125,4.21875
f0rest Komplett,CounterTerrorist,999.5535,2739.977,132.7059,Knife,63,87,237.8049,77.12876,0,False,False,False,0.703125,4.21875
f0rest Komplett,CounterTerrorist,1007.055,2742.156,132.5081,Knife,63,87,241.2487,65.56712,0,False,False,False,0.703125,4.21875
f0rest Komplett,CounterTerrorist,1014.644,2744.009,132.3274,Knife,63,87,243.7119,55.71802,0,False,False,False,0.703125,4.21875
f0rest Komplett,CounterTerrorist,1022.296,2745.584,132.1613,Knife,63,87,245.471,47.3708,0,False,False,False,0.703125,4.21875
f0rest Komplett,CounterTerrorist,1029.993,2746.924,132.0076,Knife,63,87,246.7268,40.322,0,False,False,False,0.703125,4.21875
f0rest Komplett,CounterTerrorist,1037.721,2748.065,131.8644,Knife,63,87,247.6241,34.38482,0,False,False,False,0.703125,4.21875
f0rest Komplett,CounterTerrorist,1041.594,2748.572,131.7963,Knife,63,87,247.9718,31.78028,0,False,False,False,0.703125,4.21875
f0rest Komplett,CounterTerrorist,1053.239,2749.883,131.5389,Knife,63,87,248.6774,25.68132,0,False,False,False,1.757813,4.21875
f0rest Komplett,CounterTerrorist,1061.015,2750.635,131.3715,Knife,63,87,248.9159,23.25621,0,False,False,False,2.460938,4.21875
f0rest Komplett,CounterTerrorist,1066.851,2751.157,131.2485,Knife,63,87,249.0473,21.80486,0,False,False,False,2.460938,4.21875
f0rest Komplett,CounterTerrorist,1076.583,2751.966,131.0471,Knife,63,87,249.1903,20.10416,0,False,False,False,3.164063,4.21875
f0rest Komplett,CounterTerrorist,1084.371,2752.582,130.8879,Knife,63,87,249.2328,19.57119,0,False,False,False,3.867188,3.867188
f0rest Komplett,CounterTerrorist,1092.16,2753.188,130.7292,Knife,63,87,249.2573,19.25598,0,False,False,False,3.867188,3.867188
f0rest Komplett,CounterTerrorist,1099.95,2753.784,130.5712,Knife,63,87,249.2781,18.98552,0,False,False,False,3.867188,3.867188
f0rest Komplett,CounterTerrorist,1105.793,2754.227,130.4716,Knife,63,87,249.2915,18.80818,0,False,False,False,3.867188,3.867188
f0rest Komplett,CounterTerrorist,1115.531,2754.955,130.3764,Knife,63,87,249.3105,18.5543,0,False,False,False,3.867188,3.867188
f0rest Komplett,CounterTerrorist,1123.322,2755.531,130.3007,Knife,63,87,249.3232,18.38341,0,False,False,False,3.867188,3.867188
f0rest Komplett,CounterTerrorist,1131.114,2756.103,130.2252,Knife,63,87,249.334,18.23674,0,False,False,False,3.867188,3.867188
f0rest Komplett,CounterTerrorist,1138.906,2756.671,130.15,Knife,63,87,249.3431,18.11087,0,False,False,False,3.867188,3.867188
f0rest Komplett,CounterTerrorist,1146.698,2757.235,130.0751,Knife,63,87,249.351,18.00285,0,False,False,False,3.867188,3.867188
f0rest Komplett,CounterTerrorist,1154.49,2757.795,130.0003,Knife,63,87,249.3576,17.91015,0,False,False,False,3.867188,3.867188
f0rest Komplett,CounterTerrorist,1162.283,2758.354,130.0199,Knife,63,87,249.3633,17.83059,0,False,False,False,3.867188,3.867188
f0rest Komplett,CounterTerrorist,1170.075,2758.909,130.0569,Knife,63,87,249.3691,17.74938,0,False,False,False,3.867188,3.867188
f0rest Komplett,CounterTerrorist,1177.868,2759.461,130.0942,Knife,63,87,249.3793,17.60637,0,False,False,False,3.867188,3.867188
f0rest Komplett,CounterTerrorist,1185.662,2760.008,130.132,Knife,63,87,249.3921,17.42321,0,False,False,False,3.867188,3.867188
f0rest Komplett,CounterTerrorist,1193.455,2760.549,130.1275,Knife,63,87,249.403,17.26603,0,False,False,False,3.867188,3.867188
f0rest Komplett,CounterTerrorist,1201.249,2761.086,130.0784,Knife,63,87,249.4124,17.13114,0,False,False,False,3.867188,3.867188
f0rest Komplett,CounterTerrorist,1207.095,2761.485,130.0418,Knife,63,87,249.4227,16.97941,0,False,False,False,3.515625,3.867188
f0rest Komplett,CounterTerrorist,1216.839,2762.139,129.982,Knife,63,87,249.4501,16.57321,0,False,False,False,3.164063,3.867188
f0rest Komplett,CounterTerrorist,1224.635,2762.648,129.9008,Knife,63,87,249.484,16.05468,0,False,False,False,2.8125,4.21875
f0rest Komplett,CounterTerrorist,1232.432,2763.134,129.8127,Knife,63,87,249.5343,15.25227,0,False,False,False,2.109375,4.21875
f0rest Komplett,CounterTerrorist,1240.231,2763.595,129.7271,Knife,63,87,249.5809,14.46982,0,False,False,False,2.109375,4.21875
f0rest Komplett,CounterTerrorist,1248.031,2764.034,129.6437,Knife,63,87,249.6188,13.79961,0,False,False,False,2.109375,4.21875
f0rest Komplett,CounterTerrorist,1255.832,2764.454,129.5621,Knife,63,87,249.6513,13.19963,0,False,False,False,2.109375,4.21875
f0rest Komplett,CounterTerrorist,1263.635,2764.853,129.4825,Knife,63,87,249.6855,12.53581,0,False,False,False,1.757813,4.21875
f0rest Komplett,CounterTerrorist,1271.438,2765.229,129.4052,Knife,63,87,249.7265,11.6919,0,False,False,False,1.40625,4.570313
f0rest Komplett,CounterTerrorist,1279.243,2765.571,129.3312,Knife,63,87,249.7812,10.4565,0,False,False,False,0.3515625,4.921875
f0rest Komplett,CounterTerrorist,1287.05,2765.872,129.2612,Knife,63,87,249.8334,9.12666,0,False,False,False,0.3515625,5.273438
f0rest Komplett,CounterTerrorist,1294.858,2766.132,129.1951,Knife,63,87,249.8759,7.877339,0,False,False,False,0,5.273438
f0rest Komplett,CounterTerrorist,1302.667,2766.356,129.1673,Knife,63,87,249.9085,6.761741,0,False,False,False,0,5.273438
f0rest Komplett,CounterTerrorist,1310.477,2766.548,129.1487,Knife,63,87,249.9337,5.758173,0,False,False,False,359.6484,5.273438
f0rest Komplett,CounterTerrorist,1318.288,2766.709,129.1329,Knife,63,87,249.954,4.797417,0,False,False,False,359.6484,5.625
f0rest Komplett,CounterTerrorist,1326.099,2766.837,129.1204,Knife,63,87,249.9742,3.595196,0,False,False,False,358.9453,6.679688
f0rest Komplett,CounterTerrorist,1333.911,2766.92,129.1124,Knife,63,87,249.9919,2.018763,0,False,False,False,357.8906,7.734375
f0rest Komplett,CounterTerrorist,1341.724,2766.946,129.1098,Knife,63,87,250,0.1187027,0,False,False,False,357.1875,8.4375
f0rest Komplett,CounterTerrorist,1349.536,2766.908,129.153,Knife,63,87,249.9917,-2.033256,0,False,False,False,356.4844,8.789063
f0rest Komplett,CounterTerrorist,1357.348,2766.808,129.2866,Knife,63,87,249.9704,-3.845275,0,False,False,False,356.8359,8.789063
f0rest Komplett,CounterTerrorist,1365.159,2766.659,129.4259,Knife,63,87,249.9444,-5.270185,0,False,False,False,356.8359,8.789063
f0rest Komplett,CounterTerrorist,1372.969,2766.47,129.5698,Knife,63,87,249.9159,-6.484562,0,False,False,False,356.8359,8.789063
f0rest Komplett,CounterTerrorist,1380.779,2766.247,129.5926,Knife,63,87,249.8868,-7.521406,0,False,False,False,356.8359,8.789063
f0rest Komplett,CounterTerrorist,1388.587,2765.995,129.6331,Knife,63,87,249.8586,-8.407857,0,False,False,False,356.8359,8.789063
f0rest Komplett,CounterTerrorist,1396.395,2765.717,129.6696,Knife,63,87,249.8319,-9.166479,0,False,False,False,356.8359,8.789063
f0rest Komplett,CounterTerrorist,1404.201,2765.417,129.7091,Knife,63,87,249.8072,-9.81618,0,False,False,False,356.8359,8.789063
f0rest Komplett,CounterTerrorist,1412.007,2765.1,129.7511,Knife,63,87,249.7847,-10.3729,0,False,False,False,356.8359,8.789063
f0rest Komplett,CounterTerrorist,1419.813,2764.766,129.7954,Knife,63,87,249.765,-10.83712,0,False,False,False,356.8359,8.789063
f0rest Komplett,CounterTerrorist,1427.618,2764.421,129.8414,Knife,63,87,249.7536,-11.09633,0,False,False,False,357.5391,8.789063
f0rest Komplett,CounterTerrorist,1435.423,2764.081,129.8876,Knife,63,87,249.7736,-10.63763,0,False,False,False,358.5938,8.789063
f0rest Komplett,CounterTerrorist,1443.229,2763.77,129.9305,Knife,63,87,249.8199,-9.489187,0,False,False,False,359.6484,9.140625
f0rest Komplett,CounterTerrorist,1451.036,2763.473,138.8795,Knife,63,87,249.8199,-9.489187,273.8684,False,False,False,1.054688,9.84375
f0rest Komplett,CounterTerrorist,1458.842,2763.176,147.0473,Knife,63,87,249.8199,-9.489187,248.8684,False,False,False,1.40625,11.25
f0rest Komplett,CounterTerrorist,1466.66,2762.353,154.4339,Knife,63,87,250.1802,-28.533,223.8684,False,False,False,0.3515625,12.65625
f0rest Komplett,CounterTerrorist,1474.473,2761.223,161.0392,Knife,63,87,249.7992,-42.04524,198.8684,False,False,False,357.1875,14.76563
f0rest Komplett,CounterTerrorist,1482.257,2759.619,166.8632,Knife,63,87,248.6051,-56.29432,173.8684,False,False,False,354.0234,16.875
f0rest Komplett,CounterTerrorist,1489.991,2757.596,171.906,Knife,63,87,246.8895,-68.80762,148.8684,False,False,False,351.2109,19.33594
f0rest Komplett,CounterTerrorist,1497.678,2755.283,176.1675,Knife,63,87,245.5497,-76.44479,123.8684,False,False,False,349.4531,20.74219
f0rest Komplett,CounterTerrorist,1505.352,2752.894,179.6478,Knife,63,87,245.5497,-76.44479,98.86838,False,False,False,348.3984,22.5
f0rest Komplett,CounterTerrorist,1513.025,2750.506,182.3468,Knife,63,87,245.5497,-76.44479,73.86838,False,False,False,348.0469,22.85156
f0rest Komplett,CounterTerrorist,1520.698,2748.117,184.2646,Knife,63,87,245.5497,-76.44479,48.86838,False,False,False,348.0469,22.85156
f0rest Komplett,CounterTerrorist,1528.372,2745.728,185.4012,Knife,63,87,245.5497,-76.44479,23.86838,False,False,False,348.3984,23.20313
f0rest Komplett,CounterTerrorist,1536.045,2743.34,185.7564,Knife,63,87,245.5497,-76.44479,-1.131622,False,False,False,348.75,23.20313
f0rest Komplett,CounterTerrorist,1543.719,2740.951,185.3305,Knife,63,87,245.5497,-76.44479,-26.13162,False,False,False,349.1016,23.20313
f0rest Komplett,CounterTerrorist,1551.392,2738.562,184.1233,Knife,63,87,245.5497,-76.44479,-51.13162,False,False,False,349.8047,23.20313
f0rest Komplett,CounterTerrorist,1558.969,2736.174,182.1348,Knife,63,87,0,-76.44479,-76.13162,False,False,False,350.1563,22.85156
f0rest Komplett,CounterTerrorist,1558.969,2734.844,179.3651,Knife,63,87,0,-22.11557,-101.1316,False,False,False,350.5078,22.5
f0rest Komplett,CounterTerrorist,1558.969,2735.206,175.8141,Knife,63,87,0,30.17491,-126.1316,False,False,False,351.2109,22.14844
f0rest Komplett,CounterTerrorist,1558.989,2736.543,171.4819,Knife,63,87,2.574781,46.90794,-151.1316,False,False,False,351.5625,21.79688
f0rest Komplett,CounterTerrorist,1558.989,2738.009,166.3684,Knife,63,87,0,46.90794,-176.1316,False,False,False,351.5625,21.44531
f0rest Komplett,CounterTerrorist,1558.989,2739.475,160.4737,Knife,63,87,0,46.90794,0,False,False,False,351.5625,21.44531
f0rest Komplett,CounterTerrorist,1559.07,2740.256,160.0313,Knife,63,87,3.91133,5.771524,0,False,False,False,351.2109,21.09375
f0rest Komplett,CounterTerrorist,1559.537,2740.031,160.0313,Knife,63,87,20.8881,0,0,False,False,False,350.8594,20.74219
f0rest Komplett,CounterTerrorist,1560.437,2740.01,166.4621,Knife,63,87,30.23076,-0.9081582,265.0059,False,False,False,350.8594,20.74219
f0rest Komplett,CounterTerrorist,1561.384,2740.002,174.3529,Knife,63,87,30.37122,-0.02227017,240.0059,False,False,False,350.8594,20.74219
f0rest Komplett,CounterTerrorist,1562.333,2740.001,181.4624,Knife,63,87,30.37771,-0.02330842,215.0059,False,False,False,350.8594,20.74219
f0rest Komplett,CounterTerrorist,1563.282,2740,187.7907,Knife,63,87,30.37771,-0.02330842,190.0059,False,False,False,350.8594,20.39063
f0rest Komplett,CounterTerrorist,1564.232,2740,193.3378,Knife,63,87,30.38792,-0.00164269,165.0059,False,False,False,350.8594,20.03906
f0rest Komplett,CounterTerrorist,1565.181,2740,198.1036,Knife,63,87,30.39456,-0.002722784,140.0059,False,False,False,350.8594,20.03906
f0rest Komplett,CounterTerrorist,1566.131,2740,202.0882,Knife,63,87,30.39456,-0.00272309,115.0059,False,False,False,350.8594,20.03906
f0rest Komplett,CounterTerrorist,1567.282,2739.792,205.2915,Knife,63,87,38.61734,-9.163095,90.00586,False,False,False,350.8594,20.03906
f0rest Komplett,CounterTerrorist,1568.489,2739.506,207.7135,Knife,63,87,38.61734,-9.163095,65.00586,False,False,False,350.8594,20.03906
f0rest Komplett,CounterTerrorist,1569.638,2738.865,209.3543,Knife,63,87,35.6418,-27.43941,40.00586,False,False,False,350.8594,20.03906
f0rest Komplett,CounterTerrorist,1570.713,2737.771,210.2139,Knife,63,87,34.25268,-35.97163,15.00586,False,False,False,350.8594,20.03906
f0rest Komplett,CounterTerrorist,1571.783,2736.646,210.2922,Knife,63,87,34.25268,-35.97163,-9.994141,False,False,False,350.8594,20.03906
f0rest Komplett,CounterTerrorist,1572.854,2735.522,209.5892,Knife,63,87,34.25268,-35.97163,-34.99414,False,False,False,350.8594,20.03906
f0rest Komplett,CounterTerrorist,1573.924,2734.398,208.1051,Knife,63,87,34.25268,-35.97163,-59.99414,False,False,False,350.5078,20.03906
f0rest Komplett,CounterTerrorist,1574.994,2733.274,205.8396,Knife,63,87,34.25268,-35.97163,-84.99414,False,False,False,350.5078,20.03906
f0rest Komplett,CounterTerrorist,1576.064,2732.15,202.7929,Knife,63,87,34.25268,-35.97163,-109.9941,False,False,False,350.5078,20.03906
f0rest Komplett,CounterTerrorist,1577.204,2731.028,198.0313,Knife,63,87,43.10612,-35.70732,0,False,False,False,350.5078,20.03906
f0rest Komplett,CounterTerrorist,1579.214,2729.9,198.0313,Knife,63,87,76.80836,-36.60971,0,False,False,False,350.5078,20.03906
f0rest Komplett,CounterTerrorist,1582.21,2728.726,198.0313,Knife,63,87,106.7225,-38.12056,0,False,False,False,350.5078,19.6875
f0rest Komplett,CounterTerrorist,1586.056,2728.017,198.0313,Knife,63,87,132.3958,-1.772499,0,False,False,False,350.5078,19.6875
f0rest Komplett,CounterTerrorist,1590.632,2728.003,198.0313,Knife,63,87,154.4292,0,0,False,False,False,350.5078,19.33594
f0rest Komplett,CounterTerrorist,1595.834,2728.003,198.0313,Knife,63,87,173.3319,0,0,False,False,False,350.5078,19.33594
f0rest Komplett,CounterTerrorist,1601.574,2728.003,198.0313,Knife,63,87,189.5525,0,0,False,False,False,350.5078,19.33594
f0rest Komplett,CounterTerrorist,1607.774,2728.003,198.0313,Knife,63,87,203.4639,0,0,False,False,False,350.5078,18.98438
f0rest Komplett,CounterTerrorist,1614.335,2728.003,198.0313,Knife,63,87,210.9203,0,0,False,False,False,350.1563,18.98438
f0rest Komplett,CounterTerrorist,1620.806,2727.796,198.0313,Knife,63,87,204.8268,-17.56599,0,False,False,False,350.1563,18.63281
f0rest Komplett,CounterTerrorist,1627.098,2726.621,198.0313,Knife,63,87,199.3122,-49.08176,0,False,False,False,349.4531,18.28125
f0rest Komplett,CounterTerrorist,1633.218,2724.539,198.0313,Knife,63,87,193.6904,-76.72486,0,False,False,False,347.3438,17.92969
f0rest Komplett,CounterTerrorist,1639.132,2721.643,198.0313,Knife,63,87,186.2308,-102.0223,0,False,False,False,342.0703,16.875
f0rest Komplett,CounterTerrorist,1644.748,2717.986,198.0313,Knife,63,87,175.2431,-125.8878,0,False,False,False,333.6328,15.82031
f0rest Komplett,CounterTerrorist,1649.92,2713.607,198.0313,Knife,63,87,158.9929,-148.4362,0,False,False,False,323.4375,14.76563
f0rest Komplett,CounterTerrorist,1654.481,2708.567,198.0313,Knife,63,87,137.4799,-168.6694,0,False,False,False,312.5391,13.71094
f0rest Komplett,CounterTerrorist,1658.216,2703.166,197.8848,Knife,63,87,118.0237,-173.9517,-15.625,False,False,False,303.75,12.65625
f0rest Komplett,CounterTerrorist,1661.905,2697.731,197.0059,Knife,63,87,118.0237,-173.9517,-40.625,False,False,False,294.6094,11.95313
f0rest Komplett,CounterTerrorist,1663.969,2692.295,195.3457,Knife,63,87,0,-173.9517,-65.625,False,False,False,288.2813,11.95313
f0rest Komplett,CounterTerrorist,1663.969,2686.859,192.9043,Knife,63,87,0,-173.9517,-90.625,False,False,False,283.3594,11.60156
f0rest Komplett,CounterTerrorist,1663.969,2681.424,189.6816,Knife,63,87,0,-173.9517,-115.625,False,False,False,279.8438,11.60156
f0rest Komplett,CounterTerrorist,1663.969,2675.988,185.6777,Knife,63,87,0,-173.9517,-140.625,False,False,False,278.0859,11.25
f0rest Komplett,CounterTerrorist,1663.969,2670.553,180.8926,Knife,63,87,0,-173.9517,-165.625,False,False,False,276.6797,11.25
f0rest Komplett,CounterTerrorist,1663.969,2665.117,175.3262,Knife,63,87,0,-173.9517,-190.625,False,False,False,275.625,11.25
f0rest Komplett,CounterTerrorist,1663.969,2659.682,168.9785,Knife,63,87,0,-173.9517,-215.625,False,False,False,274.2188,10.54688
f0rest Komplett,CounterTerrorist,1663.969,2654.246,161.8496,Knife,63,87,0,-173.9517,0,False,False,False,273.1641,9.492188
f0rest Komplett,CounterTerrorist,1664.002,2648.479,160.0313,Knife,63,87,1.521814,-190.6112,0,False,False,False,271.4063,8.789063
f0rest Komplett,CounterTerrorist,1664.06,2642.237,160.0313,Knife,63,87,1.9164,-204.9327,0,False,False,False,270.3516,8.085938
f0rest Komplett,CounterTerrorist,1664.11,2635.588,160.0313,Knife,63,87,1.371893,-217.2279,0,False,False,False,269.2969,7.382813
f0rest Komplett,CounterTerrorist,1664.137,2628.598,160.0313,Knife,63,87,0.5479348,-227.1112,0,False,False,False,268.9453,7.03125
f0rest Komplett,CounterTerrorist,1664.14,2621.326,160.0313,Knife,63,87,-0.1782493,-236.0192,0,False,False,False,268.9453,7.03125
f0rest Komplett,CounterTerrorist,1664.122,2613.794,160.0313,Knife,63,87,-0.8042332,-243.9034,0,False,False,False,268.9453,7.03125
f0rest Komplett,CounterTerrorist,1664.086,2606.042,160.0313,Knife,63,87,-1.331007,-249.9965,0,False,False,False,268.9453,7.03125
f0rest Komplett,CounterTerrorist,1664.037,2598.23,160.0313,Knife,63,87,-1.700955,-249.9942,0,False,False,False,268.9453,7.03125
f0rest Komplett,CounterTerrorist,1663.978,2590.417,160.0313,Knife,63,87,-2.0183,-249.9919,0,False,False,False,268.9453,7.03125
f0rest Komplett,CounterTerrorist,1663.909,2582.605,160.0313,Knife,63,87,-2.290555,-249.9895,0,False,False,False,268.9453,7.03125
f0rest Komplett,CounterTerrorist,1663.833,2574.792,160.0313,Knife,63,87,-2.52415,-249.9873,0,False,False,False,268.9453,7.03125
f0rest Komplett,CounterTerrorist,1663.75,2566.98,160.0313,Knife,63,87,-2.724587,-249.9852,0,False,False,False,268.9453,7.03125
f0rest Komplett,CounterTerrorist,1663.662,2559.168,160.0313,Knife,63,87,-2.896583,-249.9832,0,False,False,False,268.9453,7.03125
f0rest Komplett,CounterTerrorist,1663.569,2551.357,160.0313,Knife,63,87,-2.901457,-249.9832,0,False,False,False,270,7.382813
f0rest Komplett,CounterTerrorist,1663.501,2543.544,160.0313,Knife,63,87,-1.619671,-249.9948,0,False,False,False,271.7578,7.734375
f0rest Komplett,CounterTerrorist,1663.482,2535.732,160.0313,Knife,63,87,-0.06937923,-250,0,False,False,False,272.1094,7.734375
f0rest Komplett,CounterTerrorist,1663.506,2527.919,160.0313,Knife,63,87,1.262466,-249.9968,0,False,False,False,272.1094,7.734375
f0rest Komplett,CounterTerrorist,1663.567,2520.107,160.0313,Knife,63,87,2.322049,-249.9892,0,False,False,False,271.7578,8.085938
f0rest Komplett,CounterTerrorist,1663.657,2512.295,160.0313,Knife,63,87,3.203811,-249.9795,0,False,False,False,271.7578,8.085938
f0rest Komplett,CounterTerrorist,1663.772,2504.483,160.0313,Knife,63,87,3.958498,-249.9687,0,False,False,False,271.7578,8.085938
f0rest Komplett,CounterTerrorist,1663.909,2496.672,160.0313,Knife,63,87,4.604881,-249.9576,0,False,False,False,271.7578,8.085938
f0rest Komplett,CounterTerrorist,1664.064,2488.861,160.0313,Knife,63,87,5.158792,-249.9468,0,False,False,False,271.7578,8.085938
f0rest Komplett,CounterTerrorist,1664.234,2481.05,160.0313,Knife,63,87,5.633646,-249.9365,0,False,False,False,271.7578,8.085938
f0rest Komplett,CounterTerrorist,1664.418,2473.24,160.0313,Knife,63,87,6.040842,-249.927,0,False,False,False,271.7578,8.085938
f0rest Komplett,CounterTerrorist,1664.614,2465.43,160.0313,Knife,63,87,6.390094,-249.9183,0,False,False,False,271.7578,8.085938
f0rest Komplett,CounterTerrorist,1664.82,2457.62,160.0313,Knife,63,87,6.689694,-249.9105,0,False,False,False,271.7578,8.085938
f0rest Komplett,CounterTerrorist,1665.034,2449.811,160.0313,Knife,63,87,6.94673,-249.9035,0,False,False,False,271.7578,8.085938
f0rest Komplett,CounterTerrorist,1665.255,2442.001,160.0313,Knife,63,87,7.167269,-249.8972,0,False,False,False,271.7578,8.085938
f0rest Komplett,CounterTerrorist,1665.483,2434.191,160.0313,Knife,63,87,7.356503,-249.8917,0,False,False,False,271.7578,8.085938
f0rest Komplett,CounterTerrorist,1665.716,2426.383,160.0313,Knife,63,87,7.518886,-249.8869,0,False,False,False,271.7578,8.085938
f0rest Komplett,CounterTerrorist,1665.954,2418.574,160.0313,Knife,63,87,7.658233,-249.8827,0,False,False,False,271.7578,8.085938
f0rest Komplett,CounterTerrorist,1666.196,2410.766,160.0313,Knife,63,87,7.777813,-249.879,0,False,False,False,271.7578,8.085938
f0rest Komplett,CounterTerrorist,1666.441,2402.957,160.0313,Knife,63,87,7.880435,-249.8758,0,False,False,False,271.7578,8.085938
f0rest Komplett,CounterTerrorist,1666.689,2395.148,160.0313,Knife,63,87,7.968503,-249.873,0,False,False,False,271.7578,8.085938
f0rest Komplett,CounterTerrorist,1666.94,2387.34,160.0313,Knife,63,87,8.044082,-249.8705,0,False,False,False,271.7578,8.085938
f0rest Komplett,CounterTerrorist,1667.192,2379.531,160.0313,Knife,63,87,8.108944,-249.8685,0,False,False,False,271.7578,8.085938
f0rest Komplett,CounterTerrorist,1667.447,2371.723,160.0313,Knife,63,87,8.16461,-249.8666,0,False,False,False,271.7578,8.085938
f0rest Komplett,CounterTerrorist,1667.703,2363.914,160.0313,Knife,63,87,8.212385,-249.8651,0,False,False,False,271.7578,8.085938
f0rest Komplett,CounterTerrorist,1667.96,2356.105,160.0313,Knife,63,87,8.253385,-249.8637,0,False,False,False,271.7578,8.085938
f0rest Komplett,CounterTerrorist,1668.219,2348.297,160.0313,Knife,63,87,8.28857,-249.8626,0,False,False,False,271.7578,8.085938
f0rest Komplett,CounterTerrorist,1668.479,2340.488,160.0313,Knife,63,87,8.318768,-249.8616,0,False,False,False,271.7578,8.085938
f0rest Komplett,CounterTerrorist,1668.559,2332.712,160.0313,Knife,63,87,-6.933991,-247.1582,0,False,False,False,271.7578,8.085938
f0rest Komplett,CounterTerrorist,1667.8,2325.084,160.0313,Knife,63,87,-34.1786,-242.3344,0,False,False,False,271.7578,8.085938
f0rest Komplett,CounterTerrorist,1666.266,2317.594,160.0313,Knife,63,87,-57.56071,-238.1946,0,False,False,False,271.7578,8.085938
f0rest Komplett,CounterTerrorist,1664.068,2310.221,160.0313,Knife,63,87,-77.6279,-234.6416,0,False,False,False,271.7578,8.085938
f0rest Komplett,CounterTerrorist,1661.482,2302.883,160.0313,Knife,63,87,-79.35568,-237.071,0,False,False,False,272.1094,8.085938
f0rest Komplett,CounterTerrorist,1659.278,2295.389,160.0313,Knife,63,87,-65.44439,-241.2821,0,False,False,False,272.4609,8.4375
f0rest Komplett,CounterTerrorist,1657.474,2287.789,160.0313,Knife,63,87,-53.32443,-244.2468,0,False,False,False,272.8125,8.4375
f0rest Komplett,CounterTerrorist,1656.015,2280.114,160.0313,Knife,63,87,-42.91049,-246.2899,0,False,False,False,272.8125,8.4375
f0rest Komplett,CounterTerrorist,1654.85,2272.389,160.0313,Knife,63,87,-34.06809,-247.6679,0,False,False,False,272.8125,8.4375
f0rest Komplett,CounterTerrorist,1653.938,2264.631,160.0313,Knife,63,87,-26.41398,-248.6007,0,False,False,False,273.1641,8.085938
f0rest Komplett,CounterTerrorist,1653.246,2256.849,160.0313,Knife,63,87,-19.68059,-249.2242,0,False,False,False,273.5156,8.085938
f0rest Komplett,CounterTerrorist,1652.749,2249.053,160.0313,Knife,63,87,-13.72102,-249.6232,0,False,False,False,273.8672,8.085938
f0rest Komplett,CounterTerrorist,1652.42,2241.247,160.0313,Knife,63,87,-8.725681,-249.8477,0,False,False,False,273.8672,8.085938
f0rest Komplett,CounterTerrorist,1652.229,2233.437,160.0313,Knife,63,87,-4.665582,-249.9565,0,False,False,False,273.8672,8.085938
f0rest Komplett,CounterTerrorist,1652.15,2225.625,160.0313,Knife,63,87,-1.336199,-249.9964,0,False,False,False,273.8672,8.085938
f0rest Komplett,CounterTerrorist,1652.163,2217.813,160.0313,Knife,63,87,1.429019,-249.9959,0,False,False,False,273.8672,8.085938
f0rest Komplett,CounterTerrorist,1652.254,2210.001,160.0313,Knife,63,87,3.746411,-249.9719,0,False,False,False,273.8672,8.085938
f0rest Komplett,CounterTerrorist,1652.41,2202.19,160.0313,Knife,63,87,5.701021,-249.935,0,False,False,False,273.8672,8.085938
f0rest Komplett,CounterTerrorist,1652.621,2194.38,160.0313,Knife,63,87,7.357299,-249.8917,0,False,False,False,273.8672,8.085938
f0rest Komplett,CounterTerrorist,1652.88,2186.572,160.0313,Knife,63,87,8.765507,-249.8463,0,False,False,False,273.8672,8.085938
f0rest Komplett,CounterTerrorist,1653.177,2178.765,160.0313,Knife,63,87,9.965743,-249.8013,0,False,False,False,273.8672,8.085938
f0rest Komplett,CounterTerrorist,1653.509,2170.959,160.0313,Knife,63,87,10.99056,-249.7583,0,False,False,False,273.8672,8.085938
f0rest Komplett,CounterTerrorist,1653.87,2163.155,160.0313,Knife,63,87,11.86676,-249.7182,0,False,False,False,273.8672,8.085938
f0rest Komplett,CounterTerrorist,1654.256,2155.352,160.0313,Knife,63,87,12.61662,-249.6814,0,False,False,False,273.8672,7.734375
f0rest Komplett,CounterTerrorist,1654.662,2147.55,160.0313,Knife,63,87,13.20943,-249.6508,0,False,False,False,273.8672,7.382813
f0rest Komplett,CounterTerrorist,1655.084,2139.749,160.0313,Knife,63,87,13.71752,-249.6234,0,False,False,False,273.8672,7.382813
f0rest Komplett,CounterTerrorist,1655.522,2131.949,160.0313,Knife,63,87,14.15314,-249.5991,0,False,False,False,273.8672,7.382813
f0rest Komplett,CounterTerrorist,1655.971,2124.149,160.0313,Knife,63,87,14.52671,-249.5776,0,False,False,False,273.8672,7.382813
f0rest Komplett,CounterTerrorist,1656.432,2116.351,160.0313,Knife,63,87,14.89761,-249.5557,0,False,False,False,273.8672,7.03125
f0rest Komplett,CounterTerrorist,1656.868,2108.551,160.0313,Knife,63,87,10.46752,-249.7808,0,False,False,False,274.2188,6.679688
f0rest Komplett,CounterTerrorist,1656.63,2100.826,160.0313,Knife,63,87,-17.95443,-245.7404,0,False,False,False,274.5703,6.328125
f0rest Komplett,CounterTerrorist,1655.586,2093.213,160.0313,Knife,63,87,-42.15044,-242.4405,0,False,False,False,274.9219,6.328125
f0rest Komplett,CounterTerrorist,1653.86,2085.689,160.0313,Knife,63,87,-62.68635,-239.8018,0,False,False,False,275.2734,5.976563
f0rest Komplett,CounterTerrorist,1651.556,2078.244,160.0313,Knife,63,87,-79.84634,-236.9062,0,False,False,False,275.625,5.976563
f0rest Komplett,CounterTerrorist,1648.85,2070.915,160.0313,Knife,63,87,-85.58258,-234.8949,0,False,False,False,275.9766,5.625
f0rest Komplett,CounterTerrorist,1646.517,2063.461,160.0313,Knife,63,87,-68.40699,-240.4589,0,False,False,False,275.9766,5.625
f0rest Komplett,CounterTerrorist,1644.677,2055.869,160.0313,Knife,63,87,-53.44283,-244.2209,0,False,False,False,276.3281,5.625
f0rest Komplett,CounterTerrorist,1643.262,2048.187,160.0313,Knife,63,87,-40.64481,-246.6739,0,False,False,False,276.3281,5.625
f0rest Komplett,CounterTerrorist,1642.209,2040.446,160.0313,Knife,63,87,-29.74934,-248.2236,0,False,False,False,276.3281,5.625
f0rest Komplett,CounterTerrorist,1641.467,2032.669,160.0313,Knife,63,87,-20.2777,-249.1763,0,False,False,False,276.6797,5.625
f0rest Komplett,CounterTerrorist,1641.005,2024.871,160.0313,Knife,63,87,-11.57254,-249.732,0,False,False,False,278.0859,5.625
f0rest Komplett,CounterTerrorist,1640.806,2017.061,160.0313,Knife,63,87,-3.297003,-249.9783,0,False,False,False,279.4922,5.976563
f0rest Komplett,CounterTerrorist,1640.855,2009.249,160.0313,Knife,63,87,4.428865,-249.9608,0,False,False,False,280.5469,5.976563
f0rest Komplett,CounterTerrorist,1641.136,2001.442,160.0313,Knife,63,87,11.62763,-249.7294,0,False,False,False,281.25,5.976563
f0rest Komplett,CounterTerrorist,1641.626,1993.645,160.0313,Knife,63,87,17.9999,-249.3512,0,False,False,False,281.6016,5.976563
f0rest Komplett,CounterTerrorist,1642.296,1985.862,160.0313,Knife,63,87,23.40049,-248.9024,0,False,False,False,281.6016,5.976563
f0rest Komplett,CounterTerrorist,1643.116,1978.092,160.0313,Knife,63,87,27.82837,-248.4464,0,False,False,False,281.6016,5.976563
f0rest Komplett,CounterTerrorist,1644.058,1970.337,160.0313,Knife,63,87,31.42551,-248.017,0,False,False,False,281.6016,5.976563
f0rest Komplett,CounterTerrorist,1645.64,1962.835,160.0313,Knife,63,87,61.55849,-235.5154,0,False,False,False,281.6016,5.976563
f0rest Komplett,CounterTerrorist,1648.078,1955.689,160.0313,Knife,63,87,87.41949,-224.7861,0,False,False,False,281.6016,5.976563
f0rest Komplett,CounterTerrorist,1651.252,1948.848,160.0313,Knife,63,87,109.6141,-215.5779,0,False,False,False,281.6016,5.976563
f0rest Komplett,CounterTerrorist,1654.536,1941.913,160.0313,Knife,63,87,102.5085,-225.4958,0,False,False,False,281.6016,5.976563
f0rest Komplett,CounterTerrorist,1657.602,1934.735,160.0313,Knife,63,87,95.2166,-231.1575,0,False,False,False,281.6016,5.976563
f0rest Komplett,CounterTerrorist,1660.438,1927.456,160.0313,Knife,63,87,88.22536,-233.9151,0,False,False,False,281.6016,5.976563
f0rest Komplett,CounterTerrorist,1663.077,1920.103,160.0313,Knife,63,87,82.29934,-236.0653,0,False,False,False,281.6016,5.976563
f0rest Komplett,CounterTerrorist,1665.606,1912.718,160.0313,Knife,63,87,84.67116,-234.46,0,False,False,False,281.6016,5.976563
f0rest Komplett,CounterTerrorist,1666.866,1905.602,160.0313,Knife,63,87,20.51182,-223.8803,0,False,False,False,281.6016,5.976563
f0rest Komplett,CounterTerrorist,1668.138,1898.786,160.0313,Knife,63,87,52.19205,-214.8005,0,False,False,False,281.6016,5.976563
f0rest Komplett,CounterTerrorist,1670.31,1892.229,160.3541,Knife,63,87,79.38095,-207.0081,0,False,False,False,281.6016,5.976563
f0rest Komplett,CounterTerrorist,1673.256,1885.894,162.0313,Knife,63,87,102.7465,-200.2724,0,False,False,False,281.9531,5.976563
f0rest Komplett,CounterTerrorist,1676.865,1879.75,162.0313,Knife,63,87,122.7995,-194.4917,0,False,False,False,281.9531,5.976563
f0rest Komplett,CounterTerrorist,1681.046,1873.771,162.0313,Knife,63,87,140.0096,-189.5305,0,False,False,False,281.9531,5.976563
f0rest Komplett,CounterTerrorist,1685.196,1867.578,161.626,Knife,63,87,128.7066,-203.1177,0,False,False,False,281.9531,6.328125
f0rest Komplett,CounterTerrorist,1689.025,1860.998,160.0313,Knife,63,87,119.006,-214.7786,0,False,False,False,281.9531,6.328125
f0rest Komplett,CounterTerrorist,1692.577,1854.092,160.0313,Knife,63,87,110.484,-224.2616,0,False,False,False,281.9531,6.328125
f0rest Komplett,CounterTerrorist,1695.907,1847.025,160.0313,Knife,63,87,108.8379,-224.9616,0,False,False,False,281.9531,6.328125
f0rest Komplett,CounterTerrorist,1699.688,1840.191,160.0313,Knife,63,87,127.773,-214.8815,0,False,False,False,282.3047,6.328125
f0rest Komplett,CounterTerrorist,1703.989,1833.672,160.0313,Knife,63,87,143.1842,-204.9348,0,False,False,False,282.3047,6.328125
f0rest Komplett,CounterTerrorist,1708.714,1827.451,160.0313,Knife,63,87,155.6579,-195.6288,0,False,False,False,282.3047,6.328125
f0rest Komplett,CounterTerrorist,1713.731,1821.463,160.0313,Knife,63,87,159.4278,-192.5689,0,False,False,False,282.3047,6.328125
f0rest Komplett,CounterTerrorist,1718.417,1815.214,160.0313,Knife,63,87,144.4707,-204.0299,0,False,False,False,282.3047,6.328125
f0rest Komplett,CounterTerrorist,1722.669,1808.662,160.0313,Knife,63,87,131.2719,-212.762,0,False,False,False,282.6563,6.328125
f0rest Komplett,CounterTerrorist,1726.547,1801.88,160.0313,Knife,63,87,120.0323,-219.2995,0,False,False,False,283.3594,5.976563
f0rest Komplett,CounterTerrorist,1730.114,1794.93,160.0313,Knife,63,87,110.8563,-224.0779,0,False,False,False,284.4141,5.976563
f0rest Komplett,CounterTerrorist,1733.436,1787.86,160.0313,Knife,63,87,103.8742,-227.3987,0,False,False,False,286.1719,5.976563
f0rest Komplett,CounterTerrorist,1736.582,1780.709,160.0313,Knife,63,87,99.03342,-229.5482,0,False,False,False,287.5781,5.976563
f0rest Komplett,CounterTerrorist,1739.619,1773.511,160.0313,Knife,63,87,96.24984,-230.7292,0,False,False,False,289.3359,5.976563
f0rest Komplett,CounterTerrorist,1742.593,1766.286,160.0313,Knife,63,87,94.59189,-231.4139,0,False,False,False,290.0391,5.625
f0rest Komplett,CounterTerrorist,1745.524,1759.045,160.0313,Knife,63,87,93.39211,-231.9007,0,False,False,False,290.3906,5.625
f0rest Komplett,CounterTerrorist,1748.424,1751.79,160.0313,Knife,63,87,92.45982,-232.2739,0,False,False,False,290.3906,5.625
f0rest Komplett,CounterTerrorist,1751.299,1744.526,160.0313,Knife,63,87,91.75394,-232.5537,0,False,False,False,290.3906,5.625
f0rest Komplett,CounterTerrorist,1754.157,1737.255,160.0313,Knife,63,87,91.31043,-232.7282,0,False,False,False,290.7422,5.625
f0rest Komplett,CounterTerrorist,1757.007,1729.981,160.0313,Knife,63,87,91.18219,-232.7784,0,False,False,False,291.4453,5.625
f0rest Komplett,CounterTerrorist,1759.859,1722.708,160.0313,Knife,63,87,91.35802,-232.7095,0,False,False,False,291.7969,5.625
f0rest Komplett,CounterTerrorist,1762.725,1715.44,160.0313,Knife,63,87,92.0189,-232.449,0,False,False,False,293.2031,5.273438
f0rest Komplett,CounterTerrorist,1765.634,1708.189,160.0313,Knife,63,87,93.90014,-231.6954,0,False,False,False,296.0156,4.921875
f0rest Komplett,CounterTerrorist,1768.631,1700.974,162.3418,Knife,63,87,96.73016,-230.5282,292.6184,False,False,False,300.5859,4.921875
f0rest Komplett,CounterTerrorist,1771.654,1693.77,171.0955,Knife,63,87,96.73016,-230.5282,267.6184,False,False,False,306.5625,5.273438
f0rest Komplett,CounterTerrorist,1774.677,1686.566,179.0679,Knife,63,87,96.73016,-230.5282,242.6184,False,False,False,311.4844,5.625
f0rest Komplett,CounterTerrorist,1777.7,1679.362,186.2592,Knife,63,87,96.73016,-230.5282,217.6184,False,False,False,313.2422,5.625
f0rest Komplett,CounterTerrorist,1780.723,1672.158,192.6691,M4A1,63,87,96.73016,-230.5282,192.6184,False,False,False,310.4297,5.625
f0rest Komplett,CounterTerrorist,1783.745,1664.954,198.2979,M4A1,63,87,96.73016,-230.5282,167.6184,False,False,False,304.4531,5.273438
f0rest Komplett,CounterTerrorist,1786.708,1657.717,203.1453,M4A1,63,87,90.73857,-233.7693,142.6184,False,False,False,298.125,4.921875
f0rest Komplett,CounterTerrorist,1789.182,1650.237,207.2116,M4A1,63,87,73.59531,-241.8501,117.6184,False,False,False,293.5547,5.273438
f0rest Komplett,CounterTerrorist,1791.193,1642.564,210.4965,M4A1,63,87,59.95258,-247.2407,92.61838,False,False,False,290.3906,5.625
f0rest Komplett,CounterTerrorist,1792.886,1634.774,213.0003,M4A1,63,87,51.35554,-250.2174,67.61838,False,False,False,288.2813,5.976563
f0rest Komplett,CounterTerrorist,1794.389,1626.922,214.7227,M4A1,63,87,46.67176,-251.7054,42.61838,False,False,False,287.2266,5.976563
f0rest Komplett,CounterTerrorist,1795.847,1619.057,215.664,M4A1,63,87,46.67176,-251.7054,17.61838,False,False,False,286.5234,6.328125
f0rest Komplett,CounterTerrorist,1797.2,1611.16,215.8239,M4A1,63,87,41.94201,-253.0795,-7.381622,False,False,False,286.1719,6.328125
f0rest Komplett,CounterTerrorist,1798.511,1603.251,215.2027,M4A1,63,87,41.942,-253.0795,-32.38162,False,False,False,286.1719,6.328125
f0rest Komplett,CounterTerrorist,1799.819,1595.342,213.8001,M4A1,63,87,41.60352,-253.1768,-57.38162,False,False,False,286.1719,6.328125
f0rest Komplett,CounterTerrorist,1801.116,1587.429,211.6163,M4A1,63,87,41.26484,-253.2737,-82.38162,False,False,False,285.8203,6.328125
f0rest Komplett,CounterTerrorist,1802.387,1579.509,208.6513,M4A1,63,87,39.90817,-253.6563,-107.3816,False,False,False,285.4688,6.328125
f0rest Komplett,CounterTerrorist,1803.619,1571.578,204.905,M4A1,63,87,39.22876,-253.8451,-132.3816,False,False,False,285.4688,6.328125
f0rest Komplett,CounterTerrorist,1804.845,1563.646,200.3775,M4A1,63,87,39.22876,-253.8451,-157.3816,False,False,False,285.4688,6.328125
f0rest Komplett,CounterTerrorist,1806.071,1555.713,195.0687,M4A1,63,87,39.22876,-253.8451,-182.3816,False,False,False,285.4688,6.328125
f0rest Komplett,CounterTerrorist,1807.297,1547.78,188.9787,M4A1,63,87,39.22876,-253.8451,-207.3816,False,False,False,285.4688,6.328125
f0rest Komplett,CounterTerrorist,1808.523,1539.848,182.1074,M4A1,63,87,39.22876,-253.8451,-232.3816,False,False,False,285.4688,6.328125
f0rest Komplett,CounterTerrorist,1809.749,1531.915,174.4549,M4A1,63,87,39.22876,-253.8451,-257.3816,False,False,False,285.1172,6.328125
f0rest Komplett,CounterTerrorist,1810.975,1523.982,166.0211,M4A1,63,87,39.22876,-253.8451,-282.3816,False,False,False,284.7656,5.976563
f0rest Komplett,CounterTerrorist,1811.99,1517.459,160.0313,M4A1,63,87,26.22158,-164.4768,0,False,False,False,284.0625,5.625
f0rest Komplett,CounterTerrorist,1812.809,1512.319,167.7637,M4A1,63,87,26.22158,-164.4768,234.9398,False,False,False,283.0078,4.921875
f0rest Komplett,CounterTerrorist,1813.628,1507.179,174.715,M4A1,63,87,26.22158,-164.4768,209.9398,False,False,False,281.9531,4.21875
f0rest Komplett,CounterTerrorist,1814.448,1502.039,180.8849,M4A1,63,87,26.22158,-164.4768,184.9398,False,False,False,280.5469,3.867188
f0rest Komplett,CounterTerrorist,1815.267,1496.899,186.2737,M4A1,63,87,26.22158,-164.4768,159.9398,False,False,False,279.8438,3.867188
f0rest Komplett,CounterTerrorist,1816.086,1491.758,190.8812,M4A1,63,87,26.22158,-164.4768,134.9398,False,False,False,279.8438,3.867188
f0rest Komplett,CounterTerrorist,1816.906,1486.618,194.7074,M4A1,63,87,26.22158,-164.4768,109.9398,False,False,False,279.8438,3.867188
f0rest Komplett,CounterTerrorist,1817.725,1481.478,197.7524,M4A1,63,87,26.22158,-164.4768,84.93979,False,False,False,279.8438,3.867188
f0rest Komplett,CounterTerrorist,1818.544,1476.338,200.0161,M4A1,63,87,26.22158,-164.4768,59.93979,False,False,False,279.8438,3.867188
f0rest Komplett,CounterTerrorist,1819.364,1471.198,201.4986,M4A1,63,87,26.22158,-164.4768,34.93979,False,False,False,279.8438,3.867188
f0rest Komplett,CounterTerrorist,1820.183,1466.058,202.1998,M4A1,63,87,26.22158,-164.4768,9.939789,False,False,False,279.8438,3.867188
f0rest Komplett,CounterTerrorist,1821.002,1460.918,202.1198,M4A1,63,87,26.22158,-164.4768,-15.06021,False,False,False,279.8438,3.867188
f0rest Komplett,CounterTerrorist,1821.822,1455.777,201.2585,M4A1,63,87,26.22158,-164.4768,-40.06021,False,False,False,279.8438,3.867188
f0rest Komplett,CounterTerrorist,1822.641,1450.637,199.616,M4A1,63,87,26.22158,-164.4768,-65.06021,False,False,False,279.8438,3.867188
f0rest Komplett,CounterTerrorist,1823.46,1445.497,197.1923,M4A1,63,87,26.22158,-164.4768,-90.06021,False,False,False,280.1953,4.21875
f0rest Komplett,CounterTerrorist,1824.28,1440.357,193.9872,M4A1,63,87,26.22158,-164.4768,-115.0602,False,False,False,280.5469,4.21875
f0rest Komplett,CounterTerrorist,1825.099,1435.217,190.001,M4A1,63,87,26.22158,-164.4768,-140.0602,False,False,False,280.5469,4.21875
f0rest Komplett,CounterTerrorist,1825.918,1430.077,185.2335,M4A1,63,87,26.22158,-164.4768,-165.0602,False,False,False,280.5469,4.21875
f0rest Komplett,CounterTerrorist,1826.738,1424.937,179.6847,M4A1,63,87,26.22158,-164.4768,-190.0602,False,False,False,280.5469,4.21875
f0rest Komplett,CounterTerrorist,1827.557,1419.797,173.3547,M4A1,63,87,26.22158,-164.4768,-215.0602,False,False,False,280.5469,4.21875
f0rest Komplett,CounterTerrorist,1828.376,1414.656,166.2434,M4A1,63,87,26.22158,-164.4768,-240.0602,False,False,False,280.5469,4.570313
f0rest Komplett,CounterTerrorist,1829.144,1409.501,160.0313,M4A1,63,87,19.62947,-166.3985,0,False,False,False,280.1953,4.570313
f0rest Komplett,CounterTerrorist,1829.83,1404.059,160.0313,M4A1,63,87,23.13956,-177.7129,0,False,False,False,280.1953,4.921875
f0rest Komplett,CounterTerrorist,1830.604,1398.362,160.0313,M4A1,63,87,25.73015,-185.0421,0,False,False,False,280.1953,4.921875
f0rest Komplett,CounterTerrorist,1831.456,1392.434,160.0313,M4A1,63,87,28.15912,-192.5417,0,False,False,False,280.1953,4.921875
f0rest Komplett,CounterTerrorist,1832.381,1386.267,160.0313,M4A1,63,87,30.45875,-200.212,0,False,False,False,280.1953,4.921875
f0rest Komplett,CounterTerrorist,1833.376,1379.858,160.0313,M4A1,63,87,32.65056,-208.0372,0,False,False,False,280.1953,4.921875
f0rest Komplett,CounterTerrorist,1834.435,1373.215,160.0313,M4A1,63,87,34.60268,-215.172,0,False,False,False,280.1953,4.921875
f0rest Komplett,CounterTerrorist,1835.55,1366.369,160.0313,M4A1,63,87,36.27805,-221.2952,0,False,False,False,280.1953,4.921875
f0rest Komplett,CounterTerrorist,1836.642,1359.434,160.0313,M4A1,63,87,29.81249,-221.7452,0,False,False,False,280.1953,4.921875
f0rest Komplett,CounterTerrorist,1837.073,1352.517,160.0313,M4A1,63,87,4.74987,-221.1427,0,False,False,False,281.25,5.273438
f0rest Komplett,CounterTerrorist,1836.81,1345.606,160.0313,M4A1,63,87,-15.77113,-221.2688,0,False,False,False,283.7109,5.625
f0rest Komplett,CounterTerrorist,1835.988,1338.676,160.0313,M4A1,63,87,-32.15136,-222.121,0,False,False,False,285.8203,5.625
f0rest Komplett,CounterTerrorist,1835.079,1331.706,160.0313,M4A1,63,87,-22.52431,-223.8697,0,False,False,False,289.6875,5.625
f0rest Komplett,CounterTerrorist,1834.719,1324.685,160.0313,M4A1,63,87,-4.949558,-224.9456,0,False,False,False,293.9063,5.625
f0rest Komplett,CounterTerrorist,1834.91,1317.658,160.0313,M4A1,63,87,12.78269,-224.6366,0,False,False,False,299.1797,4.921875
f0rest Komplett,CounterTerrorist,1835.663,1310.669,160.0313,M4A1,63,87,30.95316,-222.8607,0,False,False,False,304.8047,4.921875
f0rest Komplett,CounterTerrorist,1836.861,1303.741,160.0313,M4A1,63,87,37.6134,-221.8338,0,False,False,False,309.375,4.921875
f0rest Komplett,CounterTerrorist,1837.88,1296.784,160.0313,M4A1,63,87,30.19411,-222.9648,0,False,False,False,314.6484,4.21875
f0rest Komplett,CounterTerrorist,1838.759,1289.808,160.0313,M4A1,63,87,27.38693,-223.327,0,False,False,False,319.9219,3.867188
f0rest Komplett,CounterTerrorist,1839.615,1282.829,160.0313,M4A1,63,87,27.66589,-223.2926,0,False,False,False,323.7891,3.164063
f0rest Komplett,CounterTerrorist,1840.522,1275.857,160.0313,M4A1,63,87,30.03117,-222.9868,0,False,False,False,326.9531,2.8125
f0rest Komplett,CounterTerrorist,1841.511,1268.962,160.0313,M4A1,63,87,31.40732,-214.2729,0,False,False,False,328.7109,2.460938
f0rest Komplett,CounterTerrorist,1842.404,1262.871,160.0313,M4A1,63,87,26.95465,-183.8951,0,False,False,False,328.7109,2.460938
f0rest Komplett,CounterTerrorist,1843.17,1257.643,160.0313,M4A1,63,87,23.13326,-157.8241,0,False,False,False,328.3594,2.460938
f0rest Komplett,CounterTerrorist,1843.828,1253.157,160.0313,M4A1,63,87,19.85362,-135.4491,0,False,False,False,328.3594,2.460938
f0rest Komplett,CounterTerrorist,1844.377,1249.542,160.0313,M4A1,63,87,18.1728,-115.58,0,False,False,False,328.3594,2.460938
f0rest Komplett,CounterTerrorist,1845.077,1245.727,160.0313,M4A1,63,87,29.22966,-126.2488,0,False,False,False,328.3594,2.460938
f0rest Komplett,CounterTerrorist,1846.539,1241.75,160.0313,M4A1,63,87,56.78191,-127.8518,0,False,False,False,328.3594,2.460938
f0rest Komplett,CounterTerrorist,1848.782,1237.724,160.0313,M4A1,63,87,80.33199,-129.3827,0,False,False,False,328.0078,2.460938
f0rest Komplett,CounterTerrorist,1851.692,1233.65,160.0313,M4A1,63,87,100.3431,-131.0145,0,False,False,False,327.3047,2.8125
f0rest Komplett,CounterTerrorist,1855.165,1229.52,157.8408,M4A1,63,87,117.2454,-132.836,0,False,False,False,326.6016,2.8125
f0rest Komplett,CounterTerrorist,1858.924,1225.459,157.0288,M4A1,63,87,115.5088,-123.9391,0,False,False,False,325.8984,3.164063
f0rest Komplett,CounterTerrorist,1862.338,1221.96,156.4601,M4A1,63,87,110.111,-104.3518,0,False,False,False,325.1953,3.164063
f0rest Komplett,CounterTerrorist,1865.984,1219.084,156.1015,M4A1,63,87,123.7189,-84.4672,0,False,False,False,324.8438,3.164063
f0rest Komplett,CounterTerrorist,1870.232,1216.805,155.8429,M4A1,63,87,142.8865,-66.36701,0,False,False,False,324.1406,3.164063
f0rest Komplett,CounterTerrorist,1875.025,1215.035,155.6701,M4A1,63,87,159.3884,-51.15198,0,False,False,False,323.7891,3.164063
f0rest Komplett,CounterTerrorist,1880.289,1213.69,155.5691,M4A1,63,87,173.6091,-38.47637,0,False,False,False,323.0859,3.164063
f0rest Komplett,CounterTerrorist,1885.958,1212.695,155.5278,M4A1,63,87,185.8886,-28.13472,0,False,False,False,322.0313,2.8125
f0rest Komplett,CounterTerrorist,1891.978,1211.984,155.6206,M4A1,63,87,196.4865,-19.72663,0,False,False,False,321.6797,2.460938
f0rest Komplett,CounterTerrorist,1898.3,1211.509,155.8933,M4A1,63,87,205.5922,-12.59679,0,False,False,False,321.6797,2.460938
f0rest Komplett,CounterTerrorist,1904.88,1211.237,156.2345,M4A1,63,87,213.4069,-6.477768,0,False,False,False,321.6797,2.460938
f0rest Komplett,CounterTerrorist,1911.682,1211.14,156.6344,M4A1,63,87,220.1138,-1.226246,0,False,False,False,321.6797,2.460938
f0rest Komplett,CounterTerrorist,1918.669,1211.191,157.0843,M4A1,63,87,224.9763,3.267781,0,False,False,False,321.6797,2.460938
f0rest Komplett,CounterTerrorist,1925.698,1211.365,157.5685,M4A1,63,87,224.8952,6.867662,0,False,False,False,321.6797,2.460938
f0rest Komplett,CounterTerrorist,1932.724,1211.636,158.0775,M4A1,63,87,224.7938,9.630179,0,False,False,False,320.9766,2.460938
f0rest Komplett,CounterTerrorist,1939.747,1211.967,158.6017,M4A1,63,87,224.735,10.91653,0,False,False,False,318.8672,2.460938
f0rest Komplett,CounterTerrorist,1946.77,1212.306,163.4372,M4A1,63,87,224.7392,10.82933,286.3684,False,False,False,314.2969,2.460938
f0rest Komplett,CounterTerrorist,1953.793,1212.644,171.9956,M4A1,63,87,224.7392,10.82933,261.3684,False,False,False,309.7266,2.8125
f0rest Komplett,CounterTerrorist,1960.816,1212.983,188.7727,Flash,63,87,224.7392,10.82933,236.3684,False,False,False,306.5625,2.8125
f0rest Komplett,CounterTerrorist,1967.839,1213.321,195.7686,Flash,63,87,224.7392,10.82933,211.3684,False,False,False,306.5625,2.8125
f0rest Komplett,CounterTerrorist,1974.862,1213.659,201.9833,Flash,63,87,224.7392,10.82933,186.3684,False,False,False,306.5625,2.8125
f0rest Komplett,CounterTerrorist,1981.885,1213.998,207.4167,Flash,63,87,224.7392,10.82933,161.3684,False,False,False,306.5625,2.8125
f0rest Komplett,CounterTerrorist,1988.908,1214.336,212.0689,Flash,63,87,224.7392,10.82933,136.3684,False,False,False,306.5625,2.8125
f0rest Komplett,CounterTerrorist,1995.931,1214.675,215.9398,Smoke,63,87,224.7392,10.82933,111.3684,False,False,False,306.5625,2.8125
f0rest Komplett,CounterTerrorist,2002.954,1215.013,219.0294,Smoke,63,87,224.7392,10.82933,86.36838,False,False,False,306.5625,2.8125
f0rest Komplett,CounterTerrorist,2009.977,1215.351,221.3379,Smoke,63,87,224.7392,10.82933,61.36838,False,False,False,305.8594,2.8125
f0rest Komplett,CounterTerrorist,2017,1215.69,222.865,Smoke,63,87,224.7392,10.82933,36.36838,False,False,False,303.0469,3.164063
f0rest Komplett,CounterTerrorist,2024.022,1216.028,223.6109,Smoke,63,87,224.7392,10.82933,11.36838,False,False,False,299.8828,2.8125
f0rest Komplett,CounterTerrorist,2031.045,1216.366,223.5756,Smoke,63,87,224.7392,10.82933,-13.63162,False,False,False,295.6641,2.8125
f0rest Komplett,CounterTerrorist,2038.068,1216.705,222.759,Smoke,63,87,224.7392,10.82933,-38.63162,False,False,False,293.5547,3.164063
f0rest Komplett,CounterTerrorist,2045.091,1217.043,212.1612,Smoke,63,87,224.7392,10.82933,-63.63162,False,False,False,293.2031,3.164063
f0rest Komplett,CounterTerrorist,2052.115,1217.382,209.7821,Smoke,63,87,224.7392,10.82933,-88.63162,False,False,False,293.2031,3.164063
f0rest Komplett,CounterTerrorist,2059.138,1217.72,206.6217,Smoke,63,87,224.7392,10.82933,-113.6316,False,False,False,293.2031,3.164063
f0rest Komplett,CounterTerrorist,2066.161,1218.058,202.6801,Smoke,63,87,224.7392,10.82933,-138.6316,False,False,False,293.2031,3.164063
f0rest Komplett,CounterTerrorist,2073.185,1218.397,197.9573,Smoke,63,87,224.7392,10.82933,-163.6316,False,False,False,293.2031,3.164063
f0rest Komplett,CounterTerrorist,2080.208,1218.735,192.4532,Smoke,63,87,224.7392,10.82933,-188.6316,False,False,False,291.0938,2.460938
f0rest Komplett,CounterTerrorist,2087.232,1219.073,186.1679,Smoke,63,87,224.7392,10.82933,-213.6316,False,False,False,288.2813,2.460938
f0rest Komplett,CounterTerrorist,2094.255,1219.412,179.1013,Smoke,63,87,224.7392,10.82933,-238.6316,False,False,False,285.8203,2.109375
f0rest Komplett,CounterTerrorist,2101.279,1219.75,171.2534,Smoke,63,87,224.7392,10.82933,-263.6316,False,False,False,284.0625,2.109375
f0rest Komplett,CounterTerrorist,2108.302,1220.089,162.6244,Smoke,63,87,224.7392,10.82933,0,False,False,False,282.6563,2.109375
f0rest Komplett,CounterTerrorist,2114.031,1220.438,161.7317,Smoke,63,87,186.1755,13.5335,0,False,False,False,281.25,2.109375
f0rest Komplett,CounterTerrorist,2120,1220.957,161.6603,Smoke,63,87,193.9162,18.24252,0,False,False,False,280.1953,2.460938
f0rest Komplett,CounterTerrorist,2126.215,1221.596,161.6114,Smoke,63,87,201.8913,21.66346,0,False,False,False,279.1406,2.460938
f0rest Komplett,CounterTerrorist,2132.684,1222.325,161.5768,Smoke,63,87,210.1138,24.17909,0,False,False,False,278.0859,2.460938
f0rest Komplett,CounterTerrorist,2139.415,1223.116,161.5495,Smoke,63,87,218.5908,25.9261,0,False,False,False,277.3828,2.460938
f0rest Komplett,CounterTerrorist,2146.416,1223.95,161.524,Smoke,63,87,227.3056,27.11848,0,False,False,False,276.6797,2.460938
f0rest Komplett,CounterTerrorist,2153.679,1224.812,161.4965,Smoke,63,87,235.3523,27.77423,0,False,False,False,275.9766,2.460938
f0rest Komplett,CounterTerrorist,2161.172,1225.684,161.4636,Smoke,63,87,242.3026,27.92033,0,False,False,False,275.625,2.460938
f0rest Komplett,CounterTerrorist,2168.78,1226.546,161.4244,Smoke,63,87,243.4728,27.31255,0,False,False,False,275.2734,2.460938
f0rest Komplett,CounterTerrorist,2176.39,1227.385,161.6353,Smoke,63,87,243.5577,26.54536,0,False,False,False,274.9219,2.460938
f0rest Komplett,CounterTerrorist,2184.002,1227.998,162.0433,Smoke,63,87,243.6373,0,0,False,False,False,274.9219,2.460938
f0rest Komplett,CounterTerrorist,2191.446,1227.998,162.3134,Smoke,63,87,226.9681,0,0,False,False,False,274.9219,2.460938
f0rest Komplett,CounterTerrorist,2197.815,1227.991,162.543,Smoke,63,87,184.1106,-0.9116572,0,False,False,False,274.9219,2.460938
f0rest Komplett,CounterTerrorist,2202.245,1227.898,162.6838,Smoke,63,87,117.6245,-4.129433,0,False,False,False,274.5703,2.8125
f0rest Komplett,CounterTerrorist,2204.785,1227.718,162.7372,Smoke,63,87,60.52083,-6.693343,0,False,False,False,274.2188,3.164063
f0rest Komplett,CounterTerrorist,2205.875,1227.498,162.7295,Smoke,63,87,28.08509,-6.361652,0,False,False,False,274.2188,3.164063
f0rest Komplett,CounterTerrorist,2206.538,1227.347,162.7213,Smoke,63,87,17.11304,-3.876336,0,False,False,False,274.2188,3.164063
f0rest Komplett,CounterTerrorist,2206.858,1227.275,162.7173,Smoke,63,87,6.141003,-1.39102,0,False,False,False,274.2188,3.164063
f0rest Komplett,CounterTerrorist,2206.885,1227.269,162.717,Smoke,63,87,0,0,0,False,False,False,273.8672,3.515625
f0rest Komplett,CounterTerrorist,2206.9,1227.04,162.6684,Smoke,63,87,1.250386,-18.58298,0,False,False,False,273.8672,3.515625
f0rest Komplett,CounterTerrorist,2206.98,1225.843,162.4142,Smoke,63,87,3.317478,-50.14034,0,False,False,False,273.5156,3.515625
f0rest Komplett,CounterTerrorist,2207.122,1223.66,161.9502,Smoke,63,87,5.239729,-81.70692,0,False,False,False,273.5156,3.515625
f0rest Komplett,CounterTerrorist,2207.318,1220.532,161.2853,Smoke,63,87,6.852935,-110.5777,0,False,False,False,273.1641,3.515625
f0rest Komplett,CounterTerrorist,2207.559,1216.583,160.4457,Smoke,63,87,8.225334,-135.356,0,False,False,False,273.5156,3.515625
f0rest Komplett,CounterTerrorist,2207.842,1211.93,159.4563,Smoke,63,87,9.487022,-156.6166,0,False,False,False,273.5156,3.515625
f0rest Komplett,CounterTerrorist,2208.155,1206.756,158.3561,Smoke,63,87,9.93736,-164.1629,0,False,False,False,273.5156,3.515625
f0rest Komplett,CounterTerrorist,2208.438,1202.089,157.3637,Smoke,63,87,8.528526,-140.8893,0,False,False,False,273.5156,3.515625
f0rest Komplett,CounterTerrorist,2208.928,1198.099,156.5242,Smoke,63,87,28.31678,-119.6481,0,False,False,False,273.5156,3.164063
f0rest Komplett,CounterTerrorist,2210.538,1194.746,155.8623,Smoke,63,87,64.75169,-100.2445,0,False,False,False,273.5156,3.164063
f0rest Komplett,CounterTerrorist,2213.184,1191.945,155.3565,Smoke,63,87,96.02117,-83.59165,0,False,False,False,273.5156,3.164063
f0rest Komplett,CounterTerrorist,2216.719,1189.617,154.9847,Smoke,63,87,122.8575,-69.29974,0,False,False,False,273.5156,3.164063
f0rest Komplett,CounterTerrorist,2220.976,1187.693,154.7258,M4A1,63,87,143.3661,-57.18629,0,False,False,False,273.5156,3.164063
f0rest Komplett,CounterTerrorist,2225.791,1186.112,154.4233,M4A1,63,87,160.1883,-46.83718,0,False,False,False,273.5156,3.164063
f0rest Komplett,CounterTerrorist,2231.084,1184.825,154.1468,M4A1,63,87,174.6257,-37.95527,0,False,False,False,273.5156,3.164063
f0rest Komplett,CounterTerrorist,2236.788,1183.791,153.9245,M4A1,63,87,187.0178,-30.35923,0,False,False,False,273.5156,3.164063
f0rest Komplett,CounterTerrorist,2242.844,1182.971,153.7484,M4A1,63,87,197.6553,-23.87837,0,False,False,False,273.1641,3.164063
f0rest Komplett,CounterTerrorist,2249.203,1182.335,153.9128,M4A1,63,87,206.7877,-18.36766,0,False,False,False,273.1641,3.164063
f0rest Komplett,CounterTerrorist,2255.887,1181.858,154.2592,Flash,63,87,217.9319,-13.51945,0,False,False,False,273.1641,3.164063
f0rest Komplett,CounterTerrorist,2262.888,1181.516,154.6413,Flash,63,87,227.5023,-9.470446,0,False,False,False,272.8125,3.164063
f0rest Komplett,CounterTerrorist,2270.161,1181.286,155.0534,Flash,63,87,235.7243,-6.164911,0,False,False,False,272.8125,3.164063
f0rest Komplett,CounterTerrorist,2277.668,1181.147,155.4906,Flash,63,87,242.7885,-3.495872,0,False,False,False,272.4609,3.164063
f0rest Komplett,CounterTerrorist,2285.32,1181.075,155.9003,Flash,63,87,244.9937,-1.753771,0,False,False,False,271.4063,3.164063
f0rest Komplett,CounterTerrorist,2292.976,1181.039,156.102,Flash,63,87,244.9982,-0.9264833,0,False,False,False,270.3516,3.515625
f0rest Komplett,CounterTerrorist,2300.632,1181.009,156.3046,Flash,63,87,244.9978,-1.040521,0,False,False,False,268.9453,3.515625
f0rest Komplett,CounterTerrorist,2308.288,1180.957,156.5044,Flash,63,87,244.99,-2.215121,0,False,False,False,267.1875,3.867188
f0rest Komplett,CounterTerrorist,2315.944,1180.846,156.6971,Flash,63,87,244.9586,-4.50498,0,False,False,False,265.0781,4.21875
f0rest Komplett,CounterTerrorist,2323.592,1180.7,156.8853,Flash,63,87,244.2063,-0.2628288,0,False,False,False,262.6172,4.570313
f0rest Komplett,CounterTerrorist,2331.184,1181.171,157.1467,Flash,63,87,242.3202,23.65599,0,False,False,False,260.5078,4.921875
f0rest Komplett,CounterTerrorist,2338.736,1182.297,157.3717,Flash,63,87,241.2107,42.92326,0,False,False,False,258.3984,4.921875
f0rest Komplett,CounterTerrorist,2346.284,1183.571,157.4912,Flash,63,87,242.5399,34.63239,0,False,False,False,256.6406,4.921875
f0rest Komplett,CounterTerrorist,2353.899,1184.353,157.9145,Flash,63,87,244.2284,19.42859,0,False,False,False,255.2344,5.273438
f0rest Komplett,CounterTerrorist,2361.547,1184.693,158.4926,Flash,63,87,244.9264,6.004213,0,False,False,False,254.8828,5.273438
f0rest Komplett,CounterTerrorist,2368.99,1184.715,159.03,Flash,63,87,226.9695,-0.01971825,0,False,False,False,254.1797,4.921875
f0rest Komplett,CounterTerrorist,2374.667,1184.936,159.4675,Flash,63,87,155.8342,11.13705,0,False,False,False,253.8281,4.921875
f0rest Komplett,CounterTerrorist,2378.323,1185.481,159.7862,Flash,63,87,94.89818,21.10371,0,False,False,False,253.125,4.570313
f0rest Komplett,CounterTerrorist,2380.246,1186.316,160.004,Flash,63,87,42.21729,29.88088,0,False,False,False,252.4219,4.21875
f0rest Komplett,CounterTerrorist,2380.627,1187.348,160.1264,Flash,63,87,-4.62435,34.17733,0,False,False,False,251.7188,3.867188
f0rest Komplett,CounterTerrorist,2379.764,1188.482,160.1626,Flash,63,87,-40.39777,38.02097,0,False,False,False,251.0156,3.867188
f0rest Komplett,CounterTerrorist,2377.879,1189.801,160.1487,Flash,63,87,-72.02734,44.99795,0,False,False,False,251.0156,3.515625
f0rest Komplett,CounterTerrorist,2376.302,1190.912,160.1327,Flash,63,87,-31.82173,27.71817,0,False,False,False,250.3125,3.515625
f0rest Komplett,CounterTerrorist,2376.216,1191.326,160.1557,Flash,63,87,12.72492,3.939808,0,False,False,False,249.9609,3.515625
f0rest Komplett,CounterTerrorist,2376.948,1191.231,160.2009,Flash,63,87,21.76914,-3.393671,0,False,False,False,249.6094,3.515625
f0rest Komplett,CounterTerrorist,2377.412,1191.159,160.2385,Flash,63,87,10.6534,-1.660798,0,False,False,False,249.2578,3.515625
f0rest Komplett,CounterTerrorist,2377.531,1191.141,160.2385,Flash,63,87,0,0,0,False,False,False,249.2578,3.515625
f0rest Komplett,CounterTerrorist,2377.531,1191.141,160.2385,Flash,63,87,0,0,0,False,False,False,248.9063,3.515625
f0rest Komplett,CounterTerrorist,2377.531,1191.141,160.2385,Flash,63,87,0,0,0,False,False,False,248.9063,3.867188
f0rest Komplett,CounterTerrorist,2377.531,1191.141,160.2385,Flash,63,87,0,0,0,False,False,False,248.9063,3.867188
f0rest Komplett,CounterTerrorist,2377.531,1191.141,160.2385,Flash,63,87,0,0,0,False,False,False,248.5547,4.21875
f0rest Komplett,CounterTerrorist,2377.531,1191.141,160.2385,Flash,63,87,0,0,0,False,False,False,248.5547,4.921875
f0rest Komplett,CounterTerrorist,2377.531,1191.141,160.2385,Flash,63,87,0,0,0,False,False,False,248.5547,5.625
f0rest Komplett,CounterTerrorist,2377.531,1191.141,160.2385,Flash,63,87,0,0,0,False,False,False,248.5547,6.328125
f0rest Komplett,CounterTerrorist,2377.531,1191.141,160.2385,Flash,63,87,0,0,0,False,False,False,248.9063,8.085938
f0rest Komplett,CounterTerrorist,2377.531,1191.141,160.2385,Flash,63,87,0,0,0,False,False,False,249.2578,10.19531
f0rest Komplett,CounterTerrorist,2377.531,1191.141,160.2385,Flash,63,87,0,0,0,False,False,False,249.9609,10.19531
f0rest Komplett,CounterTerrorist,2377.531,1191.141,160.2385,Flash,63,87,0,0,0,False,False,False,250.6641,10.19531
f0rest Komplett,CounterTerrorist,2377.531,1191.141,160.2385,Flash,63,87,0,0,0,False,False,False,250.6641,9.84375
f0rest Komplett,CounterTerrorist,2377.531,1191.141,160.2385,Flash,63,87,0,0,0,False,False,False,250.6641,9.492188
f0rest Komplett,CounterTerrorist,2377.119,1191.285,160.2285,Flash,63,87,-25.04064,8.767742,0,False,False,False,250.6641,9.492188
f0rest Komplett,CounterTerrorist,2375.753,1191.763,160.1718,Flash,63,87,-54.89335,19.20595,0,False,False,False,250.6641,9.492188
f0rest Komplett,CounterTerrorist,2373.457,1192.566,160.0815,Flash,63,87,-84.5022,29.56047,0,False,False,False,250.6641,9.492188
f0rest Komplett,CounterTerrorist,2370.332,1193.66,159.9608,M4A1,63,87,-108.3607,37.98843,0,False,False,False,250.3125,9.492188
f0rest Komplett,CounterTerrorist,2366.553,1194.99,159.8156,M4A1,63,87,-128.0224,45.183,0,False,False,False,249.9609,9.492188
f0rest Komplett,CounterTerrorist,2362.218,1196.528,159.6502,M4A1,63,87,-144.8227,51.56152,0,False,False,False,249.9609,9.140625
f0rest Komplett,CounterTerrorist,2357.406,1198.251,159.468,M4A1,63,87,-159.1784,57.20608,0,False,False,False,249.6094,9.140625
f0rest Komplett,CounterTerrorist,2352.181,1200.012,159.2599,M4A1,63,87,-171.784,50.48142,0,False,False,False,248.9063,8.789063
f0rest Komplett,CounterTerrorist,2346.613,1201.153,159.1395,USP,63,87,-182.2745,28.49257,0,False,False,False,247.5,8.085938
f0rest Komplett,CounterTerrorist,2340.694,1201.678,159.181,USP,63,87,-193.568,10.44288,0,False,False,False,244.3359,7.382813
f0rest Komplett,CounterTerrorist,2334.436,1201.743,159.181,USP,63,87,-204.2197,-2.137241,0,False,False,False,239.0625,6.328125
f0rest Komplett,CounterTerrorist,2327.855,1201.529,159.1747,USP,63,87,-214.3008,-8.941097,0,False,False,False,232.7344,5.625
f0rest Komplett,CounterTerrorist,2321,1201.159,159.14,USP,63,87,-220.3495,-17.29745,0,False,False,False,225.7031,5.273438
f0rest Komplett,CounterTerrorist,2314.146,1200.143,158.9854,USP,63,87,-219.1777,-40.73028,0,False,False,False,218.3203,4.921875
f0rest Komplett,CounterTerrorist,2307.264,1198.538,158.6057,USP,63,87,-221.1739,-56.8694,0,False,False,False,210.9375,4.921875
f0rest Komplett,CounterTerrorist,2300.28,1196.548,158.1768,USP,63,87,-225.0856,-66.97797,0,False,False,False,204.6094,4.921875
f0rest Komplett,CounterTerrorist,2293.155,1194.359,157.7198,USP,63,87,-229.2285,-71.09343,0,False,False,False,198.2813,4.921875
f0rest Komplett,CounterTerrorist,2285.985,1192.156,157.2601,USP,63,87,-229.6448,-69.73727,0,False,False,False,193.3594,4.921875
f0rest Komplett,CounterTerrorist,2278.785,1190.057,156.6371,USP,63,87,-230.955,-65.26691,0,False,False,False,188.4375,4.921875
f0rest Komplett,CounterTerrorist,2271.543,1188.109,155.9632,USP,63,87,-231.5588,-63.09155,0,False,False,False,183.8672,4.570313
f0rest Komplett,CounterTerrorist,2264.429,1185.742,155.2463,USP,63,87,-225.3378,-82.60059,0,False,False,False,180,3.867188
f0rest Komplett,CounterTerrorist,2257.5,1182.876,154.4801,USP,63,87,-219.7006,-96.60035,0,False,False,False,176.4844,3.164063
f0rest Komplett,CounterTerrorist,2250.716,1179.677,156.1936,USP,63,87,-216.2452,-104.1058,292.6184,False,False,False,173.3203,2.460938
f0rest Komplett,CounterTerrorist,2243.958,1176.424,164.9474,USP,63,87,-216.2452,-104.1058,267.6184,False,False,False,171.5625,2.109375
f0rest Komplett,CounterTerrorist,2237.2,1173.171,172.9198,USP,63,87,-216.2452,-104.1058,242.6184,False,False,False,170.8594,1.757813
f0rest Komplett,CounterTerrorist,2230.443,1169.917,180.1111,USP,63,87,-216.2452,-104.1058,217.6184,False,False,False,170.8594,1.757813
f0rest Komplett,CounterTerrorist,2223.685,1166.664,186.521,USP,63,87,-216.2452,-104.1058,192.6184,False,False,False,172.6172,1.40625
f0rest Komplett,CounterTerrorist,2216.927,1163.41,192.1498,USP,63,87,-216.2452,-104.1058,167.6184,False,False,False,175.0781,1.757813
f0rest Komplett,CounterTerrorist,2210.169,1160.157,196.9972,USP,63,87,-216.2452,-104.1058,142.6184,False,False,False,176.4844,2.460938
f0rest Komplett,CounterTerrorist,2203.413,1156.938,201.0635,USP,63,87,-216.0797,-99.67861,117.6184,False,False,False,177.8906,3.164063
f0rest Komplett,CounterTerrorist,2196.673,1154.177,204.3484,USP,63,87,-215.444,-81.49704,92.61838,False,False,False,177.8906,3.515625
f0rest Komplett,CounterTerrorist,2189.949,1151.886,206.8522,M4A1,63,87,-215.1193,-72.11983,67.61838,False,False,False,177.8906,3.515625
f0rest Komplett,CounterTerrorist,2183.226,1149.632,208.5746,M4A1,63,87,-215.1193,-72.11983,42.61838,False,False,False,177.8906,3.164063
f0rest Komplett,CounterTerrorist,2176.504,1147.378,209.5159,M4A1,63,87,-215.1193,-72.11983,17.61838,False,False,False,177.8906,2.8125
f0rest Komplett,CounterTerrorist,2169.781,1145.124,209.6758,M4A1,63,87,-215.1193,-72.11983,-7.381622,False,False,False,178.2422,2.8125
f0rest Komplett,CounterTerrorist,2163.058,1142.87,209.0546,M4A1,63,87,-215.1193,-72.11983,-32.38162,False,False,False,179.6484,2.8125
f0rest Komplett,CounterTerrorist,2156.336,1140.616,207.652,M4A1,63,87,-215.1193,-72.11983,-57.38162,False,False,False,187.7344,2.8125
f0rest Komplett,CounterTerrorist,2149.613,1138.362,205.4682,M4A1,63,87,-215.1193,-72.11983,-82.38162,False,False,False,199.6875,3.164063
f0rest Komplett,CounterTerrorist,2142.89,1136.109,202.5032,M4A1,63,87,-215.1193,-72.11983,-107.3816,False,False,False,214.1016,4.21875
f0rest Komplett,CounterTerrorist,2136.521,1133.51,198.7569,M4A1,63,87,-184.6393,-101.258,-132.3816,False,False,False,228.1641,4.921875
f0rest Komplett,CounterTerrorist,2132.094,1129.392,194.2294,M4A1,63,87,-114.7564,-148.3052,-157.3816,False,False,False,240.4688,4.921875
f0rest Komplett,CounterTerrorist,2129.543,1124.25,188.9206,M4A1,63,87,-76.8278,-166.7471,-182.3816,False,False,False,251.7188,4.921875
f0rest Komplett,CounterTerrorist,2127.143,1119.039,182.8306,M4A1,63,87,-76.8278,-166.7471,-207.3816,False,False,False,261.9141,4.21875
f0rest Komplett,CounterTerrorist,2124.742,1113.828,175.9593,M4A1,63,87,-76.8278,-166.7471,-232.3816,False,False,False,271.0547,3.515625
f0rest Komplett,CounterTerrorist,2122.342,1108.617,168.3068,M4A1,63,87,-76.8278,-166.7471,-257.3816,False,False,False,278.7891,2.460938
f0rest Komplett,CounterTerrorist,2119.942,1103.406,159.873,M4A1,63,87,-76.8278,-166.7471,-282.3816,False,False,False,284.7656,1.054688
f0rest Komplett,CounterTerrorist,2117.541,1098.195,150.658,M4A1,63,87,-76.8278,-166.7471,-307.3816,False,False,False,288.9844,359.6484
f0rest Komplett,CounterTerrorist,2115.623,1093.32,148.296,M4A1,63,87,-50.67695,-155.9989,0,False,False,False,290.0391,358.9453
f0rest Komplett,CounterTerrorist,2114.565,1088.307,148.3448,M4A1,63,87,-19.82601,-158.8293,0,False,False,False,290.0391,358.9453
f0rest Komplett,CounterTerrorist,2114.674,1083.48,148.363,M4A1,63,87,16.73627,-151.9896,0,False,False,False,290.0391,358.9453
f0rest Komplett,CounterTerrorist,2115.829,1079.021,148.3829,M4A1,63,87,48.73813,-131.3471,0,False,False,False,290.0391,358.9453
f0rest Komplett,CounterTerrorist,2117.91,1075.542,148.3829,M4A1,63,87,76.79402,-99.9836,0,False,False,False,290.0391,358.9453
f0rest Komplett,CounterTerrorist,2120.789,1072.953,148.3715,M4A1,63,87,100.8614,-73.03687,0,False,False,False,290.3906,358.5938
f0rest Komplett,CounterTerrorist,2124.349,1071.139,148.4176,M4A1,63,87,121.3354,-49.42539,0,False,False,False,291.0938,358.9453
f0rest Komplett,CounterTerrorist,2128.489,1070.001,148.4769,M4A1,63,87,138.8412,-28.9896,0,False,False,False,291.0938,358.9453
f0rest Komplett,CounterTerrorist,2133.129,1069.438,148.4725,M4A1,63,87,154.0134,-11.8418,0,False,False,False,290.0391,358.9453
f0rest Komplett,CounterTerrorist,2138.206,1069.349,148.4154,M4A1,63,87,167.2853,2.182705,0,False,False,False,288.6328,358.5938
f0rest Komplett,CounterTerrorist,2143.67,1069.627,148.3169,M4A1,63,87,179.2842,12.2941,0,False,False,False,284.0625,359.2969
f0rest Komplett,CounterTerrorist,2149.387,1069.572,148.2481,M4A1,63,87,184.8592,-10.03728,0,False,False,False,279.8438,0
f0rest Komplett,CounterTerrorist,2155.032,1068.775,148.254,M4A1,63,87,168.5025,-36.37708,0,False,False,False,277.7344,0.3515625
f0rest Komplett,CounterTerrorist,2159.374,1067.151,148.3589,M4A1,63,87,122.0771,-60.83506,0,False,False,False,277.7344,0
f0rest Komplett,CounterTerrorist,2162.395,1064.832,148.55,M4A1,63,87,82.23347,-81.8256,0,False,False,False,277.7344,0
f0rest Komplett,CounterTerrorist,2164.255,1061.967,148.8104,M4A1,63,87,44.2454,-93.33072,0,False,False,False,277.7344,0
f0rest Komplett,CounterTerrorist,2165.45,1059.306,149.0592,M4A1,63,87,48.4179,-78.68134,0,False,False,False,277.7344,0
f0rest Komplett,CounterTerrorist,2167.56,1057.169,149.2895,M4A1,63,87,78.4305,-62.52121,0,False,False,False,277.7344,0
f0rest Komplett,CounterTerrorist,2170.525,1055.485,149.5113,M4A1,63,87,104.2417,-49.07108,0,False,False,False,276.6797,0.3515625
f0rest Komplett,CounterTerrorist,2174.225,1054.163,149.7069,M4A1,63,87,126.5118,-38.62015,0,False,False,False,274.5703,0.703125
f0rest Komplett,CounterTerrorist,2178.561,1053.107,149.8847,M4A1,63,87,145.7396,-31.24462,0,False,False,False,272.1094,1.054688
f0rest Komplett,CounterTerrorist,2183.445,1052.234,150.0521,M4A1,63,87,162.2871,-26.20265,0,False,False,False,270.3516,1.40625
f0rest Komplett,CounterTerrorist,2188.121,1051.49,150.2027,M4A1,63,87,128.7383,-22.48684,0,False,False,False,270,1.40625
f0rest Komplett,CounterTerrorist,2191.04,1050.849,150.3151,M4A1,63,87,73.272,-19.38092,0,False,False,False,270,1.40625
f0rest Komplett,CounterTerrorist,2192.351,1050.307,150.3921,M4A1,63,87,23.28489,-15.79507,0,False,False,False,270.3516,1.40625
f0rest Komplett,CounterTerrorist,2192.214,1049.97,150.4133,M4A1,63,87,-17.96469,-7.483636,0,False,False,False,270.3516,1.40625
f0rest Komplett,CounterTerrorist,2191.094,1049.793,150.4133,M4A1,63,87,-46.4631,-5.025073,0,False,False,False,270.3516,1.40625
f0rest Komplett,CounterTerrorist,2189.553,1049.655,150.4133,M4A1,63,87,-35.25982,-4.009134,0,False,False,False,270.3516,1.40625
f0rest Komplett,CounterTerrorist,2189.348,1049.425,150.4371,M4A1,63,87,6.75386,-13.36286,0,False,False,False,270.3516,1.40625
f0rest Komplett,CounterTerrorist,2189.986,1048.65,150.5279,M4A1,63,87,28.24026,-31.94813,0,False,False,False,270.3516,1.40625
f0rest Komplett,CounterTerrorist,2191.267,1047.272,150.6564,M4A1,63,87,48.58037,-51.40005,0,False,False,False,270,1.40625
f0rest Komplett,CounterTerrorist,2193.168,1045.291,150.8267,M4A1,63,87,67.91263,-70.32131,0,False,False,False,270,1.40625
f0rest Komplett,CounterTerrorist,2195.621,1042.766,151.0436,M4A1,63,87,84.51088,-86.7551,0,False,False,False,269.6484,1.40625
f0rest Komplett,CounterTerrorist,2198.545,1039.773,151.3008,M4A1,63,87,98.71083,-100.9038,0,False,False,False,269.6484,1.40625
f0rest Komplett,CounterTerrorist,2201.871,1036.377,151.5927,M4A1,63,87,110.8151,-113.1281,0,False,False,False,269.2969,1.40625
f0rest Komplett,CounterTerrorist,2205.012,1032.42,151.8425,M4A1,63,87,94.65773,-134.3021,0,False,False,False,269.2969,1.40625
f0rest Komplett,CounterTerrorist,2207.657,1027.87,151.7301,M4A1,63,87,76.25295,-151.3574,0,False,False,False,268.9453,1.40625
f0rest Komplett,CounterTerrorist,2209.292,1023.054,151.6831,M4A1,63,87,38.61648,-155.6931,0,False,False,False,268.5938,1.40625
f0rest Komplett,CounterTerrorist,2209.854,1018.116,151.7054,M4A1,63,87,6.21744,-159.3114,0,False,False,False,268.5938,1.40625
f0rest Komplett,CounterTerrorist,2209.493,1013.078,151.7872,M4A1,63,87,-21.69366,-162.3059,0,False,False,False,268.2422,1.40625
f0rest Komplett,CounterTerrorist,2208.391,1007.932,151.917,M4A1,63,87,-38.82784,-167.9084,0,False,False,False,268.2422,1.40625
f0rest Komplett,CounterTerrorist,2207.265,1002.418,152.0248,M4A1,63,87,-34.46341,-181.3013,0,False,False,False,268.2422,1.40625
f0rest Komplett,CounterTerrorist,2206.262,996.5234,152.1273,M4A1,63,87,-30.72985,-192.7952,0,False,False,False,268.2422,1.40625
f0rest Komplett,CounterTerrorist,2205.365,990.3022,152.2253,M4A1,63,87,-27.5256,-202.6595,0,False,False,False,268.2422,1.40625
f0rest Komplett,CounterTerrorist,2204.56,983.8007,152.3193,M4A1,63,87,-24.77562,-211.1253,0,False,False,False,268.2422,1.40625
f0rest Komplett,CounterTerrorist,2203.832,977.0583,152.4101,M4A1,63,87,-22.46693,-218.3893,0,False,False,False,268.2422,1.40625
f0rest Komplett,CounterTerrorist,2203.169,970.114,152.498,M4A1,63,87,-20.48472,-224.0656,0,False,False,False,267.8906,1.40625
f0rest Komplett,CounterTerrorist,2202.567,963.1086,152.5826,M4A1,63,87,-18.59805,-224.23,0,False,False,False,267.8906,1.40625
f0rest Komplett,CounterTerrorist,2201.759,956.1475,152.6798,M4A1,63,87,-34.61446,-220.6224,0,False,False,False,267.8906,1.40625
f0rest Komplett,CounterTerrorist,2200.234,949.3696,152.8213,M4A1,63,87,-56.87645,-214.7764,0,False,False,False,268.2422,1.40625
f0rest Komplett,CounterTerrorist,2198.078,942.7557,153.0663,M4A1,63,87,-75.86623,-209.8826,0,False,False,False,268.5938,1.40625
f0rest Komplett,CounterTerrorist,2195.39,936.2789,153.5847,M4A1,63,87,-91.57639,-205.5207,0,False,False,False,269.6484,1.054688
f0rest Komplett,CounterTerrorist,2192.299,929.9643,154.1482,M4A1,63,87,-102.8132,-200.1361,0,False,False,False,272.4609,0.703125
f0rest Komplett,CounterTerrorist,2188.932,923.7924,154.7417,M4A1,63,87,-110.2871,-196.1167,0,False,False,False,275.625,0
f0rest Komplett,CounterTerrorist,2185.695,917.5764,155.3204,M4A1,63,87,-95.6201,-202.3616,0,False,False,False,278.4375,0
f0rest Komplett,CounterTerrorist,2183.096,911.0926,155.8281,M4A1,63,87,-75.96874,-210.3844,0,False,False,False,279.8438,0
f0rest Komplett,CounterTerrorist,2181.071,904.3833,156.2714,M4A1,63,87,-58.35689,-217.1381,0,False,False,False,280.8984,0
f0rest Komplett,CounterTerrorist,2179.439,897.5443,156.67,M4A1,63,87,-53.93706,-218.4395,0,False,False,False,281.25,0
f0rest Komplett,CounterTerrorist,2177.511,890.7834,157.1029,M4A1,63,87,-66.0826,-215.077,0,False,False,False,281.25,0
f0rest Komplett,CounterTerrorist,2176.031,884.1201,157.4778,M4A1,63,87,0,-212.7496,0,False,False,False,281.25,0
f0rest Komplett,CounterTerrorist,2176.031,877.4569,157.67,M4A1,63,87,0,-213.4895,0,False,False,False,281.25,0
f0rest Komplett,CounterTerrorist,2176.117,870.7048,157.8541,M4A1,63,87,5.414887,-218.4217,0,False,False,False,280.8984,0
f0rest Komplett,CounterTerrorist,2176.414,863.7687,158.0176,M4A1,63,87,11.86346,-223.9643,0,False,False,False,281.25,0.3515625
f0rest Komplett,CounterTerrorist,2176.836,856.7548,158.1678,M4A1,63,87,9.998013,-224.2238,0,False,False,False,281.6016,0.3515625
f0rest Komplett,CounterTerrorist,2176.713,849.7623,158.3847,M4A1,63,87,-11.89865,-223.5087,0,False,False,False,281.6016,0.703125
f0rest Komplett,CounterTerrorist,2176.031,842.7894,158.67,M4A1,63,87,0,-222.9031,0,False,False,False,281.6016,0.703125
f0rest Komplett,CounterTerrorist,2176.031,835.834,158.8706,M4A1,63,87,0,-222.3736,0,False,False,False,281.6016,0.703125
f0rest Komplett,CounterTerrorist,2176.031,828.8949,159.0708,M4A1,63,87,0,-221.8624,0,False,False,False,281.25,0.703125
f0rest Komplett,CounterTerrorist,2176.175,821.8832,159.2554,M4A1,63,87,7.111434,-224.8876,0,False,False,False,280.8984,1.054688
f0rest Komplett,CounterTerrorist,2176.622,814.8887,159.4019,M4A1,63,87,23.04818,-221.4599,0,False,False,False,279.8438,1.40625
f0rest Komplett,CounterTerrorist,2177.881,808.163,159.4406,M4A1,63,87,50.02416,-211.7482,0,False,False,False,278.7891,1.757813
f0rest Komplett,CounterTerrorist,2179.896,801.7001,159.3784,M4A1,63,87,72.67188,-204.0988,0,False,False,False,277.3828,2.109375
f0rest Komplett,CounterTerrorist,2182.537,795.4316,159.1016,M4A1,63,87,91.10327,-198.8058,0,False,False,False,274.2188,2.460938
f0rest Komplett,CounterTerrorist,2185.676,789.2823,158.7144,M4A1,63,87,105.572,-195.8144,0,False,False,False,271.0547,2.8125
f0rest Komplett,CounterTerrorist,2189.178,783.2017,158.2822,M4A1,63,87,115.0542,-193.3586,0,False,False,False,266.8359,2.8125
f0rest Komplett,CounterTerrorist,2192.563,777.0691,157.8646,M4A1,63,87,100.1106,-199.8472,0,False,False,False,261.2109,2.460938
f0rest Komplett,CounterTerrorist,2195.286,770.6631,157.5287,M4A1,63,87,81.86552,-207.8972,0,False,False,False,254.1797,2.460938
f0rest Komplett,CounterTerrorist,2197.911,764.1418,157.2,M4A1,63,87,84.41577,-208.5641,0,False,False,False,247.8516,1.757813
f0rest Komplett,CounterTerrorist,2200.516,757.611,156.8707,M4A1,63,87,82.18366,-209.4537,0,False,False,False,240.4688,1.40625
f0rest Komplett,CounterTerrorist,2202.988,751.0286,156.5578,M4A1,63,87,76.94817,-211.4331,0,False,False,False,235.8984,1.054688
f0rest Komplett,CounterTerrorist,2205.256,744.3739,156.2698,M4A1,63,87,69.81621,-213.8941,0,False,False,False,231.6797,0.703125
f0rest Komplett,CounterTerrorist,2207.279,737.6404,156.012,M4A1,63,87,61.59718,-216.4042,0,False,False,False,228.5156,0.3515625
f0rest Komplett,CounterTerrorist,2209.09,730.8466,155.7803,M4A1,63,87,60.03287,-216.8434,0,False,False,False,225.7031,0
f0rest Komplett,CounterTerrorist,2211.309,724.1764,155.4985,M4A1,63,87,77.04603,-211.3975,0,False,False,False,223.5938,0
f0rest Komplett,CounterTerrorist,2213.975,717.6711,155.1617,M4A1,63,87,89.76396,-206.3188,0,False,False,False,220.7813,0
f0rest Komplett,CounterTerrorist,2216.961,711.306,154.7855,M4A1,63,87,98.59064,-202.2495,0,False,False,False,217.6172,359.6484
f0rest Komplett,CounterTerrorist,2220.157,705.0433,154.3835,M4A1,63,87,104.1139,-199.4625,0,False,False,False,214.4531,359.6484
f0rest Komplett,CounterTerrorist,2223.471,698.8419,153.9671,M4A1,63,87,106.9081,-197.979,0,False,False,False,211.6406,0.3515625
f0rest Komplett,CounterTerrorist,2226.834,692.667,153.5108,M4A1,63,87,107.8706,-197.4562,0,False,False,False,209.5313,0.703125
f0rest Komplett,CounterTerrorist,2230.201,686.4943,152.9926,M4A1,63,87,107.4612,-197.6793,0,False,False,False,206.7188,1.40625
f0rest Komplett,CounterTerrorist,2233.526,680.299,152.4801,M4A1,63,87,105.5796,-198.6906,0,False,False,False,203.9063,1.757813
f0rest Komplett,CounterTerrorist,2236.765,674.0583,151.9794,M4A1,63,87,102.2627,-200.4179,0,False,False,False,200.7422,1.757813
f0rest Komplett,CounterTerrorist,2239.872,667.7509,151.4968,M4A1,63,87,97.58257,-202.7379,0,False,False,False,197.9297,1.757813
f0rest Komplett,CounterTerrorist,2242.819,661.3674,151.0359,M4A1,63,87,92.34724,-205.1755,0,False,False,False,196.1719,1.757813
f0rest Komplett,CounterTerrorist,2245.604,654.9116,150.5974,M4A1,63,87,87.23332,-207.4014,0,False,False,False,195.1172,2.109375
f0rest Komplett,CounterTerrorist,2248.237,648.3922,150.1796,M4A1,63,87,82.57015,-209.3016,0,False,False,False,194.7656,2.109375
f0rest Komplett,CounterTerrorist,2250.737,641.8203,149.7803,M4A1,63,87,78.4846,-210.8676,0,False,False,False,194.4141,2.460938
f0rest Komplett,CounterTerrorist,2253.116,635.2039,149.4162,M4A1,63,87,74.73911,-212.2241,0,False,False,False,193.711,2.460938
f0rest Komplett,CounterTerrorist,2255.382,628.5479,149.0673,M4A1,63,87,71.21496,-213.4325,0,False,False,False,193.3594,2.109375
f0rest Komplett,CounterTerrorist,2257.545,621.8575,148.7318,M4A1,63,87,68.03968,-214.4659,0,False,False,False,192.6563,2.109375
f0rest Komplett,CounterTerrorist,2260.035,615.3135,148.354,M4A1,63,87,87.65669,-205.6087,0,False,False,False,191.9531,2.109375
f0rest Komplett,CounterTerrorist,2263.145,609.0601,147.8962,M4A1,63,87,106.2141,-197.0712,0,False,False,False,190.8984,2.109375
f0rest Komplett,CounterTerrorist,2266.766,603.0435,147.3723,M4A1,63,87,121.0628,-189.6544,0,False,False,False,189.4922,2.460938
f0rest Komplett,CounterTerrorist,2270.768,597.2632,146.7996,M4A1,63,87,131.8691,-182.3062,0,False,False,False,187.7344,2.460938
f0rest Komplett,CounterTerrorist,2275.052,591.6888,146.191,M4A1,63,87,139.953,-176.1765,0,False,False,False,186.3281,2.109375
f0rest Komplett,CounterTerrorist,2279.55,586.2844,145.5554,M4A1,63,87,146.081,-171.1296,0,False,False,False,185.625,1.757813
f0rest Komplett,CounterTerrorist,2284.21,581.0189,144.8992,M4A1,63,87,150.7512,-167.0302,0,False,False,False,184.9219,1.757813
f0rest Komplett,CounterTerrorist,2288.99,575.863,144.2279,M4A1,63,87,154.1729,-163.8771,0,False,False,False,184.2188,1.757813
f0rest Komplett,CounterTerrorist,2293.856,570.7872,143.5459,M4A1,63,87,156.4937,-161.6623,0,False,False,False,183.1641,2.109375
f0rest Komplett,CounterTerrorist,2298.777,565.7649,142.8569,M4A1,63,87,157.965,-160.225,0,False,False,False,182.1094,2.109375
f0rest Komplett,CounterTerrorist,2303.732,560.7766,142.1636,M4A1,63,87,158.8811,-159.3166,0,False,False,False,181.7578,1.757813
f0rest Komplett,CounterTerrorist,2308.713,555.8135,141.1411,M4A1,63,87,159.6864,-158.5094,0,False,False,False,182.1094,1.054688
f0rest Komplett,CounterTerrorist,2313.718,550.8748,140.0934,M4A1,63,87,160.4161,-157.7709,0,False,False,False,182.1094,1.054688
f0rest Komplett,CounterTerrorist,2318.477,545.7702,139.7446,M4A1,63,87,144.2052,-168.9489,0,False,False,False,182.1094,1.054688
f0rest Komplett,CounterTerrorist,2322.603,540.2271,139.4352,M4A1,63,87,125.0969,-182.1878,0,False,False,False,182.1094,1.054688
f0rest Komplett,CounterTerrorist,2326.186,534.3076,139.1006,M4A1,63,87,108.6975,-193.5498,0,False,False,False,182.1094,1.054688
f0rest Komplett,CounterTerrorist,2329.301,528.065,138.7504,M4A1,63,87,94.50076,-203.3046,0,False,False,False,181.4063,1.054688
f0rest Komplett,CounterTerrorist,2331.975,521.5651,138.3881,M4A1,63,87,79.94566,-210.3181,0,False,False,False,177.1875,1.054688
f0rest Komplett,CounterTerrorist,2334.166,514.8857,138.018,M4A1,63,87,64.15656,-215.6593,0,False,False,False,172.6172,0.703125
f0rest Komplett,CounterTerrorist,2335.849,508.0605,137.642,M4A1,63,87,47.5488,-219.9184,0,False,False,False,166.9922,0.3515625
f0rest Komplett,CounterTerrorist,2336.999,501.1255,137.2623,M4A1,63,87,30.28827,-222.9521,0,False,False,False,162.4219,0
f0rest Komplett,CounterTerrorist,2337.612,494.1227,136.8811,M4A1,63,87,13.32149,-224.6053,0,False,False,False,159.2578,359.6484
f0rest Komplett,CounterTerrorist,2337.71,487.0935,136.5004,M4A1,63,87,-2.821029,-224.9823,0,False,False,False,156.7969,359.6484
f0rest Komplett,CounterTerrorist,2337.332,480.0736,136.1123,M4A1,63,87,-17.47571,-224.3203,0,False,False,False,155.3906,359.6484
f0rest Komplett,CounterTerrorist,2336.524,473.0899,135.7262,M4A1,63,87,-30.74265,-222.8899,0,False,False,False,153.6328,359.6484
f0rest Komplett,CounterTerrorist,2335.323,466.1628,135.3432,M4A1,63,87,-42.9229,-220.8679,0,False,False,False,151.875,0
f0rest Komplett,CounterTerrorist,2333.756,459.3091,134.9642,M4A1,63,87,-54.37856,-218.33,0,False,False,False,149.4141,0
f0rest Komplett,CounterTerrorist,2331.843,452.5438,134.5902,M4A1,63,87,-65.24205,-215.3334,0,False,False,False,147.6563,359.6484
f0rest Komplett,CounterTerrorist,2329.606,445.8784,134.2217,M4A1,63,87,-75.2554,-212.0416,0,False,False,False,145.8984,359.6484
f0rest Komplett,CounterTerrorist,2327.074,439.3194,133.8591,M4A1,63,87,-84.36585,-208.5843,0,False,False,False,144.4922,359.6484
f0rest Komplett,CounterTerrorist,2324.273,432.8705,133.5025,M4A1,63,87,-92.68414,-205.0235,0,False,False,False,143.0859,359.2969
f0rest Komplett,CounterTerrorist,2321.229,426.5329,133.1109,M4A1,63,87,-100.1209,-201.4964,0,False,False,False,142.3828,359.2969
f0rest Komplett,CounterTerrorist,2317.796,420.4803,132.6918,M4A1,63,87,-118.1413,-185.375,0,False,False,False,142.3828,359.2969
f0rest Komplett,CounterTerrorist,2313.703,415.1153,132.3034,M4A1,63,87,-138.2991,-163.8732,0,False,False,False,142.3828,359.6484
f0rest Komplett,CounterTerrorist,2309.037,410.362,131.9425,M4A1,63,87,-155.6043,-145.3798,0,False,False,False,142.0313,359.6484
f0rest Komplett,CounterTerrorist,2303.878,406.1393,131.867,M4A1,63,87,-170.488,-129.252,0,False,False,False,141.6797,359.6484
f0rest Komplett,CounterTerrorist,2298.296,402.3779,131.9155,M4A1,63,87,-183.2752,-115.2984,0,False,False,False,141.6797,359.6484
f0rest Komplett,CounterTerrorist,2292.35,399.013,132.001,M4A1,63,87,-194.2463,-103.3501,0,False,False,False,142.0313,359.6484
f0rest Komplett,CounterTerrorist,2286.093,395.9829,132.1217,M4A1,63,87,-203.6322,-93.33844,0,False,False,False,142.0313,359.6484
f0rest Komplett,CounterTerrorist,2279.621,393.3063,132.274,M4A1,63,87,-207.9111,-76.90056,0,False,False,False,142.7344,359.2969
f0rest Komplett,CounterTerrorist,2273.119,391.5661,132.484,M4A1,63,87,-208.1787,-43.63153,0,False,False,False,143.0859,358.9453
f0rest Komplett,CounterTerrorist,2266.607,390.7682,132.7511,M4A1,63,87,-208.5227,-15.23173,0,False,False,False,143.4375,358.9453
f0rest Komplett,CounterTerrorist,2260.379,390.9535,133.5045,M4A1,63,87,-190.2576,20.27825,0,False,False,False,143.7891,358.9453
f0rest Komplett,CounterTerrorist,2254.854,392.2615,134.3484,M4A1,63,87,-169.1619,54.15122,0,False,False,False,144.1406,359.2969
f0rest Komplett,CounterTerrorist,2249.922,394.5315,135.2211,M4A1,63,87,-151.4013,83.16513,0,False,False,False,144.8438,359.2969
f0rest Komplett,CounterTerrorist,2245.474,397.6222,136.1084,M4A1,63,87,-137.5507,107.7922,0,False,False,False,148.7109,359.2969
f0rest Komplett,CounterTerrorist,2241.45,401.3912,136.994,M4A1,63,87,-119.7454,128.1751,0,False,False,False,170.8594,359.6484
f0rest Komplett,CounterTerrorist,2237.973,405.7625,137.854,M4A1,63,87,-109.5521,145.9754,0,False,False,False,204.2578,1.757813
f0rest Komplett,CounterTerrorist,2234.358,410.4444,138.7596,M4A1,63,87,-121.3512,149.5297,0,False,False,False,242.5781,2.8125
f0rest Komplett,CounterTerrorist,2230.194,414.8802,139.6974,M4A1,63,87,-140.389,136.1201,0,False,False,False,263.6719,2.460938
f0rest Komplett,CounterTerrorist,2225.467,418.8299,140.5478,M4A1,63,87,-157.4825,120.8468,0,False,False,False,263.6719,2.460938
f0rest Komplett,CounterTerrorist,2220.305,422.4625,141.407,M4A1,63,87,-167.0811,118.451,0,False,False,False,263.6719,2.460938
f0rest Komplett,CounterTerrorist,2215.091,426.4072,142.3029,M4A1,63,87,-166.7085,130.6646,0,False,False,False,263.6719,2.460938
f0rest Komplett,CounterTerrorist,2209.888,430.6991,143.2332,M4A1,63,87,-166.3888,141.1466,0,False,False,False,263.6719,2.460938
f0rest Komplett,CounterTerrorist,2204.694,435.289,144.1931,M4A1,63,87,-166.1144,150.1426,0,False,False,False,263.6719,2.460938
f0rest Komplett,CounterTerrorist,2199.554,440.0869,145.169,M4A1,63,87,-163.1613,154.9303,0,False,False,False,265.0781,2.460938
f0rest Komplett,CounterTerrorist,2194.485,444.9594,146.1459,M4A1,63,87,-162.0405,156.1021,0,False,False,False,271.0547,3.515625
f0rest Komplett,CounterTerrorist,2189.402,449.8181,160.0313,M4A1,63,87,-163.1832,154.9072,0,False,False,False,275.2734,4.921875
f0rest Komplett,CounterTerrorist,2184.267,454.6212,160.0313,M4A1,63,87,-164.9886,152.9829,0,False,False,False,275.9766,5.273438
f0rest Komplett,CounterTerrorist,2179.08,459.3677,160.0313,M4A1,63,87,-166.5622,151.2681,0,False,False,False,275.9766,5.273438
f0rest Komplett,CounterTerrorist,2173.849,464.0659,160.0313,M4A1,63,87,-167.8623,149.824,0,False,False,False,275.9766,5.273438
f0rest Komplett,CounterTerrorist,2168.584,468.7259,160.0313,M4A1,63,87,-168.8177,148.7467,0,False,False,False,275.625,5.273438
f0rest Komplett,CounterTerrorist,2163.295,473.3596,160.0313,M4A1,63,87,-169.4213,148.0588,0,False,False,False,274.9219,5.273438
f0rest Komplett,CounterTerrorist,2157.841,477.7096,160.0313,M4A1,63,87,-179.5036,130.7853,0,False,False,False,271.4063,4.921875
f0rest Komplett,CounterTerrorist,2151.999,481.4565,160.0313,M4A1,63,87,-191.1702,114.4505,0,False,False,False,263.3203,4.570313
f0rest Komplett,CounterTerrorist,2145.868,484.8729,160.0313,M4A1,63,87,-197.812,107.2166,0,False,False,False,248.5547,5.273438
f0rest Komplett,CounterTerrorist,2139.69,488.2299,160.0313,M4A1,63,87,-197.1321,108.4616,0,False,False,False,234.8437,5.273438
f0rest Komplett,CounterTerrorist,2133.35,491.2421,160.0313,M4A1,63,87,-206.1791,90.08424,0,False,False,False,227.1094,5.976563
f0rest Komplett,CounterTerrorist,2126.793,493.7782,160.0313,M4A1,63,87,-211.6924,76.23196,0,False,False,False,224.2969,6.679688
f0rest Komplett,CounterTerrorist,2120.1,495.9317,160.0313,M4A1,63,87,-215.4921,64.71611,0,False,False,False,224.6484,6.679688
f0rest Komplett,CounterTerrorist,2113.308,497.7462,160.0313,M4A1,63,87,-218.39,54.13709,0,False,False,False,226.0547,5.976563
f0rest Komplett,CounterTerrorist,2106.439,499.2437,160.0313,M4A1,63,87,-220.5948,44.30511,0,False,False,False,227.1094,5.625
f0rest Komplett,CounterTerrorist,2099.512,500.4506,160.0313,M4A1,63,87,-222.2129,35.30492,0,False,False,False,228.5156,4.921875
f0rest Komplett,CounterTerrorist,2092.544,501.3867,160.0313,M4A1,63,87,-223.4008,26.77843,0,False,False,False,230.2734,4.921875
f0rest Komplett,CounterTerrorist,2085.545,502.0591,160.0313,M4A1,63,87,-224.2524,18.32634,0,False,False,False,232.3828,4.921875
f0rest Komplett,CounterTerrorist,2078.525,502.4454,160.0313,M4A1,63,87,-224.8424,8.420273,0,False,False,False,238.711,4.570313
f0rest Komplett,CounterTerrorist,2071.518,503.0171,160.0313,M4A1,63,87,-223.8044,23.16427,0,False,False,False,247.8516,4.21875
f0rest Komplett,CounterTerrorist,2064.539,503.8742,160.0313,M4A1,63,87,-223.1472,28.81531,0,False,False,False,259.1016,4.570313
f0rest Komplett,CounterTerrorist,2057.564,504.7589,160.0313,M4A1,63,87,-223.3182,27.45844,0,False,False,False,267.5391,4.570313
f0rest Komplett,CounterTerrorist,2050.577,505.5474,160.0313,M4A1,63,87,-223.7231,23.93732,0,False,False,False,268.9453,4.21875
f0rest Komplett,CounterTerrorist,2043.58,506.2362,160.0313,M4A1,63,87,-224.0201,20.97659,0,False,False,False,268.9453,4.21875
f0rest Komplett,CounterTerrorist,2036.575,506.8426,160.0313,M4A1,63,87,-224.237,18.51396,0,False,False,False,268.9453,4.21875
f0rest Komplett,CounterTerrorist,2029.564,507.3799,160.0313,M4A1,63,87,-224.398,16.44773,0,False,False,False,268.9453,4.21875
f0rest Komplett,CounterTerrorist,2022.549,507.8592,160.0313,M4A1,63,87,-224.5191,14.7033,0,False,False,False,268.9453,4.21875
f0rest Komplett,CounterTerrorist,2015.531,508.2891,160.0313,M4A1,63,87,-224.6111,13.22398,0,False,False,False,268.9453,4.21875
f0rest Komplett,CounterTerrorist,2008.511,508.6902,160.0313,M4A1,63,87,-224.6335,12.83741,0,False,False,False,266.1328,4.21875
f0rest Komplett,CounterTerrorist,2001.493,509.1106,160.0313,M4A1,63,87,-224.568,13.93633,0,False,False,False,264.0234,4.21875
f0rest Komplett,CounterTerrorist,1994.477,509.5739,160.0313,M4A1,63,87,-224.4764,15.34085,0,False,False,False,264.0234,4.21875
f0rest Komplett,CounterTerrorist,1987.482,509.911,160.0313,M4A1,63,87,-222.8232,2.469328,0,False,False,False,264.7266,4.570313
f0rest Komplett,CounterTerrorist,1980.581,509.5044,160.0313,M4A1,63,87,-219.6535,-21.90591,0,False,False,False,265.4297,4.921875
f0rest Komplett,CounterTerrorist,1973.78,508.3929,160.0313,M4A1,63,87,-216.3636,-43.48147,0,False,False,False,267.1875,4.921875
f0rest Komplett,CounterTerrorist,1967.092,506.6469,160.0313,M4A1,63,87,-212.5648,-63.05717,0,False,False,False,269.2969,4.921875
f0rest Komplett,CounterTerrorist,1960.529,504.3268,160.0313,M4A1,63,87,-208.435,-80.73539,0,False,False,False,271.4063,4.921875
f0rest Komplett,CounterTerrorist,1953.974,501.8065,160.0313,M4A1,63,87,-211.6524,-76.34306,0,False,False,False,272.4609,4.570313
f0rest Komplett,CounterTerrorist,1947.29,499.6279,160.0313,M4A1,63,87,-215.1201,-65.94185,0,False,False,False,272.4609,4.570313
f0rest Komplett,CounterTerrorist,1940.516,497.7441,160.0313,M4A1,63,87,-217.6432,-57.06542,0,False,False,False,272.4609,4.570313
f0rest Komplett,CounterTerrorist,1933.709,495.9885,160.0313,M4A1,63,87,-216.4795,-60.83819,0,False,False,False,272.4609,4.570313
f0rest Komplett,CounterTerrorist,1927.059,493.7145,160.0313,M4A1,63,87,-210.4906,-79.49025,0,False,False,False,272.4609,4.570313
f0rest Komplett,CounterTerrorist,1920.608,490.922,160.0313,M4A1,63,87,-203.9837,-94.95078,0,False,False,False,272.8125,4.570313
f0rest Komplett,CounterTerrorist,1914.366,487.6876,160.0313,M4A1,63,87,-197.1331,-108.4598,0,False,False,False,274.9219,4.570313
f0rest Komplett,CounterTerrorist,1908.347,484.0556,160.0313,M4A1,63,87,-189.855,-120.748,0,False,False,False,277.3828,4.921875
f0rest Komplett,CounterTerrorist,1902.566,480.0554,160.0313,M4A1,63,87,-181.9879,-132.308,0,False,False,False,280.8984,4.570313
f0rest Komplett,CounterTerrorist,1897.048,475.6986,160.0313,M4A1,63,87,-173.1857,-143.6375,0,False,False,False,285.1172,4.21875
f0rest Komplett,CounterTerrorist,1891.46,471.4326,160.0313,M4A1,63,87,-181.7354,-132.6545,0,False,False,False,288.9844,4.21875
f0rest Komplett,CounterTerrorist,1885.674,467.4391,160.0313,M4A1,63,87,-186.8046,-125.4155,0,False,False,False,294.6094,3.867188
f0rest Komplett,CounterTerrorist,1879.792,463.5865,160.0313,M4A1,63,87,-188.7487,-122.4701,0,False,False,False,299.8828,3.867188
f0rest Komplett,CounterTerrorist,1873.891,459.7642,160.0313,M4A1,63,87,-188.7539,-122.4622,0,False,False,False,304.1016,3.867188
f0rest Komplett,CounterTerrorist,1868.187,455.7194,160.0313,M4A1,63,87,-175.0969,-136.5216,0,False,False,False,306.5625,4.21875
f0rest Komplett,CounterTerrorist,1863.107,451.1048,160.0313,M4A1,63,87,-155.4422,-154.021,0,False,False,False,306.9141,4.21875
f0rest Komplett,CounterTerrorist,1858.585,445.9927,160.0313,M4A1,63,87,-138.562,-169.0411,0,False,False,False,306.9141,4.21875
f0rest Komplett,CounterTerrorist,1854.543,440.4536,160.0313,M4A1,63,87,-124.0749,-181.9319,0,False,False,False,306.9141,4.21875
f0rest Komplett,CounterTerrorist,1850.913,434.548,160.0313,M4A1,63,87,-111.6416,-192.9951,0,False,False,False,306.9141,4.21875
f0rest Komplett,CounterTerrorist,1847.643,428.3395,160.0313,M4A1,63,87,-100.4,-201.3575,0,False,False,False,306.9141,4.21875
f0rest Komplett,CounterTerrorist,1844.716,421.947,160.0313,M4A1,63,87,-89.79021,-206.3073,0,False,False,False,306.9141,4.21875
f0rest Komplett,CounterTerrorist,1842.09,415.4249,160.0313,M4A1,63,87,-80.74519,-210.0124,0,False,False,False,306.9141,4.21875
f0rest Komplett,CounterTerrorist,1839.883,408.8226,160.0313,M4A1,63,87,-59.32031,-211.3302,0,False,False,False,307.2656,4.21875
f0rest Komplett,CounterTerrorist,1838.647,402.2269,160.0313,M4A1,63,87,-28.25908,-210.8971,0,False,False,False,307.6172,4.21875
f0rest Komplett,CounterTerrorist,1838.3,395.6477,160.0313,M4A1,63,87,-1.270871,-210.2681,0,False,False,False,308.6719,4.21875
f0rest Komplett,CounterTerrorist,1838.733,389.0966,160.0313,M4A1,63,87,22.54332,-209.2042,0,False,False,False,309.7266,4.570313
f0rest Komplett,CounterTerrorist,1839.855,382.586,160.0313,M4A1,63,87,43.60201,-207.7692,0,False,False,False,311.1328,4.570313
f0rest Komplett,CounterTerrorist,1841.533,376.1075,160.0313,M4A1,63,87,55.21473,-208.5446,0,False,False,False,312.1875,4.570313
f0rest Komplett,CounterTerrorist,1843.072,369.4389,160.0313,M4A1,63,87,45.86996,-216.1629,0,False,False,False,312.8906,4.921875
f0rest Komplett,CounterTerrorist,1844.348,362.5608,160.0313,M4A1,63,87,37.90805,-221.7836,0,False,False,False,312.8906,4.921875
f0rest Komplett,CounterTerrorist,1845.389,355.6072,160.0313,M4A1,63,87,30.74757,-222.8892,0,False,False,False,313.5938,4.921875
f0rest Komplett,CounterTerrorist,1846.779,348.7393,160.0313,M4A1,63,87,52.38758,-217.9158,0,False,False,False,314.6484,4.921875
f0rest Komplett,CounterTerrorist,1848.924,342.3445,160.0313,M4A1,63,87,79.62301,-192.8462,0,False,False,False,316.0547,5.625
f0rest Komplett,CounterTerrorist,1851.928,336.8807,160.0313,M4A1,63,87,105.5363,-164.514,0,False,False,False,316.7578,5.625
f0rest Komplett,CounterTerrorist,1855.669,332.2305,160.0313,M4A1,63,87,127.7638,-139.8153,0,False,False,False,317.1094,5.976563
f0rest Komplett,CounterTerrorist,1860.041,328.2869,160.0313,M4A1,63,87,146.832,-118.414,0,False,False,False,317.4609,6.328125
f0rest Komplett,CounterTerrorist,1864.955,324.9547,160.0313,M4A1,63,87,163.19,-99.89269,0,False,False,False,317.8125,6.328125
f0rest Komplett,CounterTerrorist,1870.143,321.6182,160.0313,M4A1,63,87,167.6793,-110.6669,0,False,False,False,318.1641,6.679688
f0rest Komplett,CounterTerrorist,1875.461,317.9765,160.0313,M4A1,63,87,171.5465,-119.8978,0,False,False,False,317.8125,6.679688
f0rest Komplett,CounterTerrorist,1880.729,313.9965,160.0313,M4A1,63,87,161.4743,-134.1954,0,False,False,False,317.8125,6.679688
f0rest Komplett,CounterTerrorist,1885.357,309.4417,160.0313,M4A1,63,87,140.4551,-152.3382,0,False,False,False,317.8125,6.679688
f0rest Komplett,CounterTerrorist,1889.387,304.3712,160.0313,M4A1,63,87,122.4158,-167.9088,0,False,False,False,317.8125,6.679688
f0rest Komplett,CounterTerrorist,1892.905,298.858,160.0313,M4A1,63,87,106.9339,-181.272,0,False,False,False,317.8125,6.679688
f0rest Komplett,CounterTerrorist,1895.982,292.965,160.0313,M4A1,63,87,93.64697,-192.7406,0,False,False,False,317.8125,6.679688
f0rest Komplett,CounterTerrorist,1898.992,286.8936,160.0313,M4A1,63,87,101.9074,-193.2525,0,False,False,False,317.8125,6.679688
f0rest Komplett,CounterTerrorist,1902.438,280.9021,160.0313,M4A1,63,87,115.0041,-190.8802,0,False,False,False,317.4609,6.679688
f0rest Komplett,CounterTerrorist,1906.243,274.9995,160.0313,M4A1,63,87,125.1661,-186.9717,0,False,False,False,318.1641,7.03125
f0rest Komplett,CounterTerrorist,1910.315,269.2685,160.0313,M4A1,63,87,133.3388,-181.234,0,False,False,False,320.2734,7.03125
f0rest Komplett,CounterTerrorist,1914.493,263.6139,160.0313,M4A1,63,87,129.1389,-184.2502,0,False,False,False,321.6797,7.382813
f0rest Komplett,CounterTerrorist,1918.24,257.6664,160.0313,M4A1,63,87,114.6548,-193.5956,0,False,False,False,322.7344,7.734375
f0rest Komplett,CounterTerrorist,1921.576,251.4782,160.0313,M4A1,63,87,102.2863,-200.4059,0,False,False,False,323.4375,8.085938
f0rest Komplett,CounterTerrorist,1924.566,245.1148,160.0313,M4A1,63,87,91.93304,-205.3614,0,False,False,False,324.1406,8.085938
f0rest Komplett,CounterTerrorist,1927.775,238.8606,160.0313,M4A1,63,87,108.7595,-196.9679,0,False,False,False,324.8438,8.4375
f0rest Komplett,CounterTerrorist,1931.454,232.8705,160.0313,M4A1,63,87,122.8021,-188.5329,0,False,False,False,325.5469,8.4375
f0rest Komplett,CounterTerrorist,1935.526,227.1399,160.0313,M4A1,63,87,134.5729,-180.3195,0,False,False,False,326.25,8.789063
f0rest Komplett,CounterTerrorist,1939.931,221.6606,160.0313,M4A1,63,87,144.5885,-172.3925,0,False,False,False,327.3047,9.140625
f0rest Komplett,CounterTerrorist,1944.257,216.1195,160.0313,M4A1,63,87,133.5441,-181.0828,0,False,False,False,328.7109,9.84375
f0rest Komplett,CounterTerrorist,1948.204,210.3015,160.0313,M4A1,63,87,122.2143,-188.9145,0,False,False,False,330.1172,10.54688
f0rest Komplett,CounterTerrorist,1951.839,204.2837,160.0313,M4A1,63,87,113.0964,-194.5102,0,False,False,False,331.5234,11.25
f0rest Komplett,CounterTerrorist,1955.284,198.1573,160.0313,M4A1,63,87,112.5681,-194.455,0,False,False,False,333.6328,11.95313
f0rest Komplett,CounterTerrorist,1959.155,192.3156,160.0313,M4A1,63,87,130.3945,-182.4873,0,False,False,False,335.7422,12.65625
f0rest Komplett,CounterTerrorist,1963.543,186.8379,160.0313,M4A1,63,87,146.21,-171.0194,0,False,False,False,337.8516,13.35938
f0rest Komplett,CounterTerrorist,1968.373,181.7301,160.0313,M4A1,63,87,159.2868,-158.9111,0,False,False,False,339.9609,14.0625
f0rest Komplett,CounterTerrorist,1973.572,176.9984,160.0313,M4A1,63,87,170.377,-146.9581,0,False,False,False,341.7188,14.76563
f0rest Komplett,CounterTerrorist,1979.083,172.6336,160.0313,M4A1,63,87,179.7332,-135.3549,0,False,False,False,343.8281,15.46875
f0rest Komplett,CounterTerrorist,1984.86,168.6272,160.0313,M4A1,63,87,187.809,-123.9063,0,False,False,False,346.2891,16.17188
f0rest Komplett,CounterTerrorist,1990.872,164.984,160.0313,M4A1,63,87,195.0559,-112.1526,0,False,False,False,349.8047,16.875
f0rest Komplett,CounterTerrorist,1997.076,161.9629,160.0313,M4A1,63,87,199.4765,-82.92828,0,False,False,False,352.6172,17.92969
f0rest Komplett,CounterTerrorist,2003.319,160.0758,160.0313,M4A1,63,87,199.7165,-47.27502,0,False,False,False,356.4844,18.98438
f0rest Komplett,CounterTerrorist,2009.537,159.2381,160.0313,M4A1,63,87,198.399,-14.96295,0,False,False,False,359.2969,19.6875
f0rest Komplett,CounterTerrorist,2015.693,159.3444,160.0313,M4A1,63,87,196.0295,14.01539,0,False,False,False,2.109375,20.39063
f0rest Komplett,CounterTerrorist,2021.758,160.2968,160.0313,M4A1,63,87,192.7935,39.98935,0,False,False,False,4.570313,20.74219
f0rest Komplett,CounterTerrorist,2026.055,161.296,160.0313,M4A1,63,87,0,0,0,True,False,False,5.625,21.09375
f0rest Komplett,CounterTerrorist,2026.055,161.296,160.0313,M4A1,63,87,0,0,0,True,False,False,6.679688,21.09375
f0rest Komplett,CounterTerrorist,2026.055,161.296,160.0313,M4A1,63,87,0,0,0,True,False,False,7.382813,21.09375
f0rest Komplett,CounterTerrorist,2026.055,161.296,160.0313,M4A1,63,87,0,0,0,True,False,False,7.382813,21.09375
f0rest Komplett,CounterTerrorist,2026.055,161.296,160.0313,M4A1,63,87,0,0,0,True,False,False,6.679688,20.39063
f0rest Komplett,CounterTerrorist,2026.055,161.296,160.0313,M4A1,63,87,0,0,0,False,False,False,5.625,20.03906
f0rest Komplett,CounterTerrorist,2026.055,161.296,160.0313,M4A1,63,87,0,0,0,False,False,False,4.570313,19.6875
f0rest Komplett,CounterTerrorist,2026.055,161.296,160.0313,M4A1,63,87,0,0,0,False,False,False,3.867188,19.33594
f0rest Komplett,CounterTerrorist,2026.055,161.296,160.0313,M4A1,63,87,0,0,0,False,False,False,3.515625,18.98438
f0rest Komplett,CounterTerrorist,2026.055,161.296,160.0313,M4A1,63,87,0,0,0,False,False,False,3.164063,18.98438
f0rest Komplett,CounterTerrorist,2026.055,161.296,160.0313,M4A1,63,87,0,0,0,False,False,False,2.8125,18.98438
f0rest Komplett,CounterTerrorist,2026.055,161.296,160.0313,M4A1,63,87,0,0,0,False,False,False,2.8125,18.63281
f0rest Komplett,CounterTerrorist,2026.055,161.296,160.0313,M4A1,63,87,0,0,0,False,False,False,2.460938,18.63281
f0rest Komplett,CounterTerrorist,2026.055,161.296,160.0313,M4A1,63,87,0,0,0,False,False,False,2.109375,18.63281
f0rest Komplett,CounterTerrorist,2026.055,161.296,160.0313,M4A1,63,87,0,0,0,False,False,False,2.109375,18.63281
f0rest Komplett,CounterTerrorist,2026.055,161.296,160.0313,M4A1,63,87,0,0,0,False,False,False,1.757813,18.63281
f0rest Komplett,CounterTerrorist,2026.055,161.296,160.0313,M4A1,63,87,0,0,0,False,False,False,1.757813,18.63281
f0rest Komplett,CounterTerrorist,2026.055,161.296,160.0313,M4A1,63,87,0,0,0,False,False,False,1.757813,18.63281
f0rest Komplett,CounterTerrorist,2026.055,161.296,160.0313,M4A1,63,87,0,0,0,False,False,False,1.40625,18.63281
f0rest Komplett,CounterTerrorist,2026.055,161.296,160.0313,M4A1,63,87,0,0,0,False,False,False,1.054688,18.63281
f0rest Komplett,CounterTerrorist,2026.055,161.296,160.0313,M4A1,63,87,0,0,0,False,False,False,359.6484,18.28125
f0rest Komplett,CounterTerrorist,2026.055,161.296,160.0313,M4A1,63,87,0,0,0,False,False,False,357.5391,18.28125
f0rest Komplett,CounterTerrorist,2026.055,161.296,160.0313,M4A1,63,87,0,0,0,False,False,False,355.4297,17.92969
f0rest Komplett,CounterTerrorist,2026.055,161.296,160.0313,M4A1,63,87,0,0,0,False,False,False,352.6172,17.57813
f0rest Komplett,CounterTerrorist,2026.055,161.296,160.0313,M4A1,63,87,0,0,0,False,False,False,350.8594,17.22656
f0rest Komplett,CounterTerrorist,2026.055,161.296,160.0313,M4A1,63,87,0,0,0,False,False,False,350.1563,16.875
f0rest Komplett,CounterTerrorist,2026.055,161.296,160.0313,M4A1,63,87,0,0,0,False,False,False,350.1563,16.875
f0rest Komplett,CounterTerrorist,2026.055,161.296,160.0313,M4A1,63,87,0,0,0,False,False,False,350.8594,17.22656
f0rest Komplett,CounterTerrorist,2026.055,161.296,160.0313,M4A1,63,87,0,0,0,False,False,False,351.2109,17.57813
f0rest Komplett,CounterTerrorist,2026.055,161.296,160.0313,M4A1,63,87,0,0,0,False,False,False,351.2109,17.57813
f0rest Komplett,CounterTerrorist,2026.055,161.296,160.0313,M4A1,63,87,0,0,0,False,False,False,350.8594,17.57813
f0rest Komplett,CounterTerrorist,2026.055,161.296,160.0313,M4A1,63,87,0,0,0,False,False,False,349.8047,16.875
f0rest Komplett,CounterTerrorist,2026.055,161.296,160.0313,M4A1,63,87,0,0,0,False,False,False,347.6953,15.46875
f0rest Komplett,CounterTerrorist,2026.055,161.296,160.0313,M4A1,63,87,0,0,0,False,False,False,344.5313,12.65625
f0rest Komplett,CounterTerrorist,2026.055,161.296,160.0313,M4A1,63,87,0,0,0,False,False,False,341.7188,9.492188
f0rest Komplett,CounterTerrorist,2026.055,161.296,160.0313,M4A1,63,87,0,0,0,True,False,False,339.2578,5.976563
f0rest Komplett,CounterTerrorist,2026.055,161.296,160.0313,M4A1,63,87,0,0,0,True,False,False,337.5,3.515625
f0rest Komplett,CounterTerrorist,2026.012,161.1964,160.0313,M4A1,63,87,-2.195152,-5.077,0,True,False,False,336.4453,1.757813
f0rest Komplett,CounterTerrorist,2025.915,160.9728,160.0313,M4A1,63,87,-3.629978,-8.405941,0,True,False,False,336.7969,1.054688
f0rest Komplett,CounterTerrorist,2025.895,160.9289,160.0313,M4A1,63,87,1.397706,3.446087,0,True,False,False,337.8516,1.054688
f0rest Komplett,CounterTerrorist,2025.846,161.1021,160.0313,M4A1,63,87,-2.685503,6.623657,0,True,False,False,338.5547,1.054688
f0rest Komplett,CounterTerrorist,2025.658,161.2898,160.0313,M4A1,63,87,-8.33746,5.033342,0,True,False,False,338.9063,1.054688
f0rest Komplett,CounterTerrorist,2025.319,161.4468,160.0313,M4A1,63,87,-12.22848,5.218964,0,True,False,False,339.2578,1.054688
f0rest Komplett,CounterTerrorist,2024.868,161.6286,160.0313,M4A1,63,87,-15.7339,6.212185,0,True,False,False,339.2578,1.054688
f0rest Komplett,CounterTerrorist,2024.309,161.8451,160.0313,M4A1,63,87,-19.17472,7.363554,0,True,False,False,339.6094,0.703125
f0rest Komplett,CounterTerrorist,2023.643,162.0974,160.0313,M4A1,63,87,-22.62349,8.490171,0,True,False,False,339.9609,0.3515625
f0rest Komplett,CounterTerrorist,2022.868,162.3842,160.0313,M4A1,63,87,-26.08274,9.585119,0,True,False,False,340.3125,0
f0rest Komplett,CounterTerrorist,2021.986,162.7056,160.0313,M4A1,63,87,-29.5311,10.7085,0,True,False,False,340.3125,0
f0rest Komplett,CounterTerrorist,2020.996,163.0627,160.0313,M4A1,63,87,-32.96897,11.86051,0,True,False,False,340.3125,0
f0rest Komplett,CounterTerrorist,2019.926,163.447,160.0313,M4A1,63,87,-32.88677,11.81196,0,True,False,False,339.9609,0
f0rest Komplett,CounterTerrorist,2019.105,163.7418,160.0313,M4A1,63,87,-22.29899,8.009144,0,True,False,False,339.2578,0.3515625
f0rest Komplett,CounterTerrorist,2018.534,163.9287,160.0313,M4A1,63,87,-18.61381,4.200457,0,True,False,False,336.7969,1.40625
f0rest Komplett,CounterTerrorist,2017.897,163.9315,160.0313,M4A1,63,87,-21.4425,-1.782659,0,True,False,False,333.2813,2.460938
f0rest Komplett,CounterTerrorist,2017.18,163.8018,160.0313,M4A1,63,87,-22.9409,-6.64431,0,True,False,False,328.3594,3.515625
f0rest Komplett,CounterTerrorist,2016.505,163.4331,160.0313,M4A1,63,87,-21.10093,-14.3663,0,True,False,False,323.7891,4.21875
f0rest Komplett,CounterTerrorist,2015.844,162.8857,160.0313,M4A1,63,87,-21.40541,-19.18397,0,True,False,False,320.625,4.921875
f0rest Komplett,CounterTerrorist,2015.168,162.2075,160.0313,M4A1,63,87,-20.26006,-23.6654,0,True,False,False,318.1641,5.976563
f0rest Komplett,CounterTerrorist,2014.676,160.8849,160.0313,M4A1,63,87,-13.80611,-53.17091,0,False,False,False,316.0547,6.328125
f0rest Komplett,CounterTerrorist,2014.24,158.692,160.0313,M4A1,63,87,-18.49575,-78.54896,0,False,False,False,314.2969,6.328125
f0rest Komplett,CounterTerrorist,2013.292,155.9172,160.0313,M4A1,63,87,-32.16885,-94.40342,0,False,False,False,313.2422,5.625
f0rest Komplett,CounterTerrorist,2012.364,152.8058,160.0313,M4A1,63,87,-28.32491,-102.5097,0,False,False,False,312.8906,5.273438
f0rest Komplett,CounterTerrorist,2011.543,149.4639,160.0313,M4A1,63,87,-25.09963,-109.4642,0,False,False,False,312.8906,5.273438
f0rest Komplett,CounterTerrorist,2010.782,145.9388,160.0313,M4A1,63,87,-26.36645,-113.5896,0,False,False,False,312.5391,5.273438
f0rest Komplett,CounterTerrorist,2009.722,142.4413,160.0313,M4A1,63,87,-38.11047,-110.6191,0,False,False,False,312.1875,4.921875
f0rest Komplett,CounterTerrorist,2008.338,139.0582,160.0313,M4A1,63,87,-47.75858,-106.8088,0,False,False,False,311.4844,4.921875
f0rest Komplett,CounterTerrorist,2006.686,135.7972,160.0313,M4A1,63,87,-55.71167,-102.8844,0,False,False,False,310.7813,4.921875
f0rest Komplett,CounterTerrorist,2004.815,132.6567,160.0313,M4A1,63,87,-62.21143,-99.08954,0,False,False,False,310.4297,4.570313
f0rest Komplett,CounterTerrorist,2002.766,129.629,160.0313,M4A1,63,87,-67.43256,-95.61302,0,False,False,False,310.4297,4.21875
f0rest Komplett,CounterTerrorist,2000.575,126.7022,160.0313,M4A1,63,87,-71.59901,-92.53421,0,False,False,False,310.4297,4.21875
f0rest Komplett,CounterTerrorist,1998.271,123.8636,142.6133,M4A1,63,87,-74.91095,-89.87407,0,False,False,False,310.7813,3.867188
f0rest Komplett,CounterTerrorist,1995.879,121.0983,140.7697,M4A1,63,87,-77.39398,-87.74491,0,False,False,False,311.1328,3.164063
f0rest Komplett,CounterTerrorist,1993.426,118.3869,138.9621,M4A1,63,87,-79.06145,-86.24549,0,False,False,False,312.1875,2.8125
f0rest Komplett,CounterTerrorist,1990.933,115.7127,137.1794,M4A1,63,87,-80.16339,-85.22223,0,False,False,False,312.8906,2.460938
f0rest Komplett,CounterTerrorist,1988.413,113.064,135.4134,M4A1,63,87,-80.91131,-84.51247,0,False,False,False,313.5938,2.460938
f0rest Komplett,CounterTerrorist,1985.874,110.4332,133.6592,M4A1,63,87,-81.4285,-84.01427,0,False,False,False,313.9453,2.109375
f0rest Komplett,CounterTerrorist,1983.322,107.8141,131.9128,M4A1,63,87,-81.74382,-83.7075,0,False,False,False,314.6484,1.757813
f0rest Komplett,CounterTerrorist,1980.764,105.2021,130.1711,M4A1,63,87,-81.93454,-83.52082,0,False,False,False,315,1.40625
f0rest Komplett,CounterTerrorist,1978.201,102.5942,128.4321,M4A1,63,87,-82.0364,-83.42078,0,False,False,False,315,1.40625
f0rest Komplett,CounterTerrorist,1975.637,99.98816,126.6943,M4A1,63,87,-82.07031,-83.38742,0,False,False,False,315.3516,1.054688
f0rest Komplett,CounterTerrorist,1973.073,97.38176,125.6184,M4A1,63,87,-82.03403,-83.42312,0,False,False,False,315.7031,0.703125
f0rest Komplett,CounterTerrorist,1970.511,94.77316,125.3856,M4A1,63,87,-81.94588,-83.5097,0,False,False,False,316.0547,0.703125
f0rest Komplett,CounterTerrorist,1967.953,92.16104,125.1524,M4A1,63,87,-81.81236,-83.64051,0,False,False,False,316.4063,0.703125
f0rest Komplett,CounterTerrorist,1965.4,89.54352,124.9185,M4A1,63,87,-81.60651,-83.84138,0,False,False,False,316.7578,0.3515625
f0rest Komplett,CounterTerrorist,1962.855,86.91843,124.6837,M4A1,63,87,-81.33398,-84.10579,0,False,False,False,317.1094,0.3515625
f0rest Komplett,CounterTerrorist,1960.319,84.28438,124.4477,M4A1,63,87,-81.01987,-84.4084,0,False,False,False,317.4609,0
f0rest Komplett,CounterTerrorist,1957.795,81.63919,124.2103,M4A1,63,87,-80.60439,-84.80524,0,False,False,False,318.5156,359.6484
f0rest Komplett,CounterTerrorist,1955.286,78.97977,123.9711,M4A1,63,87,-80.09743,-85.28424,0,False,False,False,318.8672,359.6484
f0rest Komplett,CounterTerrorist,1952.793,76.30476,123.7299,M4A1,63,87,-79.55349,-85.79184,0,False,False,False,319.5703,359.6484
f0rest Komplett,CounterTerrorist,1950.318,73.61392,123.4867,M4A1,63,87,-79.0085,-86.29401,0,False,False,False,319.9219,359.6484
f0rest Komplett,CounterTerrorist,1947.859,70.90788,123.2529,M4A1,63,87,-78.48926,-86.76655,0,False,False,False,319.9219,359.6484
f0rest Komplett,CounterTerrorist,1945.493,68.13475,123.0276,M4A1,63,87,-71.50898,-91.70426,0,False,False,False,319.9219,359.6484
f0rest Komplett,CounterTerrorist,1943.497,65.10143,122.7701,M4A1,63,87,-59.48814,-100.1226,0,False,False,False,319.9219,359.6484
f0rest Komplett,CounterTerrorist,1941.85,61.84117,122.484,M4A1,63,87,-48.69166,-106.3867,0,False,False,False,319.9219,359.6484
f0rest Komplett,CounterTerrorist,1940.522,58.43581,122.1779,M4A1,63,87,-38.95139,-110.3258,0,False,False,False,319.9219,359.6484
f0rest Komplett,CounterTerrorist,1939.471,54.93447,121.8572,M4A1,63,87,-30.57339,-112.9348,0,False,False,False,319.9219,0
f0rest Komplett,CounterTerrorist,1938.657,51.37051,121.5259,M4A1,63,87,-23.48153,-114.6194,0,False,False,False,319.9219,0
f0rest Komplett,CounterTerrorist,1938.042,47.76675,121.1871,M4A1,63,87,-17.54229,-115.6774,0,False,False,False,319.9219,0.3515625
f0rest Komplett,CounterTerrorist,1937.593,44.13848,120.8428,M4A1,63,87,-12.60361,-116.3192,0,False,False,False,319.9219,0.703125
f0rest Komplett,CounterTerrorist,1937.281,40.49573,120.4945,M4A1,63,87,-8.50122,-116.6907,0,False,False,False,320.2734,1.054688
f0rest Komplett,CounterTerrorist,1937.083,36.84494,120.1432,M4A1,63,87,-5.10907,-116.8884,0,False,False,False,320.2734,1.40625
f0rest Komplett,CounterTerrorist,1936.977,33.19029,119.7899,M4A1,63,87,-2.420533,-116.975,0,False,False,False,320.2734,1.757813
f0rest Komplett,CounterTerrorist,1936.946,29.53422,119.435,M4A1,63,87,-0.1903393,-116.9998,0,False,False,False,320.625,2.109375
f0rest Komplett,CounterTerrorist,1937.272,25.93755,119.1269,M4A1,63,87,16.50394,-113.997,0,False,False,False,320.9766,2.8125
f0rest Komplett,CounterTerrorist,1938.048,22.42307,121.2104,M4A1,63,87,27.50468,-111.9631,292.6184,False,False,False,321.3281,3.515625
f0rest Komplett,CounterTerrorist,1938.907,18.92422,129.9641,M4A1,63,87,27.50468,-111.9631,267.6184,False,False,False,321.6797,4.570313
f0rest Komplett,CounterTerrorist,1939.767,15.42538,146.9366,M4A1,63,87,27.50468,-111.9631,242.6184,False,False,False,322.3828,5.625
f0rest Komplett,CounterTerrorist,1940.626,11.92653,154.1278,M4A1,63,87,27.50468,-111.9631,217.6184,False,False,False,322.7344,6.679688
f0rest Komplett,CounterTerrorist,1941.485,8.427688,160.5378,M4A1,63,87,27.50468,-111.9631,192.6184,False,False,False,323.4375,7.382813
f0rest Komplett,CounterTerrorist,1942.345,4.928842,166.1665,M4A1,63,87,27.50468,-111.9631,167.6184,False,False,False,323.7891,8.085938
f0rest Komplett,CounterTerrorist,1943.204,1.429996,171.0139,M4A1,63,87,27.50468,-111.9631,142.6184,False,False,False,324.4922,8.789063
f0rest Komplett,CounterTerrorist,1944.063,-2.068849,175.0802,M4A1,63,87,27.50468,-111.9631,117.6184,False,False,False,324.8438,8.789063
f0rest Komplett,CounterTerrorist,1944.923,-5.567695,178.3651,M4A1,63,87,27.50468,-111.9631,92.61838,False,False,False,325.1953,9.140625
f0rest Komplett,CounterTerrorist,1945.782,-9.06654,180.8689,M4A1,63,87,27.50468,-111.9631,67.61838,False,False,False,325.5469,9.492188
f0rest Komplett,CounterTerrorist,1946.642,-12.56538,182.5913,M4A1,63,87,27.50468,-111.9631,42.61838,False,False,False,325.8984,9.492188
f0rest Komplett,CounterTerrorist,1947.501,-16.06423,183.5326,M4A1,63,87,27.50468,-111.9631,17.61838,False,False,False,326.6016,9.84375
f0rest Komplett,CounterTerrorist,1948.36,-19.56308,183.6925,M4A1,63,87,27.50468,-111.9631,-7.381622,True,False,False,326.9531,10.19531
f0rest Komplett,CounterTerrorist,1949.22,-23.06192,183.0713,M4A1,63,87,27.50468,-111.9631,-32.38162,True,False,False,328.0078,10.89844
f0rest Komplett,CounterTerrorist,1950.079,-26.56077,181.6687,M4A1,63,87,27.50468,-111.9631,0,True,False,False,329.7656,11.60156
f0rest Komplett,CounterTerrorist,1950.643,-28.83194,180.7175,M4A1,63,87,18.56463,-73.93548,0,True,False,False,331.1719,11.95313
f0rest Komplett,CounterTerrorist,1951.252,-31.20145,181.4,M4A1,63,87,20.07541,-76.88799,0,True,False,False,332.5781,12.65625
f0rest Komplett,CounterTerrorist,1951.781,-33.64363,182.0871,M4A1,63,87,13.43785,-78.74715,0,True,False,False,333.6328,13.00781
f0rest Komplett,CounterTerrorist,1952.04,-36.13375,182.7418,M4A1,63,87,5.384984,-80.22659,0,True,False,False,334.3359,13.00781
f0rest Komplett,CounterTerrorist,1952.073,-38.66713,183.37,M4A1,63,87,-1.403753,-81.55509,0,True,False,False,334.6875,13.00781
f0rest Komplett,CounterTerrorist,1951.812,-41.46454,184.015,M4A1,63,87,-12.72017,-95.07273,0,False,False,False,335.7422,13.35938
f0rest Komplett,CounterTerrorist,1951.277,-44.55836,184.6877,M4A1,63,87,-19.60288,-101.2633,0,False,False,False,336.4453,13.35938
f0rest Komplett,CounterTerrorist,1950.555,-47.83207,185.1975,M4A1,63,87,-25.02143,-106.7842,0,False,False,False,338.2031,13.71094
f0rest Komplett,CounterTerrorist,1949.689,-51.26675,185.7073,M4A1,63,87,-29.20612,-111.7087,0,False,False,False,339.2578,13.71094
f0rest Komplett,CounterTerrorist,1948.725,-54.7921,186.2218,M4A1,63,87,-31.46821,-112.6887,0,False,False,False,339.6094,14.0625
f0rest Komplett,CounterTerrorist,1947.715,-58.30597,186.7287,M4A1,63,87,-32.7962,-112.3094,0,False,False,False,339.9609,14.0625
f0rest Komplett,CounterTerrorist,1946.672,-61.81013,187.0337,M4A1,63,87,-33.69357,-112.0435,0,False,False,False,341.0156,14.0625
f0rest Komplett,CounterTerrorist,1945.609,-65.30846,187.3318,M4A1,63,87,-34.15338,-111.9042,0,False,False,False,342.0703,14.0625
f0rest Komplett,CounterTerrorist,1945.198,-66.65063,187.4459,M4A1,49,84,-13.31151,-43.37751,0,False,False,False,342.7734,14.41406
f0rest Komplett,CounterTerrorist,1944.774,-68.02878,187.5627,M4A1,49,84,-13.69268,-44.53537,0,False,False,False,342.7734,14.41406
f0rest Komplett,CounterTerrorist,1944.338,-69.44286,187.6821,M4A1,49,84,-14.13131,-45.67549,0,False,False,False,342.4219,15.11719
f0rest Komplett,CounterTerrorist,1943.932,-70.75301,187.7924,M4A1,49,84,-11.76047,-37.89582,0,False,False,False,341.0156,16.52344
f0rest Komplett,CounterTerrorist,1943.777,-71.30857,187.842,M4A1,49,84,-0.8425524,-5.717032,0,False,False,False,339.2578,17.92969
f0rest Komplett,CounterTerrorist,1943.883,-71.07478,187.8275,M4A1,49,84,6.319197,14.32205,0,False,False,False,335.7422,19.6875
f0rest Komplett,CounterTerrorist,1944.326,-70.1359,187.7722,M4A1,40,82,19.1098,39.3734,0,False,False,False,332.5781,20.74219
f0rest Komplett,CounterTerrorist,1944.827,-69.10316,187.7132,M4A1,40,82,14.19763,29.25247,0,False,False,False,331.1719,21.09375
f0rest Komplett,CounterTerrorist,1945.175,-68.38669,187.6724,M4A1,40,82,9.28546,19.13155,0,False,False,False,331.875,21.09375
f0rest Komplett,CounterTerrorist,1945.369,-67.9865,187.6496,M4A1,40,82,4.37329,9.010626,0,False,False,False,332.2266,21.09375
f0rest Komplett,CounterTerrorist,1945.414,-67.89391,187.6443,M4A1,40,82,0,0,0,False,False,False,332.9297,21.44531
f0rest Komplett,CounterTerrorist,1945.414,-67.89391,187.6443,M4A1,40,82,0,0,0,False,False,False,333.6328,21.44531
f0rest Komplett,CounterTerrorist,1945.326,-68.08289,187.6556,M4A1,13,78,-7.147686,-15.2864,0,False,False,False,335.0391,21.09375
f0rest Komplett,CounterTerrorist,1944.88,-69.06281,187.7159,M4A1,13,78,-18.3852,-41.0683,0,False,False,False,337.1484,20.03906
f0rest Komplett,CounterTerrorist,1944.111,-70.86048,187.8345,M4A1,13,78,-28.10365,-67.47195,0,False,False,False,339.9609,20.03906
f0rest Komplett,CounterTerrorist,1943.098,-73.37917,188.0107,M4A1,13,78,-32.76575,-82.20818,0,False,False,False,340.6641,20.74219
f0rest Komplett,CounterTerrorist,1942.192,-75.64365,188.1696,M4A1,13,78,-24.85338,-61.26766,0,False,False,False,340.6641,20.74219
f0rest Komplett,CounterTerrorist,1941.752,-76.62889,188.2315,M4A1,13,78,-7.647918,-13.68628,0,False,False,False,341.3672,20.39063
f0rest Komplett,CounterTerrorist,1941.827,-76.27707,188.1966,M4A1,13,78,6.347484,22.35461,0,False,False,False,343.8281,20.74219
f0rest Komplett,CounterTerrorist,1942.151,-75.12321,188.0942,M4A1,13,78,11.18274,39.98464,0,False,False,False,344.8828,21.09375
f0rest Komplett,CounterTerrorist,1942.442,-74.08529,188.0018,M4A1,13,78,8.152658,29.15038,0,False,False,False,344.8828,21.09375
f0rest Komplett,CounterTerrorist,1942.637,-73.38595,187.9396,M4A1,13,78,5.122579,18.31613,0,False,False,False,343.8281,21.09375
f0rest Komplett,CounterTerrorist,1942.738,-73.02518,187.9075,M4A1,13,78,2.092499,7.481871,0,False,False,False,341.3672,21.44531
f0rest Komplett,CounterTerrorist,1942.753,-72.97176,187.9027,M4A1,13,78,0,0,0,False,False,False,339.9609,21.44531
f0rest Komplett,CounterTerrorist,1942.753,-72.97176,187.9027,M4A1,13,78,0,0,0,False,False,False,339.6094,22.5
f0rest Komplett,CounterTerrorist,1942.753,-72.97176,187.9027,M4A1,13,78,0,0,0,False,False,False,338.5547,23.90625
f0rest Komplett,CounterTerrorist,1942.753,-72.97176,187.9027,M4A1,13,78,0,0,0,False,False,False,338.2031,24.25781
f0rest Komplett,CounterTerrorist,1942.753,-72.97176,187.9027,M4A1,13,78,0,0,0,False,False,False,338.2031,24.60938
f0rest Komplett,CounterTerrorist,1942.753,-72.97176,187.9027,M4A1,13,78,0,0,0,False,False,False,339.2578,24.60938
f0rest Komplett,CounterTerrorist,1942.819,-72.77363,187.8867,M4A1,13,78,5.260169,16.03373,0,False,False,False,342.0703,23.90625
f0rest Komplett,CounterTerrorist,1943.093,-71.73453,187.7918,M4A1,13,78,10.06101,43.74374,0,False,False,False,352.2656,21.79688
f0rest Komplett,CounterTerrorist,1943.366,-69.81555,187.5799,M4A1,13,78,6.868607,71.93693,0,False,False,False,7.03125,19.6875
f0rest Komplett,CounterTerrorist,1943.441,-67.05849,187.226,M4A1,13,78,3.492126,97.08189,0,False,False,False,19.6875,18.28125
f0rest Komplett,CounterTerrorist,1943.81,-63.60884,186.826,M4A1,13,78,16.04553,118.1538,0,False,False,False,26.71875,17.92969
f0rest Komplett,CounterTerrorist,1944.483,-59.55875,186.3937,M4A1,13,78,24.30661,134.8901,0,False,False,False,27.77344,17.57813
f0rest Komplett,CounterTerrorist,1945.312,-55.30997,185.914,M4A1,13,78,27.78045,136.6103,0,False,False,False,27.42188,17.57813
f0rest Komplett,CounterTerrorist,1946.238,-51.00634,185.2567,M4A1,13,78,30.69401,138.3871,0,False,False,False,27.42188,17.57813
f0rest Komplett,CounterTerrorist,1947.247,-46.64612,184.5398,M4A1,13,78,33.19979,140.2171,0,False,False,False,27.42188,17.57813
f0rest Komplett,CounterTerrorist,1948.328,-42.22776,183.631,M4A1,13,78,35.395,142.0957,0,False,False,False,27.42188,17.57813
f0rest Komplett,CounterTerrorist,1949.473,-37.74983,182.7179,M4A1,13,78,37.34587,144.018,0,False,False,False,27.42188,17.57813
f0rest Komplett,CounterTerrorist,1950.674,-33.21104,181.7992,M4A1,13,78,39.09988,145.9795,0,False,False,False,27.42188,17.57813
f0rest Komplett,CounterTerrorist,1951.916,-28.607,180.871,M4A1,13,78,39.84559,148.2061,0,False,False,False,31.64063,17.57813
f0rest Komplett,CounterTerrorist,1953.121,-23.91788,179.916,M4A1,13,78,37.19823,151.3073,0,False,False,False,39.72656,17.22656
f0rest Komplett,CounterTerrorist,1954.304,-19.14875,178.9376,M4A1,13,78,43.30612,152.112,0,False,False,False,47.8125,16.875
f0rest Komplett,CounterTerrorist,1955.94,-14.4378,177.8097,M4A1,13,78,57.02917,150.0267,0,False,False,False,53.08593,16.875
f0rest Komplett,CounterTerrorist,1957.803,-9.761592,177.5167,M4A1,13,78,59.6408,149.6387,-21.875,False,False,False,55.54688,16.52344
f0rest Komplett,CounterTerrorist,1959.667,-5.085383,176.4425,M4A1,13,78,59.6408,149.6387,-46.875,False,False,False,56.25,16.52344
f0rest Komplett,CounterTerrorist,1961.531,-0.409174,174.587,M4A1,13,78,59.6408,149.6387,-71.875,False,False,False,56.25,16.52344
f0rest Komplett,CounterTerrorist,1963.395,4.267035,171.9503,M4A1,13,78,59.6408,149.6387,-96.875,False,False,False,56.25,16.52344
f0rest Komplett,CounterTerrorist,1965.258,8.943244,168.5323,M4A1,13,78,59.6408,149.6387,-121.875,False,False,False,56.25,16.52344
f0rest Komplett,CounterTerrorist,1967.122,13.61945,164.3331,M4A1,13,78,59.6408,149.6387,-146.875,False,False,False,56.25,16.52344
f0rest Komplett,CounterTerrorist,1968.986,18.29566,159.3527,M4A1,13,78,59.6408,149.6387,-171.875,False,False,False,56.25,16.52344
f0rest Komplett,CounterTerrorist,1970.85,22.97187,153.5909,M4A1,13,78,59.6408,149.6387,-196.875,False,False,False,56.25,16.52344
f0rest Komplett,CounterTerrorist,1972.714,27.64808,147.048,M4A1,13,78,59.6408,149.6387,-221.875,False,False,False,56.25,16.17188
f0rest Komplett,CounterTerrorist,1974.577,32.32429,139.7238,M4A1,13,78,59.6408,149.6387,-246.875,False,False,False,55.54688,16.17188
f0rest Komplett,CounterTerrorist,1976.441,37.0005,131.6183,M4A1,13,78,59.6408,149.6387,-271.875,False,False,False,54.84375,15.46875
f0rest Komplett,CounterTerrorist,1978.305,41.6767,122.7316,M4A1,13,78,59.6408,149.6387,-296.875,False,False,False,53.78907,14.76563
f0rest Komplett,CounterTerrorist,1979.855,45.41404,120.2177,M4A1,13,78,49.1013,110.2637,0,False,False,False,53.08593,14.0625
f0rest Komplett,CounterTerrorist,1981.584,48.92129,120.4883,M4A1,13,78,58.83406,113.4866,0,False,False,False,52.38281,13.71094
f0rest Komplett,CounterTerrorist,1983.592,52.5397,120.7971,M4A1,13,78,67.40891,117.2311,0,False,False,False,51.67969,13.00781
f0rest Komplett,CounterTerrorist,1985.854,56.28403,121.1187,M4A1,13,78,75.34962,121.4257,0,False,False,False,50.97656,12.65625
f0rest Komplett,CounterTerrorist,1988.357,60.16809,121.4494,M4A1,13,78,82.85861,126.0686,0,False,False,False,50.97656,12.65625
f0rest Komplett,CounterTerrorist,1991.087,64.20659,121.7908,M4A1,13,78,90.01897,131.1864,0,False,False,False,50.97656,12.65625
f0rest Komplett,CounterTerrorist,1994.036,68.41344,122.1445,M4A1,13,78,96.98365,136.73,0,False,False,False,50.97656,12.65625
f0rest Komplett,CounterTerrorist,1997.201,72.80122,122.5202,M4A1,13,78,103.8532,142.6634,0,False,False,False,50.97656,12.65625
f0rest Komplett,CounterTerrorist,2000.546,77.34013,122.946,M4A1,13,78,108.1759,145.8576,0,False,False,False,50.97656,12.65625
f0rest Komplett,CounterTerrorist,2003.974,81.92017,123.3747,M4A1,13,78,110.568,146.9962,0,False,False,False,50.97656,12.65625
f0rest Komplett,CounterTerrorist,2007.473,86.5377,123.94,M4A1,13,78,112.8198,148.2314,0,False,False,False,50.97656,12.65625
f0rest Komplett,CounterTerrorist,2011.041,91.19549,124.6154,M4A1,13,78,114.955,149.549,0,False,False,False,50.97656,12.65625
f0rest Komplett,CounterTerrorist,2014.673,95.89614,125.3123,M4A1,13,78,116.9676,150.9563,0,False,False,False,50.97656,13.00781
f0rest Komplett,CounterTerrorist,2018.366,100.6422,127.1304,M4A1,13,78,118.8851,152.4344,0,False,False,False,50.97656,13.71094
f0rest Komplett,CounterTerrorist,2022.117,105.436,130.327,M4A1,13,78,120.6971,153.9928,0,False,False,False,51.32813,13.71094
f0rest Komplett,CounterTerrorist,2025.95,109.2383,127.2933,M4A1,13,78,124.7381,114.3296,0,False,False,False,51.32813,14.41406
f0rest Komplett,CounterTerrorist,2029.96,113.0657,127.8639,M4A1,13,78,130.3815,127.1171,0,False,False,False,51.32813,14.76563
f0rest Komplett,CounterTerrorist,2034.131,117.2565,128.4881,M4A1,13,78,135.2247,138.0917,0,False,False,False,51.32813,15.46875
f0rest Komplett,CounterTerrorist,2038.438,121.76,129.1583,M4A1,13,78,139.3412,147.5427,0,False,False,False,51.32813,16.17188
f0rest Komplett,CounterTerrorist,2041.729,125.2949,129.6841,M4A1,13,78,0,0,0,False,False,False,51.32813,16.875
f0rest Komplett,CounterTerrorist,2041.729,125.2949,129.6841,M4A1,13,78,0,0,0,False,False,False,51.67969,17.57813
f0rest Komplett,CounterTerrorist,2041.729,125.2949,129.6841,M4A1,13,78,0,0,0,False,False,False,52.38281,18.28125
f0rest Komplett,CounterTerrorist,2041.729,125.2949,129.6841,M4A1,13,78,0,0,0,False,False,False,53.08593,18.63281
f0rest Komplett,CounterTerrorist,2041.729,125.2949,129.6841,M4A1,13,78,0,0,0,False,False,False,53.78907,19.33594
f0rest Komplett,CounterTerrorist,2041.729,125.2949,129.6841,M4A1,13,78,0,0,0,False,False,False,54.84375,20.03906
f0rest Komplett,CounterTerrorist,2041.729,125.2949,129.6841,M4A1,13,78,0,0,0,False,False,False,55.89844,20.39063
f0rest Komplett,CounterTerrorist,2041.729,125.2949,129.6841,M4A1,13,78,0,0,0,False,False,False,56.25,20.39063
f0rest Komplett,CounterTerrorist,2041.729,125.2949,129.6841,M4A1,13,78,0,0,0,False,False,False,56.25,20.39063
f0rest Komplett,CounterTerrorist,2041.729,125.2949,129.6841,M4A1,13,78,0,0,0,False,False,False,56.25,20.39063
f0rest Komplett,CounterTerrorist,2041.729,125.2949,129.6841,M4A1,13,78,0,0,0,False,False,False,56.25,20.39063
f0rest Komplett,CounterTerrorist,2041.729,125.2949,129.6841,M4A1,13,78,0,0,0,False,False,False,56.25,20.39063
f0rest Komplett,CounterTerrorist,2041.729,125.2949,129.6841,M4A1,13,78,0,0,0,False,False,False,56.25,20.39063
f0rest Komplett,CounterTerrorist,2041.729,125.2949,129.6841,M4A1,13,78,0,0,0,False,False,False,56.25,20.39063
f0rest Komplett,CounterTerrorist,2041.729,125.2949,129.6841,M4A1,13,78,0,0,0,False,False,False,56.25,20.39063
f0rest Komplett,CounterTerrorist,2041.729,125.2949,129.6841,M4A1,13,78,0,0,0,False,False,False,56.25,20.39063
f0rest Komplett,CounterTerrorist,2041.729,125.2949,129.6841,M4A1,13,78,0,0,0,False,False,False,56.25,20.39063
f0rest Komplett,CounterTerrorist,2041.729,125.2949,129.6841,M4A1,13,78,0,0,0,False,False,False,56.25,20.39063
f0rest Komplett,CounterTerrorist,2041.729,125.2949,129.6841,M4A1,13,78,0,0,0,False,False,False,56.25,20.39063
f0rest Komplett,CounterTerrorist,2041.729,125.2949,129.6841,M4A1,13,78,0,0,0,False,False,False,56.25,20.39063
f0rest Komplett,CounterTerrorist,2041.729,125.2949,129.6841,M4A1,13,78,0,0,0,False,False,False,56.25,20.39063
f0rest Komplett,CounterTerrorist,2041.729,125.2949,129.6841,M4A1,13,78,0,0,0,False,False,False,56.25,20.39063
f0rest Komplett,CounterTerrorist,2041.729,125.2949,129.6841,M4A1,13,78,0,0,0,False,False,False,56.25,20.39063
f0rest Komplett,CounterTerrorist,2041.729,125.2949,129.6841,M4A1,13,78,0,0,0,False,False,False,56.25,20.39063
f0rest Komplett,CounterTerrorist,2041.729,125.2949,129.6841,M4A1,13,78,0,0,0,False,False,False,56.25,20.39063
f0rest Komplett,CounterTerrorist,2041.729,125.2949,129.6841,M4A1,13,78,0,0,0,False,False,False,56.25,20.39063
f0rest Komplett,CounterTerrorist,2041.729,125.2949,129.6841,M4A1,13,78,0,0,0,False,False,False,56.25,20.39063
f0rest Komplett,CounterTerrorist,2041.729,125.2949,129.6841,M4A1,13,78,0,0,0,False,False,False,56.25,20.39063
f0rest Komplett,CounterTerrorist,2041.729,125.2949,129.6841,M4A1,13,78,0,0,0,False,False,False,56.25,20.39063
f0rest Komplett,CounterTerrorist,2041.729,125.2949,129.6841,M4A1,13,78,0,0,0,False,False,False,56.25,20.39063
f0rest Komplett,CounterTerrorist,2041.729,125.2949,129.6841,M4A1,13,78,0,0,0,False,False,False,56.25,20.39063
f0rest Komplett,CounterTerrorist,2041.729,125.2949,129.6841,M4A1,13,78,0,0,0,False,False,False,56.25,20.39063
f0rest Komplett,CounterTerrorist,2041.729,125.2949,129.6841,M4A1,13,78,0,0,0,False,False,False,56.25,20.39063
f0rest Komplett,CounterTerrorist,2041.729,125.2949,129.6841,M4A1,13,78,0,0,0,False,False,False,56.25,20.39063
f0rest Komplett,CounterTerrorist,2041.729,125.2949,129.6841,M4A1,13,78,0,0,0,False,False,False,56.25,20.39063
f0rest Komplett,CounterTerrorist,2041.729,125.2949,129.6841,M4A1,13,78,0,0,0,False,False,False,56.25,20.39063
f0rest Komplett,CounterTerrorist,2041.729,125.2949,129.6841,M4A1,13,78,0,0,0,False,False,False,56.25,20.39063
f0rest Komplett,CounterTerrorist,2041.729,125.2949,129.6841,M4A1,13,78,0,0,0,False,False,False,56.25,20.39063
f0rest Komplett,CounterTerrorist,2041.729,125.2949,129.6841,M4A1,13,78,0,0,0,False,False,False,56.25,20.39063
f0rest Komplett,CounterTerrorist,2041.729,125.2949,129.6841,M4A1,13,78,0,0,0,False,False,False,56.25,20.39063
f0rest Komplett,CounterTerrorist,2041.729,125.2949,129.6841,M4A1,13,78,0,0,0,False,False,False,56.25,20.39063
f0rest Komplett,CounterTerrorist,2041.729,125.2949,129.6841,M4A1,13,78,0,0,0,False,False,False,56.25,20.39063
f0rest Komplett,CounterTerrorist,2041.729,125.2949,129.6841,M4A1,13,78,0,0,0,False,False,False,56.25,20.39063
f0rest Komplett,CounterTerrorist,2041.729,125.2949,129.6841,M4A1,13,78,0,0,0,False,False,False,56.25,20.39063
f0rest Komplett,CounterTerrorist,2041.729,125.2949,129.6841,M4A1,13,78,0,0,0,False,False,False,56.25,20.39063
f0rest Komplett,CounterTerrorist,2041.729,125.2949,129.6841,M4A1,13,78,0,0,0,False,False,False,56.25,20.39063
f0rest Komplett,CounterTerrorist,2041.729,125.2949,129.6841,M4A1,13,78,0,0,0,False,False,False,56.25,20.39063
f0rest Komplett,CounterTerrorist,2041.729,125.2949,129.6841,M4A1,13,78,0,0,0,False,False,False,56.25,20.39063
f0rest Komplett,CounterTerrorist,2041.729,125.2949,129.6841,M4A1,13,78,0,0,0,False,False,False,56.25,20.39063
f0rest Komplett,CounterTerrorist,2041.729,125.2949,129.6841,M4A1,13,78,0,0,0,False,False,False,56.25,20.39063
f0rest Komplett,CounterTerrorist,2041.729,125.2949,129.6841,M4A1,13,78,0,0,0,False,False,False,56.25,20.39063
f0rest Komplett,CounterTerrorist,2041.729,125.2949,129.6841,M4A1,13,78,0,0,0,False,False,False,56.25,20.39063
f0rest Komplett,CounterTerrorist,2041.729,125.2949,129.6841,M4A1,13,78,0,0,0,False,False,False,56.25,20.39063
f0rest Komplett,CounterTerrorist,2041.729,125.2949,129.6841,M4A1,13,78,0,0,0,False,False,False,56.25,20.39063
f0rest Komplett,CounterTerrorist,2041.729,125.2949,129.6841,M4A1,13,78,0,0,0,False,False,False,56.25,20.39063
f0rest Komplett,CounterTerrorist,2041.729,125.2949,129.6841,M4A1,13,78,0,0,0,False,False,False,56.25,20.39063
f0rest Komplett,CounterTerrorist,2041.729,125.2949,129.6841,M4A1,13,78,0,0,0,False,False,False,56.25,20.39063
f0rest Komplett,CounterTerrorist,2041.729,125.2949,129.6841,M4A1,13,78,0,0,0,False,False,False,56.25,20.39063
f0rest Komplett,CounterTerrorist,2041.729,125.2949,129.6841,M4A1,13,78,0,0,0,False,False,False,56.25,20.39063
f0rest Komplett,CounterTerrorist,2041.729,125.2949,129.6841,M4A1,13,78,0,0,0,False,False,False,56.25,20.39063
f0rest Komplett,CounterTerrorist,2041.729,125.2949,129.6841,M4A1,13,78,0,0,0,False,False,False,56.25,20.39063
f0rest Komplett,CounterTerrorist,2041.729,125.2949,129.6841,M4A1,13,78,0,0,0,False,False,False,56.25,20.39063
f0rest Komplett,CounterTerrorist,2041.729,125.2949,129.6841,M4A1,13,78,0,0,0,False,False,False,56.25,20.39063
f0rest Komplett,CounterTerrorist,2041.729,125.2949,129.6841,M4A1,13,78,0,0,0,False,False,False,56.25,20.39063
f0rest Komplett,CounterTerrorist,2041.729,125.2949,129.6841,M4A1,13,78,0,0,0,False,False,False,56.25,20.39063
f0rest Komplett,CounterTerrorist,2041.729,125.2949,129.6841,M4A1,13,78,0,0,0,False,False,False,56.25,20.39063
f0rest Komplett,CounterTerrorist,2041.729,125.2949,129.6841,M4A1,13,78,0,0,0,False,False,False,56.25,20.39063
f0rest Komplett,CounterTerrorist,2041.729,125.2949,129.6841,M4A1,13,78,0,0,0,False,False,False,56.25,20.39063
f0rest Komplett,CounterTerrorist,2041.729,125.2949,129.6841,M4A1,13,78,0,0,0,False,False,False,56.25,20.39063
f0rest Komplett,CounterTerrorist,2041.729,125.2949,129.6841,M4A1,13,78,0,0,0,False,False,False,56.25,20.39063
f0rest Komplett,CounterTerrorist,2041.729,125.2949,129.6841,M4A1,13,78,0,0,0,False,False,False,56.25,20.39063
f0rest Komplett,CounterTerrorist,2041.729,125.2949,129.6841,M4A1,13,78,0,0,0,False,False,False,56.25,20.39063
f0rest Komplett,CounterTerrorist,2041.729,125.2949,129.6841,M4A1,13,78,0,0,0,False,False,False,56.25,20.39063
f0rest Komplett,CounterTerrorist,2041.729,125.2949,129.6841,M4A1,13,78,0,0,0,False,False,False,56.25,20.39063
f0rest Komplett,CounterTerrorist,2041.729,125.2949,129.6841,M4A1,13,78,0,0,0,False,False,False,56.25,20.39063
f0rest Komplett,CounterTerrorist,2041.729,125.2949,129.6841,M4A1,13,78,0,0,0,False,False,False,56.25,20.39063
f0rest Komplett,CounterTerrorist,2041.729,125.2949,129.6841,M4A1,13,78,0,0,0,False,False,False,56.25,20.39063
f0rest Komplett,CounterTerrorist,2041.729,125.2949,129.6841,M4A1,13,78,0,0,0,False,False,False,56.25,20.39063
f0rest Komplett,CounterTerrorist,2041.729,125.2949,129.6841,M4A1,13,78,0,0,0,False,False,False,56.25,20.39063
f0rest Komplett,CounterTerrorist,2041.729,125.2949,129.6841,M4A1,13,78,0,0,0,False,False,False,56.25,20.39063
f0rest Komplett,CounterTerrorist,2041.729,125.2949,129.6841,M4A1,13,78,0,0,0,False,False,False,56.25,20.39063
f0rest Komplett,CounterTerrorist,2041.729,125.2949,129.6841,M4A1,13,78,0,0,0,False,False,False,56.25,20.39063
f0rest Komplett,CounterTerrorist,2041.729,125.2949,129.6841,M4A1,13,78,0,0,0,False,False,False,56.25,20.39063
f0rest Komplett,CounterTerrorist,2041.729,125.2949,129.6841,M4A1,13,78,0,0,0,False,False,False,56.25,20.39063
f0rest Komplett,CounterTerrorist,2041.729,125.2949,129.6841,M4A1,13,78,0,0,0,False,False,False,56.25,20.39063
f0rest Komplett,CounterTerrorist,2041.729,125.2949,129.6841,M4A1,13,78,0,0,0,False,False,False,56.25,20.39063
f0rest Komplett,CounterTerrorist,2041.729,125.2949,129.6841,M4A1,13,78,0,0,0,False,False,False,56.25,20.39063
f0rest Komplett,CounterTerrorist,2041.729,125.2949,129.6841,M4A1,13,78,0,0,0,False,False,False,56.25,20.39063
f0rest Komplett,CounterTerrorist,2041.729,125.2949,129.6841,M4A1,13,78,0,0,0,False,False,False,56.25,20.39063
f0rest Komplett,CounterTerrorist,2041.729,125.2949,129.6841,M4A1,13,78,0,0,0,False,False,False,56.25,20.39063
f0rest Komplett,CounterTerrorist,2041.729,125.2949,129.6841,M4A1,13,78,0,0,0,False,False,False,56.25,20.39063
f0rest Komplett,CounterTerrorist,2041.729,125.2949,129.6841,M4A1,13,78,0,0,0,False,False,False,56.25,20.39063
f0rest Komplett,CounterTerrorist,2041.729,125.2949,129.6841,M4A1,13,78,0,0,0,False,False,False,56.25,20.39063
f0rest Komplett,CounterTerrorist,2041.729,125.2949,129.6841,M4A1,13,78,0,0,0,False,False,False,56.25,20.39063
f0rest Komplett,CounterTerrorist,2041.729,125.2949,129.6841,M4A1,13,78,0,0,0,False,False,False,56.25,20.39063
f0rest Komplett,CounterTerrorist,2041.729,125.2949,129.6841,M4A1,13,78,0,0,0,False,False,False,56.25,20.39063
f0rest Komplett,CounterTerrorist,2041.729,125.2949,129.6841,M4A1,13,78,0,0,0,False,False,False,56.25,20.39063
f0rest Komplett,CounterTerrorist,2041.729,125.2949,129.6841,M4A1,13,78,0,0,0,False,False,False,56.25,20.39063
f0rest Komplett,CounterTerrorist,2041.729,125.2949,129.6841,M4A1,13,78,0,0,0,False,False,False,56.25,20.39063
f0rest Komplett,CounterTerrorist,2041.729,125.2949,129.6841,M4A1,13,78,0,0,0,False,False,False,56.25,20.39063
f0rest Komplett,CounterTerrorist,2041.729,125.2949,129.6841,M4A1,13,78,0,0,0,False,False,False,56.25,20.39063
f0rest Komplett,CounterTerrorist,2041.729,125.2949,129.6841,M4A1,13,78,0,0,0,False,False,False,56.25,20.39063
f0rest Komplett,CounterTerrorist,2041.729,125.2949,129.6841,M4A1,13,78,0,0,0,False,False,False,56.25,20.39063
f0rest Komplett,CounterTerrorist,2041.729,125.2949,129.6841,M4A1,13,78,0,0,0,False,False,False,56.25,20.39063
f0rest Komplett,CounterTerrorist,2041.729,125.2949,129.6841,M4A1,13,78,0,0,0,False,False,False,56.25,20.39063
f0rest Komplett,CounterTerrorist,2041.729,125.2949,129.6841,M4A1,13,78,0,0,0,False,False,False,56.25,20.39063
f0rest Komplett,CounterTerrorist,2041.729,125.2949,129.6841,M4A1,13,78,0,0,0,False,False,False,56.25,20.39063
f0rest Komplett,CounterTerrorist,2041.729,125.2949,129.6841,M4A1,13,78,0,0,0,False,False,False,56.25,20.39063
f0rest Komplett,CounterTerrorist,2041.729,125.2949,129.6841,M4A1,13,78,0,0,0,False,False,False,56.25,20.39063
f0rest Komplett,CounterTerrorist,2041.729,125.2949,129.6841,M4A1,13,78,0,0,0,False,False,False,56.25,20.39063
f0rest Komplett,CounterTerrorist,2041.729,125.2949,129.6841,M4A1,13,78,0,0,0,False,False,False,56.25,20.39063
f0rest Komplett,CounterTerrorist,2041.729,125.2949,129.6841,M4A1,13,78,0,0,0,False,False,False,56.25,20.39063
f0rest Komplett,CounterTerrorist,2041.729,125.2949,129.6841,M4A1,13,78,0,0,0,False,False,False,56.25,20.39063
f0rest Komplett,CounterTerrorist,2041.729,125.2949,129.6841,M4A1,13,78,0,0,0,False,False,False,56.25,20.39063
f0rest Komplett,CounterTerrorist,2041.729,125.2949,129.6841,M4A1,13,78,0,0,0,False,False,False,56.25,20.39063
f0rest Komplett,CounterTerrorist,2041.729,125.2949,129.6841,M4A1,13,78,0,0,0,False,False,False,56.25,20.39063
f0rest Komplett,CounterTerrorist,2041.729,125.2949,129.6841,M4A1,13,78,0,0,0,False,False,False,56.25,20.39063
f0rest Komplett,CounterTerrorist,2041.729,125.2949,129.6841,M4A1,13,78,0,0,0,False,False,False,56.25,20.39063
f0rest Komplett,CounterTerrorist,2041.729,125.2949,129.6841,M4A1,13,78,0,0,0,False,False,False,56.25,20.39063
f0rest Komplett,CounterTerrorist,2041.729,125.2949,129.6841,M4A1,13,78,0,0,0,False,False,False,56.25,20.39063
f0rest Komplett,CounterTerrorist,2041.729,125.2949,129.6841,M4A1,13,78,0,0,0,False,False,False,56.25,20.39063
f0rest Komplett,CounterTerrorist,2041.729,125.2949,129.6841,M4A1,13,78,0,0,0,False,False,False,56.25,20.39063
f0rest Komplett,CounterTerrorist,2041.729,125.2949,129.6841,M4A1,13,78,0,0,0,False,False,False,56.25,20.39063
f0rest Komplett,CounterTerrorist,2041.729,125.2949,129.6841,M4A1,13,78,0,0,0,False,False,False,56.25,20.39063
f0rest Komplett,CounterTerrorist,2041.729,125.2949,129.6841,M4A1,13,78,0,0,0,False,False,False,56.25,20.39063
f0rest Komplett,CounterTerrorist,2041.729,125.2949,129.6841,M4A1,13,78,0,0,0,False,False,False,56.25,20.39063
f0rest Komplett,CounterTerrorist,2041.729,125.2949,129.6841,M4A1,13,78,0,0,0,False,False,False,56.25,20.39063
f0rest Komplett,CounterTerrorist,2041.729,125.2949,129.6841,M4A1,13,78,0,0,0,False,False,False,56.25,20.39063
f0rest Komplett,CounterTerrorist,2041.729,125.2949,129.6841,M4A1,13,78,0,0,0,False,False,False,56.25,20.39063
f0rest Komplett,CounterTerrorist,2041.729,125.2949,129.6841,M4A1,13,78,0,0,0,False,False,False,56.25,20.39063
f0rest Komplett,CounterTerrorist,2041.729,125.2949,129.6841,M4A1,13,78,0,0,0,False,False,False,56.25,20.39063
f0rest Komplett,CounterTerrorist,2041.729,125.2949,129.6841,M4A1,13,78,0,0,0,False,False,False,56.25,20.39063
f0rest Komplett,CounterTerrorist,2041.729,125.2949,129.6841,M4A1,13,78,0,0,0,False,False,False,56.25,20.39063
f0rest Komplett,CounterTerrorist,2041.729,125.2949,129.6841,M4A1,13,78,0,0,0,False,False,False,56.25,20.39063
f0rest Komplett,CounterTerrorist,2041.729,125.2949,129.6841,M4A1,13,78,0,0,0,False,False,False,56.25,20.39063
f0rest Komplett,CounterTerrorist,2041.729,125.2949,129.6841,M4A1,13,78,0,0,0,False,False,False,56.25,20.39063
f0rest Komplett,CounterTerrorist,2041.729,125.2949,129.6841,M4A1,13,78,0,0,0,False,False,False,56.25,20.39063
f0rest Komplett,CounterTerrorist,2041.729,125.2949,129.6841,M4A1,13,78,0,0,0,False,False,False,56.25,20.39063
f0rest Komplett,CounterTerrorist,2041.729,125.2949,129.6841,M4A1,13,78,0,0,0,False,False,False,56.25,20.39063
f0rest Komplett,CounterTerrorist,2041.729,125.2949,129.6841,M4A1,13,78,0,0,0,False,False,False,56.25,20.39063
f0rest Komplett,CounterTerrorist,2041.729,125.2949,129.6841,M4A1,13,78,0,0,0,False,False,False,56.25,20.39063
f0rest Komplett,CounterTerrorist,2041.729,125.2949,129.6841,M4A1,13,78,0,0,0,False,False,False,56.25,20.39063
f0rest Komplett,CounterTerrorist,2041.729,125.2949,129.6841,M4A1,13,78,0,0,0,False,False,False,56.25,20.39063
f0rest Komplett,CounterTerrorist,2041.729,125.2949,129.6841,M4A1,13,78,0,0,0,False,False,False,56.25,20.39063
f0rest Komplett,CounterTerrorist,2041.729,125.2949,129.6841,M4A1,13,78,0,0,0,False,False,False,56.25,20.39063
f0rest Komplett,CounterTerrorist,2041.729,125.2949,129.6841,M4A1,13,78,0,0,0,False,False,False,56.25,20.39063
f0rest Komplett,CounterTerrorist,2041.729,125.2949,129.6841,M4A1,13,78,0,0,0,False,False,False,56.25,20.39063
f0rest Komplett,CounterTerrorist,2041.729,125.2949,129.6841,M4A1,13,78,0,0,0,False,False,False,56.25,20.39063
f0rest Komplett,CounterTerrorist,2041.729,125.2949,129.6841,M4A1,13,78,0,0,0,False,False,False,56.25,20.39063
f0rest Komplett,CounterTerrorist,2041.729,125.2949,129.6841,M4A1,13,78,0,0,0,False,False,False,56.25,20.39063
f0rest Komplett,CounterTerrorist,2041.729,125.2949,129.6841,M4A1,13,78,0,0,0,False,False,False,56.25,20.39063
f0rest Komplett,CounterTerrorist,2041.729,125.2949,129.6841,M4A1,13,78,0,0,0,False,False,False,56.25,20.39063
f0rest Komplett,CounterTerrorist,2041.729,125.2949,129.6841,M4A1,13,78,0,0,0,False,False,False,56.25,20.39063
f0rest Komplett,CounterTerrorist,2041.729,125.2949,129.6841,M4A1,13,78,0,0,0,False,False,False,56.25,20.39063
f0rest Komplett,CounterTerrorist,2041.729,125.2949,129.6841,M4A1,13,78,0,0,0,False,False,False,56.25,20.39063
f0rest Komplett,CounterTerrorist,2041.729,125.2949,129.6841,M4A1,13,78,0,0,0,False,False,False,56.25,20.39063
f0rest Komplett,CounterTerrorist,2041.729,125.2949,129.6841,M4A1,13,78,0,0,0,False,False,False,56.25,20.39063
f0rest Komplett,CounterTerrorist,2041.729,125.2949,129.6841,M4A1,13,78,0,0,0,False,False,False,56.25,20.39063
f0rest Komplett,CounterTerrorist,2041.729,125.2949,129.6841,M4A1,13,78,0,0,0,False,False,False,56.25,20.39063
f0rest Komplett,CounterTerrorist,2041.729,125.2949,129.6841,M4A1,13,78,0,0,0,False,False,False,56.25,20.39063
f0rest Komplett,CounterTerrorist,2041.729,125.2949,129.6841,M4A1,13,78,0,0,0,False,False,False,56.25,20.39063
f0rest Komplett,CounterTerrorist,2041.729,125.2949,129.6841,M4A1,13,78,0,0,0,False,False,False,56.25,20.39063
f0rest Komplett,CounterTerrorist,2041.729,125.2949,129.6841,M4A1,13,78,0,0,0,False,False,False,56.25,20.39063
f0rest Komplett,CounterTerrorist,2041.729,125.2949,129.6841,M4A1,13,78,0,0,0,False,False,False,56.25,20.39063
f0rest Komplett,CounterTerrorist,2041.729,125.2949,129.6841,M4A1,13,78,0,0,0,False,False,False,56.25,20.39063
f0rest Komplett,CounterTerrorist,2041.729,125.2949,129.6841,M4A1,13,78,0,0,0,False,False,False,56.25,20.39063
f0rest Komplett,CounterTerrorist,2041.729,125.2949,129.6841,M4A1,13,78,0,0,0,False,False,False,56.25,20.39063
f0rest Komplett,CounterTerrorist,2041.729,125.2949,129.6841,M4A1,13,78,0,0,0,False,False,False,56.25,20.39063
f0rest Komplett,CounterTerrorist,2041.729,125.2949,129.6841,M4A1,13,78,0,0,0,False,False,False,56.25,20.39063
f0rest Komplett,CounterTerrorist,2041.729,125.2949,129.6841,M4A1,13,78,0,0,0,False,False,False,56.25,20.39063
f0rest Komplett,CounterTerrorist,2041.729,125.2949,129.6841,M4A1,13,78,0,0,0,False,False,False,56.25,20.39063
f0rest Komplett,CounterTerrorist,2041.729,125.2949,129.6841,M4A1,13,78,0,0,0,False,False,False,56.25,20.39063
f0rest Komplett,CounterTerrorist,2041.729,125.2949,129.6841,M4A1,13,78,0,0,0,False,False,False,56.25,20.39063
f0rest Komplett,CounterTerrorist,2041.729,125.2949,129.6841,M4A1,13,78,0,0,0,False,False,False,56.25,20.39063
f0rest Komplett,CounterTerrorist,2041.729,125.2949,129.6841,M4A1,13,78,0,0,0,False,False,False,56.25,20.39063
f0rest Komplett,CounterTerrorist,2041.729,125.2949,129.6841,M4A1,13,78,0,0,0,False,False,False,56.25,20.39063
f0rest Komplett,CounterTerrorist,2041.729,125.2949,129.6841,M4A1,13,78,0,0,0,False,False,False,56.25,20.39063
f0rest Komplett,CounterTerrorist,2041.729,125.2949,129.6841,M4A1,13,78,0,0,0,False,False,False,56.25,20.39063
f0rest Komplett,CounterTerrorist,2041.729,125.2949,129.6841,M4A1,13,78,0,0,0,False,False,False,56.25,20.39063
f0rest Komplett,CounterTerrorist,2041.729,125.2949,129.6841,M4A1,13,78,0,0,0,False,False,False,56.25,20.39063
f0rest Komplett,CounterTerrorist,2041.729,125.2949,129.6841,M4A1,13,78,0,0,0,False,False,False,56.25,20.39063
f0rest Komplett,CounterTerrorist,2041.729,125.2949,129.6841,M4A1,13,78,0,0,0,False,False,False,56.25,20.39063
f0rest Komplett,CounterTerrorist,2041.729,125.2949,129.6841,M4A1,13,78,0,0,0,False,False,False,56.25,20.39063
f0rest Komplett,CounterTerrorist,2041.729,125.2949,129.6841,M4A1,13,78,0,0,0,False,False,False,56.25,20.39063
f0rest Komplett,CounterTerrorist,2041.729,125.2949,129.6841,M4A1,13,78,0,0,0,False,False,False,56.25,20.39063
f0rest Komplett,CounterTerrorist,2041.729,125.2949,129.6841,M4A1,13,78,0,0,0,False,False,False,56.25,20.39063
f0rest Komplett,CounterTerrorist,2041.729,125.2949,129.6841,M4A1,13,78,0,0,0,False,False,False,56.25,20.39063
f0rest Komplett,CounterTerrorist,2041.729,125.2949,129.6841,M4A1,13,78,0,0,0,False,False,False,56.25,20.39063
f0rest Komplett,CounterTerrorist,2041.729,125.2949,129.6841,M4A1,13,78,0,0,0,False,False,False,56.25,20.39063
f0rest Komplett,CounterTerrorist,2041.729,125.2949,129.6841,M4A1,13,78,0,0,0,False,False,False,56.25,20.39063
f0rest Komplett,CounterTerrorist,2041.729,125.2949,129.6841,M4A1,13,78,0,0,0,False,False,False,56.25,20.39063
f0rest Komplett,CounterTerrorist,2041.729,125.2949,129.6841,M4A1,13,78,0,0,0,False,False,False,56.25,20.39063
f0rest Komplett,CounterTerrorist,2041.729,125.2949,129.6841,M4A1,13,78,0,0,0,False,False,False,56.25,20.39063
f0rest Komplett,CounterTerrorist,2041.729,125.2949,129.6841,M4A1,13,78,0,0,0,False,False,False,56.25,20.39063
f0rest Komplett,CounterTerrorist,2041.729,125.2949,129.6841,M4A1,13,78,0,0,0,False,False,False,56.25,20.39063
f0rest Komplett,CounterTerrorist,2041.729,125.2949,129.6841,M4A1,13,78,0,0,0,False,False,False,56.25,20.39063
f0rest Komplett,CounterTerrorist,2041.729,125.2949,129.6841,M4A1,13,78,0,0,0,False,False,False,56.25,20.39063
f0rest Komplett,CounterTerrorist,2041.729,125.2949,129.6841,M4A1,13,78,0,0,0,False,False,False,56.25,20.39063
f0rest Komplett,CounterTerrorist,2041.729,125.2949,129.6841,M4A1,13,78,0,0,0,False,False,False,56.25,20.39063
f0rest Komplett,CounterTerrorist,2041.729,125.2949,129.6841,M4A1,13,78,0,0,0,False,False,False,56.25,20.39063
f0rest Komplett,CounterTerrorist,2041.729,125.2949,129.6841,M4A1,13,78,0,0,0,False,False,False,56.25,20.39063
f0rest Komplett,CounterTerrorist,2041.729,125.2949,129.6841,M4A1,13,78,0,0,0,False,False,False,56.25,20.39063
f0rest Komplett,CounterTerrorist,2041.729,125.2949,129.6841,M4A1,13,78,0,0,0,False,False,False,56.25,20.39063
f0rest Komplett,CounterTerrorist,2041.729,125.2949,129.6841,M4A1,13,78,0,0,0,False,False,False,56.25,20.39063
f0rest Komplett,CounterTerrorist,2041.729,125.2949,129.6841,M4A1,13,78,0,0,0,False,False,False,56.25,20.39063
f0rest Komplett,CounterTerrorist,2041.729,125.2949,129.6841,M4A1,13,78,0,0,0,False,False,False,56.25,20.39063
f0rest Komplett,CounterTerrorist,2041.729,125.2949,129.6841,M4A1,13,78,0,0,0,False,False,False,56.25,20.39063
f0rest Komplett,CounterTerrorist,2041.729,125.2949,129.6841,M4A1,13,78,0,0,0,False,False,False,56.25,20.39063
f0rest Komplett,CounterTerrorist,2041.729,125.2949,129.6841,M4A1,13,78,0,0,0,False,False,False,56.25,20.39063
f0rest Komplett,CounterTerrorist,2041.729,125.2949,129.6841,M4A1,13,78,0,0,0,False,False,False,56.25,20.39063
f0rest Komplett,CounterTerrorist,2041.729,125.2949,129.6841,M4A1,13,78,0,0,0,False,False,False,56.25,20.39063
f0rest Komplett,CounterTerrorist,2041.729,125.2949,129.6841,M4A1,13,78,0,0,0,False,False,False,56.25,20.39063
f0rest Komplett,CounterTerrorist,2041.729,125.2949,129.6841,M4A1,13,78,0,0,0,False,False,False,56.25,20.39063
f0rest Komplett,CounterTerrorist,2041.729,125.2949,129.6841,M4A1,13,78,0,0,0,False,False,False,56.25,20.39063
f0rest Komplett,CounterTerrorist,2041.729,125.2949,129.6841,M4A1,13,78,0,0,0,False,False,False,56.25,20.39063
f0rest Komplett,CounterTerrorist,2041.729,125.2949,129.6841,M4A1,13,78,0,0,0,False,False,False,56.25,20.39063
f0rest Komplett,CounterTerrorist,2041.729,125.2949,129.6841,M4A1,13,78,0,0,0,False,False,False,56.25,20.39063
f0rest Komplett,CounterTerrorist,2041.729,125.2949,129.6841,M4A1,13,78,0,0,0,False,False,False,56.25,20.39063
f0rest Komplett,CounterTerrorist,2041.729,125.2949,129.6841,M4A1,13,78,0,0,0,False,False,False,56.25,20.39063
f0rest Komplett,CounterTerrorist,2041.729,125.2949,129.6841,M4A1,13,78,0,0,0,False,False,False,56.25,20.39063
f0rest Komplett,CounterTerrorist,2041.729,125.2949,129.6841,M4A1,13,78,0,0,0,False,False,False,56.25,20.39063
f0rest Komplett,CounterTerrorist,2041.729,125.2949,129.6841,M4A1,13,78,0,0,0,False,False,False,56.25,20.39063
f0rest Komplett,CounterTerrorist,2041.729,125.2949,129.6841,M4A1,13,78,0,0,0,False,False,False,56.25,20.39063
f0rest Komplett,CounterTerrorist,2041.729,125.2949,129.6841,M4A1,13,78,0,0,0,False,False,False,56.25,20.39063
f0rest Komplett,CounterTerrorist,2041.729,125.2949,129.6841,M4A1,13,78,0,0,0,False,False,False,56.25,20.39063
f0rest Komplett,CounterTerrorist,2041.729,125.2949,129.6841,M4A1,13,78,0,0,0,False,False,False,56.25,20.39063
f0rest Komplett,CounterTerrorist,2041.729,125.2949,129.6841,M4A1,13,78,0,0,0,False,False,False,56.25,20.39063
f0rest Komplett,CounterTerrorist,2041.729,125.2949,129.6841,M4A1,13,78,0,0,0,False,False,False,56.25,20.39063
f0rest Komplett,CounterTerrorist,2041.729,125.2949,129.6841,M4A1,13,78,0,0,0,False,False,False,56.25,20.39063
f0rest Komplett,CounterTerrorist,2041.729,125.2949,129.6841,M4A1,13,78,0,0,0,False,False,False,56.25,20.39063
f0rest Komplett,CounterTerrorist,2041.729,125.2949,129.6841,M4A1,13,78,0,0,0,False,False,False,56.25,20.39063
f0rest Komplett,CounterTerrorist,2041.729,125.2949,129.6841,M4A1,13,78,0,0,0,False,False,False,56.25,20.39063
f0rest Komplett,CounterTerrorist,2041.729,125.2949,129.6841,M4A1,13,78,0,0,0,False,False,False,56.25,20.39063
f0rest Komplett,CounterTerrorist,2041.729,125.2949,129.6841,M4A1,13,78,0,0,0,False,False,False,56.25,20.39063
f0rest Komplett,CounterTerrorist,2041.729,125.2949,129.6841,M4A1,13,78,0,0,0,False,False,False,56.25,20.39063
f0rest Komplett,CounterTerrorist,2041.729,125.2949,129.6841,M4A1,13,78,0,0,0,False,False,False,56.25,20.39063
f0rest Komplett,CounterTerrorist,2041.729,125.2949,129.6841,M4A1,13,78,0,0,0,False,False,False,56.25,20.39063
f0rest Komplett,CounterTerrorist,2041.729,125.2949,129.6841,M4A1,13,78,0,0,0,False,False,False,56.25,20.39063
f0rest Komplett,CounterTerrorist,2041.729,125.2949,129.6841,M4A1,13,78,0,0,0,False,False,False,56.25,20.39063
f0rest Komplett,CounterTerrorist,2041.729,125.2949,129.6841,M4A1,13,78,0,0,0,False,False,False,56.25,20.39063
f0rest Komplett,CounterTerrorist,2041.729,125.2949,129.6841,M4A1,13,78,0,0,0,False,False,False,56.25,20.39063
f0rest Komplett,CounterTerrorist,2041.729,125.2949,129.6841,M4A1,13,78,0,0,0,False,False,False,56.25,20.39063
f0rest Komplett,CounterTerrorist,2041.729,125.2949,129.6841,M4A1,13,78,0,0,0,False,False,False,56.25,20.39063
f0rest Komplett,CounterTerrorist,2041.729,125.2949,129.6841,M4A1,13,78,0,0,0,False,False,False,56.25,20.39063
f0rest Komplett,CounterTerrorist,2041.729,125.2949,129.6841,M4A1,13,78,0,0,0,False,False,False,56.25,20.39063
f0rest Komplett,CounterTerrorist,2041.729,125.2949,129.6841,M4A1,13,78,0,0,0,False,False,False,56.25,20.39063
f0rest Komplett,CounterTerrorist,2041.729,125.2949,129.6841,M4A1,13,78,0,0,0,False,False,False,56.25,20.39063
f0rest Komplett,CounterTerrorist,2041.729,125.2949,129.6841,M4A1,13,78,0,0,0,False,False,False,56.25,20.39063
f0rest Komplett,CounterTerrorist,2041.729,125.2949,129.6841,M4A1,13,78,0,0,0,False,False,False,56.25,20.39063
f0rest Komplett,CounterTerrorist,2041.729,125.2949,129.6841,M4A1,13,78,0,0,0,False,False,False,56.25,20.39063
f0rest Komplett,CounterTerrorist,2041.729,125.2949,129.6841,M4A1,13,78,0,0,0,False,False,False,56.25,20.39063
f0rest Komplett,CounterTerrorist,2041.729,125.2949,129.6841,M4A1,13,78,0,0,0,False,False,False,56.25,20.39063
f0rest Komplett,CounterTerrorist,2041.729,125.2949,129.6841,M4A1,13,78,0,0,0,False,False,False,56.25,20.39063
f0rest Komplett,CounterTerrorist,2041.729,125.2949,129.6841,M4A1,13,78,0,0,0,False,False,False,56.25,20.39063
f0rest Komplett,CounterTerrorist,2041.729,125.2949,129.6841,M4A1,13,78,0,0,0,False,False,False,56.25,20.39063
f0rest Komplett,CounterTerrorist,2041.729,125.2949,129.6841,M4A1,13,78,0,0,0,False,False,False,56.25,20.39063
f0rest Komplett,CounterTerrorist,2041.729,125.2949,129.6841,M4A1,13,78,0,0,0,False,False,False,56.25,20.39063
f0rest Komplett,CounterTerrorist,2041.729,125.2949,129.6841,M4A1,13,78,0,0,0,False,False,False,56.25,20.39063
f0rest Komplett,CounterTerrorist,2041.729,125.2949,129.6841,M4A1,13,78,0,0,0,False,False,False,56.25,20.39063
f0rest Komplett,CounterTerrorist,2041.729,125.2949,129.6841,M4A1,13,78,0,0,0,False,False,False,56.25,20.39063
f0rest Komplett,CounterTerrorist,2041.729,125.2949,129.6841,M4A1,13,78,0,0,0,False,False,False,56.25,20.39063
f0rest Komplett,CounterTerrorist,2041.729,125.2949,129.6841,M4A1,13,78,0,0,0,False,False,False,56.25,20.39063
f0rest Komplett,CounterTerrorist,2041.729,125.2949,129.6841,M4A1,13,78,0,0,0,False,False,False,56.25,20.39063
f0rest Komplett,CounterTerrorist,2041.729,125.2949,129.6841,M4A1,13,78,0,0,0,False,False,False,56.25,20.39063
f0rest Komplett,CounterTerrorist,2041.729,125.2949,129.6841,M4A1,13,78,0,0,0,False,False,False,56.25,20.39063
f0rest Komplett,CounterTerrorist,2041.729,125.2949,129.6841,M4A1,13,78,0,0,0,False,False,False,56.25,20.39063
f0rest Komplett,CounterTerrorist,2041.729,125.2949,129.6841,M4A1,13,78,0,0,0,False,False,False,56.25,20.39063
f0rest Komplett,CounterTerrorist,2041.729,125.2949,129.6841,M4A1,13,78,0,0,0,False,False,False,56.25,20.39063
f0rest Komplett,CounterTerrorist,2041.729,125.2949,129.6841,M4A1,13,78,0,0,0,False,False,False,56.25,20.39063
f0rest Komplett,CounterTerrorist,2041.729,125.2949,129.6841,M4A1,13,78,0,0,0,False,False,False,56.25,20.39063
f0rest Komplett,CounterTerrorist,2041.729,125.2949,129.6841,M4A1,13,78,0,0,0,False,False,False,56.25,20.39063
f0rest Komplett,CounterTerrorist,2041.729,125.2949,129.6841,M4A1,13,78,0,0,0,False,False,False,56.25,20.39063
f0rest Komplett,CounterTerrorist,2041.729,125.2949,129.6841,M4A1,13,78,0,0,0,False,False,False,56.25,20.39063
f0rest Komplett,CounterTerrorist,2041.729,125.2949,129.6841,M4A1,13,78,0,0,0,False,False,False,56.25,20.39063
f0rest Komplett,CounterTerrorist,2041.729,125.2949,129.6841,M4A1,13,78,0,0,0,False,False,False,56.25,20.39063
f0rest Komplett,CounterTerrorist,2041.729,125.2949,129.6841,M4A1,13,78,0,0,0,False,False,False,56.25,20.39063
f0rest Komplett,CounterTerrorist,2041.729,125.2949,129.6841,M4A1,13,78,0,0,0,False,False,False,56.25,20.39063
f0rest Komplett,CounterTerrorist,2041.729,125.2949,129.6841,M4A1,13,78,0,0,0,False,False,False,56.25,20.39063
f0rest Komplett,CounterTerrorist,2041.729,125.2949,129.6841,M4A1,13,78,0,0,0,False,False,False,56.25,20.39063
f0rest Komplett,CounterTerrorist,2041.729,125.2949,129.6841,M4A1,13,78,0,0,0,False,False,False,56.25,20.39063
f0rest Komplett,CounterTerrorist,2041.729,125.2949,129.6841,M4A1,13,78,0,0,0,False,False,False,56.25,20.39063
f0rest Komplett,CounterTerrorist,2041.729,125.2949,129.6841,M4A1,13,78,0,0,0,False,False,False,55.89844,20.39063
f0rest Komplett,CounterTerrorist,2041.729,125.2949,129.6841,M4A1,13,78,0,0,0,False,False,False,49.92188,18.98438
f0rest Komplett,CounterTerrorist,2041.729,125.2949,129.6841,M4A1,13,78,0,0,0,False,False,False,34.80469,17.92969
f0rest Komplett,CounterTerrorist,2041.729,125.2949,129.6841,M4A1,13,78,0,0,0,False,False,False,9.84375,18.28125
f0rest Komplett,CounterTerrorist,2041.729,125.2949,129.6841,M4A1,13,78,0,0,0,False,False,False,343.8281,17.22656
f0rest Komplett,CounterTerrorist,2041.729,125.2949,129.6841,M4A1,13,78,0,0,0,False,False,False,319.9219,15.82031
f0rest Komplett,CounterTerrorist,2041.729,125.2949,129.6841,M4A1,13,78,0,0,0,False,False,False,298.125,13.71094
f0rest Komplett,CounterTerrorist,2041.729,125.2949,129.6841,M4A1,13,78,0,0,0,False,False,False,279.8438,10.89844
f0rest Komplett,CounterTerrorist,2041.729,125.2949,129.6841,M4A1,13,78,0,0,0,False,False,False,261.9141,8.085938
f0rest Komplett,CounterTerrorist,2041.729,125.2949,129.6841,M4A1,13,78,0,0,0,False,False,False,246.7969,5.625
f0rest Komplett,CounterTerrorist,2041.729,125.2949,129.6841,M4A1,13,78,0,0,0,False,False,False,234.8437,3.515625
f0rest Komplett,CounterTerrorist,2041.729,125.2949,129.6841,M4A1,13,78,0,0,0,False,False,False,226.0547,1.40625
f0rest Komplett,CounterTerrorist,2041.729,125.2949,129.6841,M4A1,13,78,0,0,0,False,False,False,221.4844,359.2969
f0rest Komplett,CounterTerrorist,2041.729,125.2949,129.6841,M4A1,13,78,0,0,0,False,False,False,218.3203,357.1875
