Name,Team,Position.X,Position.Y,Position.Z,ActiveWeapon,HP,Armour,Velocity.X,Velocity.Y,Velocity.Z,IsDucking,HasHelmet,HasDefuseKit,ViewDirectionX,ViewDirectionY,Map = de_inferno
aizy,CounterTerrorist,2432,2184,124.3104,P2000,100,0,0,0,0,False,False,False,14.41406,18.98438
aizy,CounterTerrorist,2432,2184,124.3104,P2000,100,0,0,0,0,False,False,False,14.41406,18.98438
aizy,CounterTerrorist,2432,2184,124.3104,P2000,100,0,0,0,0,False,False,False,14.41406,18.98438
aizy,CounterTerrorist,2432,2184,124.3104,P2000,100,0,0,0,0,False,False,False,271.0547,0
aizy,CounterTerrorist,2432,2184,124.3104,P2000,100,0,0,0,0,False,False,False,271.0547,0
aizy,CounterTerrorist,2432,2184,124.3104,P2000,100,0,0,0,0,False,False,False,271.0547,0
aizy,CounterTerrorist,2432,2184,124.3104,P2000,100,0,0,0,0,False,False,False,271.0547,0
aizy,CounterTerrorist,2432,2184,124.3104,P2000,100,0,0,0,0,False,False,False,271.0547,0
aizy,CounterTerrorist,2432,2184,124.3104,P2000,100,0,0,0,0,False,False,False,271.0547,0
aizy,CounterTerrorist,2432,2184,124.3104,P2000,100,0,0,0,0,False,False,False,271.0547,0
aizy,CounterTerrorist,2432,2184,124.3104,P2000,100,0,0,0,0,False,False,False,271.0547,0
aizy,CounterTerrorist,2432,2184,124.3104,P2000,100,0,0,0,0,False,False,False,271.0547,0
aizy,CounterTerrorist,2432,2184,124.3104,P2000,100,0,0,0,0,False,False,False,271.0547,0
aizy,CounterTerrorist,2432,2184,124.3104,P2000,100,0,0,0,0,False,False,False,271.0547,0
aizy,CounterTerrorist,2432,2184,124.3104,P2000,100,0,0,0,0,False,False,False,271.0547,0
aizy,CounterTerrorist,2432,2184,124.3104,P2000,100,0,0,0,0,False,False,False,271.0547,0
aizy,CounterTerrorist,2432,2184,124.3104,P2000,100,0,0,0,0,False,False,False,271.0547,0
aizy,CounterTerrorist,2432,2184,124.3104,P2000,100,0,0,0,0,False,False,False,271.0547,0
aizy,CounterTerrorist,2432,2184,124.3104,P2000,100,0,0,0,0,False,False,False,271.0547,0
aizy,CounterTerrorist,2432,2184,124.3104,P2000,100,0,0,0,0,False,False,False,271.0547,0
aizy,CounterTerrorist,2432,2184,124.3104,P2000,100,0,0,0,0,False,False,False,271.0547,0
aizy,CounterTerrorist,2432,2184,124.3104,P2000,100,0,0,0,0,False,False,False,270.3516,359.6484
aizy,CounterTerrorist,2432,2184,124.3104,P2000,100,0,0,0,0,False,False,False,268.2422,359.6484
aizy,CounterTerrorist,2432,2184,124.3104,P2000,100,0,0,0,0,False,False,False,265.7813,0.3515625
aizy,CounterTerrorist,2432,2184,124.3104,P2000,100,0,0,0,0,False,False,False,265.0781,0.3515625
aizy,CounterTerrorist,2432,2184,124.3104,P2000,100,0,0,0,0,False,False,False,265.0781,0.3515625
aizy,CounterTerrorist,2432,2184,124.3104,P2000,100,0,0,0,0,False,False,False,265.0781,0.3515625
aizy,CounterTerrorist,2432,2184,124.3104,P2000,100,0,0,0,0,False,False,False,265.0781,0.3515625
aizy,CounterTerrorist,2432,2184,124.3104,P2000,100,0,0,0,0,False,False,False,265.0781,0.3515625
aizy,CounterTerrorist,2432,2184,124.3104,P2000,100,0,0,0,0,False,False,False,265.0781,0.3515625
aizy,CounterTerrorist,2432,2184,124.3104,P2000,100,0,0,0,0,False,False,False,265.0781,0.3515625
aizy,CounterTerrorist,2432,2184,124.3104,P2000,100,0,0,0,0,False,False,False,265.0781,0.3515625
aizy,CounterTerrorist,2432,2184,124.3104,P2000,100,0,0,0,0,False,False,False,265.0781,0.3515625
aizy,CounterTerrorist,2432,2184,124.3104,P2000,100,0,0,0,0,False,False,False,265.0781,0.3515625
aizy,CounterTerrorist,2432,2184,124.3104,P2000,100,0,0,0,0,False,False,False,265.0781,0.3515625
aizy,CounterTerrorist,2432,2184,124.3104,P2000,100,0,0,0,0,False,False,False,265.0781,0.3515625
aizy,CounterTerrorist,2432,2184,124.3104,P2000,100,0,0,0,0,False,False,False,265.0781,0.3515625
aizy,CounterTerrorist,2432,2184,124.3104,P2000,100,0,0,0,0,False,False,False,265.0781,0.3515625
aizy,CounterTerrorist,2432,2184,124.3104,P2000,100,0,0,0,0,False,False,False,265.0781,0.3515625
aizy,CounterTerrorist,2432,2184,124.3104,P2000,100,0,0,0,0,False,False,False,264.7266,0
aizy,CounterTerrorist,2432,2184,124.3104,P2000,100,0,0,0,0,False,False,False,264.7266,0
aizy,CounterTerrorist,2432,2184,124.3104,P2000,100,0,0,0,0,False,False,False,264.7266,0
aizy,CounterTerrorist,2432,2184,124.3104,P2000,100,0,0,0,0,False,False,False,264.7266,359.6484
aizy,CounterTerrorist,2432,2184,124.3104,P2000,100,0,0,0,0,False,False,False,264.7266,359.6484
aizy,CounterTerrorist,2432,2184,124.3104,P2000,100,0,0,0,0,False,False,False,264.7266,359.6484
aizy,CounterTerrorist,2432,2184,124.3104,P2000,100,0,0,0,0,False,False,False,264.7266,359.6484
aizy,CounterTerrorist,2432,2184,124.3104,P2000,100,0,0,0,0,False,False,False,264.7266,359.6484
aizy,CounterTerrorist,2432,2184,124.3104,P2000,100,0,0,0,0,False,False,False,264.7266,359.6484
aizy,CounterTerrorist,2432,2184,124.3104,P2000,100,0,0,0,0,False,False,False,264.7266,359.6484
aizy,CounterTerrorist,2432,2184,124.3104,P2000,100,0,0,0,0,False,False,False,264.7266,359.6484
aizy,CounterTerrorist,2432,2184,124.3104,P2000,100,0,0,0,0,False,False,False,264.7266,359.6484
aizy,CounterTerrorist,2432,2184,124.3104,P2000,100,0,0,0,0,False,False,False,264.7266,359.6484
aizy,CounterTerrorist,2432,2184,124.3104,P2000,100,0,0,0,0,False,False,False,264.7266,359.6484
aizy,CounterTerrorist,2432,2184,124.3104,P2000,100,0,0,0,0,False,False,False,264.7266,359.6484
aizy,CounterTerrorist,2432,2184,124.3104,P2000,100,0,0,0,0,False,False,False,264.7266,359.6484
aizy,CounterTerrorist,2432,2184,124.3104,P2000,100,0,0,0,0,False,False,False,264.7266,359.6484
aizy,CounterTerrorist,2432,2184,124.3104,P2000,100,0,0,0,0,False,False,False,264.7266,359.6484
aizy,CounterTerrorist,2432,2184,124.3104,P2000,100,0,0,0,0,False,False,False,264.7266,359.6484
aizy,CounterTerrorist,2432,2184,124.3104,P2000,100,0,0,0,0,False,False,False,264.7266,359.6484
aizy,CounterTerrorist,2432,2184,124.3104,P2000,100,0,0,0,0,False,False,False,264.7266,359.6484
aizy,CounterTerrorist,2432,2184,124.3104,P2000,100,0,0,0,0,False,False,False,264.7266,359.6484
aizy,CounterTerrorist,2432,2184,124.3104,P2000,100,0,0,0,0,False,False,False,264.7266,359.6484
aizy,CounterTerrorist,2432,2184,124.3104,P2000,100,0,0,0,0,False,False,False,264.7266,359.6484
aizy,CounterTerrorist,2432,2184,124.3104,P2000,100,0,0,0,0,False,False,False,264.7266,359.6484
aizy,CounterTerrorist,2432,2184,124.3104,P2000,100,0,0,0,0,False,False,False,265.0781,0
aizy,CounterTerrorist,2432,2184,124.3104,P2000,100,0,0,0,0,False,False,False,268.9453,0.703125
aizy,CounterTerrorist,2432,2184,124.3104,P2000,100,0,0,0,0,False,False,False,274.9219,0.703125
aizy,CounterTerrorist,2432,2184,124.3104,P2000,100,0,0,0,0,False,False,False,279.8438,1.054688
aizy,CounterTerrorist,2432,2184,124.3104,P2000,100,0,0,0,0,False,False,False,280.1953,1.054688
aizy,CounterTerrorist,2432,2184,124.3104,P2000,100,0,0,0,0,False,False,False,280.5469,1.054688
aizy,CounterTerrorist,2432,2184,124.3104,P2000,100,0,0,0,0,False,False,False,280.5469,1.054688
aizy,CounterTerrorist,2432,2184,124.3104,P2000,100,0,0,0,0,False,False,False,280.5469,1.054688
aizy,CounterTerrorist,2432,2184,124.3104,P2000,100,0,0,0,0,False,False,False,280.5469,1.054688
aizy,CounterTerrorist,2432,2184,124.3104,P2000,100,0,0,0,0,False,False,False,280.5469,1.054688
aizy,CounterTerrorist,2432,2184,124.3104,P2000,100,0,0,0,0,False,False,False,280.5469,1.054688
aizy,CounterTerrorist,2432,2184,124.3104,P2000,100,0,0,0,0,False,False,False,280.5469,1.054688
aizy,CounterTerrorist,2432,2184,124.3104,P2000,100,0,0,0,0,False,False,False,280.5469,1.054688
aizy,CounterTerrorist,2432,2184,124.3104,P2000,100,0,0,0,0,False,False,False,280.5469,1.054688
aizy,CounterTerrorist,2432,2184,124.3104,P2000,100,0,0,0,0,False,False,False,280.5469,1.054688
aizy,CounterTerrorist,2432,2184,124.3104,P2000,100,0,0,0,0,False,False,False,280.5469,1.054688
aizy,CounterTerrorist,2432,2184,124.3104,P2000,100,0,0,0,0,False,False,False,280.5469,1.054688
aizy,CounterTerrorist,2432,2184,124.3104,P2000,100,0,0,0,0,False,False,False,280.5469,1.054688
aizy,CounterTerrorist,2432,2184,124.3104,P2000,100,0,0,0,0,False,False,False,280.5469,1.054688
aizy,CounterTerrorist,2432,2184,124.3104,P2000,100,0,0,0,0,False,False,False,280.5469,1.054688
aizy,CounterTerrorist,2432,2184,124.3104,P2000,100,0,0,0,0,False,False,False,280.5469,1.054688
aizy,CounterTerrorist,2432,2184,124.3104,P2000,100,0,0,0,0,False,False,False,280.5469,1.054688
aizy,CounterTerrorist,2432,2184,124.3104,P2000,100,0,0,0,0,False,False,False,280.5469,1.054688
aizy,CounterTerrorist,2432,2184,124.3104,P2000,100,0,0,0,0,False,False,False,280.5469,1.054688
aizy,CounterTerrorist,2432,2184,124.3104,P2000,100,0,0,0,0,False,False,False,280.5469,1.054688
aizy,CounterTerrorist,2432,2184,124.3104,P2000,100,0,0,0,0,False,False,False,280.5469,1.054688
aizy,CounterTerrorist,2432,2184,124.3104,P2000,100,0,0,0,0,False,False,False,280.5469,1.054688
aizy,CounterTerrorist,2432,2184,124.3104,P2000,100,0,0,0,0,False,False,False,280.5469,1.054688
aizy,CounterTerrorist,2432,2184,124.3104,P2000,100,0,0,0,0,False,False,False,280.5469,1.054688
aizy,CounterTerrorist,2432,2184,124.3104,P2000,100,0,0,0,0,False,False,False,280.8984,1.054688
aizy,CounterTerrorist,2432,2184,124.3104,P2000,100,0,0,0,0,False,False,False,280.8984,1.054688
aizy,CounterTerrorist,2432,2184,124.3104,P2000,100,0,0,0,0,False,False,False,280.8984,1.054688
aizy,CounterTerrorist,2432,2184,124.3104,P2000,100,0,0,0,0,False,False,False,280.8984,1.054688
aizy,CounterTerrorist,2432,2184,124.3104,P2000,100,0,0,0,0,False,False,False,280.8984,1.054688
aizy,CounterTerrorist,2432,2184,124.3104,P2000,100,0,0,0,0,False,False,False,280.8984,1.054688
aizy,CounterTerrorist,2432,2184,124.3104,P2000,100,0,0,0,0,False,False,False,280.8984,1.054688
aizy,CounterTerrorist,2432,2184,124.3104,P2000,100,0,0,0,0,False,False,False,280.8984,1.054688
aizy,CounterTerrorist,2432,2184,124.3104,P2000,100,0,0,0,0,False,False,False,280.8984,1.054688
aizy,CounterTerrorist,2432,2184,124.3104,P2000,100,0,0,0,0,False,False,False,280.8984,1.054688
aizy,CounterTerrorist,2432,2184,124.3104,P2000,100,0,0,0,0,False,False,False,280.8984,1.054688
aizy,CounterTerrorist,2432,2184,124.3104,P2000,100,0,0,0,0,False,False,False,280.8984,1.054688
aizy,CounterTerrorist,2432,2184,124.3104,P2000,100,0,0,0,0,False,False,False,280.8984,1.054688
aizy,CounterTerrorist,2432,2184,124.3104,P2000,100,0,0,0,0,False,False,False,280.8984,1.054688
aizy,CounterTerrorist,2432,2184,124.3104,P2000,100,0,0,0,0,False,False,False,280.8984,1.054688
aizy,CounterTerrorist,2432,2184,124.3104,P2000,100,0,0,0,0,False,False,False,280.8984,1.054688
aizy,CounterTerrorist,2432,2184,124.3104,P2000,100,0,0,0,0,False,False,False,280.8984,1.054688
aizy,CounterTerrorist,2432,2184,124.3104,P2000,100,0,0,0,0,False,False,False,280.8984,1.054688
aizy,CounterTerrorist,2432,2184,124.3104,P2000,100,0,0,0,0,False,False,False,280.8984,1.054688
aizy,CounterTerrorist,2432,2184,124.3104,P2000,100,0,0,0,0,False,False,False,280.8984,1.054688
aizy,CounterTerrorist,2432,2184,124.3104,P2000,100,0,0,0,0,False,False,False,280.8984,1.054688
aizy,CounterTerrorist,2432,2184,124.3104,P2000,100,0,0,0,0,False,False,False,280.8984,1.054688
aizy,CounterTerrorist,2432,2184,124.3104,P2000,100,0,0,0,0,False,False,False,280.8984,1.054688
aizy,CounterTerrorist,2432,2184,124.3104,P2000,100,0,0,0,0,False,False,False,280.8984,1.054688
aizy,CounterTerrorist,2432,2184,124.3104,P2000,100,0,0,0,0,False,False,False,280.8984,1.054688
aizy,CounterTerrorist,2432,2184,124.3104,P2000,100,0,0,0,0,False,False,False,280.8984,1.054688
aizy,CounterTerrorist,2432,2184,124.3104,P2000,100,0,0,0,0,False,False,False,280.8984,1.054688
aizy,CounterTerrorist,2432,2184,124.3104,P2000,100,0,0,0,0,False,False,False,280.8984,1.054688
aizy,CounterTerrorist,2432,2184,124.3104,P2000,100,0,0,0,0,False,False,False,280.8984,1.054688
aizy,CounterTerrorist,2432,2184,124.3104,P2000,100,0,0,0,0,False,False,False,280.8984,1.054688
aizy,CounterTerrorist,2432,2184,124.3104,P2000,100,0,0,0,0,False,False,False,280.8984,1.054688
aizy,CounterTerrorist,2432,2184,124.3104,P2000,100,0,0,0,0,False,False,False,280.8984,1.054688
aizy,CounterTerrorist,2432,2184,124.3104,P2000,100,0,0,0,0,False,False,False,280.8984,1.054688
aizy,CounterTerrorist,2432,2184,124.3104,P2000,100,0,0,0,0,False,False,False,280.5469,1.054688
aizy,CounterTerrorist,2432,2184,124.3104,P2000,100,0,0,0,0,False,False,False,276.6797,1.40625
aizy,CounterTerrorist,2432,2184,124.3104,P2000,100,0,0,0,0,False,False,False,264.375,2.109375
aizy,CounterTerrorist,2432,2184,124.3104,P2000,100,0,0,0,0,False,False,False,247.5,2.109375
aizy,CounterTerrorist,2432,2184,124.3104,P2000,100,0,0,0,0,False,False,False,222.8906,2.460938
aizy,CounterTerrorist,2432,2184,124.3104,P2000,100,0,0,0,0,False,False,False,202.5,2.109375
aizy,CounterTerrorist,2432,2184,124.3104,P2000,100,0,0,0,0,False,False,False,186.3281,2.109375
aizy,CounterTerrorist,2432,2184,124.3104,P2000,100,0,0,0,0,False,False,False,174.375,2.109375
aizy,CounterTerrorist,2432,2184,124.3104,P2000,100,0,0,0,0,False,False,False,169.8047,2.109375
aizy,CounterTerrorist,2432,2184,124.3104,P2000,100,0,0,0,0,False,False,False,168.75,2.109375
aizy,CounterTerrorist,2432,2184,124.3104,P2000,100,0,0,0,0,False,False,False,168.75,2.109375
aizy,CounterTerrorist,2432,2184,124.3104,P2000,100,0,0,0,0,False,False,False,168.75,2.109375
aizy,CounterTerrorist,2432,2184,124.3104,P2000,100,0,0,0,0,False,False,False,168.75,2.109375
aizy,CounterTerrorist,2432,2184,124.3104,P2000,100,0,0,0,0,False,False,False,168.75,2.109375
aizy,CounterTerrorist,2432,2184,124.3104,P2000,100,0,0,0,0,False,False,False,168.75,2.109375
aizy,CounterTerrorist,2432,2184,124.3104,P2000,100,0,0,0,0,False,False,False,168.75,2.109375
aizy,CounterTerrorist,2432,2184,124.3104,P2000,100,0,0,0,0,False,False,False,168.75,2.109375
aizy,CounterTerrorist,2432,2184,124.3104,P2000,100,0,0,0,0,False,False,False,168.75,2.109375
aizy,CounterTerrorist,2432,2184,124.3104,P2000,100,0,0,0,0,False,False,False,168.75,2.109375
aizy,CounterTerrorist,2432,2184,124.3104,P2000,100,0,0,0,0,False,False,False,168.75,2.109375
aizy,CounterTerrorist,2432,2184,124.3104,P2000,100,0,0,0,0,False,False,False,168.75,2.109375
aizy,CounterTerrorist,2432,2184,124.3104,P2000,100,0,0,0,0,False,False,False,168.75,2.109375
aizy,CounterTerrorist,2432,2184,124.3104,P2000,100,0,0,0,0,False,False,False,168.75,2.109375
aizy,CounterTerrorist,2432,2184,124.3104,P2000,100,0,0,0,0,False,False,False,168.75,2.109375
aizy,CounterTerrorist,2432,2184,124.3104,P2000,100,0,0,0,0,False,False,False,168.75,2.109375
aizy,CounterTerrorist,2432,2184,124.3104,P2000,100,0,0,0,0,False,False,False,168.75,2.109375
aizy,CounterTerrorist,2432,2184,124.3104,P2000,100,0,0,0,0,False,False,False,168.75,2.109375
aizy,CounterTerrorist,2432,2184,124.3104,P2000,100,0,0,0,0,False,False,False,168.75,2.109375
aizy,CounterTerrorist,2432,2184,124.3104,P2000,100,0,0,0,0,False,False,False,168.75,2.109375
aizy,CounterTerrorist,2432,2184,124.3104,P2000,100,0,0,0,0,False,False,False,168.75,2.109375
aizy,CounterTerrorist,2432,2184,124.3104,P2000,100,0,0,0,0,False,False,False,168.75,2.109375
aizy,CounterTerrorist,2432,2184,124.3104,P2000,100,0,0,0,0,False,False,False,168.75,2.109375
aizy,CounterTerrorist,2432,2184,124.3104,P2000,100,0,0,0,0,False,False,False,168.75,2.109375
aizy,CounterTerrorist,2432,2184,124.3104,P2000,100,0,0,0,0,False,False,False,168.75,2.109375
aizy,CounterTerrorist,2432,2184,124.3104,P2000,100,0,0,0,0,False,False,False,168.75,2.460938
aizy,CounterTerrorist,2432,2184,124.3104,P2000,100,0,0,0,0,False,False,False,171.9141,3.164063
aizy,CounterTerrorist,2432,2184,124.3104,P2000,100,0,0,0,0,False,False,False,182.8125,3.867188
aizy,CounterTerrorist,2432,2184,124.3104,P2000,100,0,0,0,0,False,False,False,204.2578,3.867188
aizy,CounterTerrorist,2432,2184,124.3104,P2000,100,0,0,0,0,False,False,False,226.7578,2.8125
aizy,CounterTerrorist,2432,2184,124.3104,P2000,100,0,0,0,0,False,False,False,245.3906,2.109375
aizy,CounterTerrorist,2432,2184,124.3104,P2000,100,0,0,0,0,False,False,False,252.4219,1.757813
aizy,CounterTerrorist,2432,2184,124.3104,P2000,100,0,0,0,0,False,False,False,252.4219,1.757813
aizy,CounterTerrorist,2432,2184,124.3104,P2000,100,0,0,0,0,False,False,False,252.4219,1.757813
aizy,CounterTerrorist,2432,2184,124.3104,P2000,100,0,0,0,0,False,False,False,252.4219,1.757813
aizy,CounterTerrorist,2432,2184,124.3104,P2000,100,0,0,0,0,False,False,False,252.4219,1.757813
aizy,CounterTerrorist,2432,2184,124.3104,P2000,100,0,0,0,0,False,False,False,252.4219,1.757813
aizy,CounterTerrorist,2432,2184,124.3104,P2000,100,0,0,0,0,False,False,False,252.4219,1.757813
aizy,CounterTerrorist,2432,2184,124.3104,P2000,100,0,0,0,0,False,False,False,252.4219,1.757813
aizy,CounterTerrorist,2432,2184,124.3104,P2000,100,0,0,0,0,False,False,False,252.7734,1.757813
aizy,CounterTerrorist,2432,2184,124.3104,P2000,100,0,0,0,0,False,False,False,253.8281,1.757813
aizy,CounterTerrorist,2432,2184,124.3104,P2000,100,0,0,0,0,False,False,False,254.5313,1.40625
aizy,CounterTerrorist,2432,2184,124.3104,P2000,100,0,0,0,0,False,False,False,254.8828,1.054688
aizy,CounterTerrorist,2432,2184,124.3104,P2000,100,0,0,0,0,False,False,False,254.8828,1.054688
aizy,CounterTerrorist,2432,2184,124.3104,P2000,100,0,0,0,0,False,False,False,254.8828,1.054688
aizy,CounterTerrorist,2432,2184,124.3104,P2000,100,0,0,0,0,False,False,False,254.8828,1.054688
aizy,CounterTerrorist,2432,2184,124.3104,P2000,100,0,0,0,0,False,False,False,254.8828,1.054688
aizy,CounterTerrorist,2432,2184,124.3104,P2000,100,0,0,0,0,False,False,False,254.8828,1.054688
aizy,CounterTerrorist,2432,2184,124.3104,P2000,100,0,0,0,0,False,False,False,255.5859,1.054688
aizy,CounterTerrorist,2432,2184,124.3104,P2000,100,0,0,0,0,False,False,False,258.75,1.054688
aizy,CounterTerrorist,2432,2184,124.3104,P2000,100,0,0,0,0,False,False,False,264.7266,0.3515625
aizy,CounterTerrorist,2432,2184,124.3104,P2000,100,0,0,0,0,False,False,False,270,359.6484
aizy,CounterTerrorist,2432,2184,124.3104,P2000,100,0,0,0,0,False,False,False,274.2188,359.2969
aizy,CounterTerrorist,2432,2184,124.3104,P2000,100,0,0,0,0,False,False,False,275.2734,358.9453
aizy,CounterTerrorist,2432,2184,124.3104,P2000,100,0,0,0,0,False,False,False,275.2734,358.9453
aizy,CounterTerrorist,2432,2184,124.3104,P2000,100,0,0,0,0,False,False,False,274.9219,358.5938
aizy,CounterTerrorist,2432,2184,124.3104,P2000,100,0,0,0,0,False,False,False,274.9219,358.5938
aizy,CounterTerrorist,2432,2184,124.3104,P2000,100,0,0,0,0,False,False,False,274.9219,358.5938
aizy,CounterTerrorist,2432,2184,124.3104,P2000,100,0,0,0,0,False,False,False,274.9219,358.5938
aizy,CounterTerrorist,2432,2184,124.3104,P2000,100,0,0,0,0,False,False,False,274.9219,358.5938
aizy,CounterTerrorist,2432,2184,124.3104,P2000,100,0,0,0,0,False,False,False,274.9219,358.5938
aizy,CounterTerrorist,2432,2184,124.3104,P2000,100,0,0,0,0,False,False,False,274.9219,358.5938
aizy,CounterTerrorist,2432,2184,124.3104,P2000,100,0,0,0,0,False,False,False,274.9219,358.5938
aizy,CounterTerrorist,2432,2184,124.3104,P2000,100,0,0,0,0,False,False,False,274.9219,358.5938
aizy,CounterTerrorist,2432,2184,124.3104,P2000,100,0,0,0,0,False,False,False,274.9219,358.5938
aizy,CounterTerrorist,2432,2184,124.3104,P2000,100,0,0,0,0,False,False,False,274.9219,358.5938
aizy,CounterTerrorist,2432,2184,124.3104,P2000,100,0,0,0,0,False,False,False,274.9219,358.5938
aizy,CounterTerrorist,2432,2184,124.3104,P2000,100,0,0,0,0,False,False,False,274.9219,358.5938
aizy,CounterTerrorist,2432,2184,124.3104,P2000,100,0,0,0,0,False,False,False,274.9219,358.5938
aizy,CounterTerrorist,2432,2184,124.3104,P2000,100,0,0,0,0,False,False,False,273.8672,359.2969
aizy,CounterTerrorist,2432,2184,124.3104,P2000,100,0,0,0,0,False,False,False,267.5391,1.054688
aizy,CounterTerrorist,2432,2184,124.3104,P2000,100,0,0,0,0,False,False,False,255.2344,3.515625
aizy,CounterTerrorist,2432,2184,124.3104,P2000,100,0,0,0,0,False,False,False,243.6328,6.328125
aizy,CounterTerrorist,2432,2184,124.3104,P2000,100,0,0,0,0,False,False,False,233.789,8.4375
aizy,CounterTerrorist,2432,2184,124.3104,P2000,100,0,0,0,0,False,False,False,226.7578,9.84375
aizy,CounterTerrorist,2432,2184,124.3104,P2000,100,0,0,0,0,False,False,False,225.3516,9.84375
aizy,CounterTerrorist,2432,2184,124.3104,P2000,100,0,0,0,0,False,False,False,225.3516,9.84375
aizy,CounterTerrorist,2432,2184,124.3104,P2000,100,0,0,0,0,False,False,False,226.4063,9.84375
aizy,CounterTerrorist,2432,2184,124.3104,P2000,100,0,0,0,0,False,False,False,230.625,10.19531
aizy,CounterTerrorist,2432,2184,124.3104,P2000,100,0,0,0,0,False,False,False,240.1172,10.19531
aizy,CounterTerrorist,2432,2184,124.3104,P2000,100,0,0,0,0,False,False,False,252.4219,10.19531
aizy,CounterTerrorist,2432,2184,124.3104,P2000,100,0,0,0,0,False,False,False,264.0234,10.54688
aizy,CounterTerrorist,2432,2184,124.3104,P2000,100,0,0,0,0,False,False,False,269.2969,10.54688
aizy,CounterTerrorist,2432,2184,124.3104,P2000,100,0,0,0,0,False,False,False,269.2969,10.54688
aizy,CounterTerrorist,2432,2184,124.3104,P2000,100,0,0,0,0,False,False,False,269.2969,10.54688
aizy,CounterTerrorist,2432,2184,124.3104,P2000,100,0,0,0,0,False,False,False,269.2969,10.54688
aizy,CounterTerrorist,2432,2184,124.3104,P2000,100,0,0,0,0,False,False,False,269.2969,10.54688
aizy,CounterTerrorist,2432,2184,124.3104,P2000,100,0,0,0,0,False,False,False,269.2969,10.54688
aizy,CounterTerrorist,2432,2184,124.3104,P2000,100,0,0,0,0,False,False,False,269.2969,10.54688
aizy,CounterTerrorist,2432,2184,124.3104,P2000,100,0,0,0,0,False,False,False,269.2969,10.54688
aizy,CounterTerrorist,2432,2184,124.3104,P2000,100,0,0,0,0,False,False,False,269.2969,10.54688
aizy,CounterTerrorist,2432,2184,124.3104,P2000,100,0,0,0,0,False,False,False,269.2969,10.19531
aizy,CounterTerrorist,2432,2184,124.3104,P2000,100,0,0,0,0,False,False,False,269.2969,10.19531
aizy,CounterTerrorist,2432,2184,124.3104,P2000,100,0,0,0,0,False,False,False,269.2969,10.19531
aizy,CounterTerrorist,2432,2184,124.3104,P2000,100,0,0,0,0,False,False,False,269.2969,10.19531
aizy,CounterTerrorist,2432,2184,124.3104,P2000,100,0,0,0,0,False,False,False,269.2969,10.19531
aizy,CounterTerrorist,2432,2184,124.3104,P2000,100,0,0,0,0,False,False,False,269.2969,10.19531
aizy,CounterTerrorist,2432,2184,124.3104,P2000,100,0,0,0,0,False,False,False,269.2969,10.19531
aizy,CounterTerrorist,2432,2184,124.3104,P2000,100,0,0,0,0,False,False,False,269.2969,10.19531
aizy,CounterTerrorist,2432,2184,124.3104,P2000,100,100,0,0,0,False,True,False,269.2969,10.19531
aizy,CounterTerrorist,2432,2184,124.3104,P2000,100,100,0,0,0,False,True,False,269.2969,10.19531
aizy,CounterTerrorist,2432,2184,124.3104,P2000,100,100,0,0,0,False,True,False,269.2969,10.19531
aizy,CounterTerrorist,2432,2184,124.3104,P2000,100,100,0,0,0,False,True,False,269.2969,10.19531
aizy,CounterTerrorist,2432,2184,124.3104,P2000,100,100,0,0,0,False,True,False,269.2969,10.19531
aizy,CounterTerrorist,2432,2184,124.3104,P2000,100,100,0,0,0,False,True,False,269.2969,10.19531
aizy,CounterTerrorist,2432,2184,124.3104,P2000,100,100,0,0,0,False,True,True,269.2969,10.19531
aizy,CounterTerrorist,2432,2184,124.3104,P2000,100,100,0,0,0,False,True,True,268.9453,9.84375
aizy,CounterTerrorist,2432,2184,124.3104,P2000,100,100,0,0,0,False,True,True,268.5938,9.84375
aizy,CounterTerrorist,2432,2184,124.3104,P2000,100,100,0,0,0,False,True,True,268.5938,9.84375
aizy,CounterTerrorist,2432,2184,124.3104,P2000,100,100,0,0,0,False,True,True,268.5938,9.84375
aizy,CounterTerrorist,2432,2184,124.3104,P2000,100,100,0,0,0,False,True,True,268.5938,9.84375
aizy,CounterTerrorist,2432,2184,124.3104,P2000,100,100,0,0,0,False,True,True,268.2422,9.84375
aizy,CounterTerrorist,2432,2184,124.3104,P2000,100,100,0,0,0,False,True,True,268.2422,9.84375
aizy,CounterTerrorist,2432,2184,124.3104,P2000,100,100,0,0,0,False,True,True,268.2422,9.84375
aizy,CounterTerrorist,2432,2184,124.3104,P2000,100,100,0,0,0,False,True,True,268.2422,9.84375
aizy,CounterTerrorist,2432,2184,124.3104,P2000,100,100,0,0,0,False,True,True,268.2422,9.84375
aizy,CounterTerrorist,2432,2184,124.3104,P2000,100,100,0,0,0,False,True,True,268.2422,9.84375
aizy,CounterTerrorist,2432,2184,124.3104,P2000,100,100,0,0,0,False,True,True,267.8906,9.492188
aizy,CounterTerrorist,2432,2184,124.3104,P2000,100,100,0,0,0,False,True,True,267.8906,9.492188
aizy,CounterTerrorist,2432,2184,124.3104,P2000,100,100,0,0,0,False,True,True,267.8906,9.492188
aizy,CounterTerrorist,2432,2184,124.3104,P2000,100,100,0,0,0,False,True,True,267.8906,9.492188
aizy,CounterTerrorist,2432,2184,124.3104,P2000,100,100,0,0,0,False,True,True,267.8906,9.492188
aizy,CounterTerrorist,2432,2184,124.3104,P2000,100,100,0,0,0,False,True,True,267.8906,9.492188
aizy,CounterTerrorist,2432,2184,124.3104,P2000,100,100,0,0,0,False,True,True,267.8906,9.492188
aizy,CounterTerrorist,2432,2184,124.3104,P2000,100,100,0,0,0,False,True,True,267.8906,9.492188
aizy,CounterTerrorist,2432,2184,124.3104,P2000,100,100,0,0,0,False,True,True,267.8906,9.492188
aizy,CounterTerrorist,2432,2184,124.3104,P2000,100,100,0,0,0,False,True,True,267.8906,9.492188
aizy,CounterTerrorist,2432,2184,124.3104,P2000,100,100,0,0,0,False,True,True,267.8906,9.492188
aizy,CounterTerrorist,2432,2184,124.3104,P2000,100,100,0,0,0,False,True,True,267.8906,9.492188
aizy,CounterTerrorist,2432,2184,124.3104,P2000,100,100,0,0,0,False,True,True,267.8906,9.492188
aizy,CounterTerrorist,2432,2184,124.3104,P2000,100,100,0,0,0,False,True,True,267.5391,9.492188
aizy,CounterTerrorist,2432,2184,124.3104,P2000,100,100,0,0,0,False,True,True,267.5391,9.492188
aizy,CounterTerrorist,2432,2184,124.3104,P2000,100,100,0,0,0,False,True,True,267.5391,9.492188
aizy,CounterTerrorist,2432,2184,124.3104,P2000,100,100,0,0,0,False,True,True,267.5391,9.140625
aizy,CounterTerrorist,2432,2184,124.3104,P2000,100,100,0,0,0,False,True,True,266.8359,9.140625
aizy,CounterTerrorist,2432,2184,124.3104,P2000,100,100,0,0,0,False,True,True,265.7813,8.4375
aizy,CounterTerrorist,2432,2184,124.3104,P2000,100,100,0,0,0,False,True,True,265.0781,8.085938
aizy,CounterTerrorist,2432,2184,124.3104,HE,100,100,0,0,0,False,True,True,264.375,7.382813
aizy,CounterTerrorist,2432,2184,124.3104,HE,100,100,0,0,0,False,True,True,263.6719,7.382813
aizy,CounterTerrorist,2432,2184,124.3104,HE,100,100,0,0,0,False,True,True,263.3203,7.03125
aizy,CounterTerrorist,2432,2184,124.3104,HE,100,100,0,0,0,False,True,True,263.3203,7.03125
aizy,CounterTerrorist,2432,2184,124.3104,HE,100,100,0,0,0,False,True,True,263.3203,7.03125
aizy,CounterTerrorist,2432,2184,124.3104,HE,100,100,0,0,0,False,True,True,263.3203,7.03125
aizy,CounterTerrorist,2432,2184,124.3104,Flash,100,100,0,0,0,False,True,True,263.3203,7.03125
aizy,CounterTerrorist,2432,2184,124.3104,Flash,100,100,0,0,0,False,True,True,263.3203,7.03125
aizy,CounterTerrorist,2432,2184,124.3104,Flash,100,100,0,0,0,False,True,True,263.3203,7.03125
aizy,CounterTerrorist,2432,2184,124.3104,Flash,100,100,0,0,0,False,True,True,263.3203,7.03125
aizy,CounterTerrorist,2432,2184,124.3104,Flash,100,100,0,0,0,False,True,True,263.3203,7.03125
aizy,CounterTerrorist,2432,2184,124.3104,Flash,100,100,0,0,0,False,True,True,263.3203,7.03125
aizy,CounterTerrorist,2432,2184,124.3104,Flash,100,100,0,0,0,False,True,True,263.3203,7.03125
aizy,CounterTerrorist,2432,2184,124.3104,Flash,100,100,0,0,0,False,True,True,263.3203,7.03125
aizy,CounterTerrorist,2432,2184,124.3104,Flash,100,100,0,0,0,False,True,True,263.3203,7.03125
aizy,CounterTerrorist,2432,2184,124.3104,Flash,100,100,0,0,0,False,True,True,263.3203,7.03125
aizy,CounterTerrorist,2432,2184,124.3104,Flash,100,100,0,0,0,False,True,True,263.3203,7.03125
aizy,CounterTerrorist,2432,2184,124.3104,Flash,100,100,0,0,0,False,True,True,263.3203,7.03125
aizy,CounterTerrorist,2432,2184,124.3104,Flash,100,100,0,0,0,False,True,True,263.3203,7.03125
aizy,CounterTerrorist,2432,2184,124.3104,Smoke,100,100,0,0,0,False,True,True,263.3203,7.03125
aizy,CounterTerrorist,2432,2184,124.3104,Smoke,100,100,0,0,0,False,True,True,263.3203,7.03125
aizy,CounterTerrorist,2432,2184,124.3104,Smoke,100,100,0,0,0,False,True,True,263.3203,7.03125
aizy,CounterTerrorist,2432,2184,124.3104,Smoke,100,100,0,0,0,False,True,True,263.3203,7.03125
aizy,CounterTerrorist,2432,2184,124.3104,Smoke,100,100,0,0,0,False,True,True,263.3203,7.03125
aizy,CounterTerrorist,2432,2184,124.3104,Smoke,100,100,0,0,0,False,True,True,263.3203,7.03125
aizy,CounterTerrorist,2432,2184,124.3104,Smoke,100,100,0,0,0,False,True,True,263.3203,7.03125
aizy,CounterTerrorist,2432,2184,124.3104,Smoke,100,100,0,0,0,False,True,True,263.3203,7.03125
aizy,CounterTerrorist,2432,2184,124.3104,Smoke,100,100,0,0,0,False,True,True,263.3203,7.03125
aizy,CounterTerrorist,2432,2184,124.3104,Smoke,100,100,0,0,0,False,True,True,263.3203,7.03125
aizy,CounterTerrorist,2432,2184,124.3104,Smoke,100,100,0,0,0,False,True,True,263.3203,7.03125
aizy,CounterTerrorist,2432,2184,124.3104,Smoke,100,100,0,0,0,False,True,True,263.3203,7.03125
aizy,CounterTerrorist,2432,2184,124.3104,Smoke,100,100,0,0,0,False,True,True,263.3203,7.03125
aizy,CounterTerrorist,2432,2184,124.3104,Smoke,100,100,0,0,0,False,True,True,263.3203,7.03125
aizy,CounterTerrorist,2432,2184,124.3104,Smoke,100,100,0,0,0,False,True,True,263.3203,7.03125
aizy,CounterTerrorist,2432,2184,124.3104,Smoke,100,100,0,0,0,False,True,True,263.3203,7.03125
aizy,CounterTerrorist,2432,2184,124.3104,Smoke,100,100,0,0,0,False,True,True,263.3203,7.03125
aizy,CounterTerrorist,2432,2184,124.3104,Smoke,100,100,0,0,0,False,True,True,263.3203,7.03125
aizy,CounterTerrorist,2432,2184,124.3104,Smoke,100,100,0,0,0,False,True,True,263.3203,7.03125
aizy,CounterTerrorist,2432,2184,124.3104,Smoke,100,100,0,0,0,False,True,True,263.3203,7.03125
aizy,CounterTerrorist,2432,2184,124.3104,Smoke,100,100,0,0,0,False,True,True,263.3203,7.03125
aizy,CounterTerrorist,2432,2184,124.3104,Smoke,100,100,0,0,0,False,True,True,263.3203,7.03125
aizy,CounterTerrorist,2432,2184,124.3104,Smoke,100,100,0,0,0,False,True,True,263.3203,7.03125
aizy,CounterTerrorist,2432,2184,124.3104,Smoke,100,100,0,0,0,False,True,True,263.3203,7.03125
aizy,CounterTerrorist,2432,2184,124.3104,Smoke,100,100,0,0,0,False,True,True,263.3203,7.03125
aizy,CounterTerrorist,2432,2184,124.3104,Smoke,100,100,0,0,0,False,True,True,263.3203,7.03125
aizy,CounterTerrorist,2432,2184,124.3104,Smoke,100,100,0,0,0,False,True,True,263.3203,7.03125
aizy,CounterTerrorist,2432,2184,124.3104,Smoke,100,100,0,0,0,False,True,True,263.3203,7.03125
aizy,CounterTerrorist,2432,2184,124.3104,Smoke,100,100,0,0,0,False,True,True,263.3203,7.03125
aizy,CounterTerrorist,2432,2184,124.3104,Smoke,100,100,0,0,0,False,True,True,263.3203,7.03125
aizy,CounterTerrorist,2432,2184,124.3104,P2000,100,100,0,0,0,False,True,True,263.3203,7.03125
aizy,CounterTerrorist,2432,2184,124.3104,P2000,100,100,0,0,0,False,True,True,263.3203,7.03125
aizy,CounterTerrorist,2432,2184,124.3104,P2000,100,100,0,0,0,False,True,True,263.3203,7.03125
aizy,CounterTerrorist,2432,2184,124.3104,P2000,100,100,0,0,0,False,True,True,263.3203,7.03125
aizy,CounterTerrorist,2432,2184,124.3104,P2000,100,100,0,0,0,False,True,True,263.3203,7.03125
aizy,CounterTerrorist,2432,2184,124.3104,P2000,100,100,0,0,0,False,True,True,263.3203,7.03125
aizy,CounterTerrorist,2432,2184,124.3104,P2000,100,100,0,0,0,False,True,True,263.3203,7.03125
aizy,CounterTerrorist,2432,2184,124.3104,P2000,100,100,0,0,0,False,True,True,263.3203,7.03125
aizy,CounterTerrorist,2432,2184,124.3104,P2000,100,100,0,0,0,False,True,True,263.3203,7.03125
aizy,CounterTerrorist,2432,2184,124.3104,P2000,100,100,0,0,0,False,True,True,263.3203,7.03125
aizy,CounterTerrorist,2432,2184,124.3104,P2000,100,100,0,0,0,False,True,True,263.3203,7.03125
aizy,CounterTerrorist,2432,2184,124.3104,P2000,100,100,0,0,0,False,True,True,263.3203,7.03125
aizy,CounterTerrorist,2432,2184,124.3104,P2000,100,100,0,0,0,False,True,True,263.3203,7.03125
aizy,CounterTerrorist,2432,2184,124.3104,P2000,100,100,0,0,0,False,True,True,263.3203,7.03125
aizy,CounterTerrorist,2432,2184,124.3104,P2000,100,100,0,0,0,False,True,True,263.3203,7.03125
aizy,CounterTerrorist,2432,2184,124.3104,P2000,100,100,0,0,0,False,True,True,263.3203,7.03125
aizy,CounterTerrorist,2432,2184,124.3104,P2000,100,100,0,0,0,False,True,True,263.3203,7.03125
aizy,CounterTerrorist,2432,2184,124.3104,Smoke,100,100,0,0,0,False,True,True,263.3203,7.03125
aizy,CounterTerrorist,2432,2184,124.3104,Smoke,100,100,0,0,0,False,True,True,263.3203,7.03125
aizy,CounterTerrorist,2432,2184,124.3104,Smoke,100,100,0,0,0,False,True,True,263.3203,7.03125
aizy,CounterTerrorist,2432,2184,124.3104,Smoke,100,100,0,0,0,False,True,True,263.3203,7.03125
aizy,CounterTerrorist,2432,2184,124.3104,Smoke,100,100,0,0,0,False,True,True,263.3203,7.03125
aizy,CounterTerrorist,2432,2184,124.3104,Smoke,100,100,0,0,0,False,True,True,263.3203,7.03125
aizy,CounterTerrorist,2432,2184,124.3104,Smoke,100,100,0,0,0,False,True,True,263.3203,7.03125
aizy,CounterTerrorist,2432,2184,124.3104,Smoke,100,100,0,0,0,False,True,True,263.3203,7.03125
aizy,CounterTerrorist,2432,2184,124.3104,Smoke,100,100,0,0,0,False,True,True,263.3203,7.03125
aizy,CounterTerrorist,2432,2184,124.3104,Smoke,100,100,0,0,0,False,True,True,263.3203,7.03125
aizy,CounterTerrorist,2432,2184,124.3104,Smoke,100,100,0,0,0,False,True,True,263.3203,7.03125
aizy,CounterTerrorist,2432,2184,124.3104,Smoke,100,100,0,0,0,False,True,True,263.3203,7.03125
aizy,CounterTerrorist,2432,2184,124.3104,Smoke,100,100,0,0,0,False,True,True,263.3203,7.03125
aizy,CounterTerrorist,2432,2184,124.3104,Smoke,100,100,0,0,0,False,True,True,263.3203,7.03125
aizy,CounterTerrorist,2432,2184,124.3104,Smoke,100,100,0,0,0,False,True,True,263.3203,7.03125
aizy,CounterTerrorist,2432,2184,124.3104,Smoke,100,100,0,0,0,False,True,True,263.3203,7.03125
aizy,CounterTerrorist,2432,2184,124.3104,Smoke,100,100,0,0,0,False,True,True,263.3203,7.03125
aizy,CounterTerrorist,2432,2184,124.3104,Smoke,100,100,0,0,0,False,True,True,263.3203,7.03125
aizy,CounterTerrorist,2432,2184,124.3104,Smoke,100,100,0,0,0,False,True,True,263.3203,7.03125
aizy,CounterTerrorist,2432,2184,124.3104,Smoke,100,100,0,0,0,False,True,True,263.3203,7.03125
aizy,CounterTerrorist,2432,2184,124.3104,Smoke,100,100,0,0,0,False,True,True,263.3203,7.03125
aizy,CounterTerrorist,2432,2184,124.3104,Smoke,100,100,0,0,0,False,True,True,263.3203,7.03125
aizy,CounterTerrorist,2432,2184,124.3104,Smoke,100,100,0,0,0,False,True,True,263.3203,7.03125
aizy,CounterTerrorist,2432,2184,124.3104,Smoke,100,100,0,0,0,False,True,True,263.3203,7.03125
aizy,CounterTerrorist,2432,2184,124.3104,Smoke,100,100,0,0,0,False,True,True,263.3203,7.03125
aizy,CounterTerrorist,2432,2184,124.3104,Smoke,100,100,0,0,0,False,True,True,263.3203,7.03125
aizy,CounterTerrorist,2432,2184,124.3104,Smoke,100,100,0,0,0,False,True,True,263.3203,7.03125
aizy,CounterTerrorist,2432,2184,124.3104,Smoke,100,100,0,0,0,False,True,True,263.3203,7.03125
aizy,CounterTerrorist,2432,2184,124.3104,Smoke,100,100,0,0,0,False,True,True,263.3203,7.03125
aizy,CounterTerrorist,2432,2184,124.3104,Smoke,100,100,0,0,0,False,True,True,263.3203,7.03125
aizy,CounterTerrorist,2432,2184,124.3104,Smoke,100,100,0,0,0,False,True,True,263.3203,7.03125
aizy,CounterTerrorist,2432,2184,124.3104,Smoke,100,100,0,0,0,False,True,True,263.3203,7.03125
aizy,CounterTerrorist,2432,2184,124.3104,Smoke,100,100,0,0,0,False,True,True,263.3203,7.03125
aizy,CounterTerrorist,2432,2184,124.3104,Smoke,100,100,0,0,0,False,True,True,263.3203,7.03125
aizy,CounterTerrorist,2432,2184,124.3104,Smoke,100,100,0,0,0,False,True,True,263.3203,7.03125
aizy,CounterTerrorist,2432,2184,124.3104,Smoke,100,100,0,0,0,False,True,True,263.3203,7.03125
aizy,CounterTerrorist,2432,2184,124.3104,Smoke,100,100,0,0,0,False,True,True,263.3203,7.03125
aizy,CounterTerrorist,2432,2184,124.3104,Smoke,100,100,0,0,0,False,True,True,263.3203,7.03125
aizy,CounterTerrorist,2432,2184,124.3104,Smoke,100,100,0,0,0,False,True,True,263.3203,7.03125
aizy,CounterTerrorist,2432,2184,124.3104,P2000,100,100,0,0,0,False,True,True,263.3203,7.03125
aizy,CounterTerrorist,2432,2184,124.3104,P2000,100,100,0,0,0,False,True,True,263.3203,7.03125
aizy,CounterTerrorist,2432,2184,124.3104,P2000,100,100,0,0,0,False,True,True,263.3203,7.03125
aizy,CounterTerrorist,2432,2184,124.3104,P2000,100,100,0,0,0,False,True,True,263.3203,7.03125
aizy,CounterTerrorist,2432,2184,124.3104,P2000,100,100,0,0,0,False,True,True,263.3203,7.03125
aizy,CounterTerrorist,2432,2184,124.3104,P2000,100,100,0,0,0,False,True,True,263.3203,7.03125
aizy,CounterTerrorist,2432,2184,124.3104,P2000,100,100,0,0,0,False,True,True,263.3203,7.03125
aizy,CounterTerrorist,2432,2184,124.3104,P2000,100,100,0,0,0,False,True,True,263.3203,7.03125
aizy,CounterTerrorist,2432,2184,124.3104,P2000,100,100,0,0,0,False,True,True,263.3203,7.03125
aizy,CounterTerrorist,2432,2184,124.3104,P2000,100,100,0,0,0,False,True,True,263.3203,7.03125
aizy,CounterTerrorist,2432,2184,124.3104,P2000,100,100,0,0,0,False,True,True,263.3203,7.03125
aizy,CounterTerrorist,2432,2184,124.3104,Knife,100,100,0,0,0,False,True,True,263.3203,7.03125
aizy,CounterTerrorist,2432,2184,124.3104,Knife,100,100,0,0,0,False,True,True,263.3203,7.03125
aizy,CounterTerrorist,2432,2184,124.3104,Knife,100,100,0,0,0,False,True,True,263.3203,7.03125
aizy,CounterTerrorist,2432,2184,124.3104,Knife,100,100,0,0,0,False,True,True,263.3203,7.03125
aizy,CounterTerrorist,2432,2184,124.3104,Knife,100,100,0,0,0,False,True,True,263.3203,7.03125
aizy,CounterTerrorist,2432,2184,124.3104,Knife,100,100,0,0,0,False,True,True,263.3203,7.03125
aizy,CounterTerrorist,2432,2184,124.3104,Knife,100,100,0,0,0,False,True,True,263.3203,7.03125
aizy,CounterTerrorist,2432,2184,124.3104,Knife,100,100,0,0,0,False,True,True,263.3203,7.03125
aizy,CounterTerrorist,2432,2184,124.3104,Knife,100,100,0,0,0,False,True,True,262.9688,6.679688
aizy,CounterTerrorist,2432,2184,124.3104,Knife,100,100,0,0,0,False,True,True,262.6172,5.976563
aizy,CounterTerrorist,2432,2184,124.3104,Knife,100,100,0,0,0,False,True,True,262.6172,5.273438
aizy,CounterTerrorist,2432,2184,124.3104,HE,100,100,0,0,0,False,True,True,262.6172,5.273438
aizy,CounterTerrorist,2432,2184,124.3104,HE,100,100,0,0,0,False,True,True,262.6172,5.273438
aizy,CounterTerrorist,2432,2184,124.3104,HE,100,100,0,0,0,False,True,True,262.6172,5.273438
aizy,CounterTerrorist,2432,2184,124.3104,HE,100,100,0,0,0,False,True,True,262.6172,5.273438
aizy,CounterTerrorist,2432,2184,124.3104,HE,100,100,0,0,0,False,True,True,262.6172,5.273438
aizy,CounterTerrorist,2432,2184,124.3104,Flash,100,100,0,0,0,False,True,True,262.6172,5.273438
aizy,CounterTerrorist,2432,2184,124.3104,Flash,100,100,0,0,0,False,True,True,262.6172,5.273438
aizy,CounterTerrorist,2432,2184,124.3104,Flash,100,100,0,0,0,False,True,True,262.6172,5.273438
aizy,CounterTerrorist,2432,2184,124.3104,Flash,100,100,0,0,0,False,True,True,262.6172,5.273438
aizy,CounterTerrorist,2432,2184,124.3104,Flash,100,100,0,0,0,False,True,True,262.6172,5.273438
aizy,CounterTerrorist,2432,2184,124.3104,Smoke,100,100,0,0,0,False,True,True,262.6172,5.273438
aizy,CounterTerrorist,2432,2184,124.3104,Smoke,100,100,0,0,0,False,True,True,262.6172,5.273438
aizy,CounterTerrorist,2432,2184,124.3104,Smoke,100,100,0,0,0,False,True,True,262.6172,5.273438
aizy,CounterTerrorist,2432,2184,124.3104,Smoke,100,100,0,0,0,False,True,True,262.6172,5.273438
aizy,CounterTerrorist,2432,2184,124.3104,Smoke,100,100,0,0,0,False,True,True,262.6172,5.273438
aizy,CounterTerrorist,2432,2184,124.3104,Knife,100,100,0,0,0,False,True,True,262.6172,4.921875
aizy,CounterTerrorist,2432,2184,124.3104,Knife,100,100,0,0,0,False,True,True,262.6172,4.921875
aizy,CounterTerrorist,2432,2184,124.3104,Knife,100,100,0,0,0,False,True,True,262.6172,4.921875
aizy,CounterTerrorist,2432,2184,124.3104,Knife,100,100,0,0,0,False,True,True,262.6172,4.921875
aizy,CounterTerrorist,2432,2184,124.3104,Knife,100,100,0,0,0,False,True,True,262.6172,4.921875
aizy,CounterTerrorist,2432,2184,124.3104,Knife,100,100,0,0,0,False,True,True,262.6172,4.921875
aizy,CounterTerrorist,2432,2184,124.3104,Knife,100,100,0,0,0,False,True,True,262.6172,4.921875
aizy,CounterTerrorist,2432,2184,124.3104,Knife,100,100,0,0,0,False,True,True,262.6172,4.921875
aizy,CounterTerrorist,2432,2184,124.3104,Knife,100,100,0,0,0,False,True,True,262.6172,4.921875
aizy,CounterTerrorist,2432,2184,124.3104,Knife,100,100,0,0,0,False,True,True,262.6172,4.921875
aizy,CounterTerrorist,2432,2184,124.3104,Knife,100,100,0,0,0,False,True,True,262.6172,4.921875
aizy,CounterTerrorist,2432,2184,124.3104,Knife,100,100,0,0,0,False,True,True,262.6172,4.921875
aizy,CounterTerrorist,2432,2184,124.3104,Knife,100,100,0,0,0,False,True,True,262.6172,4.921875
aizy,CounterTerrorist,2432,2184,124.3104,Knife,100,100,0,0,0,False,True,True,262.6172,4.921875
aizy,CounterTerrorist,2432,2184,124.3104,Knife,100,100,0,0,0,False,True,True,262.6172,4.921875
aizy,CounterTerrorist,2432,2184,124.3104,Knife,100,100,0,0,0,False,True,True,262.6172,4.921875
aizy,CounterTerrorist,2432,2184,124.3104,Knife,100,100,0,0,0,False,True,True,262.6172,4.921875
aizy,CounterTerrorist,2432,2184,124.3104,Knife,100,100,0,0,0,False,True,True,262.6172,4.921875
aizy,CounterTerrorist,2432,2184,124.3104,Knife,100,100,0,0,0,False,True,True,262.6172,4.921875
aizy,CounterTerrorist,2432,2184,124.3104,Knife,100,100,0,0,0,False,True,True,262.6172,4.921875
aizy,CounterTerrorist,2432,2184,124.3104,Knife,100,100,0,0,0,False,True,True,262.6172,4.921875
aizy,CounterTerrorist,2432,2184,124.3104,Knife,100,100,0,0,0,False,True,True,262.6172,4.921875
aizy,CounterTerrorist,2432,2184,124.3104,Knife,100,100,0,0,0,False,True,True,262.6172,4.921875
aizy,CounterTerrorist,2432,2184,124.3104,Knife,100,100,0,0,0,False,True,True,262.6172,4.921875
aizy,CounterTerrorist,2432,2184,124.3104,Knife,100,100,0,0,0,False,True,True,262.6172,4.921875
aizy,CounterTerrorist,2432,2184,124.3104,Knife,100,100,0,0,0,False,True,True,262.6172,4.921875
aizy,CounterTerrorist,2432,2184,124.3104,Knife,100,100,0,0,0,False,True,True,262.6172,4.921875
aizy,CounterTerrorist,2432,2184,124.3104,Knife,100,100,0,0,0,False,True,True,262.6172,4.921875
aizy,CounterTerrorist,2432,2184,124.3104,Knife,100,100,0,0,0,False,True,True,262.6172,4.921875
aizy,CounterTerrorist,2432,2184,124.3104,Knife,100,100,0,0,0,False,True,True,262.6172,4.921875
aizy,CounterTerrorist,2432,2184,124.3104,Knife,100,100,0,0,0,False,True,True,262.6172,4.921875
aizy,CounterTerrorist,2432,2184,124.3104,Knife,100,100,0,0,0,False,True,True,262.6172,4.921875
aizy,CounterTerrorist,2432,2184,124.3104,Knife,100,100,0,0,0,False,True,True,262.6172,4.921875
aizy,CounterTerrorist,2432,2184,124.3104,Knife,100,100,0,0,0,False,True,True,262.6172,4.921875
aizy,CounterTerrorist,2432,2184,124.3104,Knife,100,100,0,0,0,False,True,True,262.6172,4.921875
aizy,CounterTerrorist,2432,2184,124.3104,Knife,100,100,0,0,0,False,True,True,262.6172,4.921875
aizy,CounterTerrorist,2432,2184,124.3104,Knife,100,100,0,0,0,False,True,True,262.6172,4.921875
aizy,CounterTerrorist,2432,2184,124.3104,Knife,100,100,0,0,0,False,True,True,262.6172,4.921875
aizy,CounterTerrorist,2432,2184,124.3104,Knife,100,100,0,0,0,False,True,True,262.6172,4.921875
aizy,CounterTerrorist,2432,2184,124.3104,Knife,100,100,0,0,0,False,True,True,262.6172,4.921875
aizy,CounterTerrorist,2432,2184,124.3104,Knife,100,100,0,0,0,False,True,True,262.6172,4.921875
aizy,CounterTerrorist,2432,2184,124.3104,Knife,100,100,0,0,0,False,True,True,262.6172,4.921875
aizy,CounterTerrorist,2432,2184,124.3104,Knife,100,100,0,0,0,False,True,True,262.2656,4.921875
aizy,CounterTerrorist,2432,2184,124.3104,Knife,100,100,0,0,0,False,True,True,261.9141,4.921875
aizy,CounterTerrorist,2432,2184,124.3104,Knife,100,100,0,0,0,False,True,True,261.5625,5.273438
aizy,CounterTerrorist,2432,2184,124.3104,Knife,100,100,0,0,0,False,True,True,261.5625,5.273438
aizy,CounterTerrorist,2432,2184,124.3104,Knife,100,100,0,0,0,False,True,True,261.5625,5.273438
aizy,CounterTerrorist,2432,2184,124.3104,Knife,100,100,0,0,0,False,True,True,261.5625,5.273438
aizy,CounterTerrorist,2432,2184,124.3104,Knife,100,100,0,0,0,False,True,True,261.5625,5.273438
aizy,CounterTerrorist,2432,2184,124.3104,Knife,100,100,0,0,0,False,True,True,261.5625,5.273438
aizy,CounterTerrorist,2432,2184,124.3104,Knife,100,100,0,0,0,False,True,True,261.5625,5.273438
aizy,CounterTerrorist,2432,2184,124.3104,Knife,100,100,0,0,0,False,True,True,261.5625,5.273438
aizy,CounterTerrorist,2432,2184,124.3104,Knife,100,100,0,0,0,False,True,True,261.5625,5.273438
aizy,CounterTerrorist,2432,2184,124.3104,Knife,100,100,0,0,0,False,True,True,261.5625,5.273438
aizy,CounterTerrorist,2432,2184,124.3104,Knife,100,100,0,0,0,False,True,True,261.5625,5.273438
aizy,CounterTerrorist,2432,2184,124.3104,Knife,100,100,0,0,0,False,True,True,261.5625,5.273438
aizy,CounterTerrorist,2432,2184,124.3104,Knife,100,100,0,0,0,False,True,True,261.5625,5.273438
aizy,CounterTerrorist,2432,2184,124.3104,Knife,100,100,0,0,0,False,True,True,261.5625,5.273438
aizy,CounterTerrorist,2432,2184,124.3104,Knife,100,100,0,0,0,False,True,True,262.6172,5.625
aizy,CounterTerrorist,2432,2184,124.3104,Knife,100,100,0,0,0,False,True,True,264.0234,5.273438
aizy,CounterTerrorist,2432,2184,124.3104,Knife,100,100,0,0,0,False,True,True,264.375,5.273438
aizy,CounterTerrorist,2432,2184,124.3104,Knife,100,100,0,0,0,False,True,True,264.375,5.273438
aizy,CounterTerrorist,2432,2184,124.3104,Knife,100,100,0,0,0,False,True,True,264.375,5.273438
aizy,CounterTerrorist,2432,2184,124.3104,Knife,100,100,0,0,0,False,True,True,264.375,4.921875
aizy,CounterTerrorist,2432,2184,124.3104,Knife,100,100,0,0,0,False,True,True,264.375,4.921875
aizy,CounterTerrorist,2432,2184,124.3104,Knife,100,100,0,0,0,False,True,True,264.375,4.921875
aizy,CounterTerrorist,2431.957,2183.555,124.3077,Knife,100,100,-2.606235,-27.06229,0,False,True,True,264.375,4.921875
aizy,CounterTerrorist,2431.815,2182.078,124.2986,Knife,100,100,-5.709536,-59.4138,0,False,True,True,264.375,4.921875
aizy,CounterTerrorist,2431.577,2179.592,124.2833,Knife,100,100,-8.767409,-91.39426,0,False,True,True,264.375,4.921875
aizy,CounterTerrorist,2431.249,2176.175,124.2624,Knife,100,100,-11.46461,-119.599,0,False,True,True,264.375,4.921875
aizy,CounterTerrorist,2430.845,2171.956,124.2364,Knife,100,100,-13.77943,-143.8051,0,False,True,True,264.375,4.921875
aizy,CounterTerrorist,2430.375,2167.048,124.1671,Knife,100,100,-15.76607,-164.5795,0,False,True,True,264.375,4.921875
aizy,CounterTerrorist,2429.85,2161.55,124.1008,Knife,100,100,-17.34421,-182.4206,0,False,True,True,264.7266,4.921875
aizy,CounterTerrorist,2429.282,2155.544,124.0291,Knife,100,100,-18.61765,-197.7398,0,False,True,True,264.7266,4.921875
aizy,CounterTerrorist,2428.679,2149.104,123.916,Knife,100,100,-19.68125,-210.8898,0,False,True,True,264.7266,4.570313
aizy,CounterTerrorist,2428.046,2142.289,123.796,Knife,100,100,-20.59406,-222.1755,0,False,True,True,264.7266,4.570313
aizy,CounterTerrorist,2427.387,2135.153,123.67,Knife,100,100,-21.37746,-231.8612,0,False,True,True,264.7266,4.570313
aizy,CounterTerrorist,2426.705,2127.741,123.5387,Knife,100,100,-22.06791,-240.1721,0,False,True,True,264.7266,4.570313
aizy,CounterTerrorist,2426.003,2120.094,123.4096,Knife,100,100,-22.69698,-247.3015,0,False,True,True,264.7266,4.570313
aizy,CounterTerrorist,2425.287,2112.315,123.5409,Knife,100,100,-22.96521,-248.943,0,False,True,True,264.375,4.570313
aizy,CounterTerrorist,2424.565,2104.535,123.6727,Knife,100,100,-23.19078,-248.9221,0,False,True,True,264.375,4.921875
aizy,CounterTerrorist,2423.833,2096.757,123.8214,Knife,100,100,-23.62482,-248.8812,0,False,True,True,263.6719,5.273438
aizy,CounterTerrorist,2423.082,2088.981,124.0273,Knife,100,100,-24.26606,-248.8195,0,False,True,True,263.3203,5.273438
aizy,CounterTerrorist,2422.312,2081.207,124.1751,Knife,100,100,-24.87534,-248.7593,0,False,True,True,263.3203,5.273438
aizy,CounterTerrorist,2421.524,2073.434,124.2529,Knife,100,100,-25.39744,-248.7066,0,False,True,True,263.3203,5.273438
aizy,CounterTerrorist,2420.721,2065.663,124.3323,Knife,100,100,-25.845,-248.6605,0,False,True,True,263.3203,5.625
aizy,CounterTerrorist,2419.906,2057.893,124.4128,Knife,100,100,-26.22876,-248.6203,0,False,True,True,263.3203,5.976563
aizy,CounterTerrorist,2419.079,2050.124,124.2494,Knife,100,100,-26.59421,-248.5815,0,False,True,True,263.3203,6.679688
aizy,CounterTerrorist,2418.24,2042.357,123.5967,Knife,100,100,-27.04664,-248.5327,0,False,True,True,262.9688,8.789063
aizy,CounterTerrorist,2417.381,2034.592,122.9586,Knife,100,100,-27.85581,-248.4433,0,False,True,True,261.9141,13.00781
aizy,CounterTerrorist,2416.481,2026.832,122.9295,Knife,100,100,-29.42637,-248.2621,0,False,True,True,260.5078,20.03906
aizy,CounterTerrorist,2415.525,2019.078,122.9027,Knife,100,100,-31.29852,-248.0331,0,False,True,True,260.1563,26.36719
aizy,CounterTerrorist,2414.515,2011.331,122.9535,Knife,100,100,-32.8775,-247.8287,0,False,True,True,260.1563,31.99219
aizy,CounterTerrorist,2413.461,2003.59,123.1137,Knife,100,100,-34.27725,-247.639,0,False,True,True,259.8047,35.15625
aizy,CounterTerrorist,2412.359,1995.856,123.2757,Knife,100,100,-35.88507,-247.4111,0,False,True,True,259.1016,36.5625
aizy,CounterTerrorist,2411.205,1988.129,123.4398,Knife,100,100,-37.50065,-247.1714,0,False,True,True,259.1016,36.5625
aizy,CounterTerrorist,2410.006,1980.409,123.5195,Knife,100,100,-38.90605,-246.9541,0,False,True,True,259.1016,35.85938
aizy,CounterTerrorist,2408.764,1972.696,123.5556,Knife,100,100,-40.24008,-246.7402,0,False,True,True,258.75,35.15625
aizy,CounterTerrorist,2407.481,1964.99,123.5929,Knife,100,100,-41.52706,-246.5269,0,False,True,True,258.75,34.80469
aizy,CounterTerrorist,2406.16,1957.29,123.6313,Knife,100,100,-42.6648,-246.3325,0,False,True,True,258.3984,34.45313
aizy,CounterTerrorist,2404.808,1949.595,123.542,Knife,100,100,-43.60934,-246.1671,0,False,True,True,258.75,32.69531
aizy,CounterTerrorist,2403.432,1941.905,123.4495,Knife,100,100,-44.23116,-246.0561,0,False,True,True,259.1016,27.07031
aizy,CounterTerrorist,2402.043,1934.217,123.3573,Knife,100,100,-44.59121,-245.9911,0,False,True,True,259.1016,19.33594
aizy,CounterTerrorist,2400.643,1926.531,123.2603,Knife,100,100,-44.89331,-245.9361,0,False,True,True,259.4531,11.60156
aizy,CounterTerrorist,2399.242,1918.845,123.1424,Knife,100,100,-44.66966,-245.9769,0,False,True,True,260.5078,4.570313
aizy,CounterTerrorist,2397.874,1911.153,123.0238,Knife,100,100,-42.97384,-246.2788,0,False,True,True,263.6719,0
aizy,CounterTerrorist,2396.592,1903.447,123.1731,Knife,100,100,-39.86434,-246.8012,0,False,True,True,265.0781,358.2422
aizy,CounterTerrorist,2395.4,1895.725,123.6021,Knife,100,100,-37.15523,-247.2236,0,False,True,True,265.0781,358.2422
aizy,CounterTerrorist,2394.284,1887.993,124.0317,Knife,100,100,-34.88047,-247.5547,0,False,True,True,265.0781,358.2422
aizy,CounterTerrorist,2393.1,1880.28,124.4602,Knife,100,100,-45.16879,-244.8298,0,False,True,True,265.0781,358.2422
aizy,CounterTerrorist,2391.186,1872.791,124.8763,Knife,100,100,-70.42847,-236.7142,0,False,True,True,265.0781,358.2422
aizy,CounterTerrorist,2388.553,1865.532,125.2574,Knife,100,100,-92.10706,-229.7491,0,False,True,True,265.0781,358.2422
aizy,CounterTerrorist,2385.305,1858.472,125.4812,Knife,100,100,-110.7122,-223.7716,0,False,True,True,265.0781,358.2422
aizy,CounterTerrorist,2381.549,1851.622,125.7052,Knife,100,100,-125.3741,-216.2899,0,False,True,True,265.0781,358.2422
aizy,CounterTerrorist,2377.394,1845.007,126.1469,Knife,100,100,-137.2185,-208.9763,0,False,True,True,265.0781,358.2422
aizy,CounterTerrorist,2373.438,1838.273,126.5997,Knife,100,100,-120.4841,-219.0515,0,False,True,True,265.0781,358.2422
aizy,CounterTerrorist,2369.967,1831.275,127.0777,Knife,100,100,-105.6267,-226.5899,0,False,True,True,265.4297,358.9453
aizy,CounterTerrorist,2366.933,1824.077,127.5756,Knife,100,100,-92.1003,-232.4167,0,False,True,True,266.4844,359.6484
aizy,CounterTerrorist,2364.307,1816.72,128.0901,Knife,100,100,-79.25162,-237.1059,0,False,True,True,268.5938,0.703125
aizy,CounterTerrorist,2362.067,1809.237,128.6184,Knife,100,100,-67.30619,-240.7693,0,False,True,True,269.6484,1.054688
aizy,CounterTerrorist,2360.17,1801.658,129.1577,Knife,100,100,-56.90215,-243.4382,0,False,True,True,269.6484,1.054688
aizy,CounterTerrorist,2357.971,1794.165,129.5806,Knife,100,100,-78.01017,-237.5172,0,False,True,True,269.6484,1.054688
aizy,CounterTerrorist,2355.183,1786.868,138.6017,Knife,100,100,-95.50726,-231.0376,0,False,True,True,269.6484,1.054688
aizy,CounterTerrorist,2351.91,1779.776,142.148,Knife,100,100,-109.9338,-224.5319,0,False,True,True,269.6484,1.054688
aizy,CounterTerrorist,2348.408,1772.793,145.6394,Knife,100,100,-107.2975,-225.8036,0,False,True,True,269.6484,1.054688
aizy,CounterTerrorist,2345.375,1765.595,149.2383,Knife,100,100,-91.2067,-232.7689,0,False,True,True,269.6484,1.054688
aizy,CounterTerrorist,2342.802,1758.219,152.9262,Knife,100,100,-77.22765,-237.7728,0,False,True,True,269.6484,1.054688
aizy,CounterTerrorist,2340.628,1750.716,156.6778,Knife,100,100,-65.21641,-241.3438,0,False,True,True,269.6484,1.054688
aizy,CounterTerrorist,2338.794,1743.123,160.0313,Knife,100,100,-54.97574,-243.8804,0,False,True,True,269.6484,1.054688
aizy,CounterTerrorist,2337.248,1735.465,160.0313,Knife,100,100,-46.35007,-245.6658,0,False,True,True,269.6484,1.054688
aizy,CounterTerrorist,2335.944,1727.762,160.0313,Knife,100,100,-39.13789,-246.9175,0,False,True,True,269.6484,1.054688
aizy,CounterTerrorist,2334.842,1720.028,160.0313,Knife,100,100,-33.08585,-247.801,0,False,True,True,269.6484,0.703125
aizy,CounterTerrorist,2333.909,1712.271,160.0313,Knife,100,100,-28.0133,-248.4256,0,False,True,True,269.6484,0.703125
aizy,CounterTerrorist,2333.116,1704.499,160.0313,Knife,100,100,-23.87695,-248.8572,0,False,True,True,269.6484,0.703125
aizy,CounterTerrorist,2332.438,1696.717,160.0313,Knife,100,100,-20.48713,-249.1591,0,False,True,True,269.6484,0.703125
aizy,CounterTerrorist,2331.854,1688.926,160.0313,Knife,100,100,-17.66001,-249.3755,0,False,True,True,269.6484,0.703125
aizy,CounterTerrorist,2331.363,1681.129,160.0313,Knife,100,100,-14.34958,-249.5879,0,False,True,True,272.1094,1.40625
aizy,CounterTerrorist,2331.042,1673.323,160.0313,Knife,100,100,-7.100434,-249.8992,0,False,True,True,280.5469,2.460938
aizy,CounterTerrorist,2331.061,1665.512,160.0313,Knife,100,100,6.050308,-249.9268,0,False,True,True,291.4453,2.8125
aizy,CounterTerrorist,2331.589,1657.719,160.0313,Knife,100,100,23.76924,-248.8675,0,False,True,True,299.5313,3.164063
aizy,CounterTerrorist,2332.551,1649.966,160.0313,Knife,100,100,28.8615,-248.3284,0,False,True,True,301.6406,3.164063
aizy,CounterTerrorist,2333.176,1642.18,160.0313,Knife,100,100,14.97274,-249.5512,0,False,True,True,301.6406,3.164063
aizy,CounterTerrorist,2333.41,1634.371,160.0313,Knife,100,100,3.225303,-249.9792,0,False,True,True,301.6406,3.164063
aizy,CounterTerrorist,2333.313,1626.56,160.0313,Knife,100,100,-6.664627,-249.9111,0,False,True,True,301.6406,3.164063
aizy,CounterTerrorist,2332.938,1618.757,160.0313,Knife,100,100,-15.06583,-249.5456,0,False,True,True,301.6406,3.164063
aizy,CounterTerrorist,2332.392,1610.968,160.0313,Knife,100,100,-13.79598,-249.0804,0,False,True,True,301.9922,3.164063
aizy,CounterTerrorist,2332.447,1603.196,160.0313,Knife,100,100,10.744,-248.4038,0,False,True,True,303.75,3.164063
aizy,CounterTerrorist,2333.221,1595.457,160.0313,Knife,100,100,32.90529,-247.0802,0,False,True,True,305.5078,3.164063
aizy,CounterTerrorist,2334.64,1587.78,160.0313,Knife,100,100,52.53498,-244.4178,0,False,True,True,306.5625,3.164063
aizy,CounterTerrorist,2336.612,1580.222,160.0313,Knife,100,100,69.09167,-240.2631,0,False,True,True,306.5625,3.164063
aizy,CounterTerrorist,2339.047,1572.8,160.0313,Knife,100,100,82.91714,-235.849,0,False,True,True,306.9141,3.164063
aizy,CounterTerrorist,2341.869,1565.516,160.0313,Knife,100,100,94.45459,-231.4699,0,False,True,True,306.9141,3.164063
aizy,CounterTerrorist,2345.012,1558.364,160.0313,Knife,100,100,104.0503,-227.3181,0,False,True,True,306.9141,3.164063
aizy,CounterTerrorist,2348.423,1551.335,160.0313,Knife,100,100,111.9795,-223.5186,0,False,True,True,306.9141,3.164063
aizy,CounterTerrorist,2352.39,1544.768,160.0313,Knife,100,100,136.1323,-200.5439,0,False,True,True,306.9141,3.164063
aizy,CounterTerrorist,2357.076,1538.953,160.0313,Knife,100,100,157.7839,-177.8414,0,False,True,True,306.9141,3.164063
aizy,CounterTerrorist,2362.376,1533.783,160.0313,Knife,100,100,176.3659,-158.3575,0,False,True,True,306.9141,3.164063
aizy,CounterTerrorist,2368.205,1529.167,160.0313,Knife,100,100,192.3135,-141.6358,0,False,True,True,306.9141,3.164063
aizy,CounterTerrorist,2374.488,1525.027,160.0313,Knife,100,100,206.0001,-127.2848,0,False,True,True,306.9141,3.164063
aizy,CounterTerrorist,2381.159,1521.294,160.0313,Knife,100,100,217.7464,-114.9683,0,False,True,True,306.9141,3.164063
aizy,CounterTerrorist,2388.159,1517.914,160.0313,Knife,100,100,227.2749,-104.1448,0,False,True,True,306.9141,3.164063
aizy,CounterTerrorist,2395.355,1514.874,160.0313,Knife,100,100,231.905,-93.38131,0,False,True,True,306.9141,3.164063
aizy,CounterTerrorist,2402.673,1512.139,160.0313,Knife,100,100,235.4061,-84.16621,0,False,True,True,306.9141,3.164063
aizy,CounterTerrorist,2410.083,1509.665,160.0313,Knife,100,100,238.0646,-76.32334,0,False,True,True,306.9141,3.164063
aizy,CounterTerrorist,2417.564,1507.413,160.0313,Knife,100,100,240.094,-69.67684,0,False,True,True,306.9141,3.164063
aizy,CounterTerrorist,2425.033,1505.171,160.0313,Knife,100,100,236.1223,-78.97209,0,False,True,True,306.9141,3.164063
aizy,CounterTerrorist,2432.241,1502.269,160.0313,Knife,100,100,227.5529,-100.7839,0,False,True,True,306.9141,3.164063
aizy,CounterTerrorist,2439.202,1498.749,160.0313,Knife,100,100,219.7271,-119.2477,0,False,True,True,306.9141,3.164063
aizy,CounterTerrorist,2445.899,1494.729,160.0313,Knife,100,100,211.1081,-133.9155,0,False,True,True,306.9141,3.164063
aizy,CounterTerrorist,2452.337,1490.305,160.0313,Knife,100,100,203.0497,-145.8452,0,False,True,True,306.9141,3.164063
aizy,CounterTerrorist,2458.538,1485.553,160.0313,Knife,100,100,195.7278,-155.5334,0,False,True,True,306.9141,3.164063
aizy,CounterTerrorist,2464.525,1480.535,160.0313,Knife,100,100,189.2069,-163.4037,0,False,True,True,306.9141,3.164063
aizy,CounterTerrorist,2470.324,1475.3,160.0313,Knife,100,100,183.4826,-169.8061,0,False,True,True,306.9141,3.164063
aizy,CounterTerrorist,2475.958,1469.889,160.0313,Knife,100,100,178.5107,-175.0256,0,False,True,True,306.9141,3.164063
aizy,CounterTerrorist,2481.452,1464.334,160.0313,Knife,100,100,174.2262,-179.2909,0,False,True,True,306.9141,3.164063
aizy,CounterTerrorist,2486.823,1458.662,160.0313,Knife,100,100,170.5663,-182.7762,0,False,True,True,306.9141,3.164063
aizy,CounterTerrorist,2492.093,1452.894,160.0313,Knife,100,100,167.5408,-185.5534,0,False,True,True,306.9141,3.164063
aizy,CounterTerrorist,2497.278,1447.051,160.0313,Knife,100,100,165.0288,-187.7911,0,False,True,True,306.9141,3.164063
aizy,CounterTerrorist,2502.393,1441.145,160.0313,Knife,100,100,162.9212,-189.6225,0,False,True,True,306.9141,3.164063
aizy,CounterTerrorist,2507.449,1435.189,160.0313,Knife,100,100,161.1307,-191.1463,0,False,True,True,306.9141,3.164063
aizy,CounterTerrorist,2512.45,1429.187,160.0313,Knife,100,100,159.3144,-192.6627,0,False,True,True,305.8594,2.8125
aizy,CounterTerrorist,2517.375,1423.123,160.0313,Knife,100,100,156.3446,-195.0804,0,False,True,True,302.3438,2.8125
aizy,CounterTerrorist,2522.157,1416.946,160.0313,Knife,100,100,150.5916,-199.555,0,False,True,True,295.6641,2.8125
aizy,CounterTerrorist,2526.678,1410.575,160.0313,Knife,100,100,140.5419,-206.7558,0,False,True,True,285.4688,3.164063
aizy,CounterTerrorist,2530.787,1403.932,160.0313,Knife,100,100,125.3359,-216.3121,0,False,True,True,273.8672,3.164063
aizy,CounterTerrorist,2534.311,1396.968,160.0313,Knife,100,100,104.5065,-226.633,0,False,True,True,261.5625,3.164063
aizy,CounterTerrorist,2537.146,1389.733,160.0313,Knife,100,100,87.11383,-233.7795,0,False,True,True,251.3672,3.515625
aizy,CounterTerrorist,2539.918,1382.429,160.0313,Knife,100,100,89.29331,-233.5095,0,False,True,True,247.8516,3.867188
aizy,CounterTerrorist,2542.734,1375.141,160.0313,Knife,100,100,90.57098,-233.0169,0,False,True,True,248.2031,3.867188
aizy,CounterTerrorist,2545.586,1367.868,160.0313,Knife,100,100,91.67229,-232.5859,0,False,True,True,248.2031,3.867188
aizy,CounterTerrorist,2548.469,1360.607,160.0313,Knife,100,100,92.61133,-232.2136,0,False,True,True,248.2031,3.867188
aizy,CounterTerrorist,2551.379,1353.357,160.0313,Knife,100,100,93.4132,-231.8922,0,False,True,True,248.2031,3.867188
aizy,CounterTerrorist,2554.312,1346.116,160.0313,Knife,100,100,94.09874,-231.6148,0,False,True,True,248.2031,3.867188
aizy,CounterTerrorist,2557.265,1338.883,160.0313,Knife,100,100,94.68531,-231.3756,0,False,True,True,248.2031,3.867188
aizy,CounterTerrorist,2560.233,1331.656,160.0313,Knife,100,100,95.18753,-231.1695,0,False,True,True,248.2031,3.867188
aizy,CounterTerrorist,2563.217,1324.436,160.0313,Knife,100,100,95.61776,-230.9919,0,False,True,True,248.2031,3.867188
aizy,CounterTerrorist,2566.211,1317.22,160.0313,Knife,100,100,95.8971,-230.8761,0,False,True,True,247.5,3.867188
aizy,CounterTerrorist,2569.188,1309.997,160.0313,Knife,100,100,94.55637,-231.4284,0,False,True,True,243.6328,3.164063
aizy,CounterTerrorist,2571.712,1302.718,160.0313,Knife,100,100,67.84338,-233.9841,0,False,True,True,239.0625,2.460938
aizy,CounterTerrorist,2573.191,1295.377,160.0313,Knife,100,100,35.43925,-235.3132,0,False,True,True,235.5469,2.109375
aizy,CounterTerrorist,2573.732,1288.01,160.0313,Knife,100,100,6.956006,-236.0039,0,False,True,True,235.5469,2.460938
aizy,CounterTerrorist,2573.466,1280.621,160.0313,Knife,100,100,-17.33778,-236.7005,0,False,True,True,235.5469,2.460938
aizy,CounterTerrorist,2572.509,1273.212,160.0313,Knife,100,100,-38.1874,-237.2983,0,False,True,True,235.5469,2.460938
aizy,CounterTerrorist,2570.959,1265.786,160.0313,Knife,100,100,-56.08114,-237.8113,0,False,True,True,235.5469,2.460938
aizy,CounterTerrorist,2568.901,1258.346,160.0313,Knife,100,100,-71.43806,-238.2516,0,False,True,True,235.5469,2.460938
aizy,CounterTerrorist,2566.422,1250.939,160.0313,Knife,100,100,-83.58405,-235.6135,0,False,True,True,235.5469,2.460938
aizy,CounterTerrorist,2563.615,1243.649,160.0313,Knife,100,100,-93.32884,-231.9261,0,False,True,True,235.5469,2.460938
aizy,CounterTerrorist,2560.535,1236.469,160.0313,Knife,100,100,-101.5396,-228.4507,0,False,True,True,235.1953,2.460938
aizy,CounterTerrorist,2557.22,1229.395,160.0313,Knife,100,100,-108.657,-225.1525,0,False,True,True,234.8437,2.460938
aizy,CounterTerrorist,2553.704,1222.419,160.0313,Knife,100,100,-114.7026,-222.1335,0,False,True,True,234.4922,2.460938
aizy,CounterTerrorist,2550.019,1215.53,160.0313,Knife,100,100,-119.7325,-219.4633,0,False,True,True,234.4922,2.460938
aizy,CounterTerrorist,2546.195,1208.719,160.0313,Knife,100,100,-123.8868,-217.1453,0,False,True,True,234.4922,2.460938
aizy,CounterTerrorist,2542.256,1201.972,160.0313,Knife,100,100,-127.24,-215.1975,0,False,True,True,234.4922,2.460938
aizy,CounterTerrorist,2538.224,1195.28,160.0313,Knife,100,100,-130.0071,-213.5372,0,False,True,True,234.4922,2.460938
aizy,CounterTerrorist,2534.115,1188.635,160.0313,Knife,100,100,-132.3174,-212.1134,0,False,True,True,234.4922,2.109375
aizy,CounterTerrorist,2529.942,1182.031,160.0313,Knife,100,100,-134.2432,-210.8999,0,False,True,True,234.4922,2.109375
aizy,CounterTerrorist,2525.715,1175.461,160.0313,Knife,100,100,-135.8599,-209.8621,0,False,True,True,234.4922,2.109375
aizy,CounterTerrorist,2521.442,1168.92,160.0313,Knife,100,100,-137.2244,-208.9724,0,False,True,True,234.4922,2.109375
aizy,CounterTerrorist,2517.131,1162.405,160.0313,Knife,100,100,-138.3804,-208.2087,0,False,True,True,234.4922,2.109375
aizy,CounterTerrorist,2512.787,1155.912,160.0313,Knife,100,100,-139.3628,-207.5524,0,False,True,True,234.4922,2.109375
aizy,CounterTerrorist,2508.415,1149.437,160.0313,Knife,100,100,-140.1994,-206.9882,0,False,True,True,234.4922,2.109375
aizy,CounterTerrorist,2503.775,1143.244,160.0313,Knife,100,100,-156.3436,-189.6663,0,False,True,True,234.4922,2.109375
aizy,CounterTerrorist,2498.519,1137.717,160.0313,Knife,100,100,-174.9612,-169.6034,0,False,True,True,234.4922,2.109375
aizy,CounterTerrorist,2492.734,1132.759,160.0313,Knife,100,100,-190.9393,-152.3848,0,False,True,True,234.4922,2.109375
aizy,CounterTerrorist,2486.494,1128.291,160.0313,Knife,100,100,-204.6523,-137.6073,0,False,True,True,234.4922,2.109375
aizy,CounterTerrorist,2479.865,1124.243,160.0313,Knife,100,100,-216.4211,-124.9248,0,False,True,True,234.4922,2.109375
aizy,CounterTerrorist,2472.96,1120.589,160.0313,Knife,100,100,-223.3282,-112.3588,0,False,True,True,234.4922,2.109375
aizy,CounterTerrorist,2465.877,1117.294,160.0313,Knife,100,100,-228.4653,-101.5067,0,False,True,True,234.8437,2.460938
aizy,CounterTerrorist,2458.663,1114.297,160.0313,Knife,100,100,-232.0984,-92.89961,0,False,True,True,236.25,2.460938
aizy,CounterTerrorist,2451.368,1112.031,160.0313,Knife,100,100,-233.9816,0,0,False,True,True,241.5234,2.460938
aizy,CounterTerrorist,2443.942,1112.005,160.0313,Knife,100,100,-239.465,0,0,False,True,True,248.2031,2.460938
aizy,CounterTerrorist,2436.4,1112.005,160.0313,Knife,100,100,-242.184,0,0,False,True,True,254.8828,2.460938
aizy,CounterTerrorist,2428.816,1112.005,160.0313,Knife,100,100,-242.8039,0,0,False,True,True,258.3984,2.460938
aizy,CounterTerrorist,2421.227,1111.729,160.0313,Knife,100,100,-242.8449,-17.46705,0,False,True,True,258.3984,2.460938
aizy,CounterTerrorist,2413.637,1110.777,160.0313,Knife,100,100,-242.8739,-37.84901,0,False,True,True,258.3984,2.460938
aizy,CounterTerrorist,2406.365,1109.033,160.0313,Knife,100,100,-222.8358,-68.84394,0,False,True,True,258.3984,2.460938
aizy,CounterTerrorist,2399.867,1106.269,160.0313,Knife,100,100,-199.4459,-99.61224,0,False,True,True,258.3984,2.460938
aizy,CounterTerrorist,2394.034,1102.63,160.0313,Knife,100,100,-179.372,-126.0185,0,False,True,True,258.3984,2.460938
aizy,CounterTerrorist,2388.773,1098.241,156.4603,Knife,100,100,-162.0061,-148.7087,0,False,True,True,259.1016,2.460938
aizy,CounterTerrorist,2384.016,1093.204,156.1357,Knife,100,100,-146.5797,-168.2823,0,False,True,True,259.8047,2.460938
aizy,CounterTerrorist,2379.709,1087.609,155.8886,Knife,100,100,-132.6781,-185.1975,0,False,True,True,260.8594,2.109375
aizy,CounterTerrorist,2375.816,1081.53,155.7111,Knife,100,100,-119.8939,-199.8501,0,False,True,True,261.9141,2.109375
aizy,CounterTerrorist,2372.291,1075.034,155.5952,Knife,100,100,-108.7516,-212.4503,0,False,True,True,261.9141,2.109375
aizy,CounterTerrorist,2369.083,1068.18,155.3599,Knife,100,100,-99.18903,-223.2643,0,False,True,True,261.9141,2.109375
aizy,CounterTerrorist,2366.147,1061.018,155.0195,Knife,100,100,-90.98215,-232.5451,0,False,True,True,261.9141,2.109375
aizy,CounterTerrorist,2363.475,1053.677,154.7097,Knife,100,100,-82.32472,-236.0564,0,False,True,True,261.9141,2.109375
aizy,CounterTerrorist,2361.051,1046.25,154.4287,Knife,100,100,-74.87891,-238.5229,0,False,True,True,261.9141,2.109375
aizy,CounterTerrorist,2358.837,1038.759,154.1093,Knife,100,100,-68.57502,-240.411,0,False,True,True,261.9141,2.109375
aizy,CounterTerrorist,2356.8,1031.216,154.0779,Knife,100,100,-63.25303,-241.8658,0,False,True,True,261.9141,2.109375
aizy,CounterTerrorist,2354.912,1023.636,154.0779,Knife,100,100,-58.84069,-242.9769,0,False,True,True,261.9141,2.109375
aizy,CounterTerrorist,2353.145,1016.025,154.0779,Knife,100,100,-55.24206,-243.8203,0,False,True,True,261.9141,2.109375
aizy,CounterTerrorist,2351.478,1008.393,154.0966,Knife,100,100,-52.26326,-244.4761,0,False,True,True,261.9141,2.109375
aizy,CounterTerrorist,2349.895,1000.743,154.0195,Knife,100,100,-49.77196,-244.9954,0,False,True,True,261.9141,2.109375
aizy,CounterTerrorist,2348.381,993.0781,153.8475,Knife,100,100,-47.67313,-245.4124,0,False,True,True,261.9141,2.109375
aizy,CounterTerrorist,2346.927,985.4022,153.6822,Knife,100,100,-45.89574,-245.7511,0,False,True,True,261.9141,2.109375
aizy,CounterTerrorist,2345.522,977.7169,153.5226,Knife,100,100,-44.38492,-246.0284,0,False,True,True,261.9141,2.109375
aizy,CounterTerrorist,2344.161,970.024,153.1943,Knife,100,100,-43.09723,-246.2572,0,False,True,True,261.9141,2.109375
aizy,CounterTerrorist,2342.836,962.3246,152.8199,Knife,100,100,-41.9976,-246.4472,0,False,True,True,261.9141,2.109375
aizy,CounterTerrorist,2341.542,954.6199,152.449,Knife,100,100,-41.05723,-246.6056,0,False,True,True,261.9141,2.109375
aizy,CounterTerrorist,2340.276,946.9109,152.081,Knife,100,100,-40.25224,-246.7382,0,False,True,True,261.9141,2.109375
aizy,CounterTerrorist,2339.031,939.1981,151.7154,Knife,100,100,-39.56262,-246.8498,0,False,True,True,261.9141,2.109375
aizy,CounterTerrorist,2337.807,931.4822,151.352,Knife,100,100,-38.97152,-246.9438,0,False,True,True,261.9141,2.109375
aizy,CounterTerrorist,2336.599,923.7635,150.9904,Knife,100,100,-38.46469,-247.0232,0,False,True,True,261.9141,2.109375
aizy,CounterTerrorist,2335.406,916.0427,150.6303,Knife,100,100,-38.02998,-247.0905,0,False,True,True,261.9141,2.109375
aizy,CounterTerrorist,2334.224,908.32,150.2717,Knife,100,100,-37.65707,-247.1476,0,False,True,True,261.9141,2.109375
aizy,CounterTerrorist,2333.054,900.5956,149.9142,Knife,100,100,-37.3371,-247.1962,0,False,True,True,261.9141,2.109375
aizy,CounterTerrorist,2331.893,892.8699,149.5577,Knife,100,100,-37.06256,-247.2375,0,False,True,True,261.9141,2.109375
aizy,CounterTerrorist,2330.74,885.143,149.202,Knife,100,100,-36.82696,-247.2727,0,False,True,True,261.9141,2.109375
aizy,CounterTerrorist,2329.593,877.4151,148.8471,Knife,100,100,-36.62478,-247.3027,0,False,True,True,261.9141,2.109375
aizy,CounterTerrorist,2328.451,869.6864,148.4928,Knife,100,100,-36.45127,-247.3283,0,False,True,True,261.9141,2.109375
aizy,CounterTerrorist,2327.315,861.957,148.139,Knife,100,100,-36.30236,-247.3502,0,False,True,True,261.9141,2.109375
aizy,CounterTerrorist,2326.183,854.2269,147.7857,Knife,100,100,-36.17456,-247.369,0,False,True,True,261.9141,2.109375
aizy,CounterTerrorist,2325.054,846.4963,147.4328,Knife,100,100,-36.06488,-247.385,0,False,True,True,261.9141,2.109375
aizy,CounterTerrorist,2323.929,838.7653,147.1714,Knife,100,100,-35.97075,-247.3987,0,False,True,True,261.9141,2.109375
aizy,CounterTerrorist,2322.807,831.0338,147.1394,Knife,100,100,-35.88995,-247.4104,0,False,True,True,261.9141,2.109375
aizy,CounterTerrorist,2321.687,823.302,147.1076,Knife,100,100,-35.82061,-247.4205,0,False,True,True,261.9141,2.109375
aizy,CounterTerrorist,2320.569,815.5699,147.0757,Knife,100,100,-35.76109,-247.4291,0,False,True,True,261.9141,2.109375
aizy,CounterTerrorist,2319.452,807.8376,147.0439,Knife,100,100,-35.71003,-247.4364,0,False,True,True,261.9141,2.109375
aizy,CounterTerrorist,2318.337,800.1052,147.0121,Knife,100,100,-35.66619,-247.4428,0,False,True,True,261.9141,2.109375
aizy,CounterTerrorist,2317.223,792.3725,146.9804,Knife,100,100,-35.62857,-247.4482,0,False,True,True,261.9141,2.109375
aizy,CounterTerrorist,2316.11,784.6396,146.9487,Knife,100,100,-35.59628,-247.4528,0,False,True,True,261.9141,2.109375
aizy,CounterTerrorist,2314.999,776.9067,146.9169,Knife,100,100,-35.56857,-247.4568,0,False,True,True,261.9141,2.109375
aizy,CounterTerrorist,2313.887,769.1735,146.8852,Knife,100,100,-35.54478,-247.4602,0,False,True,True,261.9141,2.109375
aizy,CounterTerrorist,2312.777,761.4404,146.6801,Knife,100,100,-35.52437,-247.4632,0,False,True,True,261.9141,2.109375
aizy,CounterTerrorist,2311.667,753.7071,146.444,Knife,100,100,-35.50685,-247.4657,0,False,True,True,261.9141,2.109375
aizy,CounterTerrorist,2310.558,745.9737,146.2078,Knife,100,100,-35.49182,-247.4678,0,False,True,True,261.9141,2.109375
aizy,CounterTerrorist,2309.449,738.2403,145.9717,Knife,100,100,-35.47892,-247.4697,0,False,True,True,261.9141,2.109375
aizy,CounterTerrorist,2308.341,730.5069,145.7535,Knife,100,100,-35.46784,-247.4713,0,False,True,True,261.9141,2.109375
aizy,CounterTerrorist,2307.232,722.7735,145.6133,Knife,100,100,-35.45834,-247.4726,0,False,True,True,261.9141,2.109375
aizy,CounterTerrorist,2306.125,715.0399,145.4731,Knife,100,100,-35.45018,-247.4738,0,False,True,True,261.9141,2.109375
aizy,CounterTerrorist,2305.017,707.3062,145.3328,Knife,100,100,-35.44318,-247.4748,0,False,True,True,261.9141,2.109375
aizy,CounterTerrorist,2303.91,699.5726,145.1926,Knife,100,100,-35.43718,-247.4756,0,False,True,True,261.9141,2.109375
aizy,CounterTerrorist,2302.802,691.8389,145.0523,Knife,100,100,-35.43202,-247.4764,0,False,True,True,261.9141,2.109375
aizy,CounterTerrorist,2301.695,684.1053,144.9121,Knife,100,100,-35.42759,-247.477,0,False,True,True,261.9141,2.109375
aizy,CounterTerrorist,2300.587,676.3716,144.7718,Knife,100,100,-35.42379,-247.4776,0,False,True,True,261.9141,2.109375
aizy,CounterTerrorist,2299.48,668.638,144.6316,Knife,100,100,-35.42053,-247.478,0,False,True,True,261.9141,2.109375
aizy,CounterTerrorist,2298.374,660.9044,144.4912,Knife,100,100,-35.41774,-247.4784,0,False,True,True,261.9141,2.109375
aizy,CounterTerrorist,2297.268,653.1707,144.3509,Knife,100,100,-35.41533,-247.4788,0,False,True,True,261.9141,2.109375
aizy,CounterTerrorist,2296.161,645.4371,144.2106,Knife,100,100,-35.41327,-247.479,0,False,True,True,261.9141,2.109375
aizy,CounterTerrorist,2295.055,637.7034,144.0703,Knife,100,100,-35.4115,-247.4793,0,False,True,True,261.9141,2.109375
aizy,CounterTerrorist,2293.948,629.9698,143.9648,Knife,100,100,-35.40999,-247.4795,0,False,True,True,261.9141,2.109375
aizy,CounterTerrorist,2292.842,622.2361,144.0551,Knife,100,100,-35.40868,-247.4797,0,False,True,True,261.9141,2.109375
aizy,CounterTerrorist,2291.735,614.5025,144.1454,Knife,100,100,-35.40757,-247.4799,0,False,True,True,261.9141,2.109375
aizy,CounterTerrorist,2290.629,606.7689,144.2358,Knife,100,100,-35.4066,-247.48,0,False,True,True,261.9141,2.109375
aizy,CounterTerrorist,2289.522,599.0352,144.3261,Knife,100,100,-35.40578,-247.4801,0,False,True,True,261.9141,2.109375
aizy,CounterTerrorist,2288.416,591.3016,144.4165,Knife,100,100,-35.40508,-247.4802,0,False,True,True,261.9141,2.109375
aizy,CounterTerrorist,2287.31,583.5679,144.5069,Knife,100,100,-35.40448,-247.4803,0,False,True,True,261.9141,2.109375
aizy,CounterTerrorist,2286.203,575.8343,144.5972,Knife,100,100,-35.40396,-247.4804,0,False,True,True,261.9141,2.109375
aizy,CounterTerrorist,2285.097,568.1006,144.6875,Knife,100,100,-35.40351,-247.4805,0,False,True,True,261.9141,2.109375
aizy,CounterTerrorist,2283.99,560.3668,144.7779,Knife,100,100,-35.40312,-247.4805,0,False,True,True,261.9141,2.109375
aizy,CounterTerrorist,2282.884,552.6329,144.2944,Knife,100,100,-35.40279,-247.4806,0,False,True,True,261.9141,2.109375
aizy,CounterTerrorist,2281.777,544.899,143.7823,Knife,100,100,-35.40252,-247.4806,0,False,True,True,261.9141,2.109375
aizy,CounterTerrorist,2280.671,537.1652,143.2701,Knife,100,100,-35.40228,-247.4806,0,False,True,True,261.9141,2.109375
aizy,CounterTerrorist,2279.564,529.4313,142.7579,Knife,100,100,-35.40207,-247.4807,0,False,True,True,261.9141,2.109375
aizy,CounterTerrorist,2278.458,521.6974,142.2458,Knife,100,100,-35.40189,-247.4807,0,False,True,True,261.9141,2.109375
aizy,CounterTerrorist,2277.352,513.9635,141.7336,Knife,100,100,-35.40174,-247.4807,0,False,True,True,261.9141,2.109375
aizy,CounterTerrorist,2276.262,506.3457,141.2291,HE,100,100,-34.69359,-242.5311,0,False,True,True,261.9141,2.109375
aizy,CounterTerrorist,2275.178,498.7666,140.7271,HE,100,100,-34.69348,-242.5311,0,False,True,True,261.9141,2.109375
aizy,CounterTerrorist,2274.094,491.1875,140.2251,HE,100,100,-34.69338,-242.5311,0,False,True,True,261.9141,2.109375
aizy,CounterTerrorist,2273.01,483.6084,139.7232,HE,100,100,-34.6933,-242.5311,0,False,True,True,261.9141,2.109375
aizy,CounterTerrorist,2271.926,476.0293,139.2213,HE,100,100,-34.69322,-242.5311,0,False,True,True,261.9141,2.109375
aizy,CounterTerrorist,2270.842,468.4502,138.7193,HE,100,100,-34.68793,-242.532,0,False,True,True,261.9141,2.109375
aizy,CounterTerrorist,2269.758,460.871,138.2173,HE,100,100,-34.66882,-242.5347,0,False,True,True,261.9141,2.109375
aizy,CounterTerrorist,2268.675,453.2918,137.7152,HE,100,100,-34.65242,-242.537,0,False,True,True,261.9141,2.109375
aizy,CounterTerrorist,2267.593,445.7124,137.213,HE,100,100,-34.61293,-242.5427,0,False,True,True,261.9141,1.757813
aizy,CounterTerrorist,2266.513,438.1327,136.7105,HE,100,100,-34.53476,-242.5538,0,False,True,True,261.9141,1.757813
aizy,CounterTerrorist,2265.435,430.5528,136.2077,HE,100,100,-34.50432,-242.5581,0,False,True,True,261.9141,1.757813
aizy,CounterTerrorist,2264.356,422.9729,135.7049,HE,100,100,-34.53104,-242.5543,0,False,True,True,261.9141,2.109375
aizy,CounterTerrorist,2263.276,415.3932,135.2023,HE,100,100,-34.55397,-242.5511,0,False,True,True,261.9141,2.109375
aizy,CounterTerrorist,2262.196,407.8135,134.6998,HE,100,100,-34.57365,-242.5483,0,False,True,True,261.9141,2.109375
aizy,CounterTerrorist,2261.115,400.2339,134.1974,HE,100,100,-34.59054,-242.5459,0,False,True,True,261.9141,2.109375
aizy,CounterTerrorist,2260.034,392.6544,133.695,HE,100,100,-34.60504,-242.5438,0,False,True,True,261.9141,2.109375
aizy,CounterTerrorist,2258.953,385.0749,133.1927,HE,100,100,-34.61748,-242.542,0,False,True,True,261.9141,2.109375
aizy,CounterTerrorist,2257.871,377.4955,132.6904,HE,100,100,-34.62816,-242.5405,0,False,True,True,261.9141,2.109375
aizy,CounterTerrorist,2256.789,369.9162,132.1882,HE,100,100,-34.63732,-242.5392,0,False,True,True,261.9141,2.109375
aizy,CounterTerrorist,2255.689,362.2194,131.6783,Knife,100,100,-35.3532,-247.4877,0,False,True,True,261.9141,2.109375
aizy,CounterTerrorist,2254.585,354.4854,131.1659,Knife,100,100,-35.35995,-247.4867,0,False,True,True,261.9141,2.109375
aizy,CounterTerrorist,2253.479,346.7515,130.8949,Knife,100,100,-35.36575,-247.4859,0,False,True,True,261.9141,2.109375
aizy,CounterTerrorist,2252.374,339.0176,130.752,Knife,100,100,-35.37072,-247.4851,0,False,True,True,261.9141,2.109375
aizy,CounterTerrorist,2251.268,331.2837,130.609,Knife,100,100,-35.37498,-247.4845,0,False,True,True,261.9141,2.109375
aizy,CounterTerrorist,2250.163,323.5498,130.4661,Knife,100,100,-35.37864,-247.484,0,False,True,True,261.9141,2.109375
aizy,CounterTerrorist,2249.057,315.8159,130.3231,Knife,100,100,-35.38179,-247.4836,0,False,True,True,261.9141,2.109375
aizy,CounterTerrorist,2247.952,308.0821,130.1801,Knife,100,100,-35.38449,-247.4832,0,False,True,True,261.9141,2.109375
aizy,CounterTerrorist,2246.846,300.3482,130.0371,Knife,100,100,-35.3868,-247.4828,0,False,True,True,261.9141,2.109375
aizy,CounterTerrorist,2245.741,292.6143,129.8941,Knife,100,100,-35.38879,-247.4826,0,False,True,True,261.9141,2.109375
aizy,CounterTerrorist,2244.635,284.8805,129.7512,Knife,100,100,-35.39049,-247.4823,0,False,True,True,261.9141,2.109375
aizy,CounterTerrorist,2243.529,277.1467,129.6084,Knife,100,100,-35.39195,-247.4821,0,False,True,True,261.9141,2.109375
aizy,CounterTerrorist,2242.423,269.4129,129.4656,Knife,100,100,-35.3932,-247.4819,0,False,True,True,261.9141,2.109375
aizy,CounterTerrorist,2241.316,261.6792,129.3229,Knife,100,100,-35.41507,-247.4788,0,False,True,True,261.9141,1.757813
aizy,CounterTerrorist,2240.207,253.9459,129.1806,Knife,100,100,-35.59252,-247.4534,0,False,True,True,261.5625,1.757813
aizy,CounterTerrorist,2239.087,246.2141,129.0403,Knife,100,100,-36.04692,-247.3876,0,False,True,True,260.8594,1.757813
aizy,CounterTerrorist,2237.946,238.4853,128.9036,Knife,100,100,-36.78488,-247.2789,0,False,True,True,260.5078,2.109375
aizy,CounterTerrorist,2236.777,230.7608,128.7721,Knife,100,100,-37.91195,-247.1086,0,False,True,True,259.1016,1.757813
aizy,CounterTerrorist,2235.536,223.0475,128.6535,Knife,100,100,-41.2327,-246.5763,0,False,True,True,254.5313,1.757813
aizy,CounterTerrorist,2234.121,215.3646,128.5665,Knife,100,100,-48.0909,-245.3309,0,False,True,True,248.5547,2.109375
aizy,CounterTerrorist,2232.482,207.7261,128.5202,Knife,100,100,-52.37206,-244.4528,0,False,True,True,243.9844,2.460938
aizy,CounterTerrorist,2231.243,200.0143,128.4013,Knife,100,100,-32.60363,-247.8649,0,False,True,True,241.1719,2.460938
aizy,CounterTerrorist,2230.476,192.2401,128.1979,Knife,100,100,-25.10111,-248.7367,0,False,True,True,239.7656,2.460938
aizy,CounterTerrorist,2229.344,184.5116,128.0597,Knife,100,100,-42.76888,-246.3145,0,False,True,True,237.3047,2.460938
aizy,CounterTerrorist,2227.675,176.8809,128.0189,Knife,100,100,-59.67447,-242.7735,0,False,True,True,234.1406,2.460938
aizy,CounterTerrorist,2225.499,169.3787,128.0716,Knife,100,100,-75.36108,-238.3709,0,False,True,True,232.0313,2.109375
aizy,CounterTerrorist,2222.868,162.0235,128.2094,Knife,100,100,-89.25766,-233.5232,0,False,True,True,230.9766,2.109375
aizy,CounterTerrorist,2219.835,154.8247,128.4238,Knife,100,100,-101.5091,-228.4642,0,False,True,True,229.9219,2.109375
aizy,CounterTerrorist,2216.458,147.7808,128.7047,Knife,100,100,-111.7777,-223.6196,0,False,True,True,229.9219,2.460938
aizy,CounterTerrorist,2212.795,140.8803,129.057,Knife,100,100,-120.2362,-219.1877,0,False,True,True,229.9219,2.460938
aizy,CounterTerrorist,2208.898,134.1094,129.474,Knife,100,100,-127.2052,-215.2181,0,False,True,True,229.9219,2.109375
aizy,CounterTerrorist,2204.828,127.449,129.7071,Knife,100,100,-130.4362,-212.2705,0,False,True,True,229.9219,2.109375
aizy,CounterTerrorist,2200.635,120.8568,128.67,Knife,100,100,-135.9927,-209.776,0,False,True,True,229.9219,2.109375
aizy,CounterTerrorist,2196.302,114.3568,127.6515,Knife,100,100,-140.1973,-206.9897,0,False,True,True,229.9219,2.109375
aizy,CounterTerrorist,2191.853,107.9349,126.6468,Knife,100,100,-143.5717,-204.6636,0,False,True,True,229.9219,2.109375
aizy,CounterTerrorist,2187.312,101.5778,125.6007,Knife,100,100,-146.281,-202.7359,0,False,True,True,229.9219,2.460938
aizy,CounterTerrorist,2182.701,95.27122,124.5637,Knife,100,100,-148.1833,-201.3497,0,False,True,True,230.9766,2.8125
aizy,CounterTerrorist,2178.06,88.9865,123.5307,Knife,100,100,-148.3878,-201.1991,0,False,True,True,234.8437,2.8125
aizy,CounterTerrorist,2173.452,82.67795,127.5845,Knife,100,100,-147.3122,-201.9879,286.3684,False,True,True,241.5234,3.164063
aizy,CounterTerrorist,2168.848,76.36581,136.1429,HE,100,100,-147.3122,-201.9879,261.3684,False,True,True,246.0938,3.515625
aizy,CounterTerrorist,2164.245,70.05368,143.92,HE,100,100,-147.3122,-201.9879,236.3684,False,True,True,246.4453,4.21875
aizy,CounterTerrorist,2159.641,63.74155,150.9159,HE,100,100,-147.3122,-201.9879,211.3684,False,True,True,241.875,5.625
aizy,CounterTerrorist,2154.715,57.63046,157.1306,HE,100,100,-166.0128,-190.055,186.3684,False,True,True,235.5469,6.328125
aizy,CounterTerrorist,2149.084,52.03359,162.564,HE,100,100,-189.0623,-171.7056,161.3684,False,True,True,228.8672,7.382813
aizy,CounterTerrorist,2142.868,46.95955,167.2162,HE,100,100,-204.8588,-156.382,136.3684,False,True,True,223.9453,8.4375
aizy,CounterTerrorist,2136.252,42.30913,171.0871,HE,100,100,-215.3024,-144.6896,111.3684,False,True,True,220.4297,8.789063
aizy,CounterTerrorist,2129.425,37.90731,174.1767,HE,100,100,-219.9342,-139.0691,86.36838,False,True,True,219.0234,9.140625
aizy,CounterTerrorist,2122.518,33.60322,176.4852,HE,100,100,-221.2354,-137.4397,61.36838,False,True,True,218.3203,9.492188
aizy,CounterTerrorist,2115.629,29.27681,178.0123,HE,100,100,-217.9948,-141.4615,36.36838,False,True,True,218.6719,9.140625
aizy,CounterTerrorist,2109.081,24.54055,178.7582,HE,100,100,-204.3044,-157.6114,11.36838,False,True,True,221.4844,9.492188
aizy,CounterTerrorist,2103.087,19.21647,178.7229,HE,100,100,-176.7488,-184.8419,-13.63162,False,True,True,226.4063,9.492188
aizy,CounterTerrorist,2098.613,12.52555,177.9063,HE,100,100,-131.3648,-223.5667,-38.63162,False,True,True,232.7344,9.140625
aizy,CounterTerrorist,2094.881,5.283255,176.3085,HE,100,100,-111.9293,-236.5877,-63.63162,False,True,True,238.0078,8.4375
aizy,CounterTerrorist,2091.65,-2.265096,173.9294,HE,100,100,-99.69218,-243.6251,0,False,True,True,241.1719,7.382813
aizy,CounterTerrorist,2089.327,-8.698885,177.1873,HE,100,100,-73.64021,-203.8953,278.2606,False,True,True,240.4688,6.328125
aizy,CounterTerrorist,2086.159,-14.55433,185.4923,HE,100,100,-118.0867,-177.0007,253.2606,False,True,True,237.6563,5.976563
aizy,CounterTerrorist,2081.779,-19.62946,193.0161,HE,100,100,-146.0616,-158.4209,228.2606,False,True,True,235.1953,5.976563
aizy,CounterTerrorist,2077.133,-24.52229,199.7585,HE,100,100,-149.8708,-155.7068,203.2606,False,True,True,234.1406,5.976563
aizy,CounterTerrorist,2072.42,-29.36708,205.7198,M4A4,100,100,-151.3629,-154.6129,178.2606,False,True,True,233.4375,5.976563
aizy,CounterTerrorist,2067.681,-34.19184,210.8998,M4A4,100,100,-151.6604,-154.3925,153.2606,False,True,True,233.4375,5.976563
aizy,CounterTerrorist,2062.942,-39.01661,215.2985,M4A4,100,100,-151.6604,-154.3925,128.2606,False,True,True,233.0859,6.328125
aizy,CounterTerrorist,2058.202,-43.84138,218.916,M4A4,100,100,-151.6604,-154.3925,103.2606,False,True,True,233.0859,6.679688
aizy,CounterTerrorist,2053.463,-48.66615,221.7523,M4A4,100,100,-151.6604,-154.3925,78.26059,False,True,True,232.7344,7.03125
aizy,CounterTerrorist,2048.724,-53.49092,223.8072,M4A4,100,100,-151.6604,-154.3925,53.26059,False,True,True,232.7344,7.03125
aizy,CounterTerrorist,2043.985,-58.31569,225.0809,M4A4,100,100,-151.6604,-154.3925,28.26059,False,True,True,232.7344,7.03125
aizy,CounterTerrorist,2039.245,-63.14045,225.5733,M4A4,100,100,-151.6604,-154.3925,3.26059,False,True,True,232.7344,7.03125
aizy,CounterTerrorist,2034.506,-67.96522,225.2845,M4A4,100,100,-151.6604,-154.3925,-21.73941,False,True,True,232.7344,7.03125
aizy,CounterTerrorist,2029.767,-72.78999,224.2144,M4A4,100,100,-151.6604,-154.3925,-46.73941,False,True,True,232.7344,7.03125
aizy,CounterTerrorist,2025.028,-77.61475,222.3631,M4A4,100,100,-151.6604,-154.3925,-71.73941,False,True,True,232.7344,7.03125
aizy,CounterTerrorist,2020.548,-82.17485,219.8692,M4A4,100,100,-135.2305,-137.6666,0,False,True,True,232.3828,7.03125
aizy,CounterTerrorist,2016.704,-86.08846,219.8692,M4A4,100,100,-116.0586,-118.1494,0,False,True,True,232.0313,7.03125
aizy,CounterTerrorist,2013.988,-90.26328,226.6542,M4A4,100,100,-78.08226,-140.7612,280.1184,False,True,True,229.9219,7.03125
aizy,CounterTerrorist,2011.548,-94.66209,235.0172,M4A4,100,100,-78.08226,-140.7612,255.1184,False,True,True,226.4063,7.03125
aizy,CounterTerrorist,2009.108,-99.06089,242.599,M4A4,100,100,-78.08226,-140.7612,230.1184,False,True,True,221.1328,7.382813
aizy,CounterTerrorist,2006.668,-103.4597,249.3996,HE,100,100,-78.08226,-140.7612,205.1184,False,True,True,216.211,7.382813
aizy,CounterTerrorist,2004.228,-107.8585,255.4188,HE,100,100,-78.08226,-140.7612,180.1184,False,True,True,213.3984,7.382813
aizy,CounterTerrorist,2001.788,-112.2573,260.6569,HE,100,100,-78.08226,-140.7612,155.1184,False,True,True,213.3984,7.382813
aizy,CounterTerrorist,1999.74,-112.9977,265.1136,HE,100,100,-56.54352,-3.702632,130.1184,False,True,True,213.3984,7.382813
aizy,CounterTerrorist,1998.166,-112.9977,268.7892,HE,100,100,-46.57186,0,105.1184,False,True,True,213.3984,7.382813
aizy,CounterTerrorist,1996.913,-112.9977,271.6835,HE,100,100,-36.17555,0,80.11838,False,True,True,213.3984,7.382813
aizy,CounterTerrorist,1995.993,-112.9977,273.7965,HE,100,100,-25.34573,0,55.11838,False,True,True,213.3984,7.382813
aizy,CounterTerrorist,1995.42,-112.9977,275.1283,HE,100,100,-14.07355,0,30.11838,False,True,True,213.3984,7.382813
aizy,CounterTerrorist,1995.208,-112.9977,275.6788,HE,100,100,-2.350141,0,5.118378,False,True,True,213.3984,7.382813
aizy,CounterTerrorist,1995.582,-112.9977,275.4481,HE,100,100,27.58629,0,-19.88162,False,True,True,213.3984,7.382813
aizy,CounterTerrorist,1996.917,-112.9977,274.4362,HE,100,100,48.22458,0,-44.88162,False,True,True,213.3984,7.382813
aizy,CounterTerrorist,1998.537,-112.9977,272.6429,HE,100,100,53.16192,0,-69.88162,False,True,True,213.3984,7.382813
aizy,CounterTerrorist,2000.225,-112.9996,270.0685,HE,100,100,54.34309,-0.2435257,-94.88162,False,True,True,213.3984,7.382813
aizy,CounterTerrorist,2001.928,-112.9996,266.7128,HE,100,100,54.58746,0,-119.8816,False,True,True,213.3984,7.382813
aizy,CounterTerrorist,2003.636,-112.9999,262.5758,HE,100,100,54.67106,0,-144.8816,False,True,True,213.3984,7.382813
aizy,CounterTerrorist,2004.979,-112.9999,257.6576,HE,100,100,35.96226,0,0,False,True,True,213.3984,7.382813
aizy,CounterTerrorist,2005.72,-112.9999,258.1945,HE,100,100,16.9118,0,273.77,False,True,True,213.3984,7.382813
aizy,CounterTerrorist,2006.06,-112.9999,266.3592,HE,100,100,7.21401,0,248.77,False,True,True,213.3984,7.382813
aizy,CounterTerrorist,2006.087,-112.9999,273.7426,HE,100,100,-2.995461,0,223.77,False,True,True,213.3984,7.382813
aizy,CounterTerrorist,2005.588,-112.9999,280.3448,HE,100,100,-30.61083,0,198.77,False,True,True,213.3984,7.382813
aizy,CounterTerrorist,2004.484,-112.9999,286.1657,HE,100,100,-35.83011,0,173.77,False,True,True,213.3984,7.382813
aizy,CounterTerrorist,2003.037,-112.9999,291.2054,HE,100,100,-50.77583,0,148.77,False,True,True,213.3984,7.382813
aizy,CounterTerrorist,2001.276,-113.139,293.0313,HE,100,100,-57.0531,-14.05574,0,False,True,True,213.3984,7.382813
aizy,CounterTerrorist,1999.524,-114.3157,293.0313,HE,100,100,-55.80191,-51.13119,0,False,True,True,213.3984,7.382813
aizy,CounterTerrorist,1997.774,-116.5589,293.0313,HE,100,100,-56.14262,-83.55619,0,False,True,True,213.3984,7.382813
aizy,CounterTerrorist,1996.013,-119.724,293.0313,HE,100,100,-56.43503,-111.3842,0,False,True,True,213.3984,7.382813
aizy,CounterTerrorist,1994.245,-123.6801,293.0313,HE,100,100,-56.68599,-135.2671,0,False,True,True,213.3984,7.382813
aizy,CounterTerrorist,1992.469,-128.3152,293.0313,HE,100,100,-56.90137,-155.764,0,False,True,True,213.3984,7.382813
aizy,CounterTerrorist,1990.687,-133.5329,293.0313,HE,100,100,-57.08621,-173.355,0,False,True,True,213.3984,7.382813
aizy,CounterTerrorist,1988.9,-139.2508,293.0313,HE,100,100,-57.24485,-188.4522,0,False,True,True,213.3984,7.382813
aizy,CounterTerrorist,1987.109,-145.3978,293.0313,HE,100,100,-57.381,-201.409,0,False,True,True,213.3984,7.382813
aizy,CounterTerrorist,1985.155,-151.7419,292.8848,HE,100,100,-64.22285,-202.5643,-15.625,False,True,True,213.3984,7.382813
aizy,CounterTerrorist,1982.892,-158.0187,292.0059,HE,100,100,-72.41905,-200.8595,-40.625,False,True,True,213.3984,7.382813
aizy,CounterTerrorist,1980.629,-164.2956,290.3457,HE,100,100,-72.41905,-200.8595,-65.625,False,True,True,213.3984,7.382813
aizy,CounterTerrorist,1977.778,-169.6699,287.9043,HE,100,100,-109.9677,-143.0827,-90.625,False,True,True,213.0469,7.382813
aizy,CounterTerrorist,1973.373,-172.6396,284.6816,HE,100,100,-159.2331,-66.65487,-115.625,False,True,True,212.6953,7.03125
aizy,CounterTerrorist,1968.38,-174.6954,280.6777,HE,100,100,-160.1769,-65.16461,-140.625,False,True,True,211.9922,6.679688
aizy,CounterTerrorist,1963.362,-176.713,275.8926,HE,100,100,-160.5919,-64.49828,-165.625,False,True,True,211.9922,6.328125
aizy,CounterTerrorist,1958.344,-178.7285,270.3262,HE,100,100,-160.5919,-64.49828,-190.625,False,True,True,211.9922,6.328125
aizy,CounterTerrorist,1953.325,-180.7441,263.9785,HE,100,100,-160.5919,-64.49828,-215.625,False,True,True,211.9922,6.328125
aizy,CounterTerrorist,1948.307,-182.7597,256.8496,HE,100,100,-160.5919,-64.49828,0,False,True,True,211.6406,6.328125
aizy,CounterTerrorist,1942.959,-184.3972,256.0313,HE,100,100,-177.0527,-45.21326,0,False,True,True,209.1797,5.273438
aizy,CounterTerrorist,1937.163,-185.4875,256.0313,HE,100,100,-190.0416,-33.36295,0,False,True,True,202.8516,4.570313
aizy,CounterTerrorist,1930.996,-186.6936,256.0313,HE,100,100,-201.6736,-40.97455,0,False,True,True,195.1172,4.21875
aizy,CounterTerrorist,1925.263,-187.8585,256.0313,HE,100,100,-173.082,-35.16553,0,False,True,True,192.6563,3.867188
aizy,CounterTerrorist,1920.343,-188.8582,256.0313,HE,100,100,-148.5439,-30.18006,0,False,True,True,192.6563,3.867188
aizy,CounterTerrorist,1916.572,-189.6293,256.0313,HE,100,100,-122.2021,-25.15228,0,False,True,True,192.6563,3.867188
aizy,CounterTerrorist,1912.692,-190.4352,256.0313,HE,100,100,-124.7149,-26.01826,0,False,True,True,192.6563,3.867188
aizy,CounterTerrorist,1908.795,-191.2533,256.0313,HE,100,100,-124.6625,-26.26815,0,False,True,True,192.6563,3.867188
aizy,CounterTerrorist,1904.9,-192.0784,256.0313,HE,100,100,-124.6172,-26.48234,0,False,True,True,192.6563,3.867188
aizy,CounterTerrorist,1901.007,-192.9096,256.0313,HE,100,100,-124.578,-26.66598,0,False,True,True,192.6563,3.867188
aizy,CounterTerrorist,1897.188,-193.9176,256.0313,HE,100,100,-119.9209,-37.65777,0,False,True,True,192.3047,3.515625
aizy,CounterTerrorist,1893.546,-195.3472,256.0313,HE,100,100,-114.638,-50.34702,0,False,True,True,191.9531,3.515625
aizy,CounterTerrorist,1890.149,-197.1548,256.0313,HE,100,100,-101.9587,-62.78772,0,False,True,True,190.8984,2.460938
aizy,CounterTerrorist,1887.327,-199.3607,256.0313,HE,100,100,-83.6537,-75.04058,0,False,True,True,190.1953,2.109375
aizy,CounterTerrorist,1885.023,-201.9155,256.0313,HE,100,100,-68.07492,-85.5799,0,False,True,True,189.8437,2.109375
aizy,CounterTerrorist,1883.162,-204.7699,256.0313,HE,100,100,-54.70763,-94.62554,0,False,True,True,189.8437,2.109375
aizy,CounterTerrorist,1881.681,-207.8815,256.0313,HE,100,100,-43.23545,-102.3888,0,False,True,True,189.8437,2.109375
aizy,CounterTerrorist,1880.526,-211.2138,256.0313,HE,100,100,-33.38968,-109.0514,0,False,True,True,189.8437,2.109375
aizy,CounterTerrorist,1879.65,-214.7354,256.0313,HE,100,100,-24.943,-114.77,0,False,True,True,189.8437,2.109375
aizy,CounterTerrorist,1879.291,-218.2452,256.0313,HE,100,100,-3.856077,-110.921,0,False,True,True,189.4922,2.109375
aizy,CounterTerrorist,1879.574,-221.4533,256.0313,HE,100,100,17.02993,-95.45184,0,False,True,True,189.4922,2.109375
aizy,CounterTerrorist,1880.481,-224.0975,256.0313,HE,100,100,35.8334,-78.43527,0,False,True,True,189.1406,1.757813
aizy,CounterTerrorist,1881.922,-226.2578,256.0313,HE,100,100,51.96955,-63.82184,0,False,True,True,189.4922,1.757813
aizy,CounterTerrorist,1883.814,-227.9838,256.0313,HE,100,100,64.81395,-48.87102,0,False,True,True,189.1406,1.757813
aizy,CounterTerrorist,1885.905,-229.0253,256.0313,HE,100,100,68.12524,-24.45779,0,False,True,True,189.1406,1.40625
aizy,CounterTerrorist,1887.843,-229.0985,256.0313,HE,100,100,55.17072,13.74634,0,False,True,True,189.4922,1.40625
aizy,CounterTerrorist,1889.231,-227.9333,256.0313,HE,100,100,38.45248,50.53673,0,False,True,True,189.4922,1.40625
aizy,CounterTerrorist,1890.179,-225.7168,256.0313,HE,100,100,25.86551,82.79597,0,False,True,True,189.4922,1.054688
aizy,CounterTerrorist,1890.78,-222.5677,256.0313,HE,100,100,15.44858,111.0147,0,False,True,True,189.4922,1.054688
aizy,CounterTerrorist,1891.166,-219.0996,256.0313,HE,100,100,11.67168,104.7009,0,False,True,True,189.4922,1.054688
aizy,CounterTerrorist,1891.631,-216.9216,256.0313,HE,100,100,16.62893,49.51823,0,False,True,True,189.4922,0.703125
aizy,CounterTerrorist,1892.187,-216.3881,256.0313,HE,100,100,17.49585,-1.570914,0,False,True,True,189.4922,0.703125
aizy,CounterTerrorist,1892.697,-217.1622,256.0313,HE,100,100,16.54677,-37.24895,0,False,True,True,189.8437,0.3515625
aizy,CounterTerrorist,1893.275,-218.9471,256.0313,HE,100,100,19.88641,-68.96287,0,False,True,True,189.8437,0.3515625
aizy,CounterTerrorist,1893.975,-221.6993,256.0313,HE,100,100,23.85682,-99.02726,0,False,True,True,189.8437,0.3515625
aizy,CounterTerrorist,1894.789,-225.3095,256.0313,HE,100,100,27.29424,-124.9331,0,False,True,True,189.8437,0.3515625
aizy,CounterTerrorist,1895.701,-229.6562,256.0313,HE,100,100,30.24433,-147.1662,0,False,True,True,189.8437,0.3515625
aizy,CounterTerrorist,1896.696,-234.6349,256.0313,HE,100,100,32.77618,-166.2473,0,False,True,True,189.8437,0.3515625
aizy,CounterTerrorist,1897.599,-239.1901,256.0313,HE,100,100,24.52671,-121.5755,0,False,True,True,189.8437,0.3515625
aizy,CounterTerrorist,1898.16,-241.8512,256.0313,HE,100,100,14.22988,-64.39455,0,False,True,True,189.8437,0.3515625
aizy,CounterTerrorist,1898.414,-242.8242,256.0313,HE,100,100,4.332777,-11.20807,0,False,True,True,189.8437,0.3515625
aizy,CounterTerrorist,1898.352,-242.3785,256.0313,HE,100,100,-4.480027,26.15026,0,False,True,True,189.8437,0.3515625
aizy,CounterTerrorist,1898.107,-240.9525,256.0313,HE,100,100,-9.826262,57.32009,0,False,True,True,189.8437,0.3515625
aizy,CounterTerrorist,1897.695,-238.5547,256.0313,HE,100,100,-15.2154,88.22086,0,False,True,True,189.8437,359.6484
aizy,CounterTerrorist,1897.337,-236.4824,256.0313,HE,100,100,-13.40595,77.89098,0,False,True,True,190.1953,359.6484
aizy,CounterTerrorist,1897.094,-235.0064,256.0313,HE,100,100,-1.444735,11.14835,0,False,True,True,190.5469,359.6484
aizy,CounterTerrorist,1897.181,-235.4526,256.0313,HE,100,100,4.87949,-26.07868,0,False,True,True,190.5469,359.2969
aizy,CounterTerrorist,1897.434,-236.7919,256.0313,HE,100,100,8.834821,-46.60741,0,False,True,True,190.8984,358.9453
aizy,CounterTerrorist,1897.508,-237.2107,256.0313,HE,100,100,-1.465348,6.526168,0,False,True,True,191.25,358.5938
aizy,CounterTerrorist,1897.344,-236.4005,256.0313,HE,100,100,-7.570443,37.5573,0,False,True,True,191.25,358.5938
aizy,CounterTerrorist,1896.985,-234.6214,256.0313,HE,100,100,-13.86166,68.55019,0,False,True,True,191.6016,358.5938
aizy,CounterTerrorist,1896.428,-231.8884,256.0313,HE,100,100,-20.11851,98.33892,0,False,True,True,191.9531,358.5938
aizy,CounterTerrorist,1895.689,-228.3038,256.0313,HE,100,100,-25.6977,124.0334,0,False,True,True,191.9531,358.5938
aizy,CounterTerrorist,1894.807,-224.071,256.0313,HE,100,100,-28.31226,135.5889,0,False,True,True,191.9531,358.5938
aizy,CounterTerrorist,1894.171,-221.005,256.0313,HE,100,100,-15.78278,76.74815,0,False,True,True,191.9531,358.5938
aizy,CounterTerrorist,1893.899,-219.6445,256.0313,HE,100,100,-4.515547,23.681,0,False,True,True,191.9531,358.5938
aizy,CounterTerrorist,1893.942,-219.8115,256.0313,HE,100,100,3.963649,-18.36834,0,False,True,True,191.9531,358.5938
aizy,CounterTerrorist,1894.195,-220.9894,256.0313,HE,100,100,10.60426,-49.28829,0,False,True,True,191.9531,358.5938
aizy,CounterTerrorist,1894.656,-223.1336,256.0313,HE,100,100,17.24836,-80.20749,0,False,True,True,191.9531,358.5938
aizy,CounterTerrorist,1895.316,-226.2023,256.0313,HE,100,100,23.31864,-108.4545,0,False,True,True,191.9531,358.5938
aizy,CounterTerrorist,1896.149,-230.0741,256.0313,HE,100,100,28.52834,-132.6969,0,False,True,True,191.9531,358.5938
aizy,CounterTerrorist,1897.13,-234.6349,256.0313,HE,100,100,33.01129,-153.4999,0,False,True,True,192.3047,358.2422
aizy,CounterTerrorist,1898.239,-239.7869,256.0313,HE,100,100,36.93963,-171.3361,0,False,True,True,192.3047,357.8906
aizy,CounterTerrorist,1899.183,-244.1792,256.0313,HE,100,100,24.99731,-116.8147,0,False,True,True,192.6563,357.5391
aizy,CounterTerrorist,1899.717,-246.713,256.0313,HE,100,100,12.58934,-60.71209,0,False,True,True,192.6563,357.1875
aizy,CounterTerrorist,1899.884,-247.5778,256.0313,HE,100,100,0.9985256,-7.846259,0,False,True,True,192.6563,357.1875
aizy,CounterTerrorist,1899.864,-247.5144,256.0313,HE,100,100,0,0,0,False,True,True,192.6563,357.1875
aizy,CounterTerrorist,1899.864,-247.5144,256.0313,HE,100,100,0,0,0,False,True,True,192.6563,357.1875
aizy,CounterTerrorist,1899.864,-247.5144,256.0313,HE,100,100,0,0,0,False,True,True,192.6563,357.1875
aizy,CounterTerrorist,1899.864,-247.5144,256.0313,HE,100,100,0,0,0,False,True,True,192.6563,357.1875
aizy,CounterTerrorist,1899.864,-247.5144,256.0313,HE,100,100,0,0,0,False,True,True,192.6563,356.8359
aizy,CounterTerrorist,1899.864,-247.5144,256.0313,HE,100,100,0,0,0,False,True,True,192.3047,356.8359
aizy,CounterTerrorist,1899.864,-247.5144,256.0313,HE,100,100,0,0,0,False,True,True,192.3047,356.8359
aizy,CounterTerrorist,1899.864,-247.5144,256.0313,HE,100,100,0,0,0,False,True,True,192.3047,356.8359
aizy,CounterTerrorist,1899.864,-247.5144,256.0313,HE,100,100,0,0,0,False,True,True,192.3047,356.4844
aizy,CounterTerrorist,1899.864,-247.5144,256.0313,HE,100,100,0,0,0,False,True,True,191.9531,356.4844
aizy,CounterTerrorist,1899.864,-247.5144,256.0313,HE,100,100,0,0,0,False,True,True,191.9531,356.4844
aizy,CounterTerrorist,1899.639,-247.5612,256.0313,HE,100,100,-18.23355,-3.798448,0,False,True,True,191.6016,356.1328
aizy,CounterTerrorist,1898.464,-247.8056,256.0313,HE,100,100,-49.19739,-10.23129,0,False,True,True,191.6016,356.1328
aizy,CounterTerrorist,1896.322,-248.2504,256.0313,HE,100,100,-80.16655,-16.63846,0,False,True,True,191.6016,356.1328
aizy,CounterTerrorist,1893.253,-248.887,256.0313,HE,100,100,-108.482,-22.4983,0,False,True,True,191.6016,356.1328
aizy,CounterTerrorist,1889.38,-249.6902,256.0313,HE,100,100,-132.7832,-27.52738,0,False,True,True,191.6016,356.1328
aizy,CounterTerrorist,1884.815,-250.6357,256.0313,HE,100,100,-153.6476,-31.8027,0,False,True,True,191.6016,355.7813
aizy,CounterTerrorist,1879.657,-251.7013,256.0313,HE,100,100,-171.5681,-35.4033,0,False,True,True,191.6016,355.7813
aizy,CounterTerrorist,1873.989,-252.8678,256.0313,HE,100,100,-186.9642,-38.41339,0,False,True,True,191.25,355.4297
aizy,CounterTerrorist,1867.883,-254.1188,256.0313,HE,100,100,-200.1855,-40.95744,0,False,True,True,191.25,355.4297
aizy,CounterTerrorist,1861.882,-255.3456,256.0313,HE,100,100,-181.1749,-37.03532,0,False,True,True,191.25,355.4297
aizy,CounterTerrorist,1856.814,-256.3819,256.0313,HE,100,100,-144.9811,-29.67134,0,False,True,True,191.25,355.4297
aizy,CounterTerrorist,1853.463,-257.0704,256.0313,M4A4,100,100,-86.38289,-17.81339,0,False,True,True,191.25,355.4297
aizy,CounterTerrorist,1851.748,-257.4277,256.0313,M4A4,100,100,-36.27888,-7.663704,0,False,True,True,191.25,355.4297
aizy,CounterTerrorist,1851.547,-257.4731,256.0313,M4A4,100,100,9.650508,1.940907,0,False,True,True,191.25,355.4297
aizy,CounterTerrorist,1852.387,-257.304,256.0313,M4A4,100,100,37.22125,7.496967,0,False,True,True,191.25,355.4297
aizy,CounterTerrorist,1853.99,-256.8167,256.0313,M4A4,100,100,56.44913,25.25692,0,False,True,True,191.6016,355.7813
aizy,CounterTerrorist,1855.984,-255.4899,256.0313,M4A4,100,100,68.26634,52.40955,0,False,True,True,191.6016,355.7813
aizy,CounterTerrorist,1858.331,-253.3808,256.0313,M4A4,100,100,79.00929,76.09099,0,False,True,True,191.6016,356.1328
aizy,CounterTerrorist,1860.919,-250.6845,256.0313,M4A4,100,100,80.05104,85.32778,0,False,True,True,191.9531,356.4844
aizy,CounterTerrorist,1863.365,-247.9674,256.0313,M4A4,100,100,77.27013,87.854,0,False,True,True,192.3047,356.8359
aizy,CounterTerrorist,1865.733,-245.181,256.0313,M4A4,100,100,74.8891,89.89227,0,False,True,True,192.6563,357.1875
aizy,CounterTerrorist,1868.033,-242.3391,256.0313,M4A4,100,100,72.88477,91.52491,0,False,True,True,193.0078,357.5391
aizy,CounterTerrorist,1870.277,-239.4525,256.0313,M4A4,100,100,71.19427,92.84597,0,False,True,True,193.0078,357.8906
aizy,CounterTerrorist,1872.309,-236.4485,256.0313,M4A4,100,100,59.37293,99.04147,0,False,True,True,193.3594,357.8906
aizy,CounterTerrorist,1873.898,-233.2165,256.0313,M4A4,100,100,45.98349,105.9194,0,False,True,True,193.3594,358.2422
aizy,CounterTerrorist,1875.105,-229.7893,256.0313,M4A4,100,100,34.42545,111.8063,0,False,True,True,193.711,358.2422
aizy,CounterTerrorist,1875.97,-226.2382,256.0313,M4A4,100,100,23.84408,114.5446,0,False,True,True,194.0625,358.5938
aizy,CounterTerrorist,1876.534,-222.6265,256.0313,M4A4,100,100,14.71346,116.0712,0,False,True,True,194.4141,358.9453
aizy,CounterTerrorist,1876.838,-218.9835,256.0313,M4A4,100,100,6.893769,116.7967,0,False,True,True,194.7656,359.2969
aizy,CounterTerrorist,1876.953,-215.3293,256.0313,M4A4,100,100,4.488365,116.9139,0,False,True,True,195.4688,359.6484
aizy,CounterTerrorist,1877.286,-211.6891,256.0313,M4A4,100,100,14.08387,116.1492,0,False,True,True,195.8203,359.6484
aizy,CounterTerrorist,1877.882,-208.0826,256.0313,M4A4,100,100,21.90469,114.9312,0,False,True,True,196.1719,0
aizy,CounterTerrorist,1878.694,-204.5181,256.0313,M4A4,100,100,28.26734,113.5339,0,False,True,True,196.1719,0
aizy,CounterTerrorist,1879.682,-200.9978,256.0313,M4A4,100,100,33.44257,112.1187,0,False,True,True,196.1719,0
aizy,CounterTerrorist,1880.835,-197.5382,256.0313,M4A4,100,100,40.76709,108.5238,0,False,True,True,196.1719,0
aizy,CounterTerrorist,1882.405,-194.3335,256.0313,M4A4,100,100,55.63331,99.14535,0,False,True,True,196.1719,0
aizy,CounterTerrorist,1884.398,-191.3954,256.0313,M4A4,100,100,68.39192,91.09651,0,False,True,True,196.1719,0
aizy,CounterTerrorist,1886.753,-188.6862,256.0313,M4A4,100,100,79.34174,84.18877,0,False,True,True,196.1719,0
aizy,CounterTerrorist,1889.408,-186.1834,256.0313,M4A4,100,100,87.75835,77.37875,0,False,True,True,196.1719,0
aizy,CounterTerrorist,1892.271,-183.991,256.0313,M4A4,100,100,93.89718,62.98705,0,False,True,True,196.1719,0
aizy,CounterTerrorist,1895.315,-182.4064,256.0313,M4A4,100,100,99.43174,43.70618,0,False,True,True,196.1719,0
aizy,CounterTerrorist,1898.517,-181.37,256.0313,M4A4,100,100,104.1817,27.15877,0,False,True,True,196.1719,0
aizy,CounterTerrorist,1901.854,-180.8039,256.0313,M4A4,100,100,108.2582,12.95731,0,False,True,True,196.1719,0
aizy,CounterTerrorist,1905.307,-180.6416,256.0313,M4A4,100,100,111.7568,0.7692108,0,False,True,True,196.1719,0
aizy,CounterTerrorist,1908.859,-180.8258,256.0313,M4A4,100,100,114.7593,-9.690963,0,False,True,True,196.1719,0
aizy,CounterTerrorist,1912.475,-181.3042,256.0313,M4A4,100,100,115.5449,-18.39475,0,False,True,True,196.1719,0
aizy,CounterTerrorist,1916.093,-181.8252,256.0313,M4A4,100,100,116.2558,-13.17522,0,False,True,True,196.1719,0
aizy,CounterTerrorist,1919.74,-182.0747,256.0313,M4A4,100,100,116.8908,-5.052792,0,False,True,True,196.1719,0.3515625
aizy,CounterTerrorist,1923.396,-182.0978,256.0313,M4A4,100,100,116.9878,1.691534,0,False,True,True,196.1719,0.3515625
aizy,CounterTerrorist,1927.048,-181.9335,256.0313,M4A4,100,100,116.7743,7.26331,0,False,True,True,196.1719,0.3515625
aizy,CounterTerrorist,1930.69,-181.6148,256.0313,M4A4,100,100,116.3986,11.84733,0,False,True,True,196.1719,0.3515625
aizy,CounterTerrorist,1934.319,-181.1692,256.0313,M4A4,100,100,115.9541,15.60948,0,False,True,True,196.1719,0.3515625
aizy,CounterTerrorist,1937.934,-180.6212,256.0313,M4A4,100,100,115.5132,18.59274,0,False,True,True,196.1719,0.3515625
aizy,CounterTerrorist,1941.536,-179.9935,256.0313,M4A4,100,100,115.1148,20.91861,0,False,True,True,196.1719,0.3515625
aizy,CounterTerrorist,1945.126,-179.3024,256.0313,M4A4,100,100,114.7601,22.78394,0,False,True,True,196.1719,0.3515625
aizy,CounterTerrorist,1948.706,-178.5599,256.0313,M4A4,100,100,114.4469,24.30878,0,False,True,True,196.1719,0.3515625
aizy,CounterTerrorist,1952.277,-177.775,256.0313,M4A4,100,100,114.1712,25.57196,0,False,True,True,196.1719,0.3515625
aizy,CounterTerrorist,1955.84,-176.9548,256.0313,M4A4,100,100,113.9295,26.62826,0,False,True,True,196.1719,0.3515625
aizy,CounterTerrorist,1959.396,-176.1049,256.0313,M4A4,100,100,113.718,27.51758,0,False,True,True,196.1719,0.3515625
aizy,CounterTerrorist,1962.946,-175.23,256.0313,M4A4,100,100,113.5333,28.26997,0,False,True,True,196.1719,0.3515625
aizy,CounterTerrorist,1966.491,-174.3339,256.0313,M4A4,100,100,113.3723,28.90883,0,False,True,True,196.1719,0.3515625
aizy,CounterTerrorist,1970.066,-173.6009,256.0313,M4A4,100,100,115.4588,17.99587,0,False,True,True,196.1719,0.3515625
aizy,CounterTerrorist,1973.708,-173.2966,256.0313,M4A4,100,100,116.8921,5.024529,0,False,True,True,196.1719,0.3515625
aizy,CounterTerrorist,1977.363,-173.3594,256.0313,M4A4,100,100,116.8466,-5.989573,0,False,True,True,196.1719,0.3515625
aizy,CounterTerrorist,1980.999,-173.7302,256.0313,M4A4,100,100,116.0112,-15.17896,0,False,True,True,196.1719,0.3515625
aizy,CounterTerrorist,1984.601,-174.3572,256.0313,M4A4,100,100,114.7529,-22.82049,0,False,True,True,195.8203,0.3515625
aizy,CounterTerrorist,1988.159,-175.1971,256.0313,M4A4,100,100,113.3084,-29.15808,0,False,True,True,195.8203,0.3515625
aizy,CounterTerrorist,1991.671,-176.2124,256.0313,M4A4,100,100,111.8425,-34.35473,0,False,True,True,195.8203,0.3515625
aizy,CounterTerrorist,1995.139,-177.371,256.0313,M4A4,100,100,110.4485,-38.60219,0,False,True,True,195.4688,0.3515625
aizy,CounterTerrorist,1998.565,-178.6467,256.0313,M4A4,100,100,109.1762,-42.06607,0,False,True,True,195.4688,0.3515625
aizy,CounterTerrorist,2001.967,-179.9859,256.0313,M4A4,100,100,109.6081,-40.92749,0,False,True,True,195.4688,0.3515625
aizy,CounterTerrorist,2005.47,-181.0274,256.0313,M4A4,100,100,113.3523,-28.98717,0,False,True,True,195.1172,0.703125
aizy,CounterTerrorist,2009.056,-181.7354,256.0313,M4A4,100,100,115.4167,-19.18301,0,False,True,True,192.6563,1.40625
aizy,CounterTerrorist,2012.683,-182.1939,256.0313,M4A4,100,100,116.3431,-12.38074,0,False,True,True,187.7344,2.8125
aizy,CounterTerrorist,2016.325,-182.5201,260.6034,M4A4,100,100,116.5551,-10.19297,286.3684,False,True,True,182.4609,3.867188
aizy,CounterTerrorist,2019.968,-182.8386,269.1617,M4A4,100,100,116.5551,-10.19297,261.3684,False,True,True,178.2422,4.570313
aizy,CounterTerrorist,2023.61,-183.1572,276.9388,M4A4,100,100,116.5551,-10.19297,236.3684,False,True,True,176.8359,5.273438
aizy,CounterTerrorist,2027.253,-183.4757,292.9347,M4A4,100,100,116.5551,-10.19297,211.3684,False,True,True,176.8359,5.273438
aizy,CounterTerrorist,2030.895,-183.7943,299.1493,M4A4,100,100,116.5551,-10.19297,186.3684,False,True,True,176.8359,5.273438
aizy,CounterTerrorist,2034.538,-184.1128,304.5826,M4A4,100,100,116.5551,-10.19297,161.3684,False,True,True,176.8359,5.273438
aizy,CounterTerrorist,2038.157,-184.849,309.2347,M4A4,100,100,115.3602,-31.69353,136.3684,False,True,True,176.8359,5.273438
aizy,CounterTerrorist,2041.756,-185.939,313.1056,M4A4,100,100,115.1155,-36.10711,111.3684,False,True,True,176.8359,5.625
aizy,CounterTerrorist,2045.354,-187.0674,316.1952,M4A4,100,100,115.1155,-36.10711,86.36838,False,True,True,176.8359,5.976563
aizy,CounterTerrorist,2048.944,-188.293,318.5035,M4A4,100,100,114.6746,-41.35393,61.36838,False,True,True,173.6719,8.4375
aizy,CounterTerrorist,2052.528,-189.5853,320.0306,M4A4,100,100,114.6746,-41.35393,36.36838,False,True,True,168.3984,10.89844
aizy,CounterTerrorist,2056.112,-190.8776,320.7765,M4A4,100,100,114.6746,-41.35393,11.36838,False,True,True,163.125,11.95313
aizy,CounterTerrorist,2059.696,-192.1699,320.7411,M4A4,100,100,114.6746,-41.35393,-13.63162,False,True,True,159.6094,11.60156
aizy,CounterTerrorist,2063.28,-193.4622,310.9244,M4A4,100,100,114.6746,-41.35393,-38.63162,False,True,True,158.5547,10.89844
aizy,CounterTerrorist,2066.959,-194.516,309.3265,M4A4,100,100,122.8718,-21.00548,-63.63162,False,True,True,157.8516,9.84375
aizy,CounterTerrorist,2070.836,-195.0802,306.9474,M4A4,100,100,124.0715,-18.0543,-88.63162,False,True,True,157.5,9.140625
aizy,CounterTerrorist,2074.713,-195.6444,303.787,M4A4,100,100,124.0715,-18.0543,-113.6316,False,True,True,156.7969,9.140625
aizy,CounterTerrorist,2078.59,-196.2086,299.8453,M4A4,100,100,124.0715,-18.0543,-138.6316,False,True,True,155.7422,8.789063
aizy,CounterTerrorist,2082.259,-197.2213,295.1224,M4A4,100,100,106.2903,-56.31149,-163.6316,False,True,True,155.0391,9.140625
aizy,CounterTerrorist,2085.271,-199.6426,289.6183,M4A4,100,100,96.07094,-78.19166,-188.6316,False,True,True,154.6875,9.140625
aizy,CounterTerrorist,2088.272,-202.0876,283.3329,M4A4,100,100,96.01203,-78.31698,-213.6316,False,True,True,154.6875,9.140625
aizy,CounterTerrorist,2091.271,-204.5389,276.2662,M4A4,100,100,95.86395,-78.63009,-238.6316,False,True,True,154.6875,9.140625
aizy,CounterTerrorist,2092.969,-207.0039,268.4183,M4A4,100,100,0,-79.00557,-263.6316,False,True,True,154.3359,9.140625
aizy,CounterTerrorist,2092.969,-209.4728,259.7892,M4A4,100,100,0,-79.00557,-288.6316,False,True,True,153.9844,8.789063
aizy,CounterTerrorist,2092.854,-212.0397,256.0313,M4A4,100,100,-7.244525,-85.19389,0,False,True,True,153.6328,8.789063
aizy,CounterTerrorist,2092.463,-214.8154,256.0313,M4A4,100,100,-15.405,-90.08318,0,False,True,True,153.6328,8.789063
aizy,CounterTerrorist,2091.849,-217.6823,256.0313,M4A4,100,100,-22.04337,-92.72558,0,False,True,True,153.2813,8.4375
aizy,CounterTerrorist,2091.047,-220.6313,256.0313,M4A4,100,100,-27.74322,-95.35699,0,False,True,True,152.9297,7.734375
aizy,CounterTerrorist,2090.081,-223.6638,256.0313,M4A4,100,100,-32.75809,-98.06769,0,False,True,True,152.5781,7.734375
aizy,CounterTerrorist,2088.969,-226.7839,256.0313,M4A4,100,100,-37.18864,-100.9264,0,False,True,True,152.5781,7.03125
aizy,CounterTerrorist,2087.728,-229.9964,256.0313,M4A4,100,100,-41.18657,-103.9454,0,False,True,True,152.2266,6.679688
aizy,CounterTerrorist,2086.59,-232.8878,256.0313,M4A4,100,100,-28.59964,-76.26957,0,False,True,True,152.2266,6.328125
aizy,CounterTerrorist,2086.129,-234.3759,256.0313,M4A4,100,100,-6.63658,-30.51909,0,False,True,True,152.2266,6.328125
aizy,CounterTerrorist,2086.58,-234.8138,256.0313,M4A4,100,100,25.88594,-6.696546,0,False,True,True,152.2266,6.328125
aizy,CounterTerrorist,2087.907,-234.7678,256.0313,M4A4,100,100,52.33796,5.784512,0,False,True,True,152.2266,6.328125
aizy,CounterTerrorist,2090.004,-234.9501,256.0313,M4A4,100,100,75.99104,-12.38425,0,False,True,True,152.2266,6.328125
aizy,CounterTerrorist,2092.82,-235.6466,256.0313,M4A4,100,100,98.16232,-27.9377,0,False,True,True,152.2266,6.328125
aizy,CounterTerrorist,2092.991,-236.9528,256.0313,M4A4,100,100,0,-46.72725,0,False,True,True,152.2266,6.328125
aizy,CounterTerrorist,2092.991,-238.6178,256.0313,M4A4,100,100,0,-57.20879,0,False,True,True,152.2266,5.976563
aizy,CounterTerrorist,2092.991,-240.6091,256.0313,M4A4,100,100,0,-67.60475,0,False,True,True,153.6328,5.976563
aizy,CounterTerrorist,2092.991,-243.009,256.0313,M4A4,100,100,0,-85.26128,0,False,True,True,156.7969,5.273438
aizy,CounterTerrorist,2092.991,-246.1159,256.0313,M4A4,100,100,0,-107.4321,0,False,True,True,158.5547,4.921875
aizy,CounterTerrorist,2092.991,-249.8469,256.0313,M4A4,100,100,0,-126.1934,0,False,True,True,159.2578,4.570313
aizy,CounterTerrorist,2092.991,-253.5024,256.0313,M4A4,100,100,0,-116.9772,0,False,True,True,159.2578,4.570313
aizy,CounterTerrorist,2092.991,-257.158,256.0313,M4A4,100,100,0,-116.978,0,False,True,True,158.5547,4.21875
aizy,CounterTerrorist,2092.991,-260.8136,256.0313,M4A4,100,100,0,-116.9792,0,False,True,True,157.8516,4.21875
aizy,CounterTerrorist,2092.991,-264.4692,256.0313,M4A4,100,100,0,-116.9804,0,False,True,True,157.1484,4.21875
aizy,CounterTerrorist,2092.991,-268.1249,256.0313,M4A4,100,100,0,-116.9815,0,False,True,True,156.7969,4.21875
aizy,CounterTerrorist,2092.991,-271.7805,258.3417,M4A4,100,100,0,-116.9823,292.6184,False,True,True,155.7422,4.21875
aizy,CounterTerrorist,2092.991,-275.4362,267.0954,M4A4,100,100,0,-116.9823,267.6184,False,True,True,155.0391,4.21875
aizy,CounterTerrorist,2092.991,-279.0918,275.0678,M4A4,100,100,0,-116.9823,242.6184,False,True,True,154.3359,4.570313
aizy,CounterTerrorist,2092.991,-282.7474,282.259,M4A4,100,100,0,-116.9823,217.6184,False,True,True,153.2813,5.273438
aizy,CounterTerrorist,2092.991,-286.0598,288.6689,M4A4,100,100,0,-99.43017,192.6184,False,True,True,152.5781,6.328125
aizy,CounterTerrorist,2093.048,-288.4102,294.2975,M4A4,100,100,7.285051,-55.25124,167.6184,False,True,True,151.5234,7.382813
aizy,CounterTerrorist,2093.871,-289.075,299.145,M4A4,100,100,38.05179,-0.676446,142.6184,False,True,True,150.1172,9.140625
aizy,CounterTerrorist,2095.24,-288.7847,303.2111,M4A4,100,100,43.82288,9.288754,117.6184,False,True,True,149.4141,10.54688
aizy,CounterTerrorist,2096.609,-288.4944,306.496,M4A4,100,100,43.82288,9.288754,92.61838,False,True,True,149.0625,11.25
aizy,CounterTerrorist,2097.978,-288.2041,308.9997,M4A4,100,100,43.82288,9.288754,67.61838,False,True,True,149.0625,11.25
aizy,CounterTerrorist,2099.347,-287.9138,310.7221,M4A4,100,100,43.82288,9.288754,42.61838,False,True,True,149.0625,11.25
aizy,CounterTerrorist,2100.717,-287.6236,311.6633,M4A4,100,100,43.82288,9.288754,17.61838,False,True,True,149.7656,11.25
aizy,CounterTerrorist,2102.093,-287.3216,311.8232,M4A4,100,100,44.20106,9.964454,-7.381622,False,True,True,151.1719,11.25
aizy,CounterTerrorist,2103.482,-286.9943,311.2018,M4A4,100,100,44.64348,10.8053,-32.38162,False,True,True,152.9297,10.89844
aizy,CounterTerrorist,2104.886,-286.64,309.7993,M4A4,100,100,45.04639,11.6229,-57.38162,False,True,True,154.3359,10.89844
aizy,CounterTerrorist,2106.121,-285.7872,307.6154,M4A4,100,100,33.84975,42.73459,-82.38162,False,True,True,155.3906,10.54688
aizy,CounterTerrorist,2107.159,-284.3988,304.6503,M4A4,100,100,33.19484,44.4974,-107.3816,False,True,True,155.3906,10.54688
aizy,CounterTerrorist,2108.196,-283.0071,300.904,M4A4,100,100,33.16637,44.573,-132.3816,False,True,True,155.7422,10.19531
aizy,CounterTerrorist,2109.229,-281.6073,296.3764,M4A4,100,100,33.00154,45.0017,-157.3816,False,True,True,156.0938,9.84375
aizy,CounterTerrorist,2110.17,-280.1239,293.0313,M4A4,100,100,25.47468,51.14878,0,False,True,True,157.5,9.140625
aizy,CounterTerrorist,2110.706,-278.3203,293.0313,M4A4,100,100,12.44194,61.47914,0,False,True,True,159.2578,8.085938
aizy,CounterTerrorist,2110.874,-276.2137,293.0313,M4A4,100,100,1.337067,70.91702,0,False,True,True,160.6641,7.734375
aizy,CounterTerrorist,2110.76,-273.8159,293.0313,M4A4,100,100,-3.815284,80.29064,0,False,True,True,160.6641,7.734375
aizy,CounterTerrorist,2110.793,-271.1292,293.0313,M4A4,100,100,3.781965,89.21889,0,False,True,True,161.0156,7.734375
aizy,CounterTerrorist,2111.039,-268.1881,293.0313,M4A4,100,100,10.20835,96.91367,0,False,True,True,161.3672,7.734375
aizy,CounterTerrorist,2111.463,-265.0266,293.0313,M4A4,100,100,15.44088,103.6118,0,False,True,True,162.4219,7.382813
aizy,CounterTerrorist,2112.026,-261.6713,293.0313,M4A4,100,100,19.38955,109.5294,0,False,True,True,163.8281,7.382813
aizy,CounterTerrorist,2112.691,-258.1452,293.0313,M4A4,100,100,22.34309,114.7331,0,False,True,True,164.8828,7.382813
aizy,CounterTerrorist,2113.411,-254.5605,293.0313,M4A4,100,100,23.35949,114.6444,0,False,True,True,165.9375,7.382813
aizy,CounterTerrorist,2114.151,-250.9799,293.0313,M4A4,100,100,23.80507,114.5527,0,False,True,True,167.3438,7.382813
aizy,CounterTerrorist,2114.896,-247.4004,293.0313,M4A4,100,100,23.81677,114.5503,0,False,True,True,168.75,7.382813
aizy,CounterTerrorist,2115.636,-243.8198,293.0313,M4A4,100,100,23.57739,114.5998,0,False,True,True,169.4531,7.382813
aizy,CounterTerrorist,2116.366,-240.2371,293.0313,M4A4,100,100,23.17314,114.6822,0,False,True,True,170.1563,7.382813
aizy,CounterTerrorist,2117.079,-236.651,293.0313,M4A4,100,100,22.58077,114.8003,0,False,True,True,170.8594,7.382813
aizy,CounterTerrorist,2117.769,-233.0604,293.0313,M4A4,100,100,21.73817,114.9628,0,False,True,True,172.2656,7.382813
aizy,CounterTerrorist,2118.428,-229.4641,293.0313,M4A4,100,100,20.69445,115.1553,0,False,True,True,172.9688,7.382813
aizy,CounterTerrorist,2119.053,-225.8617,293.0313,M4A4,100,100,19.56272,115.3529,0,False,True,True,174.0234,7.382813
aizy,CounterTerrorist,2119.64,-222.2529,293.0313,M4A4,100,100,18.30888,115.5586,0,False,True,True,175.0781,7.382813
aizy,CounterTerrorist,2120.184,-218.6374,293.0313,M4A4,100,100,16.83048,115.7831,0,False,True,True,176.1328,7.382813
aizy,CounterTerrorist,2120.677,-215.0145,293.0313,M4A4,100,100,15.11405,116.0197,0,False,True,True,177.5391,7.382813
aizy,CounterTerrorist,2121.114,-211.3845,293.0313,M4A4,100,100,13.27433,116.2445,0,False,True,True,178.5938,7.03125
aizy,CounterTerrorist,2121.493,-207.748,293.0313,M4A4,100,100,11.46301,116.4371,0,False,True,True,179.2969,7.03125
aizy,CounterTerrorist,2121.816,-204.1061,293.0313,M4A4,100,100,9.682965,116.5986,0,False,True,True,180.3516,6.679688
aizy,CounterTerrorist,2122.083,-200.4596,293.0313,M4A4,100,100,7.822992,116.7382,0,False,True,True,181.7578,7.03125
aizy,CounterTerrorist,2122.286,-196.8091,293.0313,M4A4,100,100,5.698294,116.8612,0,False,True,True,183.1641,7.03125
aizy,CounterTerrorist,2122.419,-193.1553,293.0313,M4A4,100,100,3.403178,116.9505,0,False,True,True,184.2188,7.03125
aizy,CounterTerrorist,2122.487,-189.4997,293.0313,M4A4,100,100,1.472031,116.9907,0,False,True,True,184.2188,7.03125
aizy,CounterTerrorist,2122.501,-185.8435,293.0313,M4A4,100,100,-0.1095037,116.9999,0,False,True,True,184.2188,7.03125
aizy,CounterTerrorist,2122.471,-182.1874,293.0313,M4A4,100,100,-1.421836,116.9913,0,False,True,True,184.2188,7.03125
aizy,CounterTerrorist,2122.405,-178.5318,293.0313,M4A4,100,100,-2.520904,116.9728,0,False,True,True,184.2188,7.03125
aizy,CounterTerrorist,2122.308,-174.8768,293.0313,M4A4,100,100,-3.452955,116.949,0,False,True,True,184.2188,7.03125
aizy,CounterTerrorist,2122.166,-171.5561,293.0313,M4A4,100,100,-8.629259,99.87303,0,False,True,True,184.9219,7.03125
aizy,CounterTerrorist,2121.51,-168.7854,293.0313,M4A4,100,100,-26.78678,79.91365,0,False,True,True,185.2734,7.03125
aizy,CounterTerrorist,2120.478,-166.8474,293.0313,M4A4,100,100,-36.43818,51.64111,0,False,True,True,185.9766,7.03125
aizy,CounterTerrorist,2119.008,-165.9849,293.0313,M4A4,100,100,-52.74975,13.9085,0,False,True,True,185.9766,7.03125
aizy,CounterTerrorist,2117.094,-166.1729,293.0313,M4A4,100,100,-66.33833,-17.1978,0,False,True,True,185.9766,7.03125
aizy,CounterTerrorist,2114.751,-167.2366,293.0313,M4A4,100,100,-80.0269,-43.67816,0,False,True,True,185.9766,7.03125
aizy,CounterTerrorist,2112.068,-169.0718,293.0313,M4A4,100,100,-84.79218,-68.59158,0,False,True,True,185.9766,7.03125
aizy,CounterTerrorist,2109.717,-171.5693,293.0313,M4A4,100,100,-70.06714,-83.9298,0,False,True,True,185.9766,7.03125
aizy,CounterTerrorist,2107.771,-174.3808,293.0313,M4A4,100,100,-57.82721,-93.40891,0,False,True,True,185.9766,7.03125
aizy,CounterTerrorist,2106.172,-177.4617,293.0313,M4A4,100,100,-47.32255,-101.5441,0,False,True,True,185.9766,7.03125
aizy,CounterTerrorist,2104.873,-180.7739,293.0313,M4A4,100,100,-38.30715,-108.526,0,False,True,True,185.9766,7.03125
aizy,CounterTerrorist,2103.833,-184.2679,293.0313,M4A4,100,100,-30.28106,-113.0135,0,False,True,True,185.625,7.03125
aizy,CounterTerrorist,2103.022,-187.8327,293.0313,M4A4,100,100,-23.60486,-114.5941,0,False,True,True,183.1641,7.382813
aizy,CounterTerrorist,2102.376,-191.4312,293.0313,M4A4,100,100,-19.19825,-115.4141,0,False,True,True,179.2969,8.085938
aizy,CounterTerrorist,2101.829,-195.0463,293.0313,M4A4,100,100,-16.6232,-115.8131,0,False,True,True,177.8906,8.085938
aizy,CounterTerrorist,2101.555,-197.7583,293.0313,M4A4,100,100,-7.331768,-115.5417,0,False,True,True,177.8906,8.085938
aizy,CounterTerrorist,2101.731,-202.2535,293.0313,M4A4,100,100,11.88351,-114.7878,0,False,True,True,177.8906,8.085938
aizy,CounterTerrorist,2102.36,-205.8305,293.0313,M4A4,100,100,24.81958,-114.2802,0,False,True,True,177.8906,8.085938
aizy,CounterTerrorist,2103.345,-209.3504,293.0313,M4A4,100,100,35.27039,-111.5572,0,False,True,True,177.8906,8.085938
aizy,CounterTerrorist,2104.617,-212.7775,293.0313,M4A4,100,100,43.7082,-108.5292,0,False,True,True,177.5391,8.085938
aizy,CounterTerrorist,2106.111,-216.1137,293.0313,M4A4,100,100,50.03432,-105.7618,0,False,True,True,175.4297,8.085938
aizy,CounterTerrorist,2107.765,-219.3743,293.0313,M4A4,100,100,54.44905,-103.5582,0,False,True,True,172.9688,7.734375
aizy,CounterTerrorist,2109.525,-222.5788,293.0313,M4A4,100,100,57.22927,-102.0481,0,False,True,True,170.8594,7.734375
aizy,CounterTerrorist,2110.885,-224.9601,293.0313,M4A4,100,100,58.34378,-101.415,0,False,True,True,169.1016,7.734375
aizy,CounterTerrorist,2113.189,-228.9073,293.0313,M4A4,100,100,59.29199,-100.8636,0,False,True,True,167.3438,7.734375
aizy,CounterTerrorist,2115.049,-232.055,293.0313,M4A4,100,100,59.63575,-100.6607,0,False,True,True,166.6406,7.734375
aizy,CounterTerrorist,2116.915,-235.1991,293.0313,M4A4,100,100,59.74805,-100.5941,0,False,True,True,165.9375,7.734375
aizy,CounterTerrorist,2118.782,-238.3428,293.0313,M4A4,100,100,59.71091,-100.6161,0,False,True,True,165.2344,7.734375
aizy,CounterTerrorist,2120.645,-241.489,293.0313,M4A4,100,100,59.52364,-100.727,0,False,True,True,164.5313,8.085938
aizy,CounterTerrorist,2122.497,-244.6413,293.0313,M4A4,100,100,59.09619,-100.9784,0,False,True,True,163.4766,8.085938
aizy,CounterTerrorist,2124.16,-247.8743,293.0313,M4A4,100,100,47.60199,-105.7808,0,False,True,True,162.0703,8.085938
aizy,CounterTerrorist,2125.378,-251.2876,293.0313,M4A4,100,100,34.02382,-111.1725,0,False,True,True,161.3672,8.4375
aizy,CounterTerrorist,2126.204,-254.8436,293.0313,M4A4,100,100,21.95737,-114.9212,0,False,True,True,160.6641,8.4375
aizy,CounterTerrorist,2126.677,-258.4678,293.0313,M4A4,100,100,11.28549,-116.4544,0,False,True,True,160.3125,8.085938
aizy,CounterTerrorist,2126.848,-262.1192,293.0313,M4A4,100,100,2.190278,-116.9795,0,False,True,True,159.9609,8.085938
aizy,CounterTerrorist,2126.764,-265.7739,293.0313,M4A4,100,100,-5.447061,-116.8731,0,False,True,True,159.6094,8.085938
aizy,CounterTerrorist,2126.467,-269.4177,293.0313,M4A4,100,100,-11.82931,-116.4005,0,False,True,True,159.6094,8.085938
aizy,CounterTerrorist,2125.99,-273.0424,293.0313,M4A4,100,100,-17.18075,-115.7317,0,False,True,True,159.2578,8.085938
aizy,CounterTerrorist,2125.378,-276.6121,293.0313,M4A4,100,100,-19.85254,-110.8488,0,False,True,True,158.9063,8.085938
aizy,CounterTerrorist,2124.97,-279.365,293.0313,M4A4,100,100,-9.147362,-75.13187,0,False,True,True,158.2031,8.085938
aizy,CounterTerrorist,2124.873,-281.0818,293.0313,M4A4,100,100,0.3798319,-42.83748,0,False,True,True,157.5,8.085938
aizy,CounterTerrorist,2125.036,-281.7928,293.0313,M4A4,100,100,7.584975,-10.80015,0,False,True,True,157.1484,8.085938
aizy,CounterTerrorist,2125.278,-281.6561,293.0313,M4A4,100,100,7.602448,10.50542,0,False,True,True,157.1484,8.085938
aizy,CounterTerrorist,2125.572,-281.1043,293.0313,M4A4,100,100,10.74656,21.79631,0,False,True,True,156.7969,7.734375
aizy,CounterTerrorist,2125.987,-280.2124,293.0313,M4A4,100,100,14.83072,32.56728,0,False,True,True,156.7969,7.734375
aizy,CounterTerrorist,2126.254,-279.6396,293.0313,M4A4,100,100,3.415235,6.661571,0,False,True,True,156.7969,7.734375
aizy,CounterTerrorist,2126.175,-279.8325,293.0313,M4A4,100,100,-4.489818,-10.51941,0,False,True,True,156.7969,7.734375
aizy,CounterTerrorist,2125.964,-280.327,293.0313,M4A4,100,100,-6.76503,-15.86811,0,False,True,True,156.7969,7.734375
aizy,CounterTerrorist,2125.838,-280.6208,293.0313,M4A4,100,100,-2.353054,-5.519341,0,False,True,True,156.7969,7.734375
aizy,CounterTerrorist,2125.829,-280.6437,293.0313,Flash,100,100,0,0,0,False,True,True,156.7969,7.734375
aizy,CounterTerrorist,2125.829,-280.6437,293.0313,Flash,100,100,0,0,0,False,True,True,156.7969,7.734375
aizy,CounterTerrorist,2125.829,-280.6437,293.0313,Flash,100,100,0,0,0,False,True,True,156.7969,7.734375
aizy,CounterTerrorist,2125.829,-280.6437,293.0313,Flash,100,100,0,0,0,False,True,True,156.7969,7.734375
aizy,CounterTerrorist,2125.829,-280.6437,293.0313,Flash,100,100,0,0,0,False,True,True,156.7969,7.734375
aizy,CounterTerrorist,2125.829,-280.6437,293.0313,Flash,100,100,0,0,0,False,True,True,156.7969,7.734375
aizy,CounterTerrorist,2125.829,-280.6437,293.0313,Smoke,100,100,0,0,0,False,True,True,156.7969,7.734375
aizy,CounterTerrorist,2125.829,-280.6437,293.0313,Smoke,100,100,0,0,0,False,True,True,156.7969,8.085938
aizy,CounterTerrorist,2125.829,-280.6437,293.0313,M4A4,100,100,0,0,0,False,True,True,156.4453,8.4375
aizy,CounterTerrorist,2125.829,-280.6437,293.0313,M4A4,100,100,0,0,0,False,True,True,156.4453,8.4375
aizy,CounterTerrorist,2125.829,-280.6437,293.0313,M4A4,100,100,0,0,0,False,True,True,156.4453,8.4375
aizy,CounterTerrorist,2125.829,-280.6437,293.0313,M4A4,100,100,0,0,0,False,True,True,156.4453,8.4375
aizy,CounterTerrorist,2125.829,-280.6437,293.0313,M4A4,100,100,0,0,0,False,True,True,156.4453,8.4375
aizy,CounterTerrorist,2125.829,-280.6437,293.0313,M4A4,100,100,0,0,0,False,True,True,156.4453,8.4375
aizy,CounterTerrorist,2125.748,-280.8276,293.0313,M4A4,100,100,-4.580538,-10.48022,0,False,True,True,156.4453,8.4375
aizy,CounterTerrorist,2125.515,-281.3609,293.0313,M4A4,100,100,-9.186106,-21.01772,0,False,True,True,156.4453,8.4375
aizy,CounterTerrorist,2125.138,-282.2235,293.0313,M4A4,100,100,-13.79167,-31.55521,0,False,True,True,156.4453,8.4375
aizy,CounterTerrorist,2124.617,-283.4155,293.0313,M4A4,100,100,-18.39724,-42.0927,0,False,True,True,156.4453,8.4375
aizy,CounterTerrorist,2123.952,-284.9367,293.0313,M4A4,100,100,-23.00281,-52.6302,0,False,True,True,156.4453,8.4375
aizy,CounterTerrorist,2123.144,-286.7872,293.0313,M4A4,100,100,-27.60838,-63.16769,0,False,True,True,156.4453,8.4375
aizy,CounterTerrorist,2122.191,-288.9663,293.0313,M4A4,100,100,-32.17546,-73.61714,0,False,True,True,156.4453,8.4375
aizy,CounterTerrorist,2121.388,-290.8037,293.0313,M4A4,100,100,-35.26998,-80.69737,0,False,True,True,156.4453,8.4375
aizy,CounterTerrorist,2119.904,-294.1996,293.0313,M4A4,100,100,-39.70062,-90.83466,0,False,True,True,156.4453,8.4375
aizy,CounterTerrorist,2118.604,-297.1741,293.0313,M4A4,100,100,-42.68341,-97.65926,0,False,True,True,156.4453,8.4375
aizy,CounterTerrorist,2117.219,-300.3425,293.0313,M4A4,100,100,-45.24333,-103.5163,0,False,True,True,156.4453,8.4375
aizy,CounterTerrorist,2115.766,-303.6655,293.0313,M4A4,100,100,-46.92873,-107.176,0,False,True,True,155.7422,8.789063
aizy,CounterTerrorist,2114.289,-307.0103,293.0313,M4A4,100,100,-47.54784,-106.9028,0,False,True,True,152.9297,8.789063
aizy,CounterTerrorist,2112.778,-310.3393,293.0313,M4A4,100,100,-48.9796,-106.2544,0,False,True,True,150.1172,9.140625
aizy,CounterTerrorist,2111.456,-313.2491,293.0313,M4A4,100,100,-35.98825,-81.80947,0,False,True,True,146.6016,9.140625
aizy,CounterTerrorist,2110.676,-315.2164,293.0313,M4A4,100,100,-18.50152,-51.98911,0,False,True,True,144.8438,9.140625
aizy,CounterTerrorist,2110.42,-316.2686,293.0313,M4A4,100,100,-2.274496,-22.61135,0,False,True,True,144.8438,9.140625
aizy,CounterTerrorist,2110.565,-316.4188,293.0313,M4A4,100,100,6.725905,4.299229,0,False,True,True,144.8438,9.140625
aizy,CounterTerrorist,2110.842,-316.1011,293.0313,M4A4,100,100,8.550994,10.46764,0,False,True,True,144.8438,9.140625
aizy,CounterTerrorist,2110.97,-315.9442,293.0313,M4A4,100,100,1.433772,1.755142,0,False,True,True,144.8438,9.140625
aizy,CounterTerrorist,2110.97,-315.9442,293.0313,M4A4,100,100,0,0,0,False,True,True,144.8438,9.140625
aizy,CounterTerrorist,2110.97,-315.9442,293.0313,M4A4,100,100,0,0,0,False,True,True,144.8438,9.140625
aizy,CounterTerrorist,2110.97,-315.9442,293.0313,M4A4,100,100,0,0,0,False,True,True,144.8438,9.140625
aizy,CounterTerrorist,2110.97,-315.9442,293.0313,M4A4,100,100,0,0,0,False,True,True,145.1953,9.140625
aizy,CounterTerrorist,2110.97,-315.9442,293.0313,M4A4,100,100,0,0,0,False,True,True,145.1953,8.789063
aizy,CounterTerrorist,2111.034,-315.8528,293.0313,M4A4,100,100,4.886173,7.03148,0,False,True,True,145.1953,8.789063
aizy,CounterTerrorist,2111.314,-315.4485,293.0313,M4A4,100,100,11.44637,16.47678,0,False,True,True,145.1953,8.789063
aizy,CounterTerrorist,2111.801,-314.7495,293.0313,M4A4,100,100,18.02457,25.90956,0,False,True,True,145.1953,9.140625
aizy,CounterTerrorist,2112.492,-313.7551,293.0313,M4A4,100,100,24.56609,35.36783,0,False,True,True,145.1953,9.140625
aizy,CounterTerrorist,2113.387,-312.4651,293.0313,M4A4,100,100,31.1077,44.82603,0,False,True,True,145.1953,9.140625
aizy,CounterTerrorist,2114.487,-310.8795,293.0313,M4A4,100,100,37.64505,54.28719,0,False,True,True,145.1953,9.140625
aizy,CounterTerrorist,2115.791,-308.9983,293.0313,M4A4,100,100,44.18507,63.74649,0,False,True,True,145.1953,9.140625
aizy,CounterTerrorist,2117.291,-306.8343,293.0313,M4A4,100,100,50.16043,72.38756,0,False,True,True,145.1953,9.140625
aizy,CounterTerrorist,2118.885,-304.5327,293.0313,M4A4,100,100,48.93011,70.6301,0,False,True,True,145.5469,9.140625
aizy,CounterTerrorist,2120.06,-302.3812,293.0313,M4A4,100,100,28.28006,69.66727,0,False,True,True,146.9531,9.140625
aizy,CounterTerrorist,2120.485,-300.2776,293.0313,M4A4,100,100,4.636178,62.2323,0,False,True,True,149.4141,9.140625
aizy,CounterTerrorist,2120.245,-298.3325,293.0313,M4A4,100,100,-14.68287,62.18789,0,False,True,True,151.1719,8.789063
aizy,CounterTerrorist,2119.459,-296.3871,293.0313,M4A4,100,100,-31.10229,62.39354,0,False,True,True,151.5234,8.789063
aizy,CounterTerrorist,2118.434,-294.5466,293.0313,M4A4,100,100,-30.74445,55.21218,0,False,True,True,151.5234,8.789063
aizy,CounterTerrorist,2117.58,-293.0132,293.0313,Smoke,100,100,-25.27131,45.38329,0,False,True,True,151.5234,8.789063
aizy,CounterTerrorist,2116.897,-291.7869,293.0313,Smoke,100,100,-19.79817,35.55439,0,False,True,True,151.5234,8.789063
aizy,CounterTerrorist,2116.386,-290.8678,293.0313,Smoke,100,100,-14.32503,25.7255,0,False,True,True,151.5234,8.789063
aizy,CounterTerrorist,2116.045,-290.2558,293.0313,Smoke,100,100,-8.85189,15.8966,0,False,True,True,151.5234,8.789063
aizy,CounterTerrorist,2115.875,-289.951,293.0313,Smoke,100,100,-3.378749,6.067701,0,False,True,True,151.5234,8.789063
aizy,CounterTerrorist,2115.854,-289.9138,293.0313,Smoke,100,100,0,0,0,False,True,True,151.5234,8.789063
aizy,CounterTerrorist,2115.854,-289.9138,293.0313,Smoke,100,100,0,0,0,False,True,True,151.5234,8.789063
aizy,CounterTerrorist,2116.003,-289.639,293.0313,Smoke,100,100,6.813176,12.58683,0,False,True,True,151.5234,8.789063
aizy,CounterTerrorist,2116.323,-289.0482,293.0313,Smoke,100,100,12.28752,22.70026,0,False,True,True,151.5234,8.789063
aizy,CounterTerrorist,2116.78,-288.1378,293.0313,Smoke,100,100,13.4321,33.26315,0,False,True,True,151.5234,8.789063
aizy,CounterTerrorist,2116.907,-286.507,293.0313,Smoke,100,100,-0.9139781,63.40284,0,False,True,True,151.5234,8.789063
aizy,CounterTerrorist,2116.652,-283.9478,293.0313,Smoke,100,100,-12.33603,92.72461,0,False,True,True,151.5234,8.789063
aizy,CounterTerrorist,2116.07,-280.5392,293.0313,Smoke,100,100,-22.22551,118.3946,0,False,True,True,151.875,8.789063
aizy,CounterTerrorist,2115.205,-276.4013,293.0313,Smoke,100,100,-30.79646,140.4003,0,False,True,True,151.875,8.789063
aizy,CounterTerrorist,2114.159,-271.6443,293.0313,Smoke,100,100,-30.02116,158.4714,0,False,True,True,151.875,8.789063
aizy,CounterTerrorist,2113.686,-266.4279,293.0313,Smoke,100,100,-6.659873,171.7413,0,False,True,True,151.875,8.789063
aizy,CounterTerrorist,2113.876,-260.8341,293.0313,Smoke,100,100,13.36886,183.1409,0,False,True,True,151.875,8.789063
aizy,CounterTerrorist,2114.636,-254.916,293.0313,Smoke,100,100,30.52621,192.9414,0,False,True,True,151.875,9.140625
aizy,CounterTerrorist,2115.745,-248.6934,293.0313,Smoke,100,100,32.40773,203.3578,0,False,True,True,152.2266,9.140625
aizy,CounterTerrorist,2116.428,-242.1417,293.0313,Smoke,100,100,15.83507,213.2397,0,False,True,True,152.2266,9.140625
aizy,CounterTerrorist,2116.641,-235.3088,293.0313,Smoke,100,100,1.734571,221.7581,0,False,True,True,151.875,9.492188
aizy,CounterTerrorist,2116.473,-228.2279,293.0313,Smoke,100,100,-9.108876,229.4257,0,False,True,True,148.7109,10.54688
aizy,CounterTerrorist,2116.061,-220.9142,293.0313,Smoke,100,100,-14.84071,236.7839,0,False,True,True,142.3828,12.65625
aizy,CounterTerrorist,2115.59,-213.3784,293.0313,Smoke,100,100,-14.36943,243.6669,0,False,True,True,133.9453,14.41406
aizy,CounterTerrorist,2115.265,-205.7294,293.0313,Smoke,100,100,-7.182387,244.8947,0,False,True,True,124.1016,15.82031
aizy,CounterTerrorist,2115.266,-198.0739,293.0313,Smoke,100,100,4.89546,244.9511,0,False,True,True,115.6641,17.22656
aizy,CounterTerrorist,2115.712,-190.4318,293.0313,Smoke,100,100,20.11199,244.1731,0,False,True,True,108.9844,18.28125
aizy,CounterTerrorist,2116.653,-182.835,293.0313,Smoke,100,100,36.07505,242.3295,0,False,True,True,105.8203,18.63281
aizy,CounterTerrorist,2117.417,-175.2544,293.0313,Smoke,100,100,13.99568,240.176,0,False,True,True,104.0625,19.33594
aizy,CounterTerrorist,2117.125,-168.0092,293.0313,Smoke,100,100,-22.65815,227.1051,0,False,True,True,103.7109,19.33594
aizy,CounterTerrorist,2115.791,-161.1351,293.0313,Smoke,100,100,-54.10081,215.9117,0,False,True,True,103.7109,19.33594
aizy,CounterTerrorist,2113.564,-154.5788,293.0313,Smoke,100,100,-81.07689,206.3198,0,False,True,True,103.7109,19.33594
aizy,CounterTerrorist,2110.569,-148.2951,293.0313,Smoke,100,100,-104.2285,198.0878,0,False,True,True,103.7109,19.33594
aizy,CounterTerrorist,2106.916,-142.2467,293.0313,Smoke,100,100,-124.1669,190.9082,0,False,True,True,104.4141,19.33594
aizy,CounterTerrorist,2102.687,-136.4182,293.0313,Smoke,100,100,-141.8522,183.7533,0,False,True,True,106.875,19.33594
aizy,CounterTerrorist,2097.924,-130.8528,293.0313,Smoke,100,100,-158.727,174.1846,0,False,True,True,113.9063,18.98438
aizy,CounterTerrorist,2092.636,-125.6816,293.0313,Smoke,100,100,-175.428,159.5045,0,False,True,True,124.4531,18.28125
aizy,CounterTerrorist,2086.846,-121.0878,293.0313,Smoke,100,100,-190.9637,138.7131,0,False,True,True,136.7578,16.52344
aizy,CounterTerrorist,2080.619,-117.2557,293.0313,Smoke,100,100,-203.8462,112.566,0,False,True,True,148.0078,14.41406
aizy,CounterTerrorist,2074.05,-114.2809,293.0313,Smoke,100,100,-213.6766,84.74735,0,False,True,True,154.3359,12.65625
aizy,CounterTerrorist,2067.235,-112.1081,292.9824,Smoke,100,100,-219.4725,64.56498,-9.375,False,True,True,156.4453,11.60156
aizy,CounterTerrorist,2060.377,-110.0905,292.2988,Smoke,100,100,-219.4725,64.56498,-34.375,False,True,True,156.0938,11.60156
aizy,CounterTerrorist,2053.518,-108.0728,290.834,Smoke,100,100,-219.4725,64.56498,-59.375,False,True,True,156.0938,11.60156
aizy,CounterTerrorist,2046.66,-106.0551,288.5879,Smoke,100,100,-219.4725,64.56498,-84.375,False,True,True,156.0938,11.60156
aizy,CounterTerrorist,2039.802,-104.0375,285.5605,Smoke,100,100,-219.4725,64.56498,-109.375,False,True,True,156.0938,11.60156
aizy,CounterTerrorist,2032.943,-102.0198,281.752,Smoke,100,100,-219.4725,64.56498,-134.375,False,True,True,156.0938,11.60156
aizy,CounterTerrorist,2026.085,-100.0021,277.1621,Smoke,100,100,-219.4725,64.56498,-159.375,False,True,True,156.0938,11.60156
aizy,CounterTerrorist,2019.226,-97.98446,271.791,Smoke,100,100,-219.4725,64.56498,-184.375,False,True,True,156.4453,11.25
aizy,CounterTerrorist,2012.368,-95.96679,265.6387,Smoke,100,100,-219.4725,64.56498,-209.375,False,True,True,156.4453,11.25
aizy,CounterTerrorist,2005.51,-93.94912,258.7051,Smoke,100,100,-219.4725,64.56498,-234.375,False,True,True,156.4453,10.89844
aizy,CounterTerrorist,1998.651,-91.93145,250.9902,Smoke,100,100,-219.4725,64.56498,-259.375,False,True,True,156.4453,10.54688
aizy,CounterTerrorist,1991.793,-89.91378,242.4941,Smoke,100,100,-219.4725,64.56498,-284.375,False,True,True,156.4453,9.84375
aizy,CounterTerrorist,1984.934,-87.89611,233.2168,Smoke,100,100,-219.4725,64.56498,-309.375,False,True,True,156.4453,9.140625
aizy,CounterTerrorist,1978.076,-85.87844,223.1582,Smoke,100,100,-219.4725,64.56498,-334.375,False,True,True,156.0938,8.4375
aizy,CounterTerrorist,1971.218,-83.86077,212.3184,Smoke,100,100,-219.4725,64.56498,-359.375,False,True,True,156.0938,7.734375
aizy,CounterTerrorist,1964.359,-81.8431,200.6973,Smoke,100,100,-219.4725,64.56498,-384.375,False,True,True,155.7422,6.679688
aizy,CounterTerrorist,1958.036,-79.98277,191.217,Smoke,100,100,-151.0141,44.4257,0,False,True,True,155.7422,5.976563
aizy,CounterTerrorist,1953.204,-78.46619,190.262,Smoke,100,100,-156.8128,50.88955,0,False,True,True,155.7422,5.625
aizy,CounterTerrorist,1948.21,-76.77271,189.2583,P2000,100,100,-159.6816,55.23914,0,False,True,True,155.7422,5.625
aizy,CounterTerrorist,1943.099,-74.94222,188.2179,P2000,100,100,-165.9045,60.53108,0,False,True,True,155.7422,5.625
aizy,CounterTerrorist,1937.789,-72.9528,187.1257,P2000,100,100,-172.3796,65.50693,0,False,True,True,155.7422,5.625
aizy,CounterTerrorist,1932.271,-70.81249,185.981,P2000,100,100,-179.0933,70.25496,0,False,True,True,155.7422,5.273438
aizy,CounterTerrorist,1926.54,-68.52696,184.7836,P2000,100,100,-186.0284,74.85107,0,False,True,True,155.7422,4.921875
aizy,CounterTerrorist,1920.588,-66.09946,182.8932,P2000,100,100,-193.1612,79.3735,0,False,True,True,155.7422,4.21875
aizy,CounterTerrorist,1914.495,-63.58359,182.6003,P2000,100,100,-194.9695,80.50786,-21.875,False,True,True,155.3906,3.164063
aizy,CounterTerrorist,1908.402,-61.06772,181.526,P2000,100,100,-194.9695,80.50786,-46.875,False,True,True,155.0391,2.460938
aizy,CounterTerrorist,1902.309,-58.55185,179.6706,P2000,100,100,-194.9695,80.50786,-71.875,False,True,True,154.3359,1.757813
aizy,CounterTerrorist,1896.216,-56.03598,177.0339,P2000,100,100,-194.9695,80.50786,-96.875,False,True,True,154.3359,1.757813
aizy,CounterTerrorist,1890.124,-53.52011,173.6159,P2000,100,100,-194.9695,80.50786,-121.875,False,True,True,154.3359,1.757813
aizy,CounterTerrorist,1884.031,-51.00424,169.4167,P2000,100,100,-194.9695,80.50786,-146.875,False,True,True,154.3359,1.757813
aizy,CounterTerrorist,1877.938,-48.48837,164.4362,P2000,100,100,-194.9695,80.50786,-171.875,False,True,True,154.3359,1.757813
aizy,CounterTerrorist,1871.845,-45.9725,158.6745,P2000,100,100,-194.9695,80.50786,-196.875,False,True,True,154.3359,1.757813
aizy,CounterTerrorist,1865.753,-43.45663,152.1315,P2000,100,100,-194.9695,80.50786,-221.875,False,True,True,154.3359,1.757813
aizy,CounterTerrorist,1859.66,-40.94077,144.8073,P2000,100,100,-194.9695,80.50786,-246.875,False,True,True,154.3359,1.757813
aizy,CounterTerrorist,1853.567,-38.4249,136.7018,P2000,100,100,-194.9695,80.50786,-271.875,False,True,True,154.3359,1.757813
aizy,CounterTerrorist,1847.474,-35.90903,127.8151,P2000,100,100,-194.9695,80.50786,-296.875,False,True,True,154.3359,1.757813
aizy,CounterTerrorist,1842.043,-33.9809,125.1727,P2000,100,100,-170.4528,49.85865,0,False,True,True,153.9844,1.757813
aizy,CounterTerrorist,1836.6,-32.25088,125.1888,P2000,100,100,-176.2753,58.48431,0,False,True,True,153.6328,1.757813
aizy,CounterTerrorist,1830.979,-30.2702,125.1814,P2000,100,100,-182.04,66.26497,0,False,True,True,153.2813,2.109375
aizy,CounterTerrorist,1825.175,-28.05428,125.1565,P2000,100,100,-187.9988,73.6097,0,False,True,True,152.9297,2.109375
aizy,CounterTerrorist,1819.178,-25.62162,125.1167,P2000,100,100,-194.2885,80.31648,0,False,True,True,152.9297,2.109375
aizy,CounterTerrorist,1812.978,-22.98916,125.0643,P2000,100,100,-200.8958,86.54068,0,False,True,True,152.9297,2.109375
aizy,CounterTerrorist,1806.568,-20.17027,125.0005,P2000,100,100,-207.6133,92.32423,0,False,True,True,152.9297,2.109375
aizy,CounterTerrorist,1799.963,-17.18524,124.927,P2000,100,100,-213.505,97.34294,0,False,True,True,152.9297,2.109375
aizy,CounterTerrorist,1793.14,-14.65721,124.9028,P2000,100,100,-221.0902,71.59185,0,False,True,True,152.2266,2.109375
aizy,CounterTerrorist,1786.098,-12.84859,124.9604,P2000,100,100,-227.8097,50.1797,0,False,True,True,150.8203,2.460938
aizy,CounterTerrorist,1778.86,-11.63077,125.0795,P2000,100,100,-233.8194,32.65651,0,False,True,True,149.7656,3.515625
aizy,CounterTerrorist,1771.498,-10.54013,125.3175,P2000,100,100,-235.9296,40.90377,0,False,True,True,149.7656,3.867188
aizy,CounterTerrorist,1764.161,-8.990361,125.5928,P2000,100,100,-233.7438,54.44124,0,False,True,True,149.7656,3.867188
aizy,CounterTerrorist,1756.913,-7.065397,125.8416,P2000,100,100,-230.8504,65.63602,0,False,True,True,149.7656,3.867188
aizy,CounterTerrorist,1749.755,-4.828338,126.0675,P2000,100,100,-228,74.93981,0,False,True,True,149.7656,3.867188
aizy,CounterTerrorist,1742.683,-2.332121,126.2737,P2000,100,100,-225.3152,82.66244,0,False,True,True,149.7656,3.867188
aizy,CounterTerrorist,1735.69,0.3791509,126.4633,P2000,100,100,-222.8598,89.07029,0,False,True,True,149.7656,3.867188
aizy,CounterTerrorist,1728.769,3.26888,126.6388,P2000,100,100,-220.66,94.38824,0,False,True,True,149.7656,3.867188
aizy,CounterTerrorist,1721.912,6.306613,126.8023,P2000,100,100,-218.7258,98.78782,0,False,True,True,149.7656,3.867188
aizy,CounterTerrorist,1715.11,9.464815,126.9561,P2000,100,100,-217.09,102.3325,0,False,True,True,149.7656,3.867188
aizy,CounterTerrorist,1708.357,12.72727,126.9189,P2000,100,100,-215.5639,105.5093,0,False,True,True,149.7656,3.867188
aizy,CounterTerrorist,1701.644,16.07104,126.7299,P2000,100,100,-214.4065,107.8419,0,False,True,True,149.7656,3.867188
aizy,CounterTerrorist,1694.963,19.47996,126.9312,P2000,100,100,-213.4162,109.7886,0,False,True,True,149.7656,3.867188
aizy,CounterTerrorist,1688.311,22.9435,127.1356,P2000,100,100,-212.5665,111.4247,0,False,True,True,149.7656,3.867188
aizy,CounterTerrorist,1681.683,26.45307,127.3428,P2000,100,100,-211.8364,112.8067,0,False,True,True,149.7656,3.867188
aizy,CounterTerrorist,1675.075,30.00164,127.483,P2000,100,100,-211.2082,113.9785,0,False,True,True,149.7656,3.867188
aizy,CounterTerrorist,1668.486,33.58332,127.6018,P2000,100,100,-210.6674,114.9749,0,False,True,True,149.7656,3.867188
aizy,CounterTerrorist,1661.893,37.13687,127.7188,P2000,100,100,-212.5787,108.6134,0,False,True,True,149.7656,3.867188
aizy,CounterTerrorist,1655.086,40.02326,127.7794,P2000,100,100,-220.8275,83.10276,0,False,True,True,149.7656,3.867188
aizy,CounterTerrorist,1648.044,42.18444,127.822,P2000,100,100,-227.9068,61.20878,0,False,True,True,149.7656,3.867188
aizy,CounterTerrorist,1640.801,43.72322,127.811,P2000,100,100,-233.9824,42.41873,0,False,True,True,149.7656,3.867188
aizy,CounterTerrorist,1633.398,44.78941,127.7698,P2000,100,100,-237.5543,34.17514,0,False,True,True,149.7656,3.867188
aizy,CounterTerrorist,1626.024,46.14804,127.7463,P2000,100,100,-235.0003,48.73252,0,False,True,True,149.7656,3.867188
aizy,CounterTerrorist,1618.735,47.91368,127.6029,P2000,100,100,-232.149,60.88391,0,False,True,True,149.7656,3.867188
aizy,CounterTerrorist,1611.537,50.0183,127.4032,P2000,100,100,-229.2598,70.99245,0,False,True,True,149.7656,3.867188
aizy,CounterTerrorist,1604.427,52.40458,127.2114,P2000,100,100,-226.4901,79.38659,0,False,True,True,149.7656,3.867188
aizy,CounterTerrorist,1597.4,55.02463,127.0263,P2000,100,100,-223.927,86.35215,0,False,True,True,149.7656,3.867188
aizy,CounterTerrorist,1592.18,57.11887,126.8914,P2000,100,100,-222.1662,90.78654,0,False,True,True,149.7656,3.867188
aizy,CounterTerrorist,1583.564,60.81367,126.6729,P2000,100,100,-219.5553,96.9303,0,False,True,True,149.7656,3.867188
aizy,CounterTerrorist,1576.738,63.92125,126.5029,P2000,100,100,-217.7872,100.8402,0,False,True,True,149.7656,3.867188
aizy,CounterTerrorist,1569.962,67.13574,126.3364,P2000,100,100,-216.2974,103.9973,0,False,True,True,149.7656,3.867188
aizy,CounterTerrorist,1563.228,70.43748,126.1727,P2000,100,100,-215.0321,106.5889,0,False,True,True,149.7656,3.867188
aizy,CounterTerrorist,1556.529,73.81136,126.1185,P2000,100,100,-213.9519,108.7409,0,False,True,True,149.7656,3.867188
aizy,CounterTerrorist,1549.862,77.24548,126.1621,P2000,100,100,-213.0264,110.543,0,False,True,True,149.7656,3.867188
aizy,CounterTerrorist,1543.221,80.73023,126.2104,P2000,100,100,-212.2317,112.0612,0,False,True,True,149.7656,3.867188
aizy,CounterTerrorist,1536.602,84.25775,126.2627,P2000,100,100,-211.5483,113.3459,0,False,True,True,149.7656,3.867188
aizy,CounterTerrorist,1530.004,87.82317,126.3185,P2000,100,100,-210.8839,114.5775,0,False,True,True,149.0625,3.515625
aizy,CounterTerrorist,1523.434,91.44155,126.3793,P2000,100,100,-209.7047,116.7216,0,False,True,True,146.25,3.164063
aizy,CounterTerrorist,1516.932,95.17924,126.4499,P2000,100,100,-206.8119,121.7737,0,False,True,True,139.5703,4.921875
aizy,CounterTerrorist,1510.56,99.13302,126.5395,P2000,100,100,-202.057,129.5105,0,False,True,True,134.6484,5.976563
aizy,CounterTerrorist,1504.83,103.6048,126.69,P2000,100,100,-172.6012,150.8367,0,False,True,True,133.5938,5.273438
aizy,CounterTerrorist,1499.95,108.6824,126.9152,P2000,100,100,-146.7627,169.1248,0,False,True,True,132.8906,5.273438
aizy,CounterTerrorist,1495.805,114.28,127.2046,P2000,100,100,-124.5439,184.8186,0,False,True,True,132.8906,5.273438
aizy,CounterTerrorist,1491.948,120.1947,126.775,P2000,100,100,-127.2652,190.1356,0,False,True,True,133.2422,5.273438
aizy,CounterTerrorist,1487.79,126.1761,126.2552,P2000,100,100,-136.3982,192.1153,0,False,True,True,133.2422,4.921875
aizy,CounterTerrorist,1483.378,132.201,125.7008,P2000,100,100,-143.3787,192.4644,0,False,True,True,133.2422,4.921875
aizy,CounterTerrorist,1478.935,138.236,124.9086,P2000,100,100,-136.6901,196.4776,0,False,True,True,133.2422,4.921875
aizy,CounterTerrorist,1475.077,144.6111,124.1971,P2000,100,100,-115.8482,208.2915,0,False,True,True,132.5391,5.273438
aizy,CounterTerrorist,1471.821,151.3217,123.5689,P2000,100,100,-97.51717,218.4118,0,False,True,True,132.1875,5.625
aizy,CounterTerrorist,1469.095,158.304,123.0145,P2000,100,100,-81.20049,225.8461,0,False,True,True,132.1875,5.976563
aizy,CounterTerrorist,1466.845,165.4573,122.5279,P2000,100,100,-66.76285,230.5271,0,False,True,True,132.1875,5.976563
aizy,CounterTerrorist,1464.43,172.5565,122.1693,P2000,100,100,-83.16708,225.1294,0,False,True,True,132.1875,5.976563
aizy,CounterTerrorist,1461.56,179.4844,121.7928,P2000,100,100,-96.73273,219.6424,0,False,True,True,132.1875,5.976563
aizy,CounterTerrorist,1458.314,186.2446,121.4498,P2000,100,100,-107.9083,214.373,0,False,True,True,132.1875,5.976563
aizy,CounterTerrorist,1454.877,192.9105,121.1726,P2000,100,100,-105.9967,215.3247,0,False,True,True,132.1875,5.976563
aizy,CounterTerrorist,1451.914,199.7982,120.9391,P2000,100,100,-88.41194,223.1218,0,False,True,True,132.1875,5.976563
aizy,CounterTerrorist,1449.456,206.8825,120.683,P2000,100,100,-73.10683,228.5944,0,False,True,True,132.1875,5.976563
aizy,CounterTerrorist,1447.432,214.1035,120.502,P2000,100,100,-59.98544,232.3828,0,False,True,True,132.5391,5.976563
aizy,CounterTerrorist,1445.719,221.4049,120.8582,P2000,100,100,-56.59552,233.2315,0,False,True,True,132.5391,5.976563
aizy,CounterTerrorist,1443.584,228.5925,121.0246,P2000,100,100,-74.97197,227.9895,0,False,True,True,132.5391,5.976563
aizy,CounterTerrorist,1440.936,235.6082,121.0497,P2000,100,100,-90.21848,222.3975,0,False,True,True,132.5391,5.976563
aizy,CounterTerrorist,1437.865,242.4497,121.0482,P2000,100,100,-102.7981,216.8699,0,False,True,True,132.5391,5.976563
aizy,CounterTerrorist,1434.446,249.124,120.993,P2000,100,100,-113.1478,211.6544,0,False,True,True,132.5391,5.976563
aizy,CounterTerrorist,1431.27,255.9162,120.9673,P2000,100,100,-94.98717,220.4029,0,False,True,True,132.5391,5.976563
aizy,CounterTerrorist,1428.619,262.9305,120.9893,P2000,100,100,-79.05074,226.6076,0,False,True,True,132.8906,5.976563
aizy,CounterTerrorist,1426.41,270.0969,121.0906,P2000,100,100,-66.15081,230.7034,0,False,True,True,135.3516,5.625
aizy,CounterTerrorist,1424.51,277.3522,121.0033,P2000,100,100,-58.23529,232.8275,0,False,True,True,141.3281,4.921875
aizy,CounterTerrorist,1422.215,284.4349,120.8015,P2000,100,100,-82.38843,222.7167,0,False,True,True,146.6016,4.570313
aizy,CounterTerrorist,1419.204,291.1866,120.5267,P2000,100,100,-104.3638,212.19,0,False,True,True,148.0078,4.21875
aizy,CounterTerrorist,1415.593,297.6624,120.1721,P2000,100,100,-119.864,206.4632,0,False,True,True,148.0078,4.21875
aizy,CounterTerrorist,1412.028,304.259,120.5094,P2000,100,100,-110.4278,213.0862,0,False,True,True,148.0078,4.21875
aizy,CounterTerrorist,1408.75,311.004,120.3367,P2000,100,100,-101.77,217.3543,0,False,True,True,148.0078,4.21875
aizy,CounterTerrorist,1405.717,317.8632,120.1308,P2000,100,100,-94.33073,220.6847,0,False,True,True,148.0078,4.21875
aizy,CounterTerrorist,1402.897,324.8123,119.8971,P2000,100,100,-87.97042,223.2962,0,False,True,True,148.0078,4.21875
aizy,CounterTerrorist,1400.196,331.8036,119.6483,P2000,100,100,-89.80355,221.8825,0,False,True,True,148.3594,3.867188
aizy,CounterTerrorist,1396.969,338.5231,119.4723,P2000,100,100,-110.9727,211.0778,0,False,True,True,148.7109,3.867188
aizy,CounterTerrorist,1393.135,344.9273,119.3804,P2000,100,100,-129.4039,201.3662,0,False,True,True,149.7656,3.515625
aizy,CounterTerrorist,1388.783,351.031,119.4243,P2000,100,100,-144.6825,191.4862,0,False,True,True,150.4688,3.515625
aizy,CounterTerrorist,1384.119,356.9042,119.5145,P2000,100,100,-147.3465,189.4439,0,False,True,True,151.1719,3.515625
aizy,CounterTerrorist,1379.743,362.9939,119.5945,P2000,100,100,-135.9095,197.8095,0,False,True,True,152.2266,3.515625
aizy,CounterTerrorist,1375.684,369.3004,119.623,P2000,100,100,-126.4719,203.9727,0,False,True,True,153.2813,3.515625
aizy,CounterTerrorist,1371.884,375.7658,119.6406,P2000,100,100,-118.9185,208.4668,0,False,True,True,154.3359,3.515625
aizy,CounterTerrorist,1368.286,382.3464,119.8493,P2000,100,100,-113.0415,211.7112,0,False,True,True,155.0391,3.164063
aizy,CounterTerrorist,1364.793,388.9762,120.0473,P2000,100,100,-115.0768,209.7677,0,False,True,True,156.0938,3.164063
aizy,CounterTerrorist,1360.797,395.2552,120.2993,P2000,100,100,-135.1767,195.8316,0,False,True,True,156.7969,3.164063
aizy,CounterTerrorist,1356.361,401.2571,120.5979,P2000,100,100,-141.1199,194.1267,0,False,True,True,157.5,3.164063
aizy,CounterTerrorist,1352.097,407.4264,120.8772,P2000,100,100,-133.847,199.2109,0,False,True,True,158.2031,3.164063
aizy,CounterTerrorist,1348.031,413.7288,121.1352,P2000,100,100,-128.0085,203.0119,0,False,True,True,158.9063,3.164063
aizy,CounterTerrorist,1343.653,419.7793,121.4274,P2000,100,100,-147.0212,188.189,0,False,True,True,159.6094,3.164063
aizy,CounterTerrorist,1338.731,425.3977,121.7791,P2000,100,100,-163.5334,174.9373,0,False,True,True,160.6641,2.8125
aizy,CounterTerrorist,1333.349,430.6175,122.1817,P2000,100,100,-176.8842,162.2097,0,False,True,True,161.0156,2.8125
aizy,CounterTerrorist,1327.613,435.4475,122.4849,P2000,100,100,-187.2582,150.1145,0,False,True,True,161.3672,2.8125
aizy,CounterTerrorist,1321.575,439.8012,122.7889,P2000,100,100,-196.9025,127.805,0,False,True,True,161.3672,2.8125
aizy,CounterTerrorist,1315.302,443.1025,122.3692,P2000,100,100,-203.5693,92.60107,0,False,True,True,161.3672,2.8125
aizy,CounterTerrorist,1308.808,445.3828,122.0188,P2000,100,100,-210.2426,61.7771,0,False,True,True,161.3672,2.8125
aizy,CounterTerrorist,1302.124,446.7867,121.7946,P2000,100,100,-215.9697,35.32309,0,False,True,True,161.3672,2.8125
aizy,CounterTerrorist,1295.277,447.4387,121.6905,P2000,100,100,-220.8849,12.6195,0,False,True,True,161.3672,2.8125
aizy,CounterTerrorist,1288.29,447.4452,121.678,P2000,100,100,-225.1033,-6.86536,0,False,True,True,161.3672,2.8125
aizy,CounterTerrorist,1281.183,446.8978,121.7769,P2000,100,100,-228.7236,-23.58783,0,False,True,True,161.3672,2.8125
aizy,CounterTerrorist,1273.974,445.8951,121.7577,P2000,100,100,-231.8307,-37.33216,0,False,True,True,161.3672,2.8125
aizy,CounterTerrorist,1266.676,444.4817,121.7543,P2000,100,100,-234.4973,-49.7353,0,False,True,True,161.3672,2.8125
aizy,CounterTerrorist,1259.383,442.7345,121.7523,P2000,100,100,-232.5442,-59.35661,0,False,True,True,161.3672,2.8125
aizy,CounterTerrorist,1252.159,440.7207,121.6586,P2000,100,100,-230.3672,-67.31252,0,False,True,True,161.3672,2.8125
aizy,CounterTerrorist,1244.915,438.8328,121.5477,P2000,100,100,-233.7043,-51.96048,0,False,True,True,161.3672,2.8125
aizy,CounterTerrorist,1237.525,437.6071,121.3437,P2000,100,100,-237.8659,-31.93449,0,False,True,True,161.3672,2.8125
aizy,CounterTerrorist,1230.055,436.9541,121.0615,P2000,100,100,-239.555,-14.60764,0,False,True,True,161.3672,2.8125
aizy,CounterTerrorist,1222.558,436.7916,120.7145,P2000,100,100,-240,0.1402778,0,False,True,True,161.3672,2.8125
aizy,CounterTerrorist,1215.06,436.6802,120.3608,P2000,100,100,-239.7745,-10.40225,0,False,True,True,161.3672,2.8125
aizy,CounterTerrorist,1207.589,436.0364,120.0774,P2000,100,100,-238.5461,-26.37746,0,False,True,True,161.3672,2.8125
aizy,CounterTerrorist,1200.17,434.9447,119.8546,P2000,100,100,-236.6823,-39.7682,0,False,True,True,161.3672,2.8125
aizy,CounterTerrorist,1192.754,433.8378,119.4843,P2000,100,100,-238.331,-28.2552,0,False,True,True,161.3672,2.8125
aizy,CounterTerrorist,1185.275,433.2941,118.8425,P2000,100,100,-239.7388,-11.19478,0,False,True,True,161.0156,2.8125
aizy,CounterTerrorist,1177.776,433.2358,118.1359,P2000,100,100,-239.9754,3.437154,0,False,True,True,160.6641,2.8125
aizy,CounterTerrorist,1170.285,433.5905,117.3765,P2000,100,100,-239.4769,15.83661,0,False,True,True,160.6641,2.460938
aizy,CounterTerrorist,1162.819,434.2941,116.5742,P2000,100,100,-238.5549,26.29767,0,False,True,True,160.6641,2.460938
aizy,CounterTerrorist,1155.386,435.292,115.7369,P2000,100,100,-237.4157,35.12551,0,False,True,True,160.6641,2.460938
aizy,CounterTerrorist,1147.97,436.3571,114.8925,P2000,100,100,-237.975,27.23402,0,False,True,True,160.6641,2.460938
aizy,CounterTerrorist,1140.493,436.7905,114.1242,P2000,100,100,-239.9186,6.249187,0,False,True,True,160.6641,2.460938
aizy,CounterTerrorist,1132.996,436.628,113.4313,P2000,100,100,-239.7144,-11.70479,0,False,True,True,160.6641,2.460938
aizy,CounterTerrorist,1125.527,435.9594,112.8067,P2000,100,100,-238.4893,-26.88563,0,False,True,True,160.6641,2.460938
aizy,CounterTerrorist,1118.099,434.9265,112.2331,P2000,100,100,-237.893,-31.73191,0,False,True,True,160.6641,2.460938
aizy,CounterTerrorist,1110.627,434.2918,111.6364,P2000,100,100,-239.6028,-13.8014,0,False,True,True,160.3125,2.460938
aizy,CounterTerrorist,1103.129,434.1655,110.9862,P2000,100,100,-239.9953,1.499602,0,False,True,True,160.3125,2.460938
aizy,CounterTerrorist,1095.636,434.4703,110.2443,P2000,100,100,-239.5657,14.43195,0,False,True,True,160.3125,2.460938
aizy,CounterTerrorist,1088.167,435.1383,109.4711,P2000,100,100,-238.6629,25.29883,0,False,True,True,160.3125,2.460938
aizy,CounterTerrorist,1080.73,436.1105,108.6729,P2000,100,100,-237.522,34.39873,0,False,True,True,160.3125,2.109375
aizy,CounterTerrorist,1073.332,437.3381,107.8546,P2000,100,100,-236.288,42.04762,0,False,True,True,160.3125,2.109375
aizy,CounterTerrorist,1065.972,438.7813,107.0201,P2000,100,100,-235.0419,48.53154,0,False,True,True,159.9609,1.757813
aizy,CounterTerrorist,1058.651,440.4081,106.1722,P2000,100,100,-233.831,54.06521,0,False,True,True,159.9609,1.757813
aizy,CounterTerrorist,1051.366,442.1906,105.3133,P2000,100,100,-232.7066,58.71639,0,False,True,True,159.9609,1.40625
aizy,CounterTerrorist,1044.114,444.1033,104.4455,P2000,100,100,-231.6832,62.63299,0,False,True,True,159.6094,1.40625
aizy,CounterTerrorist,1036.892,446.1258,103.5704,P2000,100,100,-230.7765,65.89542,0,False,True,True,159.6094,1.40625
aizy,CounterTerrorist,1029.696,448.2391,102.6894,P2000,100,100,-229.9864,68.60216,0,False,True,True,159.6094,1.40625
aizy,CounterTerrorist,1022.523,450.4279,101.8832,P2000,100,100,-229.3016,70.85733,0,False,True,True,159.6094,1.40625
aizy,CounterTerrorist,1015.369,452.68,101.0975,P2000,100,100,-228.708,72.75078,0,False,True,True,159.6094,1.40625
aizy,CounterTerrorist,1008.232,454.9853,100.3082,P2000,100,100,-228.1933,74.34938,0,False,True,True,159.6094,1.40625
aizy,CounterTerrorist,1001.109,457.3358,99.51585,P2000,100,100,-227.7473,75.70457,0,False,True,True,159.6094,1.40625
aizy,CounterTerrorist,994.0001,459.7245,98.72102,P2000,100,100,-227.361,76.8569,0,False,True,True,159.6094,1.40625
aizy,CounterTerrorist,986.9017,462.1458,97.81869,P2000,100,100,-227.0267,77.83889,0,False,True,True,159.6094,1.40625
aizy,CounterTerrorist,979.8129,464.595,96.73161,P2000,100,100,-226.7375,78.67714,0,False,True,True,159.6094,1.40625
aizy,CounterTerrorist,972.7322,467.0679,95.64222,P2000,100,100,-226.4911,79.38366,0,False,True,True,159.6094,1.40625
aizy,CounterTerrorist,965.6518,469.5411,94.55283,P2000,100,100,-226.772,78.57765,0,False,True,True,164.1797,1.40625
aizy,CounterTerrorist,958.7469,472.4171,93.42837,P2000,100,100,-218.61,98.95548,0,False,True,True,177.8906,1.40625
aizy,CounterTerrorist,951.9839,475.6593,92.27015,P2000,100,100,-216.1665,104.2692,0,False,True,True,201.7969,1.40625
aizy,CounterTerrorist,945.2079,478.8732,91.1143,P2000,100,100,-215.5694,105.498,0,False,True,True,230.9766,1.054688
aizy,CounterTerrorist,938.4583,482.1428,90.46082,P2000,100,100,-217.1294,102.2487,0,False,True,True,258.0469,0.3515625
aizy,CounterTerrorist,931.5649,485.0951,89.95825,P2000,100,100,-222.7249,89.40701,0,False,True,True,267.8906,0.703125
aizy,CounterTerrorist,924.5118,487.6426,89.60516,P2000,100,100,-227.3066,77.01747,0,False,True,True,267.8906,0.703125
aizy,CounterTerrorist,917.3409,489.8377,89.33051,P2000,100,100,-230.6344,66.39118,0,False,True,True,267.8906,0.703125
aizy,CounterTerrorist,910.0845,491.7321,89.07682,P2000,100,100,-233.0495,57.34068,0,False,True,True,267.8906,0.703125
aizy,CounterTerrorist,902.7661,493.371,88.84106,P2000,100,100,-234.8039,49.67028,0,False,True,True,267.8906,0.703125
aizy,CounterTerrorist,895.4025,494.7938,88.62061,P2000,100,100,-236.0867,43.16302,0,False,True,True,267.8906,0.703125
aizy,CounterTerrorist,888.0044,496.0246,88.41385,P2000,100,100,-237.1067,37.15403,0,False,True,True,268.9453,0.3515625
aizy,CounterTerrorist,880.5779,497.0708,88.22031,P2000,100,100,-237.9486,31.31276,0,False,True,True,270,0.3515625
aizy,CounterTerrorist,873.1289,497.9428,87.98566,P2000,100,100,-238.5941,25.93955,0,False,True,True,270.7031,0.3515625
aizy,CounterTerrorist,865.6635,498.6617,87.75743,P2000,100,100,-239.0473,21.3629,0,False,True,True,270.7031,0
aizy,CounterTerrorist,858.1871,499.2544,87.3952,P2000,100,100,-239.3539,17.59907,0,False,True,True,270.7031,359.6484
aizy,CounterTerrorist,850.7028,499.7386,87.02197,P2000,100,100,-239.576,14.25981,0,False,True,True,271.0547,359.6484
aizy,CounterTerrorist,843.2126,500.1226,86.65308,P2000,100,100,-239.7425,11.11424,0,False,True,True,271.7578,359.6484
aizy,CounterTerrorist,835.7182,500.4096,86.28849,P2000,100,100,-239.8658,8.026613,0,False,True,True,272.4609,359.6484
aizy,CounterTerrorist,828.2207,500.601,86.74614,P2000,100,100,-239.9479,5.001745,0,False,True,True,273.1641,359.6484
aizy,CounterTerrorist,820.7214,500.7047,87.26862,P2000,100,100,-239.988,2.403016,0,False,True,True,272.8125,359.6484
aizy,CounterTerrorist,813.2217,500.7612,87.79333,P2000,100,100,-239.9922,1.939253,0,False,True,True,267.8906,0.3515625
aizy,CounterTerrorist,805.7239,500.9279,88.31281,P2000,100,100,-239.846,8.596107,0,False,True,True,254.5313,0.703125
aizy,CounterTerrorist,798.2451,501.4799,88.58888,P2000,100,100,-239.1531,20.14467,0,False,True,True,228.5156,0.703125
aizy,CounterTerrorist,790.764,501.9814,88.65005,P2000,100,100,-239.7949,9.919273,0,False,True,True,202.1484,0.3515625
aizy,CounterTerrorist,783.2655,502.127,88.74529,P2000,100,100,-239.9659,4.042883,0,False,True,True,176.8359,0.3515625
aizy,CounterTerrorist,775.7704,502.3863,88.76409,P2000,100,100,-239.7054,11.88778,0,False,True,True,163.125,0.3515625
aizy,CounterTerrorist,768.2936,502.9681,88.76409,P2000,100,100,-238.9501,22.42438,0,False,True,True,161.3672,0.3515625
aizy,CounterTerrorist,760.8455,503.8451,88.93398,P2000,100,100,-237.9567,31.25063,0,False,True,True,161.3672,0.3515625
aizy,CounterTerrorist,753.4304,504.9691,89.48483,P2000,100,100,-236.8708,38.6294,0,False,True,True,161.3672,0.3515625
aizy,CounterTerrorist,746.0496,506.2993,89.98421,P2000,100,100,-235.7833,44.79112,0,False,True,True,161.3672,0.3515625
aizy,CounterTerrorist,738.7017,507.8017,90.44008,P2000,100,100,-234.748,49.9337,0,False,True,True,161.3672,0.3515625
aizy,CounterTerrorist,731.3845,509.4467,90.85963,P2000,100,100,-233.8119,54.14779,0,False,True,True,161.3672,0.3515625
aizy,CounterTerrorist,725.906,510.7217,91.16367,P2000,100,100,-234.2568,52.18972,0,False,True,True,161.3672,0.3515625
aizy,CounterTerrorist,716.6874,512.0192,91.50912,P2000,100,100,-237.0817,21.34816,0,False,True,True,161.3672,0.3515625
aizy,CounterTerrorist,709.2408,512.2731,91.45035,P2000,100,100,-238.9836,0.585083,0,False,True,True,161.3672,0.3515625
aizy,CounterTerrorist,701.7543,511.9376,91.52802,P2000,100,100,-239.386,-17.15603,0,False,True,True,161.3672,0.3515625
aizy,CounterTerrorist,694.2946,511.1655,91.70672,P2000,100,100,-238.784,-24.12922,0,False,True,True,161.3672,0.3515625
aizy,CounterTerrorist,686.8082,510.7372,91.75572,P2000,100,100,-239.8752,-7.736938,0,False,True,True,161.0156,0.3515625
aizy,CounterTerrorist,679.3093,510.7778,91.43058,P2000,100,100,-239.9132,6.45548,0,False,True,True,160.6641,0.703125
aizy,CounterTerrorist,671.8129,511.2238,91.01169,Flash,100,100,-240.5921,18.80685,0,False,True,True,160.3125,0.703125
aizy,CounterTerrorist,664.2266,512.0286,90.50597,Flash,100,100,-243.2027,29.62179,0,False,True,True,160.3125,0.703125
aizy,CounterTerrorist,656.6503,513.1292,89.93221,Flash,100,100,-241.9754,38.37826,0,False,True,True,160.3125,0.703125
aizy,CounterTerrorist,649.1135,514.4746,89.30343,Flash,100,100,-240.7016,45.69175,0,False,True,True,160.3125,0.703125
aizy,CounterTerrorist,641.6083,515.987,88.65908,Flash,100,100,-240.4469,47.01383,0,False,True,True,160.3125,0.703125
aizy,CounterTerrorist,634.0435,516.979,88.15992,Flash,100,100,-242.999,23.04035,0,False,True,True,160.3125,0.703125
aizy,CounterTerrorist,626.4078,517.2895,87.80961,Flash,100,100,-244.9876,2.463599,0,False,True,True,160.3125,0.703125
aizy,CounterTerrorist,618.7579,517.0164,87.58846,Flash,100,100,-244.5342,-15.10119,0,False,True,True,160.3125,0.703125
aizy,CounterTerrorist,611.1414,516.2486,87.47849,Flash,100,100,-243.1655,-29.92542,0,False,True,True,160.3125,0.703125
aizy,CounterTerrorist,603.5084,515.6732,87.32513,Flash,100,100,-244.7127,-11.86136,0,False,True,True,160.3125,0.703125
aizy,CounterTerrorist,595.8535,515.6089,87.05739,Flash,100,100,-244.9749,3.510464,0,False,True,True,160.3125,0.703125
aizy,CounterTerrorist,588.207,515.9776,86.7442,Flash,100,100,-244.4446,16.48752,0,False,True,True,160.3125,0.703125
aizy,CounterTerrorist,580.5865,516.7104,86.38082,Flash,100,100,-243.4646,27.38617,0,False,True,True,160.3125,0.703125
aizy,CounterTerrorist,573.0013,517.7484,85.95055,Flash,100,100,-242.2635,36.51539,0,False,True,True,160.3125,1.054688
aizy,CounterTerrorist,565.4556,519.0436,85.46416,Flash,100,100,-240.9753,44.22579,0,False,True,True,159.9609,1.054688
aizy,CounterTerrorist,557.9501,520.5541,84.93097,Flash,100,100,-239.705,50.66056,0,False,True,True,159.9609,1.054688
aizy,CounterTerrorist,550.4829,522.2445,84.35881,Flash,100,100,-238.5076,56.02799,0,False,True,True,159.9609,1.054688
aizy,CounterTerrorist,543.051,524.084,83.75446,Flash,100,100,-237.4262,60.44664,0,False,True,True,159.9609,1.054688
aizy,CounterTerrorist,535.6501,526.0445,83.12405,Flash,100,100,-236.4882,64.01813,0,False,True,True,159.9609,1.054688
aizy,CounterTerrorist,528.2761,528.1037,82.47237,Flash,100,100,-235.6748,66.95074,0,False,True,True,159.9609,1.054688
aizy,CounterTerrorist,520.9252,530.2446,81.80319,Flash,100,100,-234.9689,69.38746,0,False,True,True,159.9609,1.054688
aizy,CounterTerrorist,513.5947,532.4537,81.11937,Flash,100,100,-234.3562,71.42934,0,False,True,True,159.9609,1.054688
aizy,CounterTerrorist,506.2816,534.7203,80.36983,Flash,100,100,-233.8246,73.15084,0,False,True,True,159.9609,1.054688
aizy,CounterTerrorist,498.9838,537.0353,79.57413,Flash,100,100,-233.3635,74.60874,0,False,True,True,159.9609,1.054688
aizy,CounterTerrorist,491.6991,539.3914,79.57413,Flash,100,100,-232.9639,75.84744,0,False,True,True,159.9609,1.054688
aizy,CounterTerrorist,484.4259,541.7827,79.57413,Flash,100,100,-232.6177,76.90247,0,False,True,True,159.9609,1.054688
aizy,CounterTerrorist,477.1625,544.2039,79.59033,Flash,100,100,-232.3182,77.8027,0,False,True,True,159.9609,1.054688
aizy,CounterTerrorist,469.9077,546.6505,79.59033,Flash,100,100,-232.0592,78.57189,0,False,True,True,159.9609,1.054688
aizy,CounterTerrorist,462.6604,549.119,79.60673,Flash,100,100,-231.8354,79.22975,0,False,True,True,159.9609,1.054688
aizy,CounterTerrorist,455.3948,551.4285,79.60673,Flash,100,100,-233.7218,64.729,0,False,True,True,159.9609,1.054688
aizy,CounterTerrorist,448.0205,552.9257,79.60017,Flash,100,100,-237.2672,38.32848,0,False,True,True,159.9609,1.054688
aizy,CounterTerrorist,440.545,553.6733,79.57466,Flash,100,100,-240.338,15.73086,0,False,True,True,159.9609,1.054688
aizy,CounterTerrorist,432.98,553.7831,79.53689,Flash,100,100,-243.1025,-3.383752,0,False,True,True,159.2578,1.40625
aizy,CounterTerrorist,425.3385,553.5543,79.49243,Flash,100,100,-244.9833,-2.859385,0,False,True,True,157.8516,1.40625
aizy,CounterTerrorist,417.6875,553.7979,79.45667,Flash,100,100,-244.5912,14.14745,0,False,True,True,154.3359,1.757813
aizy,CounterTerrorist,410.0715,554.568,79.39926,Flash,100,100,-243.0386,30.9395,0,False,True,True,150.4688,2.109375
aizy,CounterTerrorist,402.5255,555.8546,79.4177,Flash,100,100,-240.4069,47.21761,0,False,True,True,147.6563,2.109375
aizy,CounterTerrorist,395.0789,557.6289,79.53903,Flash,100,100,-236.9484,62.29313,0,False,True,True,145.8984,2.460938
aizy,CounterTerrorist,387.7482,559.8348,79.67974,Flash,100,100,-233.1501,75.27296,0,False,True,True,145.5469,2.109375
aizy,CounterTerrorist,380.5361,562.4028,79.8179,Flash,100,100,-229.3865,86.06294,0,False,True,True,145.5469,2.109375
aizy,CounterTerrorist,373.4378,565.2709,79.85526,Flash,100,100,-225.8335,94.99598,0,False,True,True,145.5469,2.109375
aizy,CounterTerrorist,366.4449,568.3873,79.89207,Flash,100,100,-222.5799,102.3874,0,False,True,True,145.5469,2.109375
aizy,CounterTerrorist,359.5471,571.7092,79.92837,Flash,100,100,-219.6629,108.5044,0,False,True,True,145.5469,2.109375
aizy,CounterTerrorist,352.7338,575.2012,79.96423,Flash,100,100,-217.0872,113.5699,0,False,True,True,145.5469,2.109375
aizy,CounterTerrorist,345.9764,578.8005,81.43326,Flash,100,100,-217.1404,113.4682,0,False,True,True,145.5469,2.109375
aizy,CounterTerrorist,339.0106,581.8788,82.97238,Flash,100,100,-226.1962,89.97333,0,False,True,True,145.5469,2.109375
aizy,CounterTerrorist,331.7873,584.2891,84.17754,Flash,100,100,-233.9681,69.80932,0,False,True,True,145.5469,2.109375
aizy,CounterTerrorist,326.223,585.4216,80.70631,Flash,100,100,-239.065,44.49926,0,False,True,True,145.5469,2.109375
aizy,CounterTerrorist,316.7544,586.7494,80.03125,Flash,100,100,-243.4735,27.30659,0,False,True,True,145.5469,2.109375
aizy,CounterTerrorist,309.1241,587.3712,80.03125,Flash,100,100,-244.4966,15.69817,0,False,True,True,145.5469,2.109375
aizy,CounterTerrorist,301.474,587.6666,80.03125,Flash,100,100,-244.9285,5.919002,0,False,True,True,145.5469,2.109375
aizy,CounterTerrorist,293.8181,587.6876,80.03125,Flash,100,100,-244.9893,-2.29389,0,False,True,True,145.5469,2.109375
aizy,CounterTerrorist,286.1891,588.0796,80.03125,Flash,100,100,-243.64,21.00247,0,False,True,True,145.5469,2.109375
aizy,CounterTerrorist,278.6094,589.1323,80.03125,Flash,100,100,-241.5693,40.8569,0,False,True,True,145.5469,2.109375
aizy,CounterTerrorist,271.1255,590.7414,80.03125,Flash,100,100,-238.1566,57.50178,0,False,True,True,145.5469,2.109375
aizy,CounterTerrorist,263.7567,592.8156,80.03125,Flash,100,100,-234.3715,71.37931,0,False,True,True,145.5469,2.109375
aizy,CounterTerrorist,256.5074,595.2764,80.03125,Flash,100,100,-230.5487,82.89917,0,False,True,True,145.5469,2.109375
aizy,CounterTerrorist,249.3748,598.0577,80.03125,Flash,100,100,-226.8917,92.43999,0,False,True,True,145.5469,2.109375
aizy,CounterTerrorist,242.3511,601.1043,80.03125,Flash,100,100,-223.5129,100.3344,0,False,True,True,145.5469,2.109375
aizy,CounterTerrorist,235.4267,604.3704,80.03125,Flash,100,100,-220.4644,106.8664,0,False,True,True,145.5469,2.109375
aizy,CounterTerrorist,228.5909,607.818,80.03125,Flash,100,100,-217.7603,112.2739,0,False,True,True,145.5469,2.109375
aizy,CounterTerrorist,221.8329,611.4161,80.03125,Flash,100,100,-215.3949,116.7477,0,False,True,True,145.5469,2.109375
aizy,CounterTerrorist,215.1417,615.1368,80.03125,Flash,100,100,-213.3998,120.3559,0,False,True,True,145.5469,2.109375
aizy,CounterTerrorist,208.5064,618.9565,79.88462,Flash,100,100,-211.7236,123.2806,0,False,True,True,145.5469,2.109375
aizy,CounterTerrorist,201.6942,622.3151,79.3569,Flash,100,100,-221.56,98.46344,0,False,True,True,145.5469,2.109375
aizy,CounterTerrorist,194.6158,625.0308,78.56593,Flash,100,100,-228.2872,85.18721,0,False,True,True,145.5469,2.109375
aizy,CounterTerrorist,187.5141,627.8889,78.05524,Flash,100,100,-225.9444,94.73175,0,False,True,True,145.5469,2.109375
aizy,CounterTerrorist,182.2579,630.2005,78.19749,Flash,100,100,-223.4444,100.4869,0,False,True,True,145.5469,2.109375
aizy,CounterTerrorist,173.6196,634.3189,78.45094,Flash,100,100,-219.6686,108.4928,0,False,True,True,145.1953,2.109375
aizy,CounterTerrorist,166.8082,637.8147,78.66606,Flash,100,100,-216.9718,113.7903,0,False,True,True,145.1953,2.109375
aizy,CounterTerrorist,160.0763,641.458,78.18876,Flash,100,100,-214.3904,118.5823,0,False,True,True,143.0859,2.460938
aizy,CounterTerrorist,153.4472,645.2878,78.1507,Flash,100,100,-210.5595,125.2585,0,False,True,True,137.8125,2.8125
aizy,CounterTerrorist,146.9789,649.3827,77.58842,Flash,100,100,-204.5217,134.8921,0,False,True,True,130.0781,3.164063
aizy,CounterTerrorist,140.7586,653.8443,76.8613,Flash,100,100,-195.394,147.8046,0,False,True,True,120.2344,3.164063
aizy,CounterTerrorist,134.8946,658.7636,76.20876,Flash,100,100,-182.5228,163.4333,0,False,True,True,108.9844,2.8125
aizy,CounterTerrorist,129.5068,664.1899,75.45766,Flash,100,100,-165.8925,179.6549,0,False,True,True,100.1953,2.109375
aizy,CounterTerrorist,124.7039,670.0987,74.73723,Flash,100,100,-146.1745,194.5116,0,False,True,True,93.16406,1.40625
aizy,CounterTerrorist,120.5226,676.4344,74.11003,Flash,100,100,-126.6391,207.4402,0,False,True,True,91.40625,1.054688
aizy,CounterTerrorist,116.9025,683.1379,73.56701,Flash,100,100,-109.6852,218.5418,0,False,True,True,91.40625,1.054688
aizy,CounterTerrorist,113.7781,690.126,73.09834,Flash,100,100,-94.29856,226.1256,0,False,True,True,91.40625,1.054688
aizy,CounterTerrorist,111.1009,697.2979,72.62992,Flash,100,100,-80.74091,231.3134,0,False,True,True,91.40625,1.054688
aizy,CounterTerrorist,108.81,704.6026,72.34673,Flash,100,100,-69.07723,235.0603,0,False,True,True,91.40625,1.054688
aizy,CounterTerrorist,106.8496,712.0031,72.10441,Flash,100,100,-59.12263,237.7594,0,False,True,True,91.40625,1.054688
aizy,CounterTerrorist,105.1705,719.4726,71.87415,Flash,100,100,-50.67434,239.7021,0,False,True,True,91.40625,1.054688
aizy,CounterTerrorist,103.7294,726.9918,71.66332,Flash,100,100,-43.53285,241.1014,0,False,True,True,91.40625,1.054688
aizy,CounterTerrorist,102.4891,734.5467,71.66194,Flash,100,100,-37.51296,242.1111,0,False,True,True,91.40625,1.054688
aizy,CounterTerrorist,101.4178,742.1275,71.77676,Flash,100,100,-32.45299,242.8411,0,False,True,True,91.40625,1.054688
aizy,CounterTerrorist,100.4866,749.7268,71.9247,Flash,100,100,-28.31479,243.3583,0,False,True,True,91.40625,1.054688
aizy,CounterTerrorist,99.66988,757.3394,72.08454,Flash,100,100,-24.89647,243.7317,0,False,True,True,91.40625,1.054688
aizy,CounterTerrorist,98.95184,764.9618,72.08454,Flash,100,100,-21.83868,244.0247,0,False,True,True,90.70313,0.703125
aizy,CounterTerrorist,98.4772,770.6843,72.10386,Flash,100,100,-19.42479,244.2287,0,False,True,True,90,0
aizy,CounterTerrorist,97.83376,780.2328,72.1414,Flash,100,100,-14.33167,244.5805,0,False,True,True,87.53906,359.2969
aizy,CounterTerrorist,97.47533,787.8805,72.26734,Flash,100,100,-9.768358,244.8052,0,False,True,True,86.48438,358.9453
aizy,CounterTerrorist,97.25065,795.5333,72.40971,Flash,100,100,-5.737012,244.9328,0,False,True,True,86.13281,358.9453
aizy,CounterTerrorist,97.13778,803.1887,72.56578,Flash,100,100,-2.416405,244.9881,0,False,True,True,86.13281,358.9453
aizy,CounterTerrorist,97.1173,810.8448,72.60664,Flash,100,100,0.3389039,244.9998,0,False,True,True,86.13281,358.9453
aizy,CounterTerrorist,97.17394,818.5009,72.60664,Flash,100,100,2.646451,244.9857,0,False,True,True,86.13281,358.9453
aizy,CounterTerrorist,97.29544,826.1561,72.62457,Flash,100,100,4.591832,244.957,0,False,True,True,86.13281,358.9453
aizy,CounterTerrorist,97.42303,831.8969,72.62457,Flash,100,100,5.852687,244.9301,0,False,True,True,86.13281,358.9453
aizy,CounterTerrorist,97.69506,841.4633,72.61734,Flash,100,100,7.678887,244.8796,0,False,True,True,86.13281,358.5938
aizy,CounterTerrorist,97.96325,849.1149,72.56898,Flash,100,100,9.136637,244.8296,0,False,True,True,85.78125,358.2422
aizy,CounterTerrorist,98.27991,856.7645,72.6163,Flash,100,100,10.74595,244.7642,0,False,True,True,85.07813,357.8906
aizy,CounterTerrorist,98.64842,864.4119,72.72075,Flash,100,100,12.41326,244.6853,0,False,True,True,84.72656,357.8906
aizy,CounterTerrorist,98.95776,870.1457,72.772,Flash,100,100,13.57856,244.6234,0,False,True,True,84.72656,357.8906
aizy,CounterTerrorist,99.40911,877.7886,72.80453,Flash,100,100,14.93455,244.5444,0,False,True,True,84.72656,357.8906
aizy,CounterTerrorist,100.0266,887.339,72.85872,Flash,100,100,16.35184,244.4537,0,False,True,True,84.72656,357.8906
aizy,CounterTerrorist,100.5565,894.9769,72.89783,Flash,100,100,17.30078,244.3884,0,False,True,True,84.72656,357.8906
aizy,CounterTerrorist,101.1133,902.6129,72.99375,Flash,100,100,18.11233,244.3296,0,False,True,True,84.72656,357.8906
aizy,CounterTerrorist,101.2005,910.2156,73.12315,Flash,100,100,-7.679947,241.9785,0,False,True,True,84.72656,357.8906
aizy,CounterTerrorist,100.4808,917.6619,73.0795,P2000,100,100,-31.82976,237.0022,0,False,True,True,84.72656,357.8906
aizy,CounterTerrorist,99.07224,925.0082,72.93864,P2000,100,100,-52.61509,233.9928,0,False,True,True,84.375,357.8906
aizy,CounterTerrorist,97.14259,932.255,72.74568,P2000,100,100,-62.18103,231.8049,0,False,True,True,84.375,357.8906
aizy,CounterTerrorist,95.46796,939.5648,72.57822,P2000,100,100,-48.67619,235.012,0,False,True,True,84.375,357.8906
aizy,CounterTerrorist,94.17926,946.9525,72.44935,P2000,100,100,-36.97639,237.1344,0,False,True,True,84.02344,357.8906
aizy,CounterTerrorist,93.23047,954.3917,72.35448,P2000,100,100,-26.49737,238.5328,0,False,True,True,82.61719,357.8906
aizy,CounterTerrorist,92.59771,961.8645,72.29118,P2000,100,100,-16.55988,239.428,0,False,True,True,80.85938,357.8906
aizy,CounterTerrorist,92.26797,969.3568,73.08271,P2000,100,100,-6.999036,239.8979,0,False,True,True,79.10156,357.8906
aizy,CounterTerrorist,92.22854,976.8563,74.23253,P2000,100,100,2.112974,239.9907,0,False,True,True,77.69531,357.5391
aizy,CounterTerrorist,92.4043,984.0023,75.34949,M4A4,100,100,8.099117,224.8542,0,False,True,True,76.64063,357.1875
aizy,CounterTerrorist,92.63619,991.0244,76.453,M4A4,100,100,1.151499,224.6978,0,False,True,True,75.9375,357.1875
aizy,CounterTerrorist,92.28735,998.0421,77.49777,M4A4,100,100,-18.16397,224.2656,0,False,True,True,75.9375,357.1875
aizy,CounterTerrorist,91.39365,1005.015,78.18633,M4A4,100,100,-34.50894,222.3379,0,False,True,True,75.9375,357.1875
aizy,CounterTerrorist,90.21202,1011.946,78.71946,M4A4,100,100,-33.76306,222.4524,0,False,True,True,75.9375,357.1875
aizy,CounterTerrorist,89.43744,1018.933,79.14407,M4A4,100,100,-19.68145,224.1375,0,False,True,True,75.9375,357.1875
aizy,CounterTerrorist,89.06086,1025.953,79.41409,M4A4,100,100,-7.721774,224.8675,0,False,True,True,75.9375,357.1875
aizy,CounterTerrorist,89.02096,1032.984,79.6845,M4A4,100,100,2.373196,224.9875,0,False,True,True,75.9375,357.1875
aizy,CounterTerrorist,89.26449,1040.01,79.95475,M4A4,100,100,10.85954,224.7378,0,False,True,True,75.9375,357.1875
aizy,CounterTerrorist,89.74589,1047.025,80.144,M4A4,100,100,17.97488,224.2809,0,False,True,True,75.9375,357.1875
aizy,CounterTerrorist,90.09174,1054.031,80.12671,M4A4,100,100,2.783612,224.2316,0,False,True,True,75.9375,357.1875
aizy,CounterTerrorist,89.9202,1059.287,80.12671,M4A4,100,100,-12.17972,224.3063,0,False,True,True,75.9375,357.1875
aizy,CounterTerrorist,88.93357,1068.018,80.18722,M4A4,100,100,-33.36161,222.5129,0,False,True,True,75.9375,357.1875
aizy,CounterTerrorist,87.61345,1074.923,81.16523,M4A4,100,100,-47.26329,219.9799,0,False,True,True,75.9375,357.1875
aizy,CounterTerrorist,85.91619,1081.746,82.15122,M4A4,100,100,-58.10175,217.3688,0,False,True,True,73.82813,357.1875
aizy,CounterTerrorist,83.94434,1088.495,83.14117,M4A4,100,100,-65.77314,215.1718,0,False,True,True,72.07031,357.1875
aizy,CounterTerrorist,81.7707,1095.181,84.13299,M4A4,100,100,-71.69041,213.2733,0,False,True,True,71.71875,357.5391
aizy,CounterTerrorist,79.43207,1101.812,85.74806,M4A4,100,100,-76.6103,211.5558,0,False,True,True,71.71875,357.5391
aizy,CounterTerrorist,76.95657,1108.393,89.06948,M4A4,100,100,-80.67067,210.041,0,False,True,True,71.71875,357.5391
aizy,CounterTerrorist,74.42442,1114.945,92.37732,M4A4,100,100,-76.9837,210.5661,0,False,True,True,71.71875,357.5391
aizy,CounterTerrorist,72.46778,1121.635,95.74651,M4A4,100,100,-54.40633,216.054,0,False,True,True,71.71875,357.5391
aizy,CounterTerrorist,71.16471,1128.476,95.84546,M4A4,100,100,-34.22581,220.4845,0,False,True,True,69.25781,357.5391
aizy,CounterTerrorist,70.47845,1135.427,95.86261,M4A4,100,100,-14.6927,223.417,0,False,True,True,65.39063,357.8906
aizy,CounterTerrorist,70.37928,1142.445,95.86261,M4A4,100,100,3.486345,224.973,0,False,True,True,63.98437,358.2422
aizy,CounterTerrorist,70.80052,1149.462,95.86125,M4A4,100,100,19.13783,224.1846,0,False,True,True,63.98437,358.2422
aizy,CounterTerrorist,71.66139,1156.439,95.83974,M4A4,100,100,32.30534,222.6687,0,False,True,True,63.98437,358.2422
aizy,CounterTerrorist,72.72064,1163.39,95.81325,M4A4,100,100,28.87974,223.1389,0,False,True,True,63.98437,358.2422
aizy,CounterTerrorist,73.28538,1170.459,95.4635,Flash,100,100,11.76829,228.6967,0,False,True,True,63.98437,358.2422
aizy,CounterTerrorist,73.35658,1177.723,95.45941,Flash,100,100,-3.131162,234.5762,0,False,True,True,63.98437,358.2422
aizy,CounterTerrorist,73.00421,1185.154,95.47552,Flash,100,100,-15.9183,239.6221,0,False,True,True,63.98437,358.2422
aizy,CounterTerrorist,72.28906,1192.725,95.49713,Flash,100,100,-26.81001,243.5287,0,False,True,True,63.98437,358.2422
aizy,CounterTerrorist,71.27926,1200.314,95.53741,Flash,100,100,-35.40789,242.4279,0,False,True,True,63.63281,358.2422
aizy,CounterTerrorist,70.2151,1207.886,95.58572,Flash,100,100,-26.89562,242.904,0,False,True,True,63.63281,358.2422
aizy,CounterTerrorist,69.80888,1215.514,95.56665,Flash,100,100,-5.071242,244.7674,0,False,True,True,63.63281,358.2422
aizy,CounterTerrorist,70.02319,1223.166,95.41606,Flash,100,100,13.63859,244.6201,0,False,True,True,63.63281,358.2422
aizy,CounterTerrorist,70.76524,1230.785,95.29733,Flash,100,100,29.46944,243.2212,0,False,True,True,63.63281,358.2422
aizy,CounterTerrorist,71.95145,1238.347,95.21645,Flash,100,100,42.75723,241.2402,0,False,True,True,63.63281,358.2422
aizy,CounterTerrorist,73.50936,1245.843,95.11023,Flash,100,100,53.85909,239.0067,0,False,True,True,63.63281,358.2422
aizy,CounterTerrorist,75.0874,1253.333,95.00262,Flash,100,100,43.23817,241.1544,0,False,True,True,63.63281,358.2422
aizy,CounterTerrorist,76.05663,1260.926,94.93654,Flash,100,100,24.04041,243.8177,0,False,True,True,63.63281,358.2422
aizy,CounterTerrorist,76.48048,1268.569,94.90765,Flash,100,100,7.607316,244.8819,0,False,True,True,63.63281,358.2422
aizy,CounterTerrorist,76.50407,1276.225,94.9054,Flash,100,100,1.830454,244.9932,0,False,True,True,63.63281,358.2422
aizy,CounterTerrorist,76.9136,1283.869,94.87812,Flash,100,100,19.50157,244.2226,0,False,True,True,63.63281,358.2422
aizy,CounterTerrorist,77.82034,1291.47,94.81629,Flash,100,100,34.3997,242.573,0,False,True,True,63.63281,358.2422
aizy,CounterTerrorist,79.14457,1299.01,94.726,Flash,100,100,46.88107,240.4728,0,False,True,True,63.63281,358.2422
aizy,CounterTerrorist,80.81824,1306.481,94.61189,Flash,100,100,57.33051,238.1978,0,False,True,True,63.28125,358.2422
aizy,CounterTerrorist,82.78449,1313.88,94.47784,Flash,100,100,66.08115,235.9201,0,False,True,True,63.28125,358.2422
aizy,CounterTerrorist,84.9979,1321.209,94.26347,Flash,100,100,73.55314,233.6984,0,False,True,True,62.92969,358.2422
aizy,CounterTerrorist,87.42998,1328.468,94.01196,Flash,100,100,80.35276,231.4486,0,False,True,True,61.875,358.2422
aizy,CounterTerrorist,90.07274,1335.653,94.22793,Flash,100,100,87.09212,228.9977,0,False,True,True,59.76563,358.5938
aizy,CounterTerrorist,92.86477,1342.779,94.42652,Flash,100,100,86.11272,228.9462,0,False,True,True,58.35937,359.2969
aizy,CounterTerrorist,95.12477,1350.072,94.6841,Flash,100,100,64.45836,235.8949,0,False,True,True,58.35937,359.2969
aizy,CounterTerrorist,96.76596,1357.547,95.0095,Flash,100,100,45.64104,240.7112,0,False,True,True,58.35937,359.2969
aizy,CounterTerrorist,97.93082,1365.113,95.38402,Flash,100,100,37.43228,242.1236,0,False,True,True,58.35937,359.2969
aizy,CounterTerrorist,99.40544,1372.625,98.97011,Flash,100,100,52.7,239.2649,0,False,True,True,58.35937,359.2969
aizy,CounterTerrorist,101.3068,1380.04,100.6973,Flash,100,100,65.43732,236.0995,0,False,True,True,58.35937,359.2969
aizy,CounterTerrorist,103.5635,1387.356,100.7653,Flash,100,100,76.05404,232.8965,0,False,True,True,58.35937,359.2969
aizy,CounterTerrorist,106.1204,1394.572,100.9865,Flash,100,100,85.09061,229.749,0,False,True,True,58.00781,359.2969
aizy,CounterTerrorist,108.9316,1401.693,101.0454,Flash,100,100,92.71122,226.781,0,False,True,True,57.65625,359.2969
aizy,CounterTerrorist,111.479,1408.903,101.1031,Flash,100,100,73.35654,233.4339,0,False,True,True,57.65625,359.2969
aizy,CounterTerrorist,113.3856,1416.315,101.1472,Flash,100,100,53.91815,238.9934,0,False,True,True,57.65625,359.2969
aizy,CounterTerrorist,114.9219,1423.815,101.1803,Flash,100,100,52.86993,239.2274,0,False,True,True,57.30469,359.2969
aizy,CounterTerrorist,116.8423,1431.225,101.1212,Flash,100,100,66.29979,235.8587,0,False,True,True,57.30469,359.2969
aizy,CounterTerrorist,119.1373,1438.529,101.0601,Flash,100,100,77.46177,232.4321,0,False,True,True,57.30469,359.2969
aizy,CounterTerrorist,121.741,1445.728,101.0073,Flash,100,100,86.53028,229.2106,0,False,True,True,58.00781,359.2969
aizy,CounterTerrorist,124.5668,1452.844,100.9604,Flash,100,100,92.16924,227.0018,0,False,True,True,62.57813,358.9453
aizy,CounterTerrorist,127.447,1459.938,109.9094,Flash,100,100,92.16924,227.0018,273.8684,False,True,True,67.5,358.2422
aizy,CounterTerrorist,130.3273,1467.031,118.0771,Flash,100,100,92.16924,227.0018,248.8684,False,True,True,68.20313,358.2422
aizy,CounterTerrorist,133.2077,1474.125,125.4636,Flash,100,100,92.16924,227.0018,223.8684,False,True,True,63.28125,358.9453
aizy,CounterTerrorist,136.088,1481.219,132.0688,M4A4,100,100,92.16924,227.0018,198.8684,False,True,True,56.25,359.2969
aizy,CounterTerrorist,138.9683,1488.313,137.8929,M4A4,100,100,92.16924,227.0018,173.8684,False,True,True,52.03125,359.6484
aizy,CounterTerrorist,141.8486,1495.406,142.9356,M4A4,100,100,92.16924,227.0018,148.8684,False,True,True,51.32813,359.6484
aizy,CounterTerrorist,144.7289,1502.5,147.1972,M4A4,100,100,92.16924,227.0018,123.8684,False,True,True,51.32813,359.6484
aizy,CounterTerrorist,147.6092,1509.594,150.6775,M4A4,100,100,92.16924,227.0018,98.86838,False,True,True,51.32813,359.6484
aizy,CounterTerrorist,150.4895,1516.688,153.3765,M4A4,100,100,92.16924,227.0018,73.86838,False,True,True,51.32813,359.6484
aizy,CounterTerrorist,153.3698,1523.781,155.2943,M4A4,100,100,92.16924,227.0018,48.86838,False,True,True,51.32813,359.6484
aizy,CounterTerrorist,156.2501,1530.875,156.4308,M4A4,100,100,92.16924,227.0018,23.86838,False,True,True,51.32813,359.6484
aizy,CounterTerrorist,159.1304,1537.969,156.7861,M4A4,100,100,92.16924,227.0018,-1.131622,False,True,True,51.32813,359.6484
aizy,CounterTerrorist,162.0108,1545.063,156.3601,M4A4,100,100,92.16924,227.0018,-26.13162,False,True,True,51.32813,359.6484
aizy,CounterTerrorist,164.8911,1552.156,155.1529,M4A4,100,100,92.16924,227.0018,-51.13162,False,True,True,51.32813,359.6484
aizy,CounterTerrorist,167.7714,1559.25,153.1645,M4A4,100,100,92.16924,227.0018,-76.13162,False,True,True,51.32813,359.6484
aizy,CounterTerrorist,170.6517,1566.344,150.3947,M4A4,100,100,92.16924,227.0018,-101.1316,False,True,True,51.32813,359.6484
aizy,CounterTerrorist,173.532,1573.438,146.8438,M4A4,100,100,92.16924,227.0018,-126.1316,False,True,True,51.32813,359.6484
aizy,CounterTerrorist,176.4123,1580.531,142.5116,M4A4,100,100,92.16924,227.0018,-151.1316,False,True,True,51.32813,359.6484
aizy,CounterTerrorist,179.2926,1587.625,137.3981,M4A4,100,100,92.16924,227.0018,-176.1316,False,True,True,50.27344,358.9453
aizy,CounterTerrorist,182.1729,1594.719,131.5034,M4A4,100,100,92.16924,227.0018,-201.1316,False,True,True,48.86719,358.9453
aizy,CounterTerrorist,185.0532,1601.813,124.8274,M4A4,100,100,92.16924,227.0018,-226.1316,False,True,True,48.51563,358.9453
aizy,CounterTerrorist,187.9335,1608.906,117.3701,M4A4,100,100,92.16924,227.0018,-251.1316,False,True,True,48.51563,358.9453
aizy,CounterTerrorist,190.5922,1615.454,109.831,M4A4,100,100,63.80081,157.1338,0,False,True,True,48.51563,358.9453
aizy,CounterTerrorist,192.342,1620.608,109.7732,M4A4,100,100,51.56675,169.3184,0,False,True,True,48.51563,358.9453
aizy,CounterTerrorist,193.7486,1626.108,109.7004,M4A4,100,100,41.31401,179.8758,0,False,True,True,48.51563,358.9453
aizy,CounterTerrorist,194.8702,1631.918,109.61,M4A4,100,100,32.85714,189.452,0,False,True,True,48.16407,358.9453
aizy,CounterTerrorist,195.7643,1638.015,109.5095,M4A4,100,100,26.32795,198.4201,0,False,True,True,47.10937,358.5938
aizy,CounterTerrorist,196.4946,1644.385,109.4004,M4A4,100,100,21.81332,207.0505,0,False,True,True,45.70313,358.5938
aizy,CounterTerrorist,197.1664,1650.989,109.7135,M4A4,100,100,25.60904,212.0061,0,False,True,True,44.64844,358.5938
aizy,CounterTerrorist,198.4224,1657.535,110.0854,M4A4,100,100,48.52585,208.03,0,False,True,True,44.29688,358.5938
aizy,CounterTerrorist,200.3315,1663.967,110.4304,M4A4,100,100,68.25546,204.5547,0,False,True,True,44.29688,358.5938
aizy,CounterTerrorist,202.8015,1670.3,110.7523,M4A4,100,100,85.188,201.5722,0,False,True,True,44.29688,358.5938
aizy,CounterTerrorist,205.7529,1676.548,110.8459,M4A4,100,100,99.71998,199.0125,0,False,True,True,44.29688,358.5938
aizy,CounterTerrorist,209.1093,1682.709,110.8336,M4A4,100,100,111.4316,195.4687,0,False,True,True,44.29688,358.5938
aizy,CounterTerrorist,212.3532,1688.946,110.8262,M4A4,100,100,97.87361,202.5975,0,False,True,True,44.29688,358.5938
aizy,CounterTerrorist,215.133,1695.403,110.8474,M4A4,100,100,83.91483,208.7661,0,False,True,True,43.24219,358.5938
aizy,CounterTerrorist,217.525,1702.014,111.018,M4A4,100,100,72.40567,213.0315,0,False,True,True,42.1875,358.5938
aizy,CounterTerrorist,219.6526,1708.715,111.1804,M4A4,100,100,69.95896,213.8475,0,False,True,True,41.83594,358.5938
aizy,CounterTerrorist,222.1869,1715.272,111.3371,M4A4,100,100,87.39072,207.3352,0,False,True,True,41.48438,358.2422
aizy,CounterTerrorist,225.2081,1721.619,113.9717,M4A4,100,100,101.9082,200.5984,0,False,True,True,41.48438,358.5938
aizy,CounterTerrorist,228.6321,1727.759,117.8275,M4A4,100,100,113.8729,194.0566,0,False,True,True,41.48438,358.5938
aizy,CounterTerrorist,232.3871,1733.703,118.7003,M4A4,100,100,123.6834,187.9559,0,False,True,True,41.13281,358.5938
aizy,CounterTerrorist,236.4131,1739.467,118.5348,M4A4,100,100,131.7229,182.4118,0,False,True,True,41.13281,358.5938
aizy,CounterTerrorist,240.6618,1745.069,118.3602,M4A4,100,100,138.3527,177.436,0,False,True,True,41.13281,358.5938
aizy,CounterTerrorist,245.0967,1750.525,118.178,M4A4,100,100,143.9444,172.9307,0,False,True,True,40.42969,358.5938
aizy,CounterTerrorist,249.6898,1755.848,117.9903,M4A4,100,100,148.6982,168.8604,0,False,True,True,40.42969,358.5938
aizy,CounterTerrorist,254.4153,1761.055,117.8619,M4A4,100,100,152.6328,165.3125,0,False,True,True,40.42969,358.5938
aizy,CounterTerrorist,259.2496,1766.16,117.7305,M4A4,100,100,155.8468,162.286,0,False,True,True,40.42969,358.5938
aizy,CounterTerrorist,264.1713,1771.181,117.5968,M4A4,100,100,158.4113,159.7838,0,False,True,True,40.42969,358.5938
aizy,CounterTerrorist,269.1632,1776.133,117.4318,M4A4,100,100,160.4868,157.6991,0,False,True,True,40.42969,358.5938
aizy,CounterTerrorist,274.2125,1781.026,117.0858,M4A4,100,100,162.1913,155.9455,0,False,True,True,40.42969,358.5938
aizy,CounterTerrorist,279.3092,1785.87,116.8955,M4A4,100,100,163.6061,154.4605,0,False,True,True,40.42969,358.5938
aizy,CounterTerrorist,284.4456,1790.672,116.7115,M4A4,100,100,164.7967,153.1896,0,False,True,True,40.42969,358.2422
aizy,CounterTerrorist,289.6156,1795.437,116.5279,M4A4,100,100,165.8046,152.0981,0,False,True,True,40.42969,358.2422
aizy,CounterTerrorist,294.814,1800.172,116.3445,M4A4,100,100,166.656,151.1647,0,False,True,True,40.42969,358.2422
aizy,CounterTerrorist,300.0364,1804.879,116.4629,M4A4,100,100,167.3778,150.3652,0,False,True,True,40.42969,358.2422
aizy,CounterTerrorist,305.2791,1809.565,116.6744,M4A4,100,100,167.9911,149.6796,0,False,True,True,40.42969,358.2422
aizy,CounterTerrorist,310.4502,1814.314,116.8426,M4A4,100,100,160.0532,156.5757,0,False,True,True,40.42969,358.2422
aizy,CounterTerrorist,315.061,1819.504,116.9925,M4A4,100,100,140.4137,171.4675,0,False,True,True,40.42969,358.2422
aizy,CounterTerrorist,319.6046,1824.842,117.0287,M4A4,100,100,147.6466,169.7807,0,False,True,True,40.42969,358.2422
aizy,CounterTerrorist,323.1159,1828.777,117.0287,M4A4,100,100,150.8462,166.9443,0,False,True,True,40.07813,358.5938
aizy,CounterTerrorist,329.1171,1835.198,117.0287,M4A4,100,100,155.358,162.7541,0,False,True,True,40.07813,358.5938
aizy,CounterTerrorist,334.0303,1840.227,117.2742,M4A4,100,100,158.2623,159.9314,0,False,True,True,39.72656,358.9453
aizy,CounterTerrorist,339.0224,1845.179,117.9655,M4A4,100,100,160.5778,157.6063,0,False,True,True,39.72656,358.9453
aizy,CounterTerrorist,344.2064,1850.176,120.9063,Flash,100,100,168.915,161.2382,0,False,True,True,39.72656,358.9453
aizy,CounterTerrorist,349.6274,1855.277,125.9131,Flash,100,100,176.0701,164.3551,0,False,True,True,39.72656,358.9453
aizy,CounterTerrorist,355.2348,1860.452,126.0264,Flash,100,100,180.5502,165.6098,0,False,True,True,39.72656,358.9453
aizy,CounterTerrorist,360.8991,1865.603,126.1392,Flash,100,100,181.6606,164.391,0,False,True,True,39.72656,358.9453
aizy,CounterTerrorist,366.5947,1870.719,126.2513,Flash,100,100,182.5982,163.349,0,False,True,True,39.72656,358.9453
aizy,CounterTerrorist,372.3172,1875.805,126.1233,Flash,100,100,183.4359,162.4078,0,False,True,True,39.72656,358.9453
aizy,CounterTerrorist,378.0675,1880.86,125.9796,Flash,100,100,184.3553,161.3633,0,False,True,True,39.02344,358.9453
aizy,CounterTerrorist,383.8461,1885.883,125.8351,Flash,100,100,185.235,160.3528,0,False,True,True,39.02344,358.9453
aizy,CounterTerrorist,389.6497,1890.877,125.69,Flash,100,100,185.9944,159.4712,0,False,True,True,39.02344,358.9453
aizy,CounterTerrorist,395.4753,1895.844,126.5162,Flash,100,100,186.6595,158.6923,0,False,True,True,39.02344,358.9453
aizy,CounterTerrorist,401.3199,1900.79,127.1865,Flash,100,100,187.2352,158.0126,0,False,True,True,39.02344,358.9453
aizy,CounterTerrorist,407.1804,1905.717,127.4045,Flash,100,100,187.7026,157.4571,0,False,True,True,39.02344,358.9453
aizy,CounterTerrorist,413.0764,1910.6,127.6211,Flash,100,100,191.0514,153.3765,0,False,True,True,39.375,358.9453
aizy,CounterTerrorist,419.3106,1914.885,127.8184,Flash,100,100,204.3133,127.8672,0,False,True,True,39.72656,359.2969
aizy,CounterTerrorist,425.9229,1918.456,127.9926,Flash,100,100,215.753,106.6659,0,False,True,True,41.13281,359.2969
aizy,CounterTerrorist,432.8619,1921.448,128.1136,Flash,100,100,225.6459,89.73546,0,False,True,True,43.24219,359.2969
aizy,CounterTerrorist,440.0691,1923.986,128.213,Flash,100,100,232.8064,76.32933,0,False,True,True,45.35156,359.2969
aizy,CounterTerrorist,447.2162,1926.727,128.3172,Flash,100,100,226.1705,94.19074,0,False,True,True,46.75781,358.9453
aizy,CounterTerrorist,454.1486,1929.973,128.4333,Flash,100,100,219.2364,109.3637,0,False,True,True,47.10937,358.9453
aizy,CounterTerrorist,460.8681,1933.641,128.5591,Flash,100,100,212.5453,121.8585,0,False,True,True,47.10937,358.9453
aizy,CounterTerrorist,467.3884,1937.653,128.6634,Flash,100,100,206.386,132.022,0,False,True,True,47.10937,358.9453
aizy,CounterTerrorist,473.7281,1941.944,128.7734,Flash,100,100,200.8413,140.3131,0,False,True,True,47.10937,358.9453
aizy,CounterTerrorist,479.9069,1946.465,128.8893,Flash,100,100,195.9314,147.0914,0,False,True,True,47.10937,358.9453
aizy,CounterTerrorist,485.9445,1951.172,129.0101,Flash,100,100,191.6442,152.6352,0,False,True,True,47.10937,358.9453
aizy,CounterTerrorist,491.8589,1956.034,129.1347,Flash,100,100,187.8662,157.2619,0,False,True,True,47.46093,358.9453
aizy,CounterTerrorist,497.68,1961.007,129.1216,Flash,100,100,187.1299,158.1373,0,False,True,True,49.92188,358.9453
aizy,CounterTerrorist,503.7232,1965.694,133.641,Flash,100,100,194.254,148.9091,286.3684,False,True,True,53.4375,358.5938
aizy,CounterTerrorist,509.7937,1970.348,142.1994,Flash,100,100,194.254,148.9091,261.3684,False,True,True,53.08593,358.9453
aizy,CounterTerrorist,515.8642,1975.001,149.9766,Flash,100,100,194.254,148.9091,236.3684,False,True,True,48.51563,359.6484
aizy,CounterTerrorist,521.9855,1979.601,156.9725,M4A4,100,100,199.2173,143.6175,211.3684,False,True,True,42.89063,0.3515625
aizy,CounterTerrorist,528.3594,1983.921,163.1871,M4A4,100,100,204.6121,137.4977,186.3684,False,True,True,41.13281,0.703125
aizy,CounterTerrorist,534.7534,1988.218,168.6205,M4A4,100,100,204.6121,137.4977,161.3684,False,True,True,46.75781,0.3515625
aizy,CounterTerrorist,541.1475,1992.515,173.2727,M4A4,100,100,204.6121,137.4977,136.3684,False,True,True,55.89844,0
aizy,CounterTerrorist,547.5415,1996.811,177.1436,M4A4,100,100,204.6121,137.4977,111.3684,False,True,True,62.92969,359.6484
aizy,CounterTerrorist,553.9355,2001.108,180.2333,M4A4,100,100,204.6121,137.4977,86.36838,False,True,True,64.6875,0
aizy,CounterTerrorist,560.3296,2005.405,182.5417,M4A4,100,100,204.6121,137.4977,61.36838,False,True,True,64.6875,0
aizy,CounterTerrorist,566.7236,2009.702,184.0688,M4A4,100,100,204.6121,137.4977,36.36838,False,True,True,64.6875,0
aizy,CounterTerrorist,573.1177,2013.999,184.8148,M4A4,100,100,204.6121,137.4977,11.36838,False,True,True,64.6875,0
aizy,CounterTerrorist,579.5117,2018.296,184.7794,M4A4,100,100,204.6121,137.4977,-13.63162,False,True,True,64.6875,0
aizy,CounterTerrorist,585.9058,2022.593,183.9628,M4A4,100,100,204.6121,137.4977,-38.63162,False,True,True,64.6875,0
aizy,CounterTerrorist,592.2998,2026.89,182.365,M4A4,100,100,204.6121,137.4977,-63.63162,False,True,True,64.6875,0
aizy,CounterTerrorist,598.6938,2031.186,179.9859,M4A4,100,100,204.6121,137.4977,-88.63162,False,True,True,64.6875,0
aizy,CounterTerrorist,605.0879,2035.483,176.8256,M4A4,100,100,204.6121,137.4977,-113.6316,False,True,True,64.6875,0
aizy,CounterTerrorist,611.4819,2039.78,172.884,M4A4,100,100,204.6121,137.4977,-138.6316,False,True,True,64.6875,0
aizy,CounterTerrorist,617.876,2044.077,168.1611,M4A4,100,100,204.6121,137.4977,-163.6316,False,True,True,64.33594,0.3515625
aizy,CounterTerrorist,624.27,2048.374,162.657,M4A4,100,100,204.6121,137.4977,-188.6316,False,True,True,63.63281,1.054688
aizy,CounterTerrorist,630.6641,2052.671,156.3717,M4A4,100,100,204.6121,137.4977,-213.6316,False,True,True,61.875,2.8125
aizy,CounterTerrorist,637.0581,2056.968,149.3051,M4A4,100,100,204.6121,137.4977,-238.6316,False,True,True,59.0625,5.273438
aizy,CounterTerrorist,643.4521,2061.264,141.4573,M4A4,100,100,204.6121,137.4977,-263.6316,False,True,True,56.95313,8.085938
aizy,CounterTerrorist,649.8462,2065.561,132.8282,M4A4,100,100,204.6121,137.4977,0,False,True,True,56.25,11.25
aizy,CounterTerrorist,654.1219,2068.642,132.9467,M4A4,100,100,135.9281,104.4574,0,False,True,True,56.95313,13.00781
aizy,CounterTerrorist,658.327,2072.189,132.9445,M4A4,100,100,133.7757,118.7411,0,False,True,True,58.00781,14.76563
aizy,CounterTerrorist,662.4943,2076.191,133.0107,Knife,100,100,133.9299,134.6633,0,False,True,True,59.76563,16.17188
aizy,CounterTerrorist,666.7017,2080.738,133.1139,Knife,100,100,134.7961,151.8392,0,False,True,True,62.22656,17.22656
aizy,CounterTerrorist,670.8865,2085.798,133.2671,Knife,100,100,132.9532,167.8688,0,False,True,True,67.5,18.63281
aizy,CounterTerrorist,674.9415,2091.346,133.4762,Knife,100,100,127.2824,183.2358,0,False,True,True,73.82813,18.98438
aizy,CounterTerrorist,678.7354,2097.359,133.7492,Knife,100,100,117.4104,197.7681,0,False,True,True,80.85938,17.92969
aizy,CounterTerrorist,682.1682,2103.798,133.5588,Knife,100,100,105.3247,210.8256,0,False,True,True,84.375,16.52344
aizy,CounterTerrorist,685.2424,2110.611,133.2854,Knife,100,100,94.41496,222.0905,0,False,True,True,84.375,16.17188
aizy,CounterTerrorist,688.0065,2117.743,133.0668,Knife,100,100,85.05194,231.7584,0,False,True,True,84.375,16.17188
aizy,CounterTerrorist,690.4973,2125.129,132.8956,Knife,100,100,76.36521,238.0512,0,False,True,True,84.375,16.17188
aizy,CounterTerrorist,692.7192,2132.619,132.746,Knife,100,100,68.1068,240.5441,0,False,True,True,84.375,16.17188
aizy,CounterTerrorist,694.7107,2140.173,132.619,Knife,100,100,61.34179,242.3576,0,False,True,True,83.67188,16.17188
aizy,CounterTerrorist,696.5452,2147.766,132.5161,Knife,100,100,57.76812,243.2341,0,False,True,True,79.10156,17.22656
aizy,CounterTerrorist,698.3885,2155.358,132.412,Knife,100,100,60.78025,242.499,0,False,True,True,67.85156,20.39063
aizy,CounterTerrorist,700.532,2162.869,132.2614,Knife,100,100,74.62625,238.602,0,False,True,True,47.8125,24.60938
aizy,CounterTerrorist,703.2882,2170.162,132.0147,Knife,100,100,97.05254,229.0834,0,False,True,True,29.88281,26.01563
aizy,CounterTerrorist,706.8096,2176.98,131.6437,Knife,100,100,122.067,210.6844,0,False,True,True,15.11719,27.07031
aizy,CounterTerrorist,711.093,2183.091,131.1435,Knife,100,100,145.741,185.9314,0,False,True,True,3.164063,29.53125
aizy,CounterTerrorist,715.806,2188.382,130.857,Knife,100,100,144.9617,159.7105,0,False,True,True,356.1328,30.9375
aizy,CounterTerrorist,719.8952,2192.671,130.9811,Knife,100,100,121.6787,115.778,0,False,True,True,352.2656,31.64063
aizy,CounterTerrorist,723.2281,2195.149,131.0267,Knife,100,100,97.95582,58.52463,0,False,True,True,350.5078,32.69531
aizy,CounterTerrorist,725.8743,2196.001,131.0426,Knife,100,100,77.08297,9.47186,0,False,True,True,350.1563,32.69531
aizy,CounterTerrorist,727.9175,2195.461,131.0381,Knife,100,100,58.51633,-32.47261,0,False,True,True,350.1563,32.69531
aizy,CounterTerrorist,729.554,2194.553,131.0246,Knife,100,100,48.67947,-27.01382,0,False,True,True,349.8047,33.04688
aizy,CounterTerrorist,730.8831,2193.815,131.0136,Knife,100,100,38.8426,-21.55502,0,False,True,True,349.4531,33.39844
aizy,CounterTerrorist,731.9048,2193.249,131.0051,Knife,100,100,29.00573,-16.09622,0,False,True,True,348.0469,34.80469
aizy,CounterTerrorist,732.6191,2192.852,130.9992,Knife,100,100,19.16886,-10.63742,0,False,True,True,345.2344,37.61719
aizy,CounterTerrorist,733.026,2192.626,130.9958,Knife,100,100,9.331987,-5.178621,0,False,True,True,341.3672,41.83594
aizy,CounterTerrorist,733.1295,2192.569,130.995,Knife,100,100,0,0,0,False,True,True,337.1484,46.05469
aizy,CounterTerrorist,733.1295,2192.569,130.995,Knife,100,100,0,0,0,False,True,True,335.0391,48.16407
aizy,CounterTerrorist,733.1295,2192.569,130.995,Knife,100,100,0,0,0,False,True,True,333.9844,48.86719
aizy,CounterTerrorist,733.1295,2192.569,130.995,Knife,100,100,0,0,0,False,True,True,333.9844,48.86719
aizy,CounterTerrorist,733.1295,2192.569,130.995,Knife,100,100,0,0,0,False,True,True,333.6328,48.86719
aizy,CounterTerrorist,733.1295,2192.569,130.995,Knife,100,100,0,0,0,False,True,True,333.6328,48.86719
aizy,CounterTerrorist,733.1295,2192.569,130.995,Knife,100,100,0,0,0,False,True,True,333.6328,48.86719
aizy,CounterTerrorist,733.1295,2192.569,130.995,Knife,100,100,0,0,0,False,True,True,333.2813,48.86719
aizy,CounterTerrorist,733.1295,2192.569,130.995,Knife,100,100,0,0,0,False,True,True,333.2813,48.86719
aizy,CounterTerrorist,733.1295,2192.569,130.995,CZ,100,100,0,0,0,False,True,True,333.2813,48.86719
aizy,CounterTerrorist,733.4343,2193.186,130.995,CZ,100,100,14.77062,30.13692,0,False,True,True,334.3359,48.51563
aizy,CounterTerrorist,734.1307,2194.681,131.0137,CZ,100,100,26.38405,58.60959,0,False,True,True,339.2578,46.40625
aizy,CounterTerrorist,735.0945,2197.092,131.0522,CZ,100,100,32.45419,88.22364,0,False,True,True,349.4531,42.53906
aizy,CounterTerrorist,736.059,2200.387,131.0982,CZ,100,100,28.47984,115.2832,0,False,True,True,4.921875,36.91406
aizy,CounterTerrorist,736.6329,2204.414,131.1718,CZ,100,100,10.43722,135.7522,0,False,True,True,30.9375,25.66406
aizy,CounterTerrorist,736.7281,2209.001,131.2402,CZ,100,100,0.9473517,154.1543,0,False,True,True,56.25,13.35938
aizy,CounterTerrorist,736.8279,2214.135,131.3168,CZ,100,100,7.544391,170.1314,0,False,True,True,75.58594,4.570313
aizy,CounterTerrorist,737.1556,2219.752,131.4007,CZ,100,100,11.55589,185.359,0,False,True,True,84.72656,0
aizy,CounterTerrorist,737.5568,2225.809,131.3987,CZ,100,100,13.5742,198.6076,0,False,True,True,84.72656,0
aizy,CounterTerrorist,738.0155,2232.241,131.3846,CZ,100,100,15.30637,209.9779,0,False,True,True,84.72656,0
aizy,CounterTerrorist,738.5234,2238.997,131.369,CZ,100,100,16.79296,219.7362,0,False,True,True,84.72656,0
aizy,CounterTerrorist,739.0736,2246.031,131.3521,CZ,100,100,18.06881,228.1112,0,False,True,True,84.72656,0
aizy,CounterTerrorist,739.6601,2253.302,131.1994,CZ,100,100,19.16376,235.2987,0,False,True,True,84.72656,0
aizy,CounterTerrorist,740.2754,2260.754,130.9852,CZ,100,100,19.89157,239.1743,0,False,True,True,84.72656,0
aizy,CounterTerrorist,740.9033,2268.228,130.7696,CZ,100,100,20.20613,239.1479,0,False,True,True,84.72656,0
aizy,CounterTerrorist,741.5401,2275.7,130.5533,CZ,100,100,20.47596,239.1249,0,False,True,True,84.72656,0
aizy,CounterTerrorist,742.1845,2283.173,130.3365,CZ,100,100,20.69194,239.1064,0,False,True,True,84.72656,0
aizy,CounterTerrorist,742.7692,2290.637,130.1244,CZ,100,100,12.89574,238.0492,0,False,True,True,86.13281,0.703125
aizy,CounterTerrorist,742.5972,2297.982,129.8543,CZ,100,100,-16.30403,233.036,0,False,True,True,90.35156,2.109375
aizy,CounterTerrorist,741.5493,2305.138,129.5611,CZ,100,100,-43.62326,226.3999,0,False,True,True,94.5703,3.515625
aizy,CounterTerrorist,739.8495,2312.157,129.3252,CZ,100,100,-55.14255,226.6244,0,False,True,True,98.08594,4.21875
aizy,CounterTerrorist,738.1658,2319.381,129.0774,CZ,100,100,-53.17783,233.7576,0,False,True,True,98.4375,4.21875
aizy,CounterTerrorist,736.555,2326.706,128.8186,CZ,100,100,-50.60285,234.6047,0,False,True,True,98.4375,4.21875
aizy,CounterTerrorist,735.0175,2334.046,128.6186,CZ,100,100,-48.40705,235.0676,0,False,True,True,98.4375,4.21875
aizy,CounterTerrorist,733.5417,2341.399,128.5807,CZ,100,100,-46.55198,235.442,0,False,True,True,98.4375,4.21875
aizy,CounterTerrorist,732.1183,2348.763,128.5361,CZ,100,100,-44.97784,235.7477,0,False,True,True,98.4375,4.21875
aizy,CounterTerrorist,730.7371,2356.135,128.486,CZ,100,100,-43.80717,235.9681,0,False,True,True,99.14063,4.21875
aizy,CounterTerrorist,729.3754,2363.51,128.4335,CZ,100,100,-43.61772,236.0032,0,False,True,True,100.8984,4.921875
aizy,CounterTerrorist,727.9836,2370.88,128.3847,CZ,100,100,-45.38029,235.6706,0,False,True,True,104.7656,6.679688
aizy,CounterTerrorist,726.4865,2378.229,128.3496,CZ,100,100,-49.70486,234.7966,0,False,True,True,108.9844,9.492188
aizy,CounterTerrorist,724.8143,2385.54,128.3372,CZ,100,100,-55.96835,233.3828,0,False,True,True,112.5,12.30469
aizy,CounterTerrorist,723.4203,2390.99,128.3372,CZ,100,100,-61.2328,232.0572,0,False,True,True,114.2578,14.0625
aizy,CounterTerrorist,720.8346,2400,128.3823,CZ,100,100,-69.28629,229.7812,0,False,True,True,114.9609,14.76563
aizy,CounterTerrorist,718.564,2407.148,128.4614,CZ,100,100,-74.56015,228.1245,0,False,True,True,114.9609,14.76563
aizy,CounterTerrorist,716.1488,2414.249,128.5731,CZ,100,100,-78.79252,226.6975,0,False,True,True,114.6094,14.41406
aizy,CounterTerrorist,713.6185,2421.309,128.7516,CZ,100,100,-82.18781,225.4887,0,False,True,True,114.6094,14.41406
aizy,CounterTerrorist,710.9944,2428.335,128.9556,CZ,100,100,-84.96711,224.4562,0,False,True,True,114.6094,14.41406
aizy,CounterTerrorist,708.2939,2435.332,129.371,CZ,100,100,-87.22746,223.5875,0,False,True,True,114.6094,14.41406
aizy,CounterTerrorist,705.5308,2442.304,129.7961,CZ,100,100,-89.09228,222.851,0,False,True,True,114.6094,14.41406
aizy,CounterTerrorist,702.7153,2449.256,130.2293,CZ,100,100,-90.66528,222.2157,0,False,True,True,114.6094,14.41406
aizy,CounterTerrorist,699.8554,2456.189,130.6693,CZ,100,100,-91.99776,221.6674,0,False,True,True,114.6094,14.41406
aizy,CounterTerrorist,696.9579,2463.107,131.115,CZ,100,100,-93.13005,221.194,0,False,True,True,114.6094,14.41406
aizy,CounterTerrorist,694.032,2470.013,133.763,CZ,100,100,-93.77681,220.9206,292.6184,False,True,True,114.2578,14.41406
aizy,CounterTerrorist,691.1016,2476.916,142.5167,CZ,100,100,-93.77681,220.9206,267.6184,False,True,True,115.3125,14.0625
aizy,CounterTerrorist,687.8781,2483.669,150.4892,CZ,100,100,-118.8193,207.9932,242.6184,False,True,True,117.4219,14.41406
aizy,CounterTerrorist,683.5508,2489.842,157.6804,CZ,100,100,-141.6006,195.8384,217.6184,False,True,True,118.8281,15.11719
aizy,CounterTerrorist,679.0242,2495.904,164.0903,CZ,100,100,-147.2471,192.6149,192.6184,False,True,True,120.2344,15.46875
aizy,CounterTerrorist,674.2619,2501.825,178.7191,CZ,100,100,-156.3283,186.9614,167.6184,False,True,True,122.6953,15.82031
aizy,CounterTerrorist,669.143,2507.506,183.5665,CZ,100,100,-168.5712,178.3705,142.6184,False,True,True,126.2109,16.17188
aizy,CounterTerrorist,663.7435,2512.979,187.6328,CZ,100,100,-174.5304,173.7199,117.6184,False,True,True,129.375,16.17188
aizy,CounterTerrorist,658.1981,2518.33,190.9177,CZ,100,100,-179.2175,169.684,92.61838,False,True,True,131.4844,16.17188
aizy,CounterTerrorist,652.5045,2523.549,193.4215,CZ,100,100,-184.0012,165.3633,0,False,True,True,132.1875,16.17188
aizy,CounterTerrorist,650.8166,2524.796,192.0313,CZ,100,100,-54.75093,33.59804,0,False,True,True,132.5391,16.17188
aizy,CounterTerrorist,649.0417,2525.641,192.0313,CZ,100,100,-58.5317,25.17586,0,False,True,True,132.5391,16.17188
aizy,CounterTerrorist,647.1536,2526.417,192.0313,CZ,100,100,-60.58167,26.71432,0,True,True,True,132.5391,16.52344
aizy,CounterTerrorist,645.2631,2527.373,192.0313,CZ,100,100,-60.48355,32.82199,0,True,True,True,132.1875,16.52344
aizy,CounterTerrorist,643.8439,2528.208,192.0313,CZ,100,100,-60.60837,36.95669,0,True,True,True,131.8359,16.52344
aizy,CounterTerrorist,641.463,2529.799,192.0313,CZ,100,100,-61.24829,43.12803,0,True,True,True,131.8359,16.52344
aizy,CounterTerrorist,639.5347,2531.233,192.0313,CZ,100,100,-61.96453,47.46461,0,True,True,True,131.8359,16.52344
aizy,CounterTerrorist,637.4822,2532.908,192.0313,CZ,100,100,-71.35026,61.19879,0,False,True,True,131.1328,16.52344
aizy,CounterTerrorist,634.973,2535.274,192.0313,CZ,100,100,-84.777,84.44301,0,False,True,True,123.3984,17.22656
aizy,CounterTerrorist,632.5575,2538.393,201.0397,CZ,100,100,-67.3606,108.999,0,False,True,True,112.8516,17.92969
aizy,CounterTerrorist,632.1619,2542.183,201.0397,CZ,100,100,11.27537,127.733,0,False,True,True,99.84375,18.28125
aizy,CounterTerrorist,632.9717,2546.435,201.0397,CZ,100,100,34.4212,140.6594,0,False,True,True,95.97657,18.28125
aizy,CounterTerrorist,634.4484,2551.047,201.0397,CZ,100,100,54.57138,151.528,0,False,True,True,95.97657,18.28125
aizy,CounterTerrorist,635.9185,2556.14,192.0313,CZ,100,100,42.75298,169.5313,0,False,True,True,95.97657,18.28125
aizy,CounterTerrorist,637.0526,2561.746,192.0313,CZ,100,100,32.61009,184.9822,0,False,True,True,95.97657,18.28125
aizy,CounterTerrorist,637.8984,2567.791,192.0313,CZ,100,100,23.90517,198.2427,0,False,True,True,95.97657,18.28125
aizy,CounterTerrorist,638.4967,2574.212,192.0313,CZ,100,100,16.43435,209.6231,0,False,True,True,95.97657,18.28125
aizy,CounterTerrorist,638.8827,2580.958,192.0313,CZ,100,100,10.02269,219.3902,0,False,True,True,95.97657,18.28125
aizy,CounterTerrorist,639.0864,2587.98,192.0313,CZ,100,100,4.520012,227.7726,0,False,True,True,95.97657,18.28125
aizy,CounterTerrorist,639.1334,2595.241,192.0313,CZ,100,100,-0.2381766,234.9628,0,False,True,True,95.97657,18.28125
aizy,CounterTerrorist,639.0639,2602.672,196.6034,CZ,100,100,-2.505585,238.1501,286.3684,False,True,True,96.6797,18.28125
aizy,CounterTerrorist,638.9855,2610.114,205.1618,CZ,100,100,-2.505585,238.1501,261.3684,False,True,True,95.27343,18.63281
aizy,CounterTerrorist,638.9072,2617.556,212.939,CZ,100,100,-2.505585,238.1501,236.3684,False,True,True,89.29688,19.33594
aizy,CounterTerrorist,638.8288,2624.999,219.9349,CZ,100,100,-2.505585,238.1501,211.3684,False,True,True,81.21094,20.39063
aizy,CounterTerrorist,638.7504,2632.441,226.1496,CZ,100,100,-2.505585,238.1501,186.3684,False,True,True,75.9375,21.44531
aizy,CounterTerrorist,638.6721,2639.884,231.5829,CZ,100,100,-2.505585,238.1501,161.3684,False,True,True,76.28906,22.5
aizy,CounterTerrorist,638.5695,2647.328,236.235,CZ,100,100,-5.602946,238.4691,136.3684,False,True,True,84.02344,23.55469
aizy,CounterTerrorist,638.0524,2654.789,240.1059,CZ,100,100,-23.21279,238.5246,111.3684,False,True,True,93.16406,24.25781
aizy,CounterTerrorist,636.9731,2662.197,243.1954,CZ,100,100,-41.37037,235.7769,86.36838,False,True,True,101.9531,24.25781
aizy,CounterTerrorist,635.3256,2669.453,245.5038,CZ,100,100,-59.50116,229.6626,61.36838,False,True,True,112.1484,23.55469
aizy,CounterTerrorist,633.1156,2676.465,247.0309,CZ,100,100,-77.46314,221.0154,36.36838,False,True,True,117.0703,22.85156
aizy,CounterTerrorist,630.6949,2683.371,247.7767,CZ,100,100,-77.46314,221.0154,11.36838,False,True,True,116.7187,22.85156
aizy,CounterTerrorist,628.5574,2690.405,247.7413,CZ,100,100,-59.78372,228.7106,-13.63162,False,True,True,111.7969,22.85156
aizy,CounterTerrorist,627.267,2697.74,246.9247,CZ,100,100,-29.4991,238.0132,-38.63162,False,True,True,104.4141,22.85156
aizy,CounterTerrorist,627.032,2705.3,245.3268,CZ,100,100,4.436635,243.4237,-63.63162,False,True,True,95.97657,22.85156
aizy,CounterTerrorist,627.3965,2712.925,242.9476,CZ,100,100,12.49735,244.0699,-88.63162,False,True,True,93.16406,22.85156
aizy,CounterTerrorist,627.7871,2720.552,239.7872,CZ,100,100,12.49735,244.0699,-113.6316,False,True,True,93.86719,21.79688
aizy,CounterTerrorist,628.1777,2728.179,235.8456,CZ,100,100,12.49735,244.0699,-138.6316,False,True,True,93.86719,21.79688
aizy,CounterTerrorist,628.5684,2735.806,231.1227,CZ,100,100,12.49735,244.0699,-163.6316,False,True,True,93.86719,21.79688
aizy,CounterTerrorist,628.959,2743.433,225.6185,CZ,100,100,12.49735,244.0699,-188.6316,False,True,True,93.86719,21.79688
aizy,CounterTerrorist,629.3496,2751.06,219.3331,CZ,100,100,12.49735,244.0699,-213.6316,False,True,True,93.86719,21.79688
aizy,CounterTerrorist,629.7402,2758.687,212.2666,CZ,100,100,12.49735,244.0699,-238.6316,False,True,True,93.86719,21.79688
aizy,CounterTerrorist,630.1309,2766.314,204.4187,CZ,100,100,12.49735,244.0699,-263.6316,False,True,True,93.86719,21.79688
aizy,CounterTerrorist,630.5215,2773.941,195.7896,Knife,100,100,12.49735,244.0699,-288.6316,False,True,True,93.86719,21.79688
aizy,CounterTerrorist,630.8131,2780.18,192.0313,Knife,100,100,7.20727,186.943,0,False,True,True,93.86719,21.79688
aizy,CounterTerrorist,630.9638,2786.184,192.0313,Knife,100,100,3.47361,195.2488,0,False,True,True,93.86719,21.79688
aizy,CounterTerrorist,631.0096,2792.45,192.0313,Knife,100,100,0.3167374,203.653,0,False,True,True,93.86719,21.79688
aizy,CounterTerrorist,630.9653,2798.98,192.0313,Knife,100,100,-2.410269,212.189,0,False,True,True,93.86719,21.79688
aizy,CounterTerrorist,630.8425,2805.78,192.0313,Knife,100,100,-4.803679,220.8756,0,False,True,True,93.86719,21.79688
aizy,CounterTerrorist,630.6501,2812.855,192.0313,Knife,100,100,-6.93636,229.7241,0,False,True,True,93.86719,21.79688
aizy,CounterTerrorist,630.3883,2820.204,192.0313,Knife,100,100,-9.351192,238.3139,0,False,True,True,95.27343,21.79688
aizy,CounterTerrorist,630.0263,2827.797,192.0313,Knife,100,100,-13.14898,245.5545,0,False,True,True,98.08594,21.44531
aizy,CounterTerrorist,629.5192,2835.567,192.0313,Knife,100,100,-18.05936,249.3469,0,False,True,True,100.1953,21.09375
aizy,CounterTerrorist,628.9189,2843.356,198.8163,Knife,100,100,-19.21008,249.2609,280.1184,False,True,True,99.14063,21.44531
aizy,CounterTerrorist,628.3185,2851.145,207.1794,Knife,100,100,-19.21008,249.2609,255.1184,False,True,True,95.97657,22.14844
aizy,CounterTerrorist,627.7182,2858.934,214.7612,Knife,100,100,-19.21008,249.2609,230.1184,False,True,True,93.16406,22.5
aizy,CounterTerrorist,627.1179,2866.723,221.5618,Knife,100,100,-19.21008,249.2609,205.1184,False,True,True,92.8125,22.5
aizy,CounterTerrorist,626.5175,2874.512,227.5811,Knife,100,100,-19.21008,249.2609,180.1184,False,True,True,94.92187,23.55469
aizy,CounterTerrorist,625.1625,2882.21,232.8192,Knife,100,100,-65.16194,243.5141,155.1184,False,True,True,98.08594,24.60938
aizy,CounterTerrorist,622.846,2889.771,237.276,Knife,100,100,-80.24332,240.7592,130.1184,False,True,True,101.6016,25.3125
aizy,CounterTerrorist,620.0162,2897.217,240.9515,CZ,100,100,-97.06201,236.4955,105.1184,False,True,True,105.4687,26.36719
aizy,CounterTerrorist,616.6398,2904.496,243.8458,CZ,100,100,-114.676,230.6119,80.11838,False,True,True,110.0391,27.07031
aizy,CounterTerrorist,612.7408,2911.577,245.9588,CZ,100,100,-130.6018,224.1143,55.11838,False,True,True,113.5547,27.07031
aizy,CounterTerrorist,609.5312,2916.76,247.0309,CZ,100,100,-139.3586,220.0233,36.36838,False,True,True,115.6641,27.07031
aizy,CounterTerrorist,603.9352,2925.279,247.8411,CZ,100,100,-144.0301,217.6916,5.118378,False,True,True,116.7187,27.07031
aizy,CounterTerrorist,599.429,2932.079,247.6104,CZ,100,100,-144.5624,217.4204,-19.88162,False,True,True,117.0703,27.07031
aizy,CounterTerrorist,594.7927,2938.811,246.5985,CZ,100,100,-152.3366,213.2337,-44.88162,False,True,True,118.8281,26.71875
aizy,CounterTerrorist,589.7031,2945.273,244.8053,CZ,100,100,-170.848,201.6611,-69.88162,False,True,True,123.75,26.36719
aizy,CounterTerrorist,583.848,2951.18,242.2308,CZ,100,100,-197.3207,180.6985,-94.88162,False,True,True,131.1328,26.36719
aizy,CounterTerrorist,577.0615,2956.185,238.8751,CZ,100,100,-228.5709,146.812,-119.8816,False,True,True,140.9766,26.01563
aizy,CounterTerrorist,569.4671,2960.121,234.7381,CZ,100,100,-250.8033,113.4989,-144.8816,False,True,True,149.4141,24.60938
aizy,CounterTerrorist,563.0048,2962.356,229.5479,CZ,100,100,-188.0463,48.02351,0,False,True,True,155.3906,21.79688
aizy,CounterTerrorist,557.3574,2964.359,237.9954,CZ,100,100,-173.2361,80.23634,257.8219,False,True,True,154.6875,20.39063
aizy,CounterTerrorist,552.3774,2967.707,245.6616,CZ,100,100,-150.8825,122.306,232.8219,False,True,True,149.7656,18.63281
aizy,CounterTerrorist,547.9642,2971.972,252.5466,CZ,100,100,-134.451,145.3896,207.8219,False,True,True,141.3281,18.63281
aizy,CounterTerrorist,544.1108,2976.896,258.6504,CZ,100,100,-115.9192,164.9571,182.8219,False,True,True,133.5938,19.33594
aizy,CounterTerrorist,540.9201,2982.407,263.9729,CZ,100,100,-94.11721,182.3823,157.8219,False,True,True,125.8594,20.03906
aizy,CounterTerrorist,538.4921,2988.42,268.5142,CZ,100,100,-67.84371,197.7442,132.8219,False,True,True,117.0703,21.09375
aizy,CounterTerrorist,536.6513,2994.721,272.2742,CZ,100,100,-53.35686,203.7247,107.8219,False,True,True,109.6875,22.14844
aizy,CounterTerrorist,535.2892,3001.177,275.2529,CZ,100,100,-37.56696,208.1078,82.8219,False,True,True,103.0078,23.20313
aizy,CounterTerrorist,534.4421,3007.742,277.4504,CZ,100,100,-20.7127,211.1158,57.8219,False,True,True,98.4375,23.55469
aizy,CounterTerrorist,534.1393,3014.383,278.8667,CZ,100,100,-2.970367,213.2267,32.8219,False,True,True,95.97657,23.90625
aizy,CounterTerrorist,534.3654,3021.076,279.5017,CZ,100,100,10.69131,214.5144,7.821899,False,True,True,95.27343,23.90625
aizy,CounterTerrorist,534.6993,3027.779,279.3555,CZ,100,100,10.69131,214.5144,-17.1781,False,True,True,95.27343,23.90625
aizy,CounterTerrorist,535.0333,3034.482,278.428,CZ,100,100,10.69131,214.5144,-42.1781,False,True,True,95.62501,23.55469
aizy,CounterTerrorist,535.3673,3041.185,276.7192,CZ,100,100,10.69131,214.5144,-67.1781,False,True,True,95.62501,23.55469
aizy,CounterTerrorist,535.7013,3047.888,274.2292,CZ,100,100,10.69131,214.5144,-92.1781,False,True,True,95.62501,22.85156
aizy,CounterTerrorist,536.0353,3054.592,270.958,CZ,100,100,10.69131,214.5144,-117.1781,False,True,True,95.62501,21.79688
aizy,CounterTerrorist,536.3693,3061.295,266.9055,CZ,100,100,10.69131,214.5144,-142.1781,False,True,True,94.92187,20.74219
aizy,CounterTerrorist,536.5993,3066.219,264.7963,CZ,100,100,8.745543,209.0026,0,False,True,True,94.5703,20.74219
aizy,CounterTerrorist,536.806,3074.641,264.7963,Knife,100,100,3.121343,220.3708,0,False,True,True,94.5703,20.74219
aizy,CounterTerrorist,536.8267,3081.726,264.7963,Knife,100,100,-0.743101,230.3367,0,False,True,True,94.5703,20.74219
aizy,CounterTerrorist,536.7374,3089.094,264.7963,Knife,100,100,-4.059677,238.8897,0,False,True,True,94.5703,20.74219
aizy,CounterTerrorist,536.5539,3096.705,264.7963,Knife,100,100,-6.906056,246.2301,0,False,True,True,94.5703,20.74219
aizy,CounterTerrorist,536.2917,3104.495,264.7963,Knife,100,100,-9.150756,249.8325,0,False,True,True,94.5703,20.74219
aizy,CounterTerrorist,535.9724,3112.301,264.7963,Knife,100,100,-10.82416,249.7656,0,False,True,True,94.5703,20.74219
aizy,CounterTerrorist,535.6058,3120.104,264.7963,Knife,100,100,-12.24653,249.6999,0,False,True,True,94.5703,20.74219
aizy,CounterTerrorist,535.2049,3127.906,269.3684,Knife,100,100,-12.91037,249.6664,286.3684,False,True,True,95.62501,20.74219
aizy,CounterTerrorist,534.8013,3135.708,277.9268,Knife,100,100,-12.91037,249.6664,261.3684,False,True,True,98.08594,19.6875
aizy,CounterTerrorist,534.3978,3143.51,285.7039,Knife,100,100,-12.91037,249.6664,236.3684,False,True,True,98.78906,19.33594
aizy,CounterTerrorist,533.9942,3151.312,292.6997,Knife,100,100,-12.91037,249.6664,211.3684,False,True,True,95.97657,19.6875
aizy,CounterTerrorist,533.7186,3159.117,298.9143,Knife,100,100,3.460835,250.0894,186.3684,False,True,True,91.40625,20.74219
aizy,CounterTerrorist,534.7646,3166.927,304.3477,Knife,100,100,42.29023,249.6557,161.3684,False,True,True,87.1875,21.79688
aizy,CounterTerrorist,536.284,3174.715,308.9998,Knife,100,100,51.55302,248.9836,136.3684,False,True,True,85.07813,22.5
aizy,CounterTerrorist,537.895,3182.496,312.8706,Knife,100,100,48.06786,249.3054,111.3684,False,True,True,84.72656,23.20313
aizy,CounterTerrorist,539.0262,3190.317,315.9602,Knife,100,100,28.97792,250.7952,86.36838,False,True,True,86.48438,24.25781
aizy,CounterTerrorist,539.5444,3198.169,318.2686,Knife,100,100,9.037954,251.3089,61.36838,False,True,True,90.35156,24.60938
aizy,CounterTerrorist,539.0571,3205.969,318.8223,Knife,100,100,-43.01217,247.0949,-15.625,False,True,True,95.97657,24.60938
aizy,CounterTerrorist,536.8383,3213.562,317.9434,Knife,100,100,-75.06413,242.2464,-40.625,False,True,True,102.3047,24.60938
aizy,CounterTerrorist,534.8903,3221.246,316.2832,Knife,100,100,-44.44609,251.1305,-65.625,False,True,True,106.875,24.96094
aizy,CounterTerrorist,533.5014,3229.094,313.8418,Knife,100,100,-44.44609,251.1305,-90.625,False,True,True,109.3359,24.96094
aizy,CounterTerrorist,532.1125,3236.942,310.6191,Knife,100,100,-44.44609,251.1305,-115.625,False,True,True,109.6875,25.3125
aizy,CounterTerrorist,531.418,3240.865,308.7148,Knife,100,100,-44.44609,251.1305,-128.125,False,True,True,109.3359,25.3125
aizy,CounterTerrorist,529.3412,3252.639,301.8301,Knife,100,100,-43.60712,251.3805,-165.625,False,True,True,106.5234,26.01563
aizy,CounterTerrorist,528.1158,3260.533,296.2637,Knife,100,100,-36.28311,253.4139,-190.625,False,True,True,104.7656,26.36719
aizy,CounterTerrorist,527.3275,3266.489,291.5762,Knife,100,100,-32.02037,254.4933,-209.375,False,True,True,103.7109,26.36719
aizy,CounterTerrorist,526.2097,3276.461,282.7871,Knife,100,100,-26.4401,255.7921,-240.625,False,True,True,102.6563,26.71875
aizy,CounterTerrorist,525.6417,3282.467,276.9277,Knife,100,100,-23.27354,256.4711,-259.375,False,True,True,101.9531,27.07031
aizy,CounterTerrorist,524.9067,3292.52,266.1855,Knife,100,100,-15.29996,257.9883,-290.625,False,True,True,100.1953,27.42188
aizy,CounterTerrorist,524.5965,3300.609,256.7129,Knife,100,100,-6.958172,259.288,-315.625,False,True,True,98.08594,27.77344
aizy,CounterTerrorist,524.5946,3308.738,246.459,Knife,100,100,3.677087,260.5351,-340.625,False,True,True,95.62501,28.125
aizy,CounterTerrorist,524.9958,3316.9,235.4238,Knife,100,100,19.19788,261.5189,-365.625,False,True,True,92.46094,28.125
aizy,CounterTerrorist,525.9932,3325.073,223.6074,Knife,100,100,39.53111,261.3657,-390.625,False,True,True,87.89063,27.42188
aizy,CounterTerrorist,527.7695,3333.192,211.0098,Knife,100,100,67.20242,258.5141,-415.625,False,True,True,81.91406,27.07031
aizy,CounterTerrorist,530.6913,3341.084,197.6309,Knife,100,100,109.7405,247.8474,-440.625,False,True,True,72.42188,26.36719
aizy,CounterTerrorist,534.9996,3348.458,183.4707,Knife,100,100,155.8882,227.0415,-465.625,False,True,True,61.875,25.66406
aizy,CounterTerrorist,540.7449,3354.964,168.5293,Knife,100,100,199.8242,195.9513,-490.625,False,True,True,50.625,24.60938
aizy,CounterTerrorist,545.9846,3359.004,160.0313,Knife,100,100,119.5836,78.37482,0,False,True,True,39.02344,22.85156
aizy,CounterTerrorist,550.0344,3361.2,160.0313,Knife,100,100,132.5789,70.49641,0,False,True,True,30.23438,21.44531
aizy,CounterTerrorist,554.3075,3363.464,160.0313,Knife,100,100,139.4156,73.29804,0,False,True,True,24.96094,20.03906
aizy,CounterTerrorist,558.8115,3365.789,160.0313,Knife,100,100,146.9785,75.06817,0,False,True,True,23.90625,19.33594
aizy,CounterTerrorist,563.5526,3368.175,160.0313,Knife,100,100,154.5576,77.1524,0,False,True,True,24.25781,19.33594
aizy,CounterTerrorist,568.5316,3370.63,160.0313,Knife,100,100,162.2007,79.4753,0,False,True,True,24.25781,19.33594
aizy,CounterTerrorist,573.7511,3373.163,160.0313,Knife,100,100,169.9306,82.00201,0,False,True,True,24.25781,19.33594
aizy,CounterTerrorist,579.2141,3375.778,160.0313,Knife,100,100,177.7611,84.71217,0,False,True,True,24.25781,19.33594
aizy,CounterTerrorist,584.924,3378.481,160.0313,Knife,100,100,185.7024,87.5891,0,False,True,True,24.25781,19.33594
aizy,CounterTerrorist,589.3705,3380.569,160.0313,Knife,100,100,191.7363,89.84783,0,False,True,True,24.25781,19.33594
aizy,CounterTerrorist,597.099,3384.171,160.0313,Knife,100,100,201.9495,93.78999,0,False,True,True,24.25781,19.33594
aizy,CounterTerrorist,603.572,3387.166,160.0313,Knife,100,100,210.2673,97.09238,0,False,True,True,24.25781,19.33594
aizy,CounterTerrorist,610.3003,3390.263,160.0313,Knife,100,100,218.1757,100.2731,0,False,True,True,24.25781,19.33594
aizy,CounterTerrorist,617.2533,3393.451,159.4083,Knife,100,100,224.9629,103.0029,0,False,True,True,24.25781,19.33594
aizy,CounterTerrorist,624.3524,3396.696,155.8588,Knife,100,100,227.4181,103.8316,0,False,True,True,24.25781,19.33594
aizy,CounterTerrorist,631.4589,3399.941,155.5042,Knife,100,100,227.3773,103.921,292.6184,False,True,True,26.01563,18.63281
aizy,CounterTerrorist,638.5643,3403.188,164.2579,Knife,100,100,227.3773,103.921,267.6184,False,True,True,26.71875,17.92969
aizy,CounterTerrorist,645.8094,3406.145,172.2303,Knife,100,100,238.875,79.964,242.6184,False,True,True,25.3125,17.57813
aizy,CounterTerrorist,653.4249,3408.289,179.4216,Knife,100,100,247.1218,59.73115,217.6184,False,True,True,20.39063,17.22656
aizy,CounterTerrorist,661.2976,3409.673,185.8315,Knife,100,100,254.8396,33.66227,192.6184,False,True,True,14.0625,17.57813
aizy,CounterTerrorist,669.3608,3410.225,191.4603,Knife,100,100,259.5902,8.243692,167.6184,False,True,True,8.4375,17.92969
aizy,CounterTerrorist,677.5239,3409.943,196.3077,Knife,100,100,261.8003,-19.44604,142.6184,False,True,True,2.460938,18.28125
aizy,CounterTerrorist,685.704,3408.93,200.374,Knife,100,100,261.5079,-39.30207,117.6184,False,True,True,357.1875,18.98438
aizy,CounterTerrorist,693.8448,3407.349,203.6589,CZ,100,100,259.7506,-57.40662,92.61838,False,True,True,353.3203,19.33594
aizy,CounterTerrorist,701.968,3405.593,206.1627,CZ,100,100,260.5121,-52.65469,67.61838,False,True,True,350.8594,19.6875
aizy,CounterTerrorist,710.1711,3404.326,207.8851,CZ,100,100,263.7173,-33.17492,42.61838,False,True,True,350.5078,19.6875
aizy,CounterTerrorist,716.39,3403.784,208.6643,CZ,100,100,266.1337,-18.0374,23.86838,False,True,True,351.2109,19.6875
aizy,CounterTerrorist,726.8517,3403.549,208.9863,CZ,100,100,268.4907,-0.6924782,-7.381622,False,True,True,353.3203,19.6875
aizy,CounterTerrorist,735.2653,3403.79,208.3651,CZ,100,100,269.6317,13.28255,-32.38162,False,True,True,356.4844,20.03906
aizy,CounterTerrorist,743.6998,3404.658,206.9625,CZ,100,100,269.7812,37.17807,-57.38162,False,True,True,1.40625,20.03906
aizy,CounterTerrorist,752.0829,3406.391,204.7787,CZ,100,100,266.8852,67.11771,-82.38162,False,True,True,7.734375,19.6875
aizy,CounterTerrorist,760.3011,3409.105,201.8137,CZ,100,100,260.5571,97.17454,-107.3816,False,True,True,14.41406,19.33594
aizy,CounterTerrorist,768.2258,3412.813,198.0674,CZ,100,100,248.8108,131.3959,-132.3816,False,True,True,21.79688,18.98438
aizy,CounterTerrorist,776.3358,3416.196,193.5399,CZ,100,100,265.8866,94.72816,-157.3816,False,True,True,26.36719,17.92969
aizy,CounterTerrorist,784.6446,3419.156,188.2311,CZ,100,100,265.8866,94.72816,-182.3816,False,True,True,27.77344,16.875
aizy,CounterTerrorist,792.9636,3422.094,182.1411,CZ,100,100,267.1894,91.94496,-207.3816,False,True,True,24.96094,15.82031
aizy,CounterTerrorist,801.5147,3424.473,175.2698,CZ,100,100,277.5838,65.46858,-232.3816,False,True,True,19.33594,15.11719
aizy,CounterTerrorist,805.9688,3425.541,169.6037,CZ,100,100,0,38.11477,-251.1316,False,True,True,13.71094,14.41406
aizy,CounterTerrorist,806.1523,3424.933,159.1835,CZ,100,100,6.659185,-29.65421,-282.3816,False,True,True,3.515625,12.30469
aizy,CounterTerrorist,806.3604,3423.992,149.9685,CZ,100,100,6.64875,-30.38002,-307.3816,False,True,True,357.1875,10.54688
aizy,CounterTerrorist,806.5665,3423.026,139.9722,CZ,100,100,6.555921,-31.22541,-332.3816,False,True,True,351.9141,8.4375
aizy,CounterTerrorist,806.7713,3422.05,129.1947,CZ,100,100,6.555921,-31.22541,0,False,True,True,349.8047,7.03125
aizy,CounterTerrorist,806.931,3421.289,128.975,CZ,100,100,4.244329,-20.21545,0,False,True,True,349.4531,6.328125
aizy,CounterTerrorist,807.0184,3420.872,129.0277,CZ,100,100,1.932738,-9.205501,0,False,True,True,349.4531,6.328125
aizy,CounterTerrorist,807.4711,3420.673,129.0277,CZ,100,100,26.57463,-7.253241,0,False,True,True,349.4531,6.328125
aizy,CounterTerrorist,808.8953,3420.352,129.0277,CZ,100,100,56.95038,-12.20084,0,False,True,True,349.4531,6.328125
aizy,CounterTerrorist,811.2637,3419.862,129.0277,CZ,100,100,86.93263,-17.87547,0,False,True,True,348.3984,6.328125
aizy,CounterTerrorist,814.5074,3419.187,129.0277,CZ,100,100,113.3808,-23.84719,0,False,True,True,346.9922,6.328125
aizy,CounterTerrorist,818.4996,3418.328,129.0277,CZ,100,100,135.921,-29.66836,0,False,True,True,346.2891,6.679688
aizy,CounterTerrorist,823.1312,3417.298,129.0277,CZ,100,100,155.2193,-34.8578,0,False,True,True,346.2891,7.03125
aizy,CounterTerrorist,826.9728,3416.426,129.0277,Knife,100,100,168.3005,-38.36464,0,False,True,True,346.2891,7.03125
aizy,CounterTerrorist,834.0282,3414.799,129.0277,Knife,100,100,188.319,-43.69971,0,False,True,True,346.2891,7.03125
aizy,CounterTerrorist,840.1814,3413.362,129.0277,Knife,100,100,201.7959,-47.29139,0,False,True,True,346.2891,7.03125
aizy,CounterTerrorist,846.7177,3411.823,129.0277,Knife,100,100,213.3621,-50.37386,0,False,True,True,346.2891,7.03125
aizy,CounterTerrorist,853.5828,3410.196,129.0277,Knife,100,100,223.2885,-53.01932,0,False,True,True,346.2891,7.03125
aizy,CounterTerrorist,858.9191,3408.926,129.0277,Knife,100,100,229.7984,-54.75425,0,False,True,True,346.2891,7.03125
aizy,CounterTerrorist,868.1205,3406.732,129.0277,Knife,100,100,239.2106,-56.84473,0,False,True,True,347.6953,7.03125
aizy,CounterTerrorist,875.7067,3404.972,129.0277,Knife,100,100,243.785,-55.39744,0,False,True,True,351.5625,5.976563
aizy,CounterTerrorist,883.3189,3403.25,128.0313,Knife,100,100,241.8343,-59.48701,0,False,True,True,352.2656,5.273438
aizy,CounterTerrorist,890.8763,3401.391,136.9803,Knife,100,100,241.8343,-59.48701,273.8684,False,True,True,348.3984,5.273438
aizy,CounterTerrorist,898.4337,3399.531,145.1481,Knife,100,100,241.8343,-59.48701,248.8684,False,True,True,340.6641,5.625
aizy,CounterTerrorist,905.6912,3397.033,152.5346,Knife,100,100,222.0077,-100.2428,223.8684,False,True,True,331.5234,5.976563
aizy,CounterTerrorist,911.9756,3392.868,159.1399,Knife,100,100,187.3289,-152.7219,198.8684,False,True,True,323.0859,6.679688
aizy,CounterTerrorist,917.1185,3387.25,164.9639,Knife,100,100,154.8839,-190.4064,173.8684,False,True,True,316.0547,7.382813
aizy,CounterTerrorist,921.534,3380.907,170.0067,Knife,100,100,134.4526,-208.8346,148.8684,False,True,True,309.7266,8.085938
aizy,CounterTerrorist,925.3898,3374.119,174.2682,Knife,100,100,117.5249,-221.4216,123.8684,False,True,True,304.8047,8.789063
aizy,CounterTerrorist,927.9643,3368.813,176.9517,Knife,100,100,106.1236,-228.7054,105.1184,False,True,True,301.6406,9.492188
aizy,CounterTerrorist,931.7534,3359.674,180.4476,Knife,100,100,91.8874,-236.7463,73.86838,False,True,True,298.125,10.54688
aizy,CounterTerrorist,934.479,3352.202,182.3654,Knife,100,100,85.79166,-239.8421,48.86838,False,True,True,296.0156,11.25
aizy,CounterTerrorist,936.712,3346.687,183.291,Knife,100,100,100.0667,-233.0438,30.11838,False,True,True,295.3125,11.60156
aizy,CounterTerrorist,941.1982,3337.855,183.8572,Knife,100,100,124.8586,-221.3641,-1.131622,False,True,True,295.3125,11.60156
aizy,CounterTerrorist,945.4402,3331.1,183.4312,Knife,100,100,138.8124,-214.6685,-26.13162,False,True,True,296.0156,11.60156
aizy,CounterTerrorist,949.8943,3324.451,182.224,Knife,100,100,145.4547,-211.2517,-51.13162,False,True,True,297.7734,11.60156
aizy,CounterTerrorist,953.4418,3319.577,180.8059,Knife,100,100,153.7902,-206.5792,-69.88162,False,True,True,299.8828,11.25
aizy,CounterTerrorist,959.787,3311.716,177.4658,Knife,100,100,166.9392,-198.3372,-101.1316,False,True,True,303.3984,11.25
aizy,CounterTerrorist,965.2105,3305.662,173.9149,CZ,100,100,177.6236,-190.7807,-126.1316,False,True,True,306.2109,10.89844
aizy,CounterTerrorist,971.1132,3299.984,169.5826,CZ,100,100,196.181,-175.3738,-151.1316,False,True,True,311.4844,10.19531
aizy,CounterTerrorist,977.5576,3294.809,164.4692,CZ,100,100,212.7895,-158.8338,-176.1316,False,True,True,316.7578,9.140625
aizy,CounterTerrorist,984.4852,3290.167,158.5745,CZ,100,100,226.6061,-142.5471,-201.1316,False,True,True,321.3281,7.734375
aizy,CounterTerrorist,991.7638,3285.976,151.8985,CZ,100,100,235.3053,-130.8263,-226.1316,False,True,True,324.4922,5.976563
aizy,CounterTerrorist,998.829,3281.481,144.4413,CZ,100,100,209.8213,-166.7872,-251.1316,False,True,True,324.4922,5.273438
aizy,CounterTerrorist,1003.487,3277.212,138.3357,CZ,100,100,197.7841,-183.4464,-269.8816,False,True,True,323.4375,4.921875
aizy,CounterTerrorist,1010.473,3270.307,129.0313,CZ,100,100,119.2817,-129.0419,0,False,True,True,320.9766,4.921875
aizy,CounterTerrorist,1014.067,3266.111,136.72,CZ,100,100,114.7775,-134.5233,233.5388,False,True,True,319.9219,5.273438
aizy,CounterTerrorist,1017.654,3261.906,143.6274,CZ,100,100,114.7775,-134.5233,208.5388,False,True,True,319.9219,5.976563
aizy,CounterTerrorist,1021.24,3257.702,149.7537,CZ,100,100,114.7775,-134.5233,183.5388,False,True,True,319.9219,5.976563
aizy,CounterTerrorist,1023.931,3254.549,153.8356,CZ,100,100,114.7775,-134.5233,164.7888,False,True,True,319.9219,5.976563
aizy,CounterTerrorist,1028.414,3249.294,159.6624,CZ,100,100,114.7775,-134.5233,133.5388,False,True,True,319.9219,5.976563
aizy,CounterTerrorist,1032.001,3245.09,163.4448,CZ,100,100,114.7775,-134.5233,108.5388,False,True,True,319.9219,5.976563
aizy,CounterTerrorist,1035.588,3240.886,166.446,CZ,100,100,114.7775,-134.5233,83.53885,False,True,True,319.9219,5.976563
aizy,CounterTerrorist,1039.175,3236.682,168.666,CZ,100,100,114.7775,-134.5233,58.53885,False,True,True,319.9219,5.976563
aizy,CounterTerrorist,1042.762,3232.478,170.1047,CZ,100,100,114.7775,-134.5233,33.53885,False,True,True,319.9219,5.976563
aizy,CounterTerrorist,1046.349,3228.274,170.7622,CZ,100,100,114.7775,-134.5233,8.538849,False,True,True,319.9219,5.976563
aizy,CounterTerrorist,1049.936,3224.07,170.6384,CZ,100,100,114.7775,-134.5233,-16.46115,False,True,True,319.9219,5.976563
aizy,CounterTerrorist,1052.626,3220.917,170.0329,CZ,100,100,114.7775,-134.5233,-35.21115,False,True,True,319.9219,5.976563
aizy,CounterTerrorist,1058.225,3216.986,168.0471,CZ,100,100,152.7323,-89.48907,-66.46115,False,True,True,319.9219,5.976563
aizy,CounterTerrorist,1062.998,3214.189,165.5796,CZ,100,100,152.7323,-89.48907,-91.46115,False,True,True,319.9219,5.976563
aizy,CounterTerrorist,1066.578,3212.091,163.2162,CZ,100,100,152.7323,-89.48907,-110.2112,False,True,True,319.9219,5.976563
aizy,CounterTerrorist,1072.544,3208.595,158.3008,CZ,100,100,152.7323,-89.48907,-141.4612,False,True,True,319.9219,5.976563
aizy,CounterTerrorist,1077.317,3205.798,153.4895,CZ,100,100,152.7323,-89.48907,-166.4612,False,True,True,319.9219,5.976563
aizy,CounterTerrorist,1082.09,3203.001,147.897,CZ,100,100,152.7323,-89.48907,-191.4612,False,True,True,319.9219,5.976563
aizy,CounterTerrorist,1086.863,3200.204,141.5232,CZ,100,100,152.7323,-89.48907,-216.4612,False,True,True,319.9219,5.976563
aizy,CounterTerrorist,1091.636,3197.407,134.3682,CZ,100,100,152.7323,-89.48907,-241.4612,False,True,True,319.9219,5.976563
aizy,CounterTerrorist,1096.276,3194.688,129.0313,CZ,100,100,141.4922,-82.90323,0,False,True,True,319.9219,5.976563
aizy,CounterTerrorist,1100.299,3192.332,129.0313,CZ,100,100,121.4326,-71.14991,0,False,True,True,319.9219,5.976563
aizy,CounterTerrorist,1103.751,3190.309,129.0313,CZ,100,100,104.2169,-61.06288,0,False,True,True,319.9219,5.976563
aizy,CounterTerrorist,1106.714,3188.573,129.0313,CZ,100,100,89.44196,-52.4059,0,False,True,True,319.9219,5.976563
aizy,CounterTerrorist,1109.256,3187.083,129.0313,CZ,100,100,76.76164,-44.97624,0,False,True,True,319.9219,5.976563
aizy,CounterTerrorist,1111.438,3185.805,129.0313,CZ,100,100,65.87904,-38.59989,0,False,True,True,319.9219,5.976563
aizy,CounterTerrorist,1113.306,3184.711,129.0313,CZ,100,100,56.12865,-32.88694,0,False,True,True,319.9219,5.976563
aizy,CounterTerrorist,1114.871,3183.794,129.0313,CZ,100,100,46.42208,-27.19966,0,False,True,True,319.9219,5.976563
aizy,CounterTerrorist,1116.132,3183.056,129.0313,CZ,100,100,36.71553,-21.51238,0,False,True,True,319.9219,5.976563
aizy,CounterTerrorist,1117.09,3182.495,129.0313,CZ,100,100,27.00897,-15.82511,0,False,True,True,319.9219,5.976563
aizy,CounterTerrorist,1117.744,3182.111,129.0313,CZ,100,100,17.3024,-10.13783,0,False,True,True,319.9219,5.976563
aizy,CounterTerrorist,1118.095,3181.906,129.0313,CZ,100,100,7.595837,-4.450558,0,False,True,True,319.9219,5.976563
aizy,CounterTerrorist,1118.157,3181.87,129.0313,CZ,100,100,0,0,0,False,True,True,319.9219,5.976563
aizy,CounterTerrorist,1118.157,3181.87,129.0313,CZ,100,100,0,0,0,False,True,True,319.9219,5.976563
aizy,CounterTerrorist,1118.157,3181.87,129.0313,CZ,100,100,0,0,0,False,True,True,319.9219,5.976563
aizy,CounterTerrorist,1118.157,3181.87,129.0313,CZ,100,100,0,0,0,False,True,True,319.9219,5.976563
aizy,CounterTerrorist,1118.157,3181.87,129.0313,CZ,100,100,0,0,0,False,True,True,319.9219,5.976563
aizy,CounterTerrorist,1118.157,3181.87,129.0313,CZ,100,100,0,0,0,False,True,True,319.9219,5.976563
aizy,CounterTerrorist,1118.157,3181.87,129.0313,CZ,100,100,0,0,0,False,True,True,319.9219,5.976563
aizy,CounterTerrorist,1118.157,3181.87,129.0313,CZ,100,100,0,0,0,False,True,True,319.9219,5.976563
aizy,CounterTerrorist,1118.157,3181.87,129.0313,CZ,100,100,0,0,0,False,True,True,319.9219,5.976563
aizy,CounterTerrorist,1118.157,3181.87,129.0313,CZ,100,100,0,0,0,False,True,True,319.9219,5.976563
aizy,CounterTerrorist,1118.157,3181.87,129.0313,CZ,100,100,0,0,0,False,True,True,319.9219,5.976563
aizy,CounterTerrorist,1118.157,3181.87,129.0313,CZ,100,100,0,0,0,False,True,True,319.9219,5.976563
aizy,CounterTerrorist,1118.157,3181.87,129.0313,CZ,100,100,0,0,0,False,True,True,319.9219,5.976563
aizy,CounterTerrorist,1118.157,3181.87,129.0313,CZ,100,100,0,0,0,False,True,True,319.9219,5.976563
aizy,CounterTerrorist,1118.157,3181.87,129.0313,CZ,100,100,0,0,0,False,True,True,319.9219,5.976563
aizy,CounterTerrorist,1118.157,3181.87,129.0313,CZ,100,100,0,0,0,False,True,True,319.9219,5.976563
aizy,CounterTerrorist,1118.157,3181.87,129.0313,CZ,100,100,0,0,0,False,True,True,319.9219,5.976563
aizy,CounterTerrorist,1118.157,3181.87,129.0313,CZ,100,100,0,0,0,False,True,True,319.9219,5.976563
aizy,CounterTerrorist,1118.157,3181.87,129.0313,CZ,100,100,0,0,0,False,True,True,319.9219,5.976563
aizy,CounterTerrorist,1118.157,3181.87,129.0313,CZ,100,100,0,0,0,False,True,True,319.9219,5.976563
aizy,CounterTerrorist,1118.157,3181.87,129.0313,CZ,100,100,0,0,0,False,True,True,319.9219,5.976563
aizy,CounterTerrorist,1118.157,3181.87,129.0313,CZ,100,100,0,0,0,False,True,True,319.9219,5.976563
aizy,CounterTerrorist,1118.157,3181.87,129.0313,CZ,100,100,0,0,0,False,True,True,319.9219,5.976563
aizy,CounterTerrorist,1118.157,3181.87,129.0313,CZ,100,100,0,0,0,False,True,True,319.9219,5.976563
aizy,CounterTerrorist,1118.157,3181.87,129.0313,CZ,100,100,0,0,0,False,True,True,319.9219,5.976563
aizy,CounterTerrorist,1118.157,3181.87,129.0313,CZ,100,100,0,0,0,False,True,True,319.9219,5.976563
aizy,CounterTerrorist,1118.157,3181.87,129.0313,CZ,100,100,0,0,0,False,True,True,319.9219,5.976563
aizy,CounterTerrorist,1118.157,3181.87,129.0313,CZ,100,100,0,0,0,False,True,True,319.9219,5.976563
aizy,CounterTerrorist,1118.157,3181.87,129.0313,CZ,100,100,0,0,0,False,True,True,319.9219,5.976563
aizy,CounterTerrorist,1118.157,3181.87,129.0313,CZ,100,100,0,0,0,False,True,True,319.9219,5.976563
aizy,CounterTerrorist,1118.157,3181.87,129.0313,CZ,100,100,0,0,0,False,True,True,319.9219,5.976563
aizy,CounterTerrorist,1118.157,3181.87,129.0313,CZ,100,100,0,0,0,False,True,True,319.9219,5.976563
aizy,CounterTerrorist,1118.157,3181.87,129.0313,CZ,100,100,0,0,0,False,True,True,319.9219,5.976563
aizy,CounterTerrorist,1118.157,3181.87,129.0313,CZ,100,100,0,0,0,False,True,True,319.9219,5.976563
aizy,CounterTerrorist,1118.157,3181.87,129.0313,CZ,100,100,0,0,0,False,True,True,319.9219,5.976563
aizy,CounterTerrorist,1118.157,3181.87,129.0313,CZ,100,100,0,0,0,False,True,True,319.9219,5.976563
aizy,CounterTerrorist,1118.157,3181.87,129.0313,CZ,100,100,0,0,0,False,True,True,319.9219,5.976563
aizy,CounterTerrorist,1118.157,3181.87,129.0313,CZ,100,100,0,0,0,False,True,True,319.9219,5.976563
aizy,CounterTerrorist,1118.157,3181.87,129.0313,CZ,100,100,0,0,0,False,True,True,319.9219,5.976563
aizy,CounterTerrorist,1118.157,3181.87,129.0313,CZ,100,100,0,0,0,False,True,True,319.9219,5.976563
aizy,CounterTerrorist,1118.157,3181.87,129.0313,CZ,100,100,0,0,0,False,True,True,319.9219,5.976563
aizy,CounterTerrorist,1118.157,3181.87,129.0313,CZ,100,100,0,0,0,False,True,True,319.9219,5.976563
aizy,CounterTerrorist,1118.157,3181.87,129.0313,CZ,100,100,0,0,0,False,True,True,319.9219,5.976563
aizy,CounterTerrorist,1118.157,3181.87,129.0313,CZ,100,100,0,0,0,False,True,True,319.9219,5.976563
aizy,CounterTerrorist,1118.157,3181.87,129.0313,CZ,100,100,0,0,0,False,True,True,319.9219,5.976563
aizy,CounterTerrorist,1118.157,3181.87,129.0313,CZ,100,100,0,0,0,False,True,True,319.9219,5.976563
aizy,CounterTerrorist,1118.157,3181.87,129.0313,CZ,100,100,0,0,0,False,True,True,319.9219,5.976563
aizy,CounterTerrorist,1118.157,3181.87,129.0313,CZ,100,100,0,0,0,False,True,True,319.9219,5.976563
aizy,CounterTerrorist,1118.157,3181.87,129.0313,CZ,100,100,0,0,0,False,True,True,319.9219,5.976563
aizy,CounterTerrorist,1118.157,3181.87,129.0313,CZ,100,100,0,0,0,False,True,True,319.9219,5.976563
aizy,CounterTerrorist,1118.157,3181.87,129.0313,CZ,100,100,0,0,0,False,True,True,319.9219,5.976563
aizy,CounterTerrorist,1118.157,3181.87,129.0313,CZ,100,100,0,0,0,False,True,True,319.9219,5.976563
aizy,CounterTerrorist,1118.157,3181.87,129.0313,CZ,100,100,0,0,0,False,True,True,319.9219,5.976563
aizy,CounterTerrorist,1118.157,3181.87,129.0313,CZ,100,100,0,0,0,False,True,True,319.9219,5.976563
aizy,CounterTerrorist,1118.157,3181.87,129.0313,CZ,100,100,0,0,0,False,True,True,319.9219,5.976563
aizy,CounterTerrorist,1118.157,3181.87,129.0313,CZ,100,100,0,0,0,False,True,True,319.9219,5.976563
aizy,CounterTerrorist,1118.157,3181.87,129.0313,CZ,100,100,0,0,0,False,True,True,319.9219,5.976563
aizy,CounterTerrorist,1118.157,3181.87,129.0313,CZ,100,100,0,0,0,False,True,True,319.9219,5.976563
aizy,CounterTerrorist,1118.157,3181.87,129.0313,CZ,100,100,0,0,0,False,True,True,319.9219,5.976563
aizy,CounterTerrorist,1118.157,3181.87,129.0313,CZ,100,100,0,0,0,False,True,True,319.9219,5.976563
aizy,CounterTerrorist,1118.157,3181.87,129.0313,CZ,100,100,0,0,0,False,True,True,319.2188,4.921875
