Name,Team,Position.X,Position.Y,Position.Z,ActiveWeapon,HP,Armour,Velocity.X,Velocity.Y,Velocity.Z,IsDucking,HasHelmet,HasDefuseKit,ViewDirectionX,ViewDirectionY,Map = de_inferno
RUBINO[M] * TWITCH.TV,CounterTerrorist,2432,2184,124.3104,M4A1,100,100,0,0,0,False,False,True,112.5,11.60156
RUBINO[M] * TWITCH.TV,CounterTerrorist,2432,2184,124.3104,M4A1,100,100,0,0,0,False,False,True,112.5,11.60156
RUBINO[M] * TWITCH.TV,CounterTerrorist,2432,2184,124.3104,M4A1,100,100,0,0,0,False,False,True,112.5,11.60156
RUBINO[M] * TWITCH.TV,CounterTerrorist,2432,2184,124.3104,M4A1,100,100,0,0,0,False,False,True,271.0547,0
RUBINO[M] * TWITCH.TV,CounterTerrorist,2432,2184,124.3104,M4A1,100,100,0,0,0,False,False,True,271.0547,0
RUBINO[M] * TWITCH.TV,CounterTerrorist,2432,2184,124.3104,M4A1,100,100,0,0,0,False,False,True,271.0547,0
RUBINO[M] * TWITCH.TV,CounterTerrorist,2432,2184,124.3104,M4A1,100,100,0,0,0,False,False,True,271.0547,0
RUBINO[M] * TWITCH.TV,CounterTerrorist,2432,2184,124.3104,M4A1,100,100,0,0,0,False,False,True,271.0547,0
RUBINO[M] * TWITCH.TV,CounterTerrorist,2432,2184,124.3104,M4A1,100,100,0,0,0,False,False,True,271.0547,0
RUBINO[M] * TWITCH.TV,CounterTerrorist,2432,2184,124.3104,M4A1,100,100,0,0,0,False,False,True,271.0547,0
RUBINO[M] * TWITCH.TV,CounterTerrorist,2432,2184,124.3104,M4A1,100,100,0,0,0,False,False,True,271.0547,0
RUBINO[M] * TWITCH.TV,CounterTerrorist,2432,2184,124.3104,M4A1,100,100,0,0,0,False,False,True,271.0547,0
RUBINO[M] * TWITCH.TV,CounterTerrorist,2432,2184,124.3104,M4A1,100,100,0,0,0,False,False,True,271.0547,0
RUBINO[M] * TWITCH.TV,CounterTerrorist,2432,2184,124.3104,M4A1,100,100,0,0,0,False,False,True,271.0547,0
RUBINO[M] * TWITCH.TV,CounterTerrorist,2432,2184,124.3104,M4A1,100,100,0,0,0,False,False,True,271.0547,0
RUBINO[M] * TWITCH.TV,CounterTerrorist,2432,2184,124.3104,M4A1,100,100,0,0,0,False,False,True,271.0547,0
RUBINO[M] * TWITCH.TV,CounterTerrorist,2432,2184,124.3104,M4A1,100,100,0,0,0,False,False,True,271.0547,0
RUBINO[M] * TWITCH.TV,CounterTerrorist,2432,2184,124.3104,M4A1,100,100,0,0,0,False,False,True,271.0547,0
RUBINO[M] * TWITCH.TV,CounterTerrorist,2432,2184,124.3104,M4A1,100,100,0,0,0,False,False,True,271.0547,0
RUBINO[M] * TWITCH.TV,CounterTerrorist,2432,2184,124.3104,M4A1,100,100,0,0,0,False,False,True,271.0547,0
RUBINO[M] * TWITCH.TV,CounterTerrorist,2432,2184,124.3104,M4A1,100,100,0,0,0,False,False,True,271.0547,0
RUBINO[M] * TWITCH.TV,CounterTerrorist,2432,2184,124.3104,M4A1,100,100,0,0,0,False,False,True,271.0547,0
RUBINO[M] * TWITCH.TV,CounterTerrorist,2432,2184,124.3104,M4A1,100,100,0,0,0,False,False,True,271.0547,0
RUBINO[M] * TWITCH.TV,CounterTerrorist,2432,2184,124.3104,M4A1,100,100,0,0,0,False,False,True,271.0547,0
RUBINO[M] * TWITCH.TV,CounterTerrorist,2432,2184,124.3104,M4A1,100,100,0,0,0,False,False,True,271.0547,0
RUBINO[M] * TWITCH.TV,CounterTerrorist,2432,2184,124.3104,M4A1,100,100,0,0,0,False,False,True,271.0547,0
RUBINO[M] * TWITCH.TV,CounterTerrorist,2432,2184,124.3104,M4A1,100,100,0,0,0,False,False,True,271.0547,0
RUBINO[M] * TWITCH.TV,CounterTerrorist,2432,2184,124.3104,M4A1,100,100,0,0,0,False,False,True,271.0547,0
RUBINO[M] * TWITCH.TV,CounterTerrorist,2432,2184,124.3104,M4A1,100,100,0,0,0,False,False,True,271.0547,0
RUBINO[M] * TWITCH.TV,CounterTerrorist,2432,2184,124.3104,M4A1,100,100,0,0,0,False,False,True,271.0547,0
RUBINO[M] * TWITCH.TV,CounterTerrorist,2432,2184,124.3104,M4A1,100,100,0,0,0,False,False,True,271.0547,0
RUBINO[M] * TWITCH.TV,CounterTerrorist,2432,2184,124.3104,M4A1,100,100,0,0,0,False,False,True,271.0547,0
RUBINO[M] * TWITCH.TV,CounterTerrorist,2432,2184,124.3104,M4A1,100,100,0,0,0,False,False,True,271.0547,0
RUBINO[M] * TWITCH.TV,CounterTerrorist,2432,2184,124.3104,M4A1,100,100,0,0,0,False,False,True,271.0547,0
RUBINO[M] * TWITCH.TV,CounterTerrorist,2432,2184,124.3104,M4A1,100,100,0,0,0,False,False,True,271.0547,0
RUBINO[M] * TWITCH.TV,CounterTerrorist,2432,2184,124.3104,M4A1,100,100,0,0,0,False,False,True,271.0547,0
RUBINO[M] * TWITCH.TV,CounterTerrorist,2432,2184,124.3104,M4A1,100,100,0,0,0,False,False,True,271.0547,0
RUBINO[M] * TWITCH.TV,CounterTerrorist,2432,2184,124.3104,M4A1,100,100,0,0,0,False,False,True,271.0547,0
RUBINO[M] * TWITCH.TV,CounterTerrorist,2432,2184,124.3104,M4A1,100,100,0,0,0,False,False,True,271.0547,0
RUBINO[M] * TWITCH.TV,CounterTerrorist,2432,2184,124.3104,M4A1,100,100,0,0,0,False,False,True,271.0547,0
RUBINO[M] * TWITCH.TV,CounterTerrorist,2432,2184,124.3104,M4A1,100,100,0,0,0,False,False,True,271.0547,0
RUBINO[M] * TWITCH.TV,CounterTerrorist,2432,2184,124.3104,M4A1,100,100,0,0,0,False,False,True,271.0547,0
RUBINO[M] * TWITCH.TV,CounterTerrorist,2432,2184,124.3104,M4A1,100,100,0,0,0,False,False,True,271.0547,0
RUBINO[M] * TWITCH.TV,CounterTerrorist,2432,2184,124.3104,M4A1,100,100,0,0,0,False,False,True,271.0547,0
RUBINO[M] * TWITCH.TV,CounterTerrorist,2432,2184,124.3104,M4A1,100,100,0,0,0,False,False,True,271.0547,0
RUBINO[M] * TWITCH.TV,CounterTerrorist,2432,2184,124.3104,M4A1,100,100,0,0,0,False,False,True,271.0547,0
RUBINO[M] * TWITCH.TV,CounterTerrorist,2432,2184,124.3104,M4A1,100,100,0,0,0,False,False,True,271.0547,0
RUBINO[M] * TWITCH.TV,CounterTerrorist,2432,2184,124.3104,M4A1,100,100,0,0,0,False,False,True,271.0547,0
RUBINO[M] * TWITCH.TV,CounterTerrorist,2432,2184,124.3104,M4A1,100,100,0,0,0,False,False,True,271.0547,0
RUBINO[M] * TWITCH.TV,CounterTerrorist,2432,2184,124.3104,M4A1,100,100,0,0,0,False,False,True,271.0547,0
RUBINO[M] * TWITCH.TV,CounterTerrorist,2432,2184,124.3104,M4A1,100,100,0,0,0,False,False,True,271.0547,0
RUBINO[M] * TWITCH.TV,CounterTerrorist,2432,2184,124.3104,M4A1,100,100,0,0,0,False,False,True,271.0547,0
RUBINO[M] * TWITCH.TV,CounterTerrorist,2432,2184,124.3104,M4A1,100,100,0,0,0,False,False,True,271.0547,0
RUBINO[M] * TWITCH.TV,CounterTerrorist,2432,2184,124.3104,M4A1,100,100,0,0,0,False,False,True,271.0547,0
RUBINO[M] * TWITCH.TV,CounterTerrorist,2432,2184,124.3104,M4A1,100,100,0,0,0,False,False,True,271.0547,0
RUBINO[M] * TWITCH.TV,CounterTerrorist,2432,2184,124.3104,M4A1,100,100,0,0,0,False,False,True,271.0547,0
RUBINO[M] * TWITCH.TV,CounterTerrorist,2432,2184,124.3104,M4A1,100,100,0,0,0,False,False,True,271.0547,0
RUBINO[M] * TWITCH.TV,CounterTerrorist,2432,2184,124.3104,M4A1,100,100,0,0,0,False,False,True,271.0547,0
RUBINO[M] * TWITCH.TV,CounterTerrorist,2432,2184,124.3104,M4A1,100,100,0,0,0,False,False,True,271.0547,0
RUBINO[M] * TWITCH.TV,CounterTerrorist,2432,2184,124.3104,M4A1,100,100,0,0,0,False,False,True,271.0547,0
RUBINO[M] * TWITCH.TV,CounterTerrorist,2432,2184,124.3104,M4A1,100,100,0,0,0,False,False,True,271.0547,0
RUBINO[M] * TWITCH.TV,CounterTerrorist,2432,2184,124.3104,M4A1,100,100,0,0,0,False,False,True,271.0547,0
RUBINO[M] * TWITCH.TV,CounterTerrorist,2432,2184,124.3104,M4A1,100,100,0,0,0,False,False,True,271.0547,0
RUBINO[M] * TWITCH.TV,CounterTerrorist,2432,2184,124.3104,M4A1,100,100,0,0,0,False,False,True,271.0547,0
RUBINO[M] * TWITCH.TV,CounterTerrorist,2432,2184,124.3104,M4A1,100,100,0,0,0,False,False,True,271.0547,0
RUBINO[M] * TWITCH.TV,CounterTerrorist,2432,2184,124.3104,M4A1,100,100,0,0,0,False,False,True,271.0547,0
RUBINO[M] * TWITCH.TV,CounterTerrorist,2432,2184,124.3104,M4A1,100,100,0,0,0,False,False,True,271.0547,0
RUBINO[M] * TWITCH.TV,CounterTerrorist,2432,2184,124.3104,M4A1,100,100,0,0,0,False,False,True,271.0547,0
RUBINO[M] * TWITCH.TV,CounterTerrorist,2432,2184,124.3104,M4A1,100,100,0,0,0,False,False,True,271.0547,0
RUBINO[M] * TWITCH.TV,CounterTerrorist,2432,2184,124.3104,M4A1,100,100,0,0,0,False,False,True,271.0547,0
RUBINO[M] * TWITCH.TV,CounterTerrorist,2432,2184,124.3104,M4A1,100,100,0,0,0,False,False,True,271.0547,0
RUBINO[M] * TWITCH.TV,CounterTerrorist,2432,2184,124.3104,M4A1,100,100,0,0,0,False,False,True,271.0547,0
RUBINO[M] * TWITCH.TV,CounterTerrorist,2432,2184,124.3104,M4A1,100,100,0,0,0,False,False,True,271.0547,0
RUBINO[M] * TWITCH.TV,CounterTerrorist,2432,2184,124.3104,M4A1,100,100,0,0,0,False,False,True,271.0547,0
RUBINO[M] * TWITCH.TV,CounterTerrorist,2432,2184,124.3104,M4A1,100,100,0,0,0,False,False,True,271.0547,0
RUBINO[M] * TWITCH.TV,CounterTerrorist,2432,2184,124.3104,M4A1,100,100,0,0,0,False,False,True,271.0547,0
RUBINO[M] * TWITCH.TV,CounterTerrorist,2432,2184,124.3104,M4A1,100,100,0,0,0,False,False,True,271.0547,0
RUBINO[M] * TWITCH.TV,CounterTerrorist,2432,2184,124.3104,M4A1,100,100,0,0,0,False,False,True,271.0547,0
RUBINO[M] * TWITCH.TV,CounterTerrorist,2432,2184,124.3104,M4A1,100,100,0,0,0,False,False,True,271.0547,0
RUBINO[M] * TWITCH.TV,CounterTerrorist,2432,2184,124.3104,M4A1,100,100,0,0,0,False,False,True,271.0547,0
RUBINO[M] * TWITCH.TV,CounterTerrorist,2432,2184,124.3104,M4A1,100,100,0,0,0,False,False,True,271.0547,0
RUBINO[M] * TWITCH.TV,CounterTerrorist,2432,2184,124.3104,M4A1,100,100,0,0,0,False,False,True,271.0547,0
RUBINO[M] * TWITCH.TV,CounterTerrorist,2432,2184,124.3104,M4A1,100,100,0,0,0,False,False,True,271.0547,0
RUBINO[M] * TWITCH.TV,CounterTerrorist,2432,2184,124.3104,M4A1,100,100,0,0,0,False,False,True,271.0547,0
RUBINO[M] * TWITCH.TV,CounterTerrorist,2432,2184,124.3104,M4A1,100,100,0,0,0,False,False,True,271.0547,0
RUBINO[M] * TWITCH.TV,CounterTerrorist,2432,2184,124.3104,M4A1,100,100,0,0,0,False,False,True,271.0547,0
RUBINO[M] * TWITCH.TV,CounterTerrorist,2432,2184,124.3104,M4A1,100,100,0,0,0,False,False,True,271.0547,0
RUBINO[M] * TWITCH.TV,CounterTerrorist,2432,2184,124.3104,M4A1,100,100,0,0,0,False,False,True,271.0547,0
RUBINO[M] * TWITCH.TV,CounterTerrorist,2432,2184,124.3104,M4A1,100,100,0,0,0,False,False,True,271.0547,0
RUBINO[M] * TWITCH.TV,CounterTerrorist,2432,2184,124.3104,M4A1,100,100,0,0,0,False,False,True,271.0547,0
RUBINO[M] * TWITCH.TV,CounterTerrorist,2432,2184,124.3104,M4A1,100,100,0,0,0,False,False,True,271.0547,0
RUBINO[M] * TWITCH.TV,CounterTerrorist,2432,2184,124.3104,M4A1,100,100,0,0,0,False,False,True,271.0547,0
RUBINO[M] * TWITCH.TV,CounterTerrorist,2432,2184,124.3104,M4A1,100,100,0,0,0,False,False,True,271.0547,0
RUBINO[M] * TWITCH.TV,CounterTerrorist,2432,2184,124.3104,M4A1,100,100,0,0,0,False,False,True,271.0547,0
RUBINO[M] * TWITCH.TV,CounterTerrorist,2432,2184,124.3104,M4A1,100,100,0,0,0,False,False,True,271.0547,0
RUBINO[M] * TWITCH.TV,CounterTerrorist,2432,2184,124.3104,M4A1,100,100,0,0,0,False,False,True,271.0547,0
RUBINO[M] * TWITCH.TV,CounterTerrorist,2432,2184,124.3104,M4A1,100,100,0,0,0,False,False,True,271.0547,0
RUBINO[M] * TWITCH.TV,CounterTerrorist,2432,2184,124.3104,M4A1,100,100,0,0,0,False,False,True,271.0547,0
RUBINO[M] * TWITCH.TV,CounterTerrorist,2432,2184,124.3104,M4A1,100,100,0,0,0,False,False,True,271.0547,0
RUBINO[M] * TWITCH.TV,CounterTerrorist,2432,2184,124.3104,M4A1,100,100,0,0,0,False,False,True,271.0547,0
RUBINO[M] * TWITCH.TV,CounterTerrorist,2432,2184,124.3104,M4A1,100,100,0,0,0,False,False,True,271.0547,0
RUBINO[M] * TWITCH.TV,CounterTerrorist,2432,2184,124.3104,M4A1,100,100,0,0,0,False,False,True,271.0547,0
RUBINO[M] * TWITCH.TV,CounterTerrorist,2432,2184,124.3104,M4A1,100,100,0,0,0,False,False,True,271.0547,0
RUBINO[M] * TWITCH.TV,CounterTerrorist,2432,2184,124.3104,M4A1,100,100,0,0,0,False,False,True,271.0547,0
RUBINO[M] * TWITCH.TV,CounterTerrorist,2432,2184,124.3104,M4A1,100,100,0,0,0,False,False,True,271.0547,0
RUBINO[M] * TWITCH.TV,CounterTerrorist,2432,2184,124.3104,M4A1,100,100,0,0,0,False,False,True,271.0547,0
RUBINO[M] * TWITCH.TV,CounterTerrorist,2432,2184,124.3104,M4A1,100,100,0,0,0,False,False,True,271.0547,0
RUBINO[M] * TWITCH.TV,CounterTerrorist,2432,2184,124.3104,M4A1,100,100,0,0,0,False,False,True,271.0547,0
RUBINO[M] * TWITCH.TV,CounterTerrorist,2432,2184,124.3104,M4A1,100,100,0,0,0,False,False,True,271.0547,0
RUBINO[M] * TWITCH.TV,CounterTerrorist,2432,2184,124.3104,M4A1,100,100,0,0,0,False,False,True,271.0547,0
RUBINO[M] * TWITCH.TV,CounterTerrorist,2432,2184,124.3104,M4A1,100,100,0,0,0,False,False,True,271.0547,0
RUBINO[M] * TWITCH.TV,CounterTerrorist,2432,2184,124.3104,M4A1,100,100,0,0,0,False,False,True,271.0547,0
RUBINO[M] * TWITCH.TV,CounterTerrorist,2432,2184,124.3104,M4A1,100,100,0,0,0,False,False,True,271.0547,0
RUBINO[M] * TWITCH.TV,CounterTerrorist,2432,2184,124.3104,M4A1,100,100,0,0,0,False,False,True,271.0547,0
RUBINO[M] * TWITCH.TV,CounterTerrorist,2432,2184,124.3104,M4A1,100,100,0,0,0,False,False,True,271.0547,0
RUBINO[M] * TWITCH.TV,CounterTerrorist,2432,2184,124.3104,M4A1,100,100,0,0,0,False,False,True,271.0547,0
RUBINO[M] * TWITCH.TV,CounterTerrorist,2432,2184,124.3104,M4A1,100,100,0,0,0,False,False,True,271.0547,0
RUBINO[M] * TWITCH.TV,CounterTerrorist,2432,2184,124.3104,M4A1,100,100,0,0,0,False,False,True,271.0547,0
RUBINO[M] * TWITCH.TV,CounterTerrorist,2432,2184,124.3104,M4A1,100,100,0,0,0,False,False,True,271.0547,0
RUBINO[M] * TWITCH.TV,CounterTerrorist,2432,2184,124.3104,M4A1,100,100,0,0,0,False,False,True,271.0547,0
RUBINO[M] * TWITCH.TV,CounterTerrorist,2432,2184,124.3104,M4A1,100,100,0,0,0,False,False,True,271.0547,0
RUBINO[M] * TWITCH.TV,CounterTerrorist,2432,2184,124.3104,M4A1,100,100,0,0,0,False,False,True,271.0547,0
RUBINO[M] * TWITCH.TV,CounterTerrorist,2432,2184,124.3104,M4A1,100,100,0,0,0,False,False,True,271.0547,0
RUBINO[M] * TWITCH.TV,CounterTerrorist,2432,2184,124.3104,M4A1,100,100,0,0,0,False,False,True,271.0547,0
RUBINO[M] * TWITCH.TV,CounterTerrorist,2432,2184,124.3104,M4A1,100,100,0,0,0,False,False,True,271.0547,0
RUBINO[M] * TWITCH.TV,CounterTerrorist,2432,2184,124.3104,M4A1,100,100,0,0,0,False,False,True,271.0547,0
RUBINO[M] * TWITCH.TV,CounterTerrorist,2432,2184,124.3104,M4A1,100,100,0,0,0,False,False,True,271.0547,0
RUBINO[M] * TWITCH.TV,CounterTerrorist,2432,2184,124.3104,M4A1,100,100,0,0,0,False,False,True,271.0547,0
RUBINO[M] * TWITCH.TV,CounterTerrorist,2432,2184,124.3104,M4A1,100,100,0,0,0,False,False,True,271.0547,0
RUBINO[M] * TWITCH.TV,CounterTerrorist,2432,2184,124.3104,M4A1,100,100,0,0,0,False,False,True,271.0547,0
RUBINO[M] * TWITCH.TV,CounterTerrorist,2432,2184,124.3104,M4A1,100,100,0,0,0,False,False,True,271.0547,0
RUBINO[M] * TWITCH.TV,CounterTerrorist,2432,2184,124.3104,M4A1,100,100,0,0,0,False,False,True,271.0547,0
RUBINO[M] * TWITCH.TV,CounterTerrorist,2432,2184,124.3104,M4A1,100,100,0,0,0,False,False,True,271.0547,0
RUBINO[M] * TWITCH.TV,CounterTerrorist,2432,2184,124.3104,M4A1,100,100,0,0,0,False,False,True,271.0547,0
RUBINO[M] * TWITCH.TV,CounterTerrorist,2432,2184,124.3104,M4A1,100,100,0,0,0,False,False,True,271.0547,0
RUBINO[M] * TWITCH.TV,CounterTerrorist,2432,2184,124.3104,M4A1,100,100,0,0,0,False,False,True,271.0547,0
RUBINO[M] * TWITCH.TV,CounterTerrorist,2432,2184,124.3104,M4A1,100,100,0,0,0,False,False,True,271.0547,0
RUBINO[M] * TWITCH.TV,CounterTerrorist,2432,2184,124.3104,M4A1,100,100,0,0,0,False,False,True,271.0547,0
RUBINO[M] * TWITCH.TV,CounterTerrorist,2432,2184,124.3104,M4A1,100,100,0,0,0,False,False,True,271.0547,0
RUBINO[M] * TWITCH.TV,CounterTerrorist,2432,2184,124.3104,M4A1,100,100,0,0,0,False,False,True,271.0547,0
RUBINO[M] * TWITCH.TV,CounterTerrorist,2432,2184,124.3104,M4A1,100,100,0,0,0,False,False,True,271.0547,0
RUBINO[M] * TWITCH.TV,CounterTerrorist,2432,2184,124.3104,M4A1,100,100,0,0,0,False,False,True,271.0547,0
RUBINO[M] * TWITCH.TV,CounterTerrorist,2432,2184,124.3104,M4A1,100,100,0,0,0,False,False,True,271.0547,0
RUBINO[M] * TWITCH.TV,CounterTerrorist,2432,2184,124.3104,M4A1,100,100,0,0,0,False,False,True,271.0547,0
RUBINO[M] * TWITCH.TV,CounterTerrorist,2432,2184,124.3104,M4A1,100,100,0,0,0,False,False,True,271.0547,0
RUBINO[M] * TWITCH.TV,CounterTerrorist,2432,2184,124.3104,M4A1,100,100,0,0,0,False,False,True,271.0547,0
RUBINO[M] * TWITCH.TV,CounterTerrorist,2432,2184,124.3104,M4A1,100,100,0,0,0,False,False,True,271.0547,0
RUBINO[M] * TWITCH.TV,CounterTerrorist,2432,2184,124.3104,M4A1,100,100,0,0,0,False,False,True,271.0547,0
RUBINO[M] * TWITCH.TV,CounterTerrorist,2432,2184,124.3104,Knife,100,100,0,0,0,False,False,True,271.0547,0
RUBINO[M] * TWITCH.TV,CounterTerrorist,2432,2184,124.3104,Knife,100,100,0,0,0,False,False,True,271.0547,0
RUBINO[M] * TWITCH.TV,CounterTerrorist,2432,2184,124.3104,Knife,100,100,0,0,0,False,False,True,271.0547,0
RUBINO[M] * TWITCH.TV,CounterTerrorist,2432,2184,124.3104,Knife,100,100,0,0,0,False,False,True,271.0547,0
RUBINO[M] * TWITCH.TV,CounterTerrorist,2432,2184,124.3104,Knife,100,100,0,0,0,False,False,True,271.0547,0
RUBINO[M] * TWITCH.TV,CounterTerrorist,2432,2184,124.3104,Knife,100,100,0,0,0,False,False,True,271.0547,0
RUBINO[M] * TWITCH.TV,CounterTerrorist,2432,2184,124.3104,Knife,100,100,0,0,0,False,False,True,271.0547,0
RUBINO[M] * TWITCH.TV,CounterTerrorist,2432,2184,124.3104,Knife,100,100,0,0,0,False,False,True,271.0547,0
RUBINO[M] * TWITCH.TV,CounterTerrorist,2432,2184,124.3104,Knife,100,100,0,0,0,False,False,True,271.0547,0
RUBINO[M] * TWITCH.TV,CounterTerrorist,2432,2184,124.3104,Knife,100,100,0,0,0,False,False,True,271.0547,0
RUBINO[M] * TWITCH.TV,CounterTerrorist,2432,2184,124.3104,Knife,100,100,0,0,0,False,False,True,271.0547,0
RUBINO[M] * TWITCH.TV,CounterTerrorist,2432,2184,124.3104,Knife,100,100,0,0,0,False,False,True,271.0547,0
RUBINO[M] * TWITCH.TV,CounterTerrorist,2432,2184,124.3104,Knife,100,100,0,0,0,False,False,True,271.0547,0
RUBINO[M] * TWITCH.TV,CounterTerrorist,2432,2184,124.3104,Knife,100,100,0,0,0,False,False,True,271.0547,0
RUBINO[M] * TWITCH.TV,CounterTerrorist,2432,2184,124.3104,Knife,100,100,0,0,0,False,False,True,271.0547,0
RUBINO[M] * TWITCH.TV,CounterTerrorist,2432,2184,124.3104,Knife,100,100,0,0,0,False,False,True,271.0547,0
RUBINO[M] * TWITCH.TV,CounterTerrorist,2432,2184,124.3104,Knife,100,100,0,0,0,False,False,True,271.0547,0
RUBINO[M] * TWITCH.TV,CounterTerrorist,2432,2184,124.3104,Knife,100,100,0,0,0,False,False,True,271.0547,0
RUBINO[M] * TWITCH.TV,CounterTerrorist,2432,2184,124.3104,Knife,100,100,0,0,0,False,False,True,271.0547,0
RUBINO[M] * TWITCH.TV,CounterTerrorist,2432,2184,124.3104,Knife,100,100,0,0,0,False,False,True,271.0547,0
RUBINO[M] * TWITCH.TV,CounterTerrorist,2432,2184,124.3104,Knife,100,100,0,0,0,False,True,True,271.0547,0
RUBINO[M] * TWITCH.TV,CounterTerrorist,2432,2184,124.3104,Knife,100,100,0,0,0,False,True,True,271.0547,0
RUBINO[M] * TWITCH.TV,CounterTerrorist,2432,2184,124.3104,Knife,100,100,0,0,0,False,True,True,271.0547,0
RUBINO[M] * TWITCH.TV,CounterTerrorist,2432,2184,124.3104,Knife,100,100,0,0,0,False,True,True,271.0547,0
RUBINO[M] * TWITCH.TV,CounterTerrorist,2432,2184,124.3104,Knife,100,100,0,0,0,False,True,True,271.0547,0
RUBINO[M] * TWITCH.TV,CounterTerrorist,2432,2184,124.3104,Knife,100,100,0,0,0,False,True,True,271.0547,0
RUBINO[M] * TWITCH.TV,CounterTerrorist,2432,2184,124.3104,Knife,100,100,0,0,0,False,True,True,271.0547,0
RUBINO[M] * TWITCH.TV,CounterTerrorist,2432,2184,124.3104,Knife,100,100,0,0,0,False,True,True,271.0547,0
RUBINO[M] * TWITCH.TV,CounterTerrorist,2432,2184,124.3104,Knife,100,100,0,0,0,False,True,True,271.0547,0
RUBINO[M] * TWITCH.TV,CounterTerrorist,2432,2184,124.3104,Knife,100,100,0,0,0,False,True,True,271.0547,0
RUBINO[M] * TWITCH.TV,CounterTerrorist,2432,2184,124.3104,Knife,100,100,0,0,0,False,True,True,271.0547,0
RUBINO[M] * TWITCH.TV,CounterTerrorist,2432,2184,124.3104,Knife,100,100,0,0,0,False,True,True,271.0547,0
RUBINO[M] * TWITCH.TV,CounterTerrorist,2432,2184,124.3104,Knife,100,100,0,0,0,False,True,True,271.0547,0
RUBINO[M] * TWITCH.TV,CounterTerrorist,2432,2184,124.3104,Knife,100,100,0,0,0,False,True,True,271.0547,0
RUBINO[M] * TWITCH.TV,CounterTerrorist,2432,2184,124.3104,Knife,100,100,0,0,0,False,True,True,271.0547,0
RUBINO[M] * TWITCH.TV,CounterTerrorist,2432,2184,124.3104,Knife,100,100,0,0,0,False,True,True,271.0547,0
RUBINO[M] * TWITCH.TV,CounterTerrorist,2432,2184,124.3104,Knife,100,100,0,0,0,False,True,True,271.0547,0
RUBINO[M] * TWITCH.TV,CounterTerrorist,2432,2184,124.3104,Knife,100,100,0,0,0,False,True,True,271.0547,0
RUBINO[M] * TWITCH.TV,CounterTerrorist,2432,2184,124.3104,M4A1,100,100,0,0,0,False,True,True,271.0547,0
RUBINO[M] * TWITCH.TV,CounterTerrorist,2432,2184,124.3104,M4A1,100,100,0,0,0,False,True,True,271.0547,0
RUBINO[M] * TWITCH.TV,CounterTerrorist,2432,2184,124.3104,M4A1,100,100,0,0,0,False,True,True,271.0547,0
RUBINO[M] * TWITCH.TV,CounterTerrorist,2432,2184,124.3104,M4A1,100,100,0,0,0,False,True,True,271.0547,0
RUBINO[M] * TWITCH.TV,CounterTerrorist,2432,2184,124.3104,M4A1,100,100,0,0,0,False,True,True,271.0547,0
RUBINO[M] * TWITCH.TV,CounterTerrorist,2432,2184,124.3104,M4A1,100,100,0,0,0,False,True,True,271.0547,0
RUBINO[M] * TWITCH.TV,CounterTerrorist,2432,2184,124.3104,M4A1,100,100,0,0,0,False,True,True,271.0547,0
RUBINO[M] * TWITCH.TV,CounterTerrorist,2432,2184,124.3104,M4A1,100,100,0,0,0,False,True,True,271.0547,0
RUBINO[M] * TWITCH.TV,CounterTerrorist,2432,2184,124.3104,M4A1,100,100,0,0,0,False,True,True,271.0547,0
RUBINO[M] * TWITCH.TV,CounterTerrorist,2432,2184,124.3104,M4A1,100,100,0,0,0,False,True,True,271.0547,0
RUBINO[M] * TWITCH.TV,CounterTerrorist,2432,2184,124.3104,M4A1,100,100,0,0,0,False,True,True,271.0547,0
RUBINO[M] * TWITCH.TV,CounterTerrorist,2432,2184,124.3104,M4A1,100,100,0,0,0,False,True,True,271.0547,0
RUBINO[M] * TWITCH.TV,CounterTerrorist,2432,2184,124.3104,M4A1,100,100,0,0,0,False,True,True,271.0547,0
RUBINO[M] * TWITCH.TV,CounterTerrorist,2432,2184,124.3104,M4A1,100,100,0,0,0,False,True,True,271.0547,0
RUBINO[M] * TWITCH.TV,CounterTerrorist,2432,2184,124.3104,M4A1,100,100,0,0,0,False,True,True,271.0547,0
RUBINO[M] * TWITCH.TV,CounterTerrorist,2432,2184,124.3104,M4A1,100,100,0,0,0,False,True,True,271.0547,0
RUBINO[M] * TWITCH.TV,CounterTerrorist,2432,2184,124.3104,M4A1,100,100,0,0,0,False,True,True,271.0547,0
RUBINO[M] * TWITCH.TV,CounterTerrorist,2432,2184,124.3104,M4A1,100,100,0,0,0,False,True,True,271.0547,0
RUBINO[M] * TWITCH.TV,CounterTerrorist,2432,2184,124.3104,M4A1,100,100,0,0,0,False,True,True,271.0547,0
RUBINO[M] * TWITCH.TV,CounterTerrorist,2432,2184,124.3104,M4A1,100,100,0,0,0,False,True,True,271.0547,0
RUBINO[M] * TWITCH.TV,CounterTerrorist,2432,2184,124.3104,M4A1,100,100,0,0,0,False,True,True,271.0547,0
RUBINO[M] * TWITCH.TV,CounterTerrorist,2432,2184,124.3104,M4A1,100,100,0,0,0,False,True,True,271.0547,0
RUBINO[M] * TWITCH.TV,CounterTerrorist,2432,2184,124.3104,M4A1,100,100,0,0,0,False,True,True,271.0547,0
RUBINO[M] * TWITCH.TV,CounterTerrorist,2432,2184,124.3104,M4A1,100,100,0,0,0,False,True,True,271.0547,0
RUBINO[M] * TWITCH.TV,CounterTerrorist,2432,2184,124.3104,M4A1,100,100,0,0,0,False,True,True,271.0547,0
RUBINO[M] * TWITCH.TV,CounterTerrorist,2432,2184,124.3104,M4A1,100,100,0,0,0,False,True,True,271.0547,0
RUBINO[M] * TWITCH.TV,CounterTerrorist,2432,2184,124.3104,M4A1,100,100,0,0,0,False,True,True,271.0547,0
RUBINO[M] * TWITCH.TV,CounterTerrorist,2432,2184,124.3104,M4A1,100,100,0,0,0,False,True,True,271.0547,0
RUBINO[M] * TWITCH.TV,CounterTerrorist,2432,2184,124.3104,M4A1,100,100,0,0,0,False,True,True,271.0547,0
RUBINO[M] * TWITCH.TV,CounterTerrorist,2432,2184,124.3104,M4A1,100,100,0,0,0,False,True,True,271.0547,0
RUBINO[M] * TWITCH.TV,CounterTerrorist,2432,2184,124.3104,M4A1,100,100,0,0,0,False,True,True,271.0547,0
RUBINO[M] * TWITCH.TV,CounterTerrorist,2432,2184,124.3104,M4A1,100,100,0,0,0,False,True,True,271.0547,0
RUBINO[M] * TWITCH.TV,CounterTerrorist,2432,2184,124.3104,M4A1,100,100,0,0,0,False,True,True,271.0547,0
RUBINO[M] * TWITCH.TV,CounterTerrorist,2432,2184,124.3104,M4A1,100,100,0,0,0,False,True,True,271.0547,0
RUBINO[M] * TWITCH.TV,CounterTerrorist,2432,2184,124.3104,M4A1,100,100,0,0,0,False,True,True,271.0547,0
RUBINO[M] * TWITCH.TV,CounterTerrorist,2432,2184,124.3104,M4A1,100,100,0,0,0,False,True,True,271.0547,0
RUBINO[M] * TWITCH.TV,CounterTerrorist,2432,2184,124.3104,M4A1,100,100,0,0,0,False,True,True,271.0547,0
RUBINO[M] * TWITCH.TV,CounterTerrorist,2432,2184,124.3104,M4A1,100,100,0,0,0,False,True,True,271.0547,0
RUBINO[M] * TWITCH.TV,CounterTerrorist,2432,2184,124.3104,M4A1,100,100,0,0,0,False,True,True,271.0547,0
RUBINO[M] * TWITCH.TV,CounterTerrorist,2432,2184,124.3104,M4A1,100,100,0,0,0,False,True,True,271.0547,0
RUBINO[M] * TWITCH.TV,CounterTerrorist,2432,2184,124.3104,M4A1,100,100,0,0,0,False,True,True,271.0547,0
RUBINO[M] * TWITCH.TV,CounterTerrorist,2432,2184,124.3104,M4A1,100,100,0,0,0,False,True,True,271.0547,0
RUBINO[M] * TWITCH.TV,CounterTerrorist,2432,2184,124.3104,M4A1,100,100,0,0,0,False,True,True,271.0547,0
RUBINO[M] * TWITCH.TV,CounterTerrorist,2432,2184,124.3104,M4A1,100,100,0,0,0,False,True,True,271.0547,0
RUBINO[M] * TWITCH.TV,CounterTerrorist,2432,2184,124.3104,M4A1,100,100,0,0,0,False,True,True,271.0547,0
RUBINO[M] * TWITCH.TV,CounterTerrorist,2432,2184,124.3104,M4A1,100,100,0,0,0,False,True,True,271.0547,0
RUBINO[M] * TWITCH.TV,CounterTerrorist,2432,2184,124.3104,M4A1,100,100,0,0,0,False,True,True,271.0547,0
RUBINO[M] * TWITCH.TV,CounterTerrorist,2432,2184,124.3104,M4A1,100,100,0,0,0,False,True,True,271.0547,0
RUBINO[M] * TWITCH.TV,CounterTerrorist,2432,2184,124.3104,M4A1,100,100,0,0,0,False,True,True,271.0547,0
RUBINO[M] * TWITCH.TV,CounterTerrorist,2432,2184,124.3104,M4A1,100,100,0,0,0,False,True,True,271.0547,0
RUBINO[M] * TWITCH.TV,CounterTerrorist,2432,2184,124.3104,M4A1,100,100,0,0,0,False,True,True,271.0547,0
RUBINO[M] * TWITCH.TV,CounterTerrorist,2432,2184,124.3104,M4A1,100,100,0,0,0,False,True,True,271.0547,0
RUBINO[M] * TWITCH.TV,CounterTerrorist,2432,2184,124.3104,M4A1,100,100,0,0,0,False,True,True,271.0547,0
RUBINO[M] * TWITCH.TV,CounterTerrorist,2432,2184,124.3104,M4A1,100,100,0,0,0,False,True,True,271.0547,0
RUBINO[M] * TWITCH.TV,CounterTerrorist,2432,2184,124.3104,M4A1,100,100,0,0,0,False,True,True,271.0547,0
RUBINO[M] * TWITCH.TV,CounterTerrorist,2432,2184,124.3104,M4A1,100,100,0,0,0,False,True,True,271.0547,0
RUBINO[M] * TWITCH.TV,CounterTerrorist,2432,2184,124.3104,M4A1,100,100,0,0,0,False,True,True,271.0547,0
RUBINO[M] * TWITCH.TV,CounterTerrorist,2432,2184,124.3104,M4A1,100,100,0,0,0,False,True,True,271.0547,0
RUBINO[M] * TWITCH.TV,CounterTerrorist,2432,2184,124.3104,M4A1,100,100,0,0,0,False,True,True,271.0547,0
RUBINO[M] * TWITCH.TV,CounterTerrorist,2432,2184,124.3104,M4A1,100,100,0,0,0,False,True,True,271.0547,0
RUBINO[M] * TWITCH.TV,CounterTerrorist,2432,2184,124.3104,M4A1,100,100,0,0,0,False,True,True,271.0547,0
RUBINO[M] * TWITCH.TV,CounterTerrorist,2432,2184,124.3104,M4A1,100,100,0,0,0,False,True,True,271.0547,0
RUBINO[M] * TWITCH.TV,CounterTerrorist,2432,2184,124.3104,M4A1,100,100,0,0,0,False,True,True,271.0547,0
RUBINO[M] * TWITCH.TV,CounterTerrorist,2432,2184,124.3104,M4A1,100,100,0,0,0,False,True,True,271.0547,0
RUBINO[M] * TWITCH.TV,CounterTerrorist,2432,2184,124.3104,M4A1,100,100,0,0,0,False,True,True,271.0547,0
RUBINO[M] * TWITCH.TV,CounterTerrorist,2432,2184,124.3104,M4A1,100,100,0,0,0,False,True,True,271.0547,0
RUBINO[M] * TWITCH.TV,CounterTerrorist,2432,2184,124.3104,M4A1,100,100,0,0,0,False,True,True,271.0547,0
RUBINO[M] * TWITCH.TV,CounterTerrorist,2432,2184,124.3104,M4A1,100,100,0,0,0,False,True,True,271.0547,0
RUBINO[M] * TWITCH.TV,CounterTerrorist,2432,2184,124.3104,M4A1,100,100,0,0,0,False,True,True,271.0547,0
RUBINO[M] * TWITCH.TV,CounterTerrorist,2432,2184,124.3104,M4A1,100,100,0,0,0,False,True,True,271.0547,0
RUBINO[M] * TWITCH.TV,CounterTerrorist,2432,2184,124.3104,M4A1,100,100,0,0,0,False,True,True,271.0547,0
RUBINO[M] * TWITCH.TV,CounterTerrorist,2432,2184,124.3104,M4A1,100,100,0,0,0,False,True,True,271.0547,0
RUBINO[M] * TWITCH.TV,CounterTerrorist,2432,2184,124.3104,M4A1,100,100,0,0,0,False,True,True,271.0547,0
RUBINO[M] * TWITCH.TV,CounterTerrorist,2432,2184,124.3104,M4A1,100,100,0,0,0,False,True,True,271.0547,0
RUBINO[M] * TWITCH.TV,CounterTerrorist,2432,2184,124.3104,M4A1,100,100,0,0,0,False,True,True,271.0547,0
RUBINO[M] * TWITCH.TV,CounterTerrorist,2432,2184,124.3104,M4A1,100,100,0,0,0,False,True,True,271.0547,0
RUBINO[M] * TWITCH.TV,CounterTerrorist,2432,2184,124.3104,M4A1,100,100,0,0,0,False,True,True,271.0547,0
RUBINO[M] * TWITCH.TV,CounterTerrorist,2432,2184,124.3104,M4A1,100,100,0,0,0,False,True,True,271.0547,0
RUBINO[M] * TWITCH.TV,CounterTerrorist,2432,2184,124.3104,M4A1,100,100,0,0,0,False,True,True,271.0547,0
RUBINO[M] * TWITCH.TV,CounterTerrorist,2432,2184,124.3104,M4A1,100,100,0,0,0,False,True,True,271.0547,0
RUBINO[M] * TWITCH.TV,CounterTerrorist,2432,2184,124.3104,M4A1,100,100,0,0,0,False,True,True,271.0547,0
RUBINO[M] * TWITCH.TV,CounterTerrorist,2432,2184,124.3104,M4A1,100,100,0,0,0,False,True,True,271.0547,0
RUBINO[M] * TWITCH.TV,CounterTerrorist,2432,2184,124.3104,M4A1,100,100,0,0,0,False,True,True,271.0547,0
RUBINO[M] * TWITCH.TV,CounterTerrorist,2432,2184,124.3104,M4A1,100,100,0,0,0,False,True,True,271.0547,0
RUBINO[M] * TWITCH.TV,CounterTerrorist,2432,2184,124.3104,M4A1,100,100,0,0,0,False,True,True,271.0547,0
RUBINO[M] * TWITCH.TV,CounterTerrorist,2432,2184,124.3104,M4A1,100,100,0,0,0,False,True,True,271.0547,0
RUBINO[M] * TWITCH.TV,CounterTerrorist,2432,2184,124.3104,M4A1,100,100,0,0,0,False,True,True,271.0547,0
RUBINO[M] * TWITCH.TV,CounterTerrorist,2432,2184,124.3104,M4A1,100,100,0,0,0,False,True,True,271.0547,0
RUBINO[M] * TWITCH.TV,CounterTerrorist,2432,2184,124.3104,M4A1,100,100,0,0,0,False,True,True,271.0547,0
RUBINO[M] * TWITCH.TV,CounterTerrorist,2432,2184,124.3104,M4A1,100,100,0,0,0,False,True,True,271.0547,0
RUBINO[M] * TWITCH.TV,CounterTerrorist,2432,2184,124.3104,M4A1,100,100,0,0,0,False,True,True,271.0547,0
RUBINO[M] * TWITCH.TV,CounterTerrorist,2432,2184,124.3104,M4A1,100,100,0,0,0,False,True,True,271.0547,0
RUBINO[M] * TWITCH.TV,CounterTerrorist,2432,2184,124.3104,M4A1,100,100,0,0,0,False,True,True,271.0547,0
RUBINO[M] * TWITCH.TV,CounterTerrorist,2432,2184,124.3104,M4A1,100,100,0,0,0,False,True,True,271.0547,0
RUBINO[M] * TWITCH.TV,CounterTerrorist,2432,2184,124.3104,M4A1,100,100,0,0,0,False,True,True,271.0547,0
RUBINO[M] * TWITCH.TV,CounterTerrorist,2432,2184,124.3104,M4A1,100,100,0,0,0,False,True,True,271.0547,0
RUBINO[M] * TWITCH.TV,CounterTerrorist,2432,2184,124.3104,M4A1,100,100,0,0,0,False,True,True,271.0547,0
RUBINO[M] * TWITCH.TV,CounterTerrorist,2432,2184,124.3104,M4A1,100,100,0,0,0,False,True,True,271.0547,0
RUBINO[M] * TWITCH.TV,CounterTerrorist,2432,2184,124.3104,M4A1,100,100,0,0,0,False,True,True,271.0547,0
RUBINO[M] * TWITCH.TV,CounterTerrorist,2432,2184,124.3104,M4A1,100,100,0,0,0,False,True,True,271.0547,0
RUBINO[M] * TWITCH.TV,CounterTerrorist,2432,2184,124.3104,M4A1,100,100,0,0,0,False,True,True,271.0547,0
RUBINO[M] * TWITCH.TV,CounterTerrorist,2432,2184,124.3104,M4A1,100,100,0,0,0,False,True,True,271.0547,0
RUBINO[M] * TWITCH.TV,CounterTerrorist,2432,2184,124.3104,M4A1,100,100,0,0,0,False,True,True,271.0547,0
RUBINO[M] * TWITCH.TV,CounterTerrorist,2432,2184,124.3104,M4A1,100,100,0,0,0,False,True,True,271.0547,0
RUBINO[M] * TWITCH.TV,CounterTerrorist,2432,2184,124.3104,M4A1,100,100,0,0,0,False,True,True,271.0547,0
RUBINO[M] * TWITCH.TV,CounterTerrorist,2432,2184,124.3104,M4A1,100,100,0,0,0,False,True,True,271.0547,0
RUBINO[M] * TWITCH.TV,CounterTerrorist,2432,2184,124.3104,M4A1,100,100,0,0,0,False,True,True,271.0547,0
RUBINO[M] * TWITCH.TV,CounterTerrorist,2432,2184,124.3104,M4A1,100,100,0,0,0,False,True,True,271.0547,0
RUBINO[M] * TWITCH.TV,CounterTerrorist,2432,2184,124.3104,M4A1,100,100,0,0,0,False,True,True,271.0547,0
RUBINO[M] * TWITCH.TV,CounterTerrorist,2432,2184,124.3104,M4A1,100,100,0,0,0,False,True,True,271.0547,0
RUBINO[M] * TWITCH.TV,CounterTerrorist,2432,2184,124.3104,M4A1,100,100,0,0,0,False,True,True,271.0547,0
RUBINO[M] * TWITCH.TV,CounterTerrorist,2432,2184,124.3104,M4A1,100,100,0,0,0,False,True,True,271.0547,0
RUBINO[M] * TWITCH.TV,CounterTerrorist,2432,2184,124.3104,M4A1,100,100,0,0,0,False,True,True,271.0547,0
RUBINO[M] * TWITCH.TV,CounterTerrorist,2432,2184,124.3104,M4A1,100,100,0,0,0,False,True,True,271.0547,0
RUBINO[M] * TWITCH.TV,CounterTerrorist,2432,2184,124.3104,M4A1,100,100,0,0,0,False,True,True,271.0547,0
RUBINO[M] * TWITCH.TV,CounterTerrorist,2432,2184,124.3104,M4A1,100,100,0,0,0,False,True,True,271.0547,0
RUBINO[M] * TWITCH.TV,CounterTerrorist,2432,2184,124.3104,M4A1,100,100,0,0,0,False,True,True,271.0547,0
RUBINO[M] * TWITCH.TV,CounterTerrorist,2432,2184,124.3104,M4A1,100,100,0,0,0,False,True,True,271.0547,0
RUBINO[M] * TWITCH.TV,CounterTerrorist,2432,2184,124.3104,M4A1,100,100,0,0,0,False,True,True,271.0547,0
RUBINO[M] * TWITCH.TV,CounterTerrorist,2432,2184,124.3104,M4A1,100,100,0,0,0,False,True,True,271.0547,0
RUBINO[M] * TWITCH.TV,CounterTerrorist,2432,2184,124.3104,M4A1,100,100,0,0,0,False,True,True,271.0547,0
RUBINO[M] * TWITCH.TV,CounterTerrorist,2432,2184,124.3104,M4A1,100,100,0,0,0,False,True,True,271.0547,0
RUBINO[M] * TWITCH.TV,CounterTerrorist,2432,2184,124.3104,M4A1,100,100,0,0,0,False,True,True,271.0547,0
RUBINO[M] * TWITCH.TV,CounterTerrorist,2432,2184,124.3104,M4A1,100,100,0,0,0,False,True,True,271.0547,0
RUBINO[M] * TWITCH.TV,CounterTerrorist,2432,2184,124.3104,M4A1,100,100,0,0,0,False,True,True,271.0547,0
RUBINO[M] * TWITCH.TV,CounterTerrorist,2432,2184,124.3104,M4A1,100,100,0,0,0,False,True,True,271.0547,0
RUBINO[M] * TWITCH.TV,CounterTerrorist,2432,2184,124.3104,M4A1,100,100,0,0,0,False,True,True,271.0547,0
RUBINO[M] * TWITCH.TV,CounterTerrorist,2432,2184,124.3104,M4A1,100,100,0,0,0,False,True,True,271.0547,0
RUBINO[M] * TWITCH.TV,CounterTerrorist,2432,2184,124.3104,M4A1,100,100,0,0,0,False,True,True,271.0547,0
RUBINO[M] * TWITCH.TV,CounterTerrorist,2432,2184,124.3104,M4A1,100,100,0,0,0,False,True,True,271.0547,0
RUBINO[M] * TWITCH.TV,CounterTerrorist,2432,2184,124.3104,M4A1,100,100,0,0,0,False,True,True,271.0547,0
RUBINO[M] * TWITCH.TV,CounterTerrorist,2432,2184,124.3104,M4A1,100,100,0,0,0,False,True,True,271.0547,0
RUBINO[M] * TWITCH.TV,CounterTerrorist,2432,2184,124.3104,M4A1,100,100,0,0,0,False,True,True,271.0547,0
RUBINO[M] * TWITCH.TV,CounterTerrorist,2432,2184,124.3104,M4A1,100,100,0,0,0,False,True,True,271.0547,0
RUBINO[M] * TWITCH.TV,CounterTerrorist,2432,2184,124.3104,M4A1,100,100,0,0,0,False,True,True,271.0547,0
RUBINO[M] * TWITCH.TV,CounterTerrorist,2432,2184,124.3104,M4A1,100,100,0,0,0,False,True,True,271.0547,0
RUBINO[M] * TWITCH.TV,CounterTerrorist,2432,2184,124.3104,M4A1,100,100,0,0,0,False,True,True,271.0547,0
RUBINO[M] * TWITCH.TV,CounterTerrorist,2432,2184,124.3104,M4A1,100,100,0,0,0,False,True,True,271.0547,0
RUBINO[M] * TWITCH.TV,CounterTerrorist,2432,2184,124.3104,M4A1,100,100,0,0,0,False,True,True,271.0547,0
RUBINO[M] * TWITCH.TV,CounterTerrorist,2432,2184,124.3104,M4A1,100,100,0,0,0,False,True,True,271.0547,0
RUBINO[M] * TWITCH.TV,CounterTerrorist,2432,2184,124.3104,M4A1,100,100,0,0,0,False,True,True,271.0547,0
RUBINO[M] * TWITCH.TV,CounterTerrorist,2432,2184,124.3104,M4A1,100,100,0,0,0,False,True,True,271.0547,0
RUBINO[M] * TWITCH.TV,CounterTerrorist,2432,2184,124.3104,M4A1,100,100,0,0,0,False,True,True,271.0547,0
RUBINO[M] * TWITCH.TV,CounterTerrorist,2432,2184,124.3104,M4A1,100,100,0,0,0,False,True,True,271.0547,0
RUBINO[M] * TWITCH.TV,CounterTerrorist,2432,2184,124.3104,M4A1,100,100,0,0,0,False,True,True,271.0547,0
RUBINO[M] * TWITCH.TV,CounterTerrorist,2432,2184,124.3104,M4A1,100,100,0,0,0,False,True,True,271.0547,0
RUBINO[M] * TWITCH.TV,CounterTerrorist,2432,2184,124.3104,M4A1,100,100,0,0,0,False,True,True,271.0547,0
RUBINO[M] * TWITCH.TV,CounterTerrorist,2432,2184,124.3104,M4A1,100,100,0,0,0,False,True,True,271.0547,0
RUBINO[M] * TWITCH.TV,CounterTerrorist,2432,2184,124.3104,M4A1,100,100,0,0,0,False,True,True,271.0547,0
RUBINO[M] * TWITCH.TV,CounterTerrorist,2432,2184,124.3104,M4A1,100,100,0,0,0,False,True,True,271.0547,0
RUBINO[M] * TWITCH.TV,CounterTerrorist,2432,2184,124.3104,M4A1,100,100,0,0,0,False,True,True,271.0547,0
RUBINO[M] * TWITCH.TV,CounterTerrorist,2432,2184,124.3104,M4A1,100,100,0,0,0,False,True,True,271.0547,0
RUBINO[M] * TWITCH.TV,CounterTerrorist,2432,2184,124.3104,M4A1,100,100,0,0,0,False,True,True,271.0547,0
RUBINO[M] * TWITCH.TV,CounterTerrorist,2432,2184,124.3104,M4A1,100,100,0,0,0,False,True,True,271.0547,0
RUBINO[M] * TWITCH.TV,CounterTerrorist,2432,2184,124.3104,M4A1,100,100,0,0,0,False,True,True,271.0547,0
RUBINO[M] * TWITCH.TV,CounterTerrorist,2432,2184,124.3104,M4A1,100,100,0,0,0,False,True,True,271.0547,0
RUBINO[M] * TWITCH.TV,CounterTerrorist,2432,2184,124.3104,M4A1,100,100,0,0,0,False,True,True,271.0547,0
RUBINO[M] * TWITCH.TV,CounterTerrorist,2432,2184,124.3104,M4A1,100,100,0,0,0,False,True,True,271.0547,0
RUBINO[M] * TWITCH.TV,CounterTerrorist,2432,2184,124.3104,M4A1,100,100,0,0,0,False,True,True,271.0547,0
RUBINO[M] * TWITCH.TV,CounterTerrorist,2432,2184,124.3104,M4A1,100,100,0,0,0,False,True,True,271.0547,0
RUBINO[M] * TWITCH.TV,CounterTerrorist,2432,2184,124.3104,M4A1,100,100,0,0,0,False,True,True,271.0547,0
RUBINO[M] * TWITCH.TV,CounterTerrorist,2432,2184,124.3104,M4A1,100,100,0,0,0,False,True,True,271.0547,0
RUBINO[M] * TWITCH.TV,CounterTerrorist,2432,2184,124.3104,M4A1,100,100,0,0,0,False,True,True,271.0547,0
RUBINO[M] * TWITCH.TV,CounterTerrorist,2432,2184,124.3104,M4A1,100,100,0,0,0,False,True,True,271.0547,0
RUBINO[M] * TWITCH.TV,CounterTerrorist,2432,2184,124.3104,M4A1,100,100,0,0,0,False,True,True,271.0547,0
RUBINO[M] * TWITCH.TV,CounterTerrorist,2432,2184,124.3104,M4A1,100,100,0,0,0,False,True,True,271.0547,0
RUBINO[M] * TWITCH.TV,CounterTerrorist,2432,2184,124.3104,M4A1,100,100,0,0,0,False,True,True,271.0547,0
RUBINO[M] * TWITCH.TV,CounterTerrorist,2432,2184,124.3104,M4A1,100,100,0,0,0,False,True,True,271.0547,0
RUBINO[M] * TWITCH.TV,CounterTerrorist,2432,2184,124.3104,M4A1,100,100,0,0,0,False,True,True,271.0547,0
RUBINO[M] * TWITCH.TV,CounterTerrorist,2432,2184,124.3104,M4A1,100,100,0,0,0,False,True,True,271.0547,0
RUBINO[M] * TWITCH.TV,CounterTerrorist,2432,2184,124.3104,M4A1,100,100,0,0,0,False,True,True,271.0547,0
RUBINO[M] * TWITCH.TV,CounterTerrorist,2432,2184,124.3104,M4A1,100,100,0,0,0,False,True,True,271.0547,0
RUBINO[M] * TWITCH.TV,CounterTerrorist,2432,2184,124.3104,M4A1,100,100,0,0,0,False,True,True,271.0547,0
RUBINO[M] * TWITCH.TV,CounterTerrorist,2432,2184,124.3104,M4A1,100,100,0,0,0,False,True,True,271.0547,0
RUBINO[M] * TWITCH.TV,CounterTerrorist,2432,2184,124.3104,M4A1,100,100,0,0,0,False,True,True,271.0547,0
RUBINO[M] * TWITCH.TV,CounterTerrorist,2432,2184,124.3104,M4A1,100,100,0,0,0,False,True,True,271.0547,0
RUBINO[M] * TWITCH.TV,CounterTerrorist,2432,2184,124.3104,M4A1,100,100,0,0,0,False,True,True,271.0547,0
RUBINO[M] * TWITCH.TV,CounterTerrorist,2432,2184,124.3104,M4A1,100,100,0,0,0,False,True,True,271.0547,0
RUBINO[M] * TWITCH.TV,CounterTerrorist,2432,2184,124.3104,M4A1,100,100,0,0,0,False,True,True,271.0547,0
RUBINO[M] * TWITCH.TV,CounterTerrorist,2432,2184,124.3104,M4A1,100,100,0,0,0,False,True,True,271.0547,0
RUBINO[M] * TWITCH.TV,CounterTerrorist,2432,2184,124.3104,M4A1,100,100,0,0,0,False,True,True,271.0547,0
RUBINO[M] * TWITCH.TV,CounterTerrorist,2432,2184,124.3104,M4A1,100,100,0,0,0,False,True,True,271.0547,0
RUBINO[M] * TWITCH.TV,CounterTerrorist,2432,2184,124.3104,M4A1,100,100,0,0,0,False,True,True,271.0547,0
RUBINO[M] * TWITCH.TV,CounterTerrorist,2432,2184,124.3104,M4A1,100,100,0,0,0,False,True,True,271.0547,0
RUBINO[M] * TWITCH.TV,CounterTerrorist,2432,2184,124.3104,M4A1,100,100,0,0,0,False,True,True,271.0547,0
RUBINO[M] * TWITCH.TV,CounterTerrorist,2432,2184,124.3104,M4A1,100,100,0,0,0,False,True,True,271.0547,0
RUBINO[M] * TWITCH.TV,CounterTerrorist,2432,2184,124.3104,M4A1,100,100,0,0,0,False,True,True,271.0547,0
RUBINO[M] * TWITCH.TV,CounterTerrorist,2432,2184,124.3104,M4A1,100,100,0,0,0,False,True,True,271.0547,0
RUBINO[M] * TWITCH.TV,CounterTerrorist,2432,2184,124.3104,M4A1,100,100,0,0,0,False,True,True,271.0547,0
RUBINO[M] * TWITCH.TV,CounterTerrorist,2432,2184,124.3104,M4A1,100,100,0,0,0,False,True,True,271.0547,0
RUBINO[M] * TWITCH.TV,CounterTerrorist,2432,2184,124.3104,M4A1,100,100,0,0,0,False,True,True,271.0547,0
RUBINO[M] * TWITCH.TV,CounterTerrorist,2432,2184,124.3104,M4A1,100,100,0,0,0,False,True,True,271.0547,0
RUBINO[M] * TWITCH.TV,CounterTerrorist,2432,2184,124.3104,M4A1,100,100,0,0,0,False,True,True,271.0547,0
RUBINO[M] * TWITCH.TV,CounterTerrorist,2432,2184,124.3104,M4A1,100,100,0,0,0,False,True,True,271.0547,0
RUBINO[M] * TWITCH.TV,CounterTerrorist,2432,2184,124.3104,M4A1,100,100,0,0,0,False,True,True,271.0547,0
RUBINO[M] * TWITCH.TV,CounterTerrorist,2432,2184,124.3104,M4A1,100,100,0,0,0,False,True,True,271.0547,0
RUBINO[M] * TWITCH.TV,CounterTerrorist,2432,2184,124.3104,M4A1,100,100,0,0,0,False,True,True,271.0547,0
RUBINO[M] * TWITCH.TV,CounterTerrorist,2432,2184,124.3104,M4A1,100,100,0,0,0,False,True,True,271.0547,0
RUBINO[M] * TWITCH.TV,CounterTerrorist,2432,2184,124.3104,M4A1,100,100,0,0,0,False,True,True,271.0547,0
RUBINO[M] * TWITCH.TV,CounterTerrorist,2432,2184,124.3104,M4A1,100,100,0,0,0,False,True,True,271.0547,0
RUBINO[M] * TWITCH.TV,CounterTerrorist,2432,2184,124.3104,M4A1,100,100,0,0,0,False,True,True,271.0547,0
RUBINO[M] * TWITCH.TV,CounterTerrorist,2432,2184,124.3104,M4A1,100,100,0,0,0,False,True,True,271.0547,0
RUBINO[M] * TWITCH.TV,CounterTerrorist,2432,2184,124.3104,M4A1,100,100,0,0,0,False,True,True,271.0547,0
RUBINO[M] * TWITCH.TV,CounterTerrorist,2432,2184,124.3104,M4A1,100,100,0,0,0,False,True,True,271.0547,0
RUBINO[M] * TWITCH.TV,CounterTerrorist,2432,2184,124.3104,M4A1,100,100,0,0,0,False,True,True,271.0547,0
RUBINO[M] * TWITCH.TV,CounterTerrorist,2432,2184,124.3104,M4A1,100,100,0,0,0,False,True,True,271.0547,0
RUBINO[M] * TWITCH.TV,CounterTerrorist,2432,2184,124.3104,M4A1,100,100,0,0,0,False,True,True,271.0547,0
RUBINO[M] * TWITCH.TV,CounterTerrorist,2432,2184,124.3104,M4A1,100,100,0,0,0,False,True,True,271.0547,0
RUBINO[M] * TWITCH.TV,CounterTerrorist,2432,2184,124.3104,M4A1,100,100,0,0,0,False,True,True,271.0547,0
RUBINO[M] * TWITCH.TV,CounterTerrorist,2432,2184,124.3104,M4A1,100,100,0,0,0,False,True,True,271.0547,0
RUBINO[M] * TWITCH.TV,CounterTerrorist,2432,2184,124.3104,M4A1,100,100,0,0,0,False,True,True,271.0547,0
RUBINO[M] * TWITCH.TV,CounterTerrorist,2432,2184,124.3104,M4A1,100,100,0,0,0,False,True,True,271.0547,0
RUBINO[M] * TWITCH.TV,CounterTerrorist,2432,2184,124.3104,M4A1,100,100,0,0,0,False,True,True,271.0547,0
RUBINO[M] * TWITCH.TV,CounterTerrorist,2432,2184,124.3104,M4A1,100,100,0,0,0,False,True,True,271.0547,0
RUBINO[M] * TWITCH.TV,CounterTerrorist,2432,2184,124.3104,M4A1,100,100,0,0,0,False,True,True,271.0547,0
RUBINO[M] * TWITCH.TV,CounterTerrorist,2432,2184,124.3104,M4A1,100,100,0,0,0,False,True,True,271.0547,0
RUBINO[M] * TWITCH.TV,CounterTerrorist,2432,2184,124.3104,M4A1,100,100,0,0,0,False,True,True,271.0547,0
RUBINO[M] * TWITCH.TV,CounterTerrorist,2432,2184,124.3104,M4A1,100,100,0,0,0,False,True,True,271.0547,0
RUBINO[M] * TWITCH.TV,CounterTerrorist,2432,2184,124.3104,M4A1,100,100,0,0,0,False,True,True,271.0547,0
RUBINO[M] * TWITCH.TV,CounterTerrorist,2432,2184,124.3104,M4A1,100,100,0,0,0,False,True,True,271.0547,0
RUBINO[M] * TWITCH.TV,CounterTerrorist,2432,2184,124.3104,M4A1,100,100,0,0,0,False,True,True,271.0547,0
RUBINO[M] * TWITCH.TV,CounterTerrorist,2432,2184,124.3104,M4A1,100,100,0,0,0,False,True,True,271.0547,0
RUBINO[M] * TWITCH.TV,CounterTerrorist,2432,2184,124.3104,M4A1,100,100,0,0,0,False,True,True,271.0547,0
RUBINO[M] * TWITCH.TV,CounterTerrorist,2432,2184,124.3104,M4A1,100,100,0,0,0,False,True,True,271.0547,0
RUBINO[M] * TWITCH.TV,CounterTerrorist,2432,2184,124.3104,M4A1,100,100,0,0,0,False,True,True,271.0547,0
RUBINO[M] * TWITCH.TV,CounterTerrorist,2432,2184,124.3104,M4A1,100,100,0,0,0,False,True,True,271.0547,0
RUBINO[M] * TWITCH.TV,CounterTerrorist,2432,2184,124.3104,M4A1,100,100,0,0,0,False,True,True,271.0547,0
RUBINO[M] * TWITCH.TV,CounterTerrorist,2432,2184,124.3104,M4A1,100,100,0,0,0,False,True,True,271.0547,0
RUBINO[M] * TWITCH.TV,CounterTerrorist,2432,2184,124.3104,M4A1,100,100,0,0,0,False,True,True,271.0547,0
RUBINO[M] * TWITCH.TV,CounterTerrorist,2432,2184,124.3104,M4A1,100,100,0,0,0,False,True,True,271.0547,0
RUBINO[M] * TWITCH.TV,CounterTerrorist,2432,2184,124.3104,M4A1,100,100,0,0,0,False,True,True,271.0547,0
RUBINO[M] * TWITCH.TV,CounterTerrorist,2432,2184,124.3104,M4A1,100,100,0,0,0,False,True,True,271.0547,0
RUBINO[M] * TWITCH.TV,CounterTerrorist,2432,2184,124.3104,M4A1,100,100,0,0,0,False,True,True,271.0547,0
RUBINO[M] * TWITCH.TV,CounterTerrorist,2432,2184,124.3104,M4A1,100,100,0,0,0,False,True,True,271.0547,0
RUBINO[M] * TWITCH.TV,CounterTerrorist,2432,2184,124.3104,M4A1,100,100,0,0,0,False,True,True,271.0547,0
RUBINO[M] * TWITCH.TV,CounterTerrorist,2432,2184,124.3104,M4A1,100,100,0,0,0,False,True,True,271.0547,0
RUBINO[M] * TWITCH.TV,CounterTerrorist,2432,2184,124.3104,M4A1,100,100,0,0,0,False,True,True,271.0547,0
RUBINO[M] * TWITCH.TV,CounterTerrorist,2432,2184,124.3104,M4A1,100,100,0,0,0,False,True,True,271.0547,0
RUBINO[M] * TWITCH.TV,CounterTerrorist,2432,2184,124.3104,M4A1,100,100,0,0,0,False,True,True,271.0547,0
RUBINO[M] * TWITCH.TV,CounterTerrorist,2432,2184,124.3104,M4A1,100,100,0,0,0,False,True,True,271.0547,0
RUBINO[M] * TWITCH.TV,CounterTerrorist,2432,2184,124.3104,M4A1,100,100,0,0,0,False,True,True,271.0547,0
RUBINO[M] * TWITCH.TV,CounterTerrorist,2432,2184,124.3104,M4A1,100,100,0,0,0,False,True,True,271.0547,0
RUBINO[M] * TWITCH.TV,CounterTerrorist,2432,2184,124.3104,M4A1,100,100,0,0,0,False,True,True,271.0547,0
RUBINO[M] * TWITCH.TV,CounterTerrorist,2432,2184,124.3104,M4A1,100,100,0,0,0,False,True,True,271.0547,0
RUBINO[M] * TWITCH.TV,CounterTerrorist,2432,2184,124.3104,M4A1,100,100,0,0,0,False,True,True,271.0547,0
RUBINO[M] * TWITCH.TV,CounterTerrorist,2432,2184,124.3104,M4A1,100,100,0,0,0,False,True,True,271.0547,0
RUBINO[M] * TWITCH.TV,CounterTerrorist,2432,2184,124.3104,M4A1,100,100,0,0,0,False,True,True,271.0547,0
RUBINO[M] * TWITCH.TV,CounterTerrorist,2432,2184,124.3104,M4A1,100,100,0,0,0,False,True,True,271.0547,0
RUBINO[M] * TWITCH.TV,CounterTerrorist,2432,2184,124.3104,M4A1,100,100,0,0,0,False,True,True,271.0547,0
RUBINO[M] * TWITCH.TV,CounterTerrorist,2432,2184,124.3104,M4A1,100,100,0,0,0,False,True,True,271.0547,0
RUBINO[M] * TWITCH.TV,CounterTerrorist,2432,2184,124.3104,M4A1,100,100,0,0,0,False,True,True,271.0547,0
RUBINO[M] * TWITCH.TV,CounterTerrorist,2432,2184,124.3104,M4A1,100,100,0,0,0,False,True,True,271.0547,0
RUBINO[M] * TWITCH.TV,CounterTerrorist,2432,2184,124.3104,M4A1,100,100,0,0,0,False,True,True,271.0547,0
RUBINO[M] * TWITCH.TV,CounterTerrorist,2432,2184,124.3104,M4A1,100,100,0,0,0,False,True,True,271.0547,0
RUBINO[M] * TWITCH.TV,CounterTerrorist,2432,2184,124.3104,M4A1,100,100,0,0,0,False,True,True,271.0547,0
RUBINO[M] * TWITCH.TV,CounterTerrorist,2432,2184,124.3104,M4A1,100,100,0,0,0,False,True,True,271.0547,0
RUBINO[M] * TWITCH.TV,CounterTerrorist,2432,2184,124.3104,M4A1,100,100,0,0,0,False,True,True,271.0547,0
RUBINO[M] * TWITCH.TV,CounterTerrorist,2432,2184,124.3104,M4A1,100,100,0,0,0,False,True,True,271.0547,0
RUBINO[M] * TWITCH.TV,CounterTerrorist,2432,2184,124.3104,M4A1,100,100,0,0,0,False,True,True,271.0547,0
RUBINO[M] * TWITCH.TV,CounterTerrorist,2432,2184,124.3104,M4A1,100,100,0,0,0,False,True,True,271.0547,0
RUBINO[M] * TWITCH.TV,CounterTerrorist,2432,2184,124.3104,M4A1,100,100,0,0,0,False,True,True,271.0547,0
RUBINO[M] * TWITCH.TV,CounterTerrorist,2432,2184,124.3104,M4A1,100,100,0,0,0,False,True,True,271.0547,0
RUBINO[M] * TWITCH.TV,CounterTerrorist,2432,2184,124.3104,M4A1,100,100,0,0,0,False,True,True,271.0547,0
RUBINO[M] * TWITCH.TV,CounterTerrorist,2432,2184,124.3104,M4A1,100,100,0,0,0,False,True,True,271.0547,0
RUBINO[M] * TWITCH.TV,CounterTerrorist,2432,2184,124.3104,M4A1,100,100,0,0,0,False,True,True,271.0547,0
RUBINO[M] * TWITCH.TV,CounterTerrorist,2432,2184,124.3104,M4A1,100,100,0,0,0,False,True,True,271.0547,0
RUBINO[M] * TWITCH.TV,CounterTerrorist,2432,2184,124.3104,M4A1,100,100,0,0,0,False,True,True,271.0547,0
RUBINO[M] * TWITCH.TV,CounterTerrorist,2432,2184,124.3104,M4A1,100,100,0,0,0,False,True,True,271.0547,0
RUBINO[M] * TWITCH.TV,CounterTerrorist,2432,2184,124.3104,M4A1,100,100,0,0,0,False,True,True,271.0547,0
RUBINO[M] * TWITCH.TV,CounterTerrorist,2432,2184,124.3104,CZ,100,100,0,0,0,False,True,True,271.0547,0
RUBINO[M] * TWITCH.TV,CounterTerrorist,2432,2184,124.3104,CZ,100,100,0,0,0,False,True,True,271.0547,0
RUBINO[M] * TWITCH.TV,CounterTerrorist,2432,2184,124.3104,CZ,100,100,0,0,0,False,True,True,271.0547,0
RUBINO[M] * TWITCH.TV,CounterTerrorist,2432,2184,124.3104,CZ,100,100,0,0,0,False,True,True,271.0547,0
RUBINO[M] * TWITCH.TV,CounterTerrorist,2432,2184,124.3104,CZ,100,100,0,0,0,False,True,True,271.0547,0
RUBINO[M] * TWITCH.TV,CounterTerrorist,2432,2184,124.3104,CZ,100,100,0,0,0,False,True,True,271.0547,0
RUBINO[M] * TWITCH.TV,CounterTerrorist,2432,2184,124.3104,CZ,100,100,0,0,0,False,True,True,271.0547,0
RUBINO[M] * TWITCH.TV,CounterTerrorist,2432,2184,124.3104,CZ,100,100,0,0,0,False,True,True,271.0547,0
RUBINO[M] * TWITCH.TV,CounterTerrorist,2432,2184,124.3104,CZ,100,100,0,0,0,False,True,True,271.7578,359.6484
RUBINO[M] * TWITCH.TV,CounterTerrorist,2432,2184,124.3104,CZ,100,100,0,0,0,False,True,True,273.5156,359.2969
RUBINO[M] * TWITCH.TV,CounterTerrorist,2432,2184,124.3104,CZ,100,100,0,0,0,False,True,True,274.5703,358.9453
RUBINO[M] * TWITCH.TV,CounterTerrorist,2432,2184,124.3104,Flash,100,100,0,0,0,False,True,True,274.5703,358.9453
RUBINO[M] * TWITCH.TV,CounterTerrorist,2432,2184,124.3104,Flash,100,100,0,0,0,False,True,True,274.5703,358.9453
RUBINO[M] * TWITCH.TV,CounterTerrorist,2432,2184,124.3104,Flash,100,100,0,0,0,False,True,True,274.5703,358.9453
RUBINO[M] * TWITCH.TV,CounterTerrorist,2432,2184,124.3104,Flash,100,100,0,0,0,False,True,True,274.2188,358.9453
RUBINO[M] * TWITCH.TV,CounterTerrorist,2432,2184,124.3104,Smoke,100,100,0,0,0,False,True,True,273.8672,358.9453
RUBINO[M] * TWITCH.TV,CounterTerrorist,2432,2184,124.3104,Smoke,100,100,0,0,0,False,True,True,273.8672,358.9453
RUBINO[M] * TWITCH.TV,CounterTerrorist,2432,2184,124.3104,Smoke,100,100,0,0,0,False,True,True,273.8672,358.9453
RUBINO[M] * TWITCH.TV,CounterTerrorist,2432,2184,124.3104,Smoke,100,100,0,0,0,False,True,True,274.2188,358.9453
RUBINO[M] * TWITCH.TV,CounterTerrorist,2432,2184,124.3104,Incendiary,100,100,0,0,0,False,True,True,274.9219,358.9453
RUBINO[M] * TWITCH.TV,CounterTerrorist,2432,2184,124.3104,Incendiary,100,100,0,0,0,False,True,True,276.3281,358.5938
RUBINO[M] * TWITCH.TV,CounterTerrorist,2432,2184,124.3104,Incendiary,100,100,0,0,0,False,True,True,279.1406,358.5938
RUBINO[M] * TWITCH.TV,CounterTerrorist,2432,2184,124.3104,Incendiary,100,100,0,0,0,False,True,True,281.9531,358.5938
RUBINO[M] * TWITCH.TV,CounterTerrorist,2432,2184,124.3104,Incendiary,100,100,0,0,0,False,True,True,284.7656,358.9453
RUBINO[M] * TWITCH.TV,CounterTerrorist,2432,2184,124.3104,Incendiary,100,100,0,0,0,False,True,True,287.2266,358.9453
RUBINO[M] * TWITCH.TV,CounterTerrorist,2432.074,2183.783,124.3104,Incendiary,100,100,6.04951,-17.61501,0,False,True,True,288.9844,359.2969
RUBINO[M] * TWITCH.TV,CounterTerrorist,2432.48,2182.654,124.3325,Incendiary,100,100,17.23627,-47.1965,0,False,True,True,290.7422,359.6484
RUBINO[M] * TWITCH.TV,CounterTerrorist,2433.245,2180.604,124.3756,Incendiary,100,100,28.84363,-76.61639,0,False,True,True,291.0938,359.6484
RUBINO[M] * TWITCH.TV,CounterTerrorist,2434.357,2177.675,124.4611,Incendiary,100,100,39.4495,-103.519,0,False,True,True,291.0938,359.6484
RUBINO[M] * TWITCH.TV,CounterTerrorist,2435.771,2173.98,124.5516,Incendiary,100,100,48.55176,-126.6076,0,False,True,True,291.0938,359.6484
RUBINO[M] * TWITCH.TV,CounterTerrorist,2437.444,2169.629,124.6341,Incendiary,100,100,56.36358,-146.4229,0,False,True,True,291.0938,359.6484
RUBINO[M] * TWITCH.TV,CounterTerrorist,2439.339,2164.715,124.714,Incendiary,100,100,63.0679,-163.429,0,False,True,True,291.0938,359.6484
RUBINO[M] * TWITCH.TV,CounterTerrorist,2441.424,2159.317,124.8021,Incendiary,100,100,68.82174,-178.0241,0,False,True,True,291.0938,359.6484
RUBINO[M] * TWITCH.TV,CounterTerrorist,2443.674,2153.505,124.8972,Incendiary,100,100,73.79308,-190.537,0,False,True,True,291.4453,359.6484
RUBINO[M] * TWITCH.TV,CounterTerrorist,2446.066,2147.337,124.964,Flash,100,100,78.11338,-201.255,0,False,True,True,291.4453,359.6484
RUBINO[M] * TWITCH.TV,CounterTerrorist,2448.584,2140.866,124.9806,Flash,100,100,82.02024,-210.3748,0,False,True,True,291.7969,359.6484
RUBINO[M] * TWITCH.TV,CounterTerrorist,2451.219,2134.138,124.9989,Flash,100,100,85.63065,-218.0983,0,False,True,True,292.1484,359.6484
RUBINO[M] * TWITCH.TV,CounterTerrorist,2453.957,2127.191,125.0193,Flash,100,100,88.74963,-224.7185,0,False,True,True,292.1484,359.6484
RUBINO[M] * TWITCH.TV,CounterTerrorist,2456.771,2120.086,125.1401,Smoke,100,100,90.34315,-227.7348,0,False,True,True,292.1484,359.6484
RUBINO[M] * TWITCH.TV,CounterTerrorist,2459.6,2112.972,125.3522,Smoke,100,100,90.61475,-227.6268,0,False,True,True,292.1484,359.6484
RUBINO[M] * TWITCH.TV,CounterTerrorist,2462.436,2105.86,125.5501,Smoke,100,100,90.84767,-227.534,0,False,True,True,292.1484,359.6484
RUBINO[M] * TWITCH.TV,CounterTerrorist,2465.279,2098.751,125.7485,Smoke,100,100,91.04744,-227.4541,0,False,True,True,292.1484,359.6484
RUBINO[M] * TWITCH.TV,CounterTerrorist,2468.128,2091.645,125.9472,Smoke,100,100,91.21883,-227.3854,0,False,True,True,292.1484,0
RUBINO[M] * TWITCH.TV,CounterTerrorist,2470.979,2084.539,126.1461,Smoke,100,100,91.22284,-227.3838,0,False,True,True,291.7969,0.3515625
RUBINO[M] * TWITCH.TV,CounterTerrorist,2473.825,2077.431,126.3447,Smoke,100,100,90.92881,-227.5015,0,False,True,True,291.0938,0.703125
RUBINO[M] * TWITCH.TV,CounterTerrorist,2476.307,2070.263,126.5179,Smoke,100,100,68.31245,-231.1561,0,False,True,True,290.7422,0.703125
RUBINO[M] * TWITCH.TV,CounterTerrorist,2477.919,2062.956,126.6304,Smoke,100,100,42.05904,-235.3657,0,False,True,True,290.7422,0.703125
RUBINO[M] * TWITCH.TV,CounterTerrorist,2478.785,2055.529,126.6908,Smoke,100,100,19.52763,-238.9786,0,False,True,True,290.7422,0.703125
RUBINO[M] * TWITCH.TV,CounterTerrorist,2479.009,2049.89,126.5746,Smoke,100,100,4.740003,-241.3428,0,False,True,True,290.7422,0.703125
RUBINO[M] * TWITCH.TV,CounterTerrorist,2478.672,2040.387,126.3214,Smoke,100,100,-17.25292,-244.3474,0,False,True,True,288.6328,1.054688
RUBINO[M] * TWITCH.TV,CounterTerrorist,2477.797,2032.783,126.0771,Smoke,100,100,-34.64986,-242.5374,0,False,True,True,282.6563,2.109375
RUBINO[M] * TWITCH.TV,CounterTerrorist,2476.331,2025.271,125.7943,Smoke,100,100,-54.649,-238.8273,0,False,True,True,272.8125,2.460938
RUBINO[M] * TWITCH.TV,CounterTerrorist,2475.149,2019.651,125.577,Smoke,100,100,-48.86238,-240.078,0,False,True,True,265.7813,2.109375
RUBINO[M] * TWITCH.TV,CounterTerrorist,2473.271,2010.267,125.3256,Smoke,100,100,-48.56358,-240.1387,0,False,True,True,255.5859,1.054688
RUBINO[M] * TWITCH.TV,CounterTerrorist,2471.692,2002.775,125.3307,Smoke,100,100,-51.7956,-239.4624,0,False,True,True,253.125,0.703125
RUBINO[M] * TWITCH.TV,CounterTerrorist,2470.014,1995.305,125.2995,Smoke,100,100,-54.75267,-238.8036,0,False,True,True,253.125,0.703125
RUBINO[M] * TWITCH.TV,CounterTerrorist,2468.222,1987.74,125.263,Knife,100,100,-58.57914,-243.0401,0,False,True,True,253.125,0.703125
RUBINO[M] * TWITCH.TV,CounterTerrorist,2466.35,1980.156,125.2225,Knife,100,100,-60.65173,-242.5312,0,False,True,True,253.125,0.703125
RUBINO[M] * TWITCH.TV,CounterTerrorist,2464.42,1972.585,125.1788,Knife,100,100,-62.40089,-242.087,0,False,True,True,253.125,0.703125
RUBINO[M] * TWITCH.TV,CounterTerrorist,2462.44,1965.028,125.1325,Knife,100,100,-63.88337,-241.7001,0,False,True,True,253.125,0.703125
RUBINO[M] * TWITCH.TV,CounterTerrorist,2460.419,1957.481,125.1348,Knife,100,100,-65.14377,-241.3634,0,False,True,True,253.125,0.703125
RUBINO[M] * TWITCH.TV,CounterTerrorist,2458.362,1949.944,125.2365,Knife,100,100,-66.21782,-241.071,0,False,True,True,253.125,0.703125
RUBINO[M] * TWITCH.TV,CounterTerrorist,2456.274,1942.416,125.3364,Knife,100,100,-67.13464,-240.8172,0,False,True,True,253.125,0.703125
RUBINO[M] * TWITCH.TV,CounterTerrorist,2454.161,1934.895,125.4348,Knife,100,100,-67.91824,-240.5974,0,False,True,True,253.125,0.703125
RUBINO[M] * TWITCH.TV,CounterTerrorist,2452.025,1927.38,125.3931,Knife,100,100,-68.58865,-240.4072,0,False,True,True,253.125,0.703125
RUBINO[M] * TWITCH.TV,CounterTerrorist,2449.915,1920.02,125.3263,CZ,100,100,-66.26625,-230.6703,0,False,True,True,253.125,0.703125
RUBINO[M] * TWITCH.TV,CounterTerrorist,2447.902,1913.039,125.2622,M4A1,100,100,-62.43862,-216.1629,0,False,True,True,253.4766,0.3515625
RUBINO[M] * TWITCH.TV,CounterTerrorist,2445.945,1906.285,125.1996,M4A1,100,100,-62.7119,-216.0838,0,False,True,True,253.4766,0.3515625
RUBINO[M] * TWITCH.TV,CounterTerrorist,2444.187,1901.378,125.3466,M4A1,100,100,-80.93842,-206.1906,0,False,True,True,253.4766,0.3515625
RUBINO[M] * TWITCH.TV,CounterTerrorist,2440.398,1893.664,125.5328,M4A1,100,100,-107.0347,-192.0259,0,False,True,True,253.4766,0.3515625
RUBINO[M] * TWITCH.TV,CounterTerrorist,2436.703,1887.853,125.6194,M4A1,100,100,-124.6031,-182.4899,0,False,True,True,253.4766,0.3515625
RUBINO[M] * TWITCH.TV,CounterTerrorist,2432.509,1882.313,125.6446,M4A1,100,100,-139.6703,-174.3254,0,False,True,True,253.4766,0.3515625
RUBINO[M] * TWITCH.TV,CounterTerrorist,2427.942,1876.977,125.6619,M4A1,100,100,-145.9834,-171.2128,0,False,True,True,253.4766,0.3515625
RUBINO[M] * TWITCH.TV,CounterTerrorist,2423.612,1871.439,125.6828,M4A1,100,100,-134.279,-180.5385,0,False,True,True,253.4766,0.3515625
RUBINO[M] * TWITCH.TV,CounterTerrorist,2419.622,1865.651,125.7604,M4A1,100,100,-123.9143,-187.8038,0,False,True,True,253.4766,0.3515625
RUBINO[M] * TWITCH.TV,CounterTerrorist,2415.923,1859.652,125.8571,Knife,100,100,-115.718,-195.4674,0,False,True,True,253.4766,0.3515625
RUBINO[M] * TWITCH.TV,CounterTerrorist,2412.399,1853.306,125.9843,Knife,100,100,-111.0496,-207.405,0,False,True,True,253.4766,0.3515625
RUBINO[M] * TWITCH.TV,CounterTerrorist,2409.009,1846.621,126.395,Knife,100,100,-107.043,-217.6502,0,False,True,True,253.4766,0.3515625
RUBINO[M] * TWITCH.TV,CounterTerrorist,2405.732,1839.644,126.8737,Knife,100,100,-103.6044,-226.4429,0,False,True,True,253.4766,0.3515625
RUBINO[M] * TWITCH.TV,CounterTerrorist,2402.587,1832.493,127.3668,Knife,100,100,-98.7612,-229.6655,0,False,True,True,253.4766,0.3515625
RUBINO[M] * TWITCH.TV,CounterTerrorist,2399.588,1825.279,127.8663,Knife,100,100,-94.36515,-231.5064,0,False,True,True,253.4766,0.3515625
RUBINO[M] * TWITCH.TV,CounterTerrorist,2396.711,1818.016,128.3709,Knife,100,100,-90.77404,-232.9379,0,False,True,True,253.4766,0.3515625
RUBINO[M] * TWITCH.TV,CounterTerrorist,2393.934,1810.714,128.8795,Knife,100,100,-87.80326,-234.0739,0,False,True,True,253.4766,0.3515625
RUBINO[M] * TWITCH.TV,CounterTerrorist,2391.24,1803.381,129.3914,Knife,100,100,-85.31904,-234.9908,0,False,True,True,253.4766,0.3515625
RUBINO[M] * TWITCH.TV,CounterTerrorist,2388.615,1796.022,129.851,Knife,100,100,-83.22593,-235.7402,0,False,True,True,253.4766,0.3515625
RUBINO[M] * TWITCH.TV,CounterTerrorist,2386.05,1788.643,137.7143,Knife,100,100,-81.4529,-236.3587,0,False,True,True,253.4766,0.3515625
RUBINO[M] * TWITCH.TV,CounterTerrorist,2383.535,1781.246,141.4126,Knife,100,100,-79.94524,-236.8729,0,False,True,True,253.4766,0.3515625
RUBINO[M] * TWITCH.TV,CounterTerrorist,2381.062,1773.836,145.118,Knife,100,100,-78.65977,-237.3029,0,False,True,True,253.4766,0.3515625
RUBINO[M] * TWITCH.TV,CounterTerrorist,2378.626,1766.413,148.8294,Knife,100,100,-77.56157,-237.664,0,False,True,True,253.4766,0.3515625
RUBINO[M] * TWITCH.TV,CounterTerrorist,2376.221,1758.98,152.5459,Knife,100,100,-76.62209,-237.9686,0,False,True,True,253.4766,0.3515625
RUBINO[M] * TWITCH.TV,CounterTerrorist,2373.843,1751.538,156.2668,Knife,100,100,-75.77602,-238.2394,0,False,True,True,253.8281,0.3515625
RUBINO[M] * TWITCH.TV,CounterTerrorist,2371.495,1744.087,159.9926,Knife,100,100,-74.67695,-238.5862,0,False,True,True,254.5313,0.3515625
RUBINO[M] * TWITCH.TV,CounterTerrorist,2369.195,1736.62,160.0313,Knife,100,100,-72.85497,-239.1488,0,False,True,True,256.2891,0.703125
RUBINO[M] * TWITCH.TV,CounterTerrorist,2366.976,1729.13,160.0313,Knife,100,100,-69.70024,-240.0872,0,False,True,True,259.1016,1.054688
RUBINO[M] * TWITCH.TV,CounterTerrorist,2364.882,1721.603,160.0313,Knife,100,100,-65.25233,-241.3341,0,False,True,True,261.2109,1.40625
RUBINO[M] * TWITCH.TV,CounterTerrorist,2362.938,1714.036,160.0313,Knife,100,100,-60.38553,-242.5976,0,False,True,True,262.2656,1.40625
RUBINO[M] * TWITCH.TV,CounterTerrorist,2361.14,1706.434,160.0313,Knife,100,100,-55.947,-243.6595,0,False,True,True,262.6172,1.40625
RUBINO[M] * TWITCH.TV,CounterTerrorist,2359.465,1698.803,160.0313,Knife,100,100,-52.27891,-244.4727,0,False,True,True,262.6172,1.40625
RUBINO[M] * TWITCH.TV,CounterTerrorist,2357.892,1691.151,160.0313,Knife,100,100,-49.24629,-245.1016,0,False,True,True,262.6172,1.40625
RUBINO[M] * TWITCH.TV,CounterTerrorist,2356.403,1683.481,160.0313,Knife,100,100,-46.71218,-245.5972,0,False,True,True,262.6172,1.40625
RUBINO[M] * TWITCH.TV,CounterTerrorist,2354.986,1675.798,160.0313,Knife,100,100,-44.54468,-245.9995,0,False,True,True,262.6172,1.40625
RUBINO[M] * TWITCH.TV,CounterTerrorist,2353.631,1668.104,160.0313,Knife,100,100,-42.70051,-246.3264,0,False,True,True,262.6172,1.40625
RUBINO[M] * TWITCH.TV,CounterTerrorist,2352.328,1660.401,160.0313,Knife,100,100,-41.13415,-246.5927,0,False,True,True,262.6172,1.40625
RUBINO[M] * TWITCH.TV,CounterTerrorist,2351.069,1652.691,160.0313,Knife,100,100,-39.7999,-246.8116,0,False,True,True,262.6172,1.40625
RUBINO[M] * TWITCH.TV,CounterTerrorist,2349.79,1644.995,160.0313,Knife,100,100,-46.12516,-244.376,0,False,True,True,262.6172,1.40625
RUBINO[M] * TWITCH.TV,CounterTerrorist,2347.827,1637.544,160.0313,Knife,100,100,-72.31001,-235.008,0,False,True,True,262.6172,1.40625
RUBINO[M] * TWITCH.TV,CounterTerrorist,2345.12,1630.36,160.0313,Knife,100,100,-94.78261,-226.9682,0,False,True,True,262.6172,1.40625
RUBINO[M] * TWITCH.TV,CounterTerrorist,2342.328,1623.1,160.0313,Knife,100,100,-85.94858,-234.7612,0,False,True,True,263.3203,1.40625
RUBINO[M] * TWITCH.TV,CounterTerrorist,2339.842,1615.694,160.0313,Knife,100,100,-75.52444,-238.3192,0,False,True,True,267.1875,2.109375
RUBINO[M] * TWITCH.TV,CounterTerrorist,2337.727,1608.174,160.0313,Knife,100,100,-62.56875,-242.0437,0,False,True,True,274.5703,3.515625
RUBINO[M] * TWITCH.TV,CounterTerrorist,2336.097,1600.535,160.0313,Knife,100,100,-45.34818,-245.8527,0,False,True,True,284.4141,4.921875
RUBINO[M] * TWITCH.TV,CounterTerrorist,2335.096,1592.79,160.0313,Knife,100,100,-23.47065,-248.8224,0,False,True,True,295.6641,5.976563
RUBINO[M] * TWITCH.TV,CounterTerrorist,2334.849,1585.009,160.0313,Knife,100,100,1.716069,-248.594,0,False,True,True,305.5078,6.679688
RUBINO[M] * TWITCH.TV,CounterTerrorist,2335.422,1577.308,160.0313,Knife,100,100,28.3496,-244.7412,0,False,True,True,313.2422,6.679688
RUBINO[M] * TWITCH.TV,CounterTerrorist,2336.819,1569.778,160.0313,Knife,100,100,54.29789,-238.5224,0,False,True,True,317.8125,6.328125
RUBINO[M] * TWITCH.TV,CounterTerrorist,2338.99,1562.466,160.0313,Knife,100,100,78.31318,-231.2363,0,False,True,True,320.9766,5.976563
RUBINO[M] * TWITCH.TV,CounterTerrorist,2341.863,1555.383,160.0313,Knife,100,100,99.75642,-223.9596,0,False,True,True,322.0313,5.625
RUBINO[M] * TWITCH.TV,CounterTerrorist,2345.35,1548.513,160.0313,Knife,100,100,118.3231,-217.5053,0,False,True,True,322.3828,5.625
RUBINO[M] * TWITCH.TV,CounterTerrorist,2349.361,1541.832,160.0313,Knife,100,100,133.7347,-211.2227,0,False,True,True,322.0313,5.273438
RUBINO[M] * TWITCH.TV,CounterTerrorist,2353.771,1535.384,160.0313,Knife,100,100,145.2856,-203.4505,0,False,True,True,322.0313,5.273438
RUBINO[M] * TWITCH.TV,CounterTerrorist,2358.5,1529.166,160.0313,Knife,100,100,154.6752,-196.4066,0,False,True,True,322.0313,5.273438
RUBINO[M] * TWITCH.TV,CounterTerrorist,2363.486,1523.153,160.0313,Knife,100,100,162.3115,-190.1446,0,False,True,True,322.0313,5.273438
RUBINO[M] * TWITCH.TV,CounterTerrorist,2368.683,1517.32,160.0313,Knife,100,100,168.5312,-184.6544,0,False,True,True,322.0313,5.273438
RUBINO[M] * TWITCH.TV,CounterTerrorist,2374.052,1511.644,160.0313,Knife,100,100,173.6076,-179.8899,0,False,True,True,322.0313,5.273438
RUBINO[M] * TWITCH.TV,CounterTerrorist,2379.56,1506.104,160.0313,Knife,100,100,177.7609,-175.7869,0,False,True,True,322.0313,5.273438
RUBINO[M] * TWITCH.TV,CounterTerrorist,2385.183,1500.68,160.0313,Knife,100,100,181.1445,-172.2982,0,False,True,True,322.0313,5.273438
RUBINO[M] * TWITCH.TV,CounterTerrorist,2390.898,1495.353,160.0313,Knife,100,100,183.8393,-169.4199,0,False,True,True,322.0313,5.273438
RUBINO[M] * TWITCH.TV,CounterTerrorist,2396.687,1490.107,160.0313,Knife,100,100,186.0191,-167.0236,0,False,True,True,322.0313,5.273438
RUBINO[M] * TWITCH.TV,CounterTerrorist,2402.536,1484.927,160.0313,Knife,100,100,187.8084,-165.0091,0,False,True,True,322.0313,5.273438
RUBINO[M] * TWITCH.TV,CounterTerrorist,2408.435,1479.805,160.0313,Knife,100,100,189.2928,-163.3041,0,False,True,True,322.0313,5.273438
RUBINO[M] * TWITCH.TV,CounterTerrorist,2414.375,1474.73,160.0313,Knife,100,100,190.5339,-161.8544,0,False,True,True,322.0313,5.273438
RUBINO[M] * TWITCH.TV,CounterTerrorist,2420.35,1469.697,160.0313,Knife,100,100,191.5776,-160.6176,0,False,True,True,322.0313,5.273438
RUBINO[M] * TWITCH.TV,CounterTerrorist,2426.511,1465.024,160.0313,Knife,100,100,202.3794,-138.9984,0,False,True,True,322.0313,5.273438
RUBINO[M] * TWITCH.TV,CounterTerrorist,2433.081,1461.176,160.0313,Knife,100,100,214.7102,-114.0982,0,False,True,True,322.0313,5.273438
RUBINO[M] * TWITCH.TV,CounterTerrorist,2440.001,1458.036,160.0313,Knife,100,100,225.296,-92.75269,0,False,True,True,322.0313,5.273438
RUBINO[M] * TWITCH.TV,CounterTerrorist,2447.223,1455.501,160.0313,Knife,100,100,234.3884,-74.49219,0,False,True,True,322.0313,5.273438
RUBINO[M] * TWITCH.TV,CounterTerrorist,2454.702,1453.485,160.0313,Knife,100,100,242.1932,-58.83163,0,False,True,True,322.0313,5.273438
RUBINO[M] * TWITCH.TV,CounterTerrorist,2462.356,1451.923,160.0313,Knife,100,100,245.9468,-44.83505,0,False,True,True,322.0313,5.273438
RUBINO[M] * TWITCH.TV,CounterTerrorist,2470.05,1450.573,160.0313,Knife,100,100,245.1851,-48.82917,0,False,True,True,322.0313,5.273438
RUBINO[M] * TWITCH.TV,CounterTerrorist,2477.63,1448.686,160.0313,Knife,100,100,240.8754,-66.92577,0,False,True,True,321.6797,5.273438
RUBINO[M] * TWITCH.TV,CounterTerrorist,2485.063,1446.288,160.0313,Knife,100,100,236.0448,-82.3581,0,False,True,True,320.9766,5.273438
RUBINO[M] * TWITCH.TV,CounterTerrorist,2492.337,1443.44,160.0313,Knife,100,100,230.6995,-96.32097,0,False,True,True,318.1641,5.976563
RUBINO[M] * TWITCH.TV,CounterTerrorist,2499.424,1440.155,160.0313,Knife,100,100,224.2317,-110.5447,0,False,True,True,312.5391,6.328125
RUBINO[M] * TWITCH.TV,CounterTerrorist,2505.937,1436.598,160.0313,M4A1,100,100,194.4931,-113.1258,0,False,True,True,304.4531,6.328125
RUBINO[M] * TWITCH.TV,CounterTerrorist,2511.81,1432.739,160.0313,M4A1,100,100,183.528,-129.9339,0,False,True,True,292.8516,6.328125
RUBINO[M] * TWITCH.TV,CounterTerrorist,2517.252,1428.34,160.0313,M4A1,100,100,167.849,-147.2014,0,False,True,True,281.9531,5.976563
RUBINO[M] * TWITCH.TV,CounterTerrorist,2522.118,1423.422,160.0313,M4A1,100,100,147.9958,-163.3006,0,False,True,True,272.8125,5.625
RUBINO[M] * TWITCH.TV,CounterTerrorist,2526.314,1418.039,160.0313,M4A1,100,100,125.9472,-177.3338,0,False,True,True,266.1328,5.273438
RUBINO[M] * TWITCH.TV,CounterTerrorist,2529.828,1412.26,160.0313,M4A1,100,100,104.6311,-189.2458,0,False,True,True,264.375,5.273438
RUBINO[M] * TWITCH.TV,CounterTerrorist,2532.73,1406.143,160.0313,M4A1,100,100,86.12337,-199.4493,0,False,True,True,264.375,5.273438
RUBINO[M] * TWITCH.TV,CounterTerrorist,2535.105,1399.736,160.0313,M4A1,100,100,70.23946,-208.2063,0,False,True,True,264.375,5.273438
RUBINO[M] * TWITCH.TV,CounterTerrorist,2537.029,1393.08,160.0313,M4A1,100,100,56.60741,-215.7217,0,False,True,True,264.375,5.273438
RUBINO[M] * TWITCH.TV,CounterTerrorist,2538.561,1386.229,160.0313,M4A1,100,100,44.56886,-220.5416,0,False,True,True,264.375,5.273438
RUBINO[M] * TWITCH.TV,CounterTerrorist,2539.741,1379.298,160.0313,M4A1,100,100,33.91937,-222.4286,0,False,True,True,264.375,5.273438
RUBINO[M] * TWITCH.TV,CounterTerrorist,2540.621,1372.305,160.0313,Knife,100,100,24.91861,-225.8803,0,False,True,True,264.375,5.273438
RUBINO[M] * TWITCH.TV,CounterTerrorist,2541.248,1365.064,160.0313,Knife,100,100,17.30354,-235.0049,0,False,True,True,264.375,5.273438
RUBINO[M] * TWITCH.TV,CounterTerrorist,2541.659,1357.565,160.0313,Knife,100,100,10.76807,-242.8359,0,False,True,True,264.375,5.273438
RUBINO[M] * TWITCH.TV,CounterTerrorist,2541.884,1349.842,160.0313,Knife,100,100,5.159142,-249.5567,0,False,True,True,264.375,5.273438
RUBINO[M] * TWITCH.TV,CounterTerrorist,2541.948,1342.03,160.0313,Knife,100,100,0.3420212,-249.9998,0,False,True,True,264.375,5.273438
RUBINO[M] * TWITCH.TV,CounterTerrorist,2541.881,1334.218,160.0313,Knife,100,100,-3.570021,-249.9745,0,False,True,True,264.375,5.273438
RUBINO[M] * TWITCH.TV,CounterTerrorist,2541.705,1326.408,160.0313,Knife,100,100,-6.785223,-249.9079,0,False,True,True,264.375,5.273438
RUBINO[M] * TWITCH.TV,CounterTerrorist,2541.439,1318.6,160.0313,Knife,100,100,-9.459677,-249.821,0,False,True,True,264.375,5.273438
RUBINO[M] * TWITCH.TV,CounterTerrorist,2541.099,1310.795,160.0313,Knife,100,100,-11.70334,-249.7259,0,False,True,True,264.375,5.273438
RUBINO[M] * TWITCH.TV,CounterTerrorist,2540.695,1302.993,160.0313,Knife,100,100,-13.5971,-249.63,0,False,True,True,264.375,5.273438
RUBINO[M] * TWITCH.TV,CounterTerrorist,2540.239,1295.194,160.0313,Knife,100,100,-15.18025,-249.5387,0,False,True,True,264.375,5.273438
RUBINO[M] * TWITCH.TV,CounterTerrorist,2539.739,1287.397,160.0313,Knife,100,100,-16.46415,-249.4573,0,False,True,True,264.375,5.273438
RUBINO[M] * TWITCH.TV,CounterTerrorist,2539.202,1279.603,160.0313,Knife,100,100,-17.55947,-249.3826,0,False,True,True,264.375,5.273438
RUBINO[M] * TWITCH.TV,CounterTerrorist,2538.635,1271.811,160.0313,Knife,100,100,-18.49536,-249.3149,0,False,True,True,264.375,5.273438
RUBINO[M] * TWITCH.TV,CounterTerrorist,2538.341,1267.916,160.0313,Knife,100,100,-18.91121,-249.2837,0,False,True,True,264.375,5.273438
RUBINO[M] * TWITCH.TV,CounterTerrorist,2537.41,1256.234,160.0313,Knife,100,100,-20.571,-249.1522,0,False,True,True,263.3203,5.273438
RUBINO[M] * TWITCH.TV,CounterTerrorist,2536.734,1248.451,160.0313,Knife,100,100,-22.40009,-248.9944,0,False,True,True,261.5625,5.273438
RUBINO[M] * TWITCH.TV,CounterTerrorist,2535.977,1240.676,160.0313,Knife,100,100,-25.52833,-248.6932,0,False,True,True,259.1016,5.625
RUBINO[M] * TWITCH.TV,CounterTerrorist,2535.086,1232.914,160.0313,Knife,100,100,-30.50922,-248.1314,0,False,True,True,255.9375,5.625
RUBINO[M] * TWITCH.TV,CounterTerrorist,2534.002,1225.178,160.0313,Knife,100,100,-37.45765,-247.1779,0,False,True,True,251.7188,5.625
RUBINO[M] * TWITCH.TV,CounterTerrorist,2532.667,1217.48,160.0313,Knife,100,100,-46.09075,-245.7146,0,False,True,True,247.1484,5.625
RUBINO[M] * TWITCH.TV,CounterTerrorist,2531.028,1209.842,160.0313,Knife,100,100,-56.45354,-243.5426,0,False,True,True,242.5781,5.625
RUBINO[M] * TWITCH.TV,CounterTerrorist,2529.57,1204.168,160.0313,Knife,100,100,-65.22592,-241.3412,0,False,True,True,239.0625,5.625
RUBINO[M] * TWITCH.TV,CounterTerrorist,2526.643,1194.853,160.0313,Knife,100,100,-81.38013,-236.3837,0,False,True,True,233.4375,5.976563
RUBINO[M] * TWITCH.TV,CounterTerrorist,2523.839,1187.562,160.0313,Knife,100,100,-94.80713,-231.3258,0,False,True,True,229.2188,5.976563
RUBINO[M] * TWITCH.TV,CounterTerrorist,2520.616,1180.446,160.0313,Knife,100,100,-108.0273,-225.4553,0,False,True,True,226.0547,6.328125
RUBINO[M] * TWITCH.TV,CounterTerrorist,2516.996,1173.524,160.0313,Knife,100,100,-120.3337,-219.1342,0,False,True,True,223.9453,6.328125
RUBINO[M] * TWITCH.TV,CounterTerrorist,2514.045,1168.462,160.0313,Knife,100,100,-128.5779,-214.4009,0,False,True,True,223.2422,6.328125
RUBINO[M] * TWITCH.TV,CounterTerrorist,2508.738,1160.266,160.0313,Knife,100,100,-140.3992,-206.8528,0,False,True,True,222.5391,6.328125
RUBINO[M] * TWITCH.TV,CounterTerrorist,2504.196,1153.91,160.0313,Knife,100,100,-148.1225,-201.3945,0,False,True,True,222.5391,6.328125
RUBINO[M] * TWITCH.TV,CounterTerrorist,2500.647,1149.248,160.0313,Knife,100,100,-152.9871,-197.7244,0,False,True,True,222.5391,6.328125
RUBINO[M] * TWITCH.TV,CounterTerrorist,2494.51,1141.652,160.0313,Knife,100,100,-159.6454,-192.3886,0,False,True,True,222.5391,6.328125
RUBINO[M] * TWITCH.TV,CounterTerrorist,2490.716,1137.187,160.0313,Knife,100,100,-162.9212,-189.6225,0,False,True,True,222.5391,6.328125
RUBINO[M] * TWITCH.TV,CounterTerrorist,2484.244,1129.875,160.0313,Knife,100,100,-167.3863,-185.6928,0,False,True,True,222.1875,5.976563
RUBINO[M] * TWITCH.TV,CounterTerrorist,2478.778,1124.434,160.0313,Knife,100,100,-181.4921,-163.4701,0,False,True,True,222.1875,5.976563
RUBINO[M] * TWITCH.TV,CounterTerrorist,2472.796,1119.827,160.0313,Knife,100,100,-197.0633,-138.2936,0,False,True,True,222.1875,5.976563
RUBINO[M] * TWITCH.TV,CounterTerrorist,2466.372,1115.935,160.0313,Knife,100,100,-210.4269,-116.6864,0,False,True,True,222.1875,5.976563
RUBINO[M] * TWITCH.TV,CounterTerrorist,2459.567,1112.658,160.0313,Knife,100,100,-221.8959,-98.14251,0,False,True,True,222.1875,5.976563
RUBINO[M] * TWITCH.TV,CounterTerrorist,2452.437,1112.055,160.0313,Knife,100,100,-231.7389,1.529138,0,False,True,True,222.1875,5.976563
RUBINO[M] * TWITCH.TV,CounterTerrorist,2445.027,1112.139,160.0313,Knife,100,100,-240.1865,3.31346,0,False,True,True,222.1875,5.976563
RUBINO[M] * TWITCH.TV,CounterTerrorist,2437.506,1112.031,160.0313,Knife,100,100,-239.2739,0,0,False,True,True,222.1875,5.976563
RUBINO[M] * TWITCH.TV,CounterTerrorist,2431.938,1112.031,160.0313,Knife,100,100,-236.7502,0,0,False,True,True,222.1875,5.976563
RUBINO[M] * TWITCH.TV,CounterTerrorist,2424.598,1111.974,160.0313,Knife,100,100,-233.7969,-7.359962,0,False,True,True,222.1875,5.976563
RUBINO[M] * TWITCH.TV,CounterTerrorist,2415.545,1110.892,160.0313,Knife,100,100,-230.4119,-40.48877,0,False,True,True,223.2422,5.976563
RUBINO[M] * TWITCH.TV,CounterTerrorist,2408.402,1109.17,160.0313,Knife,100,100,-227.3742,-63.59029,0,False,True,True,225,7.382813
RUBINO[M] * TWITCH.TV,CounterTerrorist,2401.375,1106.762,160.0313,Knife,100,100,-223.2398,-84.90212,0,False,True,True,228.5156,9.84375
RUBINO[M] * TWITCH.TV,CounterTerrorist,2394.51,1103.71,160.0313,Knife,100,100,-217.2427,-105.2802,0,False,True,True,233.4375,13.71094
RUBINO[M] * TWITCH.TV,CounterTerrorist,2389.507,1101.011,156.4367,Knife,100,100,-211.3933,-120.0481,0,False,True,True,237.6563,17.92969
RUBINO[M] * TWITCH.TV,CounterTerrorist,2381.522,1095.769,155.892,Knife,100,100,-199.3722,-143.4283,0,False,True,True,242.9297,25.66406
RUBINO[M] * TWITCH.TV,CounterTerrorist,2375.515,1090.942,155.4657,Knife,100,100,-187.7905,-160.9202,0,False,True,True,247.5,34.10156
RUBINO[M] * TWITCH.TV,CounterTerrorist,2371.257,1086.979,155.1535,Knife,100,100,-178.5541,-173.0654,0,False,True,True,250.3125,41.48438
RUBINO[M] * TWITCH.TV,CounterTerrorist,2364.661,1079.796,154.6503,Knife,100,100,-162.14,-190.2909,0,False,True,True,253.125,54.14063
RUBINO[M] * TWITCH.TV,CounterTerrorist,2359.857,1073.637,154.2665,Knife,100,100,-148.77,-200.9166,0,False,True,True,254.5313,63.98437
RUBINO[M] * TWITCH.TV,CounterTerrorist,2355.452,1067.186,153.8996,Knife,100,100,-136.442,-209.4841,0,False,True,True,255.2344,72.42188
RUBINO[M] * TWITCH.TV,CounterTerrorist,2351.403,1060.505,153.5484,Knife,100,100,-125.6491,-216.1303,0,False,True,True,254.8828,78.04688
RUBINO[M] * TWITCH.TV,CounterTerrorist,2347.656,1053.651,153.1623,Knife,100,100,-116.7075,-221.0868,0,False,True,True,254.1797,81.21094
RUBINO[M] * TWITCH.TV,CounterTerrorist,2344.152,1046.668,152.8314,Knife,100,100,-109.518,-224.735,0,False,True,True,253.4766,82.26563
RUBINO[M] * TWITCH.TV,CounterTerrorist,2340.848,1039.589,152.554,Knife,100,100,-103.5852,-227.5305,0,False,True,True,253.125,81.21094
RUBINO[M] * TWITCH.TV,CounterTerrorist,2337.71,1032.434,152.2965,Knife,100,100,-98.60649,-229.7319,0,False,True,True,253.125,76.64063
RUBINO[M] * TWITCH.TV,CounterTerrorist,2334.718,1025.217,152.0564,Knife,100,100,-94.08178,-231.6217,0,False,True,True,253.8281,67.5
RUBINO[M] * TWITCH.TV,CounterTerrorist,2331.855,1017.948,151.8318,Knife,100,100,-90.25729,-233.1386,0,False,True,True,253.8281,57.30469
RUBINO[M] * TWITCH.TV,CounterTerrorist,2329.221,1011.01,151.6285,M4A1,100,100,-79.22114,-210.5921,0,False,True,True,253.4766,44.29688
RUBINO[M] * TWITCH.TV,CounterTerrorist,2326.789,1004.413,151.3939,M4A1,100,100,-77.03304,-211.4023,0,False,True,True,253.4766,31.64063
RUBINO[M] * TWITCH.TV,CounterTerrorist,2324.417,997.7938,151.1243,M4A1,100,100,-75.32377,-212.0173,0,False,True,True,253.125,21.09375
RUBINO[M] * TWITCH.TV,CounterTerrorist,2322.089,991.1591,150.8597,M4A1,100,100,-74.03733,-212.4699,0,False,True,True,252.7734,11.60156
RUBINO[M] * TWITCH.TV,CounterTerrorist,2319.796,984.5118,150.5992,M4A1,100,100,-72.93638,-212.8504,0,False,True,True,253.125,4.21875
RUBINO[M] * TWITCH.TV,CounterTerrorist,2317.539,977.8528,150.3427,M4A1,100,100,-71.79595,-213.2378,0,False,True,True,253.4766,359.2969
RUBINO[M] * TWITCH.TV,CounterTerrorist,2315.319,971.1814,149.9503,M4A1,100,100,-70.62312,-213.629,0,False,True,True,253.8281,356.8359
RUBINO[M] * TWITCH.TV,CounterTerrorist,2313.677,966.17,149.6181,M4A1,100,100,-69.77571,-213.9073,0,False,True,True,253.8281,356.1328
RUBINO[M] * TWITCH.TV,CounterTerrorist,2310.98,957.8049,149.0686,M4A1,100,100,-68.56753,-214.2977,0,False,True,True,253.8281,356.1328
RUBINO[M] * TWITCH.TV,CounterTerrorist,2309.383,952.7793,148.741,M4A1,100,100,-67.98537,-214.4831,0,False,True,True,253.4766,356.1328
RUBINO[M] * TWITCH.TV,CounterTerrorist,2306.742,944.3961,148.1973,M4A1,100,100,-67.37626,-214.6752,0,False,True,True,253.125,356.4844
RUBINO[M] * TWITCH.TV,CounterTerrorist,2304.642,937.686,147.7635,M4A1,100,100,-67.1435,-214.7481,0,False,True,True,253.125,356.8359
RUBINO[M] * TWITCH.TV,CounterTerrorist,2302.547,930.9739,147.3705,M4A1,100,100,-66.9603,-214.8053,0,False,True,True,253.125,357.1875
RUBINO[M] * TWITCH.TV,CounterTerrorist,2300.458,924.2603,147.5012,M4A1,100,100,-66.80309,-214.8542,0,False,True,True,253.125,358.2422
RUBINO[M] * TWITCH.TV,CounterTerrorist,2298.373,917.5453,147.6316,M4A1,100,100,-66.64956,-214.9019,0,False,True,True,253.125,358.9453
RUBINO[M] * TWITCH.TV,CounterTerrorist,2296.295,910.8279,147.7615,M4A1,100,100,-66.3582,-214.9921,0,False,True,True,253.4766,359.6484
RUBINO[M] * TWITCH.TV,CounterTerrorist,2294.226,904.0877,147.8908,Knife,100,100,-66.51157,-217.5583,0,False,True,True,254.1797,0
RUBINO[M] * TWITCH.TV,CounterTerrorist,2292.113,897.1107,148.0227,Knife,100,100,-68.23185,-226.5331,0,False,True,True,254.5313,0.3515625
RUBINO[M] * TWITCH.TV,CounterTerrorist,2289.955,889.8772,148.1573,Knife,100,100,-69.50388,-234.2922,0,False,True,True,254.5313,0.3515625
RUBINO[M] * TWITCH.TV,CounterTerrorist,2287.764,882.431,148.2939,Knife,100,100,-70.27699,-239.9191,0,False,True,True,254.5313,0.3515625
RUBINO[M] * TWITCH.TV,CounterTerrorist,2285.58,874.93,148.4299,Knife,100,100,-69.66657,-240.097,0,False,True,True,254.5313,0.3515625
RUBINO[M] * TWITCH.TV,CounterTerrorist,2283.413,867.424,148.5648,Knife,100,100,-69.14307,-240.2483,0,False,True,True,254.5313,0.3515625
RUBINO[M] * TWITCH.TV,CounterTerrorist,2281.261,859.9137,148.6986,Knife,100,100,-68.694,-240.3771,0,False,True,True,254.5313,0.3515625
RUBINO[M] * TWITCH.TV,CounterTerrorist,2279.122,852.3997,148.8317,Knife,100,100,-68.30869,-240.4869,0,False,True,True,254.5313,0.3515625
RUBINO[M] * TWITCH.TV,CounterTerrorist,2276.994,844.8827,148.9639,Knife,100,100,-67.97806,-240.5805,0,False,True,True,254.5313,0.3515625
RUBINO[M] * TWITCH.TV,CounterTerrorist,2274.875,837.3629,149.0956,Knife,100,100,-67.69431,-240.6605,0,False,True,True,254.5313,0.3515625
RUBINO[M] * TWITCH.TV,CounterTerrorist,2272.765,829.8409,149.2267,Knife,100,100,-67.45078,-240.7289,0,False,True,True,254.5313,0.3515625
RUBINO[M] * TWITCH.TV,CounterTerrorist,2270.661,822.317,149.3573,Knife,100,100,-67.24178,-240.7874,0,False,True,True,254.5313,0.3515625
RUBINO[M] * TWITCH.TV,CounterTerrorist,2268.564,814.7914,149.4876,Knife,100,100,-67.05198,-240.8403,0,False,True,True,254.8828,0.3515625
RUBINO[M] * TWITCH.TV,CounterTerrorist,2266.996,809.1457,149.5849,Knife,100,100,-66.8038,-240.9092,0,False,True,True,255.2344,0.3515625
RUBINO[M] * TWITCH.TV,CounterTerrorist,2264.404,799.7304,149.7458,Knife,100,100,-65.91126,-241.155,0,False,True,True,256.2891,0.3515625
RUBINO[M] * TWITCH.TV,CounterTerrorist,2262.391,792.1816,149.8703,Knife,100,100,-63.04172,-241.9209,0,False,True,True,261.2109,0.703125
RUBINO[M] * TWITCH.TV,CounterTerrorist,2260.555,784.5884,149.9832,Knife,100,100,-55.58401,-243.7425,0,False,True,True,269.2969,1.054688
RUBINO[M] * TWITCH.TV,CounterTerrorist,2259.046,776.9236,150.0741,Knife,100,100,-43.37415,-246.2086,0,False,True,True,277.7344,1.40625
RUBINO[M] * TWITCH.TV,CounterTerrorist,2257.972,769.1865,150.1362,Knife,100,100,-29.01152,-248.311,0,False,True,True,281.6016,1.757813
RUBINO[M] * TWITCH.TV,CounterTerrorist,2257.282,761.4048,149.9983,Knife,100,100,-19.03222,-249.2745,0,False,True,True,273.8672,2.8125
RUBINO[M] * TWITCH.TV,CounterTerrorist,2256.679,753.6157,149.823,Knife,100,100,-21.31895,-249.0894,0,False,True,True,254.8828,2.8125
RUBINO[M] * TWITCH.TV,CounterTerrorist,2255.737,745.8618,149.8748,Knife,100,100,-36.96737,-247.2517,0,False,True,True,235.1953,0.703125
RUBINO[M] * TWITCH.TV,CounterTerrorist,2254.15,738.2147,150.0295,Knife,100,100,-59.0843,-242.9178,0,False,True,True,226.7578,358.9453
RUBINO[M] * TWITCH.TV,CounterTerrorist,2251.951,730.7195,150.2664,Knife,100,100,-75.78311,-238.2371,0,False,True,True,235.5469,0.3515625
RUBINO[M] * TWITCH.TV,CounterTerrorist,2249.529,723.2922,150.5496,Knife,100,100,-75.98533,-238.1727,0,False,True,True,262.6172,2.8125
RUBINO[M] * TWITCH.TV,CounterTerrorist,2247.446,715.7641,150.7866,Knife,100,100,-59.49709,-242.817,0,False,True,True,284.0625,2.460938
RUBINO[M] * TWITCH.TV,CounterTerrorist,2245.994,708.0897,150.9339,Knife,100,100,-39.23789,-246.9016,0,False,True,True,284.4141,2.460938
RUBINO[M] * TWITCH.TV,CounterTerrorist,2244.984,700.343,151.0188,Knife,100,100,-30.35303,-248.1506,0,False,True,True,265.7813,2.460938
RUBINO[M] * TWITCH.TV,CounterTerrorist,2243.888,692.6085,151.1157,Knife,100,100,-39.88087,-246.7985,0,False,True,True,241.5234,0.3515625
RUBINO[M] * TWITCH.TV,CounterTerrorist,2242.271,684.9672,151.2865,Knife,100,100,-59.18837,-242.8924,0,False,True,True,229.9219,358.2422
RUBINO[M] * TWITCH.TV,CounterTerrorist,2240.16,677.4461,151.5276,Knife,100,100,-66.47739,-240.9995,0,False,True,True,238.3594,359.6484
RUBINO[M] * TWITCH.TV,CounterTerrorist,2238.617,669.8536,151.6884,Knife,100,100,-37.55663,-242.9471,0,False,True,True,262.9688,2.109375
RUBINO[M] * TWITCH.TV,CounterTerrorist,2238.198,662.4539,151.6928,Knife,100,100,2.020288,-230.7835,0,False,True,True,292.8516,2.460938
RUBINO[M] * TWITCH.TV,CounterTerrorist,2238.692,657.2626,151.5852,Knife,100,100,28.19878,-219.8941,0,False,True,True,305.8594,1.40625
RUBINO[M] * TWITCH.TV,CounterTerrorist,2240.419,648.6268,151.2791,Knife,100,100,53.4604,-222.375,0,False,True,True,301.9922,3.164063
RUBINO[M] * TWITCH.TV,CounterTerrorist,2242.253,641.5485,150.9695,Knife,100,100,59.6391,-229.576,0,False,True,True,281.25,5.273438
RUBINO[M] * TWITCH.TV,CounterTerrorist,2243.907,634.2066,150.6833,Knife,100,100,46.36919,-237.6843,0,False,True,True,252.4219,4.921875
RUBINO[M] * TWITCH.TV,CounterTerrorist,2244.699,628.5931,150.5307,Knife,100,100,26.95008,-239.9801,0,False,True,True,238.711,3.164063
RUBINO[M] * TWITCH.TV,CounterTerrorist,2244.929,619.2313,150.4296,Knife,100,100,-7.064577,-239.6269,0,False,True,True,236.6016,1.757813
RUBINO[M] * TWITCH.TV,CounterTerrorist,2244.358,611.6877,150.4542,Knife,100,100,-22.83395,-243.2132,0,False,True,True,253.8281,2.8125
RUBINO[M] * TWITCH.TV,CounterTerrorist,2243.654,603.9616,150.4961,Knife,100,100,-20.10871,-249.19,0,False,True,True,277.7344,3.515625
RUBINO[M] * TWITCH.TV,CounterTerrorist,2243.354,596.1566,150.4808,Knife,100,100,-2.206276,-249.9903,0,False,True,True,297.0703,2.8125
RUBINO[M] * TWITCH.TV,CounterTerrorist,2243.684,588.3528,150.377,Knife,100,100,17.60286,-249.3795,0,False,True,True,297.0703,3.164063
RUBINO[M] * TWITCH.TV,CounterTerrorist,2244.46,580.5793,150.2109,Knife,100,100,27.47384,-248.4858,0,False,True,True,282.3047,4.570313
RUBINO[M] * TWITCH.TV,CounterTerrorist,2245.268,572.8089,150.0404,Knife,100,100,23.13214,-248.9275,0,False,True,True,263.3203,4.21875
RUBINO[M] * TWITCH.TV,CounterTerrorist,2245.714,565.0104,149.9202,Knife,100,100,8.185177,-249.866,0,False,True,True,249.6094,2.8125
RUBINO[M] * TWITCH.TV,CounterTerrorist,2245.639,557.1995,149.6558,Knife,100,100,-8.407512,-249.8586,0,False,True,True,248.5547,2.460938
RUBINO[M] * TWITCH.TV,CounterTerrorist,2245.15,549.4028,149.0615,Knife,100,100,-18.90268,-249.2844,0,False,True,True,256.6406,3.164063
RUBINO[M] * TWITCH.TV,CounterTerrorist,2244.671,543.563,148.6321,Knife,100,100,-20.62115,-249.1481,0,False,True,True,265.0781,3.515625
RUBINO[M] * TWITCH.TV,CounterTerrorist,2243.964,533.8233,147.9031,Knife,100,100,-15.51097,-249.5184,0,False,True,True,273.8672,3.515625
RUBINO[M] * TWITCH.TV,CounterTerrorist,2243.594,526.8019,147.358,M4A1,100,100,-9.801745,-224.7864,0,False,True,True,274.9219,3.515625
RUBINO[M] * TWITCH.TV,CounterTerrorist,2243.379,519.774,146.7905,M4A1,100,100,-5.340509,-224.9366,0,False,True,True,274.2188,3.515625
RUBINO[M] * TWITCH.TV,CounterTerrorist,2243.273,512.7437,146.2075,M4A1,100,100,-2.369469,-224.9875,0,False,True,True,273.1641,3.164063
RUBINO[M] * TWITCH.TV,CounterTerrorist,2243.242,505.7126,145.6139,M4A1,100,100,-0.2237776,-224.9999,0,False,True,True,273.1641,3.164063
RUBINO[M] * TWITCH.TV,CounterTerrorist,2243.271,498.6814,145.0119,M4A1,100,100,1.555642,-224.9946,0,False,True,True,273.1641,3.164063
RUBINO[M] * TWITCH.TV,CounterTerrorist,2243.35,491.6505,144.403,M4A1,100,100,3.063234,-224.9791,0,False,True,True,273.1641,3.164063
RUBINO[M] * TWITCH.TV,CounterTerrorist,2243.471,484.6204,143.7881,M4A1,100,100,4.3449,-224.958,0,False,True,True,273.1641,3.164063
RUBINO[M] * TWITCH.TV,CounterTerrorist,2243.628,477.5909,143.1683,M4A1,100,100,5.399232,-224.9352,0,False,True,True,272.8125,3.164063
RUBINO[M] * TWITCH.TV,CounterTerrorist,2243.813,470.5621,142.5445,M4A1,100,100,6.232815,-224.9137,0,False,True,True,272.8125,2.8125
RUBINO[M] * TWITCH.TV,CounterTerrorist,2244.021,463.5339,141.9176,M4A1,100,100,6.871547,-224.8951,0,False,True,True,272.4609,2.8125
RUBINO[M] * TWITCH.TV,CounterTerrorist,2244.243,456.5062,141.2888,M4A1,100,100,7.212762,-224.8844,0,False,True,True,272.1094,2.8125
RUBINO[M] * TWITCH.TV,CounterTerrorist,2244.467,449.4785,140.6598,M4A1,100,100,7.04261,-224.8898,0,False,True,True,271.0547,2.460938
RUBINO[M] * TWITCH.TV,CounterTerrorist,2244.671,442.4502,140.0335,M4A1,100,100,6.113771,-224.9169,0,False,True,True,269.6484,2.460938
RUBINO[M] * TWITCH.TV,CounterTerrorist,2244.832,435.4208,139.413,M4A1,100,100,4.514596,-224.9547,0,False,True,True,268.2422,2.109375
RUBINO[M] * TWITCH.TV,CounterTerrorist,2244.927,428.2035,138.786,Knife,100,100,2.023746,-234.37,0,False,True,True,266.8359,1.757813
RUBINO[M] * TWITCH.TV,CounterTerrorist,2244.93,420.7195,138.1491,Knife,100,100,-1.111672,-242.3938,0,False,True,True,265.4297,1.757813
RUBINO[M] * TWITCH.TV,CounterTerrorist,2244.831,413.0085,137.5073,Knife,100,100,-4.40071,-249.2352,0,False,True,True,265.0781,1.757813
RUBINO[M] * TWITCH.TV,CounterTerrorist,2244.641,405.1983,136.8698,Knife,100,100,-7.001081,-249.902,0,False,True,True,265.0781,1.757813
RUBINO[M] * TWITCH.TV,CounterTerrorist,2244.379,397.3902,136.2425,Knife,100,100,-9.134583,-249.8331,0,False,True,True,265.0781,1.757813
RUBINO[M] * TWITCH.TV,CounterTerrorist,2244.058,389.5844,135.6237,Knife,100,100,-10.93818,-249.7606,0,False,True,True,265.0781,1.757813
RUBINO[M] * TWITCH.TV,CounterTerrorist,2243.686,381.7808,135.0124,Knife,100,100,-12.46898,-249.6889,0,False,True,True,265.0781,1.757813
RUBINO[M] * TWITCH.TV,CounterTerrorist,2243.27,373.9793,134.2888,Knife,100,100,-13.77203,-249.6204,0,False,True,True,265.0781,1.757813
RUBINO[M] * TWITCH.TV,CounterTerrorist,2242.818,366.18,133.5363,Knife,100,100,-14.88358,-249.5566,0,False,True,True,265.0781,1.757813
RUBINO[M] * TWITCH.TV,CounterTerrorist,2242.333,358.3825,132.7871,Knife,100,100,-15.83325,-249.4981,0,False,True,True,265.0781,1.757813
RUBINO[M] * TWITCH.TV,CounterTerrorist,2241.822,350.5867,132.1566,Knife,100,100,-16.64556,-249.4452,0,False,True,True,265.0781,1.757813
RUBINO[M] * TWITCH.TV,CounterTerrorist,2241.288,342.7924,132.0527,Knife,100,100,-17.34097,-249.3979,0,False,True,True,265.0781,1.757813
RUBINO[M] * TWITCH.TV,CounterTerrorist,2240.734,334.9996,131.9508,Knife,100,100,-17.93667,-249.3557,0,False,True,True,265.0781,1.757813
RUBINO[M] * TWITCH.TV,CounterTerrorist,2240.164,327.2079,131.8504,Knife,100,100,-18.4472,-249.3185,0,False,True,True,265.0781,1.757813
RUBINO[M] * TWITCH.TV,CounterTerrorist,2239.579,319.4174,131.7514,Knife,100,100,-18.88488,-249.2857,0,False,True,True,265.0781,1.757813
RUBINO[M] * TWITCH.TV,CounterTerrorist,2238.981,311.6278,131.6537,Knife,100,100,-19.26022,-249.257,0,False,True,True,265.0781,1.757813
RUBINO[M] * TWITCH.TV,CounterTerrorist,2238.373,303.8391,131.557,Knife,100,100,-19.58214,-249.2319,0,False,True,True,265.0781,1.757813
RUBINO[M] * TWITCH.TV,CounterTerrorist,2237.756,296.051,131.4274,Knife,100,100,-19.85831,-249.21,0,False,True,True,265.0781,1.757813
RUBINO[M] * TWITCH.TV,CounterTerrorist,2237.131,288.2636,131.1988,Knife,100,100,-20.09524,-249.1911,0,False,True,True,265.0781,1.757813
RUBINO[M] * TWITCH.TV,CounterTerrorist,2236.499,280.4767,130.9715,Knife,100,100,-20.29852,-249.1746,0,False,True,True,265.0781,1.757813
RUBINO[M] * TWITCH.TV,CounterTerrorist,2235.861,272.6902,130.7451,Knife,100,100,-20.47295,-249.1603,0,False,True,True,265.0781,1.757813
RUBINO[M] * TWITCH.TV,CounterTerrorist,2235.218,264.9042,130.5197,Knife,100,100,-20.62263,-249.148,0,False,True,True,265.0781,1.757813
RUBINO[M] * TWITCH.TV,CounterTerrorist,2234.571,257.1186,130.295,Knife,100,100,-20.75107,-249.1373,0,False,True,True,265.0781,1.757813
RUBINO[M] * TWITCH.TV,CounterTerrorist,2233.92,249.3332,130.071,Knife,100,100,-20.86129,-249.1281,0,False,True,True,265.0781,1.757813
RUBINO[M] * TWITCH.TV,CounterTerrorist,2233.266,241.5481,129.8476,Knife,100,100,-20.99774,-249.1166,0,False,True,True,265.0781,1.757813
RUBINO[M] * TWITCH.TV,CounterTerrorist,2232.605,233.7636,129.6254,Knife,100,100,-21.26893,-249.0936,0,False,True,True,264.7266,2.109375
RUBINO[M] * TWITCH.TV,CounterTerrorist,2231.927,225.9806,129.4062,Knife,100,100,-22.05399,-249.0254,0,False,True,True,263.3203,2.460938
RUBINO[M] * TWITCH.TV,CounterTerrorist,2231.199,218.2021,129.1957,Knife,100,100,-24.23248,-248.8228,0,False,True,True,260.5078,3.515625
RUBINO[M] * TWITCH.TV,CounterTerrorist,2230.358,210.4352,129.0056,Knife,100,100,-28.90769,-248.3231,0,False,True,True,256.2891,4.570313
RUBINO[M] * TWITCH.TV,CounterTerrorist,2229.349,202.846,128.8521,Flash,100,100,-35.31415,-242.4416,0,False,True,True,250.6641,5.273438
RUBINO[M] * TWITCH.TV,CounterTerrorist,2228.053,195.3008,128.7504,Flash,100,100,-45.46389,-240.7448,0,False,True,True,244.6875,5.625
RUBINO[M] * TWITCH.TV,CounterTerrorist,2226.395,187.8272,128.7145,Flash,100,100,-57.86656,-238.0682,0,False,True,True,238.711,5.976563
RUBINO[M] * TWITCH.TV,CounterTerrorist,2224.324,180.4573,128.7546,Flash,100,100,-71.35944,-234.3775,0,False,True,True,234.4922,5.976563
RUBINO[M] * TWITCH.TV,CounterTerrorist,2221.838,173.2168,128.8724,Flash,100,100,-84.2145,-230.0715,0,False,True,True,233.0859,5.976563
RUBINO[M] * TWITCH.TV,CounterTerrorist,2218.992,166.1099,129.0583,Smoke,100,100,-94.93871,-225.8576,0,False,True,True,233.0859,5.976563
RUBINO[M] * TWITCH.TV,CounterTerrorist,2215.848,159.1294,129.3014,Smoke,100,100,-103.7995,-221.9249,0,False,True,True,233.0859,5.976563
RUBINO[M] * TWITCH.TV,CounterTerrorist,2212.458,152.265,129.5922,Smoke,100,100,-111.1182,-218.3524,0,False,True,True,233.0859,5.976563
RUBINO[M] * TWITCH.TV,CounterTerrorist,2208.865,145.5046,129.9227,Smoke,100,100,-117.1655,-215.168,0,False,True,True,233.0859,5.976563
RUBINO[M] * TWITCH.TV,CounterTerrorist,2205.104,138.8362,130.3125,Incendiary,100,100,-122.1664,-212.3685,0,False,True,True,233.0859,5.976563
RUBINO[M] * TWITCH.TV,CounterTerrorist,2201.221,132.244,130.5956,Incendiary,100,100,-123.947,-210.4626,0,False,True,True,233.0859,5.976563
RUBINO[M] * TWITCH.TV,CounterTerrorist,2197.262,125.6912,129.5606,Incendiary,100,100,-128.024,-208.8896,0,False,True,True,233.0859,5.976563
RUBINO[M] * TWITCH.TV,CounterTerrorist,2193.201,119.2004,128.5381,Incendiary,100,100,-130.9964,-207.0385,0,False,True,True,233.0859,5.976563
RUBINO[M] * TWITCH.TV,CounterTerrorist,2189.059,112.7616,127.4898,Incendiary,100,100,-133.4343,-205.4757,0,False,True,True,233.0859,5.976563
RUBINO[M] * TWITCH.TV,CounterTerrorist,2184.849,106.3667,126.4347,Incendiary,100,100,-135.418,-204.1738,0,False,True,True,233.4375,6.328125
RUBINO[M] * TWITCH.TV,CounterTerrorist,2180.593,100.0029,125.3852,Incendiary,100,100,-136.5314,-203.431,0,False,True,True,235.1953,6.328125
RUBINO[M] * TWITCH.TV,CounterTerrorist,2176.222,93.72939,124.352,Incendiary,100,100,-145.6672,-195.5197,0,False,True,True,237.3047,6.679688
RUBINO[M] * TWITCH.TV,CounterTerrorist,2171.298,87.97722,123.4118,Incendiary,100,100,-164.278,-177.8127,0,False,True,True,240.4688,6.679688
RUBINO[M] * TWITCH.TV,CounterTerrorist,2165.853,82.69805,122.5561,Incendiary,100,100,-179.9006,-163.9138,0,False,True,True,241.1719,6.679688
RUBINO[M] * TWITCH.TV,CounterTerrorist,2159.961,77.83418,121.7746,Incendiary,100,100,-193.4352,-150.359,0,False,True,True,236.9531,7.03125
RUBINO[M] * TWITCH.TV,CounterTerrorist,2153.704,73.42442,123.5546,Incendiary,100,100,-202.5185,-137.8813,292.6184,False,True,True,228.5156,8.085938
RUBINO[M] * TWITCH.TV,CounterTerrorist,2147.375,69.11564,132.3083,Incendiary,100,100,-202.5185,-137.8813,267.6184,False,True,True,219.7266,8.789063
RUBINO[M] * TWITCH.TV,CounterTerrorist,2141.214,64.5539,140.2808,Incendiary,100,100,-188.9311,-158.3919,242.6184,False,True,True,213.0469,9.140625
RUBINO[M] * TWITCH.TV,CounterTerrorist,2135.31,59.60415,147.472,Incendiary,100,100,-188.9311,-158.3919,217.6184,False,True,True,210.2344,10.54688
RUBINO[M] * TWITCH.TV,CounterTerrorist,2129.406,54.6544,153.882,Incendiary,100,100,-188.9311,-158.3919,192.6184,False,True,True,211.289,12.30469
RUBINO[M] * TWITCH.TV,CounterTerrorist,2123.553,49.6281,159.5107,Incendiary,100,100,-184.1329,-165.3756,167.6184,False,True,True,214.8047,13.71094
RUBINO[M] * TWITCH.TV,CounterTerrorist,2118.043,44.1409,164.3582,Incendiary,100,100,-171.5481,-181.5138,142.6184,False,True,True,219.7266,14.41406
RUBINO[M] * TWITCH.TV,CounterTerrorist,2112.931,38.19523,168.4244,Incendiary,100,100,-158.884,-195.0891,117.6184,False,True,True,225,15.11719
RUBINO[M] * TWITCH.TV,CounterTerrorist,2108.233,31.85608,171.7094,Incendiary,100,100,-144.9843,-207.3941,92.61838,False,True,True,230.625,15.46875
RUBINO[M] * TWITCH.TV,CounterTerrorist,2104.006,25.15376,174.2131,Incendiary,100,100,-129.183,-218.553,67.61838,False,True,True,236.9531,15.11719
RUBINO[M] * TWITCH.TV,CounterTerrorist,2100.309,18.13008,175.9356,Incendiary,100,100,-111.5498,-228.2918,42.61838,False,True,True,243.2813,14.0625
RUBINO[M] * TWITCH.TV,CounterTerrorist,2097.197,10.83408,176.8768,Incendiary,100,100,-92.21275,-236.3779,17.61838,False,True,True,249.6094,12.65625
RUBINO[M] * TWITCH.TV,CounterTerrorist,2094.718,3.315847,177.0368,Incendiary,100,100,-71.41988,-242.8998,-7.381622,False,True,True,254.5313,10.89844
RUBINO[M] * TWITCH.TV,CounterTerrorist,2093.753,-4.580895,176.4155,Incendiary,100,100,-21.40687,-254.804,-32.38162,False,True,True,258.3984,9.140625
RUBINO[M] * TWITCH.TV,CounterTerrorist,2092.68,-12.30603,173.4374,Incendiary,100,100,-50.52637,-228.6104,0,False,True,True,259.4531,8.085938
RUBINO[M] * TWITCH.TV,CounterTerrorist,2090.453,-18.64518,172.9215,Incendiary,100,100,-83.01619,-187.8732,0,False,True,True,256.9922,7.734375
RUBINO[M] * TWITCH.TV,CounterTerrorist,2087.68,-24.45821,181.8705,Incendiary,100,100,-97.27149,-183.119,273.8684,False,True,True,250.3125,7.382813
RUBINO[M] * TWITCH.TV,CounterTerrorist,2084.114,-29.94925,190.0383,Incendiary,100,100,-124.3083,-170.6027,248.8684,False,True,True,242.2266,7.734375
RUBINO[M] * TWITCH.TV,CounterTerrorist,2079.675,-34.92823,197.4249,Incendiary,100,100,-151.4492,-152.6623,223.8684,False,True,True,233.0859,7.734375
RUBINO[M] * TWITCH.TV,CounterTerrorist,2074.508,-39.32671,204.0301,Incendiary,100,100,-172.0338,-134.5352,198.8684,False,True,True,226.0547,8.085938
RUBINO[M] * TWITCH.TV,CounterTerrorist,2068.818,-43.19286,218.8542,Incendiary,100,100,-186.7092,-118.4037,173.8684,False,True,True,220.0781,8.789063
RUBINO[M] * TWITCH.TV,CounterTerrorist,2062.752,-46.5933,223.897,Incendiary,100,100,-197.7371,-103.8526,148.8684,False,True,True,215.5078,10.19531
RUBINO[M] * TWITCH.TV,CounterTerrorist,2056.438,-49.6384,228.1585,Incendiary,100,100,-203.633,-94.93423,123.8684,False,True,True,211.9922,11.25
RUBINO[M] * TWITCH.TV,CounterTerrorist,2050.012,-52.50097,231.6387,Incendiary,100,100,-206.8218,-89.56072,98.86838,False,True,True,209.8828,11.95313
RUBINO[M] * TWITCH.TV,CounterTerrorist,2043.487,-55.18959,234.3377,Incendiary,100,100,-210.0228,-83.88821,73.86838,False,True,True,209.1797,12.30469
RUBINO[M] * TWITCH.TV,CounterTerrorist,2036.914,-57.79276,236.2554,Incendiary,100,100,-210.3513,-83.30113,48.86838,False,True,True,209.5313,12.30469
RUBINO[M] * TWITCH.TV,CounterTerrorist,2030.362,-60.43171,237.3919,Incendiary,100,100,-208.5168,-86.35725,23.86838,False,True,True,211.289,12.65625
RUBINO[M] * TWITCH.TV,CounterTerrorist,2023.923,-63.25044,237.7471,Incendiary,100,100,-204.5057,-92.50362,-1.131622,False,True,True,214.4531,12.65625
RUBINO[M] * TWITCH.TV,CounterTerrorist,2018.21,-67.02201,228.3211,Incendiary,100,100,-161.6586,-147.2033,-26.13162,False,True,True,219.375,11.95313
RUBINO[M] * TWITCH.TV,CounterTerrorist,2013.821,-72.37185,227.1138,Incendiary,100,100,-134.3535,-177.4869,-51.13162,False,True,True,225,11.25
RUBINO[M] * TWITCH.TV,CounterTerrorist,2009.923,-78.1917,225.1253,Incendiary,100,100,-120.0624,-190.2403,-76.13162,False,True,True,229.9219,10.19531
RUBINO[M] * TWITCH.TV,CounterTerrorist,2006.279,-84.22401,222.3555,Incendiary,100,100,-115.8622,-193.6364,-101.1316,False,True,True,231.3281,9.492188
RUBINO[M] * TWITCH.TV,CounterTerrorist,2002.953,-90.26595,224.249,Incendiary,100,100,-103.2888,-193.244,274.0577,False,True,True,227.4609,9.140625
RUBINO[M] * TWITCH.TV,CounterTerrorist,1999.726,-96.30483,232.4227,Incendiary,100,100,-103.2888,-193.244,249.0577,False,True,True,217.9688,8.789063
RUBINO[M] * TWITCH.TV,CounterTerrorist,1996.498,-102.3437,239.8152,Incendiary,100,100,-103.2888,-193.244,224.0577,False,True,True,206.3672,7.734375
RUBINO[M] * TWITCH.TV,CounterTerrorist,1993.369,-108.4355,255.4264,Incendiary,100,100,-94.88437,-197.8495,199.0577,False,True,True,194.7656,6.328125
RUBINO[M] * TWITCH.TV,CounterTerrorist,1990.562,-112.9651,261.2563,Incendiary,100,100,-83.58507,0.4639424,174.0577,False,True,True,185.2734,5.273438
RUBINO[M] * TWITCH.TV,CounterTerrorist,1988.353,-112.931,266.305,Incendiary,100,100,-62.79079,1.280002,149.0577,False,True,True,180.7031,4.570313
RUBINO[M] * TWITCH.TV,CounterTerrorist,1986.718,-112.8892,270.5725,Incendiary,100,100,-49.26889,1.344866,124.0577,False,True,True,180,4.21875
RUBINO[M] * TWITCH.TV,CounterTerrorist,1985.289,-112.847,274.0587,Incendiary,100,100,-43.5761,1.356565,99.05774,False,True,True,180,4.21875
RUBINO[M] * TWITCH.TV,CounterTerrorist,1984.042,-112.8043,276.7636,Incendiary,100,100,-37.63053,1.368784,74.05774,False,True,True,180,4.21875
RUBINO[M] * TWITCH.TV,CounterTerrorist,1983.232,-112.7721,278.2797,Incendiary,100,100,-33.00216,1.378295,55.30774,False,True,True,180,4.21875
RUBINO[M] * TWITCH.TV,CounterTerrorist,1982.131,-112.7179,279.8298,Incendiary,100,100,-24.9591,1.394825,24.05774,False,True,True,180,4.21875
RUBINO[M] * TWITCH.TV,CounterTerrorist,1981.459,-112.73,280.191,Incendiary,100,100,-19.70221,-2.185139,-0.9422607,False,True,True,180,4.21875
RUBINO[M] * TWITCH.TV,CounterTerrorist,1981.115,-112.9688,279.771,Incendiary,100,100,-3.500586,0,-25.94226,False,True,True,180,4.21875
RUBINO[M] * TWITCH.TV,CounterTerrorist,1981.009,-112.9688,269.5697,Incendiary,100,100,-3.324288,0,-50.94226,False,True,True,180,4.21875
RUBINO[M] * TWITCH.TV,CounterTerrorist,1980.908,-112.9688,267.5871,Incendiary,100,100,-3.141083,0,-75.94226,False,True,True,180,4.21875
RUBINO[M] * TWITCH.TV,CounterTerrorist,1980.814,-112.9688,264.8233,Incendiary,100,100,-2.952579,0,-100.9423,False,True,True,180,4.21875
RUBINO[M] * TWITCH.TV,CounterTerrorist,1980.723,-112.9688,261.2783,Incendiary,100,100,-2.86959,0,-125.9423,False,True,True,180,3.515625
RUBINO[M] * TWITCH.TV,CounterTerrorist,1980.632,-112.9688,256.952,Knife,100,100,-3.028293,0,0,False,True,True,179.6484,2.8125
RUBINO[M] * TWITCH.TV,CounterTerrorist,1980.627,-112.9688,256.0313,Knife,100,100,-0.09090251,0,0,False,True,True,179.6484,1.757813
RUBINO[M] * TWITCH.TV,CounterTerrorist,1980.623,-112.9688,256.0313,Knife,100,100,-0.1034999,0,0,False,True,True,179.2969,1.054688
RUBINO[M] * TWITCH.TV,CounterTerrorist,1980.62,-112.9688,256.0313,Knife,100,100,-0.1034998,0,0,False,True,True,179.2969,0
RUBINO[M] * TWITCH.TV,CounterTerrorist,1980.619,-112.9688,256.0313,Knife,100,100,0,0,0,False,True,True,179.2969,359.2969
RUBINO[M] * TWITCH.TV,CounterTerrorist,1980.853,-112.9715,256.0313,Knife,100,100,19.06118,-0.2242954,0,False,True,True,179.2969,358.5938
RUBINO[M] * TWITCH.TV,CounterTerrorist,1982.084,-112.986,256.0313,Knife,100,100,51.55893,-0.6067005,0,False,True,True,179.2969,357.8906
RUBINO[M] * TWITCH.TV,CounterTerrorist,1984.329,-112.9987,256.0313,Knife,100,100,84.02153,-0.1286941,0,False,True,True,179.2969,357.8906
RUBINO[M] * TWITCH.TV,CounterTerrorist,1987.39,-112.9987,256.0313,Knife,100,100,103.9399,0,0,False,True,True,179.2969,357.5391
RUBINO[M] * TWITCH.TV,CounterTerrorist,1990.996,-112.9997,256.0313,Knife,100,100,124.5621,0,0,False,True,True,179.2969,357.5391
RUBINO[M] * TWITCH.TV,CounterTerrorist,1995.36,-112.9997,256.0313,Knife,100,100,148.2509,0,0,False,True,True,179.6484,357.1875
RUBINO[M] * TWITCH.TV,CounterTerrorist,2000.398,-112.9997,256.0313,Knife,100,100,168.5823,0,0,False,True,True,179.6484,357.1875
RUBINO[M] * TWITCH.TV,CounterTerrorist,2006.013,-112.9997,256.0313,Knife,100,100,186.0314,0,0,False,True,True,179.6484,357.1875
RUBINO[M] * TWITCH.TV,CounterTerrorist,2012.125,-112.9999,256.0313,Knife,100,100,201.0072,0,0,False,True,True,180,357.1875
RUBINO[M] * TWITCH.TV,CounterTerrorist,2018.662,-112.9991,256.0313,Knife,100,100,213.86,0.07603828,0,False,True,True,180.3516,357.5391
RUBINO[M] * TWITCH.TV,CounterTerrorist,2025.565,-112.9928,256.0313,Knife,100,100,224.8902,0.2818925,0,False,True,True,180.3516,357.5391
RUBINO[M] * TWITCH.TV,CounterTerrorist,2032.781,-112.9793,256.0313,Knife,100,100,234.3563,0.5174214,0,False,True,True,180.3516,357.8906
RUBINO[M] * TWITCH.TV,CounterTerrorist,2040.266,-112.9585,256.0313,Knife,100,100,242.4801,0.7559519,0,False,True,True,180.3516,357.8906
RUBINO[M] * TWITCH.TV,CounterTerrorist,2047.16,-112.937,256.0313,Knife,100,100,208.1033,0.6487795,0,False,True,True,180.3516,358.2422
RUBINO[M] * TWITCH.TV,CounterTerrorist,2053.076,-112.9186,256.0313,Knife,100,100,178.6002,0.5568011,0,False,True,True,180.3516,358.2422
RUBINO[M] * TWITCH.TV,CounterTerrorist,2058.153,-112.9027,256.0313,Knife,100,100,153.2798,0.4778626,0,False,True,True,180.3516,358.5938
RUBINO[M] * TWITCH.TV,CounterTerrorist,2061.483,-112.8924,256.0313,Knife,100,100,136.6744,0.4260939,0,False,True,True,180.3516,358.5938
RUBINO[M] * TWITCH.TV,CounterTerrorist,2064.868,-112.8842,256.0313,Knife,100,100,85.70143,0.1187761,0,False,True,True,180.3516,358.5938
RUBINO[M] * TWITCH.TV,CounterTerrorist,2066.59,-112.8894,256.0313,Knife,100,100,16.55189,-0.2822465,0,False,True,True,180.3516,358.5938
RUBINO[M] * TWITCH.TV,CounterTerrorist,2066.165,-112.8954,256.0313,Knife,100,100,-27.17841,-0.2130229,0,False,True,True,180.3516,358.5938
RUBINO[M] * TWITCH.TV,CounterTerrorist,2064.68,-112.907,256.0313,Knife,100,100,-59.67742,-0.4668133,0,False,True,True,180.3516,358.5938
RUBINO[M] * TWITCH.TV,CounterTerrorist,2062.184,-112.9265,256.0313,Knife,100,100,-91.80336,-0.7177892,0,False,True,True,180.3516,358.5938
RUBINO[M] * TWITCH.TV,CounterTerrorist,2058.751,-112.9534,256.0313,Knife,100,100,-120.137,-0.939146,0,False,True,True,180.3516,358.5938
RUBINO[M] * TWITCH.TV,CounterTerrorist,2054.512,-112.9865,256.0313,Knife,100,100,-144.4538,-1.129121,0,False,True,True,180.3516,358.5938
RUBINO[M] * TWITCH.TV,CounterTerrorist,2049.583,-112.9975,256.0313,Knife,100,100,-165.3232,-0.155134,0,False,True,True,180.3516,358.5938
RUBINO[M] * TWITCH.TV,CounterTerrorist,2044.06,-112.9998,256.0313,Knife,100,100,-183.2342,0,0,False,True,True,180.3516,358.5938
RUBINO[M] * TWITCH.TV,CounterTerrorist,2038.028,-112.9998,256.0313,Knife,100,100,-198.6059,0,0,False,True,True,180.3516,358.5938
RUBINO[M] * TWITCH.TV,CounterTerrorist,2031.559,-112.9998,256.0313,Knife,100,100,-211.7983,0,0,False,True,True,180.3516,358.5938
RUBINO[M] * TWITCH.TV,CounterTerrorist,2024.715,-112.9998,256.0313,Knife,100,100,-223.1204,0,0,False,True,True,180.3516,358.5938
RUBINO[M] * TWITCH.TV,CounterTerrorist,2017.549,-112.9998,256.0313,Knife,100,100,-232.8374,0,0,False,True,True,180.3516,358.5938
RUBINO[M] * TWITCH.TV,CounterTerrorist,2010.107,-112.9998,256.0313,Knife,100,100,-241.1768,0,0,False,True,True,180.3516,358.5938
RUBINO[M] * TWITCH.TV,CounterTerrorist,2002.428,-112.9998,256.0313,Knife,100,100,-248.3339,0,0,False,True,True,180.3516,358.5938
RUBINO[M] * TWITCH.TV,CounterTerrorist,1994.615,-112.9998,256.0313,Knife,100,100,-249.9999,0,0,False,True,True,181.4063,358.5938
RUBINO[M] * TWITCH.TV,CounterTerrorist,1986.803,-112.9998,256.0313,Knife,100,100,-249.999,0,0,False,True,True,183.8672,358.5938
RUBINO[M] * TWITCH.TV,CounterTerrorist,1979.009,-112.843,256.0313,Knife,100,100,-248.4806,13.25683,0,False,True,True,187.3828,358.2422
RUBINO[M] * TWITCH.TV,CounterTerrorist,1971.277,-112.0991,260.6034,Knife,100,100,-247.2783,25.27591,286.3684,False,True,True,187.3828,358.5938
RUBINO[M] * TWITCH.TV,CounterTerrorist,1963.549,-111.3092,278.1617,Knife,100,100,-247.2783,25.27591,261.3684,False,True,True,183.1641,359.6484
RUBINO[M] * TWITCH.TV,CounterTerrorist,1955.829,-110.2851,285.9388,Knife,100,100,-246.647,40.31962,236.3684,False,True,True,175.7813,0.703125
RUBINO[M] * TWITCH.TV,CounterTerrorist,1948.176,-108.6226,292.9347,Knife,100,100,-243.6219,61.01247,211.3684,False,True,True,169.4531,1.40625
RUBINO[M] * TWITCH.TV,CounterTerrorist,1940.624,-106.4266,299.1493,Knife,100,100,-241.3536,71.59798,186.3684,False,True,True,165.9375,2.8125
RUBINO[M] * TWITCH.TV,CounterTerrorist,1933.012,-104.449,304.5826,Knife,100,100,-245.8164,54.91323,161.3684,False,True,True,164.8828,4.921875
RUBINO[M] * TWITCH.TV,CounterTerrorist,1925.214,-103.1747,309.2347,Knife,100,100,-251.6184,32.74279,136.3684,False,True,True,165.9375,7.382813
RUBINO[M] * TWITCH.TV,CounterTerrorist,1917.323,-102.2696,313.1056,Knife,100,100,-253.0132,26.65767,111.3684,False,True,True,168.0469,9.84375
RUBINO[M] * TWITCH.TV,CounterTerrorist,1909.392,-101.5607,316.1952,Knife,100,100,-254.2181,20.25992,86.36838,False,True,True,170.1563,11.60156
RUBINO[M] * TWITCH.TV,CounterTerrorist,1901.417,-101.1348,317.9997,Knife,100,100,-256.1018,6.980324,-3.125,False,True,True,172.6172,12.30469
RUBINO[M] * TWITCH.TV,CounterTerrorist,1893.381,-101.2023,317.5114,Knife,100,100,-257.3449,-3.914618,-28.125,False,True,True,174.7266,12.65625
RUBINO[M] * TWITCH.TV,CounterTerrorist,1885.339,-101.3246,316.2419,Knife,100,100,-257.3449,-3.914618,-53.125,False,True,True,175.7813,12.30469
RUBINO[M] * TWITCH.TV,CounterTerrorist,1877.297,-101.447,314.1911,Knife,100,100,-257.3449,-3.914618,-78.125,False,True,True,176.1328,11.95313
RUBINO[M] * TWITCH.TV,CounterTerrorist,1869.255,-101.5693,311.3591,Knife,100,100,-257.3449,-3.914618,-103.125,False,True,True,176.1328,11.60156
RUBINO[M] * TWITCH.TV,CounterTerrorist,1864.026,-101.6263,308.0313,Knife,100,100,-76.86971,1.715054,0,False,True,True,174.7266,11.25
RUBINO[M] * TWITCH.TV,CounterTerrorist,1861.666,-101.3585,308.0313,Knife,100,100,-74.66452,12.52042,0,False,True,True,172.2656,10.54688
RUBINO[M] * TWITCH.TV,CounterTerrorist,1859.379,-100.7761,308.0313,Knife,100,100,-72.2583,22.1786,0,False,True,True,169.4531,10.54688
RUBINO[M] * TWITCH.TV,CounterTerrorist,1857.183,-99.91436,308.0313,M4A1,100,100,-69.30254,30.76353,0,False,True,True,166.9922,10.89844
RUBINO[M] * TWITCH.TV,CounterTerrorist,1855.073,-98.80256,308.0313,M4A1,100,100,-66.26694,38.2223,0,False,True,True,165.5859,11.25
RUBINO[M] * TWITCH.TV,CounterTerrorist,1853.564,-97.83535,308.0313,M4A1,100,100,-63.47086,42.7048,0,False,True,True,165.2344,10.89844
RUBINO[M] * TWITCH.TV,CounterTerrorist,1851.189,-96.02312,308.0313,M4A1,100,100,-59.0656,48.61591,0,False,True,True,165.2344,10.89844
RUBINO[M] * TWITCH.TV,CounterTerrorist,1849.842,-94.83938,308.0313,M4A1,100,100,-56.66388,51.3951,0,False,True,True,165.2344,10.89844
RUBINO[M] * TWITCH.TV,CounterTerrorist,1847.714,-92.74291,308.0313,M4A1,100,100,-53.13139,55.03914,0,False,True,True,165.2344,10.89844
RUBINO[M] * TWITCH.TV,CounterTerrorist,1846.054,-91.02254,308.0313,M4A1,100,100,-54.68046,53.50045,0,False,True,True,165.2344,10.89844
RUBINO[M] * TWITCH.TV,CounterTerrorist,1844.253,-89.45149,308.0313,M4A1,100,100,-59.24321,48.39932,0,False,True,True,165.2344,10.89844
RUBINO[M] * TWITCH.TV,CounterTerrorist,1842.822,-88.37196,308.0313,M4A1,100,100,-61.91823,44.92643,0,False,True,True,165.2344,10.89844
RUBINO[M] * TWITCH.TV,CounterTerrorist,1840.321,-86.73841,308.0313,M4A1,100,100,-65.28962,39.86876,0,False,True,True,165.2344,10.89844
RUBINO[M] * TWITCH.TV,CounterTerrorist,1838.241,-85.56034,308.0313,M4A1,100,100,-67.25025,36.46444,0,False,True,True,165.2344,10.89844
RUBINO[M] * TWITCH.TV,CounterTerrorist,1836.109,-84.47845,308.0313,M4A1,100,100,-68.74065,33.57043,0,False,True,True,165.2344,10.89844
RUBINO[M] * TWITCH.TV,CounterTerrorist,1833.938,-83.4788,308.0313,M4A1,100,100,-69.89756,31.08991,0,False,True,True,165.5859,10.89844
RUBINO[M] * TWITCH.TV,CounterTerrorist,1831.735,-82.54871,308.0313,M4A1,100,100,-70.78124,29.02184,0,True,True,True,165.5859,10.89844
RUBINO[M] * TWITCH.TV,CounterTerrorist,1830.062,-81.88646,308.0313,M4A1,100,100,-72.06243,28.03203,0,True,True,True,165.5859,10.89844
RUBINO[M] * TWITCH.TV,CounterTerrorist,1827.147,-80.80507,308.0313,M4A1,100,100,-76.23028,27.46565,0,True,True,True,165.5859,10.89844
RUBINO[M] * TWITCH.TV,CounterTerrorist,1824.709,-79.95436,308.0313,M4A1,100,100,-79.03615,27.08436,0,True,True,True,165.5859,10.89844
RUBINO[M] * TWITCH.TV,CounterTerrorist,1822.192,-79.11449,308.0313,M4A1,100,100,-81.44422,26.75712,0,True,True,True,165.5859,11.25
RUBINO[M] * TWITCH.TV,CounterTerrorist,1819.605,-78.28349,308.0313,M4A1,100,100,-83.50137,26.51281,0,True,True,True,165.2344,11.25
RUBINO[M] * TWITCH.TV,CounterTerrorist,1816.962,-77.45448,308.0313,M4A1,100,100,-85.18249,26.60894,0,True,True,True,163.125,12.30469
RUBINO[M] * TWITCH.TV,CounterTerrorist,1814.276,-76.6077,308.0313,M4A1,100,100,-86.36029,27.51439,0,True,True,True,158.9063,13.35938
RUBINO[M] * TWITCH.TV,CounterTerrorist,1811.67,-75.7505,308.0313,M4A1,100,100,-73.46719,24.48526,0,True,True,True,152.9297,14.76563
RUBINO[M] * TWITCH.TV,CounterTerrorist,1809.926,-75.13593,308.0313,M4A1,100,100,-74.85712,27.1224,0,True,True,True,149.4141,15.11719
RUBINO[M] * TWITCH.TV,CounterTerrorist,1807.525,-74.4258,308.0313,M4A1,100,100,-77.98473,20.30659,0,True,True,True,146.25,15.82031
RUBINO[M] * TWITCH.TV,CounterTerrorist,1804.423,-73.6676,308.0313,M4A1,100,100,-79.68934,21.60429,0,True,True,True,145.5469,15.82031
RUBINO[M] * TWITCH.TV,CounterTerrorist,1801.927,-72.89587,308.0313,M4A1,100,100,-80.01017,26.4576,0,True,True,True,145.5469,15.82031
RUBINO[M] * TWITCH.TV,CounterTerrorist,1799.416,-72.00792,308.0313,M4A1,100,100,-80.866,27.83647,0,True,True,True,145.5469,15.82031
RUBINO[M] * TWITCH.TV,CounterTerrorist,1796.697,-71.29628,308.0313,M4A1,100,100,-90.52746,19.88614,0,False,True,True,145.5469,15.82031
RUBINO[M] * TWITCH.TV,CounterTerrorist,1793.703,-70.81066,308.0313,M4A1,100,100,-98.81919,13.06295,0,False,True,True,145.5469,15.82031
RUBINO[M] * TWITCH.TV,CounterTerrorist,1790.473,-70.519,308.0313,M4A1,100,100,-105.9354,7.20709,0,False,True,True,145.5469,15.82031
RUBINO[M] * TWITCH.TV,CounterTerrorist,1787.972,-70.49513,308.0313,M4A1,100,100,-105.9206,-3.778974,0,False,True,True,145.5469,15.82031
RUBINO[M] * TWITCH.TV,CounterTerrorist,1784.721,-70.9567,308.0313,M4A1,100,100,-102.9751,-21.03726,0,False,True,True,145.8984,15.82031
RUBINO[M] * TWITCH.TV,CounterTerrorist,1780.772,-72.21471,308.0313,M4A1,100,100,-99.93007,-39.17245,0,False,True,True,145.5469,15.46875
RUBINO[M] * TWITCH.TV,CounterTerrorist,1777.686,-73.67918,308.0313,M4A1,100,100,-98.12361,-51.21243,0,False,True,True,144.4922,15.82031
RUBINO[M] * TWITCH.TV,CounterTerrorist,1775.401,-75.00162,308.0313,M4A1,100,100,-97.21578,-58.90961,0,False,True,True,143.4375,16.17188
RUBINO[M] * TWITCH.TV,CounterTerrorist,1771.624,-75.9759,308.0313,M4A1,100,100,-96.43279,0,0,False,True,True,141.6797,16.17188
RUBINO[M] * TWITCH.TV,CounterTerrorist,1769.366,-75.9759,308.0313,M4A1,100,100,-96.33716,0,0,False,True,True,140.625,16.17188
RUBINO[M] * TWITCH.TV,CounterTerrorist,1765.599,-75.9759,308.0313,M4A1,100,100,-96.51707,0,0,False,True,True,139.9219,16.17188
RUBINO[M] * TWITCH.TV,CounterTerrorist,1763.334,-75.9759,308.0313,M4A1,100,100,-96.73114,0,0,False,True,True,139.2188,16.17188
RUBINO[M] * TWITCH.TV,CounterTerrorist,1759.547,-75.9759,308.0313,M4A1,100,100,-97.07526,0,0,False,True,True,139.2188,16.17188
RUBINO[M] * TWITCH.TV,CounterTerrorist,1756.508,-75.9759,308.0313,M4A1,100,100,-97.30692,0,0,False,True,True,139.2188,16.17188
RUBINO[M] * TWITCH.TV,CounterTerrorist,1753.464,-75.9759,308.0313,M4A1,100,100,-97.50574,0,0,False,True,True,139.2188,16.17188
RUBINO[M] * TWITCH.TV,CounterTerrorist,1750.413,-75.9759,308.0313,M4A1,100,100,-97.67637,0,0,False,True,True,139.2188,16.17188
RUBINO[M] * TWITCH.TV,CounterTerrorist,1747.358,-75.9759,308.0313,M4A1,100,100,-97.82281,0,0,False,True,True,139.2188,16.17188
RUBINO[M] * TWITCH.TV,CounterTerrorist,1745.064,-75.9759,308.0313,M4A1,100,100,-97.91885,0,0,False,True,True,139.2188,16.17188
RUBINO[M] * TWITCH.TV,CounterTerrorist,1741.235,-75.9759,308.0313,M4A1,100,100,-98.05634,0,0,False,True,True,139.2188,16.17188
RUBINO[M] * TWITCH.TV,CounterTerrorist,1738.169,-75.9759,308.0313,M4A1,100,100,-98.14891,0,0,False,True,True,139.2188,16.17188
RUBINO[M] * TWITCH.TV,CounterTerrorist,1736.016,-75.9759,308.0313,M4A1,100,100,-87.93872,0,0,False,True,True,139.2188,16.17188
RUBINO[M] * TWITCH.TV,CounterTerrorist,1733.028,-75.9759,308.0313,M4A1,100,100,-66.6929,0,0,False,True,True,139.2188,16.17188
RUBINO[M] * TWITCH.TV,CounterTerrorist,1731.799,-75.9759,308.0313,M4A1,100,100,-45.30116,0,0,False,True,True,139.2188,16.17188
RUBINO[M] * TWITCH.TV,CounterTerrorist,1730.94,-75.9759,308.0313,M4A1,100,100,-16.77884,0,0,False,True,True,139.2188,16.17188
RUBINO[M] * TWITCH.TV,CounterTerrorist,1730.948,-75.9759,308.0313,M4A1,100,100,3.011164,0,0,False,True,True,139.2188,16.17188
RUBINO[M] * TWITCH.TV,CounterTerrorist,1730.948,-75.9759,308.0313,M4A1,100,100,0,0,0,False,True,True,139.2188,16.17188
RUBINO[M] * TWITCH.TV,CounterTerrorist,1730.948,-75.9759,308.0313,M4A1,100,100,0,0,0,False,True,True,139.2188,16.17188
RUBINO[M] * TWITCH.TV,CounterTerrorist,1730.948,-75.9759,308.0313,M4A1,100,100,0,0,0,False,True,True,139.2188,16.17188
RUBINO[M] * TWITCH.TV,CounterTerrorist,1730.948,-75.9759,308.0313,M4A1,100,100,0,0,0,False,True,True,139.2188,16.17188
RUBINO[M] * TWITCH.TV,CounterTerrorist,1730.948,-75.9759,308.0313,M4A1,100,100,0,0,0,False,True,True,139.2188,16.17188
RUBINO[M] * TWITCH.TV,CounterTerrorist,1730.948,-75.9759,308.0313,M4A1,100,100,0,0,0,False,True,True,139.5703,16.17188
RUBINO[M] * TWITCH.TV,CounterTerrorist,1730.948,-75.9759,308.0313,M4A1,100,100,0,0,0,False,True,True,139.5703,16.17188
RUBINO[M] * TWITCH.TV,CounterTerrorist,1730.948,-75.9759,308.0313,M4A1,100,100,0,0,0,False,True,True,139.5703,16.17188
RUBINO[M] * TWITCH.TV,CounterTerrorist,1730.948,-75.9759,308.0313,M4A1,100,100,0,0,0,False,True,True,139.5703,16.17188
RUBINO[M] * TWITCH.TV,CounterTerrorist,1730.948,-75.9759,308.0313,M4A1,100,100,0,0,0,False,True,True,139.5703,16.17188
RUBINO[M] * TWITCH.TV,CounterTerrorist,1730.948,-75.9759,308.0313,M4A1,100,100,0,0,0,False,True,True,139.5703,16.17188
RUBINO[M] * TWITCH.TV,CounterTerrorist,1730.948,-75.9759,308.0313,M4A1,100,100,0,0,0,False,True,True,139.5703,16.17188
RUBINO[M] * TWITCH.TV,CounterTerrorist,1730.948,-75.9759,308.0313,M4A1,100,100,0,0,0,False,True,True,139.5703,16.17188
RUBINO[M] * TWITCH.TV,CounterTerrorist,1730.948,-75.9759,308.0313,M4A1,100,100,0,0,0,False,True,True,139.5703,16.17188
RUBINO[M] * TWITCH.TV,CounterTerrorist,1730.948,-75.9759,308.0313,M4A1,100,100,0,0,0,False,True,True,139.5703,16.17188
RUBINO[M] * TWITCH.TV,CounterTerrorist,1730.948,-75.9759,308.0313,M4A1,100,100,0,0,0,False,True,True,139.5703,16.17188
RUBINO[M] * TWITCH.TV,CounterTerrorist,1730.948,-75.9759,308.0313,M4A1,100,100,0,0,0,False,True,True,139.5703,16.17188
RUBINO[M] * TWITCH.TV,CounterTerrorist,1730.948,-75.9759,308.0313,M4A1,100,100,0,0,0,False,True,True,139.5703,16.17188
RUBINO[M] * TWITCH.TV,CounterTerrorist,1730.948,-75.9759,308.0313,M4A1,100,100,0,0,0,False,True,True,139.5703,16.17188
RUBINO[M] * TWITCH.TV,CounterTerrorist,1730.948,-75.9759,308.0313,M4A1,100,100,0,0,0,False,True,True,139.5703,16.17188
RUBINO[M] * TWITCH.TV,CounterTerrorist,1730.948,-75.9759,308.0313,M4A1,100,100,0,0,0,False,True,True,139.9219,16.17188
RUBINO[M] * TWITCH.TV,CounterTerrorist,1730.948,-75.9759,308.0313,M4A1,100,100,0,0,0,False,True,True,139.9219,16.17188
RUBINO[M] * TWITCH.TV,CounterTerrorist,1730.948,-75.9759,308.0313,M4A1,100,100,0,0,0,False,True,True,139.9219,16.17188
RUBINO[M] * TWITCH.TV,CounterTerrorist,1730.948,-75.9759,308.0313,M4A1,100,100,0,0,0,False,True,True,139.9219,16.17188
RUBINO[M] * TWITCH.TV,CounterTerrorist,1730.948,-75.9759,308.0313,M4A1,100,100,0,0,0,False,True,True,139.9219,16.17188
RUBINO[M] * TWITCH.TV,CounterTerrorist,1730.948,-75.9759,308.0313,M4A1,100,100,0,0,0,False,True,True,139.9219,16.17188
RUBINO[M] * TWITCH.TV,CounterTerrorist,1730.948,-75.9759,308.0313,M4A1,100,100,0,0,0,False,True,True,139.9219,16.17188
RUBINO[M] * TWITCH.TV,CounterTerrorist,1730.948,-75.9759,308.0313,M4A1,100,100,0,0,0,False,True,True,139.9219,16.17188
RUBINO[M] * TWITCH.TV,CounterTerrorist,1730.948,-75.9759,308.0313,M4A1,100,100,0,0,0,False,True,True,139.9219,16.17188
RUBINO[M] * TWITCH.TV,CounterTerrorist,1730.948,-75.9759,308.0313,M4A1,100,100,0,0,0,False,True,True,139.9219,16.17188
RUBINO[M] * TWITCH.TV,CounterTerrorist,1730.948,-75.9759,308.0313,M4A1,100,100,0,0,0,False,True,True,139.9219,16.17188
RUBINO[M] * TWITCH.TV,CounterTerrorist,1730.948,-75.9759,308.0313,M4A1,100,100,0,0,0,False,True,True,139.9219,16.17188
RUBINO[M] * TWITCH.TV,CounterTerrorist,1730.948,-75.9759,308.0313,M4A1,100,100,0,0,0,False,True,True,139.9219,16.17188
RUBINO[M] * TWITCH.TV,CounterTerrorist,1730.948,-75.9759,308.0313,M4A1,100,100,0,0,0,False,True,True,139.9219,16.17188
RUBINO[M] * TWITCH.TV,CounterTerrorist,1730.948,-75.9759,308.0313,M4A1,100,100,0,0,0,False,True,True,139.9219,16.17188
RUBINO[M] * TWITCH.TV,CounterTerrorist,1730.948,-75.9759,308.0313,M4A1,100,100,0,0,0,False,True,True,139.9219,16.17188
RUBINO[M] * TWITCH.TV,CounterTerrorist,1730.948,-75.9759,308.0313,M4A1,100,100,0,0,0,False,True,True,139.9219,16.17188
RUBINO[M] * TWITCH.TV,CounterTerrorist,1730.948,-75.9759,308.0313,M4A1,100,100,0,0,0,False,True,True,139.9219,16.17188
RUBINO[M] * TWITCH.TV,CounterTerrorist,1730.948,-75.9759,308.0313,M4A1,100,100,0,0,0,False,True,True,139.9219,16.17188
RUBINO[M] * TWITCH.TV,CounterTerrorist,1730.948,-75.9759,308.0313,M4A1,100,100,0,0,0,False,True,True,139.9219,16.17188
RUBINO[M] * TWITCH.TV,CounterTerrorist,1730.948,-75.9759,308.0313,M4A1,100,100,0,0,0,False,True,True,139.9219,16.17188
RUBINO[M] * TWITCH.TV,CounterTerrorist,1730.948,-75.9759,308.0313,M4A1,100,100,0,0,0,False,True,True,139.9219,16.17188
RUBINO[M] * TWITCH.TV,CounterTerrorist,1730.948,-75.9759,308.0313,M4A1,100,100,0,0,0,False,True,True,139.9219,16.17188
RUBINO[M] * TWITCH.TV,CounterTerrorist,1730.948,-75.9759,308.0313,M4A1,100,100,0,0,0,False,True,True,139.9219,16.17188
RUBINO[M] * TWITCH.TV,CounterTerrorist,1730.948,-75.9759,308.0313,M4A1,100,100,0,0,0,False,True,True,139.9219,16.17188
RUBINO[M] * TWITCH.TV,CounterTerrorist,1730.948,-75.9759,308.0313,M4A1,100,100,0,0,0,False,True,True,139.9219,16.17188
RUBINO[M] * TWITCH.TV,CounterTerrorist,1730.948,-75.9759,308.0313,M4A1,100,100,0,0,0,False,True,True,139.9219,16.17188
RUBINO[M] * TWITCH.TV,CounterTerrorist,1730.948,-75.9759,308.0313,M4A1,100,100,0,0,0,False,True,True,139.9219,16.17188
RUBINO[M] * TWITCH.TV,CounterTerrorist,1730.948,-75.9759,308.0313,M4A1,100,100,0,0,0,False,True,True,139.9219,16.17188
RUBINO[M] * TWITCH.TV,CounterTerrorist,1730.948,-75.9759,308.0313,M4A1,100,100,0,0,0,False,True,True,139.9219,16.17188
RUBINO[M] * TWITCH.TV,CounterTerrorist,1730.948,-75.9759,308.0313,M4A1,100,100,0,0,0,False,True,True,139.9219,16.17188
RUBINO[M] * TWITCH.TV,CounterTerrorist,1730.948,-75.9759,308.0313,M4A1,100,100,0,0,0,False,True,True,139.9219,16.17188
RUBINO[M] * TWITCH.TV,CounterTerrorist,1730.948,-75.9759,308.0313,M4A1,100,100,0,0,0,False,True,True,139.9219,16.17188
RUBINO[M] * TWITCH.TV,CounterTerrorist,1730.948,-75.9759,308.0313,M4A1,100,100,0,0,0,False,True,True,139.9219,16.17188
RUBINO[M] * TWITCH.TV,CounterTerrorist,1730.948,-75.9759,308.0313,M4A1,100,100,0,0,0,False,True,True,139.9219,16.17188
RUBINO[M] * TWITCH.TV,CounterTerrorist,1730.948,-75.9759,308.0313,M4A1,100,100,0,0,0,False,True,True,139.9219,16.17188
RUBINO[M] * TWITCH.TV,CounterTerrorist,1730.948,-75.9759,308.0313,M4A1,100,100,0,0,0,False,True,True,139.9219,16.17188
RUBINO[M] * TWITCH.TV,CounterTerrorist,1730.948,-75.9759,308.0313,M4A1,100,100,0,0,0,False,True,True,139.9219,16.17188
RUBINO[M] * TWITCH.TV,CounterTerrorist,1730.948,-75.9759,308.0313,M4A1,100,100,0,0,0,False,True,True,139.9219,16.17188
RUBINO[M] * TWITCH.TV,CounterTerrorist,1730.948,-75.9759,308.0313,M4A1,100,100,0,0,0,False,True,True,139.9219,16.17188
RUBINO[M] * TWITCH.TV,CounterTerrorist,1730.948,-75.9759,308.0313,M4A1,100,100,0,0,0,False,True,True,139.9219,16.17188
RUBINO[M] * TWITCH.TV,CounterTerrorist,1730.948,-75.9759,308.0313,M4A1,100,100,0,0,0,False,True,True,139.9219,16.17188
RUBINO[M] * TWITCH.TV,CounterTerrorist,1730.948,-75.9759,308.0313,M4A1,100,100,0,0,0,False,True,True,139.9219,16.17188
RUBINO[M] * TWITCH.TV,CounterTerrorist,1730.948,-75.9759,308.0313,M4A1,100,100,0,0,0,False,True,True,139.9219,16.17188
RUBINO[M] * TWITCH.TV,CounterTerrorist,1730.948,-75.9759,308.0313,M4A1,100,100,0,0,0,False,True,True,139.9219,16.17188
RUBINO[M] * TWITCH.TV,CounterTerrorist,1730.948,-75.9759,308.0313,M4A1,100,100,0,0,0,False,True,True,139.9219,16.17188
RUBINO[M] * TWITCH.TV,CounterTerrorist,1730.948,-75.9759,308.0313,M4A1,100,100,0,0,0,False,True,True,139.9219,16.17188
RUBINO[M] * TWITCH.TV,CounterTerrorist,1730.948,-75.9759,308.0313,M4A1,100,100,0,0,0,False,True,True,139.9219,16.17188
RUBINO[M] * TWITCH.TV,CounterTerrorist,1730.948,-75.9759,308.0313,M4A1,100,100,0,0,0,False,True,True,139.9219,16.17188
RUBINO[M] * TWITCH.TV,CounterTerrorist,1730.948,-75.9759,308.0313,M4A1,100,100,0,0,0,False,True,True,139.9219,16.17188
RUBINO[M] * TWITCH.TV,CounterTerrorist,1730.948,-75.9759,308.0313,M4A1,100,100,0,0,0,False,True,True,139.9219,16.17188
RUBINO[M] * TWITCH.TV,CounterTerrorist,1730.948,-75.9759,308.0313,M4A1,100,100,0,0,0,False,True,True,139.9219,16.17188
RUBINO[M] * TWITCH.TV,CounterTerrorist,1730.948,-75.9759,308.0313,M4A1,100,100,0,0,0,False,True,True,139.9219,16.17188
RUBINO[M] * TWITCH.TV,CounterTerrorist,1730.948,-75.9759,308.0313,M4A1,100,100,0,0,0,False,True,True,139.9219,16.17188
RUBINO[M] * TWITCH.TV,CounterTerrorist,1730.948,-75.9759,308.0313,M4A1,100,100,0,0,0,False,True,True,139.9219,16.17188
RUBINO[M] * TWITCH.TV,CounterTerrorist,1730.948,-75.9759,308.0313,M4A1,100,100,0,0,0,False,True,True,139.9219,16.17188
RUBINO[M] * TWITCH.TV,CounterTerrorist,1730.948,-75.9759,308.0313,M4A1,100,100,0,0,0,False,True,True,139.9219,16.17188
RUBINO[M] * TWITCH.TV,CounterTerrorist,1730.948,-75.9759,308.0313,M4A1,100,100,0,0,0,False,True,True,139.9219,16.17188
RUBINO[M] * TWITCH.TV,CounterTerrorist,1730.948,-75.9759,308.0313,M4A1,100,100,0,0,0,False,True,True,139.9219,16.17188
RUBINO[M] * TWITCH.TV,CounterTerrorist,1731.156,-75.9759,308.0313,M4A1,100,100,8.936739,0,0,False,True,True,139.9219,16.17188
RUBINO[M] * TWITCH.TV,CounterTerrorist,1731.555,-75.9759,308.0313,M4A1,100,100,15.06098,0,0,False,True,True,139.9219,16.17188
RUBINO[M] * TWITCH.TV,CounterTerrorist,1732.145,-75.9759,308.0313,M4A1,100,100,21.18521,0,0,False,True,True,139.9219,16.17188
RUBINO[M] * TWITCH.TV,CounterTerrorist,1732.927,-75.9759,308.0313,M4A1,100,100,27.29674,0,0,False,True,True,139.5703,16.17188
RUBINO[M] * TWITCH.TV,CounterTerrorist,1733.964,-75.8664,308.0313,M4A1,100,100,35.45894,8.264384,0,False,True,True,133.9453,17.22656
RUBINO[M] * TWITCH.TV,CounterTerrorist,1735.3,-75.35531,308.0313,M4A1,100,100,50.62563,21.82195,0,False,True,True,117.4219,18.63281
RUBINO[M] * TWITCH.TV,CounterTerrorist,1737.415,-74.55298,308.0313,M4A1,100,100,78.33705,25.88914,0,False,True,True,92.46094,19.6875
RUBINO[M] * TWITCH.TV,CounterTerrorist,1739.56,-74.05666,308.0313,M4A1,100,100,97.65147,17.76232,0,False,True,True,72.77344,20.74219
RUBINO[M] * TWITCH.TV,CounterTerrorist,1744.035,-73.23658,308.0313,M4A1,100,100,125.5296,19.52876,0,False,True,True,39.72656,21.79688
RUBINO[M] * TWITCH.TV,CounterTerrorist,1748.319,-72.86715,308.0313,M4A1,100,100,143.2639,6.092206,0,False,True,True,22.5,21.79688
RUBINO[M] * TWITCH.TV,CounterTerrorist,1753.043,-73.0451,308.0313,M4A1,100,100,155.3146,-13.07571,0,False,True,True,12.65625,21.44531
RUBINO[M] * TWITCH.TV,CounterTerrorist,1758.072,-73.83093,308.0313,M4A1,100,100,164.1249,-32.06627,0,False,True,True,10.89844,21.79688
RUBINO[M] * TWITCH.TV,CounterTerrorist,1763.351,-75.15858,308.0313,M4A1,100,100,171.6466,-48.42323,0,False,True,True,10.89844,21.79688
RUBINO[M] * TWITCH.TV,CounterTerrorist,1768.843,-75.96875,308.0313,M4A1,100,100,178.102,0,0,False,True,True,10.89844,21.79688
RUBINO[M] * TWITCH.TV,CounterTerrorist,1774.634,-75.8296,308.0313,M4A1,100,100,189.4047,6.991091,0,False,True,True,10.89844,21.79688
RUBINO[M] * TWITCH.TV,CounterTerrorist,1780.746,-75.4917,308.0313,M4A1,100,100,199.105,12.99104,0,False,True,True,10.89844,21.79688
RUBINO[M] * TWITCH.TV,CounterTerrorist,1787.134,-74.98323,308.0313,M4A1,100,100,207.4301,18.14037,0,False,True,True,10.89844,21.79688
RUBINO[M] * TWITCH.TV,CounterTerrorist,1793.758,-74.32838,308.0313,M4A1,100,100,214.5749,22.55967,0,False,True,True,10.89844,21.79688
RUBINO[M] * TWITCH.TV,CounterTerrorist,1800.586,-73.5479,308.0313,M4A1,100,100,220.7067,26.35244,0,False,True,True,10.89844,21.79688
RUBINO[M] * TWITCH.TV,CounterTerrorist,1807.552,-72.66559,308.0313,M4A1,100,100,223.1075,29.12129,0,False,True,True,10.89844,21.79688
RUBINO[M] * TWITCH.TV,CounterTerrorist,1814.519,-71.71688,308.0313,M4A1,100,100,222.846,31.05925,0,False,True,True,10.89844,21.79688
RUBINO[M] * TWITCH.TV,CounterTerrorist,1821.478,-70.71366,308.0313,M4A1,100,100,222.6118,32.69537,0,False,True,True,10.89844,21.79688
RUBINO[M] * TWITCH.TV,CounterTerrorist,1828.583,-69.63815,307.9824,Flash,100,100,228.9095,34.97041,-9.375,False,True,True,10.89844,21.79688
RUBINO[M] * TWITCH.TV,CounterTerrorist,1835.737,-68.54532,307.2988,Flash,100,100,228.9095,34.97041,-34.375,False,True,True,10.89844,21.79688
RUBINO[M] * TWITCH.TV,CounterTerrorist,1842.89,-67.45248,305.834,Flash,100,100,228.9095,34.97041,-59.375,False,True,True,10.89844,21.79688
RUBINO[M] * TWITCH.TV,CounterTerrorist,1850.043,-66.35965,303.5879,Flash,100,100,228.9095,34.97041,-84.375,False,True,True,10.89844,21.79688
RUBINO[M] * TWITCH.TV,CounterTerrorist,1857.197,-65.26682,300.5605,Smoke,100,100,228.9095,34.97041,-109.375,False,True,True,10.89844,21.79688
RUBINO[M] * TWITCH.TV,CounterTerrorist,1864.35,-64.17398,296.752,Smoke,100,100,228.9095,34.97041,-134.375,False,True,True,12.30469,21.79688
RUBINO[M] * TWITCH.TV,CounterTerrorist,1871.198,-61.75925,292.1621,Smoke,100,100,216.7612,87.14439,-159.375,False,True,True,14.41406,22.14844
RUBINO[M] * TWITCH.TV,CounterTerrorist,1877.851,-58.64614,286.791,Smoke,100,100,209.792,108.5781,-184.375,False,True,True,20.03906,22.85156
RUBINO[M] * TWITCH.TV,CounterTerrorist,1882.63,-55.77623,282.25,Incendiary,100,100,200.7316,129.1913,-203.125,False,True,True,25.66406,23.20313
RUBINO[M] * TWITCH.TV,CounterTerrorist,1890.05,-49.9903,273.7051,Incendiary,100,100,181.9901,160.5812,-234.375,False,True,True,34.45313,22.85156
RUBINO[M] * TWITCH.TV,CounterTerrorist,1895.482,-44.63293,265.9902,Incendiary,100,100,169.2817,177.1791,-259.375,False,True,True,39.375,22.14844
RUBINO[M] * TWITCH.TV,CounterTerrorist,1900.683,-38.99045,257.4941,Incendiary,100,100,165.4807,181.6807,-284.375,False,True,True,40.78125,21.44531
RUBINO[M] * TWITCH.TV,CounterTerrorist,1905.843,-33.29962,248.2168,Incendiary,100,100,165.1136,182.1063,-309.375,False,True,True,40.42969,20.74219
RUBINO[M] * TWITCH.TV,CounterTerrorist,1911.002,-27.6088,238.1582,Incendiary,100,100,165.1136,182.1063,-334.375,False,True,True,36.91406,20.03906
RUBINO[M] * TWITCH.TV,CounterTerrorist,1916.162,-21.91798,227.3184,Incendiary,100,100,165.1136,182.1063,-359.375,False,True,True,26.36719,19.33594
RUBINO[M] * TWITCH.TV,CounterTerrorist,1921.322,-16.22717,215.6973,Incendiary,100,100,165.1136,182.1063,-384.375,False,True,True,7.382813,18.28125
RUBINO[M] * TWITCH.TV,CounterTerrorist,1926.481,-10.53635,203.2949,Incendiary,100,100,165.1136,182.1063,-409.375,False,True,True,340.3125,15.11719
RUBINO[M] * TWITCH.TV,CounterTerrorist,1931.641,-4.845526,190.1113,Incendiary,100,100,165.1136,182.1063,-434.375,False,True,True,311.4844,12.30469
RUBINO[M] * TWITCH.TV,CounterTerrorist,1936.801,0.8452945,176.1465,Incendiary,100,100,165.1136,182.1063,-459.375,False,True,True,280.1953,8.4375
RUBINO[M] * TWITCH.TV,CounterTerrorist,1941.96,6.536115,161.4004,Incendiary,100,100,165.1136,182.1063,-484.375,False,True,True,253.8281,6.328125
RUBINO[M] * TWITCH.TV,CounterTerrorist,1947.12,12.22693,145.873,Incendiary,100,100,165.1136,182.1063,-509.375,False,True,True,229.9219,4.570313
RUBINO[M] * TWITCH.TV,CounterTerrorist,1952.28,17.91775,129.5645,Incendiary,100,100,165.1136,182.1063,-534.375,False,True,True,213.75,3.867188
RUBINO[M] * TWITCH.TV,CounterTerrorist,1956.965,22.66548,118.6081,Incendiary,100,100,101.615,80.01012,0,False,True,True,205.6641,3.515625
RUBINO[M] * TWITCH.TV,CounterTerrorist,1960.345,25.11321,118.7698,Incendiary,100,100,111.8541,77.52783,0,False,True,True,204.2578,3.867188
RUBINO[M] * TWITCH.TV,CounterTerrorist,1963.774,27.39266,118.9169,M4A1,100,100,110.3012,71.32513,0,False,True,True,204.2578,3.867188
RUBINO[M] * TWITCH.TV,CounterTerrorist,1967.374,29.61613,119.0572,M4A1,100,100,118.1053,71.14595,0,False,True,True,204.2578,3.867188
RUBINO[M] * TWITCH.TV,CounterTerrorist,1971.211,31.84756,119.1952,M4A1,100,100,125.5685,71.63113,0,False,True,True,204.2578,3.867188
RUBINO[M] * TWITCH.TV,CounterTerrorist,1975.278,34.10391,119.3324,M4A1,100,100,132.8647,72.59852,0,False,True,True,204.2578,3.867188
RUBINO[M] * TWITCH.TV,CounterTerrorist,1979.571,36.39803,119.4699,M4A1,100,100,140.0892,73.94199,0,False,True,True,204.2578,3.867188
RUBINO[M] * TWITCH.TV,CounterTerrorist,1984.09,38.74029,119.6086,M4A1,100,100,147.2998,75.5936,0,False,True,True,204.2578,3.867188
RUBINO[M] * TWITCH.TV,CounterTerrorist,1987.627,40.53384,119.7139,M4A1,100,100,152.7216,77.00573,0,False,True,True,204.2578,3.867188
RUBINO[M] * TWITCH.TV,CounterTerrorist,1993.821,43.60958,119.8927,Incendiary,100,100,163.7648,80.52673,0,False,True,True,204.2578,3.867188
RUBINO[M] * TWITCH.TV,CounterTerrorist,1999.212,46.23001,120.0437,Incendiary,100,100,177.4969,85.74985,0,False,True,True,204.2578,3.867188
RUBINO[M] * TWITCH.TV,CounterTerrorist,2004.993,48.99891,120.2022,Incendiary,100,100,189.2821,90.23248,0,False,True,True,204.2578,3.867188
RUBINO[M] * TWITCH.TV,CounterTerrorist,2011.109,51.89525,120.3671,Incendiary,100,100,199.3965,94.07961,0,False,True,True,204.2578,3.867188
RUBINO[M] * TWITCH.TV,CounterTerrorist,2017.513,54.90096,120.5375,Incendiary,100,100,208.0769,97.38131,0,False,True,True,204.2578,3.867188
RUBINO[M] * TWITCH.TV,CounterTerrorist,2024.164,58.00052,120.7127,Incendiary,100,100,215.5267,100.2149,0,False,True,True,204.2578,3.867188
RUBINO[M] * TWITCH.TV,CounterTerrorist,2031.026,61.18065,120.8919,Incendiary,100,100,221.9203,102.6468,0,False,True,True,204.2578,3.867188
RUBINO[M] * TWITCH.TV,CounterTerrorist,2038.053,64.04221,121.1088,Incendiary,100,100,227.2678,80.65715,0,False,True,True,204.2578,3.867188
RUBINO[M] * TWITCH.TV,CounterTerrorist,2045.268,66.04929,121.2644,Incendiary,100,100,232.9406,54.86116,0,False,True,True,204.2578,3.867188
RUBINO[M] * TWITCH.TV,CounterTerrorist,2052.645,67.32305,121.2859,Incendiary,100,100,237.8092,32.72232,0,False,True,True,204.2578,3.867188
RUBINO[M] * TWITCH.TV,CounterTerrorist,2060.159,67.96743,121.2813,Incendiary,100,100,241.9875,13.72213,0,False,True,True,204.2578,3.867188
RUBINO[M] * TWITCH.TV,CounterTerrorist,2067.664,67.93407,121.2203,Incendiary,100,100,234.6852,-14.24409,0,False,True,True,204.9609,3.867188
RUBINO[M] * TWITCH.TV,CounterTerrorist,2074.701,66.81046,121.0873,Incendiary,100,100,220.3151,-48.04539,0,False,True,True,210.5859,3.867188
RUBINO[M] * TWITCH.TV,CounterTerrorist,2081.441,64.79556,120.8948,Incendiary,100,100,214.0731,-73.00047,0,False,True,True,223.9453,4.921875
RUBINO[M] * TWITCH.TV,CounterTerrorist,2088.171,62.23971,120.6647,Incendiary,100,100,217.0968,-85.32661,0,False,True,True,242.5781,5.625
RUBINO[M] * TWITCH.TV,CounterTerrorist,2095.106,59.5631,120.4246,Incendiary,100,100,225.1523,-84.30588,0,False,True,True,260.1563,5.273438
RUBINO[M] * TWITCH.TV,CounterTerrorist,2102.312,57.14213,120.2002,Incendiary,100,100,233.682,-72.42718,0,False,True,True,273.8672,3.867188
RUBINO[M] * TWITCH.TV,CounterTerrorist,2109.536,54.60792,119.9678,Incendiary,100,100,229.607,-85.47289,0,False,True,True,279.4922,2.460938
RUBINO[M] * TWITCH.TV,CounterTerrorist,2116.64,51.75592,119.7142,Incendiary,100,100,226.07,-94.43176,0,False,True,True,280.8984,2.109375
RUBINO[M] * TWITCH.TV,CounterTerrorist,2123.644,48.66396,119.4448,Incendiary,100,100,223.0037,-101.4611,0,False,True,True,281.25,1.757813
RUBINO[M] * TWITCH.TV,CounterTerrorist,2130.559,45.37771,119.1626,Incendiary,100,100,220.2813,-107.2433,0,False,True,True,281.25,1.757813
RUBINO[M] * TWITCH.TV,CounterTerrorist,2137.395,41.93058,118.8698,Incendiary,100,100,217.8834,-112.035,0,False,True,True,281.25,1.757813
RUBINO[M] * TWITCH.TV,CounterTerrorist,2144.163,38.35109,118.5683,Incendiary,100,100,215.8316,-115.9384,0,False,True,True,281.25,1.757813
RUBINO[M] * TWITCH.TV,CounterTerrorist,2150.874,34.66499,118.2599,Incendiary,100,100,214.1118,-119.0846,0,False,True,True,281.25,1.757813
RUBINO[M] * TWITCH.TV,CounterTerrorist,2157.536,30.89202,117.9459,Incendiary,100,100,212.657,-121.6635,0,False,True,True,281.25,1.757813
RUBINO[M] * TWITCH.TV,CounterTerrorist,2164.156,27.0473,117.6271,Incendiary,100,100,211.4188,-123.8025,0,False,True,True,281.25,1.757813
RUBINO[M] * TWITCH.TV,CounterTerrorist,2170.808,23.30987,117.3156,Incendiary,100,100,215.976,-111.4233,0,False,True,True,281.25,1.757813
RUBINO[M] * TWITCH.TV,CounterTerrorist,2177.739,20.3008,117.0525,Incendiary,100,100,225.0898,-87.66425,0,False,True,True,281.25,1.757813
RUBINO[M] * TWITCH.TV,CounterTerrorist,2184.929,17.96715,117.3008,Incendiary,100,100,232.9116,-67.27357,0,False,True,True,281.25,1.757813
RUBINO[M] * TWITCH.TV,CounterTerrorist,2192.328,16.1503,117.6141,Incendiary,100,100,238.0354,-57.82216,0,False,True,True,281.25,1.757813
RUBINO[M] * TWITCH.TV,CounterTerrorist,2199.698,14.07823,117.9497,Incendiary,100,100,234.4612,-71.08428,0,False,True,True,281.25,1.757813
RUBINO[M] * TWITCH.TV,CounterTerrorist,2206.822,11.52233,118.3241,Incendiary,100,100,219.6502,-91.81274,0,False,True,True,281.25,1.757813
RUBINO[M] * TWITCH.TV,CounterTerrorist,2213.225,8.1214,118.7602,Incendiary,100,100,196.4724,-118.5294,0,False,True,True,281.25,1.757813
RUBINO[M] * TWITCH.TV,CounterTerrorist,2219.113,5.589162,119.1075,Incendiary,100,100,187.547,-17.8567,0,False,True,True,278.7891,2.460938
RUBINO[M] * TWITCH.TV,CounterTerrorist,2224.624,4.846584,119.4656,Incendiary,100,100,172.7747,-33.67983,0,False,True,True,269.2969,3.515625
RUBINO[M] * TWITCH.TV,CounterTerrorist,2228.679,3.730567,119.9262,Incendiary,100,100,172.4633,-54.84481,0,False,True,True,256.6406,3.515625
RUBINO[M] * TWITCH.TV,CounterTerrorist,2235.103,0.7020345,120.7694,Incendiary,100,100,156.4306,-92.61727,0,False,True,True,231.6797,2.460938
RUBINO[M] * TWITCH.TV,CounterTerrorist,2239.712,-2.684896,121.4841,Incendiary,100,100,147.2346,-115.6818,0,False,True,True,215.8594,1.054688
RUBINO[M] * TWITCH.TV,CounterTerrorist,2244.307,-6.667868,122.2513,Incendiary,100,100,146.3335,-134.51,0,False,True,True,207.0703,0.3515625
RUBINO[M] * TWITCH.TV,CounterTerrorist,2248.834,-11.21031,122.9968,Incendiary,100,100,143.9945,-151.5415,0,False,True,True,207.0703,0.3515625
RUBINO[M] * TWITCH.TV,CounterTerrorist,2253.23,-16.24196,123.5595,Incendiary,100,100,133.8089,-166.8044,0,False,True,True,207.0703,0.3515625
RUBINO[M] * TWITCH.TV,CounterTerrorist,2256.784,-21.75108,124.1045,Incendiary,100,100,102.3269,-181.6994,0,False,True,True,207.0703,0.3515625
RUBINO[M] * TWITCH.TV,CounterTerrorist,2259.445,-27.68362,124.6255,Incendiary,100,100,75.30814,-194.4827,0,False,True,True,207.0703,0.3515625
RUBINO[M] * TWITCH.TV,CounterTerrorist,2261.337,-33.97958,125.1258,Incendiary,100,100,52.11987,-205.4537,0,False,True,True,207.0703,0.3515625
RUBINO[M] * TWITCH.TV,CounterTerrorist,2262.569,-40.58742,125.5735,Incendiary,100,100,32.21904,-214.8694,0,False,True,True,207.0703,0.3515625
RUBINO[M] * TWITCH.TV,CounterTerrorist,2263.236,-47.46293,125.635,Incendiary,100,100,15.13958,-222.9502,0,False,True,True,207.0703,0.3515625
RUBINO[M] * TWITCH.TV,CounterTerrorist,2263.417,-54.56816,125.6555,Incendiary,100,100,0.4815009,-229.8853,0,False,True,True,207.0703,0.3515625
RUBINO[M] * TWITCH.TV,CounterTerrorist,2263.371,-61.8556,125.6926,Incendiary,100,100,3.951452,-234.5696,0,False,True,True,207.0703,0.3515625
RUBINO[M] * TWITCH.TV,CounterTerrorist,2263.85,-69.24255,125.7453,Incendiary,100,100,21.79822,-237.4156,0,False,True,True,207.0703,0.3515625
RUBINO[M] * TWITCH.TV,CounterTerrorist,2264.835,-76.71057,125.8269,Incendiary,100,100,37.07078,-239.8803,0,False,True,True,206.7188,0.3515625
RUBINO[M] * TWITCH.TV,CounterTerrorist,2266.236,-84.22794,125.932,Incendiary,100,100,48.82586,-240.0855,0,False,True,True,204.2578,0
RUBINO[M] * TWITCH.TV,CounterTerrorist,2267.908,-91.69904,126.0524,Incendiary,100,100,55.74221,-238.5745,0,False,True,True,200.0391,0
RUBINO[M] * TWITCH.TV,CounterTerrorist,2269.706,-99.1413,126.3487,Incendiary,100,100,58.08167,-238.0158,0,False,True,True,195.1172,359.2969
RUBINO[M] * TWITCH.TV,CounterTerrorist,2271.506,-106.583,126.7177,Incendiary,100,100,56.87587,-238.3068,0,False,True,True,189.8437,357.8906
RUBINO[M] * TWITCH.TV,CounterTerrorist,2273.201,-114.0491,128.0313,Incendiary,100,100,52.36937,-239.3375,0,False,True,True,185.2734,356.4844
RUBINO[M] * TWITCH.TV,CounterTerrorist,2274.721,-121.5527,128.0313,Incendiary,100,100,46.28593,-240.5881,0,False,True,True,182.4609,355.0781
RUBINO[M] * TWITCH.TV,CounterTerrorist,2276.041,-129.0941,128.0313,Incendiary,100,100,39.81334,-241.7434,0,False,True,True,180.7031,354.0234
RUBINO[M] * TWITCH.TV,CounterTerrorist,2277.165,-136.6673,128.0313,Incendiary,100,100,33.71856,-242.6686,0,False,True,True,180.3516,353.3203
RUBINO[M] * TWITCH.TV,CounterTerrorist,2278.401,-144.2098,128.0313,Incendiary,100,100,48.06686,-239.3771,0,False,True,True,180,352.9688
RUBINO[M] * TWITCH.TV,CounterTerrorist,2280.338,-151.5848,128.0313,Incendiary,100,100,69.91637,-234.0844,0,False,True,True,180,352.6172
RUBINO[M] * TWITCH.TV,CounterTerrorist,2282.89,-158.7981,124.8388,Incendiary,100,100,88.22273,-228.5645,0,False,True,True,180,352.2656
RUBINO[M] * TWITCH.TV,CounterTerrorist,2285.946,-165.8169,120.1596,Incendiary,100,100,103.1239,-222.2396,0,False,True,True,179.6484,351.9141
RUBINO[M] * TWITCH.TV,CounterTerrorist,2289.412,-172.6427,115.6091,Incendiary,100,100,115.2686,-216.1901,0,False,True,True,179.6484,351.5625
RUBINO[M] * TWITCH.TV,CounterTerrorist,2293.211,-179.2892,111.1781,Incendiary,100,100,125.0895,-210.6599,0,False,True,True,179.2969,350.8594
RUBINO[M] * TWITCH.TV,CounterTerrorist,2296.767,-185.2778,107.1857,Incendiary,100,100,107.3554,-180.7944,0,False,True,True,178.9453,350.5078
RUBINO[M] * TWITCH.TV,CounterTerrorist,2299.819,-190.4174,103.7592,Incendiary,100,100,92.13546,-155.1629,0,False,True,True,178.9453,350.1563
RUBINO[M] * TWITCH.TV,CounterTerrorist,2302.57,-194.8315,100.8165,Incendiary,100,100,90.23183,-133.4312,0,False,True,True,178.5938,349.4531
RUBINO[M] * TWITCH.TV,CounterTerrorist,2305.563,-198.6365,98.27986,Incendiary,100,100,98.93295,-115.1204,0,False,True,True,178.2422,349.1016
RUBINO[M] * TWITCH.TV,CounterTerrorist,2308.354,-201.4294,96.41797,Incendiary,100,100,92.84085,-84.60679,0,False,True,True,177.8906,348.3984
RUBINO[M] * TWITCH.TV,CounterTerrorist,2311.421,-203.8503,94.804,Incendiary,100,100,101.1659,-73.409,0,False,True,True,177.8906,348.0469
RUBINO[M] * TWITCH.TV,CounterTerrorist,2314.725,-205.9541,93.40149,Incendiary,100,100,108.3085,-63.8543,0,False,True,True,177.5391,347.6953
RUBINO[M] * TWITCH.TV,CounterTerrorist,2318.231,-207.7865,92.17989,Incendiary,100,100,114.4381,-55.66655,0,False,True,True,177.5391,347.3438
RUBINO[M] * TWITCH.TV,CounterTerrorist,2321.882,-209.3732,91.12204,Incendiary,100,100,118.0349,-47.94286,0,False,True,True,177.5391,347.3438
RUBINO[M] * TWITCH.TV,CounterTerrorist,2325.622,-210.7376,90.21249,Incendiary,100,100,120.5485,-41.21663,0,False,True,True,177.5391,347.3438
RUBINO[M] * TWITCH.TV,CounterTerrorist,2329.426,-211.911,89.43021,Incendiary,100,100,122.3645,-35.46394,0,False,True,True,177.5391,347.3438
RUBINO[M] * TWITCH.TV,CounterTerrorist,2333.277,-212.9219,88.7563,Incendiary,100,100,123.6755,-30.57968,0,False,True,True,177.5391,347.3438
RUBINO[M] * TWITCH.TV,CounterTerrorist,2337.161,-213.7952,88.17408,Incendiary,100,100,124.6232,-26.45399,0,False,True,True,177.5391,347.3438
RUBINO[M] * TWITCH.TV,CounterTerrorist,2341.069,-214.5526,87.66916,Incendiary,100,100,125.31,-22.98163,0,False,True,True,177.5391,347.3438
RUBINO[M] * TWITCH.TV,CounterTerrorist,2344.833,-215.1965,87.23991,M4A1,100,100,115.4398,-19.04371,0,False,True,True,177.5391,347.3438
RUBINO[M] * TWITCH.TV,CounterTerrorist,2348.448,-215.7453,86.87401,M4A1,100,100,115.7964,-16.73876,0,False,True,True,177.5391,347.3438
RUBINO[M] * TWITCH.TV,CounterTerrorist,2352.072,-216.2311,86.55015,M4A1,100,100,116.0503,-14.87713,0,False,True,True,177.5391,347.3438
RUBINO[M] * TWITCH.TV,CounterTerrorist,2355.702,-216.6654,86.2606,M4A1,100,100,116.2362,-13.34679,0,False,True,True,177.5391,347.3438
RUBINO[M] * TWITCH.TV,CounterTerrorist,2359.337,-217.0571,85.9995,M4A1,100,100,116.3754,-12.07332,0,False,True,True,177.5391,347.3438
RUBINO[M] * TWITCH.TV,CounterTerrorist,2362.976,-217.413,85.76219,M4A1,100,100,116.4813,-11.00445,0,False,True,True,177.5391,347.3438
RUBINO[M] * TWITCH.TV,CounterTerrorist,2366.618,-217.7389,85.54491,M4A1,100,100,116.5631,-10.10181,0,False,True,True,177.5391,347.3438
RUBINO[M] * TWITCH.TV,CounterTerrorist,2369.351,-217.9664,85.39327,M4A1,100,100,116.6124,-9.516068,0,False,True,True,177.5391,347.3438
RUBINO[M] * TWITCH.TV,CounterTerrorist,2373.907,-218.3181,85.15878,M4A1,100,100,116.6772,-8.684651,0,False,True,True,177.5391,347.3438
RUBINO[M] * TWITCH.TV,CounterTerrorist,2376.643,-218.515,85.02757,M4A1,100,100,116.7081,-8.259778,0,False,True,True,177.5391,347.3438
RUBINO[M] * TWITCH.TV,CounterTerrorist,2381.202,-218.823,84.82218,M4A1,100,100,116.7494,-7.654251,0,False,True,True,177.5391,347.3438
RUBINO[M] * TWITCH.TV,CounterTerrorist,2383.939,-218.9975,84.70586,M4A1,100,100,116.7693,-7.343848,0,False,True,True,177.5391,347.3438
RUBINO[M] * TWITCH.TV,CounterTerrorist,2388.501,-219.2737,84.52171,M4A1,100,100,116.7963,-6.900508,0,False,True,True,177.5391,347.3438
RUBINO[M] * TWITCH.TV,CounterTerrorist,2392.151,-219.4835,84.3819,M4A1,100,100,116.8135,-6.602657,0,False,True,True,177.5391,347.3438
RUBINO[M] * TWITCH.TV,CounterTerrorist,2394.889,-219.6351,84.28078,M4A1,100,100,116.8244,-6.407548,0,False,True,True,177.5391,347.3438
RUBINO[M] * TWITCH.TV,CounterTerrorist,2398.54,-219.8309,80.03125,M4A1,100,100,116.8367,-6.180075,0,False,True,True,177.5391,347.3438
RUBINO[M] * TWITCH.TV,CounterTerrorist,2403.104,-220.0665,80.03125,M4A1,100,100,116.8491,-5.940725,0,False,True,True,177.5391,347.3438
RUBINO[M] * TWITCH.TV,CounterTerrorist,2406.756,-220.249,80.03125,M4A1,100,100,116.8571,-5.779681,0,False,True,True,177.5391,347.3438
RUBINO[M] * TWITCH.TV,CounterTerrorist,2410.408,-220.4268,80.03125,M4A1,100,100,116.8639,-5.641519,0,False,True,True,177.5391,347.3438
RUBINO[M] * TWITCH.TV,CounterTerrorist,2413.147,-220.5576,80.03125,M4A1,100,100,116.8682,-5.55093,0,False,True,True,177.5391,347.3438
RUBINO[M] * TWITCH.TV,CounterTerrorist,2417.712,-220.7709,80.03125,M4A1,100,100,116.8752,-5.402141,0,False,True,True,177.5391,347.3438
RUBINO[M] * TWITCH.TV,CounterTerrorist,2421.365,-220.9372,80.03125,M4A1,100,100,116.8811,-5.274289,0,False,True,True,177.8906,347.3438
RUBINO[M] * TWITCH.TV,CounterTerrorist,2425.017,-221.0992,80.03125,M4A1,100,100,116.8874,-5.131402,0,False,True,True,177.8906,347.3438
RUBINO[M] * TWITCH.TV,CounterTerrorist,2428.67,-221.2571,80.03125,M4A1,100,100,116.8927,-5.008807,0,False,True,True,177.8906,347.3438
RUBINO[M] * TWITCH.TV,CounterTerrorist,2432.322,-221.3801,80.03125,M4A1,100,100,116.6782,-0.8712826,0,False,True,True,177.8906,347.3438
RUBINO[M] * TWITCH.TV,CounterTerrorist,2435.952,-221.1134,80.03125,M4A1,100,100,115.8852,13.89184,0,False,True,True,177.8906,347.3438
RUBINO[M] * TWITCH.TV,CounterTerrorist,2438.652,-220.6362,80.03125,M4A1,100,100,114.6296,23.43186,0,False,True,True,177.8906,347.3438
RUBINO[M] * TWITCH.TV,CounterTerrorist,2443.05,-219.4039,80.03125,M4A1,100,100,111.1537,36.52197,0,False,True,True,177.8906,347.3438
RUBINO[M] * TWITCH.TV,CounterTerrorist,2446.463,-218.0947,80.03125,M4A1,100,100,108.0351,44.91561,0,False,True,True,178.2422,347.3438
RUBINO[M] * TWITCH.TV,CounterTerrorist,2448.958,-216.9575,80.03125,M4A1,100,100,105.6615,50.24583,0,False,True,True,178.9453,346.9922
RUBINO[M] * TWITCH.TV,CounterTerrorist,2452.199,-215.2672,80.03125,M4A1,100,100,102.5923,56.24776,0,False,True,True,179.2969,346.2891
RUBINO[M] * TWITCH.TV,CounterTerrorist,2456.123,-212.9258,80.03125,M4A1,100,100,99.10744,62.1829,0,False,True,True,179.2969,345.5859
RUBINO[M] * TWITCH.TV,CounterTerrorist,2459.172,-210.9082,80.03125,M4A1,100,100,96.68275,65.88965,0,False,True,True,179.2969,345.2344
RUBINO[M] * TWITCH.TV,CounterTerrorist,2461.413,-209.3274,80.03125,M4A1,100,100,95.07766,68.18531,0,False,True,True,179.2969,344.8828
RUBINO[M] * TWITCH.TV,CounterTerrorist,2465.073,-206.5908,80.03125,M4A1,100,100,92.86776,71.16584,0,False,True,True,179.2969,344.5313
RUBINO[M] * TWITCH.TV,CounterTerrorist,2467.947,-204.3311,80.03125,M4A1,100,100,91.47729,72.94453,0,False,True,True,179.2969,344.5313
RUBINO[M] * TWITCH.TV,CounterTerrorist,2470.759,-202.003,80.03125,M4A1,100,100,87.26909,76.94628,0,False,True,True,179.2969,344.5313
RUBINO[M] * TWITCH.TV,CounterTerrorist,2473.245,-199.3876,80.03125,M4A1,100,100,75.16109,87.53788,0,False,True,True,179.2969,344.5313
RUBINO[M] * TWITCH.TV,CounterTerrorist,2475.387,-196.4711,80.03125,M4A1,100,100,64.76965,96.62789,0,False,True,True,179.2969,344.5313
RUBINO[M] * TWITCH.TV,CounterTerrorist,2477.224,-193.3134,80.03125,M4A1,100,100,55.15717,103.1828,0,False,True,True,179.2969,344.5313
RUBINO[M] * TWITCH.TV,CounterTerrorist,2478.773,-190.0025,80.03125,M4A1,100,100,46.35995,107.4232,0,False,True,True,179.2969,344.1797
RUBINO[M] * TWITCH.TV,CounterTerrorist,2480.07,-186.5848,80.03125,M4A1,100,100,38.75565,110.3947,0,False,True,True,179.2969,343.8281
RUBINO[M] * TWITCH.TV,CounterTerrorist,2481.172,-183.4465,80.03125,M4A1,100,100,33.26121,94.74391,0,False,True,True,179.2969,343.8281
RUBINO[M] * TWITCH.TV,CounterTerrorist,2482.117,-180.7531,80.03125,M4A1,100,100,28.54572,81.31192,0,False,True,True,179.2969,343.8281
RUBINO[M] * TWITCH.TV,CounterTerrorist,2483.188,-178.4441,80.03125,M4A1,100,100,40.92859,69.62013,0,False,True,True,179.2969,343.8281
RUBINO[M] * TWITCH.TV,CounterTerrorist,2484.78,-176.4692,80.03125,M4A1,100,100,56.62702,59.53527,0,False,True,True,179.2969,343.8281
RUBINO[M] * TWITCH.TV,CounterTerrorist,2486.818,-174.781,80.03125,M4A1,100,100,70.09985,50.88014,0,False,True,True,179.2969,343.8281
RUBINO[M] * TWITCH.TV,CounterTerrorist,2488.811,-173.3346,80.03125,M4A1,100,100,60.16169,43.66679,0,False,True,True,179.2969,343.8281
RUBINO[M] * TWITCH.TV,CounterTerrorist,2490.513,-172.099,80.03125,M4A1,100,100,51.05714,37.05849,0,False,True,True,179.2969,343.8281
RUBINO[M] * TWITCH.TV,CounterTerrorist,2491.93,-171.0701,80.03125,M4A1,100,100,41.95259,30.45019,0,False,True,True,179.2969,343.8281
RUBINO[M] * TWITCH.TV,CounterTerrorist,2493.064,-170.2475,80.03125,M4A1,100,100,32.84803,23.84189,0,False,True,True,179.2969,343.8281
RUBINO[M] * TWITCH.TV,CounterTerrorist,2493.912,-169.6316,80.03125,M4A1,100,100,23.74348,17.23359,0,False,True,True,179.2969,343.8281
RUBINO[M] * TWITCH.TV,CounterTerrorist,2494.476,-169.2221,80.03125,M4A1,100,100,14.63893,10.62529,0,False,True,True,179.2969,343.8281
RUBINO[M] * TWITCH.TV,CounterTerrorist,2494.756,-169.0191,80.03125,M4A1,100,100,5.534379,4.016984,0,False,True,True,179.2969,343.8281
RUBINO[M] * TWITCH.TV,CounterTerrorist,2494.789,-168.9951,80.03125,M4A1,100,100,0,0,0,False,True,True,179.2969,343.8281
RUBINO[M] * TWITCH.TV,CounterTerrorist,2494.789,-168.9951,80.03125,M4A1,100,100,0,0,0,False,True,True,179.2969,343.8281
RUBINO[M] * TWITCH.TV,CounterTerrorist,2494.787,-169.1957,80.03125,M4A1,100,100,-0.1010434,-11.43705,0,False,True,True,179.2969,343.8281
RUBINO[M] * TWITCH.TV,CounterTerrorist,2494.782,-169.7778,80.03125,M4A1,100,100,-0.202639,-22.93661,0,False,True,True,179.2969,343.8281
RUBINO[M] * TWITCH.TV,CounterTerrorist,2494.774,-170.7191,80.03125,M4A1,100,100,-0.3042347,-34.43616,0,False,True,True,179.2969,343.8281
RUBINO[M] * TWITCH.TV,CounterTerrorist,2494.766,-171.661,80.03125,M4A1,100,100,-0.3804314,-43.06083,0,False,True,True,179.2969,343.8281
RUBINO[M] * TWITCH.TV,CounterTerrorist,2495.134,-173.5322,80.03125,M4A1,100,100,16.31925,-50.51139,0,False,True,True,179.2969,343.8281
RUBINO[M] * TWITCH.TV,CounterTerrorist,2495.877,-175.224,80.03125,M4A1,100,100,27.97242,-56.45008,0,False,True,True,178.2422,345.2344
RUBINO[M] * TWITCH.TV,CounterTerrorist,2497.082,-176.8295,80.03125,M4A1,100,100,44.57095,-48.79164,0,False,True,True,173.6719,347.6953
RUBINO[M] * TWITCH.TV,CounterTerrorist,2498.755,-178.2847,80.03125,M4A1,100,100,58.60209,-45.95231,0,False,True,True,163.4766,351.5625
RUBINO[M] * TWITCH.TV,CounterTerrorist,2500.814,-179.7556,80.03125,M4A1,100,100,69.81892,-48.29868,0,False,True,True,150.8203,354.375
RUBINO[M] * TWITCH.TV,CounterTerrorist,2502.544,-180.9534,80.03125,M4A1,100,100,75.5003,-52.75097,0,False,True,True,140.625,355.7813
RUBINO[M] * TWITCH.TV,CounterTerrorist,2505.758,-182.9414,80.03125,M4A1,100,100,87.46108,-47.61977,0,False,True,True,130.7813,356.8359
RUBINO[M] * TWITCH.TV,CounterTerrorist,2507.916,-184.0013,80.03125,M4A1,100,100,94.32833,-44.15183,0,False,True,True,128.3203,357.1875
RUBINO[M] * TWITCH.TV,CounterTerrorist,2511.397,-186.0959,80.03125,M4A1,100,100,81.63789,-60.64496,0,False,True,True,126.9141,358.2422
RUBINO[M] * TWITCH.TV,CounterTerrorist,2513.628,-188.2262,80.03125,M4A1,100,100,63.26275,-71.11005,0,False,True,True,126.9141,358.5938
RUBINO[M] * TWITCH.TV,CounterTerrorist,2515.085,-190.5068,80.03125,M4A1,100,100,37.22566,-74.10458,0,False,True,True,128.3203,358.5938
RUBINO[M] * TWITCH.TV,CounterTerrorist,2515.82,-192.8931,80.03125,M4A1,100,100,15.92872,-77.92039,0,False,True,True,134.6484,357.8906
RUBINO[M] * TWITCH.TV,CounterTerrorist,2516.003,-195.4398,80.03125,M4A1,100,100,0.737463,-83.97986,0,False,True,True,148.3594,355.7813
RUBINO[M] * TWITCH.TV,CounterTerrorist,2515.727,-198.2426,80.03125,M4A1,100,100,-18.79391,-93.27454,0,False,True,True,165.9375,351.2109
RUBINO[M] * TWITCH.TV,CounterTerrorist,2514.595,-201.3314,80.03125,M4A1,100,100,-45.71674,-102.5754,0,False,True,True,175.0781,348.0469
RUBINO[M] * TWITCH.TV,CounterTerrorist,2512.738,-204.7353,80.03125,M4A1,100,100,-67.15298,-112.6398,0,False,True,True,176.8359,345.9375
RUBINO[M] * TWITCH.TV,CounterTerrorist,2510.279,-208.4333,80.03125,M4A1,100,100,-85.27303,-121.5898,0,False,True,True,177.1875,344.1797
RUBINO[M] * TWITCH.TV,CounterTerrorist,2507.305,-212.3861,80.03125,M4A1,100,100,-100.8174,-129.2785,0,False,True,True,177.1875,343.125
RUBINO[M] * TWITCH.TV,CounterTerrorist,2503.889,-216.5573,80.03125,M4A1,100,100,-114.158,-135.8772,0,False,True,True,177.1875,343.125
RUBINO[M] * TWITCH.TV,CounterTerrorist,2500.094,-220.9162,80.03125,M4A1,100,100,-125.6074,-141.5403,0,False,True,True,177.1875,343.125
RUBINO[M] * TWITCH.TV,CounterTerrorist,2495.972,-225.4361,80.03125,M4A1,100,100,-135.4335,-146.4006,0,False,True,True,177.1875,343.125
RUBINO[M] * TWITCH.TV,CounterTerrorist,2491.572,-230.0938,80.03125,M4A1,100,100,-143.8884,-150.5475,0,False,True,True,176.8359,343.125
RUBINO[M] * TWITCH.TV,CounterTerrorist,2486.931,-234.869,80.03125,M4A1,100,100,-151.1515,-154.0989,0,False,True,True,176.8359,343.125
RUBINO[M] * TWITCH.TV,CounterTerrorist,2482.083,-239.7453,80.03125,M4A1,100,100,-157.3849,-157.1469,0,False,True,True,176.8359,343.125
RUBINO[M] * TWITCH.TV,CounterTerrorist,2477.088,-244.6812,80.03125,M4A1,100,100,-160.4871,-157.6987,0,False,True,True,176.8359,343.125
RUBINO[M] * TWITCH.TV,CounterTerrorist,2472.052,-249.5882,80.03125,M4A1,100,100,-161.5247,-156.6358,0,False,True,True,176.8359,343.125
RUBINO[M] * TWITCH.TV,CounterTerrorist,2466.986,-254.4644,80.03125,M4A1,100,100,-162.4424,-155.6839,0,False,True,True,176.4844,343.125
RUBINO[M] * TWITCH.TV,CounterTerrorist,2461.891,-259.3099,80.03125,M4A1,100,100,-163.4205,-154.6568,0,False,True,True,176.1328,343.125
RUBINO[M] * TWITCH.TV,CounterTerrorist,2456.763,-264.1197,80.03125,M4A1,100,100,-164.5612,-153.4426,0,False,True,True,175.0781,343.125
RUBINO[M] * TWITCH.TV,CounterTerrorist,2451.596,-268.8885,80.03125,M4A1,100,100,-165.8156,-152.0861,0,False,True,True,174.375,343.125
RUBINO[M] * TWITCH.TV,CounterTerrorist,2446.389,-273.6134,80.03125,M4A1,100,100,-167.1078,-150.6651,0,False,True,True,174.0234,343.125
RUBINO[M] * TWITCH.TV,CounterTerrorist,2441.143,-278.2952,80.03125,M4A1,100,100,-168.3018,-149.3301,0,False,True,True,174.0234,343.125
RUBINO[M] * TWITCH.TV,CounterTerrorist,2435.863,-282.9386,80.03125,M4A1,100,100,-169.3377,-148.1544,0,False,True,True,173.6719,343.125
RUBINO[M] * TWITCH.TV,CounterTerrorist,2430.552,-287.547,80.03125,M4A1,100,100,-170.2879,-147.0613,0,False,True,True,173.6719,343.4766
RUBINO[M] * TWITCH.TV,CounterTerrorist,2425.212,-292.1212,80.03125,M4A1,100,100,-171.2289,-145.9646,0,False,True,True,172.9688,343.4766
RUBINO[M] * TWITCH.TV,CounterTerrorist,2419.843,-296.6611,80.03125,M4A1,100,100,-172.1611,-144.8639,0,False,True,True,172.6172,343.4766
RUBINO[M] * TWITCH.TV,CounterTerrorist,2414.444,-301.166,80.03125,M4A1,100,100,-173.1101,-143.7286,0,False,True,True,172.2656,343.4766
RUBINO[M] * TWITCH.TV,CounterTerrorist,2409.015,-305.6336,80.03125,M4A1,100,100,-174.1275,-142.4943,0,False,True,True,171.5625,343.8281
RUBINO[M] * TWITCH.TV,CounterTerrorist,2404.921,-308.9585,80.03125,M4A1,100,100,-174.8955,-141.5506,0,False,True,True,171.5625,343.8281
RUBINO[M] * TWITCH.TV,CounterTerrorist,2398.058,-314.4484,80.03125,M4A1,100,100,-176.2685,-139.837,0,False,True,True,170.5078,343.8281
RUBINO[M] * TWITCH.TV,CounterTerrorist,2392.525,-318.7875,80.03125,M4A1,100,100,-177.5376,-138.2224,0,False,True,True,169.4531,344.1797
RUBINO[M] * TWITCH.TV,CounterTerrorist,2386.947,-323.0668,80.03125,M4A1,100,100,-179.1925,-136.0701,0,False,True,True,167.6953,344.8828
RUBINO[M] * TWITCH.TV,CounterTerrorist,2381.384,-327.3496,82.34174,M4A1,100,100,-176.0025,-139.0945,292.6184,False,True,True,164.5313,346.2891
RUBINO[M] * TWITCH.TV,CounterTerrorist,2375.884,-331.6963,91.09544,M4A1,100,100,-176.0025,-139.0945,267.6184,False,True,True,161.0156,348.0469
RUBINO[M] * TWITCH.TV,CounterTerrorist,2371.759,-334.9563,106.148,M4A1,100,100,-176.0025,-139.0945,248.8684,False,True,True,158.2031,350.1563
RUBINO[M] * TWITCH.TV,CounterTerrorist,2364.884,-340.3897,115.259,M4A1,100,100,-176.0025,-139.0945,217.6184,False,True,True,154.3359,352.9688
RUBINO[M] * TWITCH.TV,CounterTerrorist,2360.759,-343.6497,120.1397,M4A1,100,100,-176.0025,-139.0945,198.8684,False,True,True,153.2813,354.0234
RUBINO[M] * TWITCH.TV,CounterTerrorist,2353.884,-349.083,127.2976,M4A1,100,100,-176.0025,-139.0945,167.6184,False,True,True,152.5781,354.375
RUBINO[M] * TWITCH.TV,CounterTerrorist,2348.384,-353.4297,132.1451,M4A1,100,100,-176.0025,-139.0945,142.6184,False,True,True,152.5781,354.375
RUBINO[M] * TWITCH.TV,CounterTerrorist,2342.884,-357.7764,136.2113,M4A1,100,100,-176.0025,-139.0945,117.6184,False,True,True,152.5781,354.375
RUBINO[M] * TWITCH.TV,CounterTerrorist,2337.384,-362.1231,139.4963,M4A1,100,100,-176.0025,-139.0945,92.61838,False,True,True,152.5781,354.375
RUBINO[M] * TWITCH.TV,CounterTerrorist,2331.884,-366.4698,142,M4A1,100,100,-176.0025,-139.0945,67.61838,False,True,True,152.5781,354.375
RUBINO[M] * TWITCH.TV,CounterTerrorist,2326.384,-370.8164,143.7225,M4A1,100,100,-176.0025,-139.0945,42.61838,False,True,True,152.5781,354.375
RUBINO[M] * TWITCH.TV,CounterTerrorist,2322.259,-374.0764,144.5016,M4A1,100,100,-176.0025,-139.0945,23.86838,False,True,True,152.5781,354.375
RUBINO[M] * TWITCH.TV,CounterTerrorist,2315.384,-379.5098,144.8237,M4A1,100,100,-176.0025,-139.0945,-7.381622,False,True,True,152.5781,354.375
RUBINO[M] * TWITCH.TV,CounterTerrorist,2309.884,-383.8565,144.2024,M4A1,100,100,-176.0025,-139.0945,-32.38162,False,True,True,152.5781,354.375
RUBINO[M] * TWITCH.TV,CounterTerrorist,2304.384,-388.2032,142.7999,M4A1,100,100,-176.0025,-139.0945,-57.38162,False,True,True,152.5781,354.375
RUBINO[M] * TWITCH.TV,CounterTerrorist,2298.884,-392.5498,140.6161,M4A1,100,100,-176.0025,-139.0945,-82.38162,False,True,True,152.5781,354.7266
RUBINO[M] * TWITCH.TV,CounterTerrorist,2293.384,-396.8965,137.651,M4A1,100,100,-176.0025,-139.0945,-107.3816,False,True,True,152.2266,355.0781
RUBINO[M] * TWITCH.TV,CounterTerrorist,2287.884,-401.2432,124.9048,M4A1,100,100,-176.0025,-139.0945,-132.3816,False,True,True,150.8203,355.7813
RUBINO[M] * TWITCH.TV,CounterTerrorist,2282.384,-405.5899,120.3772,M4A1,100,100,-176.0025,-139.0945,-157.3816,False,True,True,149.4141,356.8359
RUBINO[M] * TWITCH.TV,CounterTerrorist,2276.884,-409.9366,115.0683,M4A1,100,100,-176.0025,-139.0945,-182.3816,False,True,True,148.3594,357.1875
RUBINO[M] * TWITCH.TV,CounterTerrorist,2271.384,-414.2832,108.9782,M4A1,100,100,-176.0025,-139.0945,-207.3816,False,True,True,146.9531,357.5391
RUBINO[M] * TWITCH.TV,CounterTerrorist,2265.884,-418.6299,105.9627,M4A1,100,100,-176.0025,-139.0945,261.1615,False,True,True,146.25,357.8906
RUBINO[M] * TWITCH.TV,CounterTerrorist,2260.384,-422.9766,113.7333,M4A1,100,100,-176.0025,-139.0945,236.1615,False,True,True,145.8984,358.2422
RUBINO[M] * TWITCH.TV,CounterTerrorist,2254.884,-427.3233,129.7227,M4A1,100,100,-176.0025,-139.0945,211.1615,False,True,True,145.5469,358.2422
RUBINO[M] * TWITCH.TV,CounterTerrorist,2250.759,-430.5833,134.4521,M4A1,100,100,-176.0025,-139.0945,192.4115,False,True,True,145.1953,358.5938
RUBINO[M] * TWITCH.TV,CounterTerrorist,2243.884,-436.0166,141.3579,M4A1,100,100,-176.0025,-139.0945,161.1615,False,True,True,144.8438,358.5938
RUBINO[M] * TWITCH.TV,CounterTerrorist,2238.384,-440.3633,146.0036,M4A1,100,100,-176.0025,-139.0945,136.1615,False,True,True,143.7891,358.9453
RUBINO[M] * TWITCH.TV,CounterTerrorist,2232.884,-444.71,149.868,M4A1,100,100,-176.0025,-139.0945,111.1615,False,True,True,142.7344,359.2969
RUBINO[M] * TWITCH.TV,CounterTerrorist,2227.384,-449.0567,152.9512,M4A1,100,100,-176.0025,-139.0945,86.1615,False,True,True,140.2734,0
RUBINO[M] * TWITCH.TV,CounterTerrorist,2221.884,-453.4034,155.2531,M4A1,100,100,-176.0025,-139.0945,61.1615,False,True,True,137.1094,0.703125
RUBINO[M] * TWITCH.TV,CounterTerrorist,2216.454,-457.8187,156.7738,M4A1,100,100,-172.4439,-142.6553,36.1615,False,True,True,133.9453,1.054688
RUBINO[M] * TWITCH.TV,CounterTerrorist,2211.134,-462.3522,157.5133,M4A1,100,100,-168.9183,-146.5619,11.1615,False,True,True,131.1328,1.40625
RUBINO[M] * TWITCH.TV,CounterTerrorist,2205.945,-467.039,157.4715,M4A1,100,100,-162.72,-154.0014,-13.8385,False,True,True,129.375,1.40625
RUBINO[M] * TWITCH.TV,CounterTerrorist,2202.272,-470.8226,156.9274,M4A1,100,100,-155.3522,-163.1014,-32.5885,False,True,True,128.6719,1.40625
RUBINO[M] * TWITCH.TV,CounterTerrorist,2196.204,-477.1938,155.0441,M4A1,100,100,-155.3522,-163.1014,-63.8385,False,True,True,128.6719,1.40625
RUBINO[M] * TWITCH.TV,CounterTerrorist,2191.35,-482.2907,152.6585,M4A1,100,100,-155.3522,-163.1014,-88.8385,False,True,True,128.6719,1.40625
RUBINO[M] * TWITCH.TV,CounterTerrorist,2187.967,-487.5525,140.4917,M4A1,100,100,-79.61923,-171.5852,-113.8385,False,True,True,128.6719,1.40625
RUBINO[M] * TWITCH.TV,CounterTerrorist,2186.983,-491.5622,137.6039,M4A1,100,100,-25.06947,-163.5322,-132.5885,False,True,True,128.6719,1.054688
RUBINO[M] * TWITCH.TV,CounterTerrorist,2187.868,-496.3944,131.8132,M4A1,100,100,54.97878,-2.645552,-165.4192,False,True,True,128.6719,1.054688
RUBINO[M] * TWITCH.TV,CounterTerrorist,2189.586,-496.4771,126.2533,M4A1,100,100,54.97878,-2.645552,-190.4192,False,True,True,128.6719,1.054688
RUBINO[M] * TWITCH.TV,CounterTerrorist,2190.874,-496.539,121.5706,M4A1,100,100,54.97878,-2.645552,-209.1692,False,True,True,128.3203,1.054688
RUBINO[M] * TWITCH.TV,CounterTerrorist,2193.021,-496.6423,112.7896,M4A1,100,100,54.97878,-2.645552,0,False,True,True,128.3203,0.703125
RUBINO[M] * TWITCH.TV,CounterTerrorist,2194.868,-496.4517,111.1464,M4A1,100,100,61.56261,11.02705,0,False,True,True,128.6719,0.3515625
RUBINO[M] * TWITCH.TV,CounterTerrorist,2196.787,-495.7927,111.0299,M4A1,100,100,58.78588,28.13478,0,False,True,True,128.6719,0.3515625
RUBINO[M] * TWITCH.TV,CounterTerrorist,2198.079,-494.9308,110.8819,M4A1,100,100,53.33134,40.91956,0,False,True,True,128.6719,0.3515625
RUBINO[M] * TWITCH.TV,CounterTerrorist,2199.511,-493.0414,110.5624,M4A1,100,100,26.17872,52.75994,0,False,True,True,128.6719,0.3515625
RUBINO[M] * TWITCH.TV,CounterTerrorist,2199.971,-491.2499,110.2627,M4A1,100,100,8.280082,59.91924,0,False,True,True,128.6719,0.3515625
RUBINO[M] * TWITCH.TV,CounterTerrorist,2199.936,-489.2495,109.9299,M4A1,100,100,-6.434703,66.45061,0,False,True,True,128.6719,0.3515625
RUBINO[M] * TWITCH.TV,CounterTerrorist,2199.487,-487.0438,109.4893,M4A1,100,100,-18.87934,73.10106,0,False,True,True,128.6719,0.3515625
RUBINO[M] * TWITCH.TV,CounterTerrorist,2198.683,-484.6319,108.7438,M4A1,100,100,-29.65852,79.50879,0,False,True,True,128.6719,0.3515625
RUBINO[M] * TWITCH.TV,CounterTerrorist,2197.572,-482.0378,107.943,M4A1,100,100,-38.90952,85.00809,0,False,True,True,128.6719,0.3515625
RUBINO[M] * TWITCH.TV,CounterTerrorist,2196.198,-479.2873,107.0947,M4A1,100,100,-46.84899,89.72775,0,False,True,True,128.6719,0.3515625
RUBINO[M] * TWITCH.TV,CounterTerrorist,2194.598,-476.4027,106.2057,M4A1,100,100,-53.66287,93.77831,0,False,True,True,128.6719,0.3515625
RUBINO[M] * TWITCH.TV,CounterTerrorist,2192.805,-473.4029,105.3845,M4A1,100,100,-59.51074,97.25462,0,False,True,True,128.6719,0.3515625
RUBINO[M] * TWITCH.TV,CounterTerrorist,2190.86,-470.3248,104.7536,M4A1,100,100,-63.2573,98.42516,0,False,True,True,128.6719,0.3515625
RUBINO[M] * TWITCH.TV,CounterTerrorist,2189.357,-468.0309,104.2832,M4A1,100,100,-64.50227,97.6138,0,False,True,True,128.6719,0.3515625
RUBINO[M] * TWITCH.TV,CounterTerrorist,2186.797,-464.2451,121.4181,M4A1,100,100,-66.18491,96.48086,0,False,True,True,128.6719,0.3515625
RUBINO[M] * TWITCH.TV,CounterTerrorist,2184.648,-461.1685,121.6455,Incendiary,100,100,-70.25752,99.57401,0,False,True,True,128.6719,0.3515625
RUBINO[M] * TWITCH.TV,CounterTerrorist,2182.383,-458.004,121.6455,Incendiary,100,100,-73.75276,102.2286,0,False,True,True,128.6719,0.3515625
RUBINO[M] * TWITCH.TV,CounterTerrorist,2180.039,-454.7898,121.6455,Incendiary,100,100,-75.34823,102.7298,0,False,True,True,128.6719,0.3515625
RUBINO[M] * TWITCH.TV,CounterTerrorist,2177.671,-451.5889,121.6455,Incendiary,100,100,-75.98969,102.2562,0,False,True,True,128.6719,0.3515625
RUBINO[M] * TWITCH.TV,CounterTerrorist,2175.285,-448.4015,121.6455,Incendiary,100,100,-76.53334,101.8499,0,False,True,True,128.6719,0.3515625
RUBINO[M] * TWITCH.TV,CounterTerrorist,2172.885,-445.2256,121.6455,Incendiary,100,100,-76.9954,101.5011,0,False,True,True,128.6719,0.3515625
RUBINO[M] * TWITCH.TV,CounterTerrorist,2170.471,-442.0597,121.6455,Incendiary,100,100,-77.38894,101.2013,0,False,True,True,128.6719,0.3515625
RUBINO[M] * TWITCH.TV,CounterTerrorist,2168.046,-438.9023,121.6455,Incendiary,100,100,-77.72465,100.9437,0,False,True,True,128.6719,0.3515625
RUBINO[M] * TWITCH.TV,CounterTerrorist,2165.611,-435.7522,121.6455,Incendiary,100,100,-78.01141,100.7223,0,False,True,True,128.6719,0.3515625
RUBINO[M] * TWITCH.TV,CounterTerrorist,2163.169,-432.6084,121.6455,Incendiary,100,100,-78.25658,100.5319,0,False,True,True,128.6719,0.3515625
RUBINO[M] * TWITCH.TV,CounterTerrorist,2160.719,-429.47,116.2458,Incendiary,100,100,-78.46635,100.3683,0,False,True,True,128.6719,0.3515625
RUBINO[M] * TWITCH.TV,CounterTerrorist,2158.264,-426.3363,107.9897,Incendiary,100,100,-78.64594,100.2276,0,False,True,True,128.6719,0.3515625
RUBINO[M] * TWITCH.TV,CounterTerrorist,2155.803,-423.2065,102.8563,Incendiary,100,100,-78.78721,100.1166,0,False,True,True,128.6719,0.3515625
RUBINO[M] * TWITCH.TV,CounterTerrorist,2153.339,-420.0795,102.8563,Incendiary,100,100,-78.89193,100.0341,0,False,True,True,128.6719,0.3515625
RUBINO[M] * TWITCH.TV,CounterTerrorist,2150.872,-416.9548,102.8563,Incendiary,100,100,-78.97785,99.96628,0,False,True,True,128.6719,0.3515625
RUBINO[M] * TWITCH.TV,CounterTerrorist,2148.402,-413.832,102.8563,Incendiary,100,100,-79.05152,99.90804,-3.125,False,True,True,128.6719,0.3515625
RUBINO[M] * TWITCH.TV,CounterTerrorist,2145.931,-410.71,102.368,Incendiary,100,100,-79.05152,99.90804,-28.125,False,True,True,128.6719,0.3515625
RUBINO[M] * TWITCH.TV,CounterTerrorist,2143.461,-407.5879,101.0985,Incendiary,100,100,-79.05152,99.90804,-53.125,False,True,True,128.6719,0.3515625
RUBINO[M] * TWITCH.TV,CounterTerrorist,2140.99,-404.4658,99.04773,Incendiary,100,100,-79.05152,99.90804,-78.125,False,True,True,128.6719,0.3515625
RUBINO[M] * TWITCH.TV,CounterTerrorist,2138.519,-401.3438,96.2157,Incendiary,100,100,-79.05152,99.90804,-103.125,False,True,True,128.6719,0.3515625
RUBINO[M] * TWITCH.TV,CounterTerrorist,2136.049,-398.2217,92.60242,Incendiary,100,100,-79.05152,99.90804,-128.125,False,True,True,128.6719,0.3515625
RUBINO[M] * TWITCH.TV,CounterTerrorist,2133.578,-395.0996,88.20789,Incendiary,100,100,-79.05152,99.90804,-153.125,False,True,True,128.6719,0.3515625
RUBINO[M] * TWITCH.TV,CounterTerrorist,2131.107,-391.9775,83.0321,Incendiary,100,100,-79.05152,99.90804,-178.125,False,True,True,128.6719,0.3515625
RUBINO[M] * TWITCH.TV,CounterTerrorist,2128.936,-389.234,80.03125,Incendiary,100,100,-66.97154,84.60628,0,False,True,True,128.3203,0.3515625
RUBINO[M] * TWITCH.TV,CounterTerrorist,2126.789,-386.5227,80.03125,Incendiary,100,100,-69.75853,88.06483,0,False,True,True,128.3203,0.3515625
RUBINO[M] * TWITCH.TV,CounterTerrorist,2124.554,-383.7018,80.03125,Incendiary,100,100,-72.59794,91.59616,0,False,True,True,128.3203,0.3515625
RUBINO[M] * TWITCH.TV,CounterTerrorist,2122.229,-380.7692,80.03125,Incendiary,100,100,-75.49021,95.19987,0,False,True,True,128.3203,0.3515625
RUBINO[M] * TWITCH.TV,CounterTerrorist,2119.817,-377.7278,80.03125,Incendiary,100,100,-78.16618,98.53645,0,False,True,True,128.3203,0.3515625
RUBINO[M] * TWITCH.TV,CounterTerrorist,2117.345,-374.613,80.03125,Incendiary,100,100,-79.18989,99.7984,0,False,True,True,128.3203,0.3515625
RUBINO[M] * TWITCH.TV,CounterTerrorist,2114.871,-371.4945,80.03125,Incendiary,100,100,-79.20081,99.78973,0,False,True,True,128.3203,0.3515625
RUBINO[M] * TWITCH.TV,CounterTerrorist,2112.395,-368.3767,80.03125,Incendiary,100,100,-79.2608,99.74208,0,False,True,True,129.0234,0.3515625
RUBINO[M] * TWITCH.TV,CounterTerrorist,2110.534,-366.0415,80.03125,Incendiary,100,100,-79.48852,99.5607,0,False,True,True,130.0781,0.3515625
RUBINO[M] * TWITCH.TV,CounterTerrorist,2107.406,-362.1711,80.03125,Incendiary,100,100,-80.63386,98.63538,0,False,True,True,133.5938,0.3515625
RUBINO[M] * TWITCH.TV,CounterTerrorist,2105.106,-358.9392,80.03125,Incendiary,100,100,-69.78165,106.1415,0,False,True,True,137.8125,0.3515625
RUBINO[M] * TWITCH.TV,CounterTerrorist,2103.092,-355.5075,80.03125,Incendiary,100,100,-61.44867,111.6012,0,False,True,True,141.6797,0.3515625
RUBINO[M] * TWITCH.TV,CounterTerrorist,2101.303,-351.9513,80.03125,Incendiary,100,100,-54.94425,114.943,0,False,True,True,144.4922,359.6484
RUBINO[M] * TWITCH.TV,CounterTerrorist,2099.687,-348.3129,80.03125,Incendiary,100,100,-49.91515,117.2145,0,False,True,True,145.8984,359.2969
RUBINO[M] * TWITCH.TV,CounterTerrorist,2098.207,-344.6173,80.03125,Incendiary,100,100,-45.94956,118.8251,0,False,True,True,146.6016,358.9453
RUBINO[M] * TWITCH.TV,CounterTerrorist,2096.836,-340.8797,80.03125,Incendiary,100,100,-42.70493,120.0294,0,False,True,True,146.6016,358.9453
RUBINO[M] * TWITCH.TV,CounterTerrorist,2095.555,-337.1102,80.03125,Incendiary,100,100,-40.00941,120.9546,0,False,True,True,146.9531,358.9453
RUBINO[M] * TWITCH.TV,CounterTerrorist,2094.349,-333.3161,80.03125,Incendiary,100,100,-37.81643,121.658,0,False,True,True,146.9531,358.9453
RUBINO[M] * TWITCH.TV,CounterTerrorist,2093.203,-329.5034,80.03125,Incendiary,100,100,-36.02486,122.2005,0,False,True,True,146.9531,358.9453
RUBINO[M] * TWITCH.TV,CounterTerrorist,2092.107,-325.6761,80.03125,Incendiary,100,100,-34.53994,122.6285,0,False,True,True,146.9531,358.9453
RUBINO[M] * TWITCH.TV,CounterTerrorist,2091.052,-321.837,80.03125,Incendiary,100,100,-33.29675,122.9719,0,False,True,True,146.9531,358.9453
RUBINO[M] * TWITCH.TV,CounterTerrorist,2090.033,-317.9886,80.03125,Incendiary,100,100,-32.24855,123.2509,0,False,True,True,146.9531,358.9453
RUBINO[M] * TWITCH.TV,CounterTerrorist,2089.043,-314.1324,80.03125,Incendiary,100,100,-31.37149,123.4771,0,False,True,True,146.9531,358.9453
RUBINO[M] * TWITCH.TV,CounterTerrorist,2088.077,-310.2701,80.03125,Incendiary,100,100,-30.63566,123.6617,0,False,True,True,146.9531,358.9453
RUBINO[M] * TWITCH.TV,CounterTerrorist,2087.132,-306.4026,84.03125,Incendiary,100,100,-30.02401,123.8116,0,False,True,True,146.9531,358.9453
RUBINO[M] * TWITCH.TV,CounterTerrorist,2086.47,-303.6578,84.03125,M4A1,100,100,-27.33104,113.763,0,False,True,True,146.9531,358.9453
RUBINO[M] * TWITCH.TV,CounterTerrorist,2085.414,-299.2112,84.03125,M4A1,100,100,-26.86629,113.8736,0,False,True,True,147.3047,358.9453
RUBINO[M] * TWITCH.TV,CounterTerrorist,2084.58,-295.6514,84.03125,M4A1,100,100,-26.6157,113.9324,0,False,True,True,147.3047,358.9453
RUBINO[M] * TWITCH.TV,CounterTerrorist,2083.752,-292.0901,84.03125,M4A1,100,100,-26.42795,113.9761,0,False,True,True,147.3047,358.9453
RUBINO[M] * TWITCH.TV,CounterTerrorist,2082.929,-288.5277,84.03125,M4A1,100,100,-26.29574,114.0067,0,False,True,True,147.6563,358.9453
RUBINO[M] * TWITCH.TV,CounterTerrorist,2082.109,-284.9647,84.03125,M4A1,100,100,-26.24222,114.0191,0,False,True,True,147.6563,358.9453
RUBINO[M] * TWITCH.TV,CounterTerrorist,2081.29,-281.4014,84.03125,M4A1,100,100,-26.20068,114.0286,0,False,True,True,147.6563,358.9453
RUBINO[M] * TWITCH.TV,CounterTerrorist,2080.471,-277.8379,84.03125,M4A1,100,100,-26.16502,114.0368,0,False,True,True,147.6563,358.9453
RUBINO[M] * TWITCH.TV,CounterTerrorist,2079.654,-274.2741,80.03125,M4A1,100,100,-26.13442,114.0438,0,False,True,True,147.6563,358.9453
RUBINO[M] * TWITCH.TV,CounterTerrorist,2078.838,-270.7101,80.03125,M4A1,100,100,-26.10816,114.0498,0,False,True,True,147.6563,358.9453
RUBINO[M] * TWITCH.TV,CounterTerrorist,2078.023,-267.1459,80.03125,M4A1,100,100,-26.08562,114.055,0,False,True,True,147.6563,358.9453
RUBINO[M] * TWITCH.TV,CounterTerrorist,2077.208,-263.5816,80.03125,M4A1,100,100,-26.06627,114.0594,0,False,True,True,147.6563,358.9453
RUBINO[M] * TWITCH.TV,CounterTerrorist,2076.394,-260.0172,80.03125,M4A1,100,100,-26.04966,114.0632,0,False,True,True,147.6563,358.9453
RUBINO[M] * TWITCH.TV,CounterTerrorist,2075.579,-256.4528,80.03125,M4A1,100,100,-26.0595,114.061,0,False,True,True,148.0078,358.9453
RUBINO[M] * TWITCH.TV,CounterTerrorist,2074.764,-252.8887,80.03125,M4A1,100,100,-26.13297,114.0441,0,False,True,True,148.3594,358.9453
RUBINO[M] * TWITCH.TV,CounterTerrorist,2073.945,-249.3253,80.03125,M4A1,100,100,-26.24699,114.018,0,False,True,True,148.3594,358.5938
RUBINO[M] * TWITCH.TV,CounterTerrorist,2073.122,-245.7628,80.03125,M4A1,100,100,-26.38666,113.9857,0,False,True,True,148.3594,358.5938
RUBINO[M] * TWITCH.TV,CounterTerrorist,2072.295,-242.2014,80.03125,M4A1,100,100,-26.53004,113.9524,0,False,True,True,148.7109,358.5938
RUBINO[M] * TWITCH.TV,CounterTerrorist,2071.175,-238.7395,80.03125,M4A1,100,100,-41.13594,108.9769,0,False,True,True,148.7109,358.2422
RUBINO[M] * TWITCH.TV,CounterTerrorist,2070.06,-236.2388,80.03125,M4A1,100,100,-50.61651,105.4844,0,False,True,True,148.7109,358.2422
RUBINO[M] * TWITCH.TV,CounterTerrorist,2067.78,-232.2807,80.03125,M4A1,100,100,-63.0667,98.5474,0,False,True,True,148.7109,358.2422
RUBINO[M] * TWITCH.TV,CounterTerrorist,2065.655,-229.3066,80.03125,M4A1,100,100,-70.74705,93.18719,0,False,True,True,149.0625,358.2422
RUBINO[M] * TWITCH.TV,CounterTerrorist,2063.322,-226.492,80.03125,M4A1,100,100,-76.80207,88.26347,0,False,True,True,149.0625,358.2422
RUBINO[M] * TWITCH.TV,CounterTerrorist,2060.826,-223.8206,80.03125,M4A1,100,100,-81.56133,83.88533,0,False,True,True,149.0625,358.2422
RUBINO[M] * TWITCH.TV,CounterTerrorist,2058.202,-221.275,80.03125,M4A1,100,100,-85.30592,80.07432,0,False,True,True,149.0625,358.2422
RUBINO[M] * TWITCH.TV,CounterTerrorist,2055.477,-218.8378,80.03125,M4A1,100,100,-88.26003,76.80603,0,False,True,True,149.0625,358.2422
RUBINO[M] * TWITCH.TV,CounterTerrorist,2052.672,-216.4929,80.03125,M4A1,100,100,-90.59579,74.03648,0,False,True,True,149.0625,358.2422
RUBINO[M] * TWITCH.TV,CounterTerrorist,2049.825,-214.1989,80.03125,M4A1,100,100,-89.77523,75.02937,0,False,True,True,149.0625,358.2422
RUBINO[M] * TWITCH.TV,CounterTerrorist,2047.188,-211.6681,80.03125,M4A1,100,100,-81.18727,84.24741,0,False,True,True,149.0625,358.2422
RUBINO[M] * TWITCH.TV,CounterTerrorist,2044.808,-208.8937,80.03125,M4A1,100,100,-73.2225,91.25493,0,False,True,True,149.0625,358.2422
RUBINO[M] * TWITCH.TV,CounterTerrorist,2042.634,-205.9548,80.03125,M4A1,100,100,-69.623,94.02997,0,False,True,True,149.0625,358.2422
RUBINO[M] * TWITCH.TV,CounterTerrorist,2040.332,-203.1153,80.03125,M4A1,100,100,-75.91824,89.02481,0,False,True,True,149.0625,358.2422
RUBINO[M] * TWITCH.TV,CounterTerrorist,2037.86,-200.422,80.03125,M4A1,100,100,-80.86657,84.55528,0,False,True,True,149.0625,358.2422
RUBINO[M] * TWITCH.TV,CounterTerrorist,2035.255,-197.8569,80.03125,M4A1,100,100,-84.74254,80.67031,0,False,True,True,148.7109,358.2422
RUBINO[M] * TWITCH.TV,CounterTerrorist,2032.613,-195.3305,80.03125,M4A1,100,100,-82.05817,83.39936,0,False,True,True,148.7109,358.2422
RUBINO[M] * TWITCH.TV,CounterTerrorist,2030.21,-192.5763,80.03125,M4A1,100,100,-73.87011,90.7315,0,False,True,True,148.3594,358.5938
RUBINO[M] * TWITCH.TV,CounterTerrorist,2027.962,-189.6926,86.81625,M4A1,100,100,-71.92725,92.2793,280.1184,False,True,True,147.6563,358.9453
RUBINO[M] * TWITCH.TV,CounterTerrorist,2025.714,-186.8088,95.17931,M4A1,100,100,-71.92725,92.2793,255.1184,False,True,True,147.3047,359.2969
RUBINO[M] * TWITCH.TV,CounterTerrorist,2023.467,-183.9251,111.7611,M4A1,100,100,-71.92725,92.2793,230.1184,False,True,True,147.3047,359.6484
RUBINO[M] * TWITCH.TV,CounterTerrorist,2021.219,-181.0414,118.5617,M4A1,100,100,-71.92725,92.2793,205.1184,False,True,True,147.3047,359.6484
RUBINO[M] * TWITCH.TV,CounterTerrorist,2018.972,-178.1576,124.5809,M4A1,100,100,-71.92725,92.2793,180.1184,False,True,True,147.3047,359.6484
RUBINO[M] * TWITCH.TV,CounterTerrorist,2016.724,-175.2739,129.819,M4A1,100,100,-71.92725,92.2793,155.1184,False,True,True,147.3047,359.6484
RUBINO[M] * TWITCH.TV,CounterTerrorist,2014.477,-172.3902,134.2758,M4A1,100,100,-71.92725,92.2793,130.1184,False,True,True,147.3047,359.6484
RUBINO[M] * TWITCH.TV,CounterTerrorist,2012.229,-169.5065,137.9514,M4A1,100,100,-71.92725,92.2793,105.1184,False,True,True,147.3047,359.6484
RUBINO[M] * TWITCH.TV,CounterTerrorist,2009.982,-166.6227,140.8458,M4A1,100,100,-71.92725,92.2793,80.11838,False,True,True,147.3047,359.6484
RUBINO[M] * TWITCH.TV,CounterTerrorist,2007.734,-163.739,142.9589,M4A1,100,100,-71.92725,92.2793,55.11838,False,True,True,147.3047,359.6484
RUBINO[M] * TWITCH.TV,CounterTerrorist,2005.486,-160.8553,144.2907,M4A1,100,100,-71.92725,92.2793,30.11838,False,True,True,147.3047,359.6484
RUBINO[M] * TWITCH.TV,CounterTerrorist,2003.239,-157.9715,144.8413,M4A1,100,100,-71.92725,92.2793,5.118378,False,True,True,147.3047,359.6484
RUBINO[M] * TWITCH.TV,CounterTerrorist,2000.991,-155.0878,144.6107,M4A1,100,100,-71.92725,92.2793,-19.88162,False,True,True,147.3047,359.6484
RUBINO[M] * TWITCH.TV,CounterTerrorist,1998.744,-152.2041,143.5988,M4A1,100,100,-71.92725,92.2793,-44.88162,False,True,True,147.3047,359.6484
RUBINO[M] * TWITCH.TV,CounterTerrorist,1996.496,-149.3204,132.8056,M4A1,100,100,-71.92725,92.2793,-69.88162,False,True,True,147.3047,359.6484
RUBINO[M] * TWITCH.TV,CounterTerrorist,1994.249,-149.0313,130.2312,M4A1,100,100,-71.92725,0,-94.88162,False,True,True,147.3047,359.6484
RUBINO[M] * TWITCH.TV,CounterTerrorist,1991.909,-149.0073,128.0313,M4A1,100,100,-77.82574,0,0,False,True,True,147.3047,359.6484
RUBINO[M] * TWITCH.TV,CounterTerrorist,1989.336,-149.0073,128.0313,M4A1,100,100,-84.89701,0,0,False,True,True,147.3047,359.6484
RUBINO[M] * TWITCH.TV,CounterTerrorist,1986.562,-149.0073,128.0313,M4A1,100,100,-90.96577,0,0,False,True,True,147.3047,359.6484
RUBINO[M] * TWITCH.TV,CounterTerrorist,1983.615,-149.0073,128.0313,M4A1,100,100,-96.17416,0,0,False,True,True,147.3047,359.6484
RUBINO[M] * TWITCH.TV,CounterTerrorist,1980.684,-149.0073,128.0313,M4A1,100,100,-90.32431,0,0,False,True,True,147.3047,0
RUBINO[M] * TWITCH.TV,CounterTerrorist,1978.025,-149.0073,128.0313,M4A1,100,100,-82.11857,0,0,False,True,True,147.3047,0
RUBINO[M] * TWITCH.TV,CounterTerrorist,1975.797,-149.0073,128.0313,M4A1,100,100,-62.41641,0,0,False,True,True,147.3047,0
RUBINO[M] * TWITCH.TV,CounterTerrorist,1974.306,-149.0073,128.0313,M4A1,100,100,-38.89335,0,0,False,True,True,147.3047,0.3515625
RUBINO[M] * TWITCH.TV,CounterTerrorist,1973.311,-149.0073,128.0313,M4A1,100,100,-27.64335,0,0,False,True,True,147.3047,0.3515625
RUBINO[M] * TWITCH.TV,CounterTerrorist,1972.667,-149.0073,128.0313,M4A1,100,100,-16.39335,0,0,False,True,True,147.3047,0.3515625
RUBINO[M] * TWITCH.TV,CounterTerrorist,1972.374,-149.0073,128.0313,M4A1,100,100,-5.143353,0,0,False,True,True,147.3047,0.3515625
RUBINO[M] * TWITCH.TV,CounterTerrorist,1972.356,-149.0073,128.0313,M4A1,100,100,0,0,0,False,True,True,147.3047,0.3515625
RUBINO[M] * TWITCH.TV,CounterTerrorist,1972.356,-149.0073,128.0313,M4A1,100,100,0,0,0,False,True,True,147.3047,0.703125
RUBINO[M] * TWITCH.TV,CounterTerrorist,1972.356,-149.0073,128.0313,M4A1,100,100,0,0,0,False,True,True,147.3047,0.703125
RUBINO[M] * TWITCH.TV,CounterTerrorist,1972.356,-149.0073,128.0313,M4A1,100,100,0,0,0,False,True,True,147.3047,0.703125
RUBINO[M] * TWITCH.TV,CounterTerrorist,1972.356,-149.0073,128.0313,M4A1,100,100,0,0,0,False,True,True,147.3047,0.3515625
RUBINO[M] * TWITCH.TV,CounterTerrorist,1972.319,-149.0073,128.0313,M4A1,100,100,-4.778254,0,0,False,True,True,147.3047,0.3515625
RUBINO[M] * TWITCH.TV,CounterTerrorist,1972.016,-149.0073,128.0313,M4A1,100,100,-12.64127,0,0,False,True,True,147.3047,0.3515625
RUBINO[M] * TWITCH.TV,CounterTerrorist,1971.467,-149.0073,128.0313,M4A1,100,100,-20.49717,0,0,False,True,True,146.9531,0.3515625
RUBINO[M] * TWITCH.TV,CounterTerrorist,1970.785,-149.0073,128.0313,M4A1,100,100,-18.79657,0,0,False,True,True,146.9531,0.3515625
RUBINO[M] * TWITCH.TV,CounterTerrorist,1970.418,-149.0073,128.0313,M4A1,100,100,-7.546568,0,0,False,True,True,146.9531,0.3515625
RUBINO[M] * TWITCH.TV,CounterTerrorist,1970.366,-149.0073,128.0313,M4A1,100,100,0,0,0,False,True,True,146.9531,0.3515625
RUBINO[M] * TWITCH.TV,CounterTerrorist,1970.366,-149.0073,128.0313,M4A1,100,100,0,0,0,False,True,True,146.9531,0.3515625
RUBINO[M] * TWITCH.TV,CounterTerrorist,1970.366,-149.0073,128.0313,M4A1,100,100,0,0,0,False,True,True,146.9531,0.3515625
RUBINO[M] * TWITCH.TV,CounterTerrorist,1970.366,-149.0073,128.0313,M4A1,100,100,0,0,0,False,True,True,146.9531,0.3515625
RUBINO[M] * TWITCH.TV,CounterTerrorist,1970.366,-149.0073,128.0313,M4A1,100,100,0,0,0,False,True,True,146.9531,0.3515625
RUBINO[M] * TWITCH.TV,CounterTerrorist,1970.366,-149.0073,128.0313,M4A1,100,100,0,0,0,False,True,True,146.9531,0.3515625
RUBINO[M] * TWITCH.TV,CounterTerrorist,1970.366,-149.0073,128.0313,M4A1,100,100,0,0,0,False,True,True,146.9531,0.3515625
RUBINO[M] * TWITCH.TV,CounterTerrorist,1970.366,-149.0073,128.0313,M4A1,100,100,0,0,0,False,True,True,146.9531,0.3515625
RUBINO[M] * TWITCH.TV,CounterTerrorist,1970.366,-149.0073,128.0313,M4A1,100,100,0,0,0,False,True,True,146.9531,0.3515625
RUBINO[M] * TWITCH.TV,CounterTerrorist,1970.366,-149.0073,128.0313,M4A1,100,100,0,0,0,False,True,True,146.9531,0.3515625
RUBINO[M] * TWITCH.TV,CounterTerrorist,1970.366,-149.0073,128.0313,M4A1,100,100,0,0,0,False,True,True,146.9531,0.3515625
RUBINO[M] * TWITCH.TV,CounterTerrorist,1970.366,-149.0073,128.0313,M4A1,100,100,0,0,0,False,True,True,146.9531,0.3515625
RUBINO[M] * TWITCH.TV,CounterTerrorist,1970.366,-149.0073,128.0313,M4A1,100,100,0,0,0,False,True,True,146.9531,0.3515625
RUBINO[M] * TWITCH.TV,CounterTerrorist,1970.366,-149.0073,128.0313,M4A1,100,100,0,0,0,False,True,True,146.9531,0.3515625
RUBINO[M] * TWITCH.TV,CounterTerrorist,1970.366,-149.0073,128.0313,M4A1,100,100,0,0,0,False,True,True,146.9531,0.3515625
RUBINO[M] * TWITCH.TV,CounterTerrorist,1970.366,-149.0073,128.0313,M4A1,100,100,0,0,0,False,True,True,146.9531,0.3515625
RUBINO[M] * TWITCH.TV,CounterTerrorist,1970.366,-149.0073,128.0313,M4A1,100,100,0,0,0,False,True,True,146.9531,0.3515625
RUBINO[M] * TWITCH.TV,CounterTerrorist,1970.366,-149.0073,128.0313,M4A1,100,100,0,0,0,False,True,True,146.9531,0.3515625
RUBINO[M] * TWITCH.TV,CounterTerrorist,1970.366,-149.0073,128.0313,M4A1,100,100,0,0,0,False,True,True,146.9531,0.3515625
RUBINO[M] * TWITCH.TV,CounterTerrorist,1970.366,-149.0073,128.0313,M4A1,100,100,0,0,0,False,True,True,146.9531,0.3515625
RUBINO[M] * TWITCH.TV,CounterTerrorist,1970.366,-149.0073,128.0313,M4A1,100,100,0,0,0,False,True,True,146.9531,0.3515625
RUBINO[M] * TWITCH.TV,CounterTerrorist,1970.366,-149.0073,128.0313,M4A1,100,100,0,0,0,False,True,True,146.9531,0.3515625
RUBINO[M] * TWITCH.TV,CounterTerrorist,1970.366,-149.0073,128.0313,M4A1,100,100,0,0,0,False,True,True,146.9531,0.3515625
RUBINO[M] * TWITCH.TV,CounterTerrorist,1970.366,-149.0073,128.0313,M4A1,100,100,0,0,0,False,True,True,146.9531,0.3515625
RUBINO[M] * TWITCH.TV,CounterTerrorist,1970.366,-149.0073,128.0313,M4A1,100,100,0,0,0,False,True,True,146.9531,0.3515625
RUBINO[M] * TWITCH.TV,CounterTerrorist,1970.366,-149.0073,128.0313,M4A1,100,100,0,0,0,False,True,True,146.9531,0.3515625
RUBINO[M] * TWITCH.TV,CounterTerrorist,1970.366,-149.0073,128.0313,M4A1,100,100,0,0,0,False,True,True,146.9531,0.3515625
RUBINO[M] * TWITCH.TV,CounterTerrorist,1970.366,-149.0073,128.0313,M4A1,100,100,0,0,0,False,True,True,146.9531,0.3515625
RUBINO[M] * TWITCH.TV,CounterTerrorist,1970.366,-149.0073,128.0313,M4A1,100,100,0,0,0,False,True,True,146.9531,0.3515625
RUBINO[M] * TWITCH.TV,CounterTerrorist,1970.366,-149.0073,128.0313,M4A1,100,100,0,0,0,False,True,True,146.9531,0.3515625
RUBINO[M] * TWITCH.TV,CounterTerrorist,1970.366,-149.0073,128.0313,M4A1,100,100,0,0,0,False,True,True,146.9531,0.3515625
RUBINO[M] * TWITCH.TV,CounterTerrorist,1970.366,-149.0073,128.0313,M4A1,100,100,0,0,0,False,True,True,146.9531,0.3515625
RUBINO[M] * TWITCH.TV,CounterTerrorist,1970.328,-149.0073,128.0313,M4A1,100,100,-4.774697,0,0,False,True,True,146.9531,0.3515625
RUBINO[M] * TWITCH.TV,CounterTerrorist,1970.026,-149.0073,128.0313,M4A1,100,100,-12.62349,0,0,False,True,True,146.9531,0.3515625
RUBINO[M] * TWITCH.TV,CounterTerrorist,1969.478,-149.0073,128.0313,M4A1,100,100,-20.47227,0,0,False,True,True,146.9531,0.3515625
RUBINO[M] * TWITCH.TV,CounterTerrorist,1969.13,-149.0073,128.0313,M4A1,100,100,-12.03478,0,0,False,True,True,146.9531,0.3515625
RUBINO[M] * TWITCH.TV,CounterTerrorist,1968.98,-149.0073,128.0313,M4A1,100,100,0,0,0,False,True,True,146.9531,0.3515625
RUBINO[M] * TWITCH.TV,CounterTerrorist,1968.98,-149.0073,128.0313,M4A1,100,100,0,0,0,False,True,True,146.9531,0.3515625
RUBINO[M] * TWITCH.TV,CounterTerrorist,1968.98,-149.0073,128.0313,M4A1,100,100,0,0,0,False,True,True,146.9531,0.3515625
RUBINO[M] * TWITCH.TV,CounterTerrorist,1968.98,-149.0073,128.0313,M4A1,100,100,0,0,0,False,True,True,146.9531,0.3515625
RUBINO[M] * TWITCH.TV,CounterTerrorist,1968.98,-149.0073,128.0313,M4A1,100,100,0,0,0,False,True,True,146.9531,0.3515625
RUBINO[M] * TWITCH.TV,CounterTerrorist,1968.98,-149.0073,128.0313,M4A1,100,100,0,0,0,False,True,True,146.9531,0.3515625
RUBINO[M] * TWITCH.TV,CounterTerrorist,1968.98,-149.0073,128.0313,M4A1,100,100,0,0,0,False,True,True,146.9531,0.3515625
RUBINO[M] * TWITCH.TV,CounterTerrorist,1968.98,-149.0073,128.0313,M4A1,100,100,0,0,0,False,True,True,146.9531,0.3515625
RUBINO[M] * TWITCH.TV,CounterTerrorist,1968.98,-149.0073,128.0313,M4A1,100,100,0,0,0,False,True,True,146.9531,0.3515625
RUBINO[M] * TWITCH.TV,CounterTerrorist,1968.98,-149.0073,128.0313,M4A1,100,100,0,0,0,False,True,True,146.9531,0.3515625
RUBINO[M] * TWITCH.TV,CounterTerrorist,1968.98,-149.0073,128.0313,M4A1,100,100,0,0,0,False,True,True,146.9531,0.3515625
RUBINO[M] * TWITCH.TV,CounterTerrorist,1968.98,-149.0073,128.0313,M4A1,100,100,0,0,0,False,True,True,146.9531,0.3515625
RUBINO[M] * TWITCH.TV,CounterTerrorist,1968.98,-149.0073,128.0313,M4A1,100,100,0,0,0,False,True,True,146.9531,0.3515625
RUBINO[M] * TWITCH.TV,CounterTerrorist,1968.98,-149.0073,128.0313,M4A1,100,100,0,0,0,False,True,True,146.9531,0.3515625
RUBINO[M] * TWITCH.TV,CounterTerrorist,1968.98,-149.0073,128.0313,M4A1,100,100,0,0,0,False,True,True,146.9531,0.3515625
RUBINO[M] * TWITCH.TV,CounterTerrorist,1968.98,-149.0073,128.0313,M4A1,100,100,0,0,0,False,True,True,146.9531,0.3515625
RUBINO[M] * TWITCH.TV,CounterTerrorist,1968.98,-149.0073,128.0313,M4A1,100,100,0,0,0,False,True,True,146.9531,0.3515625
RUBINO[M] * TWITCH.TV,CounterTerrorist,1968.98,-149.0073,128.0313,M4A1,100,100,0,0,0,False,True,True,146.9531,0.3515625
RUBINO[M] * TWITCH.TV,CounterTerrorist,1968.98,-149.0073,128.0313,M4A1,100,100,0,0,0,False,True,True,146.9531,0.3515625
RUBINO[M] * TWITCH.TV,CounterTerrorist,1968.98,-149.0073,128.0313,M4A1,100,100,0,0,0,False,True,True,146.9531,0.3515625
RUBINO[M] * TWITCH.TV,CounterTerrorist,1968.98,-149.0073,128.0313,M4A1,100,100,0,0,0,False,True,True,146.9531,0.3515625
RUBINO[M] * TWITCH.TV,CounterTerrorist,1968.98,-149.0073,128.0313,M4A1,100,100,0,0,0,False,True,True,146.9531,0.3515625
RUBINO[M] * TWITCH.TV,CounterTerrorist,1968.98,-149.0073,128.0313,M4A1,100,100,0,0,0,False,True,True,146.9531,0.3515625
RUBINO[M] * TWITCH.TV,CounterTerrorist,1968.98,-149.0073,128.0313,M4A1,100,100,0,0,0,False,True,True,146.9531,0.3515625
RUBINO[M] * TWITCH.TV,CounterTerrorist,1968.98,-149.0073,128.0313,M4A1,100,100,0,0,0,False,True,True,146.9531,0.3515625
RUBINO[M] * TWITCH.TV,CounterTerrorist,1968.98,-149.0073,128.0313,M4A1,100,100,0,0,0,False,True,True,146.9531,0.3515625
RUBINO[M] * TWITCH.TV,CounterTerrorist,1968.98,-149.0073,128.0313,M4A1,100,100,0,0,0,False,True,True,146.9531,0.3515625
RUBINO[M] * TWITCH.TV,CounterTerrorist,1968.98,-149.0073,128.0313,M4A1,100,100,0,0,0,False,True,True,146.9531,0.3515625
RUBINO[M] * TWITCH.TV,CounterTerrorist,1968.98,-149.0073,128.0313,M4A1,100,100,0,0,0,False,True,True,146.9531,0.3515625
RUBINO[M] * TWITCH.TV,CounterTerrorist,1968.98,-149.0073,128.0313,M4A1,100,100,0,0,0,False,True,True,146.9531,0.3515625
RUBINO[M] * TWITCH.TV,CounterTerrorist,1968.98,-149.0073,128.0313,M4A1,100,100,0,0,0,False,True,True,146.9531,0.3515625
RUBINO[M] * TWITCH.TV,CounterTerrorist,1968.98,-149.0073,128.0313,M4A1,100,100,0,0,0,False,True,True,146.9531,0.3515625
RUBINO[M] * TWITCH.TV,CounterTerrorist,1968.98,-149.0073,128.0313,M4A1,100,100,0,0,0,False,True,True,146.9531,0.3515625
RUBINO[M] * TWITCH.TV,CounterTerrorist,1968.98,-149.0073,128.0313,M4A1,100,100,0,0,0,False,True,True,146.9531,0.3515625
RUBINO[M] * TWITCH.TV,CounterTerrorist,1968.98,-149.0073,128.0313,M4A1,100,100,0,0,0,False,True,True,146.9531,0.3515625
RUBINO[M] * TWITCH.TV,CounterTerrorist,1968.98,-149.0073,128.0313,M4A1,100,100,0,0,0,False,True,True,146.9531,0.3515625
RUBINO[M] * TWITCH.TV,CounterTerrorist,1968.98,-149.0073,128.0313,M4A1,100,100,0,0,0,False,True,True,146.9531,0.3515625
RUBINO[M] * TWITCH.TV,CounterTerrorist,1968.98,-149.0073,128.0313,M4A1,100,100,0,0,0,False,True,True,146.9531,0.3515625
RUBINO[M] * TWITCH.TV,CounterTerrorist,1968.98,-149.0073,128.0313,M4A1,100,100,0,0,0,False,True,True,146.9531,0.3515625
RUBINO[M] * TWITCH.TV,CounterTerrorist,1968.98,-149.0073,128.0313,M4A1,100,100,0,0,0,False,True,True,146.9531,0.3515625
RUBINO[M] * TWITCH.TV,CounterTerrorist,1968.98,-149.0073,128.0313,M4A1,100,100,0,0,0,False,True,True,146.9531,0.3515625
RUBINO[M] * TWITCH.TV,CounterTerrorist,1968.98,-149.0073,128.0313,M4A1,100,100,0,0,0,False,True,True,146.9531,0.3515625
RUBINO[M] * TWITCH.TV,CounterTerrorist,1968.98,-149.0073,128.0313,M4A1,100,100,0,0,0,False,True,True,146.9531,0.3515625
RUBINO[M] * TWITCH.TV,CounterTerrorist,1968.98,-149.0073,128.0313,M4A1,100,100,0,0,0,False,True,True,146.9531,0.3515625
RUBINO[M] * TWITCH.TV,CounterTerrorist,1968.98,-149.0073,128.0313,M4A1,100,100,0,0,0,False,True,True,146.9531,0.3515625
RUBINO[M] * TWITCH.TV,CounterTerrorist,1968.98,-149.0073,128.0313,M4A1,100,100,0,0,0,False,True,True,146.9531,0.3515625
RUBINO[M] * TWITCH.TV,CounterTerrorist,1968.98,-149.0073,128.0313,M4A1,100,100,0,0,0,False,True,True,146.9531,0.3515625
RUBINO[M] * TWITCH.TV,CounterTerrorist,1968.98,-149.0073,128.0313,M4A1,100,100,0,0,0,False,True,True,146.9531,0.3515625
RUBINO[M] * TWITCH.TV,CounterTerrorist,1968.98,-149.0073,128.0313,M4A1,100,100,0,0,0,False,True,True,146.9531,0.3515625
RUBINO[M] * TWITCH.TV,CounterTerrorist,1968.98,-149.0073,128.0313,M4A1,100,100,0,0,0,False,True,True,146.9531,0.3515625
RUBINO[M] * TWITCH.TV,CounterTerrorist,1968.98,-149.0073,128.0313,M4A1,100,100,0,0,0,False,True,True,146.9531,0.3515625
RUBINO[M] * TWITCH.TV,CounterTerrorist,1968.98,-149.0073,128.0313,M4A1,100,100,0,0,0,False,True,True,146.9531,0.3515625
RUBINO[M] * TWITCH.TV,CounterTerrorist,1968.98,-149.0073,128.0313,M4A1,100,100,0,0,0,False,True,True,146.9531,0.3515625
RUBINO[M] * TWITCH.TV,CounterTerrorist,1968.98,-149.0073,128.0313,M4A1,100,100,0,0,0,False,True,True,146.9531,0.3515625
RUBINO[M] * TWITCH.TV,CounterTerrorist,1968.98,-149.0073,128.0313,M4A1,100,100,0,0,0,False,True,True,146.9531,0.3515625
RUBINO[M] * TWITCH.TV,CounterTerrorist,1968.98,-149.0073,128.0313,M4A1,100,100,0,0,0,False,True,True,146.9531,0.3515625
RUBINO[M] * TWITCH.TV,CounterTerrorist,1968.98,-149.0073,128.0313,M4A1,100,100,0,0,0,False,True,True,146.9531,0.3515625
RUBINO[M] * TWITCH.TV,CounterTerrorist,1968.98,-149.0073,128.0313,M4A1,100,100,0,0,0,False,True,True,146.9531,0.3515625
RUBINO[M] * TWITCH.TV,CounterTerrorist,1968.98,-149.0073,128.0313,M4A1,100,100,0,0,0,False,True,True,146.9531,0.3515625
RUBINO[M] * TWITCH.TV,CounterTerrorist,1968.98,-149.0073,128.0313,M4A1,100,100,0,0,0,False,True,True,146.9531,0.3515625
RUBINO[M] * TWITCH.TV,CounterTerrorist,1968.98,-149.0073,128.0313,M4A1,100,100,0,0,0,False,True,True,146.9531,0.3515625
RUBINO[M] * TWITCH.TV,CounterTerrorist,1968.98,-149.0073,128.0313,M4A1,100,100,0,0,0,False,True,True,146.9531,0.3515625
RUBINO[M] * TWITCH.TV,CounterTerrorist,1968.98,-149.0073,128.0313,M4A1,100,100,0,0,0,False,True,True,146.9531,0.3515625
RUBINO[M] * TWITCH.TV,CounterTerrorist,1968.98,-149.0073,128.0313,M4A1,100,100,0,0,0,False,True,True,146.9531,0.3515625
RUBINO[M] * TWITCH.TV,CounterTerrorist,1968.98,-149.0073,128.0313,M4A1,100,100,0,0,0,False,True,True,146.9531,0.3515625
RUBINO[M] * TWITCH.TV,CounterTerrorist,1968.98,-149.0073,128.0313,M4A1,100,100,0,0,0,False,True,True,146.9531,0.3515625
RUBINO[M] * TWITCH.TV,CounterTerrorist,1968.98,-149.0073,128.0313,M4A1,100,100,0,0,0,False,True,True,146.9531,0.3515625
RUBINO[M] * TWITCH.TV,CounterTerrorist,1968.98,-149.0073,128.0313,M4A1,100,100,0,0,0,False,True,True,146.9531,0.3515625
RUBINO[M] * TWITCH.TV,CounterTerrorist,1968.98,-149.0073,128.0313,M4A1,100,100,0,0,0,False,True,True,146.9531,0.3515625
RUBINO[M] * TWITCH.TV,CounterTerrorist,1968.98,-149.0073,128.0313,M4A1,100,100,0,0,0,False,True,True,146.9531,0.3515625
RUBINO[M] * TWITCH.TV,CounterTerrorist,1968.98,-149.0073,128.0313,M4A1,100,100,0,0,0,False,True,True,146.9531,0.3515625
RUBINO[M] * TWITCH.TV,CounterTerrorist,1968.98,-149.0073,128.0313,M4A1,100,100,0,0,0,False,True,True,146.9531,0.3515625
RUBINO[M] * TWITCH.TV,CounterTerrorist,1968.98,-149.0073,128.0313,M4A1,100,100,0,0,0,False,True,True,146.9531,0.3515625
RUBINO[M] * TWITCH.TV,CounterTerrorist,1968.98,-149.0073,128.0313,M4A1,100,100,0,0,0,False,True,True,146.9531,0.3515625
RUBINO[M] * TWITCH.TV,CounterTerrorist,1968.98,-149.0073,128.0313,M4A1,100,100,0,0,0,False,True,True,146.9531,0.3515625
RUBINO[M] * TWITCH.TV,CounterTerrorist,1968.98,-149.0073,128.0313,M4A1,100,100,0,0,0,False,True,True,146.9531,0.3515625
RUBINO[M] * TWITCH.TV,CounterTerrorist,1968.98,-149.0073,128.0313,M4A1,100,100,0,0,0,False,True,True,146.9531,0.3515625
RUBINO[M] * TWITCH.TV,CounterTerrorist,1968.98,-149.0073,128.0313,M4A1,100,100,0,0,0,False,True,True,146.9531,0.3515625
RUBINO[M] * TWITCH.TV,CounterTerrorist,1968.98,-149.0073,128.0313,M4A1,100,100,0,0,0,False,True,True,146.9531,0.3515625
RUBINO[M] * TWITCH.TV,CounterTerrorist,1968.98,-149.0073,128.0313,M4A1,100,100,0,0,0,False,True,True,146.9531,0.3515625
RUBINO[M] * TWITCH.TV,CounterTerrorist,1968.98,-149.0073,128.0313,M4A1,100,100,0,0,0,False,True,True,146.9531,0.3515625
RUBINO[M] * TWITCH.TV,CounterTerrorist,1968.98,-149.0073,128.0313,M4A1,100,100,0,0,0,False,True,True,146.9531,0.3515625
RUBINO[M] * TWITCH.TV,CounterTerrorist,1968.98,-149.0073,128.0313,M4A1,100,100,0,0,0,False,True,True,146.9531,0.3515625
RUBINO[M] * TWITCH.TV,CounterTerrorist,1968.98,-149.0073,128.0313,M4A1,100,100,0,0,0,False,True,True,146.9531,0.3515625
RUBINO[M] * TWITCH.TV,CounterTerrorist,1968.98,-149.0073,128.0313,M4A1,100,100,0,0,0,False,True,True,146.9531,0.3515625
RUBINO[M] * TWITCH.TV,CounterTerrorist,1968.98,-149.0073,128.0313,M4A1,100,100,0,0,0,False,True,True,146.9531,0.3515625
RUBINO[M] * TWITCH.TV,CounterTerrorist,1968.98,-149.0073,128.0313,M4A1,100,100,0,0,0,False,True,True,146.9531,0.3515625
RUBINO[M] * TWITCH.TV,CounterTerrorist,1968.98,-149.0073,128.0313,M4A1,100,100,0,0,0,False,True,True,146.9531,0.3515625
RUBINO[M] * TWITCH.TV,CounterTerrorist,1968.98,-149.0073,128.0313,M4A1,100,100,0,0,0,False,True,True,146.9531,0.3515625
RUBINO[M] * TWITCH.TV,CounterTerrorist,1968.98,-149.0073,128.0313,M4A1,100,100,0,0,0,False,True,True,146.9531,0.3515625
RUBINO[M] * TWITCH.TV,CounterTerrorist,1968.98,-149.0073,128.0313,M4A1,100,100,0,0,0,False,True,True,146.9531,0.3515625
RUBINO[M] * TWITCH.TV,CounterTerrorist,1968.98,-149.0073,128.0313,M4A1,100,100,0,0,0,False,True,True,146.9531,0.3515625
RUBINO[M] * TWITCH.TV,CounterTerrorist,1968.98,-149.0073,128.0313,M4A1,100,100,0,0,0,False,True,True,146.9531,0.3515625
RUBINO[M] * TWITCH.TV,CounterTerrorist,1968.98,-149.0073,128.0313,M4A1,100,100,0,0,0,False,True,True,146.9531,0.3515625
RUBINO[M] * TWITCH.TV,CounterTerrorist,1968.98,-149.0073,128.0313,M4A1,100,100,0,0,0,False,True,True,146.9531,0.3515625
RUBINO[M] * TWITCH.TV,CounterTerrorist,1968.98,-149.0073,128.0313,M4A1,100,100,0,0,0,False,True,True,146.9531,0.3515625
RUBINO[M] * TWITCH.TV,CounterTerrorist,1968.98,-149.0073,128.0313,M4A1,100,100,0,0,0,False,True,True,146.9531,0.3515625
RUBINO[M] * TWITCH.TV,CounterTerrorist,1968.98,-149.0073,128.0313,M4A1,100,100,0,0,0,False,True,True,146.9531,0.3515625
RUBINO[M] * TWITCH.TV,CounterTerrorist,1968.98,-149.0073,128.0313,M4A1,100,100,0,0,0,False,True,True,146.9531,0.3515625
RUBINO[M] * TWITCH.TV,CounterTerrorist,1968.98,-149.0073,128.0313,M4A1,100,100,0,0,0,False,True,True,146.9531,0.3515625
RUBINO[M] * TWITCH.TV,CounterTerrorist,1968.98,-149.0073,128.0313,M4A1,100,100,0,0,0,False,True,True,146.9531,0.3515625
RUBINO[M] * TWITCH.TV,CounterTerrorist,1968.98,-149.0073,128.0313,M4A1,100,100,0,0,0,False,True,True,146.9531,0.3515625
RUBINO[M] * TWITCH.TV,CounterTerrorist,1968.98,-149.0073,128.0313,M4A1,100,100,0,0,0,False,True,True,146.9531,0.3515625
RUBINO[M] * TWITCH.TV,CounterTerrorist,1968.98,-149.0073,128.0313,M4A1,100,100,0,0,0,False,True,True,146.9531,0.3515625
RUBINO[M] * TWITCH.TV,CounterTerrorist,1968.98,-149.0073,128.0313,M4A1,100,100,0,0,0,False,True,True,146.9531,0.3515625
RUBINO[M] * TWITCH.TV,CounterTerrorist,1968.98,-149.0073,128.0313,M4A1,100,100,0,0,0,False,True,True,146.9531,0.3515625
RUBINO[M] * TWITCH.TV,CounterTerrorist,1968.98,-149.0073,128.0313,M4A1,100,100,0,0,0,False,True,True,146.9531,0.3515625
RUBINO[M] * TWITCH.TV,CounterTerrorist,1968.98,-149.0073,128.0313,M4A1,100,100,0,0,0,False,True,True,146.9531,0.3515625
RUBINO[M] * TWITCH.TV,CounterTerrorist,1968.98,-149.0073,128.0313,M4A1,100,100,0,0,0,False,True,True,146.9531,0.3515625
RUBINO[M] * TWITCH.TV,CounterTerrorist,1968.98,-149.0073,128.0313,M4A1,100,100,0,0,0,False,True,True,146.9531,0.3515625
RUBINO[M] * TWITCH.TV,CounterTerrorist,1968.98,-149.0073,128.0313,M4A1,100,100,0,0,0,False,True,True,146.9531,0.3515625
RUBINO[M] * TWITCH.TV,CounterTerrorist,1968.98,-149.0073,128.0313,M4A1,100,100,0,0,0,False,True,True,146.9531,0.3515625
RUBINO[M] * TWITCH.TV,CounterTerrorist,1968.98,-149.0073,128.0313,M4A1,100,100,0,0,0,False,True,True,146.9531,0.3515625
RUBINO[M] * TWITCH.TV,CounterTerrorist,1968.98,-149.0073,128.0313,M4A1,100,100,0,0,0,False,True,True,146.9531,0.3515625
RUBINO[M] * TWITCH.TV,CounterTerrorist,1968.98,-149.0073,128.0313,M4A1,100,100,0,0,0,False,True,True,146.9531,0.3515625
RUBINO[M] * TWITCH.TV,CounterTerrorist,1968.98,-149.0073,128.0313,M4A1,100,100,0,0,0,False,True,True,146.9531,0.3515625
RUBINO[M] * TWITCH.TV,CounterTerrorist,1968.98,-149.0073,128.0313,M4A1,100,100,0,0,0,False,True,True,146.9531,0.3515625
RUBINO[M] * TWITCH.TV,CounterTerrorist,1968.98,-149.0073,128.0313,M4A1,100,100,0,0,0,False,True,True,146.9531,0.3515625
RUBINO[M] * TWITCH.TV,CounterTerrorist,1968.98,-149.0073,128.0313,M4A1,100,100,0,0,0,False,True,True,146.9531,0.3515625
RUBINO[M] * TWITCH.TV,CounterTerrorist,1968.98,-149.0073,128.0313,M4A1,100,100,0,0,0,False,True,True,146.9531,0.3515625
RUBINO[M] * TWITCH.TV,CounterTerrorist,1968.98,-149.0073,128.0313,M4A1,100,100,0,0,0,False,True,True,146.9531,0.3515625
RUBINO[M] * TWITCH.TV,CounterTerrorist,1968.98,-149.0073,128.0313,M4A1,100,100,0,0,0,False,True,True,146.9531,0.3515625
RUBINO[M] * TWITCH.TV,CounterTerrorist,1968.98,-149.0073,128.0313,M4A1,100,100,0,0,0,False,True,True,146.9531,0.3515625
RUBINO[M] * TWITCH.TV,CounterTerrorist,1968.98,-149.0073,128.0313,M4A1,100,100,0,0,0,False,True,True,146.9531,0.3515625
RUBINO[M] * TWITCH.TV,CounterTerrorist,1968.98,-149.0073,128.0313,M4A1,100,100,0,0,0,False,True,True,146.9531,0.3515625
RUBINO[M] * TWITCH.TV,CounterTerrorist,1968.98,-149.0073,128.0313,M4A1,100,100,0,0,0,False,True,True,146.9531,0.3515625
RUBINO[M] * TWITCH.TV,CounterTerrorist,1968.98,-149.0073,128.0313,M4A1,100,100,0,0,0,False,True,True,146.9531,0.3515625
RUBINO[M] * TWITCH.TV,CounterTerrorist,1968.98,-149.0073,128.0313,M4A1,100,100,0,0,0,False,True,True,146.9531,0.3515625
RUBINO[M] * TWITCH.TV,CounterTerrorist,1968.98,-149.0073,128.0313,M4A1,100,100,0,0,0,False,True,True,146.9531,0.3515625
RUBINO[M] * TWITCH.TV,CounterTerrorist,1968.98,-149.0073,128.0313,M4A1,100,100,0,0,0,False,True,True,146.9531,0.3515625
RUBINO[M] * TWITCH.TV,CounterTerrorist,1968.98,-149.0073,128.0313,M4A1,100,100,0,0,0,False,True,True,146.9531,0.3515625
RUBINO[M] * TWITCH.TV,CounterTerrorist,1968.98,-149.0073,128.0313,M4A1,100,100,0,0,0,False,True,True,146.9531,0.3515625
RUBINO[M] * TWITCH.TV,CounterTerrorist,1968.98,-149.0073,128.0313,M4A1,100,100,0,0,0,False,True,True,146.9531,0.3515625
RUBINO[M] * TWITCH.TV,CounterTerrorist,1968.98,-149.0073,128.0313,M4A1,100,100,0,0,0,False,True,True,146.9531,0.3515625
RUBINO[M] * TWITCH.TV,CounterTerrorist,1968.98,-149.0073,128.0313,M4A1,100,100,0,0,0,False,True,True,146.9531,0.3515625
RUBINO[M] * TWITCH.TV,CounterTerrorist,1968.98,-149.0073,128.0313,M4A1,100,100,0,0,0,False,True,True,146.9531,0.3515625
RUBINO[M] * TWITCH.TV,CounterTerrorist,1968.98,-149.0073,128.0313,M4A1,100,100,0,0,0,False,True,True,146.9531,0.3515625
RUBINO[M] * TWITCH.TV,CounterTerrorist,1968.98,-149.0073,128.0313,M4A1,100,100,0,0,0,False,True,True,146.9531,0.3515625
RUBINO[M] * TWITCH.TV,CounterTerrorist,1968.98,-149.0073,128.0313,M4A1,100,100,0,0,0,False,True,True,146.9531,0.3515625
RUBINO[M] * TWITCH.TV,CounterTerrorist,1968.98,-149.0073,128.0313,M4A1,100,100,0,0,0,False,True,True,146.9531,0.3515625
RUBINO[M] * TWITCH.TV,CounterTerrorist,1968.98,-149.0073,128.0313,M4A1,100,100,0,0,0,False,True,True,146.9531,0.3515625
RUBINO[M] * TWITCH.TV,CounterTerrorist,1968.98,-149.0073,128.0313,M4A1,100,100,0,0,0,False,True,True,146.9531,0.3515625
RUBINO[M] * TWITCH.TV,CounterTerrorist,1968.98,-149.0073,128.0313,M4A1,100,100,0,0,0,False,True,True,146.9531,0.3515625
RUBINO[M] * TWITCH.TV,CounterTerrorist,1968.98,-149.0073,128.0313,M4A1,100,100,0,0,0,False,True,True,146.9531,0.3515625
RUBINO[M] * TWITCH.TV,CounterTerrorist,1968.98,-149.0073,128.0313,M4A1,100,100,0,0,0,False,True,True,146.9531,0.3515625
RUBINO[M] * TWITCH.TV,CounterTerrorist,1968.98,-149.0073,128.0313,M4A1,100,100,0,0,0,False,True,True,146.9531,0.3515625
RUBINO[M] * TWITCH.TV,CounterTerrorist,1968.98,-149.0073,128.0313,M4A1,100,100,0,0,0,False,True,True,146.9531,0.3515625
RUBINO[M] * TWITCH.TV,CounterTerrorist,1968.98,-149.0073,128.0313,M4A1,100,100,0,0,0,False,True,True,146.9531,0.3515625
RUBINO[M] * TWITCH.TV,CounterTerrorist,1968.98,-149.0073,128.0313,M4A1,100,100,0,0,0,False,True,True,146.9531,0.3515625
RUBINO[M] * TWITCH.TV,CounterTerrorist,1968.98,-149.0073,128.0313,M4A1,100,100,0,0,0,False,True,True,146.9531,0.3515625
RUBINO[M] * TWITCH.TV,CounterTerrorist,1968.98,-149.0073,128.0313,M4A1,100,100,0,0,0,False,True,True,146.9531,0.3515625
RUBINO[M] * TWITCH.TV,CounterTerrorist,1968.98,-149.0073,128.0313,M4A1,100,100,0,0,0,False,True,True,146.9531,0.3515625
RUBINO[M] * TWITCH.TV,CounterTerrorist,1968.98,-149.0073,128.0313,M4A1,100,100,0,0,0,False,True,True,146.9531,0.3515625
RUBINO[M] * TWITCH.TV,CounterTerrorist,1968.98,-149.0073,128.0313,M4A1,100,100,0,0,0,False,True,True,146.9531,0.3515625
RUBINO[M] * TWITCH.TV,CounterTerrorist,1968.98,-149.0073,128.0313,M4A1,100,100,0,0,0,False,True,True,146.9531,0.3515625
RUBINO[M] * TWITCH.TV,CounterTerrorist,1968.98,-149.0073,128.0313,M4A1,100,100,0,0,0,False,True,True,146.9531,0.3515625
RUBINO[M] * TWITCH.TV,CounterTerrorist,1968.98,-149.0073,128.0313,M4A1,100,100,0,0,0,False,True,True,146.9531,0.3515625
RUBINO[M] * TWITCH.TV,CounterTerrorist,1968.98,-149.0073,128.0313,M4A1,100,100,0,0,0,False,True,True,146.9531,0.3515625
RUBINO[M] * TWITCH.TV,CounterTerrorist,1968.98,-149.0073,128.0313,M4A1,100,100,0,0,0,False,True,True,146.9531,0.3515625
RUBINO[M] * TWITCH.TV,CounterTerrorist,1968.98,-149.0073,128.0313,M4A1,100,100,0,0,0,False,True,True,146.9531,0.3515625
RUBINO[M] * TWITCH.TV,CounterTerrorist,1968.98,-149.0073,128.0313,M4A1,100,100,0,0,0,False,True,True,146.9531,0.3515625
RUBINO[M] * TWITCH.TV,CounterTerrorist,1968.98,-149.0073,128.0313,M4A1,100,100,0,0,0,False,True,True,146.9531,0.3515625
RUBINO[M] * TWITCH.TV,CounterTerrorist,1968.98,-149.0073,128.0313,M4A1,100,100,0,0,0,False,True,True,146.9531,0.3515625
RUBINO[M] * TWITCH.TV,CounterTerrorist,1968.98,-149.0073,128.0313,M4A1,100,100,0,0,0,False,True,True,146.9531,0.3515625
RUBINO[M] * TWITCH.TV,CounterTerrorist,1968.98,-149.0073,128.0313,M4A1,100,100,0,0,0,False,True,True,146.9531,0.3515625
RUBINO[M] * TWITCH.TV,CounterTerrorist,1968.98,-149.0073,128.0313,M4A1,100,100,0,0,0,False,True,True,146.9531,0.3515625
RUBINO[M] * TWITCH.TV,CounterTerrorist,1968.98,-149.0073,128.0313,M4A1,100,100,0,0,0,False,True,True,146.9531,0.3515625
RUBINO[M] * TWITCH.TV,CounterTerrorist,1968.98,-149.0073,128.0313,M4A1,100,100,0,0,0,False,True,True,146.9531,0.3515625
RUBINO[M] * TWITCH.TV,CounterTerrorist,1968.98,-149.0073,128.0313,M4A1,100,100,0,0,0,False,True,True,146.9531,0.3515625
RUBINO[M] * TWITCH.TV,CounterTerrorist,1968.98,-149.0073,128.0313,M4A1,100,100,0,0,0,False,True,True,146.9531,0.3515625
RUBINO[M] * TWITCH.TV,CounterTerrorist,1968.98,-149.0073,128.0313,M4A1,100,100,0,0,0,False,True,True,146.9531,0.3515625
RUBINO[M] * TWITCH.TV,CounterTerrorist,1968.98,-149.0073,128.0313,M4A1,100,100,0,0,0,False,True,True,146.9531,0.3515625
RUBINO[M] * TWITCH.TV,CounterTerrorist,1968.98,-149.0073,128.0313,M4A1,100,100,0,0,0,False,True,True,146.9531,0.3515625
RUBINO[M] * TWITCH.TV,CounterTerrorist,1968.98,-149.0073,128.0313,M4A1,100,100,0,0,0,False,True,True,146.9531,0.3515625
RUBINO[M] * TWITCH.TV,CounterTerrorist,1968.98,-149.0073,128.0313,M4A1,100,100,0,0,0,False,True,True,146.9531,0.3515625
RUBINO[M] * TWITCH.TV,CounterTerrorist,1968.98,-149.0073,128.0313,M4A1,100,100,0,0,0,False,True,True,146.9531,0.3515625
RUBINO[M] * TWITCH.TV,CounterTerrorist,1968.98,-149.0073,128.0313,M4A1,100,100,0,0,0,False,True,True,146.9531,0.3515625
RUBINO[M] * TWITCH.TV,CounterTerrorist,1968.98,-149.0073,128.0313,M4A1,100,100,0,0,0,False,True,True,146.9531,0.3515625
RUBINO[M] * TWITCH.TV,CounterTerrorist,1968.98,-149.0073,128.0313,M4A1,100,100,0,0,0,False,True,True,146.9531,0.3515625
RUBINO[M] * TWITCH.TV,CounterTerrorist,1968.98,-149.0073,128.0313,M4A1,100,100,0,0,0,False,True,True,146.9531,0.3515625
RUBINO[M] * TWITCH.TV,CounterTerrorist,1968.98,-149.0073,128.0313,M4A1,100,100,0,0,0,False,True,True,146.9531,0.3515625
RUBINO[M] * TWITCH.TV,CounterTerrorist,1968.98,-149.0073,128.0313,M4A1,100,100,0,0,0,False,True,True,146.9531,0.3515625
RUBINO[M] * TWITCH.TV,CounterTerrorist,1968.98,-149.0073,128.0313,M4A1,100,100,0,0,0,False,True,True,146.9531,0.3515625
RUBINO[M] * TWITCH.TV,CounterTerrorist,1968.98,-149.0073,128.0313,M4A1,100,100,0,0,0,False,True,True,146.9531,0.3515625
RUBINO[M] * TWITCH.TV,CounterTerrorist,1968.98,-149.0073,128.0313,M4A1,100,100,0,0,0,False,True,True,146.9531,0.3515625
RUBINO[M] * TWITCH.TV,CounterTerrorist,1968.98,-149.0073,128.0313,M4A1,100,100,0,0,0,False,True,True,146.9531,0.3515625
RUBINO[M] * TWITCH.TV,CounterTerrorist,1968.98,-149.0073,128.0313,M4A1,100,100,0,0,0,False,True,True,146.9531,0.3515625
RUBINO[M] * TWITCH.TV,CounterTerrorist,1968.98,-149.0073,128.0313,M4A1,100,100,0,0,0,False,True,True,146.9531,0.3515625
RUBINO[M] * TWITCH.TV,CounterTerrorist,1968.98,-149.0073,128.0313,M4A1,100,100,0,0,0,False,True,True,146.9531,0.3515625
RUBINO[M] * TWITCH.TV,CounterTerrorist,1968.98,-149.0073,128.0313,M4A1,100,100,0,0,0,False,True,True,146.9531,0.3515625
RUBINO[M] * TWITCH.TV,CounterTerrorist,1968.98,-149.0073,128.0313,M4A1,100,100,0,0,0,False,True,True,146.9531,0.3515625
RUBINO[M] * TWITCH.TV,CounterTerrorist,1968.98,-149.0073,128.0313,M4A1,100,100,0,0,0,False,True,True,146.9531,0.3515625
RUBINO[M] * TWITCH.TV,CounterTerrorist,1968.98,-149.0073,128.0313,M4A1,100,100,0,0,0,False,True,True,146.9531,0.3515625
RUBINO[M] * TWITCH.TV,CounterTerrorist,1968.98,-149.0073,128.0313,M4A1,100,100,0,0,0,False,True,True,146.9531,0.3515625
RUBINO[M] * TWITCH.TV,CounterTerrorist,1968.98,-149.0073,128.0313,M4A1,100,100,0,0,0,False,True,True,146.9531,0.3515625
RUBINO[M] * TWITCH.TV,CounterTerrorist,1968.98,-149.0073,128.0313,M4A1,100,100,0,0,0,False,True,True,146.9531,0.3515625
RUBINO[M] * TWITCH.TV,CounterTerrorist,1968.98,-149.0073,128.0313,M4A1,100,100,0,0,0,False,True,True,146.9531,0.3515625
RUBINO[M] * TWITCH.TV,CounterTerrorist,1968.98,-149.0073,128.0313,M4A1,100,100,0,0,0,False,True,True,146.9531,0.3515625
RUBINO[M] * TWITCH.TV,CounterTerrorist,1968.98,-149.0073,128.0313,M4A1,100,100,0,0,0,False,True,True,146.9531,0.3515625
RUBINO[M] * TWITCH.TV,CounterTerrorist,1968.98,-149.0073,128.0313,M4A1,100,100,0,0,0,False,True,True,146.9531,0.3515625
RUBINO[M] * TWITCH.TV,CounterTerrorist,1968.98,-149.0073,128.0313,M4A1,100,100,0,0,0,False,True,True,146.9531,0.3515625
RUBINO[M] * TWITCH.TV,CounterTerrorist,1968.98,-149.0073,128.0313,M4A1,100,100,0,0,0,False,True,True,146.9531,0.3515625
RUBINO[M] * TWITCH.TV,CounterTerrorist,1968.98,-149.0073,128.0313,M4A1,100,100,0,0,0,False,True,True,146.9531,0.3515625
RUBINO[M] * TWITCH.TV,CounterTerrorist,1968.98,-149.0073,128.0313,M4A1,100,100,0,0,0,False,True,True,146.9531,0.3515625
RUBINO[M] * TWITCH.TV,CounterTerrorist,1968.98,-149.0073,128.0313,M4A1,100,100,0,0,0,False,True,True,146.9531,0.3515625
RUBINO[M] * TWITCH.TV,CounterTerrorist,1968.98,-149.0073,128.0313,M4A1,100,100,0,0,0,False,True,True,146.9531,0.3515625
RUBINO[M] * TWITCH.TV,CounterTerrorist,1968.98,-149.0073,128.0313,M4A1,100,100,0,0,0,False,True,True,146.9531,0.3515625
RUBINO[M] * TWITCH.TV,CounterTerrorist,1968.98,-149.0073,128.0313,M4A1,100,100,0,0,0,False,True,True,146.9531,0.3515625
RUBINO[M] * TWITCH.TV,CounterTerrorist,1968.98,-149.0073,128.0313,M4A1,100,100,0,0,0,False,True,True,146.9531,0.3515625
RUBINO[M] * TWITCH.TV,CounterTerrorist,1968.98,-149.0073,128.0313,M4A1,100,100,0,0,0,False,True,True,146.9531,0.3515625
RUBINO[M] * TWITCH.TV,CounterTerrorist,1968.98,-149.0073,128.0313,M4A1,100,100,0,0,0,False,True,True,146.9531,0.3515625
RUBINO[M] * TWITCH.TV,CounterTerrorist,1968.98,-149.0073,128.0313,M4A1,100,100,0,0,0,False,True,True,146.9531,0.3515625
RUBINO[M] * TWITCH.TV,CounterTerrorist,1968.98,-149.0073,128.0313,M4A1,100,100,0,0,0,False,True,True,146.9531,0.3515625
RUBINO[M] * TWITCH.TV,CounterTerrorist,1968.98,-149.0073,128.0313,M4A1,100,100,0,0,0,False,True,True,146.9531,0.3515625
RUBINO[M] * TWITCH.TV,CounterTerrorist,1968.98,-149.0073,128.0313,M4A1,100,100,0,0,0,False,True,True,146.9531,0.3515625
RUBINO[M] * TWITCH.TV,CounterTerrorist,1968.98,-149.0073,128.0313,M4A1,100,100,0,0,0,False,True,True,146.9531,0.3515625
RUBINO[M] * TWITCH.TV,CounterTerrorist,1968.98,-149.0073,128.0313,M4A1,100,100,0,0,0,False,True,True,146.9531,0.3515625
RUBINO[M] * TWITCH.TV,CounterTerrorist,1968.98,-149.0073,128.0313,M4A1,100,100,0,0,0,False,True,True,146.9531,0.3515625
RUBINO[M] * TWITCH.TV,CounterTerrorist,1968.98,-149.0073,128.0313,M4A1,100,100,0,0,0,False,True,True,146.9531,0.3515625
RUBINO[M] * TWITCH.TV,CounterTerrorist,1968.98,-149.0073,128.0313,M4A1,100,100,0,0,0,False,True,True,146.9531,0.3515625
RUBINO[M] * TWITCH.TV,CounterTerrorist,1968.98,-149.0073,128.0313,M4A1,100,100,0,0,0,False,True,True,146.9531,0.3515625
RUBINO[M] * TWITCH.TV,CounterTerrorist,1968.98,-149.0073,128.0313,M4A1,100,100,0,0,0,False,True,True,146.9531,0.3515625
RUBINO[M] * TWITCH.TV,CounterTerrorist,1968.98,-149.0073,128.0313,M4A1,100,100,0,0,0,False,True,True,146.9531,0.3515625
RUBINO[M] * TWITCH.TV,CounterTerrorist,1968.98,-149.0073,128.0313,M4A1,100,100,0,0,0,False,True,True,146.9531,0.3515625
RUBINO[M] * TWITCH.TV,CounterTerrorist,1968.98,-149.0073,128.0313,M4A1,100,100,0,0,0,False,True,True,146.9531,0.3515625
RUBINO[M] * TWITCH.TV,CounterTerrorist,1968.98,-149.0073,128.0313,M4A1,100,100,0,0,0,False,True,True,146.9531,0.3515625
RUBINO[M] * TWITCH.TV,CounterTerrorist,1968.98,-149.0073,128.0313,M4A1,100,100,0,0,0,False,True,True,146.9531,0.3515625
RUBINO[M] * TWITCH.TV,CounterTerrorist,1968.98,-149.0073,128.0313,M4A1,100,100,0,0,0,False,True,True,146.9531,0.3515625
RUBINO[M] * TWITCH.TV,CounterTerrorist,1968.98,-149.0073,128.0313,M4A1,100,100,0,0,0,False,True,True,146.9531,0.3515625
RUBINO[M] * TWITCH.TV,CounterTerrorist,1968.98,-149.0073,128.0313,M4A1,100,100,0,0,0,False,True,True,146.9531,0.3515625
RUBINO[M] * TWITCH.TV,CounterTerrorist,1968.98,-149.0073,128.0313,M4A1,100,100,0,0,0,False,True,True,146.9531,0.3515625
RUBINO[M] * TWITCH.TV,CounterTerrorist,1968.98,-149.0073,128.0313,M4A1,100,100,0,0,0,False,True,True,146.9531,0.3515625
RUBINO[M] * TWITCH.TV,CounterTerrorist,1968.98,-149.0073,128.0313,M4A1,100,100,0,0,0,False,True,True,146.9531,0.3515625
RUBINO[M] * TWITCH.TV,CounterTerrorist,1968.98,-149.0073,128.0313,M4A1,100,100,0,0,0,False,True,True,146.9531,0.3515625
RUBINO[M] * TWITCH.TV,CounterTerrorist,1968.98,-149.0073,128.0313,M4A1,100,100,0,0,0,False,True,True,146.9531,0.3515625
RUBINO[M] * TWITCH.TV,CounterTerrorist,1968.98,-149.0073,128.0313,M4A1,100,100,0,0,0,False,True,True,146.9531,0.3515625
RUBINO[M] * TWITCH.TV,CounterTerrorist,1968.98,-149.0073,128.0313,M4A1,100,100,0,0,0,False,True,True,146.9531,0.3515625
RUBINO[M] * TWITCH.TV,CounterTerrorist,1968.98,-149.0073,128.0313,M4A1,100,100,0,0,0,False,True,True,146.9531,0.3515625
RUBINO[M] * TWITCH.TV,CounterTerrorist,1968.98,-149.0073,128.0313,M4A1,100,100,0,0,0,False,True,True,146.9531,0.3515625
RUBINO[M] * TWITCH.TV,CounterTerrorist,1968.98,-149.0073,128.0313,M4A1,100,100,0,0,0,False,True,True,146.9531,0.3515625
RUBINO[M] * TWITCH.TV,CounterTerrorist,1968.98,-149.0073,128.0313,M4A1,100,100,0,0,0,False,True,True,146.9531,0.3515625
RUBINO[M] * TWITCH.TV,CounterTerrorist,1968.98,-149.0073,128.0313,M4A1,100,100,0,0,0,False,True,True,146.9531,0.3515625
RUBINO[M] * TWITCH.TV,CounterTerrorist,1968.98,-149.0073,128.0313,M4A1,100,100,0,0,0,False,True,True,146.9531,0.3515625
RUBINO[M] * TWITCH.TV,CounterTerrorist,1968.98,-149.0073,128.0313,M4A1,100,100,0,0,0,False,True,True,146.9531,0.3515625
RUBINO[M] * TWITCH.TV,CounterTerrorist,1968.98,-149.0073,128.0313,M4A1,100,100,0,0,0,False,True,True,146.9531,0.3515625
RUBINO[M] * TWITCH.TV,CounterTerrorist,1968.98,-149.0073,128.0313,M4A1,100,100,0,0,0,False,True,True,146.9531,0.3515625
RUBINO[M] * TWITCH.TV,CounterTerrorist,1968.98,-149.0073,128.0313,M4A1,100,100,0,0,0,False,True,True,146.9531,0.3515625
RUBINO[M] * TWITCH.TV,CounterTerrorist,1968.98,-149.0073,128.0313,M4A1,100,100,0,0,0,False,True,True,146.9531,0.3515625
RUBINO[M] * TWITCH.TV,CounterTerrorist,1968.98,-149.0073,128.0313,M4A1,100,100,0,0,0,False,True,True,146.9531,0.3515625
RUBINO[M] * TWITCH.TV,CounterTerrorist,1968.98,-149.0073,128.0313,M4A1,100,100,0,0,0,False,True,True,146.9531,0.3515625
RUBINO[M] * TWITCH.TV,CounterTerrorist,1968.98,-149.0073,128.0313,M4A1,100,100,0,0,0,False,True,True,146.9531,0.3515625
RUBINO[M] * TWITCH.TV,CounterTerrorist,1968.98,-149.0073,128.0313,M4A1,100,100,0,0,0,False,True,True,146.9531,0.3515625
RUBINO[M] * TWITCH.TV,CounterTerrorist,1968.98,-149.0073,128.0313,M4A1,100,100,0,0,0,False,True,True,146.9531,0.3515625
RUBINO[M] * TWITCH.TV,CounterTerrorist,1968.98,-149.0073,128.0313,M4A1,100,100,0,0,0,False,True,True,146.9531,0.3515625
RUBINO[M] * TWITCH.TV,CounterTerrorist,1968.98,-149.0073,128.0313,M4A1,100,100,0,0,0,False,True,True,146.9531,0.3515625
RUBINO[M] * TWITCH.TV,CounterTerrorist,1968.98,-149.0073,128.0313,M4A1,100,100,0,0,0,False,True,True,146.9531,0.3515625
RUBINO[M] * TWITCH.TV,CounterTerrorist,1968.98,-149.0073,128.0313,M4A1,100,100,0,0,0,False,True,True,146.9531,0.3515625
RUBINO[M] * TWITCH.TV,CounterTerrorist,1968.98,-149.0073,128.0313,M4A1,100,100,0,0,0,False,True,True,146.9531,0.3515625
RUBINO[M] * TWITCH.TV,CounterTerrorist,1968.98,-149.0073,128.0313,M4A1,100,100,0,0,0,False,True,True,146.9531,0.3515625
RUBINO[M] * TWITCH.TV,CounterTerrorist,1968.98,-149.0073,128.0313,M4A1,100,100,0,0,0,False,True,True,146.9531,0.3515625
RUBINO[M] * TWITCH.TV,CounterTerrorist,1968.98,-149.0073,128.0313,M4A1,100,100,0,0,0,False,True,True,146.9531,0.3515625
RUBINO[M] * TWITCH.TV,CounterTerrorist,1968.98,-149.0073,128.0313,M4A1,100,100,0,0,0,False,True,True,146.9531,0.3515625
RUBINO[M] * TWITCH.TV,CounterTerrorist,1968.98,-149.0073,128.0313,M4A1,100,100,0,0,0,False,True,True,146.9531,0.3515625
RUBINO[M] * TWITCH.TV,CounterTerrorist,1968.98,-149.0073,128.0313,M4A1,100,100,0,0,0,False,True,True,146.9531,0.3515625
RUBINO[M] * TWITCH.TV,CounterTerrorist,1968.98,-149.0073,128.0313,M4A1,100,100,0,0,0,False,True,True,146.9531,0.3515625
RUBINO[M] * TWITCH.TV,CounterTerrorist,1968.98,-149.0073,128.0313,M4A1,100,100,0,0,0,False,True,True,146.9531,0.3515625
RUBINO[M] * TWITCH.TV,CounterTerrorist,1968.98,-149.0073,128.0313,M4A1,100,100,0,0,0,False,True,True,146.9531,0.3515625
RUBINO[M] * TWITCH.TV,CounterTerrorist,1968.98,-149.0073,128.0313,M4A1,100,100,0,0,0,False,True,True,146.9531,0.3515625
RUBINO[M] * TWITCH.TV,CounterTerrorist,1968.98,-149.0073,128.0313,M4A1,100,100,0,0,0,False,True,True,146.9531,0.3515625
RUBINO[M] * TWITCH.TV,CounterTerrorist,1968.98,-149.0073,128.0313,M4A1,100,100,0,0,0,False,True,True,146.9531,0.3515625
RUBINO[M] * TWITCH.TV,CounterTerrorist,1968.98,-149.0073,128.0313,M4A1,100,100,0,0,0,False,True,True,146.9531,0.3515625
RUBINO[M] * TWITCH.TV,CounterTerrorist,1968.98,-149.0073,128.0313,M4A1,100,100,0,0,0,False,True,True,146.9531,0.3515625
RUBINO[M] * TWITCH.TV,CounterTerrorist,1968.98,-149.0073,128.0313,M4A1,100,100,0,0,0,False,True,True,146.9531,0.3515625
RUBINO[M] * TWITCH.TV,CounterTerrorist,1968.98,-149.0073,128.0313,M4A1,100,100,0,0,0,False,True,True,146.9531,0.3515625
RUBINO[M] * TWITCH.TV,CounterTerrorist,1968.98,-149.0073,128.0313,M4A1,100,100,0,0,0,False,True,True,146.9531,0.3515625
RUBINO[M] * TWITCH.TV,CounterTerrorist,1968.98,-149.0073,128.0313,M4A1,100,100,0,0,0,False,True,True,146.9531,0.3515625
RUBINO[M] * TWITCH.TV,CounterTerrorist,1968.98,-149.0073,128.0313,M4A1,100,100,0,0,0,False,True,True,146.9531,0.3515625
RUBINO[M] * TWITCH.TV,CounterTerrorist,1968.98,-149.0073,128.0313,M4A1,100,100,0,0,0,False,True,True,146.9531,0.3515625
RUBINO[M] * TWITCH.TV,CounterTerrorist,1968.98,-149.0073,128.0313,M4A1,100,100,0,0,0,False,True,True,146.9531,0.3515625
RUBINO[M] * TWITCH.TV,CounterTerrorist,1968.98,-149.0073,128.0313,M4A1,100,100,0,0,0,False,True,True,146.9531,0.3515625
RUBINO[M] * TWITCH.TV,CounterTerrorist,1968.98,-149.0073,128.0313,M4A1,100,100,0,0,0,False,True,True,146.9531,0.3515625
RUBINO[M] * TWITCH.TV,CounterTerrorist,1968.98,-149.0073,128.0313,M4A1,100,100,0,0,0,False,True,True,146.9531,0.3515625
RUBINO[M] * TWITCH.TV,CounterTerrorist,1968.98,-149.0073,128.0313,M4A1,100,100,0,0,0,False,True,True,146.9531,0.3515625
RUBINO[M] * TWITCH.TV,CounterTerrorist,1968.98,-149.0073,128.0313,M4A1,100,100,0,0,0,False,True,True,146.9531,0.3515625
RUBINO[M] * TWITCH.TV,CounterTerrorist,1968.98,-149.0073,128.0313,M4A1,100,100,0,0,0,False,True,True,146.9531,0.3515625
RUBINO[M] * TWITCH.TV,CounterTerrorist,1968.98,-149.0073,128.0313,M4A1,100,100,0,0,0,False,True,True,146.9531,0.3515625
RUBINO[M] * TWITCH.TV,CounterTerrorist,1968.98,-149.0073,128.0313,M4A1,100,100,0,0,0,False,True,True,146.9531,0.3515625
RUBINO[M] * TWITCH.TV,CounterTerrorist,1968.98,-149.0073,128.0313,M4A1,100,100,0,0,0,False,True,True,146.9531,0.3515625
RUBINO[M] * TWITCH.TV,CounterTerrorist,1968.98,-149.0073,128.0313,M4A1,100,100,0,0,0,False,True,True,146.9531,0.3515625
RUBINO[M] * TWITCH.TV,CounterTerrorist,1968.98,-149.0073,128.0313,M4A1,100,100,0,0,0,False,True,True,146.9531,0.3515625
RUBINO[M] * TWITCH.TV,CounterTerrorist,1968.98,-149.0073,128.0313,M4A1,100,100,0,0,0,False,True,True,146.9531,0.3515625
RUBINO[M] * TWITCH.TV,CounterTerrorist,1968.98,-149.0073,128.0313,M4A1,100,100,0,0,0,False,True,True,146.9531,0.3515625
RUBINO[M] * TWITCH.TV,CounterTerrorist,1968.98,-149.0073,128.0313,M4A1,100,100,0,0,0,False,True,True,146.9531,0.3515625
RUBINO[M] * TWITCH.TV,CounterTerrorist,1968.98,-149.0073,128.0313,M4A1,100,100,0,0,0,False,True,True,146.9531,0.3515625
RUBINO[M] * TWITCH.TV,CounterTerrorist,1968.98,-149.0073,128.0313,M4A1,100,100,0,0,0,False,True,True,146.9531,0.3515625
RUBINO[M] * TWITCH.TV,CounterTerrorist,1968.98,-149.0073,128.0313,M4A1,100,100,0,0,0,False,True,True,146.9531,0.3515625
RUBINO[M] * TWITCH.TV,CounterTerrorist,1968.98,-149.0073,128.0313,M4A1,100,100,0,0,0,False,True,True,146.9531,0.3515625
RUBINO[M] * TWITCH.TV,CounterTerrorist,1968.98,-149.0073,128.0313,M4A1,100,100,0,0,0,False,True,True,146.9531,0.3515625
RUBINO[M] * TWITCH.TV,CounterTerrorist,1968.98,-149.0073,128.0313,M4A1,100,100,0,0,0,False,True,True,146.9531,0.3515625
RUBINO[M] * TWITCH.TV,CounterTerrorist,1968.98,-149.0073,128.0313,M4A1,100,100,0,0,0,False,True,True,146.9531,0.3515625
RUBINO[M] * TWITCH.TV,CounterTerrorist,1968.98,-149.0073,128.0313,M4A1,100,100,0,0,0,False,True,True,146.9531,0.3515625
RUBINO[M] * TWITCH.TV,CounterTerrorist,1968.98,-149.0073,128.0313,M4A1,100,100,0,0,0,False,True,True,146.9531,0.3515625
RUBINO[M] * TWITCH.TV,CounterTerrorist,1968.98,-149.0073,128.0313,M4A1,100,100,0,0,0,False,True,True,146.9531,0.3515625
RUBINO[M] * TWITCH.TV,CounterTerrorist,1968.98,-149.0073,128.0313,M4A1,100,100,0,0,0,False,True,True,146.9531,0.3515625
RUBINO[M] * TWITCH.TV,CounterTerrorist,1968.98,-149.0073,128.0313,M4A1,100,100,0,0,0,False,True,True,146.9531,0.3515625
RUBINO[M] * TWITCH.TV,CounterTerrorist,1968.98,-149.0073,128.0313,M4A1,100,100,0,0,0,False,True,True,146.9531,0.3515625
RUBINO[M] * TWITCH.TV,CounterTerrorist,1968.98,-149.0073,128.0313,M4A1,100,100,0,0,0,False,True,True,146.9531,0.3515625
RUBINO[M] * TWITCH.TV,CounterTerrorist,1968.98,-149.0073,128.0313,M4A1,100,100,0,0,0,False,True,True,146.9531,0.3515625
RUBINO[M] * TWITCH.TV,CounterTerrorist,1968.98,-149.0073,128.0313,M4A1,100,100,0,0,0,False,True,True,146.9531,0.3515625
RUBINO[M] * TWITCH.TV,CounterTerrorist,1968.98,-149.0073,128.0313,M4A1,100,100,0,0,0,False,True,True,146.9531,0.3515625
RUBINO[M] * TWITCH.TV,CounterTerrorist,1968.98,-149.0073,128.0313,M4A1,100,100,0,0,0,False,True,True,146.9531,0.3515625
RUBINO[M] * TWITCH.TV,CounterTerrorist,1968.98,-149.0073,128.0313,M4A1,100,100,0,0,0,False,True,True,146.9531,0.3515625
RUBINO[M] * TWITCH.TV,CounterTerrorist,1968.98,-149.0073,128.0313,M4A1,100,100,0,0,0,False,True,True,146.9531,0.3515625
RUBINO[M] * TWITCH.TV,CounterTerrorist,1968.98,-149.0073,128.0313,M4A1,100,100,0,0,0,False,True,True,146.9531,0.3515625
RUBINO[M] * TWITCH.TV,CounterTerrorist,1968.98,-149.0073,128.0313,M4A1,100,100,0,0,0,False,True,True,146.9531,0.3515625
RUBINO[M] * TWITCH.TV,CounterTerrorist,1968.98,-149.0073,128.0313,M4A1,100,100,0,0,0,False,True,True,146.9531,0.3515625
RUBINO[M] * TWITCH.TV,CounterTerrorist,1968.98,-149.0073,128.0313,M4A1,100,100,0,0,0,False,True,True,146.9531,0.3515625
RUBINO[M] * TWITCH.TV,CounterTerrorist,1968.98,-149.0073,128.0313,M4A1,100,100,0,0,0,False,True,True,146.9531,0.3515625
RUBINO[M] * TWITCH.TV,CounterTerrorist,1968.98,-149.0073,128.0313,M4A1,100,100,0,0,0,False,True,True,146.9531,0.3515625
RUBINO[M] * TWITCH.TV,CounterTerrorist,1968.98,-149.0073,128.0313,M4A1,100,100,0,0,0,False,True,True,146.9531,0.3515625
RUBINO[M] * TWITCH.TV,CounterTerrorist,1968.98,-149.0073,128.0313,M4A1,100,100,0,0,0,False,True,True,146.9531,0.3515625
RUBINO[M] * TWITCH.TV,CounterTerrorist,1968.98,-149.0073,128.0313,M4A1,100,100,0,0,0,False,True,True,146.9531,0.3515625
RUBINO[M] * TWITCH.TV,CounterTerrorist,1968.98,-149.0073,128.0313,M4A1,100,100,0,0,0,False,True,True,146.9531,0.3515625
RUBINO[M] * TWITCH.TV,CounterTerrorist,1968.98,-149.0073,128.0313,M4A1,100,100,0,0,0,False,True,True,146.9531,0.3515625
RUBINO[M] * TWITCH.TV,CounterTerrorist,1968.98,-149.0073,128.0313,M4A1,100,100,0,0,0,False,True,True,146.9531,0.3515625
RUBINO[M] * TWITCH.TV,CounterTerrorist,1968.98,-149.0073,128.0313,M4A1,100,100,0,0,0,False,True,True,146.9531,0.3515625
RUBINO[M] * TWITCH.TV,CounterTerrorist,1968.98,-149.0073,128.0313,M4A1,100,100,0,0,0,False,True,True,146.9531,0.3515625
RUBINO[M] * TWITCH.TV,CounterTerrorist,1968.98,-149.0073,128.0313,M4A1,100,100,0,0,0,False,True,True,146.9531,0.3515625
RUBINO[M] * TWITCH.TV,CounterTerrorist,1968.98,-149.0073,128.0313,M4A1,100,100,0,0,0,False,True,True,146.9531,0.3515625
RUBINO[M] * TWITCH.TV,CounterTerrorist,1968.98,-149.0073,128.0313,M4A1,100,100,0,0,0,False,True,True,146.9531,0.3515625
RUBINO[M] * TWITCH.TV,CounterTerrorist,1968.98,-149.0073,128.0313,M4A1,100,100,0,0,0,False,True,True,146.9531,0.3515625
RUBINO[M] * TWITCH.TV,CounterTerrorist,1968.98,-149.0073,128.0313,M4A1,100,100,0,0,0,False,True,True,146.9531,0.3515625
RUBINO[M] * TWITCH.TV,CounterTerrorist,1968.98,-149.0073,128.0313,M4A1,100,100,0,0,0,False,True,True,146.9531,0.3515625
RUBINO[M] * TWITCH.TV,CounterTerrorist,1968.98,-149.0073,128.0313,M4A1,100,100,0,0,0,False,True,True,146.9531,0.3515625
RUBINO[M] * TWITCH.TV,CounterTerrorist,1968.98,-149.0073,128.0313,M4A1,100,100,0,0,0,False,True,True,146.9531,0.3515625
RUBINO[M] * TWITCH.TV,CounterTerrorist,1968.98,-149.0073,128.0313,M4A1,100,100,0,0,0,False,True,True,146.9531,0.3515625
RUBINO[M] * TWITCH.TV,CounterTerrorist,1968.98,-149.0073,128.0313,M4A1,100,100,0,0,0,False,True,True,146.9531,0.3515625
RUBINO[M] * TWITCH.TV,CounterTerrorist,1968.98,-149.0073,128.0313,M4A1,100,100,0,0,0,False,True,True,146.9531,0.3515625
RUBINO[M] * TWITCH.TV,CounterTerrorist,1968.98,-149.0073,128.0313,M4A1,100,100,0,0,0,False,True,True,146.9531,0.3515625
RUBINO[M] * TWITCH.TV,CounterTerrorist,1968.98,-149.0073,128.0313,M4A1,100,100,0,0,0,False,True,True,146.9531,0.3515625
RUBINO[M] * TWITCH.TV,CounterTerrorist,1968.98,-149.0073,128.0313,M4A1,100,100,0,0,0,False,True,True,146.9531,0.3515625
RUBINO[M] * TWITCH.TV,CounterTerrorist,1968.98,-149.0073,128.0313,M4A1,100,100,0,0,0,False,True,True,146.9531,0.3515625
RUBINO[M] * TWITCH.TV,CounterTerrorist,1968.98,-149.0073,128.0313,M4A1,100,100,0,0,0,False,True,True,146.9531,0.3515625
RUBINO[M] * TWITCH.TV,CounterTerrorist,1968.98,-149.0073,128.0313,M4A1,100,100,0,0,0,False,True,True,146.9531,0.3515625
RUBINO[M] * TWITCH.TV,CounterTerrorist,1968.98,-149.0073,128.0313,M4A1,100,100,0,0,0,False,True,True,146.9531,0.3515625
RUBINO[M] * TWITCH.TV,CounterTerrorist,1968.98,-149.0073,128.0313,M4A1,100,100,0,0,0,False,True,True,146.9531,0.3515625
RUBINO[M] * TWITCH.TV,CounterTerrorist,1968.98,-149.0073,128.0313,M4A1,100,100,0,0,0,False,True,True,146.9531,0.3515625
RUBINO[M] * TWITCH.TV,CounterTerrorist,1968.98,-149.0073,128.0313,M4A1,100,100,0,0,0,False,True,True,146.9531,0.3515625
RUBINO[M] * TWITCH.TV,CounterTerrorist,1968.98,-149.0073,128.0313,M4A1,100,100,0,0,0,False,True,True,146.9531,0.3515625
RUBINO[M] * TWITCH.TV,CounterTerrorist,1968.98,-149.0073,128.0313,M4A1,100,100,0,0,0,False,True,True,146.9531,0.3515625
RUBINO[M] * TWITCH.TV,CounterTerrorist,1968.98,-149.0073,128.0313,M4A1,100,100,0,0,0,False,True,True,146.9531,0.3515625
RUBINO[M] * TWITCH.TV,CounterTerrorist,1968.98,-149.0073,128.0313,M4A1,100,100,0,0,0,False,True,True,146.9531,0.3515625
RUBINO[M] * TWITCH.TV,CounterTerrorist,1968.98,-149.0073,128.0313,M4A1,100,100,0,0,0,False,True,True,146.9531,0.3515625
RUBINO[M] * TWITCH.TV,CounterTerrorist,1968.98,-149.0073,128.0313,M4A1,100,100,0,0,0,False,True,True,146.9531,0.3515625
RUBINO[M] * TWITCH.TV,CounterTerrorist,1968.98,-149.0073,128.0313,M4A1,100,100,0,0,0,False,True,True,146.9531,0.3515625
RUBINO[M] * TWITCH.TV,CounterTerrorist,1968.98,-149.0073,128.0313,M4A1,100,100,0,0,0,False,True,True,146.9531,0.3515625
RUBINO[M] * TWITCH.TV,CounterTerrorist,1968.98,-149.0073,128.0313,M4A1,100,100,0,0,0,False,True,True,146.9531,0.3515625
RUBINO[M] * TWITCH.TV,CounterTerrorist,1968.939,-149.1076,128.0313,M4A1,100,100,-2.190861,-8.066225,0,False,True,True,146.9531,0.3515625
RUBINO[M] * TWITCH.TV,CounterTerrorist,1968.982,-149.5778,128.0313,M4A1,100,100,2.836542,-19.18866,0,False,True,True,146.9531,0.3515625
RUBINO[M] * TWITCH.TV,CounterTerrorist,1969.129,-150.3951,128.0313,M4A1,100,100,5.738154,-30.34044,0,False,True,True,146.9531,0.3515625
RUBINO[M] * TWITCH.TV,CounterTerrorist,1969.359,-151.5619,128.0313,M4A1,100,100,8.354301,-41.54305,0,False,True,True,146.9531,0.3515625
RUBINO[M] * TWITCH.TV,CounterTerrorist,1969.67,-153.0793,128.0313,M4A1,100,100,10.87742,-52.7641,0,False,True,True,146.9531,0.3515625
RUBINO[M] * TWITCH.TV,CounterTerrorist,1970.053,-154.9256,127.9824,M4A1,100,100,12.72813,-61.18852,-9.375,False,True,True,146.6016,0.3515625
RUBINO[M] * TWITCH.TV,CounterTerrorist,1970.451,-156.8378,127.2988,M4A1,100,100,12.72813,-61.18852,-34.375,False,True,True,142.7344,1.054688
RUBINO[M] * TWITCH.TV,CounterTerrorist,1970.75,-158.2719,126.2734,M4A1,100,100,12.72813,-61.18852,-53.125,False,True,True,135.7031,1.757813
RUBINO[M] * TWITCH.TV,CounterTerrorist,1971.247,-160.6621,123.5879,M4A1,100,100,12.72813,-61.18852,-84.375,False,True,True,115.6641,3.164063
RUBINO[M] * TWITCH.TV,CounterTerrorist,1971.645,-162.5743,120.5605,M4A1,100,100,12.72813,-61.18852,-109.375,False,True,True,97.38281,3.867188
RUBINO[M] * TWITCH.TV,CounterTerrorist,1972.44,-164.4715,116.752,M4A1,100,100,26.00024,-60.7506,-134.375,False,True,True,75.58594,4.570313
RUBINO[M] * TWITCH.TV,CounterTerrorist,1973.252,-166.3699,112.1621,M4A1,100,100,26.00024,-60.7506,-159.375,False,True,True,53.78907,4.921875
RUBINO[M] * TWITCH.TV,CounterTerrorist,1974.065,-168.2684,106.791,M4A1,100,100,26.00024,-60.7506,-184.375,False,True,True,34.45313,4.921875
RUBINO[M] * TWITCH.TV,CounterTerrorist,1974.877,-170.1668,100.6387,M4A1,100,100,26.00024,-60.7506,-209.375,False,True,True,17.57813,4.921875
RUBINO[M] * TWITCH.TV,CounterTerrorist,1975.69,-172.0653,93.70508,M4A1,100,100,26.00024,-60.7506,-234.375,False,True,True,6.328125,4.921875
RUBINO[M] * TWITCH.TV,CounterTerrorist,1976.502,-173.9637,85.99023,M4A1,100,100,26.00024,-60.7506,-259.375,False,True,True,358.2422,4.21875
RUBINO[M] * TWITCH.TV,CounterTerrorist,1977.373,-175.9044,80.03125,M4A1,100,100,30.96517,-64.37981,0,False,True,True,354.0234,3.867188
RUBINO[M] * TWITCH.TV,CounterTerrorist,1978.516,-178.0673,80.03125,M4A1,100,100,39.7343,-72.07494,0,False,True,True,352.6172,3.867188
RUBINO[M] * TWITCH.TV,CounterTerrorist,1979.907,-180.4551,80.03125,M4A1,100,100,47.23474,-78.88157,0,False,True,True,352.6172,3.867188
RUBINO[M] * TWITCH.TV,CounterTerrorist,1981.511,-183.0365,80.03125,M4A1,100,100,53.67183,-84.72321,0,False,True,True,352.6172,3.867188
RUBINO[M] * TWITCH.TV,CounterTerrorist,1983.331,-185.6716,80.03125,M4A1,100,100,62.81599,-81.41343,0,False,True,True,352.6172,3.867188
RUBINO[M] * TWITCH.TV,CounterTerrorist,1985.541,-188.0408,80.03125,M4A1,100,100,75.2357,-72.62279,0,False,True,True,352.6172,3.867188
RUBINO[M] * TWITCH.TV,CounterTerrorist,1988.105,-190.1601,80.03125,M4A1,100,100,85.89465,-65.07841,0,False,True,True,352.6172,3.867188
RUBINO[M] * TWITCH.TV,CounterTerrorist,1990.971,-192.0649,80.03125,M4A1,100,100,95.04246,-58.60362,0,False,True,True,352.6172,3.867188
RUBINO[M] * TWITCH.TV,CounterTerrorist,1994.097,-193.7857,80.03125,M4A1,100,100,102.8934,-53.04679,0,False,True,True,352.6172,3.867188
RUBINO[M] * TWITCH.TV,CounterTerrorist,1997.409,-195.3308,80.03125,M4A1,100,100,107.0915,-47.12116,0,False,True,True,352.6172,3.867188
RUBINO[M] * TWITCH.TV,CounterTerrorist,2000.801,-196.6939,80.03125,M4A1,100,100,109.3424,-41.63226,0,False,True,True,352.6172,3.867188
RUBINO[M] * TWITCH.TV,CounterTerrorist,2004.196,-198.0491,80.03125,M4A1,100,100,107.1391,-47.01294,0,False,True,True,352.6172,3.867188
RUBINO[M] * TWITCH.TV,CounterTerrorist,2007.456,-199.7013,80.03125,M4A1,100,100,102.6552,-56.13298,0,False,True,True,352.6172,3.867188
RUBINO[M] * TWITCH.TV,CounterTerrorist,2010.579,-201.6018,80.03125,M4A1,100,100,98.32103,-63.41903,0,False,True,True,352.6172,3.867188
RUBINO[M] * TWITCH.TV,CounterTerrorist,2013.572,-203.7001,80.03125,M4A1,100,100,94.33072,-69.21497,0,False,True,True,352.6172,3.867188
RUBINO[M] * TWITCH.TV,CounterTerrorist,2016.45,-205.9556,80.03125,M4A1,100,100,90.77172,-73.82068,0,False,True,True,352.6172,3.867188
RUBINO[M] * TWITCH.TV,CounterTerrorist,2019.224,-208.3363,80.03125,M4A1,100,100,87.65325,-77.49778,0,False,True,True,352.6172,3.867188
RUBINO[M] * TWITCH.TV,CounterTerrorist,2021.91,-210.8173,80.03125,M4A1,100,100,84.9511,-80.45065,0,False,True,True,352.2656,4.21875
RUBINO[M] * TWITCH.TV,CounterTerrorist,2024.518,-213.3795,80.03125,M4A1,100,100,82.6248,-82.83804,0,False,True,True,352.2656,4.21875
RUBINO[M] * TWITCH.TV,CounterTerrorist,2027.275,-215.7786,80.03125,M4A1,100,100,91.2619,-73.21382,0,False,True,True,351.9141,4.21875
RUBINO[M] * TWITCH.TV,CounterTerrorist,2030.256,-217.8923,80.03125,M4A1,100,100,97.67347,-64.41188,0,False,True,True,351.9141,4.21875
RUBINO[M] * TWITCH.TV,CounterTerrorist,2033.405,-219.7504,80.03125,M4A1,100,100,102.3874,-56.61991,0,False,True,True,351.9141,4.21875
RUBINO[M] * TWITCH.TV,CounterTerrorist,2036.674,-221.3856,80.03125,M4A1,100,100,105.8355,-49.87833,0,False,True,True,351.9141,4.21875
RUBINO[M] * TWITCH.TV,CounterTerrorist,2040.033,-222.8298,80.03125,M4A1,100,100,108.3559,-44.13613,0,False,True,True,351.9141,4.21875
RUBINO[M] * TWITCH.TV,CounterTerrorist,2043.456,-224.1125,80.03125,M4A1,100,100,110.203,-39.29754,0,False,True,True,351.9141,4.21875
RUBINO[M] * TWITCH.TV,CounterTerrorist,2046.833,-225.5099,80.03125,M4A1,100,100,106.4269,-48.60357,0,False,True,True,353.3203,3.867188
RUBINO[M] * TWITCH.TV,CounterTerrorist,2050.115,-227.2095,80.03125,Incendiary,100,100,104.7936,-57.70846,0,False,True,True,357.5391,3.867188
RUBINO[M] * TWITCH.TV,CounterTerrorist,2053.409,-229.1394,80.03125,Incendiary,100,100,106.1273,-63.62109,0,False,True,True,8.4375,4.570313
RUBINO[M] * TWITCH.TV,CounterTerrorist,2056.549,-231.3563,80.03125,Incendiary,100,100,98.17165,-74.80384,0,False,True,True,26.71875,5.976563
RUBINO[M] * TWITCH.TV,CounterTerrorist,2059.602,-233.8189,80.03125,Incendiary,100,100,98.23889,-80.36421,0,False,True,True,48.86719,7.03125
RUBINO[M] * TWITCH.TV,CounterTerrorist,2062.731,-236.2801,80.03125,Incendiary,100,100,101.737,-76.68337,0,False,True,True,74.17969,6.328125
RUBINO[M] * TWITCH.TV,CounterTerrorist,2065.913,-238.3849,80.03125,M4A1,100,100,100.3533,-59.84938,0,False,True,True,100.1953,4.21875
RUBINO[M] * TWITCH.TV,CounterTerrorist,2068.902,-240.4806,80.03125,M4A1,100,100,93.33757,-70.54854,0,False,True,True,117.7734,1.40625
RUBINO[M] * TWITCH.TV,CounterTerrorist,2071.726,-242.8013,80.03125,M4A1,100,100,88.82375,-76.1534,0,False,True,True,124.1016,0
RUBINO[M] * TWITCH.TV,CounterTerrorist,2074.428,-245.2645,80.03125,M4A1,100,100,85.09245,-80.30115,0,False,True,True,124.1016,0
RUBINO[M] * TWITCH.TV,CounterTerrorist,2076.383,-247.1869,80.03125,M4A1,100,100,82.62856,-82.83428,0,False,True,True,124.1016,0
RUBINO[M] * TWITCH.TV,CounterTerrorist,2079.526,-250.5044,80.03125,M4A1,100,100,79.11805,-86.19357,0,False,True,True,124.1016,0
RUBINO[M] * TWITCH.TV,CounterTerrorist,2081.954,-253.2387,80.03125,M4A1,100,100,76.86853,-88.2056,0,False,True,True,124.1016,0
RUBINO[M] * TWITCH.TV,CounterTerrorist,2084.32,-256.026,80.03125,M4A1,100,100,75.07275,-89.73896,0,False,True,True,124.1016,0
RUBINO[M] * TWITCH.TV,CounterTerrorist,2086.636,-258.8546,80.03125,M4A1,100,100,73.60566,-90.94617,0,False,True,True,124.1016,0
RUBINO[M] * TWITCH.TV,CounterTerrorist,2088.912,-261.7161,80.03125,M4A1,100,100,72.38842,-91.91798,0,False,True,True,124.1016,0
RUBINO[M] * TWITCH.TV,CounterTerrorist,2091.154,-264.6044,80.03125,M4A1,100,100,71.36773,-92.7127,0,False,True,True,124.1016,0
RUBINO[M] * TWITCH.TV,CounterTerrorist,2093.31,-267.4303,80.03125,M4A1,100,100,65.6996,-86.20818,0,False,True,True,124.1016,0
RUBINO[M] * TWITCH.TV,CounterTerrorist,2095.178,-269.881,80.03125,M4A1,100,100,56.38527,-73.98631,0,False,True,True,124.1016,0
RUBINO[M] * TWITCH.TV,CounterTerrorist,2096.781,-271.9843,80.03125,M4A1,100,100,48.39145,-63.49717,0,False,True,True,124.1016,0
RUBINO[M] * TWITCH.TV,CounterTerrorist,2098.156,-273.7881,80.03125,M4A1,100,100,41.42058,-54.3503,0,False,True,True,124.1016,0
RUBINO[M] * TWITCH.TV,CounterTerrorist,2099.317,-275.3118,80.03125,M4A1,100,100,34.60146,-45.40255,0,False,True,True,124.4531,359.6484
RUBINO[M] * TWITCH.TV,CounterTerrorist,2100.011,-276.1909,80.03125,M4A1,100,100,14.77485,-17.79813,0,False,True,True,124.4531,359.6484
RUBINO[M] * TWITCH.TV,CounterTerrorist,2100.094,-276.2538,80.03125,M4A1,100,100,-3.22815,4.682596,0,False,True,True,124.4531,359.6484
RUBINO[M] * TWITCH.TV,CounterTerrorist,2099.865,-275.9225,80.03125,M4A1,100,100,-9.755398,14.1507,0,False,True,True,124.4531,359.6484
RUBINO[M] * TWITCH.TV,CounterTerrorist,2099.433,-275.2954,80.03125,M4A1,100,100,-16.28265,23.61881,0,False,True,True,124.4531,359.6484
RUBINO[M] * TWITCH.TV,CounterTerrorist,2098.797,-274.3724,80.03125,M4A1,100,100,-22.80989,33.08692,0,False,True,True,124.4531,359.6484
RUBINO[M] * TWITCH.TV,CounterTerrorist,2097.956,-273.1535,80.03125,M4A1,100,100,-29.33714,42.55502,0,False,True,True,124.4531,359.6484
RUBINO[M] * TWITCH.TV,CounterTerrorist,2096.912,-271.6388,80.03125,Incendiary,100,100,-35.86439,52.02312,0,False,True,True,124.4531,359.6484
RUBINO[M] * TWITCH.TV,CounterTerrorist,2095.664,-269.8283,80.03125,Incendiary,100,100,-42.41256,61.47677,0,False,True,True,124.8047,359.6484
RUBINO[M] * TWITCH.TV,CounterTerrorist,2094.214,-267.7294,80.03125,Incendiary,100,100,-48.6591,70.41312,0,False,True,True,124.8047,359.6484
RUBINO[M] * TWITCH.TV,CounterTerrorist,2092.586,-265.3762,80.03125,Incendiary,100,100,-54.02598,78.09115,0,False,True,True,124.8047,359.6484
RUBINO[M] * TWITCH.TV,CounterTerrorist,2090.807,-262.8047,80.03125,Incendiary,100,100,-58.632,84.68066,0,False,True,True,124.8047,359.6484
RUBINO[M] * TWITCH.TV,CounterTerrorist,2088.896,-260.0458,80.03125,Incendiary,100,100,-62.58501,90.33596,0,False,True,True,124.8047,359.6484
RUBINO[M] * TWITCH.TV,CounterTerrorist,2086.872,-257.1262,80.03125,Incendiary,100,100,-65.97761,95.18951,0,False,True,True,124.8047,359.6484
RUBINO[M] * TWITCH.TV,CounterTerrorist,2084.753,-254.0686,80.03125,Incendiary,100,100,-68.88923,99.35494,0,False,True,True,124.8047,359.6484
RUBINO[M] * TWITCH.TV,CounterTerrorist,2082.55,-250.8926,80.03125,Incendiary,100,100,-71.38808,102.9298,0,False,True,True,124.8047,359.6484
RUBINO[M] * TWITCH.TV,CounterTerrorist,2080.287,-247.6299,80.03125,Incendiary,100,100,-72.61638,104.6786,0,False,True,True,124.8047,359.6484
RUBINO[M] * TWITCH.TV,CounterTerrorist,2078.017,-244.3588,80.03125,Incendiary,100,100,-72.62434,104.6731,0,False,True,True,124.8047,359.6484
RUBINO[M] * TWITCH.TV,CounterTerrorist,2075.872,-241.2673,80.03125,Incendiary,100,100,-64.75827,93.33234,0,False,True,True,124.8047,359.6484
RUBINO[M] * TWITCH.TV,CounterTerrorist,2074.031,-238.614,80.03125,Incendiary,100,100,-55.57739,80.10048,0,False,True,True,124.8047,359.6484
RUBINO[M] * TWITCH.TV,CounterTerrorist,2072.451,-236.3369,80.03125,Incendiary,100,100,-47.6981,68.74451,0,False,True,True,125.1563,359.6484
RUBINO[M] * TWITCH.TV,CounterTerrorist,2071.095,-234.3827,80.03125,M4A1,100,100,-40.92747,58.98639,0,False,True,True,125.1563,359.6484
RUBINO[M] * TWITCH.TV,CounterTerrorist,2069.941,-232.7199,80.03125,M4A1,100,100,-34.51425,49.74339,0,False,True,True,125.1563,359.6484
RUBINO[M] * TWITCH.TV,CounterTerrorist,2068.988,-231.346,80.03125,M4A1,100,100,-28.10103,40.50039,0,False,True,True,125.1563,359.6484
RUBINO[M] * TWITCH.TV,CounterTerrorist,2068.235,-230.2608,80.03125,M4A1,100,100,-21.68781,31.25738,0,False,True,True,125.1563,359.6484
RUBINO[M] * TWITCH.TV,CounterTerrorist,2067.683,-229.4646,80.03125,M4A1,100,100,-15.27459,22.01438,0,False,True,True,125.1563,359.6484
RUBINO[M] * TWITCH.TV,CounterTerrorist,2067.331,-228.9572,80.03125,M4A1,100,100,-8.861366,12.77137,0,False,True,True,125.1563,359.6484
RUBINO[M] * TWITCH.TV,CounterTerrorist,2067.179,-228.7386,80.03125,M4A1,100,100,-2.448146,3.528371,0,False,True,True,125.1563,359.6484
RUBINO[M] * TWITCH.TV,CounterTerrorist,2067.172,-228.7291,80.03125,M4A1,100,100,0,0,0,False,True,True,125.1563,359.6484
RUBINO[M] * TWITCH.TV,CounterTerrorist,2067.108,-228.6381,80.03125,M4A1,100,100,-4.940845,6.993172,0,False,True,True,125.1563,359.6484
RUBINO[M] * TWITCH.TV,CounterTerrorist,2066.824,-228.2362,80.03125,M4A1,100,100,-11.57673,16.38546,0,False,True,True,125.1563,359.6484
RUBINO[M] * TWITCH.TV,CounterTerrorist,2066.333,-227.5407,80.03125,M4A1,100,100,-18.2126,25.77775,0,False,True,True,125.1563,359.6484
RUBINO[M] * TWITCH.TV,CounterTerrorist,2065.634,-226.5517,80.03125,M4A1,100,100,-24.84848,35.17004,0,False,True,True,125.1563,359.6484
RUBINO[M] * TWITCH.TV,CounterTerrorist,2064.728,-225.2692,80.03125,M4A1,100,100,-31.48437,44.56233,0,False,True,True,125.1563,359.6484
RUBINO[M] * TWITCH.TV,CounterTerrorist,2063.615,-223.6931,80.03125,M4A1,100,100,-38.12024,53.95462,0,False,True,True,125.1563,359.6484
RUBINO[M] * TWITCH.TV,CounterTerrorist,2062.294,-221.8236,80.03125,M4A1,100,100,-44.75612,63.3469,0,False,True,True,125.1563,359.6484
RUBINO[M] * TWITCH.TV,CounterTerrorist,2060.774,-219.6732,80.03125,M4A1,100,100,-50.81836,71.92725,0,False,True,True,125.1563,359.6484
RUBINO[M] * TWITCH.TV,CounterTerrorist,2058.99,-217.4083,80.03125,M4A1,100,100,-62.18418,70.25288,0,False,True,True,125.1563,359.6484
RUBINO[M] * TWITCH.TV,CounterTerrorist,2056.801,-215.3386,80.03125,M4A1,100,100,-74.55917,63.93729,0,False,True,True,125.1563,359.6484
RUBINO[M] * TWITCH.TV,CounterTerrorist,2054.259,-213.4485,80.03125,M4A1,100,100,-85.17973,58.51706,0,False,True,True,125.1563,359.6484
RUBINO[M] * TWITCH.TV,CounterTerrorist,2051.416,-211.7124,80.03125,M4A1,100,100,-94.29459,53.86526,0,False,True,True,125.1563,359.6484
RUBINO[M] * TWITCH.TV,CounterTerrorist,2048.313,-210.1086,80.03125,M4A1,100,100,-102.1172,49.87296,0,False,True,True,125.1563,359.6484
RUBINO[M] * TWITCH.TV,CounterTerrorist,2044.999,-208.623,80.03125,M4A1,100,100,-107.6106,45.92348,0,False,True,True,125.1563,359.6484
RUBINO[M] * TWITCH.TV,CounterTerrorist,2041.594,-207.452,80.03125,M4A1,100,100,-109.8212,30.39815,0,False,True,True,125.1563,359.6484
RUBINO[M] * TWITCH.TV,CounterTerrorist,2038.122,-206.8348,80.03125,M4A1,100,100,-111.8129,13.68119,0,False,True,True,125.1563,359.6484
RUBINO[M] * TWITCH.TV,CounterTerrorist,2034.594,-206.6928,80.03125,M4A1,100,100,-113.5221,-0.6657772,0,False,True,True,125.1563,359.6484
RUBINO[M] * TWITCH.TV,CounterTerrorist,2031.017,-206.9587,80.03125,M4A1,100,100,-114.9891,-12.97876,0,False,True,True,125.1563,359.6484
RUBINO[M] * TWITCH.TV,CounterTerrorist,2027.418,-207.5705,80.03125,M4A1,100,100,-114.6745,-23.211,0,False,True,True,125.1563,359.6484
RUBINO[M] * TWITCH.TV,CounterTerrorist,2023.873,-208.4601,80.03125,M4A1,100,100,-112.7048,-31.4105,0,False,True,True,124.8047,359.6484
RUBINO[M] * TWITCH.TV,CounterTerrorist,2020.391,-209.5748,80.03125,M4A1,100,100,-110.6402,-38.04919,0,False,True,True,124.8047,359.6484
RUBINO[M] * TWITCH.TV,CounterTerrorist,2016.973,-210.8709,80.03125,M4A1,100,100,-108.6593,-43.38373,0,False,True,True,124.8047,359.6484
RUBINO[M] * TWITCH.TV,CounterTerrorist,2013.613,-212.3126,80.03125,M4A1,100,100,-106.8478,-47.67116,0,False,True,True,124.4531,359.6484
RUBINO[M] * TWITCH.TV,CounterTerrorist,2010.306,-213.8719,80.03125,M4A1,100,100,-105.2285,-51.14637,0,False,True,True,124.4531,359.6484
RUBINO[M] * TWITCH.TV,CounterTerrorist,2007.045,-215.5256,80.03125,M4A1,100,100,-103.8527,-53.88514,0,False,True,True,124.4531,359.6484
RUBINO[M] * TWITCH.TV,CounterTerrorist,2003.822,-217.252,80.03125,M4A1,100,100,-102.7288,-55.99807,0,False,True,True,124.4531,359.6484
RUBINO[M] * TWITCH.TV,CounterTerrorist,2000.631,-219.0357,80.03125,M4A1,100,100,-101.7946,-57.67887,0,False,True,True,124.4531,359.6484
RUBINO[M] * TWITCH.TV,CounterTerrorist,1997.465,-220.8655,80.03125,M4A1,100,100,-101.0089,-59.04399,0,False,True,True,124.4531,359.6484
RUBINO[M] * TWITCH.TV,CounterTerrorist,1994.594,-222.544,80.03125,M4A1,100,100,-86.68876,-50.67324,0,False,True,True,124.4531,359.6484
RUBINO[M] * TWITCH.TV,CounterTerrorist,1992.129,-223.9846,80.03125,M4A1,100,100,-74.39876,-43.48922,0,False,True,True,124.4531,359.6484
RUBINO[M] * TWITCH.TV,CounterTerrorist,1990.014,-225.2209,80.03125,M4A1,100,100,-63.85114,-37.32368,0,False,True,True,124.4531,359.6484
RUBINO[M] * TWITCH.TV,CounterTerrorist,1988.209,-226.2764,80.03125,M4A1,100,100,-54.13873,-31.64638,0,False,True,True,124.4531,359.6484
RUBINO[M] * TWITCH.TV,CounterTerrorist,1986.707,-227.1544,80.03125,M4A1,100,100,-44.42633,-25.96907,0,False,True,True,124.4531,359.6484
RUBINO[M] * TWITCH.TV,CounterTerrorist,1985.508,-227.8551,80.03125,M4A1,100,100,-34.71393,-20.29176,0,False,True,True,124.4531,359.6484
RUBINO[M] * TWITCH.TV,CounterTerrorist,1984.613,-228.3783,80.03125,M4A1,100,100,-25.00153,-14.61446,0,False,True,True,124.4531,359.6484
RUBINO[M] * TWITCH.TV,CounterTerrorist,1984.021,-228.7241,80.03125,M4A1,100,100,-15.28914,-8.937149,0,False,True,True,124.4531,359.6484
RUBINO[M] * TWITCH.TV,CounterTerrorist,1983.733,-228.8925,80.03125,M4A1,100,100,-5.57674,-3.259841,0,False,True,True,124.4531,359.6484
RUBINO[M] * TWITCH.TV,CounterTerrorist,1983.709,-228.9069,80.03125,M4A1,100,100,0,0,0,False,True,True,124.4531,359.6484
RUBINO[M] * TWITCH.TV,CounterTerrorist,1983.709,-228.9069,80.03125,M4A1,100,100,0,0,0,False,True,True,124.4531,359.6484
RUBINO[M] * TWITCH.TV,CounterTerrorist,1983.709,-228.9069,80.03125,M4A1,100,100,0,0,0,False,True,True,124.4531,359.6484
RUBINO[M] * TWITCH.TV,CounterTerrorist,1983.709,-228.9069,80.03125,M4A1,100,100,0,0,0,False,True,True,124.4531,359.6484
RUBINO[M] * TWITCH.TV,CounterTerrorist,1983.709,-228.9069,80.03125,Incendiary,100,100,0,0,0,False,True,True,124.4531,359.6484
RUBINO[M] * TWITCH.TV,CounterTerrorist,1983.709,-228.9069,80.03125,Incendiary,100,100,0,0,0,False,True,True,124.4531,359.6484
RUBINO[M] * TWITCH.TV,CounterTerrorist,1983.709,-228.9069,80.03125,Incendiary,100,100,0,0,0,False,True,True,124.4531,359.6484
RUBINO[M] * TWITCH.TV,CounterTerrorist,1983.709,-228.9069,80.03125,Incendiary,100,100,0,0,0,False,True,True,124.4531,359.6484
RUBINO[M] * TWITCH.TV,CounterTerrorist,1983.709,-228.9069,80.03125,M4A1,100,100,0,0,0,False,True,True,124.4531,359.6484
RUBINO[M] * TWITCH.TV,CounterTerrorist,1983.709,-228.9069,80.03125,M4A1,100,100,0,0,0,False,True,True,124.4531,359.6484
RUBINO[M] * TWITCH.TV,CounterTerrorist,1983.709,-228.9069,80.03125,M4A1,100,100,0,0,0,False,True,True,124.4531,359.6484
RUBINO[M] * TWITCH.TV,CounterTerrorist,1983.709,-228.9069,80.03125,M4A1,100,100,0,0,0,False,True,True,124.4531,359.6484
RUBINO[M] * TWITCH.TV,CounterTerrorist,1983.709,-228.9069,80.03125,M4A1,100,100,0,0,0,False,True,True,124.4531,359.6484
RUBINO[M] * TWITCH.TV,CounterTerrorist,1983.709,-228.9069,80.03125,M4A1,100,100,0,0,0,False,True,True,124.4531,359.6484
RUBINO[M] * TWITCH.TV,CounterTerrorist,1983.709,-228.9069,80.03125,M4A1,100,100,0,0,0,False,True,True,124.4531,359.6484
RUBINO[M] * TWITCH.TV,CounterTerrorist,1983.709,-228.9069,80.03125,M4A1,100,100,0,0,0,False,True,True,124.4531,359.6484
RUBINO[M] * TWITCH.TV,CounterTerrorist,1983.709,-228.9069,80.03125,M4A1,100,100,0,0,0,False,True,True,124.4531,359.6484
RUBINO[M] * TWITCH.TV,CounterTerrorist,1983.709,-228.9069,80.03125,M4A1,100,100,0,0,0,False,True,True,124.4531,359.6484
RUBINO[M] * TWITCH.TV,CounterTerrorist,1983.709,-228.9069,80.03125,M4A1,100,100,0,0,0,False,True,True,124.1016,359.6484
RUBINO[M] * TWITCH.TV,CounterTerrorist,1983.709,-228.9069,80.03125,M4A1,100,100,0,0,0,False,True,True,123.75,359.6484
RUBINO[M] * TWITCH.TV,CounterTerrorist,1983.709,-228.9069,80.03125,M4A1,100,100,0,0,0,False,True,True,122.6953,359.6484
RUBINO[M] * TWITCH.TV,CounterTerrorist,1983.709,-228.9069,80.03125,Incendiary,100,100,0,0,0,False,True,True,121.6406,359.6484
RUBINO[M] * TWITCH.TV,CounterTerrorist,1983.709,-228.9069,80.03125,Incendiary,100,100,0,0,0,False,True,True,121.2891,0
RUBINO[M] * TWITCH.TV,CounterTerrorist,1983.709,-228.9069,80.03125,Incendiary,100,100,0,0,0,False,True,True,121.2891,0
RUBINO[M] * TWITCH.TV,CounterTerrorist,1983.709,-228.9069,80.03125,Incendiary,100,100,0,0,0,False,True,True,121.2891,0
RUBINO[M] * TWITCH.TV,CounterTerrorist,1983.709,-228.9069,80.03125,Incendiary,100,100,0,0,0,False,True,True,121.2891,0
RUBINO[M] * TWITCH.TV,CounterTerrorist,1983.709,-228.9069,80.03125,Incendiary,100,100,0,0,0,False,True,True,121.2891,0
RUBINO[M] * TWITCH.TV,CounterTerrorist,1983.709,-228.9069,80.03125,Incendiary,100,100,0,0,0,False,True,True,121.2891,0
RUBINO[M] * TWITCH.TV,CounterTerrorist,1983.709,-228.9069,80.03125,Incendiary,100,100,0,0,0,False,True,True,121.2891,0
RUBINO[M] * TWITCH.TV,CounterTerrorist,1983.709,-228.9069,80.03125,Incendiary,100,100,0,0,0,False,True,True,121.2891,0
RUBINO[M] * TWITCH.TV,CounterTerrorist,1983.812,-229.0786,80.03125,Incendiary,100,100,5.916399,-9.788392,0,False,True,True,121.2891,0
RUBINO[M] * TWITCH.TV,CounterTerrorist,1984.113,-229.5768,80.03125,Incendiary,100,100,11.86513,-19.63027,0,False,True,True,121.2891,0
RUBINO[M] * TWITCH.TV,CounterTerrorist,1984.6,-230.3824,80.03125,Incendiary,100,100,17.81386,-29.47216,0,False,True,True,121.2891,0
RUBINO[M] * TWITCH.TV,CounterTerrorist,1985.273,-231.4957,80.03125,Incendiary,100,100,23.76259,-39.31403,0,False,True,True,121.2891,0
RUBINO[M] * TWITCH.TV,CounterTerrorist,1986.109,-232.8784,80.03125,Incendiary,100,100,26.76928,-44.28846,0,False,True,True,121.2891,0
RUBINO[M] * TWITCH.TV,CounterTerrorist,1986.794,-234.0974,80.03125,Incendiary,100,100,16.08242,-37.60257,0,False,True,True,121.2891,0
RUBINO[M] * TWITCH.TV,CounterTerrorist,1986.86,-235.2922,80.03125,Incendiary,100,100,-5.497722,-38.46194,0,False,True,True,121.2891,0
RUBINO[M] * TWITCH.TV,CounterTerrorist,1986.473,-236.4422,80.03125,Incendiary,100,100,-12.20847,-33.55259,0,False,True,True,121.2891,0
RUBINO[M] * TWITCH.TV,CounterTerrorist,1986.232,-237.1048,80.03125,Incendiary,100,100,-9.32344,-25.62365,0,False,True,True,121.2891,0
RUBINO[M] * TWITCH.TV,CounterTerrorist,1985.981,-237.7959,80.03125,Incendiary,100,100,-4.515059,-12.40876,0,False,True,True,121.2891,0
RUBINO[M] * TWITCH.TV,CounterTerrorist,1985.915,-237.9772,80.03125,Incendiary,100,100,-0.6683555,-1.836845,0,False,True,True,121.2891,0
RUBINO[M] * TWITCH.TV,CounterTerrorist,1985.915,-237.9772,80.03125,Incendiary,100,100,0,0,0,False,True,True,121.2891,0
RUBINO[M] * TWITCH.TV,CounterTerrorist,1985.915,-237.9772,80.03125,Incendiary,100,100,0,0,0,False,True,True,121.2891,0
RUBINO[M] * TWITCH.TV,CounterTerrorist,1985.915,-237.9772,80.03125,Incendiary,100,100,0,0,0,False,True,True,121.2891,0
RUBINO[M] * TWITCH.TV,CounterTerrorist,1985.915,-237.9772,80.03125,Incendiary,100,100,0,0,0,False,True,True,121.2891,0
RUBINO[M] * TWITCH.TV,CounterTerrorist,1985.915,-237.9772,80.03125,Incendiary,100,100,0,0,0,False,True,True,121.2891,0
RUBINO[M] * TWITCH.TV,CounterTerrorist,1985.915,-237.9772,80.03125,Incendiary,100,100,0,0,0,False,True,True,121.2891,0
RUBINO[M] * TWITCH.TV,CounterTerrorist,1985.915,-237.9772,80.03125,Incendiary,100,100,0,0,0,False,True,True,121.2891,0
RUBINO[M] * TWITCH.TV,CounterTerrorist,1985.915,-237.9772,80.03125,Incendiary,100,100,0,0,0,False,True,True,121.2891,0
RUBINO[M] * TWITCH.TV,CounterTerrorist,1985.915,-237.9772,80.03125,Incendiary,100,100,0,0,0,False,True,True,121.2891,0
RUBINO[M] * TWITCH.TV,CounterTerrorist,1985.915,-237.9772,80.03125,Incendiary,100,100,0,0,0,False,True,True,121.2891,0
RUBINO[M] * TWITCH.TV,CounterTerrorist,1986.076,-238.2447,80.03125,Incendiary,100,100,7.403582,-12.24886,0,False,True,True,121.2891,0
RUBINO[M] * TWITCH.TV,CounterTerrorist,1986.424,-238.8197,80.03125,Incendiary,100,100,13.35231,-22.09074,0,False,True,True,121.2891,0
RUBINO[M] * TWITCH.TV,CounterTerrorist,1986.958,-239.7019,80.03125,Incendiary,100,100,19.35004,-31.90281,0,False,True,True,121.6406,0
RUBINO[M] * TWITCH.TV,CounterTerrorist,1987.654,-239.9701,80.03125,Incendiary,100,100,23.02284,0,0,False,True,True,123.0469,0.3515625
RUBINO[M] * TWITCH.TV,CounterTerrorist,1988.404,-239.9701,80.03125,Incendiary,100,100,24.70578,0,0,False,True,True,125.8594,0.703125
RUBINO[M] * TWITCH.TV,CounterTerrorist,1989.225,-239.9701,80.03125,Incendiary,100,100,27.28926,0,0,False,True,True,128.3203,1.054688
RUBINO[M] * TWITCH.TV,CounterTerrorist,1990.141,-239.9701,80.03125,Incendiary,100,100,30.59495,0,0,False,True,True,130.4297,1.054688
RUBINO[M] * TWITCH.TV,CounterTerrorist,1991.169,-239.9701,80.03125,Incendiary,100,100,34.32957,0,0,False,True,True,131.4844,1.054688
RUBINO[M] * TWITCH.TV,CounterTerrorist,1992.168,-239.9701,80.03125,Incendiary,100,100,27.6986,0,0,False,True,True,131.8359,0.703125
RUBINO[M] * TWITCH.TV,CounterTerrorist,1992.788,-239.9701,80.03125,Incendiary,100,100,15.16915,0,0,False,True,True,131.8359,0.703125
RUBINO[M] * TWITCH.TV,CounterTerrorist,1993.018,-239.9701,80.03125,Incendiary,100,100,2.639708,0,0,False,True,True,131.8359,0.703125
RUBINO[M] * TWITCH.TV,CounterTerrorist,1993.008,-239.9701,80.03125,Incendiary,100,100,-0.3198611,0,0,False,True,True,131.8359,0.703125
RUBINO[M] * TWITCH.TV,CounterTerrorist,1993.03,-239.9701,80.03125,Incendiary,100,100,3.789129,0,0,False,True,True,131.8359,0.703125
RUBINO[M] * TWITCH.TV,CounterTerrorist,1993.225,-239.9701,80.03125,Incendiary,100,100,7.695645,0,0,False,True,True,131.8359,0.703125
RUBINO[M] * TWITCH.TV,CounterTerrorist,1993.542,-239.9701,80.03125,Incendiary,100,100,11.60216,0,0,False,True,True,131.8359,0.703125
RUBINO[M] * TWITCH.TV,CounterTerrorist,1993.981,-239.9701,80.03125,Incendiary,100,100,15.50868,0,0,False,True,True,131.8359,0.703125
RUBINO[M] * TWITCH.TV,CounterTerrorist,1994.542,-239.9701,80.03125,Incendiary,100,100,19.4152,0,0,False,True,True,131.8359,0.703125
RUBINO[M] * TWITCH.TV,CounterTerrorist,1995.225,-239.9701,80.03125,Incendiary,100,100,23.32171,0,0,False,True,True,131.8359,0.703125
RUBINO[M] * TWITCH.TV,CounterTerrorist,1996.03,-239.9701,80.03125,Incendiary,100,100,27.22823,0,0,False,True,True,131.8359,0.703125
RUBINO[M] * TWITCH.TV,CounterTerrorist,1996.958,-239.9701,80.03125,Incendiary,100,100,31.13475,0,0,False,True,True,131.8359,0.703125
RUBINO[M] * TWITCH.TV,CounterTerrorist,1998.007,-239.9701,80.03125,Incendiary,100,100,35.04126,0,0,False,True,True,131.8359,0.703125
RUBINO[M] * TWITCH.TV,CounterTerrorist,1999.089,-239.9701,80.03125,Incendiary,100,100,31.36951,0,0,False,True,True,131.8359,0.703125
RUBINO[M] * TWITCH.TV,CounterTerrorist,1999.85,-239.9701,80.03125,Incendiary,100,100,20.11951,0,0,False,True,True,131.8359,0.703125
RUBINO[M] * TWITCH.TV,CounterTerrorist,2000.259,-239.9701,80.03125,Incendiary,100,100,8.869511,0,0,False,True,True,131.8359,0.703125
RUBINO[M] * TWITCH.TV,CounterTerrorist,2000.332,-239.9701,80.03125,Incendiary,100,100,0,0,0,False,True,True,131.8359,0.703125
RUBINO[M] * TWITCH.TV,CounterTerrorist,2000.332,-239.9701,80.03125,Incendiary,100,100,0,0,0,False,True,True,131.8359,0.703125
RUBINO[M] * TWITCH.TV,CounterTerrorist,2000.332,-239.9701,80.03125,Incendiary,100,100,0,0,0,False,True,True,131.8359,0.703125
RUBINO[M] * TWITCH.TV,CounterTerrorist,2000.362,-239.9701,80.03125,Incendiary,100,100,3.789129,0,0,False,True,True,131.8359,0.703125
RUBINO[M] * TWITCH.TV,CounterTerrorist,2000.557,-239.9701,80.03125,Incendiary,100,100,7.695645,0,0,False,True,True,131.8359,0.703125
RUBINO[M] * TWITCH.TV,CounterTerrorist,2000.874,-239.9701,80.03125,Incendiary,100,100,11.60216,0,0,False,True,True,131.8359,0.703125
RUBINO[M] * TWITCH.TV,CounterTerrorist,2001.313,-239.9701,80.03125,Incendiary,100,100,15.50868,0,0,False,True,True,131.8359,0.703125
RUBINO[M] * TWITCH.TV,CounterTerrorist,2001.874,-239.9701,80.03125,Incendiary,100,100,19.4152,0,0,False,True,True,131.8359,0.703125
RUBINO[M] * TWITCH.TV,CounterTerrorist,2002.557,-239.9701,80.03125,Incendiary,100,100,23.32171,0,0,False,True,True,131.8359,0.703125
RUBINO[M] * TWITCH.TV,CounterTerrorist,2003.362,-239.9701,80.03125,Incendiary,100,100,27.22823,0,0,False,True,True,131.8359,0.703125
RUBINO[M] * TWITCH.TV,CounterTerrorist,2004.289,-239.9701,80.03125,Incendiary,100,100,31.13475,0,0,False,True,True,131.8359,0.703125
RUBINO[M] * TWITCH.TV,CounterTerrorist,2005.338,-239.9701,80.03125,Incendiary,100,100,35.04126,0,0,False,True,True,131.8359,0.703125
RUBINO[M] * TWITCH.TV,CounterTerrorist,2006.51,-239.9701,80.03125,Incendiary,100,100,38.94777,0,0,False,True,True,131.8359,0.703125
RUBINO[M] * TWITCH.TV,CounterTerrorist,2007.803,-239.9701,80.03125,Incendiary,100,100,42.85427,0,0,False,True,True,131.8359,0.703125
RUBINO[M] * TWITCH.TV,CounterTerrorist,2009.219,-239.9701,80.03125,Incendiary,100,100,46.76078,0,0,False,True,True,131.8359,0.703125
RUBINO[M] * TWITCH.TV,CounterTerrorist,2010.756,-239.9701,80.03125,Incendiary,100,100,50.66729,0,0,False,True,True,131.8359,0.703125
RUBINO[M] * TWITCH.TV,CounterTerrorist,2012.416,-239.9701,80.03125,Incendiary,100,100,54.5738,0,0,False,True,True,131.8359,0.703125
RUBINO[M] * TWITCH.TV,CounterTerrorist,2014.198,-239.9701,80.03125,Incendiary,100,100,58.48031,0,0,False,True,True,131.8359,0.703125
RUBINO[M] * TWITCH.TV,CounterTerrorist,2016.102,-239.9701,80.03125,Incendiary,100,100,62.38682,0,0,False,True,True,131.8359,0.703125
RUBINO[M] * TWITCH.TV,CounterTerrorist,2018.039,-239.9701,80.03125,Incendiary,100,100,58.71508,0,0,False,True,True,131.8359,0.703125
RUBINO[M] * TWITCH.TV,CounterTerrorist,2019.654,-239.9701,80.03125,Incendiary,100,100,47.46508,0,0,False,True,True,131.8359,0.703125
RUBINO[M] * TWITCH.TV,CounterTerrorist,2020.918,-239.9701,80.03125,Incendiary,100,100,36.21508,0,0,False,True,True,131.8359,0.703125
RUBINO[M] * TWITCH.TV,CounterTerrorist,2021.83,-239.9701,80.03125,Incendiary,100,100,24.96508,0,0,False,True,True,131.8359,0.703125
RUBINO[M] * TWITCH.TV,CounterTerrorist,2022.39,-239.9701,80.03125,Incendiary,100,100,13.71508,0,0,False,True,True,131.8359,0.703125
RUBINO[M] * TWITCH.TV,CounterTerrorist,2022.599,-239.9701,80.03125,Incendiary,100,100,2.46508,0,0,False,True,True,131.8359,0.703125
RUBINO[M] * TWITCH.TV,CounterTerrorist,2022.599,-239.9701,80.03125,Incendiary,100,100,0,0,0,False,True,True,131.8359,0.703125
RUBINO[M] * TWITCH.TV,CounterTerrorist,2022.599,-239.9701,80.03125,Incendiary,100,100,0,0,0,False,True,True,131.8359,0.703125
RUBINO[M] * TWITCH.TV,CounterTerrorist,2022.599,-239.9701,80.03125,Incendiary,100,100,0,0,0,False,True,True,131.8359,0.703125
RUBINO[M] * TWITCH.TV,CounterTerrorist,2022.525,-239.8871,80.03125,Incendiary,100,100,-5.704513,6.385526,0,False,True,True,131.8359,0.703125
RUBINO[M] * TWITCH.TV,CounterTerrorist,2022.197,-239.52,80.03125,Incendiary,100,100,-13.36605,14.96171,0,False,True,True,131.8359,0.703125
RUBINO[M] * TWITCH.TV,CounterTerrorist,2021.63,-238.885,80.03125,Incendiary,100,100,-21.02759,23.53789,0,False,True,True,131.8359,0.703125
RUBINO[M] * TWITCH.TV,CounterTerrorist,2020.823,-237.9819,80.03125,Incendiary,100,100,-28.68912,32.11407,0,False,True,True,131.8359,0.703125
RUBINO[M] * TWITCH.TV,CounterTerrorist,2019.765,-236.8276,80.03125,Incendiary,100,100,-37.84747,38.54792,0,False,True,True,131.8359,0.703125
RUBINO[M] * TWITCH.TV,CounterTerrorist,2018.302,-235.7441,80.03125,Incendiary,100,100,-51.9654,32.61171,0,False,True,True,131.8359,0.703125
RUBINO[M] * TWITCH.TV,CounterTerrorist,2016.459,-234.9043,80.03125,Incendiary,100,100,-61.8889,20.40333,0,False,True,True,131.8359,0.703125
RUBINO[M] * TWITCH.TV,CounterTerrorist,2014.407,-234.6159,80.03125,Incendiary,100,100,-67.88572,2.914219,0,False,True,True,131.8359,0.703125
RUBINO[M] * TWITCH.TV,CounterTerrorist,2012.172,-234.8176,80.03125,Incendiary,100,100,-73.67282,-11.7642,0,False,True,True,131.4844,0.703125
RUBINO[M] * TWITCH.TV,CounterTerrorist,2009.756,-235.4338,80.03125,Incendiary,100,100,-79.41607,-24.23151,0,False,True,True,130.7813,0.703125
RUBINO[M] * TWITCH.TV,CounterTerrorist,2007.173,-236.4005,80.03125,Incendiary,100,100,-84.53645,-34.72622,0,False,True,True,130.0781,0.703125
RUBINO[M] * TWITCH.TV,CounterTerrorist,2004.77,-237.3877,80.03125,Incendiary,100,100,-72.5516,-29.80303,0,False,True,True,129.375,0.703125
RUBINO[M] * TWITCH.TV,CounterTerrorist,2002.71,-238.2339,80.03125,Incendiary,100,100,-62.00914,-25.47236,0,False,True,True,129.0234,0.703125
RUBINO[M] * TWITCH.TV,CounterTerrorist,2001.245,-239.2748,80.03125,Incendiary,100,100,-38.07396,-37.56241,0,False,True,True,128.6719,0.703125
RUBINO[M] * TWITCH.TV,CounterTerrorist,2000.482,-239.9688,80.03125,Incendiary,100,100,-15.78926,0,0,False,True,True,128.3203,0.703125
RUBINO[M] * TWITCH.TV,CounterTerrorist,2000.441,-239.9688,80.03125,Incendiary,100,100,3.949493,0,0,False,True,True,128.3203,0.703125
RUBINO[M] * TWITCH.TV,CounterTerrorist,2000.62,-239.9688,80.03125,Incendiary,100,100,6.792686,0,0,False,True,True,128.3203,0.703125
RUBINO[M] * TWITCH.TV,CounterTerrorist,2000.887,-239.9688,80.03125,Incendiary,100,100,9.635879,0,0,False,True,True,128.3203,0.703125
RUBINO[M] * TWITCH.TV,CounterTerrorist,2001.244,-239.9688,80.03125,Incendiary,100,100,12.47907,0,0,False,True,True,128.3203,0.703125
RUBINO[M] * TWITCH.TV,CounterTerrorist,2001.69,-239.9688,80.03125,Incendiary,100,100,15.32226,0,0,False,True,True,128.3203,0.703125
RUBINO[M] * TWITCH.TV,CounterTerrorist,2002.196,-239.9688,80.03125,Incendiary,100,100,14.64216,0,0,False,True,True,128.3203,0.703125
RUBINO[M] * TWITCH.TV,CounterTerrorist,2002.434,-239.9688,80.03125,Incendiary,100,100,3.392159,0,0,False,True,True,128.3203,0.703125
RUBINO[M] * TWITCH.TV,CounterTerrorist,2002.434,-239.9688,80.03125,Incendiary,100,100,0,0,0,False,True,True,128.3203,0.703125
RUBINO[M] * TWITCH.TV,CounterTerrorist,2002.434,-239.9688,80.03125,Incendiary,100,100,0,0,0,False,True,True,128.3203,0.703125
RUBINO[M] * TWITCH.TV,CounterTerrorist,2002.434,-239.9688,80.03125,M4A1,100,100,0,0,0,False,True,True,128.3203,0.703125
RUBINO[M] * TWITCH.TV,CounterTerrorist,2002.434,-239.9688,80.03125,M4A1,100,100,0,0,0,False,True,True,128.3203,0.703125
RUBINO[M] * TWITCH.TV,CounterTerrorist,2002.434,-239.9688,80.03125,M4A1,100,100,0,0,0,False,True,True,127.9687,0.703125
RUBINO[M] * TWITCH.TV,CounterTerrorist,2002.434,-239.9688,80.03125,M4A1,100,100,0,0,0,False,True,True,127.6172,0.703125
RUBINO[M] * TWITCH.TV,CounterTerrorist,2002.434,-239.9688,80.03125,M4A1,100,100,0,0,0,False,True,True,127.2656,0.703125
RUBINO[M] * TWITCH.TV,CounterTerrorist,2002.434,-239.9688,80.03125,M4A1,100,100,0,0,0,False,True,True,126.9141,0.703125
RUBINO[M] * TWITCH.TV,CounterTerrorist,2002.434,-239.9688,80.03125,Flash,100,100,0,0,0,False,True,True,126.2109,0.703125
RUBINO[M] * TWITCH.TV,CounterTerrorist,2002.434,-239.9688,80.03125,Flash,100,100,0,0,0,False,True,True,126.2109,0.703125
RUBINO[M] * TWITCH.TV,CounterTerrorist,2002.434,-239.9688,80.03125,Flash,100,100,0,0,0,False,True,True,126.2109,0.703125
RUBINO[M] * TWITCH.TV,CounterTerrorist,2002.434,-239.9688,80.03125,Flash,100,100,0,0,0,False,True,True,126.2109,0.703125
RUBINO[M] * TWITCH.TV,CounterTerrorist,2002.434,-239.9688,80.03125,Flash,100,100,0,0,0,False,True,True,126.2109,0.703125
RUBINO[M] * TWITCH.TV,CounterTerrorist,2002.434,-239.9688,80.03125,Smoke,100,100,0,0,0,False,True,True,126.2109,0.703125
RUBINO[M] * TWITCH.TV,CounterTerrorist,2002.434,-239.9688,80.03125,Smoke,100,100,0,0,0,False,True,True,126.2109,0.703125
RUBINO[M] * TWITCH.TV,CounterTerrorist,2002.434,-239.9688,80.03125,Smoke,100,100,0,0,0,False,True,True,126.2109,0.703125
RUBINO[M] * TWITCH.TV,CounterTerrorist,2002.434,-239.9688,80.03125,Smoke,100,100,0,0,0,False,True,True,126.2109,0.703125
RUBINO[M] * TWITCH.TV,CounterTerrorist,2002.434,-239.9688,80.03125,Smoke,100,100,0,0,0,False,True,True,126.2109,0.703125
RUBINO[M] * TWITCH.TV,CounterTerrorist,2002.434,-239.9688,80.03125,Smoke,100,100,0,0,0,False,True,True,126.2109,0.703125
RUBINO[M] * TWITCH.TV,CounterTerrorist,2002.434,-239.9688,80.03125,Smoke,100,100,0,0,0,False,True,True,126.2109,0.703125
RUBINO[M] * TWITCH.TV,CounterTerrorist,2002.434,-239.9688,80.03125,Smoke,100,100,0,0,0,False,True,True,126.2109,1.054688
RUBINO[M] * TWITCH.TV,CounterTerrorist,2002.434,-239.9688,80.03125,Smoke,100,100,0,0,0,False,True,True,126.2109,1.054688
RUBINO[M] * TWITCH.TV,CounterTerrorist,2002.434,-239.9688,80.03125,Smoke,100,100,0,0,0,False,True,True,126.5625,1.054688
RUBINO[M] * TWITCH.TV,CounterTerrorist,2002.434,-239.9688,80.03125,M4A1,100,100,0,0,0,False,True,True,126.5625,1.054688
RUBINO[M] * TWITCH.TV,CounterTerrorist,2002.434,-239.9688,80.03125,M4A1,100,100,0,0,0,False,True,True,126.5625,1.054688
RUBINO[M] * TWITCH.TV,CounterTerrorist,2002.434,-239.9688,80.03125,M4A1,100,100,0,0,0,False,True,True,126.5625,1.054688
RUBINO[M] * TWITCH.TV,CounterTerrorist,2002.434,-239.9688,80.03125,M4A1,100,100,0,0,0,False,True,True,126.5625,1.054688
RUBINO[M] * TWITCH.TV,CounterTerrorist,2002.434,-239.9688,80.03125,M4A1,100,100,0,0,0,False,True,True,126.5625,1.054688
RUBINO[M] * TWITCH.TV,CounterTerrorist,2002.434,-239.9688,80.03125,M4A1,100,100,0,0,0,False,True,True,126.5625,1.054688
RUBINO[M] * TWITCH.TV,CounterTerrorist,2002.434,-239.9688,80.03125,M4A1,100,100,0,0,0,False,True,True,126.5625,1.054688
RUBINO[M] * TWITCH.TV,CounterTerrorist,2002.434,-239.9688,80.03125,M4A1,100,100,0,0,0,False,True,True,125.5078,0.703125
RUBINO[M] * TWITCH.TV,CounterTerrorist,2002.434,-239.9688,80.03125,M4A1,100,100,0,0,0,False,True,True,119.8828,0.703125
RUBINO[M] * TWITCH.TV,CounterTerrorist,2002.434,-239.9688,80.03125,M4A1,100,100,0,0,0,False,True,True,109.6875,0.703125
RUBINO[M] * TWITCH.TV,CounterTerrorist,2002.434,-239.9688,80.03125,M4A1,100,100,0,0,0,False,True,True,93.51563,0.703125
RUBINO[M] * TWITCH.TV,CounterTerrorist,2002.434,-239.9688,80.03125,M4A1,100,100,0,0,0,False,True,True,72.77344,0.703125
RUBINO[M] * TWITCH.TV,CounterTerrorist,2002.434,-239.9688,80.03125,M4A1,100,100,0,0,0,False,True,True,52.73437,0.3515625
RUBINO[M] * TWITCH.TV,CounterTerrorist,2002.434,-239.9688,80.03125,M4A1,100,100,0,0,0,False,True,True,35.50781,0.3515625
RUBINO[M] * TWITCH.TV,CounterTerrorist,2002.434,-239.9688,80.03125,M4A1,100,100,0,0,0,False,True,True,22.14844,0.3515625
RUBINO[M] * TWITCH.TV,CounterTerrorist,2002.434,-239.9688,80.03125,M4A1,100,100,0,0,0,False,True,True,12.65625,0.703125
RUBINO[M] * TWITCH.TV,CounterTerrorist,2002.434,-239.9688,80.03125,M4A1,100,100,0,0,0,False,True,True,7.382813,1.40625
RUBINO[M] * TWITCH.TV,CounterTerrorist,2002.434,-239.9688,80.03125,M4A1,100,100,0,0,0,False,True,True,5.273438,2.109375
RUBINO[M] * TWITCH.TV,CounterTerrorist,2002.434,-239.9688,80.03125,M4A1,100,100,0,0,0,False,True,True,4.921875,2.109375
RUBINO[M] * TWITCH.TV,CounterTerrorist,2002.434,-239.9688,80.03125,M4A1,100,100,0,0,0,False,True,True,4.921875,2.109375
RUBINO[M] * TWITCH.TV,CounterTerrorist,2002.434,-239.9688,80.03125,M4A1,100,100,0,0,0,False,True,True,4.921875,2.109375
RUBINO[M] * TWITCH.TV,CounterTerrorist,2002.434,-239.9688,80.03125,M4A1,100,100,0,0,0,False,True,True,5.273438,2.109375
RUBINO[M] * TWITCH.TV,CounterTerrorist,2002.545,-239.9584,80.03125,M4A1,100,100,8.525614,0.7939253,0,False,True,True,5.273438,1.757813
RUBINO[M] * TWITCH.TV,CounterTerrorist,2003.035,-239.9124,80.03125,M4A1,100,100,19.97423,1.879887,0,False,True,True,5.273438,1.757813
RUBINO[M] * TWITCH.TV,CounterTerrorist,2003.883,-239.8321,80.03125,M4A1,100,100,31.42122,2.982931,0,False,True,True,5.273438,1.757813
RUBINO[M] * TWITCH.TV,CounterTerrorist,2005.088,-239.7174,80.03125,M4A1,100,100,42.86876,4.080085,0,False,True,True,5.273438,1.757813
RUBINO[M] * TWITCH.TV,CounterTerrorist,2006.651,-239.5685,80.03125,M4A1,100,100,54.3165,5.175262,0,False,True,True,5.273438,1.757813
RUBINO[M] * TWITCH.TV,CounterTerrorist,2008.573,-239.3854,80.03125,M4A1,100,100,65.76432,6.269536,0,False,True,True,5.273438,1.757813
RUBINO[M] * TWITCH.TV,CounterTerrorist,2010.851,-239.1681,80.03125,M4A1,100,100,77.21218,7.363321,0,False,True,True,5.273438,1.757813
RUBINO[M] * TWITCH.TV,CounterTerrorist,2013.472,-238.9181,80.03125,M4A1,100,100,87.67041,8.362423,0,False,True,True,5.273438,1.757813
RUBINO[M] * TWITCH.TV,CounterTerrorist,2016.391,-238.6397,80.03125,M4A1,100,100,96.64597,9.219879,0,False,True,True,5.273438,1.757813
RUBINO[M] * TWITCH.TV,CounterTerrorist,2019.564,-238.337,80.03125,M4A1,100,100,104.349,9.955771,0,False,True,True,5.273438,1.757813
RUBINO[M] * TWITCH.TV,CounterTerrorist,2022.957,-238.0133,80.03125,M4A1,100,100,110.96,10.58734,0,False,True,True,5.273438,1.757813
RUBINO[M] * TWITCH.TV,CounterTerrorist,2026.536,-237.6717,80.03125,M4A1,100,100,116.4703,11.12016,0,False,True,True,5.625,1.757813
RUBINO[M] * TWITCH.TV,CounterTerrorist,2030.175,-237.3233,80.03125,M4A1,100,100,116.4643,11.18305,0,False,True,True,5.976563,1.40625
RUBINO[M] * TWITCH.TV,CounterTerrorist,2033.817,-237.0616,80.03125,M4A1,100,100,116.6915,3.610806,0,False,True,True,7.382813,1.40625
RUBINO[M] * TWITCH.TV,CounterTerrorist,2037.468,-237.2085,80.03125,M4A1,100,100,116.6382,-9.194013,0,False,True,True,11.95313,1.40625
RUBINO[M] * TWITCH.TV,CounterTerrorist,2041.095,-237.6653,80.03125,M4A1,100,100,115.7378,-17.1392,0,False,True,True,22.5,2.109375
RUBINO[M] * TWITCH.TV,CounterTerrorist,2044.608,-238.516,80.03125,M4A1,100,100,111.3434,-32.41789,0,False,True,True,41.48438,3.164063
RUBINO[M] * TWITCH.TV,CounterTerrorist,2048.073,-239.6762,80.03125,M4A1,100,100,110.488,-38.48885,0,False,True,True,66.09375,4.21875
RUBINO[M] * TWITCH.TV,CounterTerrorist,2051.567,-239.9823,80.03125,M4A1,100,100,113.716,-0.2942375,0,False,True,True,92.10938,4.570313
RUBINO[M] * TWITCH.TV,CounterTerrorist,2055.202,-239.9112,80.03125,M4A1,100,100,116.9534,3.3012,0,False,True,True,114.2578,3.867188
RUBINO[M] * TWITCH.TV,CounterTerrorist,2058.858,-239.8922,80.03125,M4A1,100,100,116.9999,-0.1372342,0,False,True,True,131.8359,1.757813
RUBINO[M] * TWITCH.TV,CounterTerrorist,2062.504,-239.985,80.03125,M4A1,100,100,116.3712,0,0,False,True,True,137.4609,0.3515625
RUBINO[M] * TWITCH.TV,CounterTerrorist,2066.127,-240.0741,80.03125,M4A1,100,100,115.6972,-7.557076,0,False,True,True,137.4609,0.3515625
RUBINO[M] * TWITCH.TV,CounterTerrorist,2069.731,-240.5787,80.03125,M4A1,100,100,115.0928,-21.03898,0,False,True,True,137.4609,0.3515625
RUBINO[M] * TWITCH.TV,CounterTerrorist,2073.279,-241.4572,80.03125,M4A1,100,100,112.514,-32.08738,0,False,True,True,137.4609,0.3515625
RUBINO[M] * TWITCH.TV,CounterTerrorist,2075.881,-242.3196,80.03125,M4A1,100,100,110.2979,-39.03032,0,False,True,True,137.4609,0.3515625
RUBINO[M] * TWITCH.TV,CounterTerrorist,2080.101,-244.0722,80.03125,M4A1,100,100,106.5093,-48.42279,0,False,True,True,137.4609,0.3515625
RUBINO[M] * TWITCH.TV,CounterTerrorist,2083.372,-245.7036,80.03125,M4A1,100,100,103.6291,-54.31398,0,False,True,True,137.4609,0.3515625
RUBINO[M] * TWITCH.TV,CounterTerrorist,2086.559,-247.496,80.03125,M4A1,100,100,101.0031,-59.05402,0,False,True,True,137.4609,0.3515625
RUBINO[M] * TWITCH.TV,CounterTerrorist,2089.669,-249.4179,80.03125,M4A1,100,100,98.67429,-62.86798,0,False,True,True,137.4609,0.3515625
RUBINO[M] * TWITCH.TV,CounterTerrorist,2092.713,-251.4433,80.03125,M4A1,100,100,96.69848,-65.86655,0,False,True,True,137.8125,0.3515625
RUBINO[M] * TWITCH.TV,CounterTerrorist,2095.705,-253.544,80.03125,M4A1,100,100,95.24453,-67.95203,0,False,True,True,138.5156,0.3515625
RUBINO[M] * TWITCH.TV,CounterTerrorist,2098.659,-255.6989,80.03125,M4A1,100,100,94.1115,-69.51276,0,False,True,True,138.5156,0.3515625
RUBINO[M] * TWITCH.TV,CounterTerrorist,2101.581,-257.8964,80.03125,M4A1,100,100,93.16804,-70.77228,0,False,True,True,138.5156,0
RUBINO[M] * TWITCH.TV,CounterTerrorist,2104.454,-260.1503,80.03125,M4A1,100,100,89.43597,-74.56017,0,False,True,True,138.5156,0
RUBINO[M] * TWITCH.TV,CounterTerrorist,2107.022,-262.6971,80.03125,M4A1,100,100,78.0722,-85.45138,0,False,True,True,138.5156,0
RUBINO[M] * TWITCH.TV,CounterTerrorist,2109.268,-265.5535,80.03125,M4A1,100,100,68.31949,-94.79852,0,False,True,True,138.5156,0
RUBINO[M] * TWITCH.TV,CounterTerrorist,2111.217,-268.6453,80.03125,M4A1,100,100,58.88367,-101.1025,0,False,True,True,138.5156,0
RUBINO[M] * TWITCH.TV,CounterTerrorist,2112.89,-271.8953,80.03125,M4A1,100,100,50.47951,-105.5501,0,False,True,True,138.5156,0
RUBINO[M] * TWITCH.TV,CounterTerrorist,2114.323,-275.2583,80.03125,M4A1,100,100,43.22721,-108.7217,0,False,True,True,138.5156,0
RUBINO[M] * TWITCH.TV,CounterTerrorist,2115.551,-278.7017,80.03125,M4A1,100,100,37.06519,-110.9737,0,False,True,True,138.5156,0
RUBINO[M] * TWITCH.TV,CounterTerrorist,2116.791,-282.14,80.03125,M4A1,100,100,43.50996,-108.6088,0,False,True,True,138.5156,0
RUBINO[M] * TWITCH.TV,CounterTerrorist,2118.324,-285.4582,80.03125,M4A1,100,100,52.17567,-104.722,0,False,True,True,138.5156,0
RUBINO[M] * TWITCH.TV,CounterTerrorist,2120.094,-288.6567,80.03125,M4A1,100,100,59.12892,-100.9592,0,False,True,True,138.5156,0
RUBINO[M] * TWITCH.TV,CounterTerrorist,2122.053,-291.7431,80.03125,M4A1,100,100,64.6883,-97.49063,0,False,True,True,138.5156,0
RUBINO[M] * TWITCH.TV,CounterTerrorist,2124.164,-294.7283,80.03125,M4A1,100,100,69.1297,-94.39323,0,False,True,True,138.5156,0
RUBINO[M] * TWITCH.TV,CounterTerrorist,2126.396,-297.6243,80.03125,M4A1,100,100,72.68126,-91.68661,0,False,True,True,138.5156,0
RUBINO[M] * TWITCH.TV,CounterTerrorist,2128.708,-300.4561,80.03125,M4A1,100,100,73.51842,-91.01669,0,False,True,True,138.5156,0
RUBINO[M] * TWITCH.TV,CounterTerrorist,2130.807,-303.4486,80.03125,M4A1,100,100,63.40674,-98.32896,0,False,True,True,137.8125,0
RUBINO[M] * TWITCH.TV,CounterTerrorist,2132.604,-306.631,80.03125,M4A1,100,100,54.10038,-103.7408,0,False,True,True,136.7578,359.6484
RUBINO[M] * TWITCH.TV,CounterTerrorist,2134.128,-309.9539,80.03125,M4A1,100,100,45.65393,-107.7252,0,False,True,True,136.0547,359.6484
RUBINO[M] * TWITCH.TV,CounterTerrorist,2135.588,-313.3052,80.03125,M4A1,100,100,49.62075,-105.9565,0,False,True,True,135.3516,359.6484
RUBINO[M] * TWITCH.TV,CounterTerrorist,2137.267,-316.5522,80.03125,M4A1,100,100,56.04384,-102.7039,0,False,True,True,135,359.2969
RUBINO[M] * TWITCH.TV,CounterTerrorist,2139.122,-319.703,80.03125,M4A1,100,100,61.17522,-99.73259,0,False,True,True,135,359.2969
RUBINO[M] * TWITCH.TV,CounterTerrorist,2141.116,-322.7671,80.03125,M4A1,100,100,65.29261,-97.08694,0,False,True,True,135,359.2969
RUBINO[M] * TWITCH.TV,CounterTerrorist,2143.223,-325.7552,80.03125,M4A1,100,100,68.59971,-94.7791,0,False,True,True,135,359.2969
RUBINO[M] * TWITCH.TV,CounterTerrorist,2145.419,-328.6778,80.03125,M4A1,100,100,71.22168,-92.82494,0,False,True,True,135,359.2969
RUBINO[M] * TWITCH.TV,CounterTerrorist,2147.692,-331.5546,80.03125,Smoke,100,100,74.06258,-92.20228,0,False,True,True,135,359.2969
RUBINO[M] * TWITCH.TV,CounterTerrorist,2150.1,-334.4783,80.03125,Smoke,100,100,78.76957,-94.33212,0,False,True,True,135,359.2969
RUBINO[M] * TWITCH.TV,CounterTerrorist,2152.642,-337.4626,80.03125,Smoke,100,100,82.80923,-96.16001,0,False,True,True,135,359.2969
RUBINO[M] * TWITCH.TV,CounterTerrorist,2155.262,-340.46,80.03125,Smoke,100,100,84.23164,-95.58132,0,False,True,True,135,359.2969
RUBINO[M] * TWITCH.TV,CounterTerrorist,2157.912,-343.4312,80.03125,Smoke,100,100,85.11949,-94.79151,0,False,True,True,135,359.2969
RUBINO[M] * TWITCH.TV,CounterTerrorist,2160.587,-346.38,80.03125,Smoke,100,100,85.86254,-94.11897,0,False,True,True,135,359.2969
RUBINO[M] * TWITCH.TV,CounterTerrorist,2162.438,-348.4026,80.03125,M4A1,100,100,79.15276,-86.16171,0,False,True,True,135,359.2969
RUBINO[M] * TWITCH.TV,CounterTerrorist,2165.546,-351.754,80.03125,M4A1,100,100,79.79561,-85.56669,0,False,True,True,135,359.2969
RUBINO[M] * TWITCH.TV,CounterTerrorist,2168.047,-354.4204,80.03125,M4A1,100,100,80.19615,-85.19141,0,False,True,True,134.6484,359.2969
RUBINO[M] * TWITCH.TV,CounterTerrorist,2170.56,-357.0765,80.03125,M4A1,100,100,80.52309,-84.88245,0,False,True,True,134.6484,359.2969
RUBINO[M] * TWITCH.TV,CounterTerrorist,2173.082,-359.7236,80.03125,M4A1,100,100,80.81258,-84.60689,0,False,True,True,135,359.2969
RUBINO[M] * TWITCH.TV,CounterTerrorist,2175.612,-362.3628,80.03125,M4A1,100,100,81.06294,-84.36704,0,False,True,True,135,359.2969
RUBINO[M] * TWITCH.TV,CounterTerrorist,2178.15,-364.9951,80.03125,M4A1,100,100,81.27684,-84.161,0,False,True,True,135,359.2969
RUBINO[M] * TWITCH.TV,CounterTerrorist,2180.693,-367.6217,80.03125,M4A1,100,100,81.45972,-83.984,0,False,True,True,135,359.2969
RUBINO[M] * TWITCH.TV,CounterTerrorist,2183.242,-370.2432,80.03125,M4A1,100,100,81.61623,-83.83192,0,False,True,True,135,359.2969
RUBINO[M] * TWITCH.TV,CounterTerrorist,2185.795,-372.8603,80.03125,M4A1,100,100,81.75021,-83.70127,0,False,True,True,135,359.2969
RUBINO[M] * TWITCH.TV,CounterTerrorist,2188.352,-375.4738,80.03125,M4A1,100,100,81.86497,-83.58903,0,False,True,True,135,359.2969
RUBINO[M] * TWITCH.TV,CounterTerrorist,2190.912,-378.0851,86.81625,M4A1,100,100,81.89099,-83.56354,280.1184,False,True,True,135,359.2969
RUBINO[M] * TWITCH.TV,CounterTerrorist,2193.471,-380.6964,104.1793,M4A1,100,100,81.89099,-83.56354,255.1184,False,True,True,135,359.2969
RUBINO[M] * TWITCH.TV,CounterTerrorist,2196.031,-383.3078,111.7611,M4A1,100,100,81.89099,-83.56354,230.1184,False,True,True,135,359.2969
RUBINO[M] * TWITCH.TV,CounterTerrorist,2198.432,-386.0772,118.5617,M4A1,100,100,71.73366,-93.72452,205.1184,False,True,True,135,359.6484
RUBINO[M] * TWITCH.TV,CounterTerrorist,2200.433,-389.2471,124.5809,M4A1,100,100,61.53257,-103.9293,180.1184,False,True,True,135,359.6484
RUBINO[M] * TWITCH.TV,CounterTerrorist,2202.356,-392.4949,129.819,M4A1,100,100,61.53257,-103.9293,155.1184,False,True,True,135,359.6484
RUBINO[M] * TWITCH.TV,CounterTerrorist,2204.279,-395.7427,134.2758,M4A1,100,100,61.53257,-103.9293,130.1184,False,True,True,135,359.6484
RUBINO[M] * TWITCH.TV,CounterTerrorist,2206.201,-398.9905,137.9514,M4A1,100,100,61.53257,-103.9293,105.1184,False,True,True,135,359.6484
RUBINO[M] * TWITCH.TV,CounterTerrorist,2208.124,-402.2383,140.8458,M4A1,100,100,61.53257,-103.9293,80.11838,False,True,True,135,359.6484
RUBINO[M] * TWITCH.TV,CounterTerrorist,2210.046,-405.4869,142.9589,M4A1,100,100,61.43718,-104.0245,55.11838,False,True,True,135,359.6484
RUBINO[M] * TWITCH.TV,CounterTerrorist,2211.966,-408.7376,144.2907,M4A1,100,100,61.43718,-104.0245,30.11838,False,True,True,135,359.6484
RUBINO[M] * TWITCH.TV,CounterTerrorist,2213.882,-411.9929,144.8413,M4A1,100,100,61.15005,-104.3095,5.118378,False,True,True,134.6484,359.6484
RUBINO[M] * TWITCH.TV,CounterTerrorist,2215.784,-415.2607,144.6107,M4A1,100,100,60.76534,-104.6884,-19.88162,False,True,True,134.2969,359.6484
RUBINO[M] * TWITCH.TV,CounterTerrorist,2217.669,-418.5462,143.5988,M4A1,100,100,59.89109,-105.5354,-44.88162,False,True,True,133.9453,359.6484
RUBINO[M] * TWITCH.TV,CounterTerrorist,2219.522,-421.8617,141.8056,M4A1,100,100,58.90666,-106.4685,-69.88162,False,True,True,133.2422,359.2969
RUBINO[M] * TWITCH.TV,CounterTerrorist,2221.342,-425.2083,139.2312,M4A1,100,100,57.80803,-107.4847,-94.88162,False,True,True,132.5391,359.2969
RUBINO[M] * TWITCH.TV,CounterTerrorist,2223.128,-428.5851,126.8756,M4A1,100,100,56.89719,-108.3083,-119.8816,False,True,True,131.8359,358.9453
RUBINO[M] * TWITCH.TV,CounterTerrorist,2224.894,-431.9811,122.7386,M4A1,100,100,56.28423,-108.8535,0,False,True,True,131.4844,358.9453
RUBINO[M] * TWITCH.TV,CounterTerrorist,2226.012,-434.9107,121.6455,M4A1,100,100,31.36374,-96.33278,0,False,True,True,131.1328,358.5938
RUBINO[M] * TWITCH.TV,CounterTerrorist,2226.874,-438.0762,121.6455,M4A1,100,100,25.39732,-104.1237,0,False,True,True,130.7813,358.2422
RUBINO[M] * TWITCH.TV,CounterTerrorist,2227.564,-441.4631,121.6455,M4A1,100,100,20.19802,-110.8045,0,False,True,True,130.7813,358.2422
RUBINO[M] * TWITCH.TV,CounterTerrorist,2228.105,-445.0322,121.6455,M4A1,100,100,15.64653,-115.9491,0,False,True,True,130.7813,357.8906
RUBINO[M] * TWITCH.TV,CounterTerrorist,2228.508,-448.666,121.6455,M4A1,100,100,11.32735,-116.4504,0,False,True,True,130.7813,357.8906
RUBINO[M] * TWITCH.TV,CounterTerrorist,2228.791,-452.3112,121.6455,M4A1,100,100,7.768272,-116.7418,0,False,True,True,130.7813,357.8906
RUBINO[M] * TWITCH.TV,CounterTerrorist,2228.977,-455.9626,121.6455,M4A1,100,100,4.974031,-116.8942,0,False,True,True,130.7813,357.8906
RUBINO[M] * TWITCH.TV,CounterTerrorist,2229.088,-459.6171,121.6455,M4A1,100,100,2.764986,-116.9673,0,False,True,True,130.7813,357.8906
RUBINO[M] * TWITCH.TV,CounterTerrorist,2229.139,-463.273,121.6455,M4A1,100,100,0.9757152,-116.9959,0,False,True,True,130.7813,357.8906
RUBINO[M] * TWITCH.TV,CounterTerrorist,2229.14,-466.9292,104.1368,M4A1,100,100,-0.4976606,-116.9989,0,False,True,True,130.7813,357.8906
RUBINO[M] * TWITCH.TV,CounterTerrorist,2229.1,-470.5853,104.9382,M4A1,100,100,-1.72494,-116.9873,0,False,True,True,130.7813,357.8906
RUBINO[M] * TWITCH.TV,CounterTerrorist,2229.026,-474.2408,105.6793,M4A1,100,100,-2.755589,-116.9675,0,False,True,True,130.7813,357.8906
RUBINO[M] * TWITCH.TV,CounterTerrorist,2228.922,-477.8955,106.5328,M4A1,100,100,-3.652296,-116.943,0,False,True,True,130.4297,357.8906
RUBINO[M] * TWITCH.TV,CounterTerrorist,2228.792,-481.5494,107.6674,M4A1,100,100,-4.442915,-116.9156,0,False,True,True,130.4297,357.8906
RUBINO[M] * TWITCH.TV,CounterTerrorist,2228.639,-485.2025,108.8019,M4A1,100,100,-5.150058,-116.8866,0,False,True,True,130.4297,357.8906
RUBINO[M] * TWITCH.TV,CounterTerrorist,2228.65,-488.8532,109.7619,M4A1,100,100,5.86653,-116.7687,0,False,True,True,130.0781,357.5391
RUBINO[M] * TWITCH.TV,CounterTerrorist,2229.089,-492.4813,110.3641,M4A1,100,100,18.65171,-115.5037,0,False,True,True,129.7266,356.8359
RUBINO[M] * TWITCH.TV,CounterTerrorist,2229.882,-496.0494,110.955,M4A1,100,100,29.12768,-113.3163,0,False,True,True,129.375,355.7813
RUBINO[M] * TWITCH.TV,CounterTerrorist,2230.971,-499.4489,111.6395,M4A1,100,100,38.28691,-106.8863,0,False,True,True,129.0234,354.7266
RUBINO[M] * TWITCH.TV,CounterTerrorist,2232.326,-502.8135,112.7509,M4A1,100,100,45.97964,-107.5866,0,False,True,True,128.6719,352.9688
RUBINO[M] * TWITCH.TV,CounterTerrorist,2233.865,-506.1294,113.8477,M4A1,100,100,51.09171,-105.2551,0,False,True,True,128.6719,351.5625
RUBINO[M] * TWITCH.TV,CounterTerrorist,2235.544,-509.3772,114.6813,M4A1,100,100,55.18971,-103.1654,0,False,True,True,128.6719,350.5078
RUBINO[M] * TWITCH.TV,CounterTerrorist,2237.335,-512.5646,115.1764,M4A1,100,100,58.49644,-101.327,0,False,True,True,128.6719,350.5078
RUBINO[M] * TWITCH.TV,CounterTerrorist,2239.216,-515.7001,115.6642,M4A1,100,100,61.08393,-99.78852,0,False,True,True,128.6719,350.5078
RUBINO[M] * TWITCH.TV,CounterTerrorist,2241.165,-518.7935,116.1462,M4A1,100,100,63.08098,-98.53825,0,False,True,True,128.6719,351.2109
RUBINO[M] * TWITCH.TV,CounterTerrorist,2243.041,-521.6957,116.1922,M4A1,100,100,56.63083,-87.61643,0,False,True,True,128.3203,352.6172
RUBINO[M] * TWITCH.TV,CounterTerrorist,2244.651,-524.1865,116.2142,Smoke,100,100,48.60219,-75.19492,0,False,True,True,127.2656,354.7266
RUBINO[M] * TWITCH.TV,CounterTerrorist,2246.032,-526.3242,116.2513,Smoke,100,100,41.71178,-64.53442,0,False,True,True,125.8594,357.5391
RUBINO[M] * TWITCH.TV,CounterTerrorist,2246.938,-527.7246,116.2513,Smoke,100,100,37.09417,-57.39027,0,False,True,True,125.1563,358.9453
RUBINO[M] * TWITCH.TV,CounterTerrorist,2248.107,-527.9688,116.2716,Smoke,100,100,24.31745,0,0,False,True,True,124.8047,0.3515625
RUBINO[M] * TWITCH.TV,CounterTerrorist,2248.573,-527.867,116.2898,M4A1,100,100,6.742367,8.360337,0,False,True,True,124.8047,0.3515625
RUBINO[M] * TWITCH.TV,CounterTerrorist,2248.477,-527.4391,116.2898,M4A1,100,100,-7.180826,16.59708,0,False,True,True,125.1563,0.3515625
RUBINO[M] * TWITCH.TV,CounterTerrorist,2248.094,-526.7542,116.2867,M4A1,100,100,-15.13792,25.20601,0,False,True,True,125.1563,0.3515625
RUBINO[M] * TWITCH.TV,CounterTerrorist,2247.48,-525.7901,116.2762,M4A1,100,100,-22.27592,34.26754,0,False,True,True,125.1563,0.3515625
RUBINO[M] * TWITCH.TV,CounterTerrorist,2246.649,-524.5394,116.2619,M4A1,100,100,-29.17023,43.48454,0,False,True,True,125.1563,0.3515625
RUBINO[M] * TWITCH.TV,CounterTerrorist,2245.604,-522.9992,116.2439,M4A1,100,100,-35.95922,52.77168,0,False,True,True,125.1563,0.3515625
RUBINO[M] * TWITCH.TV,CounterTerrorist,2244.349,-521.168,116.2223,M4A1,100,100,-42.69307,62.09629,0,False,True,True,125.1563,0.3515625
RUBINO[M] * TWITCH.TV,CounterTerrorist,2242.889,-519.0526,116.1972,M4A1,100,100,-49.00746,70.88236,0,False,True,True,125.1563,0.3515625
RUBINO[M] * TWITCH.TV,CounterTerrorist,2241.25,-516.6875,115.8281,M4A1,100,100,-54.42664,78.42282,0,False,True,True,125.1563,0.3515625
RUBINO[M] * TWITCH.TV,CounterTerrorist,2239.456,-514.108,115.425,M4A1,100,100,-59.08805,84.88686,0,False,True,True,125.1563,0.3515625
RUBINO[M] * TWITCH.TV,CounterTerrorist,2237.53,-511.3451,114.9932,M4A1,100,100,-63.09835,90.42764,0,False,True,True,125.1563,0.3515625
RUBINO[M] * TWITCH.TV,CounterTerrorist,2235.49,-508.4246,114.5367,M4A1,100,100,-66.54011,95.1829,0,False,True,True,125.1563,0.3515625
RUBINO[M] * TWITCH.TV,CounterTerrorist,2233.394,-505.4288,113.6149,M4A1,100,100,-67.09834,95.84785,0,False,True,True,125.1563,0.3515625
RUBINO[M] * TWITCH.TV,CounterTerrorist,2231.295,-502.4344,112.6192,M4A1,100,100,-67.15732,95.80653,0,False,True,True,125.1563,0.3515625
RUBINO[M] * TWITCH.TV,CounterTerrorist,2230.281,-499.4168,111.6239,M4A1,100,100,-0.001068354,97.8371,0,False,True,True,125.5078,0.3515625
RUBINO[M] * TWITCH.TV,CounterTerrorist,2230.125,-496.2868,110.9937,M4A1,100,100,-9.533766,101.4808,0,False,True,True,125.5078,0.3515625
RUBINO[M] * TWITCH.TV,CounterTerrorist,2229.605,-493.0538,110.4575,M4A1,100,100,-20.69062,104.583,0,False,True,True,125.5078,0
RUBINO[M] * TWITCH.TV,CounterTerrorist,2228.768,-489.7328,109.9079,M4A1,100,100,-30.28115,107.2344,0,False,True,True,125.5078,359.6484
RUBINO[M] * TWITCH.TV,CounterTerrorist,2227.657,-486.3367,109.1579,M4A1,100,100,-38.53688,109.492,0,False,True,True,125.8594,359.6484
RUBINO[M] * TWITCH.TV,CounterTerrorist,2226.332,-482.9295,108.1056,M4A1,100,100,-44.39196,108.2513,0,False,True,True,125.8594,359.2969
RUBINO[M] * TWITCH.TV,CounterTerrorist,2224.854,-479.5853,107.0734,M4A1,100,100,-48.89269,106.2944,0,False,True,True,125.8594,359.2969
RUBINO[M] * TWITCH.TV,CounterTerrorist,2223.254,-476.2984,106.0767,M4A1,100,100,-52.54189,104.5387,0,False,True,True,125.8594,359.2969
RUBINO[M] * TWITCH.TV,CounterTerrorist,2221.553,-473.062,105.4145,M4A1,100,100,-55.45829,103.0212,0,False,True,True,125.8594,359.2969
RUBINO[M] * TWITCH.TV,CounterTerrorist,2219.774,-469.8674,104.7605,M4A1,100,100,-57.70916,101.7775,0,False,True,True,125.8594,359.2969
RUBINO[M] * TWITCH.TV,CounterTerrorist,2217.935,-466.7079,104.0319,M4A1,100,100,-59.53511,100.7202,0,False,True,True,126.2109,358.9453
RUBINO[M] * TWITCH.TV,CounterTerrorist,2216.043,-463.5793,121.6347,M4A1,100,100,-61.12671,99.76233,0,False,True,True,126.5625,358.5938
RUBINO[M] * TWITCH.TV,CounterTerrorist,2214.104,-460.4799,121.6347,M4A1,100,100,-62.62561,98.8283,0,False,True,True,127.2656,357.8906
RUBINO[M] * TWITCH.TV,CounterTerrorist,2212.323,-457.6705,121.6347,M4A1,100,100,-53.74709,84.81728,0,False,True,True,127.9687,357.5391
RUBINO[M] * TWITCH.TV,CounterTerrorist,2210.898,-455.1768,121.6347,M4A1,100,100,-37.43363,79.79288,0,False,True,True,129.0234,357.5391
RUBINO[M] * TWITCH.TV,CounterTerrorist,2210.164,-452.6365,121.6347,M4A1,100,100,-15.545,82.16925,0,False,True,True,129.7266,357.5391
RUBINO[M] * TWITCH.TV,CounterTerrorist,2210.05,-450.0247,121.6347,M4A1,100,100,3.08641,84.3933,0,False,True,True,130.4297,357.5391
RUBINO[M] * TWITCH.TV,CounterTerrorist,2210.463,-447.3477,121.6347,M4A1,100,100,18.99736,86.39521,0,False,True,True,130.4297,357.5391
RUBINO[M] * TWITCH.TV,CounterTerrorist,2211,-444.9359,121.6347,M4A1,100,100,15.86008,68.47668,0,False,True,True,130.4297,357.5391
RUBINO[M] * TWITCH.TV,CounterTerrorist,2211.407,-443.4523,121.6347,M4A1,100,100,11.27767,34.90412,0,False,True,True,130.4297,357.5391
RUBINO[M] * TWITCH.TV,CounterTerrorist,2211.644,-443.0078,121.6347,M4A1,100,100,4.863672,2.04898,0,False,True,True,130.4297,357.5391
RUBINO[M] * TWITCH.TV,CounterTerrorist,2211.655,-443.2935,121.6347,M4A1,100,100,-0.5983422,-13.47998,0,False,True,True,130.4297,357.5391
RUBINO[M] * TWITCH.TV,CounterTerrorist,2211.613,-443.9384,121.6347,M4A1,100,100,-1.72872,-24.92949,0,False,True,True,130.4297,357.5391
RUBINO[M] * TWITCH.TV,CounterTerrorist,2211.54,-444.9412,121.6347,M4A1,100,100,-2.720066,-36.38731,0,False,True,True,130.4297,357.1875
RUBINO[M] * TWITCH.TV,CounterTerrorist,2211.436,-446.3021,121.6347,M4A1,100,100,-3.72093,-47.84403,0,False,True,True,130.4297,357.1875
RUBINO[M] * TWITCH.TV,CounterTerrorist,2211.3,-448.021,121.6347,M4A1,100,100,-4.69622,-59.30273,0,False,True,True,130.4297,357.1875
RUBINO[M] * TWITCH.TV,CounterTerrorist,2211.445,-449.9937,121.6347,M4A1,100,100,9.869251,-65.42351,0,False,True,True,130.4297,357.1875
RUBINO[M] * TWITCH.TV,CounterTerrorist,2211.999,-452.1613,121.6347,M4A1,100,100,22.23513,-71.77863,0,False,True,True,130.4297,357.1875
RUBINO[M] * TWITCH.TV,CounterTerrorist,2212.908,-454.5281,121.6347,M4A1,100,100,32.99717,-77.99537,0,False,True,True,130.4297,357.1875
RUBINO[M] * TWITCH.TV,CounterTerrorist,2214.123,-457.0717,121.6347,M4A1,100,100,42.23346,-83.33076,0,False,True,True,130.4297,357.1875
RUBINO[M] * TWITCH.TV,CounterTerrorist,2215.601,-459.7669,121.6347,M4A1,100,100,50.1603,-87.90975,0,False,True,True,130.4297,357.1875
RUBINO[M] * TWITCH.TV,CounterTerrorist,2217.303,-462.5923,121.6347,M4A1,100,100,56.96334,-91.83956,0,False,True,True,130.4297,357.1875
RUBINO[M] * TWITCH.TV,CounterTerrorist,2219.2,-465.5294,121.0003,M4A1,100,100,62.81686,-95.1995,0,False,True,True,130.4297,356.8359
RUBINO[M] * TWITCH.TV,CounterTerrorist,2221.252,-468.5378,104.496,M4A1,100,100,66.80563,-96.05209,0,False,True,True,132.1875,355.0781
RUBINO[M] * TWITCH.TV,CounterTerrorist,2223.562,-471.3261,105.0694,M4A1,100,100,78.3202,-84.34008,0,False,True,True,134.2969,352.6172
RUBINO[M] * TWITCH.TV,CounterTerrorist,2226.217,-473.7197,105.5639,M4A1,100,100,88.71499,-72.06563,0,False,True,True,136.4063,349.1016
RUBINO[M] * TWITCH.TV,CounterTerrorist,2229.166,-475.7506,105.986,M4A1,100,100,97.61836,-60.89845,0,False,True,True,137.8125,346.6406
RUBINO[M] * TWITCH.TV,CounterTerrorist,2232.369,-477.4585,106.3834,M4A1,100,100,105.248,-51.07761,0,False,True,True,138.1641,344.8828
RUBINO[M] * TWITCH.TV,CounterTerrorist,2235.742,-478.8665,106.8071,M4A1,100,100,109.3513,-41.60888,0,False,True,True,138.1641,343.4766
RUBINO[M] * TWITCH.TV,CounterTerrorist,2239.216,-480.0047,107.1466,M4A1,100,100,112.1076,-33.4795,0,False,True,True,138.1641,342.7734
RUBINO[M] * TWITCH.TV,CounterTerrorist,2242.756,-480.9143,107.4148,M4A1,100,100,113.9291,-26.62998,0,False,True,True,138.1641,342.7734
RUBINO[M] * TWITCH.TV,CounterTerrorist,2246.341,-481.6318,107.6233,M4A1,100,100,115.1202,-20.88896,0,False,True,True,138.1641,342.7734
RUBINO[M] * TWITCH.TV,CounterTerrorist,2249.922,-482.0178,107.7196,M4A1,100,100,113.843,-5.274775,0,False,True,True,137.8125,342.7734
RUBINO[M] * TWITCH.TV,CounterTerrorist,2253.445,-481.8497,107.6627,M4A1,100,100,112.0963,11.4473,0,False,True,True,137.8125,342.7734
RUBINO[M] * TWITCH.TV,CounterTerrorist,2256.917,-481.2064,107.4492,M4A1,100,100,110.5973,25.79866,0,False,True,True,137.8125,342.7734
RUBINO[M] * TWITCH.TV,CounterTerrorist,2260.348,-480.155,107.1092,M4A1,100,100,109.3059,38.11979,0,False,True,True,138.1641,342.7734
RUBINO[M] * TWITCH.TV,CounterTerrorist,2263.722,-478.7612,106.7156,M4A1,100,100,106.6755,48.05551,0,False,True,True,138.1641,342.4219
RUBINO[M] * TWITCH.TV,CounterTerrorist,2266.981,-477.1056,106.3911,M4A1,100,100,102.8779,55.72369,0,False,True,True,138.1641,342.4219
RUBINO[M] * TWITCH.TV,CounterTerrorist,2270.126,-475.2408,106.0238,M4A1,100,100,99.30357,61.86921,0,False,True,True,138.1641,342.4219
RUBINO[M] * TWITCH.TV,CounterTerrorist,2272.861,-473.5802,105.6964,M4A1,100,100,77.792,44.77132,0,False,True,True,138.1641,342.4219
RUBINO[M] * TWITCH.TV,CounterTerrorist,2274.784,-472.6287,105.5101,M4A1,100,100,52.01413,22.17709,0,False,True,True,138.1641,342.4219
RUBINO[M] * TWITCH.TV,CounterTerrorist,2275.907,-472.3412,105.4557,M4A1,100,100,26.1837,1.776855,0,False,True,True,138.1641,343.125
RUBINO[M] * TWITCH.TV,CounterTerrorist,2276.222,-472.5746,105.5041,M4A1,100,100,1.152009,-11.30927,0,False,True,True,137.4609,344.5313
RUBINO[M] * TWITCH.TV,CounterTerrorist,2275.987,-473.0396,105.5976,M4A1,100,100,-11.66313,-17.19893,0,False,True,True,135.3516,346.6406
RUBINO[M] * TWITCH.TV,CounterTerrorist,2275.434,-473.7094,105.7315,M4A1,100,100,-21.27726,-23.98461,0,False,True,True,132.5391,349.4531
RUBINO[M] * TWITCH.TV,CounterTerrorist,2274.582,-474.5887,105.9069,M4A1,100,100,-30.85119,-30.59054,0,False,True,True,129.7266,352.2656
RUBINO[M] * TWITCH.TV,CounterTerrorist,2273.427,-475.6673,106.1216,M4A1,100,100,-40.6498,-36.81815,0,False,True,True,126.9141,354.7266
RUBINO[M] * TWITCH.TV,CounterTerrorist,2271.919,-476.741,106.3342,M4A1,100,100,-53.29414,-30.52235,0,False,True,True,125.5078,356.8359
RUBINO[M] * TWITCH.TV,CounterTerrorist,2270.012,-477.5197,106.4855,Flash,100,100,-65.52998,-21.77421,0,False,True,True,124.4531,358.5938
RUBINO[M] * TWITCH.TV,CounterTerrorist,2267.851,-477.8889,106.5529,Flash,100,100,-69.80976,-4.00948,0,False,True,True,124.1016,358.9453
RUBINO[M] * TWITCH.TV,CounterTerrorist,2265.636,-477.6505,106.4969,Flash,100,100,-71.51838,14.23593,0,False,True,True,124.8047,358.2422
RUBINO[M] * TWITCH.TV,CounterTerrorist,2263.362,-476.8948,106.3359,Flash,100,100,-73.55317,29.85868,0,False,True,True,124.8047,357.8906
RUBINO[M] * TWITCH.TV,CounterTerrorist,2261.027,-475.6945,106.0844,Smoke,100,100,-75.39095,43.28608,0,False,True,True,124.8047,357.8906
RUBINO[M] * TWITCH.TV,CounterTerrorist,2258.639,-474.1124,105.7553,Smoke,100,100,-76.96818,54.80985,0,False,True,True,124.8047,357.8906
RUBINO[M] * TWITCH.TV,CounterTerrorist,2256.207,-472.2027,105.3597,Smoke,100,100,-78.32181,64.69988,0,False,True,True,124.8047,357.8906
RUBINO[M] * TWITCH.TV,CounterTerrorist,2253.737,-470.0119,104.9069,Smoke,100,100,-79.48354,73.18781,0,False,True,True,124.8047,357.8906
RUBINO[M] * TWITCH.TV,CounterTerrorist,2251.233,-467.5798,104.4051,Smoke,100,100,-80.48057,80.47239,0,False,True,True,124.8047,357.8906
RUBINO[M] * TWITCH.TV,CounterTerrorist,2248.701,-464.9406,121.1918,Smoke,100,100,-81.33623,86.72421,0,False,True,True,124.8047,357.8906
RUBINO[M] * TWITCH.TV,CounterTerrorist,2246.144,-462.1237,121.6433,Smoke,100,100,-82.07059,92.08971,0,False,True,True,124.8047,357.8906
RUBINO[M] * TWITCH.TV,CounterTerrorist,2243.567,-459.1542,121.6433,Smoke,100,100,-82.70085,96.69453,0,False,True,True,124.8047,357.8906
RUBINO[M] * TWITCH.TV,CounterTerrorist,2241.01,-456.1024,121.6433,Smoke,100,100,-81.2666,98.11472,0,False,True,True,124.8047,357.8906
RUBINO[M] * TWITCH.TV,CounterTerrorist,2238.496,-453.0156,121.6433,Smoke,100,100,-79.99599,99.15343,0,False,True,True,124.8047,357.8906
RUBINO[M] * TWITCH.TV,CounterTerrorist,2236.017,-449.9,121.6433,Smoke,100,100,-78.92867,100.0051,0,False,True,True,124.8047,357.8906
RUBINO[M] * TWITCH.TV,CounterTerrorist,2233.568,-446.7607,121.6433,Smoke,100,100,-78.026,100.711,0,False,True,True,124.8047,357.8906
RUBINO[M] * TWITCH.TV,CounterTerrorist,2231.146,-443.6017,121.6433,Smoke,100,100,-77.25893,101.3006,0,False,True,True,124.8047,357.8906
RUBINO[M] * TWITCH.TV,CounterTerrorist,2228.744,-440.4261,121.6433,Smoke,100,100,-76.6049,101.7961,0,False,True,True,124.8047,357.8906
RUBINO[M] * TWITCH.TV,CounterTerrorist,2226.361,-437.2369,121.6433,Smoke,100,100,-76.07751,102.1909,0,False,True,True,125.1563,357.8906
RUBINO[M] * TWITCH.TV,CounterTerrorist,2223.99,-434.0387,121.6433,Smoke,100,100,-75.7762,102.4145,0,False,True,True,125.8594,358.2422
RUBINO[M] * TWITCH.TV,CounterTerrorist,2221.624,-430.8372,119.8476,Smoke,100,100,-75.72811,102.45,0,False,True,True,126.5625,358.2422
RUBINO[M] * TWITCH.TV,CounterTerrorist,2219.255,-427.6372,111.4171,Smoke,100,100,-75.85331,102.3574,0,False,True,True,127.2656,358.2422
RUBINO[M] * TWITCH.TV,CounterTerrorist,2216.881,-424.4411,102.9967,Smoke,100,100,-76.03535,102.2222,0,False,True,True,127.2656,358.2422
RUBINO[M] * TWITCH.TV,CounterTerrorist,2214.501,-421.2494,102.8563,Smoke,100,100,-76.22428,102.0814,0,False,True,True,127.2656,358.2422
RUBINO[M] * TWITCH.TV,CounterTerrorist,2212.116,-418.0619,102.8563,Smoke,100,100,-76.39415,101.9544,0,False,True,True,127.2656,358.2422
RUBINO[M] * TWITCH.TV,CounterTerrorist,2209.725,-414.8784,102.8563,Smoke,100,100,-76.57353,101.8197,0,False,True,True,127.6172,358.2422
RUBINO[M] * TWITCH.TV,CounterTerrorist,2207.329,-411.6992,102.8563,Smoke,100,100,-76.75614,101.6821,0,False,True,True,127.6172,358.2422
RUBINO[M] * TWITCH.TV,CounterTerrorist,2204.927,-408.5241,102.8563,Smoke,100,100,-76.91647,101.5609,0,False,True,True,127.6172,358.2422
RUBINO[M] * TWITCH.TV,CounterTerrorist,2202.74,-405.6369,101.9547,Smoke,100,100,-66.01192,87.16245,0,False,True,True,127.6172,358.2422
RUBINO[M] * TWITCH.TV,CounterTerrorist,2200.864,-403.159,101.0769,Smoke,100,100,-56.65331,74.80529,0,False,True,True,127.9687,358.2422
RUBINO[M] * TWITCH.TV,CounterTerrorist,2199.253,-401.0324,100.3235,Smoke,100,100,-48.62149,64.20004,0,False,True,True,127.9687,358.2422
RUBINO[M] * TWITCH.TV,CounterTerrorist,2198.247,-399.6806,100.0306,Smoke,100,100,-21.06659,29.20901,-21.875,False,True,True,128.3203,357.8906
RUBINO[M] * TWITCH.TV,CounterTerrorist,2198.172,-399.4968,98.95636,Smoke,100,100,8.787811,-8.089205,-46.875,False,True,True,128.6719,357.5391
RUBINO[M] * TWITCH.TV,CounterTerrorist,2198.89,-399.4493,97.54148,Smoke,100,100,27.72336,21.41493,-44.42518,False,True,True,129.0234,357.5391
RUBINO[M] * TWITCH.TV,CounterTerrorist,2199.756,-398.5805,95.866,Smoke,100,100,27.72336,31.63116,-64.12788,False,True,True,129.0234,357.1875
RUBINO[M] * TWITCH.TV,CounterTerrorist,2200.622,-397.5123,93.51273,Smoke,100,100,27.72336,34.18521,-87.80355,False,True,True,129.375,356.8359
RUBINO[M] * TWITCH.TV,CounterTerrorist,2201.489,-396.444,90.37822,Smoke,100,100,27.72336,34.18521,-112.8036,False,True,True,129.375,356.8359
RUBINO[M] * TWITCH.TV,CounterTerrorist,2202.355,-395.3758,86.46248,Smoke,100,100,27.72336,34.18521,-137.8036,False,True,True,129.375,356.8359
RUBINO[M] * TWITCH.TV,CounterTerrorist,2203.221,-394.3076,81.76549,Smoke,100,100,27.72336,34.18521,0,False,True,True,129.375,356.4844
RUBINO[M] * TWITCH.TV,CounterTerrorist,2203.949,-393.4099,80.03125,Smoke,100,100,20.63722,25.44741,0,False,True,True,129.375,356.1328
RUBINO[M] * TWITCH.TV,CounterTerrorist,2204.455,-392.7853,80.03125,Smoke,100,100,13.55108,16.70961,0,False,True,True,129.375,355.7813
RUBINO[M] * TWITCH.TV,CounterTerrorist,2204.74,-392.4338,80.03125,Smoke,100,100,6.464945,7.971813,0,False,True,True,129.375,355.4297
RUBINO[M] * TWITCH.TV,CounterTerrorist,2204.809,-392.3494,80.03125,Smoke,100,100,0,0,0,False,True,True,130.0781,354.375
RUBINO[M] * TWITCH.TV,CounterTerrorist,2204.809,-392.3494,80.03125,Smoke,100,100,0,0,0,False,True,True,131.1328,352.6172
RUBINO[M] * TWITCH.TV,CounterTerrorist,2204.809,-392.3494,80.03125,Smoke,100,100,0,0,0,False,True,True,131.8359,352.2656
RUBINO[M] * TWITCH.TV,CounterTerrorist,2204.809,-392.3494,80.03125,Smoke,100,100,0,0,0,False,True,True,132.1875,352.2656
RUBINO[M] * TWITCH.TV,CounterTerrorist,2204.809,-392.3494,80.03125,Smoke,100,100,0,0,0,False,True,True,132.1875,352.2656
RUBINO[M] * TWITCH.TV,CounterTerrorist,2204.809,-392.3494,80.03125,Smoke,100,100,0,0,0,False,True,True,132.1875,352.2656
RUBINO[M] * TWITCH.TV,CounterTerrorist,2204.809,-392.3494,80.03125,M4A1,100,100,0,0,0,False,True,True,132.1875,352.2656
RUBINO[M] * TWITCH.TV,CounterTerrorist,2204.809,-392.3494,80.03125,M4A1,100,100,0,0,0,False,True,True,131.8359,352.2656
RUBINO[M] * TWITCH.TV,CounterTerrorist,2204.809,-392.3494,80.03125,M4A1,100,100,0,0,0,False,True,True,131.8359,352.2656
RUBINO[M] * TWITCH.TV,CounterTerrorist,2204.809,-392.3494,80.03125,M4A1,100,100,0,0,0,False,True,True,131.8359,352.2656
RUBINO[M] * TWITCH.TV,CounterTerrorist,2204.809,-392.3494,80.03125,M4A1,100,100,0,0,0,False,True,True,131.8359,352.9688
RUBINO[M] * TWITCH.TV,CounterTerrorist,2204.809,-392.3494,80.03125,M4A1,100,100,0,0,0,False,True,True,131.8359,353.6719
RUBINO[M] * TWITCH.TV,CounterTerrorist,2204.809,-392.3494,80.03125,M4A1,100,100,0,0,0,False,True,True,131.8359,354.0234
RUBINO[M] * TWITCH.TV,CounterTerrorist,2204.809,-392.3494,80.03125,M4A1,100,100,0,0,0,False,True,True,131.8359,354.0234
RUBINO[M] * TWITCH.TV,CounterTerrorist,2204.809,-392.3494,80.03125,M4A1,100,100,0,0,0,False,True,True,131.8359,354.0234
RUBINO[M] * TWITCH.TV,CounterTerrorist,2204.809,-392.3494,80.03125,M4A1,100,100,0,0,0,False,True,True,131.8359,354.0234
RUBINO[M] * TWITCH.TV,CounterTerrorist,2204.809,-392.3494,80.03125,M4A1,100,100,0,0,0,False,True,True,131.8359,354.0234
RUBINO[M] * TWITCH.TV,CounterTerrorist,2204.809,-392.3494,80.03125,M4A1,100,100,0,0,0,False,True,True,131.8359,354.0234
RUBINO[M] * TWITCH.TV,CounterTerrorist,2204.809,-392.3494,80.03125,M4A1,100,100,0,0,0,False,True,True,131.8359,354.0234
RUBINO[M] * TWITCH.TV,CounterTerrorist,2204.809,-392.3494,80.03125,M4A1,100,100,0,0,0,False,True,True,131.8359,354.0234
RUBINO[M] * TWITCH.TV,CounterTerrorist,2204.809,-392.3494,80.03125,M4A1,100,100,0,0,0,False,True,True,131.8359,354.0234
RUBINO[M] * TWITCH.TV,CounterTerrorist,2204.809,-392.3494,80.03125,M4A1,100,100,0,0,0,False,True,True,131.8359,354.0234
RUBINO[M] * TWITCH.TV,CounterTerrorist,2204.809,-392.3494,80.03125,M4A1,100,100,0,0,0,False,True,True,131.8359,354.0234
RUBINO[M] * TWITCH.TV,CounterTerrorist,2204.809,-392.3494,80.03125,M4A1,100,100,0,0,0,False,True,True,131.8359,354.0234
RUBINO[M] * TWITCH.TV,CounterTerrorist,2204.809,-392.3494,80.03125,M4A1,100,100,0,0,0,False,True,True,131.8359,354.0234
RUBINO[M] * TWITCH.TV,CounterTerrorist,2204.809,-392.3494,80.03125,M4A1,100,100,0,0,0,False,True,True,131.8359,354.0234
RUBINO[M] * TWITCH.TV,CounterTerrorist,2204.404,-391.8998,80.03125,M4A1,100,100,-17.9113,19.91032,0,False,True,True,131.8359,354.0234
RUBINO[M] * TWITCH.TV,CounterTerrorist,2203.694,-391.1106,80.03125,M4A1,100,100,-25.6025,28.45991,0,False,True,True,131.8359,354.0234
RUBINO[M] * TWITCH.TV,CounterTerrorist,2202.744,-390.0543,80.03125,M4A1,100,100,-33.29369,37.0095,0,False,True,True,131.8359,354.375
RUBINO[M] * TWITCH.TV,CounterTerrorist,2201.553,-388.7307,80.03125,M4A1,100,100,-40.98489,45.55909,0,False,True,True,131.8359,354.375
RUBINO[M] * TWITCH.TV,CounterTerrorist,2200.122,-387.14,80.03125,M4A1,100,100,-48.67609,54.10868,0,False,True,True,131.8359,354.7266
RUBINO[M] * TWITCH.TV,CounterTerrorist,2198.454,-385.2855,80.03125,M4A1,100,100,-56.10612,62.36795,0,False,True,True,131.8359,354.7266
RUBINO[M] * TWITCH.TV,CounterTerrorist,2196.76,-383.128,80.03125,M4A1,100,100,-50.69526,73.70496,0,False,True,True,132.1875,354.7266
RUBINO[M] * TWITCH.TV,CounterTerrorist,2195.341,-380.6052,80.03125,M4A1,100,100,-42.4234,84.73032,0,False,True,True,132.1875,355.0781
RUBINO[M] * TWITCH.TV,CounterTerrorist,2194.155,-377.769,80.03125,M4A1,100,100,-35.37374,94.19502,0,False,True,True,132.1875,355.4297
RUBINO[M] * TWITCH.TV,CounterTerrorist,2193.169,-374.6637,80.03125,M4A1,100,100,-29.39119,102.3211,0,False,True,True,132.5391,356.1328
RUBINO[M] * TWITCH.TV,CounterTerrorist,2192.353,-371.3273,80.03125,M4A1,100,100,-24.26263,109.2954,0,False,True,True,132.5391,356.8359
RUBINO[M] * TWITCH.TV,CounterTerrorist,2191.682,-367.7927,80.03125,M4A1,100,100,-19.86115,115.2809,0,False,True,True,132.5391,356.8359
RUBINO[M] * TWITCH.TV,CounterTerrorist,2191.15,-364.1756,80.03125,M4A1,100,100,-15.43316,115.9777,0,False,True,True,132.5391,356.8359
RUBINO[M] * TWITCH.TV,CounterTerrorist,2190.741,-360.5424,80.03125,M4A1,100,100,-11.76662,116.4068,0,False,True,True,132.5391,356.8359
RUBINO[M] * TWITCH.TV,CounterTerrorist,2190.432,-356.8993,80.03125,M4A1,100,100,-8.865392,116.6636,0,False,True,True,132.5391,356.8359
RUBINO[M] * TWITCH.TV,CounterTerrorist,2190.2,-353.2504,80.03125,M4A1,100,100,-6.581176,116.8148,0,False,True,True,132.5391,356.8359
RUBINO[M] * TWITCH.TV,CounterTerrorist,2190.031,-349.5981,80.03125,M4A1,100,100,-4.735947,116.9041,0,False,True,True,132.5391,356.8359
RUBINO[M] * TWITCH.TV,CounterTerrorist,2189.914,-345.9438,80.03125,M4A1,100,100,-3.219182,116.9557,0,False,True,True,132.5391,356.8359
RUBINO[M] * TWITCH.TV,CounterTerrorist,2189.838,-342.2883,80.03125,M4A1,100,100,-1.957263,116.9836,0,False,True,True,132.5391,356.8359
RUBINO[M] * TWITCH.TV,CounterTerrorist,2189.798,-338.6323,80.03125,M4A1,100,100,-0.8983814,116.9965,0,False,True,True,132.5391,356.8359
RUBINO[M] * TWITCH.TV,CounterTerrorist,2189.788,-334.976,80.03125,M4A1,100,100,-0.004429337,117,0,False,True,True,132.5391,356.8359
RUBINO[M] * TWITCH.TV,CounterTerrorist,2189.797,-332.2338,80.03125,M4A1,100,100,0.5755104,116.9986,0,False,True,True,132.5391,356.8359
RUBINO[M] * TWITCH.TV,CounterTerrorist,2190.021,-327.6883,80.03125,M4A1,100,100,12.91585,115.4366,0,False,True,True,132.5391,356.8359
RUBINO[M] * TWITCH.TV,CounterTerrorist,2190.774,-324.052,80.03125,M4A1,100,100,32.91977,119.1425,0,False,True,True,132.5391,357.1875
RUBINO[M] * TWITCH.TV,CounterTerrorist,2192.086,-320.3168,80.03125,M4A1,100,100,41.39085,114.4038,0,False,True,True,134.2969,357.5391
RUBINO[M] * TWITCH.TV,CounterTerrorist,2193.007,-317.4228,80.03125,M4A1,100,100,21.92522,74.33208,0,False,True,True,144.4922,358.9453
RUBINO[M] * TWITCH.TV,CounterTerrorist,2193.824,-316.03,80.03125,M4A1,100,100,25.47977,27.08231,0,False,True,True,167.3438,2.109375
RUBINO[M] * TWITCH.TV,CounterTerrorist,2194.472,-316.0488,80.03125,M4A1,100,100,19.6015,-14.99673,0,False,True,True,196.5234,4.921875
RUBINO[M] * TWITCH.TV,CounterTerrorist,2195.294,-317.0352,80.03125,M4A1,100,100,32.47567,-40.10846,0,False,True,True,220.0781,4.921875
RUBINO[M] * TWITCH.TV,CounterTerrorist,2196.736,-318.6382,80.03125,M4A1,100,100,54.66361,-57.59138,0,False,True,True,230.9766,3.867188
RUBINO[M] * TWITCH.TV,CounterTerrorist,2198.561,-320.9066,80.03125,M4A1,100,100,56.6147,-83.25901,0,False,True,True,230.9766,3.867188
RUBINO[M] * TWITCH.TV,CounterTerrorist,2200.079,-323.9604,80.03125,M4A1,100,100,38.21145,-104.2387,0,False,True,True,230.9766,3.867188
RUBINO[M] * TWITCH.TV,CounterTerrorist,2200.698,-327.4981,80.03125,M4A1,100,100,9.294568,-118.3176,0,False,True,True,230.9766,3.867188
RUBINO[M] * TWITCH.TV,CounterTerrorist,2200.469,-331.467,80.03125,Flash,100,100,-17.11891,-132.3606,0,False,True,True,230.9766,3.867188
RUBINO[M] * TWITCH.TV,CounterTerrorist,2199.472,-335.8552,80.03125,Flash,100,100,-40.28038,-145.0177,0,False,True,True,230.9766,3.867188
RUBINO[M] * TWITCH.TV,CounterTerrorist,2197.818,-340.6032,80.03125,Flash,100,100,-60.15822,-155.8805,0,False,True,True,230.9766,3.867188
RUBINO[M] * TWITCH.TV,CounterTerrorist,2195.599,-345.6601,80.03125,Flash,100,100,-77.21793,-165.2031,0,False,True,True,230.9766,3.867188
RUBINO[M] * TWITCH.TV,CounterTerrorist,2192.895,-350.9819,80.03125,Incendiary,100,100,-91.85906,-173.2041,0,False,True,True,230.9766,3.867188
RUBINO[M] * TWITCH.TV,CounterTerrorist,2189.779,-356.5353,80.03125,Incendiary,100,100,-104.0901,-180.3395,0,False,True,True,231.6797,4.921875
RUBINO[M] * TWITCH.TV,CounterTerrorist,2186.444,-362.225,86.81625,Incendiary,100,100,-106.7228,-182.0721,280.1184,False,True,True,235.1953,6.328125
RUBINO[M] * TWITCH.TV,CounterTerrorist,2183.109,-367.9147,95.17931,Incendiary,100,100,-106.7228,-182.0721,255.1184,False,True,True,241.1719,8.4375
RUBINO[M] * TWITCH.TV,CounterTerrorist,2179.774,-373.6044,111.7611,Incendiary,100,100,-106.7228,-182.0721,230.1184,False,True,True,248.5547,10.19531
RUBINO[M] * TWITCH.TV,CounterTerrorist,2176.439,-379.2941,118.5617,Incendiary,100,100,-106.7228,-182.0721,205.1184,False,True,True,254.1797,11.25
RUBINO[M] * TWITCH.TV,CounterTerrorist,2173.104,-384.9838,124.5809,Incendiary,100,100,-106.7228,-182.0721,180.1184,False,True,True,256.9922,11.25
RUBINO[M] * TWITCH.TV,CounterTerrorist,2169.769,-390.6735,129.819,Incendiary,100,100,-106.7228,-182.0721,155.1184,False,True,True,258.75,11.25
RUBINO[M] * TWITCH.TV,CounterTerrorist,2166.434,-396.3632,134.2758,Incendiary,100,100,-106.7228,-182.0721,130.1184,False,True,True,259.4531,10.89844
RUBINO[M] * TWITCH.TV,CounterTerrorist,2163.099,-402.0529,137.9514,Incendiary,100,100,-106.7228,-182.0721,105.1184,False,True,True,259.4531,10.54688
RUBINO[M] * TWITCH.TV,CounterTerrorist,2159.764,-407.7426,140.8458,Incendiary,100,100,-106.7228,-182.0721,80.11838,False,True,True,259.8047,10.19531
RUBINO[M] * TWITCH.TV,CounterTerrorist,2156.429,-413.4323,142.9589,Incendiary,100,100,-106.7228,-182.0721,55.11838,False,True,True,259.8047,10.19531
RUBINO[M] * TWITCH.TV,CounterTerrorist,2153.094,-419.122,144.2907,Incendiary,100,100,-106.7228,-182.0721,30.11838,False,True,True,259.8047,10.19531
RUBINO[M] * TWITCH.TV,CounterTerrorist,2149.76,-424.8117,144.8413,Incendiary,100,100,-106.7228,-182.0721,5.118378,False,True,True,260.1563,10.19531
RUBINO[M] * TWITCH.TV,CounterTerrorist,2146.425,-430.5014,144.6107,Incendiary,100,100,-106.7228,-182.0721,-19.88162,False,True,True,260.1563,10.19531
RUBINO[M] * TWITCH.TV,CounterTerrorist,2143.09,-436.1911,143.5988,Incendiary,100,100,-106.7228,-182.0721,-44.88162,False,True,True,256.2891,9.84375
RUBINO[M] * TWITCH.TV,CounterTerrorist,2139.808,-441.9109,141.8056,Incendiary,100,100,-99.92729,-185.9202,-69.88162,False,True,True,240.4688,6.328125
RUBINO[M] * TWITCH.TV,CounterTerrorist,2136.844,-447.831,130.2312,Incendiary,100,100,-94.84511,-189.4439,-94.88162,False,True,True,214.1016,358.5938
RUBINO[M] * TWITCH.TV,CounterTerrorist,2133.88,-453.7512,126.8756,Incendiary,100,100,-94.84511,-189.4439,-119.8816,False,True,True,180.7031,348.0469
RUBINO[M] * TWITCH.TV,CounterTerrorist,2130.916,-459.6714,122.7386,Incendiary,100,100,-94.84511,-189.4439,-144.8816,False,True,True,151.1719,339.6094
RUBINO[M] * TWITCH.TV,CounterTerrorist,2127.952,-465.5915,117.8204,Incendiary,100,100,-94.84511,-189.4439,-169.8816,False,True,True,136.0547,336.7969
RUBINO[M] * TWITCH.TV,CounterTerrorist,2124.988,-471.5117,112.1209,Incendiary,100,100,-94.84511,-189.4439,-194.8816,False,True,True,136.0547,336.7969
RUBINO[M] * TWITCH.TV,CounterTerrorist,2122.109,-477.3424,106.7853,Incendiary,100,100,-84.00641,-177.998,0,False,True,True,136.0547,336.7969
RUBINO[M] * TWITCH.TV,CounterTerrorist,2119.767,-483.1895,108.6096,Incendiary,100,100,-67.79842,-192.0568,0,False,True,True,136.0547,336.7969
RUBINO[M] * TWITCH.TV,CounterTerrorist,2118.419,-489.2103,110.2131,Incendiary,100,100,-29.06893,-193.0116,0,False,True,True,136.0547,336.7969
RUBINO[M] * TWITCH.TV,CounterTerrorist,2118.172,-495.2582,111.2204,Incendiary,100,100,4.169845,-193.831,0,False,True,True,136.0547,336.7969
RUBINO[M] * TWITCH.TV,CounterTerrorist,2119.097,-500.7545,112.1317,Incendiary,100,100,44.09523,-165.6301,0,False,True,True,136.0547,336.7969
RUBINO[M] * TWITCH.TV,CounterTerrorist,2120.667,-505.4597,112.9091,Incendiary,100,100,47.40079,-142.0476,0,False,True,True,132.8906,335.0391
RUBINO[M] * TWITCH.TV,CounterTerrorist,2122.015,-509.4979,113.8913,Incendiary,100,100,40.68071,-121.9093,0,False,True,True,128.6719,332.5781
RUBINO[M] * TWITCH.TV,CounterTerrorist,2123.171,-512.9635,114.1283,Incendiary,100,100,34.91335,-104.626,0,False,True,True,126.9141,329.7656
RUBINO[M] * TWITCH.TV,CounterTerrorist,2123.686,-514.5075,114.1467,Incendiary,100,100,32.34394,-96.92622,0,False,True,True,126.9141,328.7109
RUBINO[M] * TWITCH.TV,CounterTerrorist,2124.814,-517.8885,114.1626,Incendiary,100,100,26.71755,-80.06541,0,False,True,True,127.2656,325.5469
RUBINO[M] * TWITCH.TV,CounterTerrorist,2125.746,-520.6805,114.1792,Incendiary,100,100,22.0395,-66.04655,0,False,True,True,126.5625,323.0859
RUBINO[M] * TWITCH.TV,CounterTerrorist,2126.365,-522.536,114.1792,Incendiary,100,100,18.47845,-55.37502,0,False,True,True,125.5078,321.6797
RUBINO[M] * TWITCH.TV,CounterTerrorist,2126.873,-524.0581,114.1952,Incendiary,100,100,14.9174,-44.7035,0,False,True,True,124.8047,321.3281
RUBINO[M] * TWITCH.TV,CounterTerrorist,2127.27,-525.2467,114.1952,Incendiary,100,100,11.35635,-34.03197,0,False,True,True,124.8047,321.3281
RUBINO[M] * TWITCH.TV,CounterTerrorist,2127.555,-526.1018,114.2111,Incendiary,100,100,7.795301,-23.36045,0,False,True,True,124.8047,321.3281
RUBINO[M] * TWITCH.TV,CounterTerrorist,2127.729,-526.6234,114.2111,Incendiary,100,100,4.234251,-12.68893,0,False,True,True,124.8047,321.3281
RUBINO[M] * TWITCH.TV,CounterTerrorist,2127.792,-526.8115,114.2111,Incendiary,100,100,0.6732004,-2.017403,0,False,True,True,124.8047,321.3281
RUBINO[M] * TWITCH.TV,CounterTerrorist,2127.792,-526.8115,114.2111,Incendiary,100,100,0,0,0,False,True,True,124.8047,321.6797
RUBINO[M] * TWITCH.TV,CounterTerrorist,2127.792,-526.8115,114.2111,M4A1,100,100,0,0,0,False,True,True,125.1563,321.6797
RUBINO[M] * TWITCH.TV,CounterTerrorist,2127.792,-526.8115,114.2111,M4A1,100,100,0,0,0,False,True,True,127.2656,322.7344
RUBINO[M] * TWITCH.TV,CounterTerrorist,2127.792,-526.8115,114.2111,M4A1,100,100,0,0,0,False,True,True,133.2422,325.5469
RUBINO[M] * TWITCH.TV,CounterTerrorist,2127.792,-526.8115,114.2111,M4A1,100,100,0,0,0,False,True,True,146.25,331.1719
RUBINO[M] * TWITCH.TV,CounterTerrorist,2127.792,-526.8115,114.2111,M4A1,100,100,0,0,0,False,True,True,160.3125,335.7422
RUBINO[M] * TWITCH.TV,CounterTerrorist,2127.588,-526.7666,114.2111,M4A1,100,100,-16.49634,3.549591,0,False,True,True,168.3984,337.8516
RUBINO[M] * TWITCH.TV,CounterTerrorist,2126.531,-526.5587,114.1957,M4A1,100,100,-44.17449,8.555304,0,False,True,True,169.4531,338.2031
RUBINO[M] * TWITCH.TV,CounterTerrorist,2124.611,-526.1914,114.1626,M4A1,100,100,-71.82925,13.67782,0,False,True,True,169.4531,338.2031
RUBINO[M] * TWITCH.TV,CounterTerrorist,2121.843,-525.6667,114.115,M4A1,100,100,-98.16369,18.57488,0,False,True,True,169.4531,338.2031
RUBINO[M] * TWITCH.TV,CounterTerrorist,2118.324,-525.0023,114.0545,M4A1,100,100,-120.8264,22.78943,0,False,True,True,169.4531,338.2031
RUBINO[M] * TWITCH.TV,CounterTerrorist,2114.161,-524.2181,113.9829,M4A1,100,100,-140.2762,26.40648,0,False,True,True,169.4531,338.2031
RUBINO[M] * TWITCH.TV,CounterTerrorist,2109.445,-523.3312,113.9018,M4A1,100,100,-156.9686,29.51073,0,False,True,True,169.4531,338.2031
RUBINO[M] * TWITCH.TV,CounterTerrorist,2104.255,-522.356,113.8125,M4A1,100,100,-171.2944,32.17489,0,False,True,True,169.4531,338.2031
RUBINO[M] * TWITCH.TV,CounterTerrorist,2098.657,-521.3077,113.7162,M4A1,100,100,-183.6367,34.19639,0,False,True,True,170.5078,338.2031
RUBINO[M] * TWITCH.TV,CounterTerrorist,2092.704,-520.2266,113.6138,M4A1,100,100,-194.4317,34.68238,0,False,True,True,172.2656,338.9063
RUBINO[M] * TWITCH.TV,CounterTerrorist,2086.441,-519.1478,113.5061,M4A1,100,100,-203.7966,34.36218,0,False,True,True,173.3203,340.3125
RUBINO[M] * TWITCH.TV,CounterTerrorist,2079.912,-518.0872,113.3951,M4A1,100,100,-211.8841,33.665,0,False,True,True,173.6719,341.0156
RUBINO[M] * TWITCH.TV,CounterTerrorist,2073.152,-517.0486,113.3783,M4A1,100,100,-218.8343,32.9847,0,False,True,True,173.6719,341.0156
RUBINO[M] * TWITCH.TV,CounterTerrorist,2066.217,-516.0321,113.361,M4A1,100,100,-222.6899,32.15886,0,False,True,True,173.6719,341.0156
RUBINO[M] * TWITCH.TV,CounterTerrorist,2064.031,-515.0829,113.3556,M4A1,100,100,0,28.14725,0,False,True,True,173.6719,341.0156
RUBINO[M] * TWITCH.TV,CounterTerrorist,2064.031,-514.3384,113.3556,M4A1,100,100,0,21.22723,0,False,True,True,173.6719,341.0156
RUBINO[M] * TWITCH.TV,CounterTerrorist,2064.031,-513.8102,113.3556,M4A1,100,100,0,14.30721,0,False,True,True,173.6719,341.0156
RUBINO[M] * TWITCH.TV,CounterTerrorist,2064.031,-512.9826,113.3556,M4A1,100,100,0,33.79244,0,False,True,True,173.6719,341.0156
RUBINO[M] * TWITCH.TV,CounterTerrorist,2064.031,-511.5459,113.3556,M4A1,100,100,0,53.29182,0,False,True,True,173.6719,341.0156
RUBINO[M] * TWITCH.TV,CounterTerrorist,2064.031,-509.5184,113.3556,M4A1,100,100,0,70.36761,0,False,True,True,174.0234,341.0156
RUBINO[M] * TWITCH.TV,CounterTerrorist,2064.031,-507.8154,113.2086,M4A1,100,100,0,40.38781,0,False,True,True,177.8906,342.4219
RUBINO[M] * TWITCH.TV,CounterTerrorist,2064.031,-507.3304,113.1787,M4A1,100,100,0,0.1524744,0,False,True,True,185.2734,344.8828
RUBINO[M] * TWITCH.TV,CounterTerrorist,2064.031,-507.8247,113.1976,M4A1,100,100,0,-24.0015,0,False,True,True,193.711,347.3438
RUBINO[M] * TWITCH.TV,CounterTerrorist,2064.031,-508.7589,113.2969,M4A1,100,100,0,-30.25894,0,False,True,True,198.9844,348.3984
RUBINO[M] * TWITCH.TV,CounterTerrorist,2064.031,-509.6655,113.3516,M4A1,100,100,0,-25.6317,0,False,True,True,200.3906,348.3984
RUBINO[M] * TWITCH.TV,CounterTerrorist,2064.031,-510.2468,113.3516,M4A1,100,100,0,-14.3817,0,False,True,True,200.7422,348.3984
RUBINO[M] * TWITCH.TV,CounterTerrorist,2064.031,-510.4765,113.3516,M4A1,100,100,0,-3.131702,0,False,True,True,200.3906,348.0469
RUBINO[M] * TWITCH.TV,CounterTerrorist,2064.004,-509.8932,113.3516,M4A1,100,100,0,28.33311,0,False,True,True,200.3906,347.6953
RUBINO[M] * TWITCH.TV,CounterTerrorist,2064.004,-508.9076,113.3135,M4A1,100,100,0,33.46379,0,False,True,True,200.3906,347.6953
RUBINO[M] * TWITCH.TV,CounterTerrorist,2064.004,-507.7616,113.205,M4A1,100,100,0,38.59449,0,False,True,True,200.3906,347.6953
RUBINO[M] * TWITCH.TV,CounterTerrorist,2064.004,-506.4553,113.0548,M4A1,100,100,0,43.72518,0,False,True,True,200.3906,347.6953
RUBINO[M] * TWITCH.TV,CounterTerrorist,2064.004,-504.9644,112.8067,M4A1,100,100,0,45.79573,0,False,True,True,200.3906,347.6953
RUBINO[M] * TWITCH.TV,CounterTerrorist,2064.004,-503.753,112.6051,M4A1,100,100,0,34.54573,0,False,True,True,200.3906,347.6953
RUBINO[M] * TWITCH.TV,CounterTerrorist,2064.004,-502.8931,112.462,M4A1,100,100,0,23.29573,0,False,True,True,200.3906,347.6953
RUBINO[M] * TWITCH.TV,CounterTerrorist,2064.004,-502.3848,112.3774,M4A1,100,100,0,12.04573,0,False,True,True,200.3906,347.6953
RUBINO[M] * TWITCH.TV,CounterTerrorist,2064.004,-502.2343,112.3523,M4A1,100,100,0,0,0,False,True,True,200.3906,347.6953
RUBINO[M] * TWITCH.TV,CounterTerrorist,2064.004,-502.2343,112.3523,M4A1,100,100,0,0,0,False,True,True,200.3906,347.6953
RUBINO[M] * TWITCH.TV,CounterTerrorist,2064.004,-502.2343,112.3523,M4A1,100,100,0,0,0,False,True,True,200.7422,347.6953
RUBINO[M] * TWITCH.TV,CounterTerrorist,2064.004,-502.2343,112.3523,M4A1,100,100,0,0,0,False,True,True,201.0938,347.6953
RUBINO[M] * TWITCH.TV,CounterTerrorist,2064.004,-502.2343,112.3523,M4A1,100,100,0,0,0,False,True,True,201.0938,347.6953
RUBINO[M] * TWITCH.TV,CounterTerrorist,2064.004,-502.2343,112.3523,M4A1,100,100,0,0,0,False,True,True,201.0938,347.6953
RUBINO[M] * TWITCH.TV,CounterTerrorist,2064.004,-502.2343,112.3523,M4A1,100,100,0,0,0,False,True,True,201.0938,347.6953
RUBINO[M] * TWITCH.TV,CounterTerrorist,2064.004,-502.2343,112.3523,M4A1,100,100,0,0,0,False,True,True,201.0938,347.6953
RUBINO[M] * TWITCH.TV,CounterTerrorist,2064.004,-502.2343,112.3523,M4A1,100,100,0,0,0,False,True,True,201.0938,347.6953
RUBINO[M] * TWITCH.TV,CounterTerrorist,2064.004,-502.2343,112.3523,M4A1,100,100,0,0,0,False,True,True,201.4453,347.6953
RUBINO[M] * TWITCH.TV,CounterTerrorist,2064.004,-502.2343,112.3523,M4A1,100,100,0,0,0,False,True,True,201.4453,347.6953
RUBINO[M] * TWITCH.TV,CounterTerrorist,2064.004,-502.2343,112.3523,M4A1,100,100,0,0,0,False,True,True,201.4453,347.6953
RUBINO[M] * TWITCH.TV,CounterTerrorist,2064.004,-502.2343,112.3523,M4A1,100,100,0,0,0,False,True,True,201.7969,347.3438
RUBINO[M] * TWITCH.TV,CounterTerrorist,2064.004,-502.2343,112.3523,M4A1,100,100,0,0,0,False,True,True,201.7969,347.3438
RUBINO[M] * TWITCH.TV,CounterTerrorist,2064.004,-502.2343,112.3523,M4A1,100,100,0,0,0,False,True,True,201.7969,347.3438
RUBINO[M] * TWITCH.TV,CounterTerrorist,2064.004,-502.2343,112.3523,M4A1,100,100,0,0,0,False,True,True,201.7969,347.3438
RUBINO[M] * TWITCH.TV,CounterTerrorist,2064.004,-502.2343,112.3523,M4A1,100,100,0,0,0,False,True,True,202.1484,347.3438
RUBINO[M] * TWITCH.TV,CounterTerrorist,2064.004,-502.2343,112.3523,M4A1,100,100,0,0,0,False,True,True,202.5,347.3438
RUBINO[M] * TWITCH.TV,CounterTerrorist,2064.004,-502.2343,112.3523,M4A1,100,100,0,0,0,False,True,True,202.8516,347.3438
RUBINO[M] * TWITCH.TV,CounterTerrorist,2064.004,-502.2343,112.3523,M4A1,100,100,0,0,0,False,True,True,203.2031,347.3438
RUBINO[M] * TWITCH.TV,CounterTerrorist,2064.004,-502.2343,112.3523,M4A1,100,100,0,0,0,False,True,True,203.2031,347.3438
RUBINO[M] * TWITCH.TV,CounterTerrorist,2064.004,-502.2343,112.3523,M4A1,100,100,0,0,0,False,True,True,203.2031,347.3438
RUBINO[M] * TWITCH.TV,CounterTerrorist,2064.004,-502.2343,112.3523,M4A1,100,100,0,0,0,False,True,True,203.2031,347.3438
RUBINO[M] * TWITCH.TV,CounterTerrorist,2064.004,-502.2343,112.3523,M4A1,100,100,0,0,0,False,True,True,203.2031,347.3438
RUBINO[M] * TWITCH.TV,CounterTerrorist,2064.004,-502.2343,112.3523,M4A1,100,100,0,0,0,False,True,True,203.2031,347.3438
RUBINO[M] * TWITCH.TV,CounterTerrorist,2064.004,-502.2343,112.3523,M4A1,100,100,0,0,0,False,True,True,203.2031,347.3438
RUBINO[M] * TWITCH.TV,CounterTerrorist,2064.004,-502.2343,112.3523,M4A1,100,100,0,0,0,False,True,True,203.2031,347.3438
RUBINO[M] * TWITCH.TV,CounterTerrorist,2064.004,-502.2343,112.3523,M4A1,100,100,0,0,0,False,True,True,203.2031,347.3438
RUBINO[M] * TWITCH.TV,CounterTerrorist,2064.004,-502.2343,112.3523,M4A1,100,100,0,0,0,False,True,True,203.2031,347.3438
RUBINO[M] * TWITCH.TV,CounterTerrorist,2064.004,-502.2343,112.3523,M4A1,100,100,0,0,0,False,True,True,203.2031,347.3438
RUBINO[M] * TWITCH.TV,CounterTerrorist,2064.254,-502.8204,112.4507,M4A1,100,100,11.97618,-28.52348,0,False,True,True,201.7969,347.3438
RUBINO[M] * TWITCH.TV,CounterTerrorist,2065.145,-503.9625,112.6436,M4A1,100,100,38.41638,-41.10558,0,False,True,True,189.8437,347.6953
RUBINO[M] * TWITCH.TV,CounterTerrorist,2066.724,-505.6377,112.9273,M4A1,100,100,56.22489,-62.43492,0,False,True,True,167.3438,347.3438
RUBINO[M] * TWITCH.TV,CounterTerrorist,2068.508,-508.1226,113.2732,M4A1,100,100,54.91736,-89.74837,0,False,True,True,133.5938,344.8828
RUBINO[M] * TWITCH.TV,CounterTerrorist,2070.042,-511.3893,113.3593,M4A1,100,100,49.4637,-112.7522,0,False,True,True,105.4687,343.125
RUBINO[M] * TWITCH.TV,CounterTerrorist,2071.563,-515.3259,113.3593,M4A1,100,100,47.76311,-133.5824,0,False,True,True,96.6797,343.125
RUBINO[M] * TWITCH.TV,CounterTerrorist,2073.009,-519.8589,113.3752,M4A1,100,100,45.39569,-151.5977,0,False,True,True,96.6797,343.125
RUBINO[M] * TWITCH.TV,CounterTerrorist,2074.387,-524.9042,113.3752,M4A1,100,100,43.3639,-167.059,0,False,True,True,96.6797,343.125
RUBINO[M] * TWITCH.TV,CounterTerrorist,2075.698,-527.9688,113.3752,M4A1,100,100,40.38384,0,0,False,True,True,96.6797,343.125
RUBINO[M] * TWITCH.TV,CounterTerrorist,2076.949,-527.9688,113.3752,M4A1,100,100,44.6123,0,0,False,True,True,96.6797,343.125
RUBINO[M] * TWITCH.TV,CounterTerrorist,2078.728,-527.9688,113.3909,M4A1,100,100,64.30384,0,0,False,True,True,96.6797,343.125
RUBINO[M] * TWITCH.TV,CounterTerrorist,2081.121,-527.9688,113.4146,M4A1,100,100,83.84268,0,0,False,True,True,96.6797,343.125
RUBINO[M] * TWITCH.TV,CounterTerrorist,2083.389,-527.915,113.4397,M4A1,100,100,102.9936,3.397839,0,False,True,True,96.6797,342.7734
RUBINO[M] * TWITCH.TV,CounterTerrorist,2088.072,-527.6778,113.5341,M4A1,100,100,130.4927,7.540555,0,False,True,True,95.27343,341.3672
RUBINO[M] * TWITCH.TV,CounterTerrorist,2092.521,-527.4048,113.6106,M4A1,100,100,149.0986,9.308954,0,False,True,True,93.86719,339.6094
RUBINO[M] * TWITCH.TV,CounterTerrorist,2097.498,-527.0905,113.6963,M4A1,100,100,165.092,10.4827,0,False,True,True,93.86719,338.5547
RUBINO[M] * TWITCH.TV,CounterTerrorist,2102.858,-527.0082,113.7885,M4A1,100,100,173.437,-6.608967,0,False,True,True,93.86719,338.2031
RUBINO[M] * TWITCH.TV,CounterTerrorist,2107.973,-527.7498,113.8764,M4A1,100,100,147.4807,-33.8646,0,False,True,True,94.21874,338.2031
RUBINO[M] * TWITCH.TV,CounterTerrorist,2111.68,-527.9688,113.9402,M4A1,100,100,102.2012,0,0,False,True,True,94.21874,338.2031
RUBINO[M] * TWITCH.TV,CounterTerrorist,2113.943,-527.985,113.9791,M4A1,100,100,53.25764,0,0,False,True,True,94.21874,338.2031
RUBINO[M] * TWITCH.TV,CounterTerrorist,2114.621,-527.996,113.9791,M4A1,100,100,2.736276,0,0,False,True,True,94.21874,338.2031
RUBINO[M] * TWITCH.TV,CounterTerrorist,2113.986,-527.996,113.9791,M4A1,100,100,-30.80021,0,0,False,True,True,95.62501,338.5547
RUBINO[M] * TWITCH.TV,CounterTerrorist,2112.487,-527.996,113.9541,M4A1,100,100,-58.10002,0,0,False,True,True,106.1719,341.0156
RUBINO[M] * TWITCH.TV,CounterTerrorist,2110.208,-527.996,113.9149,M4A1,100,100,-80.70819,0,0,False,True,True,129.375,346.9922
RUBINO[M] * TWITCH.TV,CounterTerrorist,2107.303,-527.996,113.8649,M4A1,100,100,-101.4686,0,0,False,True,True,158.5547,351.9141
RUBINO[M] * TWITCH.TV,CounterTerrorist,2103.829,-527.996,113.8052,M4A1,100,100,-115.5102,0,0,False,True,True,182.1094,354.375
RUBINO[M] * TWITCH.TV,CounterTerrorist,2099.811,-527.996,113.736,M4A1,100,100,-135.9377,0,0,False,True,True,189.8437,354.7266
RUBINO[M] * TWITCH.TV,CounterTerrorist,2095.217,-527.996,113.657,M4A1,100,100,-153.3459,0,0,False,True,True,189.8437,354.7266
RUBINO[M] * TWITCH.TV,CounterTerrorist,2090.127,-527.996,113.5695,M4A1,100,100,-168.2861,0,0,False,True,True,189.8437,354.7266
RUBINO[M] * TWITCH.TV,CounterTerrorist,2086.028,-527.996,113.4989,M4A1,100,100,-178.0841,0,0,False,True,True,189.8437,354.7266
RUBINO[M] * TWITCH.TV,CounterTerrorist,2078.734,-527.996,113.3921,M4A1,100,100,-192.1126,0,0,False,True,True,189.8437,354.7266
RUBINO[M] * TWITCH.TV,CounterTerrorist,2072.542,-527.996,113.3767,M4A1,100,100,-201.5568,0,0,False,True,True,189.8437,354.7266
RUBINO[M] * TWITCH.TV,CounterTerrorist,2066.083,-527.996,113.3607,M4A1,100,100,-209.6621,0,0,False,True,True,189.8437,354.7266
RUBINO[M] * TWITCH.TV,CounterTerrorist,2064.031,-527.996,113.3556,M4A1,100,100,0,0,0,False,True,True,196.5234,355.7813
RUBINO[M] * TWITCH.TV,CounterTerrorist,2064.031,-527.996,113.3556,M4A1,100,100,0,0,0,False,True,True,209.1797,357.8906
RUBINO[M] * TWITCH.TV,CounterTerrorist,2064.031,-527.996,113.3556,M4A1,100,100,0,0,0,False,True,True,220.4297,359.6484
RUBINO[M] * TWITCH.TV,CounterTerrorist,2064.031,-527.996,113.3556,M4A1,100,100,0,0,0,False,True,True,225.7031,0.3515625
RUBINO[M] * TWITCH.TV,CounterTerrorist,2064.031,-527.996,113.3556,M4A1,100,100,0,0,0,False,True,True,226.4063,0.3515625
RUBINO[M] * TWITCH.TV,CounterTerrorist,2064.031,-527.996,113.3556,M4A1,100,100,0,0,0,False,True,True,218.6719,1.054688
RUBINO[M] * TWITCH.TV,CounterTerrorist,2064.031,-527.996,113.3556,M4A1,100,100,0,0,0,False,True,True,190.1953,2.109375
RUBINO[M] * TWITCH.TV,CounterTerrorist,2064.052,-527.9219,113.3556,M4A1,100,100,2.650427,9.480225,0,False,True,True,164.5313,1.757813
RUBINO[M] * TWITCH.TV,CounterTerrorist,2064.557,-527.3777,113.3556,M4A1,100,100,27.30972,14.95492,0,False,True,True,126.2109,1.757813
RUBINO[M] * TWITCH.TV,CounterTerrorist,2066.358,-527.3516,113.3556,M4A1,100,100,57.11505,-10.00385,0,False,True,True,99.49219,1.757813
RUBINO[M] * TWITCH.TV,CounterTerrorist,2068.526,-527.9688,113.3556,M4A1,100,100,76.70317,0,0,False,True,True,95.62501,2.109375
RUBINO[M] * TWITCH.TV,CounterTerrorist,2071.443,-527.8981,113.372,M4A1,100,100,102.874,3.551603,0,False,True,True,95.62501,2.109375
RUBINO[M] * TWITCH.TV,CounterTerrorist,2075.105,-527.7264,113.372,M4A1,100,100,125.3346,6.59969,0,False,True,True,95.62501,2.109375
RUBINO[M] * TWITCH.TV,CounterTerrorist,2079.406,-527.468,113.3883,M4A1,100,100,144.6108,9.215645,0,False,True,True,95.62501,2.109375
RUBINO[M] * TWITCH.TV,CounterTerrorist,2084.254,-527.1353,113.4684,M4A1,100,100,161.1543,11.46073,0,False,True,True,95.62501,2.109375
RUBINO[M] * TWITCH.TV,CounterTerrorist,2088.203,-526.8434,113.5364,M4A1,100,100,172.0037,12.93308,0,False,True,True,95.62501,2.109375
RUBINO[M] * TWITCH.TV,CounterTerrorist,2095.295,-526.2885,113.6584,M4A1,100,100,187.5459,14.95211,0,False,True,True,95.27343,1.757813
RUBINO[M] * TWITCH.TV,CounterTerrorist,2100.916,-525.8394,113.7551,M4A1,100,100,169.7044,13.55921,0,False,True,True,92.8125,0.703125
RUBINO[M] * TWITCH.TV,CounterTerrorist,2104.153,-525.5577,113.8107,M4A1,100,100,122.8919,11.4016,0,False,True,True,90.70313,359.6484
RUBINO[M] * TWITCH.TV,CounterTerrorist,2107.341,-525.1309,113.8581,M4A1,100,100,55.68386,11.18141,0,False,True,True,85.42969,358.9453
RUBINO[M] * TWITCH.TV,CounterTerrorist,2108.111,-524.7408,113.8755,M4A1,100,100,6.385009,13.12989,0,False,True,True,78.75,358.2422
RUBINO[M] * TWITCH.TV,CounterTerrorist,2107.813,-524.4444,113.8737,M4A1,100,100,-20.56375,12.94002,0,False,True,True,75.23438,358.2422
RUBINO[M] * TWITCH.TV,CounterTerrorist,2106.195,-523.7646,113.8459,M4A1,100,100,-55.09602,20.86652,0,False,True,True,73.125,358.2422
RUBINO[M] * TWITCH.TV,CounterTerrorist,2103.944,-522.9675,113.8072,M4A1,100,100,-82.06214,28.27609,0,False,True,True,73.47656,358.5938
RUBINO[M] * TWITCH.TV,CounterTerrorist,2100.974,-521.9763,113.7561,M4A1,100,100,-96.68693,31.9912,0,False,True,True,73.82813,358.5938
RUBINO[M] * TWITCH.TV,CounterTerrorist,2098.94,-521.2761,113.7211,M4A1,100,100,-46.81472,16.85285,0,False,True,True,73.82813,358.5938
RUBINO[M] * TWITCH.TV,CounterTerrorist,2098.42,-521.0454,113.7119,M4A1,100,100,1.344644,1.472169,0,False,True,True,73.82813,358.5938
RUBINO[M] * TWITCH.TV,CounterTerrorist,2099.031,-521.2243,113.7119,M4A1,100,100,29.69342,-8.685041,0,False,True,True,73.82813,358.5938
RUBINO[M] * TWITCH.TV,CounterTerrorist,2100.486,-521.6499,113.7333,M4A1,100,100,56.68744,-16.58053,0,False,True,True,73.82813,358.5938
RUBINO[M] * TWITCH.TV,CounterTerrorist,2102.783,-522.3218,113.776,M4A1,100,100,83.49587,-24.42174,0,False,True,True,73.82813,358.5938
RUBINO[M] * TWITCH.TV,CounterTerrorist,2105.029,-522.9786,113.8258,M4A1,100,100,101.7445,-29.7593,0,False,True,True,73.82813,358.5938
RUBINO[M] * TWITCH.TV,CounterTerrorist,2109.633,-524.32,113.905,M4A1,100,100,127.987,-36.99437,0,False,True,True,75.23438,358.5938
RUBINO[M] * TWITCH.TV,CounterTerrorist,2112.852,-525.2241,113.9604,M4A1,100,100,141.9067,-38.98418,0,False,True,True,79.80469,358.5938
RUBINO[M] * TWITCH.TV,CounterTerrorist,2118.895,-526.6537,114.0643,M4A1,100,100,162.7317,-33.32556,0,False,True,True,94.92187,357.1875
RUBINO[M] * TWITCH.TV,CounterTerrorist,2122.873,-527.3,114.1328,M4A1,100,100,173.0225,-24.40293,0,False,True,True,103.3594,356.1328
RUBINO[M] * TWITCH.TV,CounterTerrorist,2129.952,-527.8151,114.2545,M4A1,100,100,186.1344,-5.467732,0,False,True,True,111.0938,354.0234
RUBINO[M] * TWITCH.TV,CounterTerrorist,2135.931,-527.694,114.3574,M4A1,100,100,194.2509,9.248381,0,False,True,True,112.1484,352.6172
RUBINO[M] * TWITCH.TV,CounterTerrorist,2142.139,-527.1519,114.4642,M4A1,100,100,201.1911,21.9415,0,False,True,True,111.7969,351.5625
RUBINO[M] * TWITCH.TV,CounterTerrorist,2147.787,-526.5546,114.5613,M4A1,100,100,163.4254,15.44335,0,False,True,True,110.0391,352.2656
RUBINO[M] * TWITCH.TV,CounterTerrorist,2151.726,-526.3379,114.615,M4A1,100,100,104.6164,2.603856,0,False,True,True,104.0625,354.7266
RUBINO[M] * TWITCH.TV,CounterTerrorist,2153.97,-526.4009,114.6606,M4A1,100,100,52.76402,-3.976073,0,False,True,True,96.6797,356.1328
RUBINO[M] * TWITCH.TV,CounterTerrorist,2154.634,-526.5352,114.6768,M4A1,100,100,2.359572,-3.626842,0,False,True,True,90.35156,356.8359
RUBINO[M] * TWITCH.TV,CounterTerrorist,2154.022,-526.5345,114.6686,M4A1,100,100,-30.07002,1.101353,0,False,True,True,85.42969,357.5391
RUBINO[M] * TWITCH.TV,CounterTerrorist,2152.538,-526.4222,114.643,M4A1,100,100,-57.91108,5.28386,0,False,True,True,81.91406,357.8906
RUBINO[M] * TWITCH.TV,CounterTerrorist,2150.643,-526.2346,114.6104,M4A1,100,100,-46.7862,3.760956,0,False,True,True,79.45313,358.2422
RUBINO[M] * TWITCH.TV,CounterTerrorist,2150.13,-526.2448,114.6016,M4A1,100,100,-9.431264,-2.460309,0,False,True,True,78.04688,358.5938
RUBINO[M] * TWITCH.TV,CounterTerrorist,2150.816,-526.4497,114.6016,M4A1,100,100,31.57125,-7.660713,0,False,True,True,77.34375,358.9453
RUBINO[M] * TWITCH.TV,CounterTerrorist,2152.339,-526.8079,114.6396,M4A1,100,100,59.02184,-13.78636,0,False,True,True,76.99219,359.6484
RUBINO[M] * TWITCH.TV,CounterTerrorist,2154.043,-527.2052,114.6582,M4A1,100,100,79.5712,-18.54766,0,False,True,True,76.99219,0.3515625
RUBINO[M] * TWITCH.TV,CounterTerrorist,2156.164,-527.6982,114.6998,M4A1,100,100,41.56821,-9.641572,0,True,True,True,76.64063,0.703125
RUBINO[M] * TWITCH.TV,CounterTerrorist,2156.966,-527.8833,114.717,M4A1,100,100,16.13035,-3.689505,0,True,True,True,76.64063,0.3515625
RUBINO[M] * TWITCH.TV,CounterTerrorist,2157.016,-527.8921,114.717,M4A1,100,100,-3.827682,0.9831938,0,True,True,True,75.58594,359.6484
RUBINO[M] * TWITCH.TV,CounterTerrorist,2156.886,-527.8577,114.717,M4A1,100,100,-6.448775,1.70619,0,True,True,True,75.23438,359.2969
RUBINO[M] * TWITCH.TV,CounterTerrorist,2156.821,-527.8412,114.7167,M4A1,100,100,-3.618504,0.8576329,0,True,True,True,76.64063,358.9453
RUBINO[M] * TWITCH.TV,CounterTerrorist,2156.574,-527.7905,114.7125,M4A1,100,100,-8.102647,1.547165,0,False,True,True,79.45313,359.6484
RUBINO[M] * TWITCH.TV,CounterTerrorist,2156.251,-527.7321,114.7069,M4A1,100,100,-11.68899,2.086046,0,False,True,True,80.15625,0
RUBINO[M] * TWITCH.TV,CounterTerrorist,2155.936,-527.6746,114.7015,M4A1,100,100,-14.34913,2.652031,0,False,True,True,79.10156,0.703125
RUBINO[M] * TWITCH.TV,CounterTerrorist,2155.357,-527.5637,114.6915,M4A1,100,100,-11.47208,2.221685,0,False,True,True,78.04688,1.054688
RUBINO[M] * TWITCH.TV,CounterTerrorist,2155.218,-527.5367,114.6891,M4A1,100,100,0,0,0,True,True,True,78.04688,1.054688
RUBINO[M] * TWITCH.TV,CounterTerrorist,2155.374,-527.5676,114.6891,M4A1,100,100,6.320074,-1.223616,0,True,True,True,79.10156,1.40625
RUBINO[M] * TWITCH.TV,CounterTerrorist,2155.556,-527.6015,114.6891,M4A1,100,100,2.580683,-0.4792463,0,True,True,True,79.80469,2.109375
RUBINO[M] * TWITCH.TV,CounterTerrorist,2155.556,-527.6015,114.6891,M4A1,100,100,0,0,0,True,True,True,79.80469,2.8125
RUBINO[M] * TWITCH.TV,CounterTerrorist,2155.4,-527.5715,114.6891,M4A1,100,100,-6.311526,1.266311,0,True,True,True,78.39844,3.515625
RUBINO[M] * TWITCH.TV,CounterTerrorist,2155.135,-527.5109,114.6877,M4A1,100,100,-9.7756,2.374563,0,True,True,True,75.23438,3.515625
RUBINO[M] * TWITCH.TV,CounterTerrorist,2154.763,-527.4116,114.6813,M4A1,100,100,-13.1831,3.658167,0,True,True,True,73.47656,4.570313
RUBINO[M] * TWITCH.TV,CounterTerrorist,2154.285,-527.2717,114.6731,M4A1,100,100,-16.57477,4.968716,0,False,True,True,72.42188,5.273438
RUBINO[M] * TWITCH.TV,CounterTerrorist,2153.7,-527.092,114.663,M4A1,100,100,-19.98508,6.209218,0,False,True,True,72.42188,5.625
RUBINO[M] * TWITCH.TV,CounterTerrorist,2153.009,-526.8751,114.6511,M4A1,100,100,-23.41891,7.373327,0,False,True,True,72.42188,5.625
RUBINO[M] * TWITCH.TV,CounterTerrorist,2152.209,-526.6224,114.6374,M4A1,100,100,-26.8623,8.507009,0,False,True,True,72.42188,5.625
RUBINO[M] * TWITCH.TV,CounterTerrorist,2151.303,-526.3342,114.6218,M4A1,100,100,-30.29504,9.6734,0,False,True,True,71.71875,5.273438
RUBINO[M] * TWITCH.TV,CounterTerrorist,2150.554,-526.0915,114.6089,M4A1,100,100,-32.81829,10.70138,0,False,True,True,71.01563,5.273438
RUBINO[M] * TWITCH.TV,CounterTerrorist,2149.174,-525.6303,114.5852,M4A1,100,100,-36.97618,12.54259,0,False,True,True,69.96094,5.273438
RUBINO[M] * TWITCH.TV,CounterTerrorist,2147.954,-525.2103,114.5642,M4A1,100,100,-40.31604,13.97139,0,False,True,True,69.96094,5.273438
RUBINO[M] * TWITCH.TV,CounterTerrorist,2146.628,-524.7468,114.5414,M4A1,100,100,-43.67635,15.34092,0,False,True,True,69.96094,5.976563
RUBINO[M] * TWITCH.TV,CounterTerrorist,2145.198,-524.2393,114.5168,M4A1,100,100,-47.00078,16.80516,0,False,True,True,68.90625,6.679688
RUBINO[M] * TWITCH.TV,CounterTerrorist,2143.666,-523.6816,114.4904,M4A1,100,100,-50.23255,18.5027,0,False,True,True,67.5,7.382813
RUBINO[M] * TWITCH.TV,CounterTerrorist,2142.035,-523.0661,114.4624,M4A1,100,100,-53.36259,20.43305,0,False,True,True,66.44531,8.085938
RUBINO[M] * TWITCH.TV,CounterTerrorist,2140.307,-522.3873,114.4326,M4A1,100,100,-56.41034,22.52952,0,False,True,True,65.03906,8.4375
RUBINO[M] * TWITCH.TV,CounterTerrorist,2138.749,-521.7647,114.4058,M4A1,100,100,-45.96277,18.35691,0,False,True,True,63.98437,8.085938
RUBINO[M] * TWITCH.TV,CounterTerrorist,2137.778,-521.3979,114.3891,M4A1,100,100,-22.07924,7.824338,0,False,True,True,64.33594,8.085938
RUBINO[M] * TWITCH.TV,CounterTerrorist,2137.543,-521.3314,114.3851,M4A1,100,100,-3.982674,0.4389584,0,False,True,True,64.33594,8.085938
RUBINO[M] * TWITCH.TV,CounterTerrorist,2137.703,-521.4122,114.3851,M4A1,100,100,5.781723,-2.830653,0,False,True,True,63.63281,8.085938
RUBINO[M] * TWITCH.TV,CounterTerrorist,2137.876,-521.4981,114.3851,M4A1,100,100,8.195734,-4.082254,0,False,True,True,63.28125,8.789063
RUBINO[M] * TWITCH.TV,CounterTerrorist,2138.291,-521.7056,114.3851,M4A1,100,100,12.24057,-6.124772,0,False,True,True,63.28125,8.789063
RUBINO[M] * TWITCH.TV,CounterTerrorist,2138.616,-521.8672,114.4016,M4A1,100,100,14.70954,-7.265076,0,False,True,True,64.33594,8.789063
RUBINO[M] * TWITCH.TV,CounterTerrorist,2139.29,-522.1893,114.4016,M4A1,100,100,18.96524,-8.860998,0,False,True,True,66.09375,8.789063
RUBINO[M] * TWITCH.TV,CounterTerrorist,2139.923,-522.478,114.4178,M4A1,100,100,18.98289,-8.591507,0,False,True,True,67.14844,8.789063
RUBINO[M] * TWITCH.TV,CounterTerrorist,2140.155,-522.5886,114.4178,M4A1,100,100,-1.533715,0.3878767,0,False,True,True,68.20313,8.4375
RUBINO[M] * TWITCH.TV,CounterTerrorist,2140.007,-522.5308,114.4178,M4A1,100,100,-5.998745,2.335886,0,False,True,True,68.90625,8.4375
RUBINO[M] * TWITCH.TV,CounterTerrorist,2139.754,-522.4322,114.4178,M4A1,78,96,-9.377935,3.648028,0,False,True,True,68.90625,8.4375
RUBINO[M] * TWITCH.TV,CounterTerrorist,2139.495,-522.3313,114.4178,M4A1,78,96,-11.91185,4.633364,0,False,True,True,68.90625,8.4375
RUBINO[M] * TWITCH.TV,CounterTerrorist,2139.093,-522.175,114.4118,M4A1,78,96,-5.737501,2.231684,0,False,True,True,68.90625,8.4375
RUBINO[M] * TWITCH.TV,CounterTerrorist,2139.069,-522.1655,114.4113,M4A1,78,96,0,0,0,False,True,True,68.90625,8.4375
RUBINO[M] * TWITCH.TV,CounterTerrorist,2139.069,-522.1655,114.4113,M4A1,78,96,0,0,0,False,True,True,68.55469,8.4375
RUBINO[M] * TWITCH.TV,CounterTerrorist,2139.069,-522.1655,114.4113,M4A1,78,96,0,0,0,False,True,True,68.55469,8.4375
RUBINO[M] * TWITCH.TV,CounterTerrorist,2139.069,-522.1655,114.4113,M4A1,78,96,0,0,0,False,True,True,68.55469,8.4375
RUBINO[M] * TWITCH.TV,CounterTerrorist,2139.069,-522.1655,114.4113,M4A1,78,96,0,0,0,False,True,True,68.55469,8.4375
RUBINO[M] * TWITCH.TV,CounterTerrorist,2139.069,-522.1655,114.4113,M4A1,78,96,0,0,0,False,True,True,68.55469,9.140625
RUBINO[M] * TWITCH.TV,CounterTerrorist,2139.069,-522.1655,114.4113,M4A1,78,96,0,0,0,False,True,True,68.55469,9.492188
RUBINO[M] * TWITCH.TV,CounterTerrorist,2139.069,-522.1655,114.4113,M4A1,78,96,0,0,0,False,True,True,68.55469,9.492188
RUBINO[M] * TWITCH.TV,CounterTerrorist,2139.069,-522.1655,114.4113,M4A1,78,96,0,0,0,False,True,True,68.55469,9.492188
RUBINO[M] * TWITCH.TV,CounterTerrorist,2139.069,-522.1655,114.4113,M4A1,78,96,0,0,0,False,True,True,68.55469,9.492188
RUBINO[M] * TWITCH.TV,CounterTerrorist,2139.069,-522.1655,114.4113,M4A1,78,96,0,0,0,False,True,True,68.55469,9.492188
RUBINO[M] * TWITCH.TV,CounterTerrorist,2139.069,-522.1655,114.4113,M4A1,78,96,0,0,0,False,True,True,68.55469,9.492188
RUBINO[M] * TWITCH.TV,CounterTerrorist,2139.069,-522.1655,114.4113,CZ,78,96,0,0,0,False,True,True,69.25781,8.789063
RUBINO[M] * TWITCH.TV,CounterTerrorist,2139.114,-522.0135,114.4113,CZ,78,96,1.58965,6.233944,0,True,True,True,77.34375,6.328125
RUBINO[M] * TWITCH.TV,CounterTerrorist,2139.151,-521.7453,114.4113,CZ,78,96,0.7338514,9.980851,0,True,True,True,91.05469,2.460938
RUBINO[M] * TWITCH.TV,CounterTerrorist,2139.254,-521.4333,114.4113,CZ,78,96,7.023035,7.956532,0,True,True,True,105.1172,358.5938
RUBINO[M] * TWITCH.TV,CounterTerrorist,2139.488,-521.2801,114.4113,CZ,78,96,11.13483,6.226805,0,True,True,True,110.7422,356.1328
RUBINO[M] * TWITCH.TV,CounterTerrorist,2140.034,-521.0248,114.4279,CZ,78,96,15.77784,6.951106,0,True,True,True,112.1484,352.6172
RUBINO[M] * TWITCH.TV,CounterTerrorist,2140.742,-520.7271,114.4279,CZ,78,96,31.83224,13.10417,0,False,True,True,111.7969,350.1563
RUBINO[M] * TWITCH.TV,CounterTerrorist,2142.296,-520.0978,114.4669,CZ,78,96,60.44779,24.36259,0,False,True,True,111.7969,348.75
RUBINO[M] * TWITCH.TV,CounterTerrorist,2144.737,-519.1183,114.5088,CZ,78,96,88.39212,35.42295,0,False,True,True,111.7969,347.6953
RUBINO[M] * TWITCH.TV,CounterTerrorist,2147.984,-517.819,114.5647,CZ,78,96,112.7404,45.08628,0,False,True,True,111.7969,347.6953
RUBINO[M] * TWITCH.TV,CounterTerrorist,2151.923,-516.245,114.6324,CZ,78,96,133.6367,53.37964,0,False,True,True,111.7969,347.6953
RUBINO[M] * TWITCH.TV,CounterTerrorist,2156.456,-514.4351,114.7104,CZ,78,96,151.5706,60.49723,0,False,True,True,111.7969,347.6953
RUBINO[M] * TWITCH.TV,CounterTerrorist,2161.5,-512.4236,114.6152,CZ,78,96,166.9749,66.57327,0,False,True,True,111.7969,347.3438
RUBINO[M] * TWITCH.TV,CounterTerrorist,2166.895,-510.1341,114.3071,CZ,78,96,171.9629,81.33929,0,False,True,True,111.4453,347.3438
RUBINO[M] * TWITCH.TV,CounterTerrorist,2168.614,-507.9263,113.9575,CZ,78,96,0.001336575,100.3953,0,False,True,True,111.7969,346.9922
RUBINO[M] * TWITCH.TV,CounterTerrorist,2168.637,-503.3358,112.4548,CZ,78,96,0.001076628,128.4385,0,False,True,True,116.3672,345.2344
RUBINO[M] * TWITCH.TV,CounterTerrorist,2168.654,-499.2997,111.7135,CZ,78,96,0.002857412,129.9977,0,False,True,True,121.9922,343.8281
RUBINO[M] * TWITCH.TV,CounterTerrorist,2169.042,-495.1513,111.0218,CZ,78,96,24.44222,134.7064,0,False,True,True,127.6172,341.7188
RUBINO[M] * TWITCH.TV,CounterTerrorist,2170.346,-490.8183,110.2961,CZ,78,96,51.3504,141.158,0,False,True,True,131.4844,339.2578
RUBINO[M] * TWITCH.TV,CounterTerrorist,2171.813,-487.4248,109.7175,CZ,78,96,67.87978,146.6483,0,False,True,True,133.9453,337.1484
RUBINO[M] * TWITCH.TV,CounterTerrorist,2174.998,-481.4721,107.8571,CZ,78,96,89.83327,156.2382,0,False,True,True,137.4609,333.2813
RUBINO[M] * TWITCH.TV,CounterTerrorist,2178.075,-476.4385,106.2825,CZ,78,96,103.1978,163.9927,0,False,True,True,139.9219,330.4688
RUBINO[M] * TWITCH.TV,CounterTerrorist,2181.205,-471.5363,104.966,CZ,78,96,94.49072,147.9937,0,False,True,True,143.0859,327.6563
RUBINO[M] * TWITCH.TV,CounterTerrorist,2183.436,-467.9751,104.2515,CZ,78,96,58.51979,94.36847,0,False,True,True,146.6016,323.7891
RUBINO[M] * TWITCH.TV,CounterTerrorist,2184.68,-465.964,120.8589,CZ,78,96,29.19971,47.04062,0,False,True,True,148.7109,320.2734
RUBINO[M] * TWITCH.TV,CounterTerrorist,2185.053,-465.3831,121.0479,CZ,78,96,1.539181,1.54222,0,False,True,True,149.0625,317.4609
RUBINO[M] * TWITCH.TV,CounterTerrorist,2184.696,-465.9713,120.8566,CZ,78,96,-17.47897,-28.65174,0,False,True,True,148.3594,315
RUBINO[M] * TWITCH.TV,CounterTerrorist,2184.325,-467.4737,104.1376,CZ,78,96,-7.094932,-59.34044,0,False,True,True,148.3594,312.8906
RUBINO[M] * TWITCH.TV,CounterTerrorist,2184.315,-469.9038,104.6456,CZ,78,96,3.557768,-88.63571,0,False,True,True,149.4141,311.1328
RUBINO[M] * TWITCH.TV,CounterTerrorist,2184.432,-473.1637,105.3071,CZ,78,96,-2.429583,-112.4112,0,False,True,True,150.4688,310.0781
RUBINO[M] * TWITCH.TV,CounterTerrorist,2183.988,-477.0549,106.4503,CZ,78,96,-20.59685,-131.5825,0,False,True,True,153.6328,309.7266
RUBINO[M] * TWITCH.TV,CounterTerrorist,2183.077,-481.5154,107.8384,CZ,78,96,-33.80012,-149.1976,0,False,True,True,157.1484,309.375
RUBINO[M] * TWITCH.TV,CounterTerrorist,2181.825,-486.4914,109.388,CZ,78,96,-43.39352,-165.0401,0,False,True,True,159.6094,307.6172
RUBINO[M] * TWITCH.TV,CounterTerrorist,2180.338,-491.9313,110.4458,CZ,78,96,-49.62216,-179.3494,0,False,True,True,163.4766,304.1016
RUBINO[M] * TWITCH.TV,CounterTerrorist,2178.746,-496.7273,111.2496,CZ,78,96,-49.84119,0.4364284,0,False,True,True,167.6953,301.6406
RUBINO[M] * TWITCH.TV,CounterTerrorist,2177.548,-495.9573,111.1257,CZ,78,96,-32.10463,38.03079,0,False,True,True,170.8594,301.6406
RUBINO[M] * TWITCH.TV,CounterTerrorist,2176.788,-494.1416,110.8262,CZ,78,96,-20.2805,69.82386,0,False,True,True,171.2109,303.0469
RUBINO[M] * TWITCH.TV,CounterTerrorist,2176.329,-491.4312,110.3769,CZ,78,96,-12.06451,92.33218,0,True,True,True,169.8047,305.1563
RUBINO[M] * TWITCH.TV,CounterTerrorist,2176.037,-488.561,109.9003,CZ,78,96,-8.199045,89.35474,0,True,True,True,166.6406,309.0234
RUBINO[M] * TWITCH.TV,CounterTerrorist,2175.761,-486.1858,109.3172,CZ,78,96,-9.783648,66.23588,0,True,True,True,164.5313,312.5391
RUBINO[M] * TWITCH.TV,CounterTerrorist,2175.406,-484.6092,108.8292,CZ,78,96,-12.25869,41.05932,0,True,True,True,160.3125,316.4063
RUBINO[M] * TWITCH.TV,CounterTerrorist,2174.99,-483.7997,108.5796,CZ,78,96,-13.59674,17.0222,0,True,True,True,156.7969,320.2734
RUBINO[M] * TWITCH.TV,CounterTerrorist,2174.65,-483.5952,108.5175,CZ,78,96,-7.56879,3.689337,0,True,True,True,159.2578,324.1406
RUBINO[M] * TWITCH.TV,CounterTerrorist,2174.591,-483.5665,108.5088,CZ,78,96,0,0,0,False,True,True,165.2344,328.7109
RUBINO[M] * TWITCH.TV,CounterTerrorist,2174.591,-483.5665,108.5088,CZ,78,96,0,0,0,False,True,True,169.1016,332.2266
RUBINO[M] * TWITCH.TV,CounterTerrorist,2174.591,-483.5665,108.5088,CZ,78,96,0,0,0,False,True,True,170.1563,336.0938
RUBINO[M] * TWITCH.TV,CounterTerrorist,2174.591,-483.5665,108.5088,CZ,78,96,0,0,0,False,True,True,169.4531,339.2578
RUBINO[M] * TWITCH.TV,CounterTerrorist,2174.591,-483.5665,108.5088,CZ,78,96,0,0,0,False,True,True,168.3984,342.7734
RUBINO[M] * TWITCH.TV,CounterTerrorist,2174.591,-483.5665,108.5088,CZ,78,96,0,0,0,False,True,True,167.3438,345.5859
RUBINO[M] * TWITCH.TV,CounterTerrorist,2174.591,-483.5665,108.5088,CZ,78,96,0,0,0,False,True,True,166.9922,347.3438
RUBINO[M] * TWITCH.TV,CounterTerrorist,2174.591,-483.5665,108.5088,CZ,78,96,0,0,0,False,True,True,169.1016,351.2109
RUBINO[M] * TWITCH.TV,CounterTerrorist,2174.591,-483.5665,108.5088,CZ,78,96,0,0,0,True,True,True,171.9141,356.4844
RUBINO[M] * TWITCH.TV,CounterTerrorist,2174.591,-483.5665,108.5088,CZ,78,96,0,0,0,True,True,True,171.5625,0.703125
RUBINO[M] * TWITCH.TV,CounterTerrorist,2174.488,-483.5666,108.5052,CZ,78,96,-4.940594,-1.594495,0,True,True,True,166.6406,4.570313
RUBINO[M] * TWITCH.TV,CounterTerrorist,2174.277,-483.6621,108.5397,CZ,78,96,-8.104492,-3.372073,0,True,True,True,154.6875,6.679688
RUBINO[M] * TWITCH.TV,CounterTerrorist,2173.947,-483.756,108.5559,CZ,78,96,-12.02925,-2.650307,0,True,True,True,141.6797,5.273438
RUBINO[M] * TWITCH.TV,CounterTerrorist,2173.444,-483.8019,108.576,CZ,78,96,-22.55739,-0.5765955,0,False,True,True,132.5391,3.515625
RUBINO[M] * TWITCH.TV,CounterTerrorist,2172.14,-483.7686,108.576,CZ,78,96,-53.22868,1.954407,0,False,True,True,131.4844,2.460938
RUBINO[M] * TWITCH.TV,CounterTerrorist,2170.532,-483.7115,108.5699,CZ,78,96,-76.28117,2.43135,0,False,True,True,135,1.40625
RUBINO[M] * TWITCH.TV,CounterTerrorist,2166.705,-483.714,108.5859,CZ,78,96,-111.4057,-2.890562,0,False,True,True,145.1953,1.054688
RUBINO[M] * TWITCH.TV,CounterTerrorist,2162.78,-483.9504,108.6749,CZ,78,96,-133.3078,-6.367695,0,False,True,True,156.7969,1.054688
RUBINO[M] * TWITCH.TV,CounterTerrorist,2158.238,-483.8926,108.6749,CZ,78,96,-152.4742,5.608536,0,False,True,True,167.3438,0.703125
RUBINO[M] * TWITCH.TV,CounterTerrorist,2153.123,-483.6121,108.6082,CZ,78,96,-170.1534,10.27632,0,False,True,True,174.375,0.703125
RUBINO[M] * TWITCH.TV,CounterTerrorist,2147.513,-483.2686,108.5239,M4A1,78,96,-184.364,11.17572,0,False,True,True,177.1875,0.703125
RUBINO[M] * TWITCH.TV,CounterTerrorist,2141.531,-482.9158,108.4382,M4A1,78,96,-195.4002,11.34378,0,False,True,True,177.1875,0.3515625
RUBINO[M] * TWITCH.TV,CounterTerrorist,2135.237,-482.5576,108.352,M4A1,78,96,-204.8679,11.56682,0,False,True,True,176.8359,0.3515625
RUBINO[M] * TWITCH.TV,CounterTerrorist,2130.337,-482.2815,108.2857,M4A1,78,96,-211.0672,11.89719,0,False,True,True,176.8359,0.3515625
RUBINO[M] * TWITCH.TV,CounterTerrorist,2121.88,-481.7903,108.1668,M4A1,78,96,-219.885,13.22892,0,False,True,True,174.7266,0.703125
RUBINO[M] * TWITCH.TV,CounterTerrorist,2114.89,-481.3186,108.0482,CZ,78,96,-226.1844,16.7228,0,False,True,True,169.8047,1.757813
RUBINO[M] * TWITCH.TV,CounterTerrorist,2107.702,-480.6254,107.8445,CZ,78,96,-231.8077,26.51256,0,False,True,True,157.5,3.164063
RUBINO[M] * TWITCH.TV,CounterTerrorist,2100.45,-479.4476,107.479,CZ,78,96,-230.9708,45.77916,0,False,True,True,136.0547,3.867188
RUBINO[M] * TWITCH.TV,CounterTerrorist,2093.873,-477.6321,106.9154,AK47,78,96,-200.0955,66.6165,0,False,True,True,110.0391,1.757813
RUBINO[M] * TWITCH.TV,CounterTerrorist,2088.068,-475.0428,106.1117,AK47,78,96,-176.1503,92.31676,0,False,True,True,91.05469,359.6484
RUBINO[M] * TWITCH.TV,CounterTerrorist,2083.111,-471.7127,105.0781,AK47,78,96,-148.1706,114.6487,0,False,True,True,83.67188,358.9453
RUBINO[M] * TWITCH.TV,CounterTerrorist,2078.977,-467.7499,103.8382,AK47,78,96,-123.2388,133.7385,0,False,True,True,83.67188,358.9453
RUBINO[M] * TWITCH.TV,CounterTerrorist,2075.601,-463.2717,102.2192,AK47,78,96,-95.53519,146.6495,0,False,True,True,83.67188,358.9453
RUBINO[M] * TWITCH.TV,CounterTerrorist,2073.484,-458.8205,100.3562,AK47,78,96,-50.29073,134.5048,0,False,True,True,83.67188,358.9453
RUBINO[M] * TWITCH.TV,CounterTerrorist,2072.758,-455.075,100.0313,AK47,78,96,-7.81725,111.5104,0,False,True,True,83.67188,358.9453
RUBINO[M] * TWITCH.TV,CounterTerrorist,2073.239,-451.9831,100.0313,AK47,78,96,28.6347,91.77599,0,False,True,True,83.67188,358.9453
RUBINO[M] * TWITCH.TV,CounterTerrorist,2074.756,-449.4522,100.0313,AK47,78,96,59.9188,74.83935,0,False,True,True,83.67188,358.9453
RUBINO[M] * TWITCH.TV,CounterTerrorist,2077.163,-447.4028,100.0313,AK47,78,96,86.76772,60.30384,0,False,True,True,83.67188,358.9453
RUBINO[M] * TWITCH.TV,CounterTerrorist,2080.306,-445.8159,100.0313,AK47,78,96,106.3379,41.52261,0,False,True,True,83.67188,358.9453
RUBINO[M] * TWITCH.TV,CounterTerrorist,2083.771,-445.1882,100.0313,AK47,78,96,113.4782,7.868436,0,False,True,True,83.67188,358.9453
RUBINO[M] * TWITCH.TV,CounterTerrorist,2087.439,-445.517,100.0313,AK47,78,96,119.6317,-20.99418,0,False,True,True,84.02344,358.9453
RUBINO[M] * TWITCH.TV,CounterTerrorist,2091.297,-446.6548,100.0313,AK47,78,96,125.8598,-44.96816,0,False,True,True,87.1875,358.2422
RUBINO[M] * TWITCH.TV,CounterTerrorist,2094.34,-447.9298,100.0313,AK47,78,96,132.0779,-58.62349,0,False,True,True,94.5703,356.8359
RUBINO[M] * TWITCH.TV,CounterTerrorist,2099.81,-450.5673,100.0313,AK47,78,96,145.7921,-71.86766,0,False,True,True,107.5781,352.2656
RUBINO[M] * TWITCH.TV,CounterTerrorist,2104.6,-452.9009,100.0313,AK47,78,96,157.6782,-75.97028,0,False,True,True,112.5,349.1016
RUBINO[M] * TWITCH.TV,CounterTerrorist,2109.738,-455.3277,100.0313,AK47,78,96,168.2528,-78.62643,0,False,True,True,112.8516,346.9922
RUBINO[M] * TWITCH.TV,CounterTerrorist,2115.174,-457.2914,100.0313,AK47,78,96,177.2492,-53.8608,0,False,True,True,112.5,344.5313
RUBINO[M] * TWITCH.TV,CounterTerrorist,2120.868,-458.5536,100.4555,AK47,78,96,185.0078,-32.69724,0,False,True,True,112.5,343.125
RUBINO[M] * TWITCH.TV,CounterTerrorist,2126.779,-459.2074,100.802,AK47,78,96,191.5024,-14.14268,0,False,True,True,113.2031,342.7734
RUBINO[M] * TWITCH.TV,CounterTerrorist,2132.873,-459.3273,100.9138,AK47,78,96,196.9657,2.039156,0,False,True,True,113.5547,342.7734
RUBINO[M] * TWITCH.TV,CounterTerrorist,2139.121,-458.9874,100.8568,AK47,78,96,201.6673,15.89742,0,False,True,True,113.2031,343.125
RUBINO[M] * TWITCH.TV,CounterTerrorist,2145.194,-457.9243,100.4809,AK47,78,96,188.6276,45.26159,0,False,True,True,112.8516,343.4766
RUBINO[M] * TWITCH.TV,CounterTerrorist,2148.732,-455.9842,100.0313,AK47,78,96,5.684342E-14,71.44565,0,False,True,True,112.8516,344.1797
RUBINO[M] * TWITCH.TV,CounterTerrorist,2148.732,-454.0376,100.0313,AK47,78,96,5.684342E-14,88.69941,0,False,True,True,112.5,345.9375
RUBINO[M] * TWITCH.TV,CounterTerrorist,2148.732,-449.98,100.0313,AK47,78,96,5.684342E-14,113.2967,0,False,True,True,111.0938,350.8594
RUBINO[M] * TWITCH.TV,CounterTerrorist,2148.732,-446.3565,100.0313,AK47,78,96,0,114.3142,0,False,True,True,110.3906,354.7266
RUBINO[M] * TWITCH.TV,CounterTerrorist,2148.732,-443.7226,100.0313,AK47,78,96,3.785772E-11,111.5102,0,False,True,True,111.0938,356.8359
RUBINO[M] * TWITCH.TV,CounterTerrorist,2148.732,-439.438,100.0313,AK47,78,96,1.049042E-05,108.7102,0,False,True,True,112.8516,357.8906
RUBINO[M] * TWITCH.TV,CounterTerrorist,2148.732,-436.0725,99.88477,AK47,78,96,0,106.6475,-15.625,False,True,True,112.8516,357.8906
RUBINO[M] * TWITCH.TV,CounterTerrorist,2148.732,-433.9275,99.29883,AK47,78,96,-9.536743E-06,83.96275,-34.37498,False,True,True,112.8516,357.8906
RUBINO[M] * TWITCH.TV,CounterTerrorist,2148.732,-431.5338,97.3457,AK47,78,96,0,46.15479,-65.62498,False,True,True,112.8516,357.8906
RUBINO[M] * TWITCH.TV,CounterTerrorist,2148.732,-430.6822,94.9043,AK47,78,96,-3.922031E-06,15.90843,-90.62498,False,True,True,112.8516,357.8906
RUBINO[M] * TWITCH.TV,CounterTerrorist,2148.732,-430.7758,91.68164,AK47,78,96,0,-14.33794,-115.625,False,True,True,112.8516,357.8906
RUBINO[M] * TWITCH.TV,CounterTerrorist,2148.734,-431.6819,87.67773,AK47,78,96,0.1707448,-32.51037,-140.625,False,True,True,112.8516,357.8906
RUBINO[M] * TWITCH.TV,CounterTerrorist,2148.735,-432.4444,84.16211,AK47,78,96,0.02599229,-32.57172,-159.375,False,True,True,112.8516,357.8906
RUBINO[M] * TWITCH.TV,CounterTerrorist,2148.735,-434.1579,80.03125,AK47,78,96,0,-46.35108,0,False,True,True,112.8516,357.8906
RUBINO[M] * TWITCH.TV,CounterTerrorist,2148.735,-435.6075,80.03125,AK47,78,96,0,-42.07729,0,False,True,True,112.8516,357.8906
RUBINO[M] * TWITCH.TV,CounterTerrorist,2148.735,-436.4124,80.03125,AK47,78,96,0,-15.93708,0,False,True,True,113.5547,357.5391
RUBINO[M] * TWITCH.TV,CounterTerrorist,2148.735,-436.4787,80.03125,AK47,78,96,0,3.720322,0,False,True,True,113.5547,357.5391
RUBINO[M] * TWITCH.TV,CounterTerrorist,2148.735,-436.2246,80.03125,AK47,78,96,0,8.367594,0,False,True,True,113.5547,357.5391
RUBINO[M] * TWITCH.TV,CounterTerrorist,2148.735,-435.7859,80.03125,AK47,78,96,-2.388808E-06,24.65968,0,False,True,True,113.5547,357.1875
RUBINO[M] * TWITCH.TV,CounterTerrorist,2148.735,-434.1263,80.03125,AK47,78,96,5.684342E-14,54.37407,0,False,True,True,113.5547,357.1875
RUBINO[M] * TWITCH.TV,CounterTerrorist,2148.735,-431.9628,80.03125,AK47,78,96,5.684342E-14,78.14558,0,False,True,True,113.5547,357.1875
RUBINO[M] * TWITCH.TV,CounterTerrorist,2148.735,-429.0824,80.03125,AK47,78,96,0,100.1711,0,False,True,True,113.5547,357.1875
RUBINO[M] * TWITCH.TV,CounterTerrorist,2148.735,-426.5059,80.03125,AK47,78,96,-5.555665E-05,114.624,0,False,True,True,113.5547,357.1875
RUBINO[M] * TWITCH.TV,CounterTerrorist,2148.735,-421.7579,80.03125,AK47,78,96,0,120.9772,0,False,True,True,113.9063,356.8359
RUBINO[M] * TWITCH.TV,CounterTerrorist,2148.735,-418.0307,80.03125,AK47,78,96,0,118.324,0,False,True,True,114.2578,356.1328
RUBINO[M] * TWITCH.TV,CounterTerrorist,2148.735,-414.3736,80.03125,AK47,78,96,0,116.328,0,False,True,True,114.6094,355.7813
RUBINO[M] * TWITCH.TV,CounterTerrorist,2148.735,-410.7678,80.03125,AK47,78,96,0,114.8742,0,False,True,True,114.9609,355.7813
RUBINO[M] * TWITCH.TV,CounterTerrorist,2148.735,-407.462,80.03125,AK47,78,96,0,95.73512,0,False,True,True,115.3125,355.7813
RUBINO[M] * TWITCH.TV,CounterTerrorist,2148.735,-404.9794,80.03125,AK47,78,96,0,70.16148,0,False,True,True,115.3125,355.7813
RUBINO[M] * TWITCH.TV,CounterTerrorist,2148.735,-403.2545,80.03125,AK47,78,96,0,46.21378,0,False,True,True,115.3125,355.7813
RUBINO[M] * TWITCH.TV,CounterTerrorist,2148.735,-402.2773,80.03125,AK47,78,96,0,22.30689,0,False,True,True,115.3125,355.7813
RUBINO[M] * TWITCH.TV,CounterTerrorist,2148.735,-402.0455,80.03125,AK47,78,96,0,-1.497897,0,False,True,True,115.6641,355.7813
RUBINO[M] * TWITCH.TV,CounterTerrorist,2148.735,-402.1541,80.03125,AK47,78,96,0,-3.810306,0,False,True,True,116.3672,356.1328
RUBINO[M] * TWITCH.TV,CounterTerrorist,2148.735,-402.5395,80.03125,AK47,78,96,0,-20.67495,0,False,True,True,117.0703,356.4844
RUBINO[M] * TWITCH.TV,CounterTerrorist,2148.735,-403.6172,80.03125,AK47,78,96,0,-42.74716,0,False,True,True,117.7734,356.8359
RUBINO[M] * TWITCH.TV,CounterTerrorist,2148.735,-405.3815,80.03125,AK47,78,96,0,-64.67752,0,False,True,True,118.125,357.1875
RUBINO[M] * TWITCH.TV,CounterTerrorist,2148.735,-407.8279,80.03125,AK47,78,96,0,-86.30601,0,False,True,True,118.125,357.1875
RUBINO[M] * TWITCH.TV,CounterTerrorist,2148.673,-410.9215,80.03125,AK47,78,96,-5.300707,-106.8081,0,False,True,True,118.125,357.1875
RUBINO[M] * TWITCH.TV,CounterTerrorist,2148.319,-414.6358,80.03125,AK47,78,96,-14.76053,-125.7292,0,False,True,True,118.125,357.1875
RUBINO[M] * TWITCH.TV,CounterTerrorist,2147.696,-418.8881,80.03125,AK47,78,96,-22.87922,-141.9677,0,False,True,True,118.125,357.1875
RUBINO[M] * TWITCH.TV,CounterTerrorist,2146.882,-423.5229,84.60341,AK47,78,96,-26.50654,-149.1991,286.3684,False,True,True,118.125,357.1875
RUBINO[M] * TWITCH.TV,CounterTerrorist,2146.053,-428.1853,102.1618,AK47,78,96,-26.50654,-149.1991,261.3684,False,True,True,117.0703,357.5391
RUBINO[M] * TWITCH.TV,CounterTerrorist,2145.225,-432.8478,109.9389,AK47,78,96,-26.50654,-149.1991,236.3684,False,True,True,116.0156,357.8906
RUBINO[M] * TWITCH.TV,CounterTerrorist,2144.397,-437.5103,116.9348,AK47,78,96,-26.50654,-149.1991,211.3684,False,True,True,115.6641,358.5938
RUBINO[M] * TWITCH.TV,CounterTerrorist,2143.569,-442.1728,123.1494,AK47,78,96,-26.50654,-149.1991,186.3684,False,True,True,115.3125,359.6484
RUBINO[M] * TWITCH.TV,CounterTerrorist,2142.741,-446.8352,128.5827,AK47,78,96,-26.50654,-149.1991,161.3684,False,True,True,114.9609,359.6484
RUBINO[M] * TWITCH.TV,CounterTerrorist,2141.913,-451.4977,133.2349,AK47,78,96,-26.50654,-149.1991,136.3684,False,True,True,114.9609,359.6484
RUBINO[M] * TWITCH.TV,CounterTerrorist,2141.085,-456.1602,137.1058,AK47,78,96,-26.50654,-149.1991,111.3684,False,True,True,114.9609,359.6484
RUBINO[M] * TWITCH.TV,CounterTerrorist,2140.257,-460.8227,140.1954,AK47,78,96,-26.50654,-149.1991,86.36838,False,True,True,114.9609,359.6484
RUBINO[M] * TWITCH.TV,CounterTerrorist,2139.428,-465.4851,142.5038,AK47,78,96,-26.50654,-149.1991,61.36838,False,True,True,114.9609,359.6484
RUBINO[M] * TWITCH.TV,CounterTerrorist,2138.633,-470.1325,144.031,AK47,78,96,-23.72577,-147.9055,36.36838,False,True,True,114.9609,359.6484
RUBINO[M] * TWITCH.TV,CounterTerrorist,2138.003,-474.7027,144.7769,AK47,78,96,-17.99832,-145.2392,11.36838,False,True,True,114.9609,359.6484
RUBINO[M] * TWITCH.TV,CounterTerrorist,2137.796,-479.0753,135.7416,AK47,78,96,9.958838,-132.1559,-13.63162,False,True,True,114.9609,0
RUBINO[M] * TWITCH.TV,CounterTerrorist,2139.497,-482.5547,134.925,AK47,78,96,79.69594,-99.52045,-38.63162,False,True,True,114.9609,0
RUBINO[M] * TWITCH.TV,CounterTerrorist,2141.987,-485.6647,133.3271,AK47,78,96,79.69594,-99.52045,-63.63162,False,True,True,114.9609,0
RUBINO[M] * TWITCH.TV,CounterTerrorist,2144.477,-488.7747,130.9481,AK47,78,96,79.69594,-99.52045,-88.63162,False,True,True,114.9609,0
RUBINO[M] * TWITCH.TV,CounterTerrorist,2146.968,-491.8847,127.7877,AK47,78,96,79.69594,-99.52045,-113.6316,False,True,True,114.9609,0
RUBINO[M] * TWITCH.TV,CounterTerrorist,2149.458,-494.9947,123.8461,AK47,78,96,79.69594,-99.52045,-138.6316,False,True,True,114.9609,0
RUBINO[M] * TWITCH.TV,CounterTerrorist,2151.948,-498.1046,119.1232,AK47,78,96,79.69594,-99.52045,-163.6316,False,True,True,114.9609,0
RUBINO[M] * TWITCH.TV,CounterTerrorist,2154.438,-501.2146,113.619,AK47,78,96,79.69594,-99.52045,0,False,True,True,114.9609,0
RUBINO[M] * TWITCH.TV,CounterTerrorist,2157.371,-504.2813,112.6818,AK47,78,96,101.9147,-97.29217,0,False,True,True,115.6641,359.6484
RUBINO[M] * TWITCH.TV,CounterTerrorist,2160.938,-507.2759,113.6883,AK47,78,96,121.1383,-94.93362,0,False,True,True,116.3672,359.6484
RUBINO[M] * TWITCH.TV,CounterTerrorist,2165.012,-509.6541,114.2211,AK47,78,96,135.6393,-65.3111,0,False,True,True,117.4219,358.9453
RUBINO[M] * TWITCH.TV,CounterTerrorist,2168.607,-511.1545,114.4642,AK47,78,96,-0.07239665,-37.26692,0,False,True,True,118.125,358.5938
RUBINO[M] * TWITCH.TV,CounterTerrorist,2168.606,-511.7166,114.5305,AK47,78,96,-0.0184232,-6.807245,0,False,True,True,118.4766,358.2422
RUBINO[M] * TWITCH.TV,CounterTerrorist,2168.606,-511.5682,114.5268,AK47,78,96,0.002642887,7.85396,0,False,True,True,118.4766,358.2422
RUBINO[M] * TWITCH.TV,CounterTerrorist,2168.607,-511.1884,114.4788,AK47,78,96,0.002630186,14.77227,0,False,True,True,119.1797,357.8906
RUBINO[M] * TWITCH.TV,CounterTerrorist,2168.608,-510.5847,114.3875,AK47,78,96,0.002606807,22.11584,0,False,True,True,119.8828,357.5391
RUBINO[M] * TWITCH.TV,CounterTerrorist,2168.61,-509.7389,114.2595,AK47,78,96,0.002575602,30.12419,0,False,True,True,121.2891,357.5391
RUBINO[M] * TWITCH.TV,CounterTerrorist,2168.613,-508.6325,114.0921,AK47,78,96,0.002558062,38.61465,0,False,True,True,121.9922,357.5391
RUBINO[M] * TWITCH.TV,CounterTerrorist,2168.618,-507.2563,113.7381,AK47,78,96,0.002554998,47.29855,0,False,True,True,121.9922,357.5391
RUBINO[M] * TWITCH.TV,CounterTerrorist,2168.627,-505.6089,113.199,AK47,78,96,0.002562916,55.93645,0,False,True,True,121.6406,357.5391
RUBINO[M] * TWITCH.TV,CounterTerrorist,2168.638,-503.6983,112.5735,AK47,78,96,0.002585127,64.20501,0,False,True,True,120.9375,357.5391
RUBINO[M] * TWITCH.TV,CounterTerrorist,2168.648,-501.5373,112.0859,AK47,78,96,0.002601578,72.08317,0,False,True,True,120.2344,357.1875
RUBINO[M] * TWITCH.TV,CounterTerrorist,2168.656,-498.8069,111.6315,AK47,78,96,0.0007736683,96.14877,0,False,True,True,120.2344,357.1875
RUBINO[M] * TWITCH.TV,CounterTerrorist,2168.839,-495.3898,111.0622,AK47,78,96,9.208988,116.8657,0,False,True,True,119.8828,357.1875
RUBINO[M] * TWITCH.TV,CounterTerrorist,2169.714,-491.7154,110.4477,AK47,78,96,38.75256,117.9869,0,False,True,True,119.8828,357.1875
RUBINO[M] * TWITCH.TV,CounterTerrorist,2171.43,-488.0091,109.8248,AK47,78,96,64.1077,118.9491,0,False,True,True,119.8828,357.1875
RUBINO[M] * TWITCH.TV,CounterTerrorist,2173.866,-484.275,108.7316,AK47,78,96,85.84158,119.8212,0,False,True,True,119.8828,357.1875
RUBINO[M] * TWITCH.TV,CounterTerrorist,2176.125,-481.6202,107.8986,AK47,78,96,101.9448,106.5841,0,False,True,True,120.5859,357.1875
RUBINO[M] * TWITCH.TV,CounterTerrorist,2179.71,-478.7619,106.9972,AK47,78,96,122.0055,82.90746,0,False,True,True,121.2891,357.1875
RUBINO[M] * TWITCH.TV,CounterTerrorist,2184.986,-476.1128,106.1539,AK47,78,96,143.2455,58.44819,0,False,True,True,121.9922,357.1875
RUBINO[M] * TWITCH.TV,CounterTerrorist,2189.748,-474.6089,105.6682,AK47,78,96,157.6117,42.27061,0,False,True,True,122.3438,357.1875
RUBINO[M] * TWITCH.TV,CounterTerrorist,2194.825,-473.6967,105.451,AK47,78,96,161.9613,17.05202,0,False,True,True,122.6953,357.1875
RUBINO[M] * TWITCH.TV,CounterTerrorist,2199.817,-473.804,105.49,AK47,78,96,158.5343,-15.08035,0,False,True,True,123.3984,357.1875
RUBINO[M] * TWITCH.TV,CounterTerrorist,2204.597,-474.6396,105.676,AK47,78,96,145.5947,-27.13799,0,False,True,True,124.4531,357.1875
RUBINO[M] * TWITCH.TV,CounterTerrorist,2209.088,-475.1642,105.7978,AK47,78,96,147.1814,-7.65943,0,False,True,True,125.1563,357.5391
RUBINO[M] * TWITCH.TV,CounterTerrorist,2212.634,-475.0793,105.7928,AK47,78,96,153.264,9.082504,0,False,True,True,126.2109,357.5391
RUBINO[M] * TWITCH.TV,CounterTerrorist,2218.645,-474.265,105.6484,AK47,78,96,146.7581,22.5855,0,False,True,True,127.6172,357.5391
RUBINO[M] * TWITCH.TV,CounterTerrorist,2221.833,-473.7744,105.5599,AK47,78,96,130.8592,20.13872,0,False,True,True,128.3203,357.5391
RUBINO[M] * TWITCH.TV,CounterTerrorist,2226.398,-473.0719,105.4332,AK47,78,96,108.0956,16.63549,0,False,True,True,129.0234,357.5391
RUBINO[M] * TWITCH.TV,CounterTerrorist,2230.018,-472.1499,105.2587,AK47,78,96,120.2557,36.84164,0,False,True,True,129.375,357.5391
RUBINO[M] * TWITCH.TV,CounterTerrorist,2233.983,-470.6533,104.9689,AK47,78,96,130.6857,54.1906,0,False,True,True,129.375,357.5391
RUBINO[M] * TWITCH.TV,CounterTerrorist,2238.245,-468.6635,104.5801,AK47,78,96,139.6371,69.07998,0,False,True,True,129.375,357.5391
RUBINO[M] * TWITCH.TV,CounterTerrorist,2242.761,-466.2498,103.9854,AK47,78,96,147.2933,81.89009,0,False,True,True,129.375,357.5391
RUBINO[M] * TWITCH.TV,CounterTerrorist,2246.892,-463.9688,121.5079,AK47,78,96,119.1844,64.25979,0,False,True,True,129.7266,357.5391
RUBINO[M] * TWITCH.TV,CounterTerrorist,2249.739,-462.5972,121.6455,AK47,78,96,75.08672,32.24337,0,False,True,True,130.4297,357.1875
RUBINO[M] * TWITCH.TV,CounterTerrorist,2251.314,-462.1476,121.6455,AK47,78,96,35.67204,4.022346,0,False,True,True,130.7813,356.8359
RUBINO[M] * TWITCH.TV,CounterTerrorist,2251.671,-462.4652,121.6455,AK47,78,96,-2.102824,-16.75585,0,False,True,True,130.7813,356.8359
RUBINO[M] * TWITCH.TV,CounterTerrorist,2251.123,-463.2663,121.6455,AK47,78,96,-25.94776,-31.3104,0,False,True,True,130.7813,356.8359
RUBINO[M] * TWITCH.TV,CounterTerrorist,2249.897,-464.556,121.317,AK47,78,96,-47.09655,-47.31157,0,False,True,True,130.0781,356.8359
RUBINO[M] * TWITCH.TV,CounterTerrorist,2248.079,-466.2996,104.0189,AK47,78,96,-60.28597,-57.0997,0,False,True,True,129.375,356.8359
RUBINO[M] * TWITCH.TV,CounterTerrorist,2245.915,-467.3762,104.3278,AK47,78,96,-74.31803,-21.53137,0,False,True,True,129.375,357.1875
RUBINO[M] * TWITCH.TV,CounterTerrorist,2243.354,-467.4403,104.3375,AK47,78,96,-86.27317,9.066114,0,False,True,True,129.0234,357.8906
RUBINO[M] * TWITCH.TV,CounterTerrorist,2240.442,-466.6112,104.0834,CZ,78,96,-97.6102,37.21499,0,False,True,True,128.3203,358.9453
RUBINO[M] * TWITCH.TV,CounterTerrorist,2237.181,-464.9305,121.1951,CZ,78,96,-108.1514,63.26617,0,False,True,True,127.6172,0
RUBINO[M] * TWITCH.TV,CounterTerrorist,2233.629,-462.5026,121.6455,CZ,78,96,-116.7426,85.97298,0,False,True,True,126.5625,1.757813
RUBINO[M] * TWITCH.TV,CounterTerrorist,2229.847,-459.4182,121.6455,CZ,78,96,-123.3396,106.0316,0,False,True,True,125.1563,2.8125
RUBINO[M] * TWITCH.TV,CounterTerrorist,2225.887,-455.757,121.6455,CZ,78,96,-128.6477,123.4986,0,False,True,True,125.1563,2.8125
RUBINO[M] * TWITCH.TV,CounterTerrorist,2221.776,-451.5993,121.6455,CZ,78,96,-133.2032,138.4893,0,False,True,True,125.1563,2.8125
RUBINO[M] * TWITCH.TV,CounterTerrorist,2217.564,-447.0564,121.6455,AK47,78,96,-135.2985,148.7678,0,False,True,True,125.1563,2.8125
RUBINO[M] * TWITCH.TV,CounterTerrorist,2213.311,-442.2477,121.6455,AK47,78,96,-136.5368,156.7907,0,False,True,True,125.1563,2.8125
RUBINO[M] * TWITCH.TV,CounterTerrorist,2209.023,-437.2109,121.6455,AK47,78,96,-137.5995,163.6761,0,False,True,True,125.1563,2.8125
RUBINO[M] * TWITCH.TV,CounterTerrorist,2205.809,-433.3307,121.6455,AK47,78,96,-136.6232,166.0093,0,False,True,True,125.1563,2.8125
RUBINO[M] * TWITCH.TV,CounterTerrorist,2200.529,-426.7996,109.2103,AK47,78,96,-134.2614,167.9252,0,False,True,True,125.1563,2.8125
RUBINO[M] * TWITCH.TV,CounterTerrorist,2196.365,-421.5272,102.8563,AK47,78,96,-132.7002,169.1616,0,False,True,True,125.1563,2.8125
RUBINO[M] * TWITCH.TV,CounterTerrorist,2192.244,-416.2203,102.8563,AK47,78,96,-131.3744,170.1933,0,False,True,True,125.1563,2.8125
RUBINO[M] * TWITCH.TV,CounterTerrorist,2188.161,-410.8845,102.8563,AK47,78,96,-130.2444,171.0596,0,False,True,True,125.1563,2.8125
RUBINO[M] * TWITCH.TV,CounterTerrorist,2184.11,-405.5244,101.9149,AK47,78,96,-129.2791,171.7904,0,False,True,True,125.1563,2.8125
RUBINO[M] * TWITCH.TV,CounterTerrorist,2180.087,-400.1436,100.4858,AK47,78,96,-128.4528,172.409,-3.125,False,True,True,125.1563,2.8125
RUBINO[M] * TWITCH.TV,CounterTerrorist,2176.073,-394.7557,99.99753,AK47,78,96,-128.4528,172.409,-28.125,False,True,True,125.1563,2.8125
RUBINO[M] * TWITCH.TV,CounterTerrorist,2172.06,-389.3679,98.728,Knife,78,96,-128.4528,172.409,-53.125,False,True,True,125.1563,2.8125
RUBINO[M] * TWITCH.TV,CounterTerrorist,2168.046,-383.9801,96.67722,Knife,78,96,-128.4528,172.409,-78.125,False,True,True,125.1563,2.8125
RUBINO[M] * TWITCH.TV,CounterTerrorist,2164.032,-378.5923,93.84518,Knife,78,96,-128.4528,172.409,-103.125,False,True,True,125.1563,2.8125
RUBINO[M] * TWITCH.TV,CounterTerrorist,2160.019,-373.2045,90.2319,Knife,78,96,-128.4528,172.409,-128.125,False,True,True,125.1563,2.8125
RUBINO[M] * TWITCH.TV,CounterTerrorist,2156.005,-367.8167,85.83737,Knife,78,96,-128.4528,172.409,-153.125,False,True,True,125.1563,2.8125
RUBINO[M] * TWITCH.TV,CounterTerrorist,2151.991,-362.4288,80.66159,Knife,78,96,-128.4528,172.409,0,False,True,True,125.1563,2.8125
RUBINO[M] * TWITCH.TV,CounterTerrorist,2148.043,-357.1046,80.03125,Knife,78,96,-127.948,173.2243,0,False,True,True,125.1563,2.8125
RUBINO[M] * TWITCH.TV,CounterTerrorist,2143.958,-351.5422,80.03125,Knife,78,96,-132.389,180.868,0,False,True,True,125.1563,2.8125
RUBINO[M] * TWITCH.TV,CounterTerrorist,2139.731,-345.7394,80.03125,Knife,78,96,-137.0168,188.5887,0,False,True,True,125.1563,2.8125
RUBINO[M] * TWITCH.TV,CounterTerrorist,2135.364,-339.7044,80.03125,Knife,78,96,-141.3356,195.7056,0,False,True,True,125.1563,2.8125
RUBINO[M] * TWITCH.TV,CounterTerrorist,2130.873,-333.467,80.03125,Knife,78,96,-145.0421,201.8135,0,False,True,True,125.1563,2.8125
RUBINO[M] * TWITCH.TV,CounterTerrorist,2126.321,-327.118,80.03125,Knife,78,96,-145.5576,203.256,0,False,True,True,125.1563,2.8125
RUBINO[M] * TWITCH.TV,CounterTerrorist,2121.778,-320.7622,80.03125,Knife,78,96,-145.2742,203.4586,0,False,True,True,125.1563,2.8125
RUBINO[M] * TWITCH.TV,CounterTerrorist,2117.243,-314.4007,80.03125,Knife,78,96,-145.0307,203.6322,0,False,True,True,125.1563,2.8125
RUBINO[M] * TWITCH.TV,CounterTerrorist,2112.715,-308.0342,80.03125,Knife,78,96,-144.8218,203.7809,0,False,True,True,125.1563,2.8125
RUBINO[M] * TWITCH.TV,CounterTerrorist,2108.192,-301.6635,80.03125,Knife,78,96,-144.6424,203.9083,0,False,True,True,125.1563,2.8125
RUBINO[M] * TWITCH.TV,CounterTerrorist,2103.675,-295.2892,80.03125,Knife,78,96,-144.4883,204.0175,0,False,True,True,125.1563,2.8125
RUBINO[M] * TWITCH.TV,CounterTerrorist,2099.163,-288.9118,80.03125,Knife,78,96,-144.356,204.1111,0,False,True,True,125.1563,2.8125
RUBINO[M] * TWITCH.TV,CounterTerrorist,2094.654,-282.5317,80.03125,Knife,78,96,-144.2424,204.1914,0,False,True,True,125.1563,2.8125
RUBINO[M] * TWITCH.TV,CounterTerrorist,2090.18,-276.1277,80.03125,Knife,78,96,-140.1271,207.0372,0,False,True,True,125.1563,2.8125
RUBINO[M] * TWITCH.TV,CounterTerrorist,2086.339,-269.4313,80.03125,Knife,78,96,-113.1126,218.4126,0,False,True,True,125.1563,2.8125
RUBINO[M] * TWITCH.TV,CounterTerrorist,2083.263,-262.4111,80.03125,Knife,78,96,-90.15929,228.2148,0,False,True,True,125.8594,1.757813
RUBINO[M] * TWITCH.TV,CounterTerrorist,2080.451,-255.2034,80.03125,Knife,78,96,-94.79105,230.7899,0,False,True,True,127.2656,0.3515625
RUBINO[M] * TWITCH.TV,CounterTerrorist,2077.285,-248.0619,80.03125,Knife,78,96,-104.9402,226.9087,0,False,True,True,127.9687,0
RUBINO[M] * TWITCH.TV,CounterTerrorist,2073.837,-241.0517,80.03125,Knife,78,96,-113.3886,222.8071,0,False,True,True,128.3203,0
RUBINO[M] * TWITCH.TV,CounterTerrorist,2070.04,-234.3086,80.03125,Knife,78,96,-129.9253,206.7913,0,False,True,True,129.0234,0.703125
RUBINO[M] * TWITCH.TV,CounterTerrorist,2065.527,-228.3468,80.03125,Knife,78,96,-152.6442,181.6508,0,False,True,True,129.0234,0.703125
RUBINO[M] * TWITCH.TV,CounterTerrorist,2060.369,-223.0997,80.03125,Knife,78,96,-172.1421,160.0746,0,False,True,True,129.0234,0.703125
RUBINO[M] * TWITCH.TV,CounterTerrorist,2054.656,-218.4659,80.03125,Knife,78,96,-188.8758,141.5572,0,False,True,True,129.0234,0.703125
RUBINO[M] * TWITCH.TV,CounterTerrorist,2048.809,-214.2178,80.03125,Knife,78,96,-178.2058,130.3254,0,False,True,True,129.0234,0.703125
RUBINO[M] * TWITCH.TV,CounterTerrorist,2043.743,-210.5129,80.03125,Knife,78,96,-152.9413,111.849,0,False,True,True,129.0234,0.703125
RUBINO[M] * TWITCH.TV,CounterTerrorist,2039.395,-207.3333,80.03125,Knife,78,96,-131.2586,95.99199,0,False,True,True,129.0234,0.703125
RUBINO[M] * TWITCH.TV,CounterTerrorist,2035.664,-204.6044,80.03125,Knife,78,96,-112.6499,82.38307,0,False,True,True,129.0234,0.703125
RUBINO[M] * TWITCH.TV,CounterTerrorist,2032.461,-202.2624,80.03125,Knife,78,96,-96.67933,70.7035,0,False,True,True,129.0234,0.703125
RUBINO[M] * TWITCH.TV,CounterTerrorist,2029.713,-200.2524,80.03125,Knife,78,96,-82.97295,60.67976,0,False,True,True,129.0234,0.703125
RUBINO[M] * TWITCH.TV,CounterTerrorist,2027.354,-198.5274,80.03125,Knife,78,96,-71.20975,52.07709,0,False,True,True,129.0234,0.703125
RUBINO[M] * TWITCH.TV,CounterTerrorist,2025.33,-197.047,80.03125,Knife,78,96,-61.11424,44.69405,0,False,True,True,129.0234,0.703125
RUBINO[M] * TWITCH.TV,CounterTerrorist,2023.598,-195.7805,80.03125,Knife,78,96,-52.01188,38.03732,0,False,True,True,129.0234,0.703125
RUBINO[M] * TWITCH.TV,CounterTerrorist,2022.15,-194.7215,80.03125,Knife,78,96,-42.93111,31.39637,0,False,True,True,129.0234,0.703125
RUBINO[M] * TWITCH.TV,CounterTerrorist,2020.986,-193.8701,80.03125,Knife,78,96,-33.85034,24.75542,0,False,True,True,129.0234,0.703125
RUBINO[M] * TWITCH.TV,CounterTerrorist,2020.105,-193.2262,80.03125,Knife,78,96,-24.76958,18.11448,0,False,True,True,129.0234,0.703125
RUBINO[M] * TWITCH.TV,CounterTerrorist,2019.509,-192.7898,80.03125,Knife,78,96,-15.68881,11.47353,0,False,True,True,129.0234,0.703125
RUBINO[M] * TWITCH.TV,CounterTerrorist,2019.196,-192.561,80.03125,Knife,78,96,-6.608039,4.832589,0,False,True,True,129.0234,0.703125
RUBINO[M] * TWITCH.TV,CounterTerrorist,2019.146,-192.5244,80.03125,Knife,78,96,0,0,0,False,True,True,129.0234,0.703125
RUBINO[M] * TWITCH.TV,CounterTerrorist,2019.146,-192.5244,80.03125,Knife,78,96,0,0,0,False,True,True,129.0234,0.703125
RUBINO[M] * TWITCH.TV,CounterTerrorist,2019.146,-192.5244,80.03125,Knife,78,96,0,0,0,False,True,True,129.0234,0.703125
RUBINO[M] * TWITCH.TV,CounterTerrorist,2019.146,-192.5244,80.03125,Knife,78,96,0,0,0,False,True,True,129.0234,0.703125
RUBINO[M] * TWITCH.TV,CounterTerrorist,2019.146,-192.5244,80.03125,Knife,78,96,0,0,0,False,True,True,129.0234,0.703125
RUBINO[M] * TWITCH.TV,CounterTerrorist,2019.146,-192.5244,80.03125,Knife,78,96,0,0,0,False,True,True,129.0234,0.703125
RUBINO[M] * TWITCH.TV,CounterTerrorist,2019.146,-192.5244,80.03125,Knife,78,96,0,0,0,False,True,True,129.0234,0.703125
RUBINO[M] * TWITCH.TV,CounterTerrorist,2019.146,-192.5244,80.03125,Knife,78,96,0,0,0,False,True,True,129.0234,0.703125
RUBINO[M] * TWITCH.TV,CounterTerrorist,2019.146,-192.5244,80.03125,Knife,78,96,0,0,0,False,True,True,129.0234,0.703125
RUBINO[M] * TWITCH.TV,CounterTerrorist,2019.146,-192.5244,80.03125,Knife,78,96,0,0,0,False,True,True,129.0234,0.703125
RUBINO[M] * TWITCH.TV,CounterTerrorist,2019.146,-192.5244,80.03125,Knife,78,96,0,0,0,False,True,True,129.0234,0.703125
RUBINO[M] * TWITCH.TV,CounterTerrorist,2019.146,-192.5244,80.03125,Knife,78,96,0,0,0,False,True,True,129.0234,0.703125
RUBINO[M] * TWITCH.TV,CounterTerrorist,2019.146,-192.5244,80.03125,Knife,78,96,0,0,0,False,True,True,129.0234,0.703125
RUBINO[M] * TWITCH.TV,CounterTerrorist,2019.146,-192.5244,80.03125,Knife,78,96,0,0,0,False,True,True,129.0234,0.703125
RUBINO[M] * TWITCH.TV,CounterTerrorist,2019.146,-192.5244,80.03125,Knife,78,96,0,0,0,False,True,True,129.0234,0.703125
RUBINO[M] * TWITCH.TV,CounterTerrorist,2019.146,-192.5244,80.03125,Knife,78,96,0,0,0,False,True,True,129.0234,0.703125
RUBINO[M] * TWITCH.TV,CounterTerrorist,2019.146,-192.5244,80.03125,Knife,78,96,0,0,0,False,True,True,129.0234,0.703125
RUBINO[M] * TWITCH.TV,CounterTerrorist,2019.146,-192.5244,80.03125,Knife,78,96,0,0,0,False,True,True,129.0234,0.703125
RUBINO[M] * TWITCH.TV,CounterTerrorist,2019.146,-192.5244,80.03125,Knife,78,96,0,0,0,False,True,True,129.0234,0.703125
RUBINO[M] * TWITCH.TV,CounterTerrorist,2019.146,-192.5244,80.03125,Knife,78,96,0,0,0,False,True,True,129.0234,0.703125
RUBINO[M] * TWITCH.TV,CounterTerrorist,2019.146,-192.5244,80.03125,Knife,78,96,0,0,0,False,True,True,129.0234,0.703125
RUBINO[M] * TWITCH.TV,CounterTerrorist,2019.146,-192.5244,80.03125,Knife,78,96,0,0,0,False,True,True,129.0234,0.703125
RUBINO[M] * TWITCH.TV,CounterTerrorist,2019.146,-192.5244,80.03125,Knife,78,96,0,0,0,False,True,True,129.0234,0.703125
RUBINO[M] * TWITCH.TV,CounterTerrorist,2019.146,-192.5244,80.03125,Knife,78,96,0,0,0,False,True,True,129.0234,0.703125
RUBINO[M] * TWITCH.TV,CounterTerrorist,2019.146,-192.5244,80.03125,Knife,78,96,0,0,0,False,True,True,129.0234,0.703125
RUBINO[M] * TWITCH.TV,CounterTerrorist,2019.146,-192.5244,80.03125,Knife,78,96,0,0,0,False,True,True,129.0234,0.703125
RUBINO[M] * TWITCH.TV,CounterTerrorist,2019.146,-192.5244,80.03125,Knife,78,96,0,0,0,False,True,True,129.0234,0.703125
RUBINO[M] * TWITCH.TV,CounterTerrorist,2019.146,-192.5244,80.03125,Knife,78,96,0,0,0,False,True,True,129.0234,0.703125
RUBINO[M] * TWITCH.TV,CounterTerrorist,2019.146,-192.5244,80.03125,Knife,78,96,0,0,0,False,True,True,129.0234,0.703125
RUBINO[M] * TWITCH.TV,CounterTerrorist,2019.146,-192.5244,80.03125,Knife,78,96,0,0,0,False,True,True,129.0234,0.703125
RUBINO[M] * TWITCH.TV,CounterTerrorist,2019.146,-192.5244,80.03125,Knife,78,96,0,0,0,False,True,True,129.0234,0.703125
RUBINO[M] * TWITCH.TV,CounterTerrorist,2019.146,-192.5244,80.03125,Knife,78,96,0,0,0,False,True,True,129.0234,0.703125
RUBINO[M] * TWITCH.TV,CounterTerrorist,2019.146,-192.5244,80.03125,Knife,78,96,0,0,0,False,True,True,129.0234,0.703125
RUBINO[M] * TWITCH.TV,CounterTerrorist,2019.146,-192.5244,80.03125,Knife,78,96,0,0,0,False,True,True,129.0234,0.703125
RUBINO[M] * TWITCH.TV,CounterTerrorist,2019.146,-192.5244,80.03125,Knife,78,96,0,0,0,False,True,True,129.0234,0.703125
RUBINO[M] * TWITCH.TV,CounterTerrorist,2019.146,-192.5244,80.03125,Knife,78,96,0,0,0,False,True,True,129.0234,0.703125
RUBINO[M] * TWITCH.TV,CounterTerrorist,2019.146,-192.5244,80.03125,Knife,78,96,0,0,0,False,True,True,129.0234,0.703125
RUBINO[M] * TWITCH.TV,CounterTerrorist,2019.146,-192.5244,80.03125,Knife,78,96,0,0,0,False,True,True,129.0234,0.703125
RUBINO[M] * TWITCH.TV,CounterTerrorist,2019.146,-192.5244,80.03125,Knife,78,96,0,0,0,False,True,True,129.0234,0.703125
RUBINO[M] * TWITCH.TV,CounterTerrorist,2019.146,-192.5244,80.03125,Knife,78,96,0,0,0,False,True,True,129.0234,0.703125
RUBINO[M] * TWITCH.TV,CounterTerrorist,2019.146,-192.5244,80.03125,Knife,78,96,0,0,0,False,True,True,129.0234,0.703125
RUBINO[M] * TWITCH.TV,CounterTerrorist,2019.146,-192.5244,80.03125,Knife,78,96,0,0,0,False,True,True,129.0234,0.703125
RUBINO[M] * TWITCH.TV,CounterTerrorist,2019.146,-192.5244,80.03125,Knife,78,96,0,0,0,False,True,True,129.0234,0.703125
RUBINO[M] * TWITCH.TV,CounterTerrorist,2019.146,-192.5244,80.03125,Knife,78,96,0,0,0,False,True,True,129.0234,0.703125
RUBINO[M] * TWITCH.TV,CounterTerrorist,2019.146,-192.5244,80.03125,Knife,78,96,0,0,0,False,True,True,129.0234,0.703125
RUBINO[M] * TWITCH.TV,CounterTerrorist,2019.146,-192.5244,80.03125,Knife,78,96,0,0,0,False,True,True,129.0234,0.703125
RUBINO[M] * TWITCH.TV,CounterTerrorist,2019.146,-192.5244,80.03125,Knife,78,96,0,0,0,False,True,True,129.0234,0.703125
RUBINO[M] * TWITCH.TV,CounterTerrorist,2019.146,-192.5244,80.03125,Knife,78,96,0,0,0,False,True,True,129.0234,0.703125
RUBINO[M] * TWITCH.TV,CounterTerrorist,2019.146,-192.5244,80.03125,Knife,78,96,0,0,0,False,True,True,129.0234,0.703125
RUBINO[M] * TWITCH.TV,CounterTerrorist,2019.146,-192.5244,80.03125,Knife,78,96,0,0,0,False,True,True,129.0234,0.703125
RUBINO[M] * TWITCH.TV,CounterTerrorist,2019.146,-192.5244,80.03125,Knife,78,96,0,0,0,False,True,True,129.0234,0.703125
RUBINO[M] * TWITCH.TV,CounterTerrorist,2019.146,-192.5244,80.03125,Knife,78,96,0,0,0,False,True,True,129.0234,0.703125
RUBINO[M] * TWITCH.TV,CounterTerrorist,2019.146,-192.5244,80.03125,Knife,78,96,0,0,0,False,True,True,129.0234,0.703125
RUBINO[M] * TWITCH.TV,CounterTerrorist,2019.146,-192.5244,80.03125,Knife,78,96,0,0,0,False,True,True,129.0234,0.703125
RUBINO[M] * TWITCH.TV,CounterTerrorist,2019.146,-192.5244,80.03125,Knife,78,96,0,0,0,False,True,True,129.0234,0.703125
RUBINO[M] * TWITCH.TV,CounterTerrorist,2019.146,-192.5244,80.03125,Knife,78,96,0,0,0,False,True,True,129.0234,0.703125
RUBINO[M] * TWITCH.TV,CounterTerrorist,2019.146,-192.5244,80.03125,Knife,78,96,0,0,0,False,True,True,129.0234,0.703125
RUBINO[M] * TWITCH.TV,CounterTerrorist,2019.146,-192.5244,80.03125,Knife,78,96,0,0,0,False,True,True,129.0234,0.703125
RUBINO[M] * TWITCH.TV,CounterTerrorist,2019.146,-192.5244,80.03125,Knife,78,96,0,0,0,False,True,True,129.0234,0.703125
RUBINO[M] * TWITCH.TV,CounterTerrorist,2019.146,-192.5244,80.03125,Knife,78,96,0,0,0,False,True,True,129.0234,0.703125
RUBINO[M] * TWITCH.TV,CounterTerrorist,2019.146,-192.5244,80.03125,Knife,78,96,0,0,0,False,True,True,129.0234,0.703125
RUBINO[M] * TWITCH.TV,CounterTerrorist,2019.146,-192.5244,80.03125,Knife,78,96,0,0,0,False,True,True,129.0234,0.703125
RUBINO[M] * TWITCH.TV,CounterTerrorist,2019.146,-192.5244,80.03125,Knife,78,96,0,0,0,False,True,True,129.0234,0.703125
RUBINO[M] * TWITCH.TV,CounterTerrorist,2019.146,-192.5244,80.03125,Knife,78,96,0,0,0,False,True,True,129.0234,0.703125
RUBINO[M] * TWITCH.TV,CounterTerrorist,2019.146,-192.5244,80.03125,Knife,78,96,0,0,0,False,True,True,129.0234,0.703125
RUBINO[M] * TWITCH.TV,CounterTerrorist,2019.146,-192.5244,80.03125,Knife,78,96,0,0,0,False,True,True,129.0234,0.703125
RUBINO[M] * TWITCH.TV,CounterTerrorist,2019.146,-192.5244,80.03125,Knife,78,96,0,0,0,False,True,True,129.0234,0.703125
RUBINO[M] * TWITCH.TV,CounterTerrorist,2019.146,-192.5244,80.03125,Knife,78,96,0,0,0,False,True,True,129.0234,0.703125
RUBINO[M] * TWITCH.TV,CounterTerrorist,2019.146,-192.5244,80.03125,Knife,78,96,0,0,0,False,True,True,129.0234,0.703125
RUBINO[M] * TWITCH.TV,CounterTerrorist,2019.146,-192.5244,80.03125,Knife,78,96,0,0,0,False,True,True,129.0234,0.703125
RUBINO[M] * TWITCH.TV,CounterTerrorist,2019.146,-192.5244,80.03125,Knife,78,96,0,0,0,False,True,True,129.0234,0.703125
RUBINO[M] * TWITCH.TV,CounterTerrorist,2019.146,-192.5244,80.03125,Knife,78,96,0,0,0,False,True,True,129.0234,0.703125
RUBINO[M] * TWITCH.TV,CounterTerrorist,2019.146,-192.5244,80.03125,Knife,78,96,0,0,0,False,True,True,129.0234,0.703125
RUBINO[M] * TWITCH.TV,CounterTerrorist,2019.146,-192.5244,80.03125,Knife,78,96,0,0,0,False,True,True,129.0234,0.703125
RUBINO[M] * TWITCH.TV,CounterTerrorist,2019.146,-192.5244,80.03125,Knife,78,96,0,0,0,False,True,True,129.0234,0.703125
RUBINO[M] * TWITCH.TV,CounterTerrorist,2019.146,-192.5244,80.03125,Knife,78,96,0,0,0,False,True,True,129.0234,0.703125
RUBINO[M] * TWITCH.TV,CounterTerrorist,2019.146,-192.5244,80.03125,Knife,78,96,0,0,0,False,True,True,129.0234,0.703125
RUBINO[M] * TWITCH.TV,CounterTerrorist,2019.146,-192.5244,80.03125,Knife,78,96,0,0,0,False,True,True,129.0234,0.703125
RUBINO[M] * TWITCH.TV,CounterTerrorist,2019.146,-192.5244,80.03125,Knife,78,96,0,0,0,False,True,True,129.0234,0.703125
RUBINO[M] * TWITCH.TV,CounterTerrorist,2019.146,-192.5244,80.03125,Knife,78,96,0,0,0,False,True,True,129.0234,0.703125
RUBINO[M] * TWITCH.TV,CounterTerrorist,2019.146,-192.5244,80.03125,Knife,78,96,0,0,0,False,True,True,129.0234,0.703125
RUBINO[M] * TWITCH.TV,CounterTerrorist,2019.146,-192.5244,80.03125,Knife,78,96,0,0,0,False,True,True,129.0234,0.703125
RUBINO[M] * TWITCH.TV,CounterTerrorist,2019.146,-192.5244,80.03125,Knife,78,96,0,0,0,False,True,True,129.0234,0.703125
RUBINO[M] * TWITCH.TV,CounterTerrorist,2019.146,-192.5244,80.03125,Knife,78,96,0,0,0,False,True,True,129.0234,0.703125
RUBINO[M] * TWITCH.TV,CounterTerrorist,2019.146,-192.5244,80.03125,Knife,78,96,0,0,0,False,True,True,129.0234,0.703125
RUBINO[M] * TWITCH.TV,CounterTerrorist,2019.146,-192.5244,80.03125,Knife,78,96,0,0,0,False,True,True,129.0234,0.703125
RUBINO[M] * TWITCH.TV,CounterTerrorist,2019.146,-192.5244,80.03125,Knife,78,96,0,0,0,False,True,True,129.0234,0.703125
RUBINO[M] * TWITCH.TV,CounterTerrorist,2019.146,-192.5244,80.03125,Knife,78,96,0,0,0,False,True,True,129.0234,0.703125
RUBINO[M] * TWITCH.TV,CounterTerrorist,2019.146,-192.5244,80.03125,Knife,78,96,0,0,0,False,True,True,129.0234,0.703125
RUBINO[M] * TWITCH.TV,CounterTerrorist,2019.146,-192.5244,80.03125,Knife,78,96,0,0,0,False,True,True,129.0234,0.703125
RUBINO[M] * TWITCH.TV,CounterTerrorist,2019.146,-192.5244,80.03125,Knife,78,96,0,0,0,False,True,True,129.0234,0.703125
RUBINO[M] * TWITCH.TV,CounterTerrorist,2019.146,-192.5244,80.03125,Knife,78,96,0,0,0,False,True,True,129.0234,0.703125
RUBINO[M] * TWITCH.TV,CounterTerrorist,2019.146,-192.5244,80.03125,Knife,78,96,0,0,0,False,True,True,129.0234,0.703125
RUBINO[M] * TWITCH.TV,CounterTerrorist,2019.146,-192.5244,80.03125,Knife,78,96,0,0,0,False,True,True,129.0234,0.703125
RUBINO[M] * TWITCH.TV,CounterTerrorist,2019.146,-192.5244,80.03125,Knife,78,96,0,0,0,False,True,True,129.0234,0.703125
RUBINO[M] * TWITCH.TV,CounterTerrorist,2019.146,-192.5244,80.03125,AK47,78,96,0,0,0,False,True,True,129.0234,0.703125
RUBINO[M] * TWITCH.TV,CounterTerrorist,2019.146,-192.5244,80.03125,AK47,78,96,0,0,0,False,True,True,129.0234,0.703125
RUBINO[M] * TWITCH.TV,CounterTerrorist,2019.146,-192.5244,80.03125,AK47,78,96,0,0,0,False,True,True,129.0234,0.703125
RUBINO[M] * TWITCH.TV,CounterTerrorist,2019.146,-192.5244,80.03125,AK47,78,96,0,0,0,False,True,True,129.0234,0.703125
RUBINO[M] * TWITCH.TV,CounterTerrorist,2019.146,-192.5244,80.03125,AK47,78,96,0,0,0,False,True,True,129.0234,0.703125
RUBINO[M] * TWITCH.TV,CounterTerrorist,2019.146,-192.5244,80.03125,AK47,78,96,0,0,0,False,True,True,129.0234,0.703125
RUBINO[M] * TWITCH.TV,CounterTerrorist,2019.146,-192.5244,80.03125,AK47,78,96,0,0,0,False,True,True,129.0234,0.703125
RUBINO[M] * TWITCH.TV,CounterTerrorist,2019.146,-192.5244,80.03125,AK47,78,96,0,0,0,False,True,True,129.0234,0.703125
RUBINO[M] * TWITCH.TV,CounterTerrorist,2019.146,-192.5244,80.03125,AK47,78,96,0,0,0,False,True,True,129.0234,0.703125
RUBINO[M] * TWITCH.TV,CounterTerrorist,2019.146,-192.5244,80.03125,AK47,78,96,0,0,0,False,True,True,129.0234,0.703125
RUBINO[M] * TWITCH.TV,CounterTerrorist,2019.146,-192.5244,80.03125,AK47,78,96,0,0,0,False,True,True,129.0234,0.703125
RUBINO[M] * TWITCH.TV,CounterTerrorist,2019.146,-192.5244,80.03125,AK47,78,96,0,0,0,False,True,True,129.0234,0.703125
RUBINO[M] * TWITCH.TV,CounterTerrorist,2019.146,-192.5244,80.03125,AK47,78,96,0,0,0,False,True,True,129.0234,0.703125
RUBINO[M] * TWITCH.TV,CounterTerrorist,2019.146,-192.5244,80.03125,AK47,78,96,0,0,0,False,True,True,129.0234,0.703125
RUBINO[M] * TWITCH.TV,CounterTerrorist,2019.099,-192.4674,80.03125,AK47,78,96,-5.945383,7.28903,0,False,True,True,129.0234,0.703125
RUBINO[M] * TWITCH.TV,CounterTerrorist,2018.588,-191.8405,80.03125,AK47,78,96,-22.61616,27.72737,0,False,True,True,129.0234,0.703125
RUBINO[M] * TWITCH.TV,CounterTerrorist,2017.556,-190.5748,80.03125,AK47,78,96,-39.28693,48.16571,0,False,True,True,129.0234,0.703125
RUBINO[M] * TWITCH.TV,CounterTerrorist,2016.004,-188.6721,80.03125,AK47,78,96,-55.78543,68.39284,0,False,True,True,129.0234,0.703125
RUBINO[M] * TWITCH.TV,CounterTerrorist,2013.97,-186.1794,80.03125,AK47,78,96,-70.3536,86.2534,0,False,True,True,129.0234,0.703125
