Name,Team,Position.X,Position.Y,Position.Z,ActiveWeapon,HP,Armour,Velocity.X,Velocity.Y,Velocity.Z,IsDucking,HasHelmet,HasDefuseKit,ViewDirectionX,ViewDirectionY,Map = de_inferno
Maniac,CounterTerrorist,2440,2032,123.4812,USP,100,0,0,0,0,False,False,False,0.703125,10.54688
Maniac,CounterTerrorist,2440,2032,123.4812,USP,100,0,0,0,0,False,False,False,140.625,0.3515625
Maniac,CounterTerrorist,2440,2032,123.4812,USP,100,0,0,0,0,False,False,False,161.3672,359.2969
Maniac,CounterTerrorist,2440,2032,123.4812,USP,100,0,0,0,0,False,False,False,150.4688,2.109375
Maniac,CounterTerrorist,2440,2032,123.4812,USP,100,0,0,0,0,False,False,False,151.875,2.8125
Maniac,CounterTerrorist,2440,2032,123.4812,USP,100,0,0,0,0,False,False,False,156.4453,2.460938
Maniac,CounterTerrorist,2440,2032,123.4812,USP,100,0,0,0,0,False,False,False,156.0938,2.460938
Maniac,CounterTerrorist,2440,2032,123.4812,USP,100,0,0,0,0,False,False,False,156.7969,2.460938
Maniac,CounterTerrorist,2440,2032,123.4812,USP,100,0,0,0,0,False,False,False,147.6563,2.8125
Maniac,CounterTerrorist,2440,2032,123.4812,USP,100,0,0,0,0,False,False,False,130.4297,2.8125
Maniac,CounterTerrorist,2440,2032,123.4812,USP,100,0,0,0,0,False,False,False,130.4297,2.8125
Maniac,CounterTerrorist,2440,2032,123.4812,USP,100,0,0,0,0,False,False,False,130.4297,2.8125
Maniac,CounterTerrorist,2440,2032,123.4812,USP,100,0,0,0,0,False,False,False,130.4297,2.8125
Maniac,CounterTerrorist,2440,2032,123.4812,USP,100,0,0,0,0,False,False,False,130.4297,2.8125
Maniac,CounterTerrorist,2440,2032,123.4812,USP,100,0,0,0,0,False,False,False,126.2109,3.515625
Maniac,CounterTerrorist,2440,2032,123.4812,USP,100,0,0,0,0,False,False,False,118.4766,3.515625
Maniac,CounterTerrorist,2440,2032,123.4812,USP,100,0,0,0,0,False,False,False,116.3672,3.164063
Maniac,CounterTerrorist,2440,2032,123.4812,USP,100,0,0,0,0,False,False,False,116.7187,3.164063
Maniac,CounterTerrorist,2440,2032,123.4812,USP,100,0,0,0,0,False,False,False,116.3672,3.164063
Maniac,CounterTerrorist,2440,2032,123.4812,USP,100,0,0,0,0,False,False,False,116.3672,3.164063
Maniac,CounterTerrorist,2440,2032,123.4812,USP,100,0,0,0,0,False,False,False,116.3672,3.164063
Maniac,CounterTerrorist,2440,2032,123.4812,USP,100,0,0,0,0,False,False,False,116.3672,3.164063
Maniac,CounterTerrorist,2440,2032,123.4812,USP,100,0,0,0,0,False,False,False,116.3672,3.164063
Maniac,CounterTerrorist,2440,2032,123.4812,USP,100,0,0,0,0,True,False,False,106.1719,2.460938
Maniac,CounterTerrorist,2440,2032,123.4812,USP,100,0,0,0,0,True,False,False,92.8125,1.40625
Maniac,CounterTerrorist,2440,2032,123.4812,USP,100,0,0,0,0,True,False,False,90.70313,1.054688
Maniac,CounterTerrorist,2440,2032,123.4812,USP,100,0,0,0,0,False,False,False,90.70313,1.054688
Maniac,CounterTerrorist,2440,2032,123.4812,USP,100,0,0,0,0,False,False,False,90.70313,1.054688
Maniac,CounterTerrorist,2440,2032,123.4812,USP,100,0,0,0,0,False,False,False,90.70313,1.054688
Maniac,CounterTerrorist,2440,2032,123.4812,USP,100,0,0,0,0,False,False,False,90.70313,1.054688
Maniac,CounterTerrorist,2440,2032,123.4812,USP,100,0,0,0,0,False,False,False,90,1.054688
Maniac,CounterTerrorist,2440,2032,123.4812,USP,100,0,0,0,0,False,False,False,89.29688,1.054688
Maniac,CounterTerrorist,2440,2032,123.4812,USP,100,0,0,0,0,False,False,False,88.24219,1.40625
Maniac,CounterTerrorist,2440,2032,123.4812,USP,100,0,0,0,0,False,False,False,89.29688,1.40625
Maniac,CounterTerrorist,2440,2032,123.4812,USP,100,0,0,0,0,False,False,False,120.9375,0.703125
Maniac,CounterTerrorist,2440,2032,123.4812,USP,100,0,0,0,0,True,False,False,182.1094,2.460938
Maniac,CounterTerrorist,2440,2032,123.4812,USP,100,0,0,0,0,True,False,False,206.0156,6.679688
Maniac,CounterTerrorist,2440,2032,123.4812,USP,100,0,0,0,0,True,False,False,206.0156,6.679688
Maniac,CounterTerrorist,2440,2032,123.4812,USP,100,0,0,0,0,True,False,False,206.0156,6.679688
Maniac,CounterTerrorist,2440,2032,123.4812,USP,100,0,0,0,0,True,False,False,206.0156,6.679688
Maniac,CounterTerrorist,2440,2032,123.4812,USP,100,0,0,0,0,False,False,False,206.0156,6.679688
Maniac,CounterTerrorist,2440,2032,123.4812,AWP,100,0,0,0,0,False,False,False,206.7188,6.328125
Maniac,CounterTerrorist,2440,2032,123.4812,AWP,100,0,0,0,0,True,False,False,206.7188,6.328125
Maniac,CounterTerrorist,2440,2032,123.4812,AWP,100,0,0,0,0,True,False,False,206.3672,5.976563
Maniac,CounterTerrorist,2440,2032,123.4812,AWP,100,0,0,0,0,True,False,False,204.2578,5.976563
Maniac,CounterTerrorist,2440,2032,123.4812,AWP,100,0,0,0,0,True,False,False,201.4453,6.328125
Maniac,CounterTerrorist,2440,2032,123.4812,AWP,100,0,0,0,0,True,False,False,201.7969,6.328125
Maniac,CounterTerrorist,2440,2032,123.4812,AWP,100,0,0,0,0,False,False,False,201.7969,4.921875
Maniac,CounterTerrorist,2440,2032,123.4812,AWP,100,0,0,0,0,False,False,False,200.3906,352.2656
Maniac,CounterTerrorist,2440,2032,123.4812,AWP,100,0,0,0,0,False,False,False,200.7422,330.1172
Maniac,CounterTerrorist,2440,2032,123.4812,AWP,100,0,0,0,0,False,False,False,203.5547,310.0781
Maniac,CounterTerrorist,2440,2032,123.4812,AWP,100,0,0,0,0,False,False,False,206.0156,294.6094
Maniac,CounterTerrorist,2440,2032,123.4812,AWP,100,0,0,0,0,False,False,False,206.3672,286.1719
Maniac,CounterTerrorist,2440,2032,123.4812,USP,100,0,0,0,0,False,False,False,205.3125,284.7656
Maniac,CounterTerrorist,2440,2032,123.4812,USP,100,0,0,0,0,False,False,False,204.9609,290.3906
Maniac,CounterTerrorist,2440,2032,123.4812,USP,100,0,0,0,0,False,False,False,203.5547,300.9375
Maniac,CounterTerrorist,2440,2032,123.4812,USP,100,0,0,0,0,False,False,False,203.5547,316.4063
Maniac,CounterTerrorist,2440,2032,123.4812,USP,100,0,0,0,0,False,False,False,204.9609,332.5781
Maniac,CounterTerrorist,2440,2032,123.4812,USP,100,0,0,0,0,False,False,False,206.3672,347.3438
Maniac,CounterTerrorist,2440,2032,123.4812,USP,100,0,0,0,0,False,False,False,207.4219,358.2422
Maniac,CounterTerrorist,2440,2032,123.4812,USP,100,0,0,0,0,False,False,False,207.7734,4.570313
Maniac,CounterTerrorist,2440,2032,123.4812,USP,100,0,0,0,0,False,False,False,207.4219,7.382813
Maniac,CounterTerrorist,2440,2032,123.4812,USP,100,0,0,0,0,False,False,False,207.0703,7.03125
Maniac,CounterTerrorist,2440,2032,123.4812,USP,100,0,0,0,0,False,False,False,207.0703,7.03125
Maniac,CounterTerrorist,2440,2032,123.4812,USP,100,0,0,0,0,False,False,False,207.0703,7.03125
Maniac,CounterTerrorist,2440,2032,123.4812,USP,100,0,0,0,0,False,False,False,206.7188,7.03125
Maniac,CounterTerrorist,2440,2032,123.4812,USP,100,0,0,0,0,False,False,False,206.0156,7.03125
Maniac,CounterTerrorist,2440,2032,123.4812,USP,100,0,0,0,0,False,False,False,203.9063,7.03125
Maniac,CounterTerrorist,2440,2032,123.4812,USP,100,0,0,0,0,False,False,False,198.6328,4.921875
Maniac,CounterTerrorist,2440,2032,123.4812,USP,100,0,0,0,0,False,False,False,184.2188,2.109375
Maniac,CounterTerrorist,2440,2032,123.4812,USP,100,0,0,0,0,False,False,False,161.3672,5.625
Maniac,CounterTerrorist,2440,2032,123.4812,USP,100,0,0,0,0,False,False,False,136.7578,11.25
Maniac,CounterTerrorist,2440,2032,123.4812,USP,100,0,0,0,0,False,False,False,127.6172,13.00781
Maniac,CounterTerrorist,2440,2032,123.4812,USP,100,0,0,0,0,False,False,False,127.9687,12.65625
Maniac,CounterTerrorist,2440,2032,123.4812,USP,100,0,0,0,0,False,False,False,127.9687,12.65625
Maniac,CounterTerrorist,2440,2032,123.4812,USP,100,0,0,0,0,False,False,False,127.9687,12.65625
Maniac,CounterTerrorist,2440,2032,123.4812,USP,100,0,0,0,0,False,False,False,127.6172,12.65625
Maniac,CounterTerrorist,2440,2032,123.4812,USP,100,0,0,0,0,False,False,False,126.2109,12.65625
Maniac,CounterTerrorist,2440,2032,123.4812,USP,100,0,0,0,0,False,False,False,126.2109,12.65625
Maniac,CounterTerrorist,2440,2032,123.4812,USP,100,0,0,0,0,False,False,False,126.5625,12.65625
Maniac,CounterTerrorist,2440,2032,123.4812,USP,100,0,0,0,0,False,False,False,126.5625,12.65625
Maniac,CounterTerrorist,2440,2032,123.4812,USP,100,0,0,0,0,False,False,False,126.9141,12.30469
Maniac,CounterTerrorist,2440,2032,123.4812,USP,100,0,0,0,0,False,False,False,126.9141,12.30469
Maniac,CounterTerrorist,2440,2032,123.4812,USP,100,0,0,0,0,False,False,False,126.9141,12.30469
Maniac,CounterTerrorist,2440,2032,123.4812,USP,100,0,0,0,0,False,False,False,126.9141,12.30469
Maniac,CounterTerrorist,2440,2032,123.4812,USP,100,0,0,0,0,False,False,False,126.9141,12.30469
Maniac,CounterTerrorist,2440,2032,123.4812,USP,100,0,0,0,0,False,False,False,126.9141,12.30469
Maniac,CounterTerrorist,2440,2032,123.4812,USP,100,0,0,0,0,False,False,False,126.9141,12.30469
Maniac,CounterTerrorist,2440,2032,123.4812,USP,100,0,0,0,0,False,False,False,126.9141,12.30469
Maniac,CounterTerrorist,2440,2032,123.4812,USP,100,0,0,0,0,False,False,False,126.9141,12.30469
Maniac,CounterTerrorist,2440,2032,123.4812,USP,100,100,0,0,0,False,False,False,126.9141,12.30469
Maniac,CounterTerrorist,2440,2032,123.4812,USP,100,100,0,0,0,False,False,False,126.9141,12.30469
Maniac,CounterTerrorist,2440,2032,123.4812,USP,100,100,0,0,0,False,False,False,126.9141,12.30469
Maniac,CounterTerrorist,2440,2032,123.4812,USP,100,100,0,0,0,False,False,False,126.9141,12.30469
Maniac,CounterTerrorist,2440,2032,123.4812,USP,100,100,0,0,0,False,False,False,126.9141,12.30469
Maniac,CounterTerrorist,2440,2032,123.4812,USP,100,100,0,0,0,False,False,False,126.9141,12.30469
Maniac,CounterTerrorist,2440,2032,123.4812,USP,100,100,0,0,0,False,False,False,126.9141,12.30469
Maniac,CounterTerrorist,2440,2032,123.4812,USP,100,100,0,0,0,False,False,False,126.9141,12.30469
Maniac,CounterTerrorist,2440,2032,123.4812,USP,100,100,0,0,0,False,False,False,126.9141,12.30469
Maniac,CounterTerrorist,2440,2032,123.4812,USP,100,100,0,0,0,False,False,False,126.9141,12.30469
Maniac,CounterTerrorist,2440,2032,123.4812,USP,100,100,0,0,0,False,False,False,126.9141,12.30469
Maniac,CounterTerrorist,2440,2032,123.4812,USP,100,100,0,0,0,False,False,False,126.9141,12.30469
Maniac,CounterTerrorist,2440,2032,123.4812,USP,100,100,0,0,0,False,False,False,126.9141,12.30469
Maniac,CounterTerrorist,2440,2032,123.4812,USP,100,100,0,0,0,False,False,False,126.9141,12.30469
Maniac,CounterTerrorist,2440,2032,123.4812,USP,100,100,0,0,0,False,False,False,126.9141,12.30469
Maniac,CounterTerrorist,2440,2032,123.4812,USP,100,100,0,0,0,False,False,False,126.9141,12.30469
Maniac,CounterTerrorist,2440,2032,123.4812,USP,100,100,0,0,0,False,False,False,126.9141,12.30469
Maniac,CounterTerrorist,2440,2032,123.4812,USP,100,100,0,0,0,False,False,False,126.9141,12.30469
Maniac,CounterTerrorist,2440,2032,123.4812,USP,100,100,0,0,0,False,False,False,126.9141,12.30469
Maniac,CounterTerrorist,2440,2032,123.4812,USP,100,100,0,0,0,False,False,False,126.9141,12.30469
Maniac,CounterTerrorist,2440,2032,123.4812,USP,100,100,0,0,0,False,False,False,126.9141,12.30469
Maniac,CounterTerrorist,2440,2032,123.4812,USP,100,100,0,0,0,False,False,False,126.9141,12.30469
Maniac,CounterTerrorist,2440,2032,123.4812,USP,100,100,0,0,0,False,False,False,126.9141,12.30469
Maniac,CounterTerrorist,2440,2032,123.4812,USP,100,100,0,0,0,False,False,False,131.8359,11.25
Maniac,CounterTerrorist,2440,2032,123.4812,USP,100,100,0,0,0,False,False,False,127.6172,12.30469
Maniac,CounterTerrorist,2440,2032,123.4812,USP,100,100,0,0,0,False,False,False,125.8594,13.00781
Maniac,CounterTerrorist,2440,2032,123.4812,USP,100,100,0,0,0,False,False,False,125.1563,13.35938
Maniac,CounterTerrorist,2440,2032,123.4812,M4A1,100,100,0,0,0,False,False,False,124.4531,13.35938
Maniac,CounterTerrorist,2440,2032,123.4812,M4A1,100,100,0,0,0,False,False,False,124.4531,13.35938
Maniac,CounterTerrorist,2440,2032,123.4812,M4A1,100,100,0,0,0,False,False,False,124.4531,13.00781
Maniac,CounterTerrorist,2440,2032,123.4812,M4A1,100,100,0,0,0,False,False,False,124.4531,13.00781
Maniac,CounterTerrorist,2440,2032,123.4812,M4A1,100,100,0,0,0,False,False,False,124.4531,13.00781
Maniac,CounterTerrorist,2440,2032,123.4812,M4A1,100,100,0,0,0,False,False,False,124.4531,13.00781
Maniac,CounterTerrorist,2440,2032,123.4812,M4A1,100,100,0,0,0,False,False,False,124.4531,13.00781
Maniac,CounterTerrorist,2440,2032,123.4812,M4A1,100,100,0,0,0,False,False,False,124.4531,13.00781
Maniac,CounterTerrorist,2440,2032,123.4812,M4A1,100,100,0,0,0,False,False,False,124.4531,13.00781
Maniac,CounterTerrorist,2440,2032,123.4812,M4A1,100,100,0,0,0,False,False,False,124.4531,13.00781
Maniac,CounterTerrorist,2440,2032,123.4812,M4A1,100,100,0,0,0,False,False,False,124.4531,13.00781
Maniac,CounterTerrorist,2440,2032,123.4812,M4A1,100,100,0,0,0,False,False,False,124.4531,13.00781
Maniac,CounterTerrorist,2440,2032,123.4812,M4A1,100,100,0,0,0,False,False,False,124.4531,13.00781
Maniac,CounterTerrorist,2440,2032,123.4812,M4A1,100,100,0,0,0,False,False,False,124.4531,13.00781
Maniac,CounterTerrorist,2440,2032,123.4812,M4A1,100,100,0,0,0,False,False,False,124.4531,13.00781
Maniac,CounterTerrorist,2440,2032,123.4812,M4A1,100,100,0,0,0,False,False,False,124.4531,13.00781
Maniac,CounterTerrorist,2440,2032,123.4812,M4A1,100,100,0,0,0,False,False,False,124.4531,13.35938
Maniac,CounterTerrorist,2440,2032,123.4812,M4A1,100,100,0,0,0,False,False,False,124.1016,13.35938
Maniac,CounterTerrorist,2440,2032,123.4812,M4A1,100,100,0,0,0,False,False,False,124.1016,13.35938
Maniac,CounterTerrorist,2440,2032,123.4812,M4A1,100,100,0,0,0,False,False,False,124.1016,13.35938
Maniac,CounterTerrorist,2440,2032,123.4812,M4A1,100,100,0,0,0,False,False,False,124.1016,13.35938
Maniac,CounterTerrorist,2440,2032,123.4812,M4A1,100,100,0,0,0,False,False,False,124.1016,13.35938
Maniac,CounterTerrorist,2440,2032,123.4812,M4A1,100,100,0,0,0,False,False,False,124.1016,13.35938
Maniac,CounterTerrorist,2440,2032,123.4812,M4A1,100,100,0,0,0,False,False,False,124.1016,13.35938
Maniac,CounterTerrorist,2440,2032,123.4812,M4A1,100,100,0,0,0,False,False,False,124.1016,13.35938
Maniac,CounterTerrorist,2440,2032,123.4812,M4A1,100,100,0,0,0,False,False,True,124.1016,13.35938
Maniac,CounterTerrorist,2440,2032,123.4812,M4A1,100,100,0,0,0,False,False,True,124.1016,13.35938
Maniac,CounterTerrorist,2440,2032,123.4812,M4A1,100,100,0,0,0,False,False,True,124.1016,13.35938
Maniac,CounterTerrorist,2440,2032,123.4812,M4A1,100,100,0,0,0,False,False,True,142.0313,10.19531
Maniac,CounterTerrorist,2440,2032,123.4812,M4A1,100,100,0,0,0,False,False,True,133.2422,10.54688
Maniac,CounterTerrorist,2440,2032,123.4812,Knife,100,100,0,0,0,False,False,True,123.75,9.84375
Maniac,CounterTerrorist,2440,2032,123.4812,Knife,100,100,0,0,0,False,False,True,119.8828,8.789063
Maniac,CounterTerrorist,2440,2032,123.4812,Knife,100,100,0,0,0,False,False,True,119.5313,8.085938
Maniac,CounterTerrorist,2440,2032,123.4812,HE,100,100,0,0,0,False,False,True,119.8828,7.734375
Maniac,CounterTerrorist,2440,2032,123.4812,HE,100,100,0,0,0,False,False,True,119.8828,7.734375
Maniac,CounterTerrorist,2440,2032,123.4812,HE,100,100,0,0,0,False,False,True,117.7734,7.03125
Maniac,CounterTerrorist,2440,2032,123.4812,HE,100,100,0,0,0,False,False,True,117.0703,5.273438
Maniac,CounterTerrorist,2440,2032,123.4812,HE,100,100,0,0,0,False,False,True,117.0703,5.273438
Maniac,CounterTerrorist,2440,2032,123.4812,HE,100,100,0,0,0,False,False,True,117.0703,5.273438
Maniac,CounterTerrorist,2440,2032,123.4812,HE,100,100,0,0,0,False,False,True,117.0703,5.273438
Maniac,CounterTerrorist,2440,2032,123.4812,HE,100,100,0,0,0,False,False,True,117.0703,5.273438
Maniac,CounterTerrorist,2440,2032,123.4812,HE,100,100,0,0,0,False,False,True,117.0703,5.273438
Maniac,CounterTerrorist,2440,2032,123.4812,HE,100,100,0,0,0,False,False,True,117.0703,5.273438
Maniac,CounterTerrorist,2440,2032,123.4812,HE,100,100,0,0,0,False,False,True,117.0703,5.273438
Maniac,CounterTerrorist,2440,2032,123.4812,HE,100,100,0,0,0,False,False,True,117.0703,4.570313
Maniac,CounterTerrorist,2440,2032,123.4812,HE,100,100,0,0,0,False,False,True,117.0703,4.21875
Maniac,CounterTerrorist,2440,2032,123.4812,HE,100,100,0,0,0,False,False,True,117.7734,4.21875
Maniac,CounterTerrorist,2440,2032,123.4812,HE,100,100,0,0,0,False,False,True,119.5313,3.867188
Maniac,CounterTerrorist,2440,2032,123.4812,HE,100,100,0,0,0,False,False,True,123.0469,3.867188
Maniac,CounterTerrorist,2440,2032,123.4812,HE,100,100,0,0,0,False,False,True,127.2656,4.21875
Maniac,CounterTerrorist,2440,2032,123.4812,HE,100,100,0,0,0,False,False,True,129.375,4.21875
Maniac,CounterTerrorist,2440,2032,123.4812,HE,100,100,0,0,0,False,False,True,130.0781,4.21875
Maniac,CounterTerrorist,2440,2032,123.4812,HE,100,100,0,0,0,False,False,True,130.0781,4.570313
Maniac,CounterTerrorist,2440,2032,123.4812,HE,100,100,0,0,0,False,False,True,131.4844,4.570313
Maniac,CounterTerrorist,2440,2032,123.4812,HE,100,100,0,0,0,False,False,True,131.4844,4.570313
Maniac,CounterTerrorist,2440,2032,123.4812,HE,100,100,0,0,0,False,False,True,131.4844,4.570313
Maniac,CounterTerrorist,2440,2032,123.4812,HE,100,100,0,0,0,False,False,True,131.4844,4.570313
Maniac,CounterTerrorist,2440,2032,123.4812,HE,100,100,0,0,0,False,False,True,131.4844,4.570313
Maniac,CounterTerrorist,2440,2032,123.4812,HE,100,100,0,0,0,False,False,True,131.4844,4.570313
Maniac,CounterTerrorist,2440,2032,123.4812,HE,100,100,0,0,0,False,False,True,131.4844,4.570313
Maniac,CounterTerrorist,2440,2032,123.4812,HE,100,100,0,0,0,False,False,True,131.4844,4.570313
Maniac,CounterTerrorist,2440,2032,123.4812,HE,100,100,0,0,0,False,False,True,131.4844,4.570313
Maniac,CounterTerrorist,2440,2032,123.4812,HE,100,100,0,0,0,False,False,True,131.4844,4.570313
Maniac,CounterTerrorist,2440,2032,123.4812,HE,100,100,0,0,0,False,False,True,131.4844,4.570313
Maniac,CounterTerrorist,2440,2032,123.4812,HE,100,100,0,0,0,False,False,True,131.4844,4.570313
Maniac,CounterTerrorist,2440,2032,123.4812,HE,100,100,0,0,0,False,False,True,131.4844,4.570313
Maniac,CounterTerrorist,2440,2032,123.4812,HE,100,100,0,0,0,False,False,True,131.4844,4.570313
Maniac,CounterTerrorist,2440,2032,123.4812,HE,100,100,0,0,0,False,False,True,131.4844,4.570313
Maniac,CounterTerrorist,2440,2032,123.4812,HE,100,100,0,0,0,False,False,True,131.4844,4.570313
Maniac,CounterTerrorist,2440,2032,123.4812,HE,100,100,0,0,0,False,False,True,131.4844,4.570313
Maniac,CounterTerrorist,2440,2032,123.4812,HE,100,100,0,0,0,False,False,True,131.4844,4.570313
Maniac,CounterTerrorist,2440,2032,123.4812,HE,100,100,0,0,0,False,False,True,131.4844,4.570313
Maniac,CounterTerrorist,2440,2032,123.4812,HE,100,100,0,0,0,False,False,True,131.4844,4.570313
Maniac,CounterTerrorist,2440,2032,123.4812,HE,100,100,0,0,0,False,False,True,131.4844,4.570313
Maniac,CounterTerrorist,2440,2032,123.4812,HE,100,100,0,0,0,False,False,True,131.4844,4.570313
Maniac,CounterTerrorist,2438.752,2033.411,123.4207,HE,100,100,-38.52805,43.56305,0,False,False,True,131.4844,4.570313
Maniac,CounterTerrorist,2434.92,2037.744,123.242,HE,100,100,-77.74646,87.90668,0,False,False,True,131.4844,4.570313
Maniac,CounterTerrorist,2428.981,2044.459,122.9951,HE,100,100,-107.1509,121.1539,0,False,False,True,131.4844,4.570313
Maniac,CounterTerrorist,2421.616,2052.987,124.2438,HE,100,100,-116.8741,150.5526,0,False,False,True,131.4844,4.570313
Maniac,CounterTerrorist,2415.611,2063.7,124.8373,HE,100,100,-81.47444,186.0502,0,False,False,True,131.4844,4.570313
Maniac,CounterTerrorist,2411.477,2076.288,125.2459,HE,100,100,-55.40061,212.1962,0,False,False,True,131.4844,4.570313
Maniac,CounterTerrorist,2408.732,2090.258,125.4212,HE,100,100,-35.82726,231.4541,0,False,False,True,131.4844,4.570313
Maniac,CounterTerrorist,2406.425,2105.043,125.386,HE,100,100,-51.10587,235.5462,0,False,False,True,131.4844,4.570313
Maniac,CounterTerrorist,2401.896,2119.549,125.6519,HE,100,100,-87.17655,228.9656,0,False,False,True,131.4844,4.570313
Maniac,CounterTerrorist,2395.562,2133.482,126.6059,HE,100,100,-111.0285,218.3979,0,False,False,True,131.4844,4.570313
Maniac,CounterTerrorist,2388.022,2146.806,127.2622,HE,100,100,-127.1858,209.401,0,False,False,True,131.4844,4.570313
Maniac,CounterTerrorist,2379.666,2159.636,127.8122,HE,100,100,-138.1415,202.3411,0,False,False,True,131.4844,4.570313
Maniac,CounterTerrorist,2370.757,2172.09,127.6427,HE,100,100,-145.4901,197.1234,0,False,False,True,131.4844,4.570313
Maniac,CounterTerrorist,2361.485,2184.275,127.5005,HE,100,100,-150.3176,193.4673,0,False,False,True,131.4844,4.570313
Maniac,CounterTerrorist,2351.967,2196.27,127.684,HE,100,100,-153.6431,190.8371,0,False,False,True,131.4844,4.570313
Maniac,CounterTerrorist,2342.277,2208.126,128.1257,HE,100,100,-155.9996,188.9156,0,False,False,True,131.4844,4.570313
Maniac,CounterTerrorist,2331.232,2221.345,128.6484,HE,100,100,-157.8718,187.3539,0,False,False,True,131.4844,4.570313
Maniac,CounterTerrorist,2322.564,2231.562,129.0649,HE,100,100,-158.9273,186.4594,0,False,False,True,131.4844,4.570313
Maniac,CounterTerrorist,2312.604,2243.19,129.4708,HE,100,100,-159.0899,186,0,False,False,True,131.4844,4.570313
Maniac,CounterTerrorist,2302.516,2254.919,129.0396,Knife,100,100,-163.3756,189.2311,0,False,False,True,131.4844,4.570313
Maniac,CounterTerrorist,2292.283,2266.728,128.6092,Knife,100,100,-163.9707,188.7157,0,False,False,True,131.4844,4.570313
Maniac,CounterTerrorist,2282.019,2278.509,128.1826,Knife,100,100,-164.4074,188.3353,0,False,False,True,131.4844,4.570313
Maniac,CounterTerrorist,2273.047,2288.825,127.8081,Knife,100,100,-160.9907,191.2642,0,False,False,True,131.4844,4.570313
Maniac,CounterTerrorist,2263.864,2303.466,127.321,Knife,100,100,-108.9349,220.3286,0,False,False,True,131.4844,4.570313
Maniac,CounterTerrorist,2258.284,2317.917,126.7761,Knife,100,100,-75.34268,238.3768,0,False,False,True,131.4844,4.570313
Maniac,CounterTerrorist,2254.478,2333.066,126.1129,Knife,100,100,-57.17268,243.3748,0,False,False,True,131.4844,4.570313
Maniac,CounterTerrorist,2250.345,2346.089,125.5815,Knife,100,100,-87.94717,234.0199,0,False,False,True,131.4844,4.570313
Maniac,CounterTerrorist,2243.033,2362.063,124.9896,Knife,100,100,-115.0718,221.9425,0,False,False,True,131.4844,4.570313
Maniac,CounterTerrorist,2234.477,2377.412,124.3816,Knife,100,100,-114.502,221.9886,0,False,False,True,131.4844,4.570313
Maniac,CounterTerrorist,2229.243,2390.029,123.8171,Knife,100,100,-82.56828,235.9713,0,False,False,True,131.4844,4.570313
Maniac,CounterTerrorist,2224.931,2405.043,123.8877,Knife,100,100,-70.16858,239.9508,0,False,False,True,131.4844,4.570313
Maniac,CounterTerrorist,2220.205,2417.865,124.4408,Knife,100,100,-97.30968,230.2842,0,False,False,True,131.4844,4.570313
Maniac,CounterTerrorist,2212.373,2433.593,125.588,Knife,100,100,-121.1187,218.7013,0,False,False,True,131.4844,4.570313
Maniac,CounterTerrorist,2204.284,2446.958,128.1681,Knife,100,100,-135.0815,210.364,0,False,False,True,131.4844,4.570313
Maniac,CounterTerrorist,2194.353,2461.46,130.9358,Knife,100,100,-145.4997,203.2974,0,False,False,True,131.4844,4.570313
Maniac,CounterTerrorist,2186.221,2472.451,131.7935,Knife,100,100,-150.7982,199.3988,0,False,False,True,131.4844,4.570313
Maniac,CounterTerrorist,2176.642,2484.794,130.3982,Knife,100,100,-154.9807,196.1657,0,False,False,True,131.4844,4.570313
Maniac,CounterTerrorist,2167.78,2497.531,128.818,Knife,100,100,-122.7553,214.3665,0,False,False,True,131.4844,4.570313
Maniac,CounterTerrorist,2161.468,2511.671,126.6629,Knife,100,100,-85.7122,234.5867,0,False,False,True,131.4844,4.570313
Maniac,CounterTerrorist,2156.288,2526.407,125.5704,Knife,100,100,-93.38775,231.9024,0,False,False,True,131.4844,4.570313
Maniac,CounterTerrorist,2149.6,2540.521,125.2786,Knife,100,100,-116.3011,221.3008,0,False,False,True,131.4844,4.570313
Maniac,CounterTerrorist,2141.755,2554.031,124.9937,Knife,100,100,-131.8174,212.4245,0,False,False,True,131.4844,4.570313
Maniac,CounterTerrorist,2133.125,2567.055,124.6188,Knife,100,100,-142.3451,205.5186,0,False,False,True,131.4844,4.570313
Maniac,CounterTerrorist,2124.02,2579.744,124.8178,Knife,100,100,-142.3974,204.3911,0,False,False,True,131.4844,4.570313
Maniac,CounterTerrorist,2116.671,2593.357,125.7428,Knife,100,100,-100.1797,227.2392,0,False,False,True,131.4844,4.570313
Maniac,CounterTerrorist,2111.576,2608.1,126.4706,Knife,100,100,-67.99447,240.5759,0,False,False,True,131.4844,4.570313
Maniac,CounterTerrorist,2106.988,2623.025,126.6471,Knife,100,100,-87.222,234.2911,0,False,False,True,131.4844,4.570313
Maniac,CounterTerrorist,2100.571,2637.262,126.9002,Knife,100,100,-113.6622,222.6677,0,False,False,True,133.9453,3.515625
Maniac,CounterTerrorist,2092.669,2650.734,127.2763,Knife,100,100,-136.3724,209.5294,0,False,False,True,140.625,2.460938
Maniac,CounterTerrorist,2083.326,2663.246,127.537,Knife,100,100,-159.8696,192.2023,0,False,False,True,149.4141,1.054688
Maniac,CounterTerrorist,2072.484,2674.481,127.4216,Knife,100,100,-184.0172,169.2266,0,False,False,True,159.9609,0.3515625
Maniac,CounterTerrorist,2060.191,2684.105,127.2291,Knife,100,100,-205.8333,141.8896,0,False,False,True,167.3438,0.703125
Maniac,CounterTerrorist,2046.731,2692.021,126.9935,Knife,100,100,-221.8571,115.2364,0,False,False,True,170.8594,0.703125
Maniac,CounterTerrorist,2032.557,2698.59,126.8084,Knife,100,100,-225.53,107.8714,0,False,False,True,171.5625,0.703125
Maniac,CounterTerrorist,2019.083,2706.477,126.6292,Knife,100,100,-208.0459,138.625,0,False,False,True,171.5625,0.703125
Maniac,CounterTerrorist,2006.627,2715.9,126.1332,Knife,100,100,-192.927,158.9942,0,False,False,True,171.5625,1.054688
Maniac,CounterTerrorist,1994.22,2725.375,125.2674,Knife,100,100,-208.4199,138.0622,0,False,False,True,170.5078,1.757813
Maniac,CounterTerrorist,1978.878,2733.933,124.8237,Knife,100,100,-224.0174,110.9783,0,False,False,True,165.9375,3.164063
Maniac,CounterTerrorist,1966.472,2739.677,124.8221,Knife,100,100,-228.1232,102.2731,0,False,False,True,158.5547,5.273438
Maniac,CounterTerrorist,1952.234,2746.113,124.7179,Knife,100,100,-226.8692,105.0255,0,False,False,True,150.1172,8.789063
Maniac,CounterTerrorist,1938.215,2753.008,124.4245,Knife,100,100,-222.0178,114.9265,0,False,False,True,144.8438,12.30469
Maniac,CounterTerrorist,1924.544,2760.567,124.655,Knife,100,100,-216.269,125.4103,0,False,False,True,142.0313,14.76563
Maniac,CounterTerrorist,1911.254,2768.781,124.3891,Knife,100,100,-209.7088,136.0964,0,False,False,True,138.8672,16.52344
Maniac,CounterTerrorist,1898.398,2777.657,124.3731,Knife,100,100,-202.4308,146.703,0,False,False,True,135.7031,17.92969
Maniac,CounterTerrorist,1885.692,2786.705,124.9002,Knife,100,100,-211.5197,132.0798,0,False,False,True,132.8906,18.63281
Maniac,CounterTerrorist,1871.746,2793.704,125.1481,Knife,100,100,-230.8777,95.89315,0,False,False,True,139.5703,17.22656
Maniac,CounterTerrorist,1857.148,2799.273,124.9304,Knife,100,100,-233.9064,88.24852,0,False,False,True,167.6953,11.95313
Maniac,CounterTerrorist,1842.225,2803.865,124.6346,Knife,100,100,-243.1625,58.06881,0,False,False,True,194.0625,7.734375
Maniac,CounterTerrorist,1830.666,2805.749,124.0806,Knife,100,100,-248.4439,27.85051,0,False,False,True,198.2813,8.085938
Maniac,CounterTerrorist,1811.158,2806.188,123.3481,Knife,100,100,-249.7912,-10.21578,0,False,False,True,198.2813,8.085938
Maniac,CounterTerrorist,1795.6,2804.786,124.0912,Knife,100,100,-248.0869,-30.86888,0,False,False,True,198.2813,8.085938
Maniac,CounterTerrorist,1778.254,2801.957,124.6317,Knife,100,100,-245.5829,-46.78733,0,False,False,True,198.2813,8.085938
Maniac,CounterTerrorist,1764.88,2799.118,125.0764,Knife,100,100,-243.8004,-55.32969,0,False,False,True,198.2813,8.085938
Maniac,CounterTerrorist,1749.677,2795.547,125.4614,Knife,100,100,-244.1637,-49.51446,0,False,False,True,198.2813,8.085938
Maniac,CounterTerrorist,1732.34,2794.272,125.7728,Knife,100,100,-247.8178,5.153171,0,False,False,True,194.7656,12.30469
Maniac,CounterTerrorist,1718.795,2795.684,125.9748,Knife,100,100,-246.7267,40.32314,0,False,False,True,191.6016,14.0625
Maniac,CounterTerrorist,1701.597,2799.297,126.1122,Knife,100,100,-246.2334,43.23349,0,False,False,True,191.6016,13.71094
Maniac,CounterTerrorist,1686.07,2800.977,126.3279,Knife,100,100,-249.521,15.46877,0,False,False,True,191.6016,13.71094
Maniac,CounterTerrorist,1672.404,2801.248,126.4325,Knife,100,100,-249.9918,-2.02238,0,False,False,True,191.25,12.65625
Maniac,CounterTerrorist,1656.792,2800.648,126.4904,Knife,100,100,-249.5725,-14.61332,0,False,False,True,189.8437,5.625
Maniac,CounterTerrorist,1641.217,2799.41,126.5784,Knife,100,100,-248.9073,-23.34869,0,False,False,True,190.1953,3.867188
Maniac,CounterTerrorist,1625.682,2797.733,126.709,Knife,100,100,-248.2832,-29.24847,0,False,False,True,190.1953,3.867188
Maniac,CounterTerrorist,1610.183,2795.752,126.8439,Knife,100,100,-247.761,-33.38393,0,False,False,True,190.1953,3.867188
Maniac,CounterTerrorist,1594.71,2793.583,126.9799,Knife,100,100,-247.4588,-35.55467,0,False,False,True,190.5469,4.570313
Maniac,CounterTerrorist,1577.39,2790.602,127.1571,Knife,100,100,-244.9155,-50.16354,0,False,False,True,201.7969,3.867188
Maniac,CounterTerrorist,1564.05,2787.609,127.335,Knife,100,100,-243.6047,-56.18504,0,False,False,True,194.0625,4.921875
Maniac,CounterTerrorist,1548.855,2783.969,127.4312,Knife,100,100,-242.3355,-61.4288,0,False,False,True,200.7422,3.515625
Maniac,CounterTerrorist,1533.777,2779.873,127.8119,Knife,100,100,-240.8568,-66.99258,0,False,False,True,196.1719,4.21875
Maniac,CounterTerrorist,1518.738,2775.633,128.309,Knife,100,100,-240.1348,-69.53603,0,False,False,True,200.3906,3.515625
Maniac,CounterTerrorist,1503.773,2771.139,128.9314,Knife,100,100,-239.5116,-71.6535,0,False,False,True,192.6563,5.273438
Maniac,CounterTerrorist,1488.707,2767.001,129.506,Knife,100,100,-242.1633,-62.10428,0,False,False,True,189.4922,5.273438
Maniac,CounterTerrorist,1475.407,2764.236,129.8779,Knife,100,100,-243.5519,-31.17028,0,False,False,True,190.1953,3.515625
Maniac,CounterTerrorist,1458.389,2764.487,129.8443,Knife,100,100,-240.6395,28.74587,0,False,False,True,187.7344,2.8125
Maniac,CounterTerrorist,1443.431,2767.713,129.4115,Knife,100,100,-238.4139,67.67414,0,False,False,True,187.7344,2.8125
Maniac,CounterTerrorist,1428.602,2772.587,128.7576,Knife,100,100,-239.4721,71.78533,0,False,False,True,187.7344,2.8125
Maniac,CounterTerrorist,1413.354,2775.953,128.3061,Knife,100,100,-246.5744,41.24386,0,False,False,True,187.7344,2.8125
Maniac,CounterTerrorist,1397.833,2777.714,128.0699,Knife,100,100,-249.2711,19.07573,0,False,False,True,187.7344,2.8125
Maniac,CounterTerrorist,1380.269,2778.337,128.0025,Knife,100,100,-249.9942,1.705717,0,False,False,True,187.7344,2.8125
Maniac,CounterTerrorist,1366.6,2778.121,128.021,Knife,100,100,-249.8793,-7.767529,0,False,False,True,187.7344,2.8125
Maniac,CounterTerrorist,1350.994,2777.358,128.0941,Knife,100,100,-249.5345,-15.24986,0,False,False,True,187.7344,2.460938
Maniac,CounterTerrorist,1335.412,2776.2,128.207,Knife,100,100,-249.1241,-20.90955,0,False,False,True,188.4375,2.8125
Maniac,CounterTerrorist,1319.857,2774.731,128.3503,Knife,100,100,-248.7122,-25.34207,0,False,False,True,188.4375,2.460938
Maniac,CounterTerrorist,1304.326,2773.022,128.5171,Knife,100,100,-248.3287,-28.85943,0,False,False,True,189.1406,2.8125
Maniac,CounterTerrorist,1288.818,2771.107,128.7412,Knife,100,100,-247.9624,-31.85318,0,False,False,True,189.1406,2.8125
Maniac,CounterTerrorist,1273.406,2769.072,129.0201,HE,100,100,-242.8303,-32.53364,0,False,False,True,188.4375,3.515625
Maniac,CounterTerrorist,1258.233,2767.008,129.3004,HE,100,100,-242.7201,-33.34608,0,False,False,True,188.4375,3.515625
Maniac,CounterTerrorist,1243.065,2764.91,129.5842,HE,100,100,-242.6702,-33.70692,0,False,False,True,188.0859,3.515625
Maniac,CounterTerrorist,1227.899,2762.795,129.8695,HE,100,100,-242.6385,-33.93469,0,False,False,True,188.0859,3.515625
Maniac,CounterTerrorist,1212.735,2760.668,130.1166,HE,100,100,-242.615,-34.10243,0,False,False,True,188.0859,3.515625
Maniac,CounterTerrorist,1195.677,2758.264,130.3364,HE,100,100,-242.5958,-34.23892,0,False,False,True,188.0859,3.515625
Maniac,CounterTerrorist,1182.411,2756.388,130.3854,HE,100,100,-242.568,-34.43515,0,False,False,True,188.4375,3.164063
Maniac,CounterTerrorist,1167.253,2754.261,130.4024,HE,100,100,-242.9457,-26.27282,0,False,False,True,194.7656,2.109375
Maniac,CounterTerrorist,1151.996,2754.182,130.2526,HE,100,100,-244.5062,15.54753,0,False,False,True,198.2813,2.8125
Maniac,CounterTerrorist,1136.818,2756.155,130.1924,HE,100,100,-242.2955,36.30295,0,False,False,True,198.2813,2.8125
Maniac,CounterTerrorist,1121.552,2757.191,130.2001,HE,100,100,-244.9842,2.777928,0,False,False,True,198.2813,2.8125
Maniac,CounterTerrorist,1106.262,2756.477,130.3319,HE,100,100,-244.0722,-21.30182,0,False,False,True,198.6328,2.460938
Maniac,CounterTerrorist,1091.088,2754.452,130.6689,HE,100,100,-241.5967,-40.69444,0,False,False,True,201.4453,2.109375
Maniac,CounterTerrorist,1076.102,2751.321,131.094,HE,100,100,-238.3079,-56.87126,0,False,False,True,203.2031,1.757813
Maniac,CounterTerrorist,1061.333,2747.283,131.5709,HE,100,100,-234.6532,-70.44784,0,False,False,True,205.6641,1.40625
Maniac,CounterTerrorist,1046.35,2744.259,131.9834,HE,100,100,-243.0527,-30.82834,0,False,False,True,207.4219,1.757813
Maniac,CounterTerrorist,1031.067,2743.483,132.1852,HE,100,100,-244.9996,0.4397124,0,False,False,True,207.4219,1.757813
Maniac,CounterTerrorist,1015.771,2743.087,132.3663,HE,100,100,-244.0692,-21.33562,0,False,False,True,207.4219,1.757813
Maniac,CounterTerrorist,1000.652,2740.715,132.6539,HE,100,100,-239.9015,-49.72212,0,False,False,True,208.4766,1.40625
Maniac,CounterTerrorist,985.8644,2736.763,133.0248,HE,100,100,-233.7775,-73.3013,0,False,False,True,212.6953,1.40625
Maniac,CounterTerrorist,971.5191,2731.423,133.4673,HE,100,100,-225.9964,-94.60786,0,False,False,True,216.9141,1.757813
Maniac,CounterTerrorist,957.7224,2724.793,133.9749,HE,100,100,-216.3603,-114.9487,0,False,False,True,222.8906,2.8125
Maniac,CounterTerrorist,944.5936,2716.922,134.5436,HE,100,100,-204.9456,-134.2471,0,False,False,True,227.4609,3.515625
Maniac,CounterTerrorist,932.213,2707.919,135.1666,HE,100,100,-192.7216,-151.2726,0,False,False,True,231.3281,4.21875
Maniac,CounterTerrorist,920.1201,2698.538,135.8074,HE,100,100,-201.4721,-139.4058,0,False,False,True,236.25,4.570313
Maniac,CounterTerrorist,907.2072,2690.314,138.5117,HE,100,100,-202.1052,-138.4864,0,False,False,True,243.6328,4.921875
Maniac,CounterTerrorist,895.4833,2680.491,141.1194,HE,100,100,-175.8313,-170.6117,0,False,False,True,250.6641,4.570313
Maniac,CounterTerrorist,885.4485,2668.996,142.318,HE,100,100,-142.9232,-193.3232,0,False,False,True,252.0703,4.570313
Maniac,CounterTerrorist,879.1503,2656.317,143.3036,HE,100,100,-71.18106,-209.536,0,False,False,True,252.0703,4.570313
Maniac,CounterTerrorist,876.0264,2642.735,143.1324,HE,100,100,-49.26179,-223.8668,0,False,False,True,252.0703,4.570313
Maniac,CounterTerrorist,872.5659,2628.281,144.0313,HE,100,100,-59.65585,-236.4727,0,False,False,True,252.0703,4.570313
Maniac,CounterTerrorist,868.6572,2613.476,144.0313,HE,100,100,-64.17876,-236.4447,0,False,False,True,252.4219,4.21875
Maniac,CounterTerrorist,864.5544,2598.723,144.0313,HE,100,100,-66.64214,-235.7622,0,False,False,True,252.7734,4.21875
Maniac,CounterTerrorist,860.3271,2584.006,144.0313,HE,100,100,-68.26722,-235.2968,0,False,False,True,253.125,4.21875
Maniac,CounterTerrorist,856.05,2569.302,144.0313,HE,100,100,-68.40071,-235.258,0,False,False,True,253.8281,4.21875
Maniac,CounterTerrorist,851.7791,2554.598,144.0313,HE,100,100,-68.28928,-235.2904,0,False,False,True,253.8281,4.21875
Maniac,CounterTerrorist,845.8744,2540.708,144.0313,HE,100,100,-114.503,-211.4232,0,False,False,True,253.8281,4.21875
Maniac,CounterTerrorist,837.4047,2528.203,144.0313,HE,100,100,-150.2667,-192.1067,0,False,False,True,253.8281,4.21875
Maniac,CounterTerrorist,827.6158,2516.436,144.0313,HE,100,100,-149.658,-193.9781,0,False,False,True,253.8281,4.21875
Maniac,CounterTerrorist,819.0804,2503.732,144.0313,HE,100,100,-127.2424,-209.3666,0,False,False,True,253.8281,4.21875
Maniac,CounterTerrorist,811.747,2490.294,134.4923,HE,100,100,-110.3729,-218.73,0,False,False,True,253.8281,4.21875
Maniac,CounterTerrorist,805.3002,2476.406,132.8921,HE,100,100,-98.12288,-224.4925,0,False,False,True,253.8281,4.570313
Maniac,CounterTerrorist,799.4968,2462.237,135.7345,HE,100,100,-89.23114,-228.1727,0,False,False,True,254.1797,4.921875
Maniac,CounterTerrorist,794.1744,2447.88,132.5411,HE,100,100,-81.91503,-230.9003,0,False,False,True,255.9375,4.921875
Maniac,CounterTerrorist,788.6888,2431.551,129.2497,HE,100,100,-75.67197,-233.0209,0,False,False,True,254.5313,5.273438
Maniac,CounterTerrorist,784.6061,2418.79,127.4633,HE,100,100,-74.18109,-233.4998,0,False,False,True,252.7734,4.921875
Maniac,CounterTerrorist,779.9608,2404.199,126.2076,HE,100,100,-74.62099,-233.3596,0,False,False,True,251.7188,4.921875
Maniac,CounterTerrorist,775.4514,2389.602,125.4087,HE,100,100,-60.15528,-234.8345,0,False,False,True,251.7188,4.921875
Maniac,CounterTerrorist,773.0992,2372.816,125.4018,HE,100,100,-28.94746,-242.5515,0,False,False,True,251.7188,4.921875
Maniac,CounterTerrorist,771.0869,2359.572,125.877,HE,100,100,-42.02799,-241.3683,0,False,False,True,251.7188,4.921875
Maniac,CounterTerrorist,768.0681,2344.561,126.336,HE,100,100,-52.6067,-239.2855,0,False,False,True,251.7188,4.921875
Maniac,CounterTerrorist,764.5175,2329.666,126.7317,HE,100,100,-59.66647,-237.6235,0,False,False,True,251.7188,4.921875
Maniac,CounterTerrorist,760.5585,2314.875,127.5902,HE,100,100,-66.62119,-235.7681,0,False,False,True,248.5547,4.570313
Maniac,CounterTerrorist,756.0759,2300.235,128.6999,HE,100,100,-75.96815,-232.9245,0,False,False,True,245.0391,4.21875
Maniac,CounterTerrorist,751.6876,2285.592,129.5513,HE,100,100,-54.25582,-238.5182,0,False,False,True,240.8203,4.21875
Maniac,CounterTerrorist,749.507,2270.446,130.0581,HE,100,100,-22.13484,-243.9981,0,False,False,True,236.25,3.867188
Maniac,CounterTerrorist,748.7689,2253.239,130.5002,HE,100,100,-3.503305,-244.975,0,False,False,True,231.3281,3.515625
Maniac,CounterTerrorist,748.7706,2239.841,130.8,HE,100,100,1.66228,-244.9944,0,False,False,True,227.4609,3.164063
Maniac,CounterTerrorist,748.8798,2224.528,131.0502,HE,100,100,1.029927,-244.9978,0,False,False,True,222.8906,2.460938
Maniac,CounterTerrorist,748.7528,2209.217,131.0502,HE,100,100,-5.352471,-244.9415,0,False,False,True,217.9688,1.757813
Maniac,CounterTerrorist,747.9258,2192.012,130.9866,HE,100,100,-17.13475,-244.4001,0,False,False,True,213.75,1.054688
Maniac,CounterTerrorist,746.1719,2178.919,130.7912,HE,100,100,-52.55612,-231.0944,0,False,False,True,211.9922,0.3515625
Maniac,CounterTerrorist,740.2004,2163.634,130.5631,HE,100,100,-108.0689,-207.5055,0,False,False,True,211.289,358.9453
Maniac,CounterTerrorist,733.2546,2152.733,130.3274,HE,100,100,-139.9975,-193.7115,0,False,False,True,211.289,357.8906
Maniac,CounterTerrorist,723.517,2141.08,129.9167,HE,100,100,-165.8915,-180.2915,0,False,False,True,211.6406,356.4844
Maniac,CounterTerrorist,712.6176,2130.331,129.7355,HE,100,100,-180.1035,-166.0956,0,False,False,True,211.6406,355.0781
Maniac,CounterTerrorist,701.0184,2120.337,131.2016,HE,100,100,-189.2406,-155.6052,0,False,False,True,211.9922,353.6719
Maniac,CounterTerrorist,688.9775,2110.878,132.7372,HE,100,100,-194.8515,-148.519,0,False,False,True,212.3437,352.6172
Maniac,CounterTerrorist,676.7393,2101.795,134.3121,HE,100,100,-190.3044,-139.2543,0,False,False,True,213.0469,352.6172
Maniac,CounterTerrorist,666.6862,2094.439,134.3957,HE,100,100,-140.1699,-102.5686,0,False,False,True,213.3984,352.6172
Maniac,CounterTerrorist,661.5917,2090.545,134.4305,HE,100,100,-40.13928,-33.84626,0,False,False,True,213.3984,353.6719
Maniac,CounterTerrorist,661.8121,2090.476,134.4081,HE,100,100,29.53042,18.73278,0,False,False,True,213.3984,355.4297
Maniac,CounterTerrorist,665.4982,2092.879,134.3497,HE,100,100,81.39211,53.45255,0,False,False,True,213.75,357.5391
Maniac,CounterTerrorist,671.9443,2097.147,134.2538,M4A1,100,100,117.7597,78.52706,0,False,False,True,214.4531,358.9453
Maniac,CounterTerrorist,681.3982,2103.513,133.6656,M4A1,100,100,146.3557,99.08492,0,False,False,True,214.4531,358.9453
Maniac,CounterTerrorist,691.3581,2110.286,132.3671,Knife,100,100,169.6231,115.6724,0,False,False,True,214.4531,358.9453
Maniac,CounterTerrorist,702.6405,2118,130.8973,Knife,100,100,188.1652,128.8597,0,False,False,True,214.4531,358.9453
Maniac,CounterTerrorist,713.3256,2125.328,129.506,Knife,100,100,200.3348,137.5149,0,False,False,True,214.4531,358.9453
Maniac,CounterTerrorist,725.5815,2136.768,129.8519,Knife,100,100,149.1272,179.2369,0,False,False,True,214.4531,358.9453
Maniac,CounterTerrorist,731.8488,2148.553,130.2122,Knife,100,100,65.88638,195.0421,0,False,False,True,215.1563,358.5938
Maniac,CounterTerrorist,733.6707,2159.55,130.4864,Knife,100,100,10.97603,205.2212,0,False,False,True,215.1563,358.5938
Maniac,CounterTerrorist,732.6235,2172.697,130.6984,Knife,100,100,-36.23919,213.922,0,False,False,True,215.1563,358.5938
Maniac,CounterTerrorist,728.4939,2188.025,130.9272,Knife,100,100,-74.77747,220.9209,0,False,False,True,215.1563,358.5938
Maniac,CounterTerrorist,723.6877,2200.235,131.1094,Knife,100,100,-96.88761,224.8692,0,False,False,True,215.5078,358.5938
Maniac,CounterTerrorist,716.9916,2214.294,131.3192,Knife,100,100,-113.2662,222.8694,0,False,False,True,215.5078,358.5938
Maniac,CounterTerrorist,709.5837,2228.051,132.3745,Knife,100,100,-121.1383,218.6905,0,False,False,True,210.5859,359.2969
Maniac,CounterTerrorist,702.3391,2241.891,133.5603,Knife,100,100,-106.6296,226.1197,0,False,False,True,182.8125,2.8125
Maniac,CounterTerrorist,697.3411,2256.527,134.1349,Knife,100,100,-62.72688,239.6195,0,False,False,True,135.3516,8.789063
Maniac,CounterTerrorist,694.7405,2273.766,134.4286,Knife,100,100,-9.192453,244.9888,0,False,False,True,93.51563,11.95313
Maniac,CounterTerrorist,695.9804,2286.755,134.2951,Knife,100,100,45.49664,231.2798,0,False,False,True,82.96875,12.30469
Maniac,CounterTerrorist,700.6038,2300.714,133.7471,Knife,100,100,93.96349,217.7797,0,False,False,True,82.96875,12.30469
Maniac,CounterTerrorist,707.7304,2313.992,132.8609,Knife,100,100,122.3677,211.9434,0,False,False,True,82.96875,12.30469
Maniac,CounterTerrorist,714.5167,2327.953,131.4002,Knife,100,100,98.23895,229.8894,0,False,False,True,82.96875,12.30469
Maniac,CounterTerrorist,719.7969,2341.113,130.2809,Knife,100,100,73.72205,184.5898,0,False,False,True,82.96875,12.30469
Maniac,CounterTerrorist,723.6439,2350.744,129.5199,Knife,100,100,48.21658,120.7276,0,False,False,True,82.96875,12.30469
Maniac,CounterTerrorist,726.3093,2358.417,128.9628,Knife,100,100,38.75338,124.0894,0,False,False,True,82.96875,12.30469
Maniac,CounterTerrorist,728.0923,2366.228,128.5102,Knife,100,100,14.76128,124.7163,0,False,False,True,82.96875,12.30469
Maniac,CounterTerrorist,727.9666,2373.971,128.2946,Knife,100,100,-13.78668,123.2991,0,False,False,True,82.96875,12.30469
Maniac,CounterTerrorist,726.3688,2381.65,128.2584,Knife,100,100,-30.55324,123.4849,0,False,False,True,83.32031,11.95313
Maniac,CounterTerrorist,724.9219,2389.6,128.2027,Knife,100,100,-17.97643,128.7511,0,False,False,True,84.72656,11.95313
Maniac,CounterTerrorist,724.0282,2397.675,128.0717,Knife,100,100,-13.67363,129.2789,0,False,False,True,100.8984,10.54688
Maniac,CounterTerrorist,722.7237,2406.72,127.9622,Knife,100,100,-22.44574,128.0476,0,False,False,True,166.6406,5.976563
Maniac,CounterTerrorist,721.2095,2413.662,127.938,Knife,100,100,-33.88753,125.2457,0,False,False,True,229.9219,6.328125
Maniac,CounterTerrorist,718.0762,2420.836,128.1129,Knife,100,100,-62.53273,104.8475,0,False,False,True,258.0469,9.84375
Maniac,CounterTerrorist,713.8377,2427.408,128.5358,Knife,100,100,-69.72891,107.9736,0,False,False,True,258.0469,9.84375
Maniac,CounterTerrorist,709.4287,2434.227,129.1964,Knife,100,100,-70.62202,109.1445,0,False,False,True,258.0469,9.84375
Maniac,CounterTerrorist,705.0122,2441.047,129.8759,Knife,100,100,-70.7191,109.0817,0,False,False,True,258.3984,9.84375
Maniac,CounterTerrorist,700.6553,2447.896,130.5462,Knife,100,100,-64.34391,112.745,0,False,False,True,271.0547,9.492188
Maniac,CounterTerrorist,697.1319,2455.213,131.0883,Knife,100,100,-51.69913,119.2778,0,False,False,True,282.3047,8.085938
Maniac,CounterTerrorist,694.1163,2462.757,131.5522,Knife,100,100,-46.02995,121.5781,0,False,False,True,284.7656,7.734375
Maniac,CounterTerrorist,691.3766,2470.406,131.9737,Knife,100,100,-42.40036,122.8911,0,False,False,True,285.1172,8.085938
Maniac,CounterTerrorist,688.49,2479.079,132.4178,Knife,100,100,-40.13284,123.6501,0,False,False,True,285.4688,8.085938
Maniac,CounterTerrorist,686.3357,2485.854,132.7492,Knife,100,100,-38.88443,124.0484,0,False,False,True,285.4688,8.085938
Maniac,CounterTerrorist,684.2816,2492.407,133.0652,Knife,100,100,-28.64057,91.36861,0,False,False,True,284.4141,7.734375
Maniac,CounterTerrorist,682.7987,2497.233,133.1646,Knife,100,100,-20.58704,67.23089,0,False,False,True,283.7109,7.03125
Maniac,CounterTerrorist,683.3608,2501.447,133.0098,Knife,100,100,27.98059,53.9963,0,False,False,True,281.9531,6.679688
Maniac,CounterTerrorist,685.7599,2504.15,132.6909,Knife,100,100,54.8902,46.72895,0,False,False,True,281.6016,6.679688
Maniac,CounterTerrorist,690.0898,2506.893,132.1632,Knife,100,100,79.39641,39.89091,0,False,False,True,281.6016,6.679688
Maniac,CounterTerrorist,695.5114,2508.197,131.3376,Knife,100,100,91.90273,7.487423,0,False,False,True,281.6016,6.679688
Maniac,CounterTerrorist,701.5923,2507.787,130.4021,Knife,100,100,101.0338,-16.50136,0,False,False,True,280.8984,6.328125
Maniac,CounterTerrorist,708.97,2505.779,129.267,Knife,100,100,107.4623,-37.46758,0,False,False,True,277.7344,5.976563
Maniac,CounterTerrorist,714.9332,2503.298,128.3496,Knife,100,100,109.9427,-51.02486,0,False,False,True,274.9219,5.273438
Maniac,CounterTerrorist,720.9498,2500.124,127.5453,Knife,100,100,106.9633,-64.40633,0,False,False,True,273.1641,4.570313
Maniac,CounterTerrorist,727.2764,2494.555,126.7667,Knife,100,100,77.83778,-89.75897,0,False,False,True,272.4609,4.21875
Maniac,CounterTerrorist,731.6376,2487.589,126.2299,Knife,100,100,43.04457,-103.0124,0,False,False,True,272.4609,4.21875
Maniac,CounterTerrorist,732.8843,2481.887,126.0765,Knife,100,100,8.915665,-105.1065,0,False,False,True,272.4609,4.21875
Maniac,CounterTerrorist,732.3652,2475.252,126.1404,Knife,100,100,-20.39433,-106.9049,0,False,False,True,272.4609,4.21875
Maniac,CounterTerrorist,730.2978,2468.522,126.3948,Knife,100,100,-41.98278,-108.2295,0,False,False,True,272.4609,4.21875
Maniac,CounterTerrorist,727.09,2461.722,126.7896,Knife,100,100,-57.88388,-109.2051,0,False,False,True,272.4609,4.21875
Maniac,CounterTerrorist,723.0451,2454.869,127.2875,Knife,100,100,-69.41566,-109.9157,0,False,False,True,272.8125,4.21875
Maniac,CounterTerrorist,718.5026,2448.134,127.8465,Knife,100,100,-74.94858,-106.2201,0,False,False,True,272.8125,4.570313
Maniac,CounterTerrorist,713.6761,2441.598,128.543,Knife,100,100,-78.7509,-103.4326,0,False,False,True,272.8125,4.570313
Maniac,CounterTerrorist,708.6893,2435.189,129.3102,Knife,100,100,-77.68135,-103.5583,0,False,False,True,272.8125,4.570313
Maniac,CounterTerrorist,704.6557,2428.253,129.9308,Knife,100,100,-55.27961,-116.1851,0,False,False,True,273.1641,4.570313
Maniac,CounterTerrorist,701.8301,2420.668,130.5844,Knife,100,100,-37.88201,-124.3582,0,False,False,True,273.5156,4.21875
Maniac,CounterTerrorist,699.9559,2412.765,131.1086,Knife,100,100,-24.45299,-127.6795,0,False,False,True,273.8672,4.21875
Maniac,CounterTerrorist,698.5181,2404.771,131.5684,Knife,100,100,-29.13937,-126.6921,0,False,False,True,273.8672,4.21875
Maniac,CounterTerrorist,696.0351,2397.042,132.1811,Knife,100,100,-46.96151,-121.2214,0,False,False,True,274.2188,4.21875
Maniac,CounterTerrorist,693.5222,2389.642,132.7887,M4A1,100,100,-31.56981,-112.6603,0,False,False,True,274.2188,4.21875
Maniac,CounterTerrorist,691.9932,2382.698,133.2312,M4A1,100,100,-20.56337,-102.2782,0,False,False,True,274.2188,4.21875
Maniac,CounterTerrorist,690.9069,2377.295,133.5596,M4A1,100,100,-15.14608,-75.33366,0,False,False,True,274.2188,4.21875
Maniac,CounterTerrorist,690.1079,2373.499,133.7958,M4A1,100,100,-11.45565,-41.88105,0,False,False,True,274.2188,4.21875
Maniac,CounterTerrorist,689.5916,2373.428,133.8714,M4A1,100,100,-5.726407,28.7327,0,False,False,True,274.2188,4.21875
Maniac,CounterTerrorist,689.1468,2377.202,133.8331,M4A1,100,100,-8.508081,84.85531,0,False,False,True,274.2188,4.21875
Maniac,CounterTerrorist,688.5099,2384.217,133.7217,M4A1,100,100,-11.37084,131.4661,0,False,False,True,274.2188,4.21875
Maniac,CounterTerrorist,688.0367,2393.696,133.5115,M4A1,100,100,0.6109669,165.8837,0,False,False,True,266.8359,3.164063
Maniac,CounterTerrorist,688.0488,2404.778,133.1789,M4A1,100,100,-14.65917,181.1004,0,False,False,True,217.6172,4.21875
Maniac,CounterTerrorist,688.0569,2416.754,132.8201,M4A1,100,100,0.6569898,199.5925,0,False,False,True,156.0938,8.085938
Maniac,CounterTerrorist,688.0789,2431.484,132.4798,M4A1,100,100,-1.012671,215.4233,0,False,False,True,124.1016,10.89844
Maniac,CounterTerrorist,687.9669,2443.191,132.4983,M4A1,100,100,-7.843394,210.661,0,False,False,True,142.7344,7.382813
Maniac,CounterTerrorist,687.2162,2458.499,132.6138,M4A1,100,100,-19.2729,221.2581,0,False,False,True,215.1563,1.757813
Maniac,CounterTerrorist,684.5923,2469.851,133.0174,M4A1,100,100,-66.88037,198.8987,0,False,False,True,274.2188,2.109375
Maniac,CounterTerrorist,679.3961,2482.078,133.8168,M4A1,100,100,-84.375,200.3018,0,False,False,True,283.0078,3.515625
Maniac,CounterTerrorist,674.3803,2495.082,134.1194,M4A1,100,100,-76.64034,211.5449,0,False,False,True,283.0078,3.515625
Maniac,CounterTerrorist,669.7391,2508.833,134.3113,Incendiary,100,100,-73.04179,227.5327,0,False,False,True,283.0078,3.867188
Maniac,CounterTerrorist,665.2576,2523.41,134.4676,Incendiary,100,100,-70.75769,234.5599,0,False,False,True,285.8203,3.867188
Maniac,CounterTerrorist,660.2979,2539.907,134.6324,Incendiary,100,100,-70.5288,234.6288,0,False,False,True,286.875,3.867188
Maniac,CounterTerrorist,656.4365,2552.737,134.761,Incendiary,100,100,-70.72511,234.5697,0,False,False,True,287.2266,4.570313
Maniac,CounterTerrorist,653.0013,2567.385,134.8432,Incendiary,100,100,-3.837991,235.1278,0,False,False,True,291.0938,3.164063
Maniac,CounterTerrorist,653.0013,2582.387,141.5343,Incendiary,100,100,0,243.5118,0,False,False,True,290.7422,3.164063
Maniac,CounterTerrorist,653.0013,2597.474,141.5343,Incendiary,100,100,0,231.0607,0,False,False,True,290.7422,3.164063
Maniac,CounterTerrorist,652.9248,2610.808,141.5725,Incendiary,100,100,-9.786786,200.9,0,False,False,True,290.7422,3.164063
Maniac,CounterTerrorist,649.8787,2622.538,143.0956,Incendiary,100,100,-76.23442,178.0599,0,False,False,True,292.5,3.164063
Maniac,CounterTerrorist,643.2806,2632.748,146.3946,Incendiary,100,100,-125.8215,141.5561,0,False,False,True,295.6641,3.515625
Maniac,CounterTerrorist,634.1619,2638.987,150.9539,Incendiary,100,100,-159.7501,70.05548,0,False,False,True,298.125,3.867188
Maniac,CounterTerrorist,623.3081,2641.341,156.3809,Incendiary,100,100,-183.1654,14.46434,0,False,False,True,300.5859,4.21875
Maniac,CounterTerrorist,611.2453,2640.84,160.0313,Incendiary,100,100,-201.6281,-13.48308,0,False,False,True,303.0469,4.21875
Maniac,CounterTerrorist,598.1137,2641.064,160.0313,Incendiary,100,100,-208.9056,26.71678,0,False,False,True,305.5078,3.867188
Maniac,CounterTerrorist,585.4958,2645.779,160.0313,Incendiary,100,100,-148.3508,98.39368,0,False,False,True,307.2656,3.515625
Maniac,CounterTerrorist,578.517,2652.156,160.0313,Incendiary,100,100,-94.37669,91.15683,0,False,False,True,307.6172,3.164063
Maniac,CounterTerrorist,574.0745,2656.447,160.0313,Incendiary,100,100,-72.22205,69.75805,0,False,False,True,307.2656,2.8125
Maniac,CounterTerrorist,570.2593,2660.132,160.0313,Incendiary,100,100,-53.1956,51.38073,0,False,False,True,306.9141,2.460938
Maniac,CounterTerrorist,567.5037,2662.794,160.0313,Incendiary,100,100,-37.01203,35.74929,0,False,False,True,306.5625,2.109375
Maniac,CounterTerrorist,565.7593,2664.479,160.0313,Incendiary,100,100,-20.82846,20.11785,0,False,False,True,306.9141,2.109375
Maniac,CounterTerrorist,565.006,2665.206,160.0313,Incendiary,100,100,-2.621935,2.532483,0,False,False,True,306.9141,1.40625
Maniac,CounterTerrorist,565.006,2665.206,160.0313,Incendiary,100,100,0,0,0,False,False,True,306.9141,1.054688
Maniac,CounterTerrorist,566.1414,2663.704,160.0313,Incendiary,100,100,35.07235,-46.3905,0,False,False,True,307.2656,1.054688
Maniac,CounterTerrorist,569.6312,2659.09,160.0313,Incendiary,100,100,70.80717,-93.58655,0,False,False,True,307.2656,0.703125
Maniac,CounterTerrorist,574.2773,2652.949,160.0313,Incendiary,100,100,94.63668,-125.1514,0,False,False,True,306.9141,0.3515625
Maniac,CounterTerrorist,580.9374,2644.127,160.0313,Incendiary,100,100,114.9239,-152.3933,0,False,False,True,306.9141,359.6484
Maniac,CounterTerrorist,588.658,2633.857,160.0313,Incendiary,100,100,129.489,-172.7399,0,False,False,True,306.2109,359.2969
Maniac,CounterTerrorist,596.6586,2623.154,160.0313,Incendiary,100,100,115.9772,-155.2523,0,False,False,True,306.2109,358.9453
Maniac,CounterTerrorist,602.7358,2615.02,160.0313,Incendiary,100,100,79.09902,-105.6981,0,False,False,True,306.2109,358.9453
Maniac,CounterTerrorist,605.2656,2611.713,160.0313,Incendiary,100,100,12.23495,-14.16425,0,False,False,True,305.1563,0.3515625
Maniac,CounterTerrorist,604.3068,2613.131,160.0313,Incendiary,100,100,-31.94894,45.69021,0,False,False,True,305.1563,1.757813
Maniac,CounterTerrorist,601.1623,2617.601,160.0313,M4A1,100,100,-63.29411,89.79942,0,False,False,True,305.1563,1.757813
Maniac,CounterTerrorist,596.3513,2624.418,160.0313,M4A1,100,100,-86.5819,122.5807,0,False,False,True,305.1563,1.757813
Maniac,CounterTerrorist,591.7775,2630.893,160.0313,M4A1,100,100,-63.77244,90.2876,0,False,False,True,305.1563,1.757813
Maniac,CounterTerrorist,588.4086,2635.663,160.0313,M4A1,100,100,-46.97199,66.50189,0,False,False,True,305.1563,1.757813
Maniac,CounterTerrorist,585.9423,2639.154,160.0313,M4A1,100,100,-33.77032,47.81127,0,False,False,True,304.4531,2.460938
Maniac,CounterTerrorist,584.4504,2641.266,160.0313,M4A1,100,100,-22.41212,31.73058,0,False,False,True,304.4531,3.515625
Maniac,CounterTerrorist,583.445,2642.689,160.0313,M4A1,100,100,-7.808712,11.0554,0,False,False,True,304.8047,3.515625
Maniac,CounterTerrorist,583.3278,2642.855,160.0313,M4A1,100,100,0,0,0,False,False,True,305.1563,3.164063
Maniac,CounterTerrorist,583.3278,2642.855,160.0313,M4A1,100,100,0,0,0,False,False,True,306.5625,2.460938
Maniac,CounterTerrorist,583.3278,2642.855,160.0313,M4A1,100,100,0,0,0,False,False,True,306.2109,2.460938
Maniac,CounterTerrorist,583.3278,2642.855,160.0313,M4A1,100,100,0,0,0,False,False,True,304.4531,3.164063
Maniac,CounterTerrorist,583.3278,2642.855,160.0313,M4A1,100,100,0,0,0,False,False,True,304.4531,3.164063
Maniac,CounterTerrorist,583.1519,2643.114,160.0313,M4A1,100,100,-8.052773,11.83218,0,False,False,True,304.1016,3.164063
Maniac,CounterTerrorist,582.017,2644.782,160.0313,M4A1,100,100,-22.61106,33.22311,0,False,False,True,304.1016,3.164063
Maniac,CounterTerrorist,580.4266,2647.118,160.0313,M4A1,100,100,-33.93417,49.8605,0,False,False,True,304.1016,3.164063
Maniac,CounterTerrorist,577.5503,2651.345,160.0313,M4A1,100,100,-41.87654,61.53047,0,False,False,True,304.1016,3.164063
Maniac,CounterTerrorist,575.6063,2654.201,160.0313,M4A1,100,100,-30.79959,45.25476,0,False,False,True,304.1016,3.164063
Maniac,CounterTerrorist,574.1264,2656.376,160.0313,M4A1,100,100,-18.14021,26.65396,0,False,False,True,304.1016,3.164063
Maniac,CounterTerrorist,573.4377,2657.388,160.0313,M4A1,100,100,-5.480832,8.053151,0,False,False,True,304.1016,2.8125
Maniac,CounterTerrorist,573.3834,2657.468,160.0313,M4A1,100,100,0,0,0,False,False,True,304.1016,2.8125
Maniac,CounterTerrorist,573.4118,2657.047,160.0313,M4A1,100,100,-1.65933,-16.45403,0,False,False,True,304.1016,3.164063
Maniac,CounterTerrorist,573.1146,2655.231,160.0313,M4A1,100,100,-6.881759,-38.89606,0,False,False,True,304.1016,2.8125
Maniac,CounterTerrorist,572.526,2652.007,160.0313,M4A1,100,100,-11.35848,-61.45784,0,False,False,True,304.1016,2.8125
Maniac,CounterTerrorist,571.6673,2647.378,160.0313,M4A1,100,100,-15.52498,-83.54597,0,False,False,True,304.4531,3.164063
Maniac,CounterTerrorist,572.121,2642.381,160.0313,M4A1,100,100,25.24836,-74.25969,0,False,False,True,300.9375,3.164063
Maniac,CounterTerrorist,574.8717,2638.078,160.0313,M4A1,100,100,57.14995,-65.18681,0,False,False,True,299.5313,3.515625
Maniac,CounterTerrorist,579.3069,2634.25,160.0313,M4A1,100,100,80.65865,-58.46524,0,False,False,True,299.8828,3.867188
Maniac,CounterTerrorist,585.7635,2630.364,160.0313,M4A1,100,100,99.78959,-52.99535,0,False,False,True,299.8828,3.867188
Maniac,CounterTerrorist,592.3339,2627.235,160.0313,M4A1,100,100,107.0345,-47.25054,0,False,False,True,299.1797,3.515625
Maniac,CounterTerrorist,598.2203,2624.727,160.0313,M4A1,100,100,107.6932,-45.7293,0,False,False,True,289.6875,3.515625
Maniac,CounterTerrorist,605.1079,2622.302,160.0313,M4A1,100,100,113.145,-29.78623,0,False,False,True,280.1953,3.515625
Maniac,CounterTerrorist,613.2157,2620.958,160.0313,M4A1,100,100,116.4392,-11.44117,0,False,False,True,281.6016,4.21875
Maniac,CounterTerrorist,619.6054,2620.662,158.2322,M4A1,100,100,116.992,-1.369767,0,False,False,True,281.6016,4.21875
Maniac,CounterTerrorist,626.9135,2620.875,154.5782,M4A1,100,100,116.8099,6.665971,0,False,False,True,281.6016,4.21875
Maniac,CounterTerrorist,634.0706,2621.904,150.9996,M4A1,100,100,111.0985,29.21106,0,False,False,True,280.1953,3.867188
Maniac,CounterTerrorist,640.7891,2624.622,147.6404,M4A1,100,100,104.3841,52.8484,0,False,False,True,276.6797,3.164063
Maniac,CounterTerrorist,647.0359,2628.415,144.517,M4A1,100,100,96.94804,65.49867,0,False,False,True,272.1094,2.8125
Maniac,CounterTerrorist,652.92,2632.755,141.5749,M4A1,100,100,92.21203,72.01347,0,False,False,True,271.0547,2.8125
Maniac,CounterTerrorist,659.2579,2637.999,138.406,M4A1,100,100,88.72084,76.27325,0,False,False,True,271.0547,2.8125
Maniac,CounterTerrorist,663.371,2641.626,136.3494,M4A1,100,100,87.10809,78.11004,0,False,False,True,271.0547,2.8125
Maniac,CounterTerrorist,670.0906,2647.823,132.9896,M4A1,100,100,85.3289,80.04985,0,False,False,True,270,1.757813
Maniac,CounterTerrorist,674.7464,2652.212,131.2816,M4A1,100,100,85.06496,80.33025,0,False,False,True,268.5938,1.40625
Maniac,CounterTerrorist,680.1213,2657.158,130.8682,M4A1,100,100,89.98159,74.03809,0,False,False,True,268.2422,1.40625
Maniac,CounterTerrorist,687.1393,2661.394,130.3283,M4A1,100,100,105.8408,49.86704,0,False,False,True,267.8906,1.054688
Maniac,CounterTerrorist,693.1666,2663.636,129.8647,M4A1,100,100,116.7332,34.94666,0,False,False,True,267.1875,1.054688
Maniac,CounterTerrorist,701.6717,2666.011,129.2104,M4A1,100,100,145.9934,51.23996,0,False,False,True,263.3203,0.3515625
Maniac,CounterTerrorist,711.4073,2670.252,128.4615,M4A1,100,100,162.8141,79.28458,0,False,False,True,261.5625,0.3515625
Maniac,CounterTerrorist,722.0473,2675.954,128.0313,M4A1,100,100,175.452,99.61237,0,False,False,True,261.5625,0.3515625
Maniac,CounterTerrorist,733.3549,2682.729,128.0313,M4A1,100,100,184.7606,114.5849,0,False,False,True,261.5625,0.3515625
Maniac,CounterTerrorist,745.0994,2690.257,128.0313,M4A1,100,100,188.258,123.223,0,False,False,True,261.5625,0.3515625
Maniac,CounterTerrorist,756.8077,2698.046,128.5102,M4A1,100,100,186.9589,125.1853,0,False,False,True,259.1016,359.6484
Maniac,CounterTerrorist,768.6952,2705.339,129.0739,M4A1,100,100,196.8699,98.76142,0,False,False,True,256.6406,359.6484
Maniac,CounterTerrorist,781.5562,2709.93,129.9251,M4A1,100,100,211.9522,55.41845,0,False,False,True,254.8828,0
Maniac,CounterTerrorist,795.0474,2712.649,141.375,M4A1,100,100,216.4021,41.84479,267.6184,False,False,True,253.4766,1.054688
Maniac,CounterTerrorist,808.5723,2715.264,156.5387,M4A1,100,100,216.4021,41.84479,217.6184,False,False,True,251.7188,2.460938
Maniac,CounterTerrorist,822.0972,2717.88,168.5774,M4A1,100,100,216.4021,41.84479,167.6184,False,False,True,251.3672,2.460938
Maniac,CounterTerrorist,835.6221,2720.495,177.4911,M4A1,100,100,216.4021,41.84479,117.6184,False,False,True,249.6094,2.8125
Maniac,CounterTerrorist,849.147,2723.11,183.2798,M4A1,100,100,216.4021,41.84479,67.61838,False,False,True,249.6094,2.8125
Maniac,CounterTerrorist,862.6719,2725.725,185.9435,M4A1,100,100,216.4021,41.84479,17.61838,False,False,True,249.6094,2.8125
Maniac,CounterTerrorist,876.1968,2728.341,185.4822,M4A1,100,100,216.4021,41.84479,-32.38162,False,False,True,248.9063,2.8125
Maniac,CounterTerrorist,889.7217,2730.956,181.8959,M4A1,100,100,216.4021,41.84479,-82.38162,False,False,True,248.2031,2.460938
Maniac,CounterTerrorist,904.9373,2733.898,174.1259,M4A1,100,100,216.4021,41.84479,-138.6316,False,False,True,247.8516,2.460938
Maniac,CounterTerrorist,916.7715,2736.186,165.3483,M4A1,100,100,216.4021,41.84479,-182.3816,False,False,True,247.8516,2.460938
Maniac,CounterTerrorist,930.2964,2738.802,152.387,M4A1,100,100,216.4021,41.84479,-232.3816,False,False,True,246.7969,2.109375
Maniac,CounterTerrorist,943.8214,2741.417,136.3007,M4A1,100,100,216.4021,41.84479,-282.3816,False,False,True,233.0859,2.109375
Maniac,CounterTerrorist,954.788,2743.066,133.0668,M4A1,100,100,176.3969,14.55959,0,False,False,True,206.0156,2.8125
Maniac,CounterTerrorist,967.6597,2743.936,132.8232,M4A1,100,100,175.6892,14.99143,0,False,False,True,189.4922,2.8125
Maniac,CounterTerrorist,975.722,2744.624,132.6991,M4A1,100,100,107.8701,9.204476,0,False,False,True,185.9766,2.109375
Maniac,CounterTerrorist,982.7621,2745.242,132.5919,M4A1,100,100,116.4038,10.40214,0,False,False,True,185.625,2.109375
Maniac,CounterTerrorist,990.0448,2745.903,132.4797,M4A1,100,100,116.5125,10.66969,0,False,False,True,185.625,2.109375
Maniac,CounterTerrorist,996.4161,2746.491,132.3811,M4A1,100,100,116.497,10.83674,0,False,False,True,185.625,2.109375
Maniac,CounterTerrorist,1004.607,2747.26,132.2536,M4A1,100,100,116.4822,10.99519,0,False,False,True,185.625,2.109375
Maniac,CounterTerrorist,1012.796,2748.037,132.1256,M4A1,100,100,116.4715,11.10749,0,False,False,True,185.625,2.109375
Maniac,CounterTerrorist,1019.167,2747.827,132.0708,M4A1,100,100,116.1531,-14.05194,0,False,False,True,185.625,2.109375
Maniac,CounterTerrorist,1026.283,2746.186,132.0867,M4A1,100,100,111.7732,-34.57975,0,False,False,True,185.625,2.109375
Maniac,CounterTerrorist,1032.597,2743.568,132.1546,M4A1,100,100,88.76192,-40.17939,0,False,False,True,185.625,2.109375
Maniac,CounterTerrorist,1037.286,2741.446,132.2322,M4A1,100,100,65.36313,-29.58759,0,False,False,True,185.625,2.109375
Maniac,CounterTerrorist,1040.65,2739.923,132.2703,M4A1,100,100,44.86539,-20.30898,0,False,False,True,185.625,2.109375
Maniac,CounterTerrorist,1042.904,2738.903,132.308,M4A1,100,100,21.80543,-9.870548,0,False,False,True,185.625,2.109375
Maniac,CounterTerrorist,1043.536,2738.617,132.308,M4A1,100,100,3.869901,-1.751768,0,False,False,True,185.625,2.109375
Maniac,CounterTerrorist,1043.547,2738.612,132.308,M4A1,100,100,0,0,0,False,False,True,185.625,2.109375
Maniac,CounterTerrorist,1043.547,2738.612,132.308,M4A1,100,100,0,0,0,False,False,True,185.625,2.109375
Maniac,CounterTerrorist,1043.547,2738.612,132.308,M4A1,100,100,0,0,0,False,False,True,185.625,2.109375
Maniac,CounterTerrorist,1043.547,2738.612,132.308,M4A1,100,100,0,0,0,False,False,True,185.625,2.109375
Maniac,CounterTerrorist,1043.547,2738.612,132.308,M4A1,100,100,0,0,0,False,False,True,185.625,2.109375
Maniac,CounterTerrorist,1043.547,2738.612,132.308,M4A1,100,100,0,0,0,False,False,True,185.625,2.109375
Maniac,CounterTerrorist,1043.547,2738.612,132.308,M4A1,100,100,0,0,0,False,False,True,185.625,2.109375
Maniac,CounterTerrorist,1043.547,2738.612,132.308,M4A1,100,100,0,0,0,False,False,True,185.625,2.109375
Maniac,CounterTerrorist,1043.547,2738.612,132.308,M4A1,100,100,0,0,0,False,False,True,185.625,2.109375
Maniac,CounterTerrorist,1043.547,2738.612,132.308,M4A1,100,100,0,0,0,False,False,True,185.625,2.109375
Maniac,CounterTerrorist,1043.547,2738.612,132.308,M4A1,100,100,0,0,0,False,False,True,185.625,2.109375
Maniac,CounterTerrorist,1043.547,2738.612,132.308,M4A1,100,100,0,0,0,False,False,True,185.625,2.109375
Maniac,CounterTerrorist,1043.547,2738.612,132.308,M4A1,100,100,0,0,0,False,False,True,190.1953,4.21875
Maniac,CounterTerrorist,1043.547,2738.612,132.308,M4A1,100,100,0,0,0,False,False,True,207.0703,6.328125
Maniac,CounterTerrorist,1043.547,2738.612,132.308,M4A1,100,100,0,0,0,False,False,True,220.4297,5.625
Maniac,CounterTerrorist,1043.547,2738.612,132.308,M4A1,100,100,0,0,0,False,False,True,227.1094,3.515625
Maniac,CounterTerrorist,1043.547,2738.612,132.308,M4A1,100,100,0,0,0,False,False,True,229.2188,2.8125
Maniac,CounterTerrorist,1043.547,2738.612,132.308,M4A1,100,100,0,0,0,False,False,True,228.8672,2.8125
Maniac,CounterTerrorist,1043.547,2738.612,132.308,M4A1,100,100,0,0,0,False,False,True,228.8672,2.8125
Maniac,CounterTerrorist,1043.547,2738.612,132.308,M4A1,100,100,0,0,0,False,False,True,228.8672,2.8125
Maniac,CounterTerrorist,1043.547,2738.612,132.308,M4A1,100,100,0,0,0,False,False,True,228.8672,2.8125
Maniac,CounterTerrorist,1043.547,2738.612,132.308,M4A1,100,100,0,0,0,False,False,True,228.5156,3.164063
Maniac,CounterTerrorist,1043.547,2738.612,132.308,M4A1,100,100,0,0,0,False,False,True,228.8672,3.867188
Maniac,CounterTerrorist,1043.547,2738.612,132.308,M4A1,100,100,0,0,0,False,False,True,229.2188,4.21875
Maniac,CounterTerrorist,1043.389,2738.749,132.308,M4A1,100,100,-12.76442,11.03791,0,False,False,True,229.2188,4.570313
Maniac,CounterTerrorist,1041.091,2740.727,132.232,M4A1,100,100,-55.46354,47.65542,0,False,False,True,229.5703,4.570313
Maniac,CounterTerrorist,1036.627,2744.557,132.0683,M4A1,100,100,-56.47421,48.43394,0,False,False,True,229.5703,4.570313
Maniac,CounterTerrorist,1034.005,2746.805,131.9723,M4A1,100,100,-41.52993,35.61729,0,False,False,True,229.5703,4.570313
Maniac,CounterTerrorist,1032.01,2748.516,131.8992,M4A1,100,100,-24.45077,20.9697,0,False,False,True,229.5703,4.570313
Maniac,CounterTerrorist,1031.082,2749.312,131.8652,M4A1,100,100,-7.371602,6.322102,0,False,False,True,229.2188,4.21875
Maniac,CounterTerrorist,1031.01,2749.374,131.8625,M4A1,100,100,0,0,0,False,False,True,228.8672,3.515625
Maniac,CounterTerrorist,1031.01,2749.374,131.8625,M4A1,100,100,0,0,0,False,False,True,228.5156,2.8125
Maniac,CounterTerrorist,1031.01,2749.374,131.8625,M4A1,96,98,0,0,0,False,False,True,228.5156,2.8125
Maniac,CounterTerrorist,1031.306,2749.709,131.841,M4A1,96,98,11.39617,12.86613,0,False,False,True,228.5156,2.8125
Maniac,CounterTerrorist,1032.327,2750.894,131.7654,M4A1,96,98,22.40709,29.19105,0,False,False,True,228.5156,2.8125
Maniac,CounterTerrorist,1033.27,2753.617,131.6061,M4A1,96,98,10.83471,54.11871,0,False,False,True,228.5156,2.8125
Maniac,CounterTerrorist,1033.731,2757.815,131.3601,M4A1,96,98,5.14569,77.23729,0,False,False,True,228.5156,2.8125
Maniac,CounterTerrorist,1033.826,2763.316,131.0231,M4A1,96,98,-6.237969,93.07085,0,False,False,True,228.1641,2.8125
Maniac,CounterTerrorist,1033.496,2768.231,130.7286,M4A1,96,98,-4.583447,68.38528,0,False,False,True,228.1641,2.460938
Maniac,CounterTerrorist,1033.263,2771.716,130.5197,M4A1,96,98,-3.078785,45.93565,0,False,False,True,228.1641,2.460938
Maniac,CounterTerrorist,1033.123,2773.798,130.395,M4A1,96,98,-1.574124,23.48602,0,False,False,True,227.8125,2.109375
Maniac,CounterTerrorist,1033.078,2774.477,130.3543,M4A1,96,98,-0.06946267,1.036387,0,False,False,True,228.1641,2.109375
Maniac,CounterTerrorist,1033.078,2774.477,130.3543,M4A1,96,98,0,0,0,False,False,True,228.1641,2.109375
Maniac,CounterTerrorist,1033.078,2774.477,130.3543,M4A1,96,98,0,0,0,False,False,True,228.1641,2.109375
Maniac,CounterTerrorist,1033.078,2774.477,130.3543,M4A1,96,98,0,0,0,False,False,True,228.1641,2.109375
Maniac,CounterTerrorist,1033.078,2774.477,130.3543,M4A1,96,98,0,0,0,False,False,True,228.1641,1.757813
Maniac,CounterTerrorist,1033.078,2774.477,130.3543,M4A1,96,98,0,0,0,False,False,True,227.8125,1.757813
Maniac,CounterTerrorist,1033.078,2774.477,130.3543,M4A1,96,98,0,0,0,False,False,True,228.5156,1.40625
Maniac,CounterTerrorist,1033.078,2774.477,130.3543,M4A1,96,98,0,0,0,False,False,True,228.8672,1.40625
Maniac,CounterTerrorist,1033.078,2774.477,130.3543,M4A1,96,98,0,0,0,False,False,True,228.5156,1.054688
Maniac,CounterTerrorist,1033.078,2774.477,130.3543,M4A1,96,98,0,0,0,False,False,True,228.8672,1.40625
Maniac,CounterTerrorist,1033.078,2774.477,130.3543,M4A1,96,98,0,0,0,False,False,True,228.8672,1.40625
Maniac,CounterTerrorist,1033.078,2774.477,130.3543,M4A1,96,98,0,0,0,False,False,True,228.8672,1.40625
Maniac,CounterTerrorist,1033.078,2774.477,130.3543,M4A1,96,98,0,0,0,False,False,True,228.8672,1.40625
Maniac,CounterTerrorist,1033.078,2774.477,130.3543,M4A1,96,98,0,0,0,False,False,True,228.8672,1.40625
Maniac,CounterTerrorist,1033.078,2774.477,130.3543,M4A1,96,98,0,0,0,False,False,True,228.8672,1.40625
Maniac,CounterTerrorist,1033.078,2774.477,130.3543,M4A1,96,98,0,0,0,False,False,True,228.8672,1.40625
Maniac,CounterTerrorist,1033.078,2774.477,130.3543,M4A1,96,98,0,0,0,False,False,True,228.8672,1.40625
Maniac,CounterTerrorist,1033.078,2774.477,130.3543,M4A1,96,98,0,0,0,False,False,True,228.8672,1.40625
Maniac,CounterTerrorist,1033.078,2774.477,130.3543,M4A1,96,98,0,0,0,False,False,True,228.8672,1.40625
Maniac,CounterTerrorist,1033.078,2774.477,130.3543,M4A1,96,98,0,0,0,False,False,True,228.8672,1.40625
Maniac,CounterTerrorist,1033.078,2774.477,130.3543,M4A1,96,98,0,0,0,False,False,True,228.8672,1.40625
Maniac,CounterTerrorist,1033.078,2774.477,130.3543,M4A1,96,98,0,0,0,False,False,True,228.8672,1.40625
Maniac,CounterTerrorist,1033.078,2774.477,130.3543,M4A1,96,98,0,0,0,False,False,True,228.8672,1.40625
Maniac,CounterTerrorist,1033.078,2774.477,130.3543,M4A1,96,98,0,0,0,False,False,True,228.8672,1.40625
Maniac,CounterTerrorist,1033.078,2774.477,130.3543,M4A1,96,98,0,0,0,False,False,True,228.8672,1.40625
Maniac,CounterTerrorist,1033.078,2774.477,130.3543,M4A1,96,98,0,0,0,False,False,True,228.8672,1.40625
Maniac,CounterTerrorist,1033.078,2774.477,130.3543,M4A1,96,98,0,0,0,False,False,True,228.8672,1.40625
Maniac,CounterTerrorist,1033.078,2774.477,130.3543,M4A1,96,98,0,0,0,False,False,True,228.5156,1.40625
Maniac,CounterTerrorist,1033.078,2774.477,130.3543,M4A1,96,98,0,0,0,False,False,True,227.8125,2.109375
Maniac,CounterTerrorist,1033.078,2774.477,130.3543,M4A1,96,98,0,0,0,False,False,True,227.4609,2.109375
Maniac,CounterTerrorist,1032.501,2775.006,130.3311,M4A1,96,98,-16.90561,15.50256,0,False,False,True,227.4609,2.109375
Maniac,CounterTerrorist,1031.115,2776.281,130.2749,M4A1,96,98,-31.63609,29.21498,0,False,False,True,227.1094,2.109375
Maniac,CounterTerrorist,1028.533,2778.644,130.179,M4A1,96,98,-48.91196,44.4011,0,False,False,True,228.5156,0.703125
Maniac,CounterTerrorist,1024.877,2781.938,130.0754,M4A1,96,98,-65.5423,58.81704,0,False,False,True,228.5156,0.703125
Maniac,CounterTerrorist,1020.317,2783.998,130.0366,M4A1,96,98,-78.15811,0,0,False,False,True,228.5156,0.703125
Maniac,CounterTerrorist,1015.754,2783.998,130.1097,M4A1,96,98,-63.57085,0,0,False,False,True,230.9766,0
Maniac,CounterTerrorist,1012.572,2783.998,130.1476,M4A1,96,98,-41.07085,0,0,False,False,True,234.1406,359.6484
Maniac,CounterTerrorist,1010.796,2783.998,130.1656,M4A1,96,98,-18.57085,0,0,False,False,True,235.5469,359.6484
Maniac,CounterTerrorist,1010.387,2783.998,130.1656,M4A1,96,98,0,0,0,False,False,True,235.8984,359.6484
Maniac,CounterTerrorist,1010.387,2783.998,130.1656,M4A1,96,98,0,0,0,False,False,True,235.8984,359.6484
Maniac,CounterTerrorist,1010.387,2783.998,130.1656,M4A1,96,98,0,0,0,False,False,True,235.1953,0.703125
Maniac,CounterTerrorist,1010.387,2783.998,130.1656,M4A1,96,98,0,0,0,False,False,True,235.1953,1.054688
Maniac,CounterTerrorist,1010.402,2783.998,130.1656,M4A1,96,98,-0.9844574,0,0,False,False,True,234.8437,1.054688
Maniac,CounterTerrorist,1010.34,2783.998,130.1656,M4A1,96,98,-0.9844574,0,0,False,False,True,234.8437,1.054688
Maniac,CounterTerrorist,1010.209,2783.998,130.1656,M4A1,96,98,0,0,0,False,False,True,234.8437,1.054688
Maniac,CounterTerrorist,1010.209,2783.998,130.1656,M4A1,96,98,0,0,0,False,False,True,234.8437,1.054688
Maniac,CounterTerrorist,1010.209,2783.998,130.1656,M4A1,96,98,0,0,0,False,False,True,234.8437,0.703125
Maniac,CounterTerrorist,1010.209,2783.998,130.1656,M4A1,96,98,0,0,0,False,False,True,234.8437,0.703125
Maniac,CounterTerrorist,1010.209,2783.998,130.1656,M4A1,96,98,0,0,0,False,False,True,234.4922,0.703125
Maniac,CounterTerrorist,1010.209,2783.998,130.1656,M4A1,96,98,0,0,0,False,False,True,234.8437,0.703125
Maniac,CounterTerrorist,1010.209,2783.998,130.1656,M4A1,96,98,0,0,0,False,False,True,234.8437,0.703125
Maniac,CounterTerrorist,1010.209,2783.998,130.1656,M4A1,96,98,0,0,0,False,False,True,234.8437,0.703125
Maniac,CounterTerrorist,1010.209,2783.998,130.1656,M4A1,96,98,0,0,0,False,False,True,234.8437,0.703125
Maniac,CounterTerrorist,1010.209,2783.998,130.1656,M4A1,96,98,0,0,0,False,False,True,234.8437,0.703125
Maniac,CounterTerrorist,1010.209,2783.998,130.1656,M4A1,96,98,0,0,0,False,False,True,234.8437,0.703125
Maniac,CounterTerrorist,1010.209,2783.998,130.1656,M4A1,96,98,0,0,0,False,False,True,234.8437,0.703125
Maniac,CounterTerrorist,1010.209,2783.998,130.1656,M4A1,96,98,0,0,0,False,False,True,234.8437,0.703125
Maniac,CounterTerrorist,1010.209,2783.998,130.1656,M4A1,96,98,0,0,0,False,False,True,234.8437,0.703125
Maniac,CounterTerrorist,1010.209,2783.998,130.1656,M4A1,96,98,0,0,0,False,False,True,234.8437,0.703125
Maniac,CounterTerrorist,1010.209,2783.998,130.1656,Flash,96,98,0,0,0,False,False,True,234.8437,0.703125
Maniac,CounterTerrorist,1010.209,2783.998,130.1656,Flash,96,98,0,0,0,False,False,True,234.8437,0.703125
Maniac,CounterTerrorist,1010.209,2783.998,130.1656,Smoke,96,98,0,0,0,False,False,True,234.8437,0.703125
Maniac,CounterTerrorist,1010.209,2783.998,130.1656,M4A1,96,98,0,0,0,False,False,True,234.8437,0.703125
Maniac,CounterTerrorist,1010.209,2783.998,130.1656,M4A1,96,98,0,0,0,False,False,True,234.8437,0.703125
Maniac,CounterTerrorist,1010.209,2783.998,130.1656,M4A1,96,98,0,0,0,False,False,True,234.8437,0.703125
Maniac,CounterTerrorist,1010.209,2783.998,130.1656,M4A1,96,98,0,0,0,False,False,True,234.8437,0.703125
Maniac,CounterTerrorist,1010.209,2783.998,130.1656,M4A1,96,98,0,0,0,False,False,True,234.8437,0.703125
Maniac,CounterTerrorist,1010.209,2783.998,130.1656,M4A1,96,98,0,0,0,False,False,True,234.8437,0.703125
Maniac,CounterTerrorist,1010.209,2783.998,130.1656,M4A1,96,98,0,0,0,False,False,True,234.8437,0.703125
Maniac,CounterTerrorist,1010.209,2783.998,130.1656,M4A1,96,98,0,0,0,False,False,True,234.8437,0.703125
Maniac,CounterTerrorist,1010.209,2783.998,130.1656,M4A1,96,98,0,0,0,False,False,True,234.8437,0.703125
Maniac,CounterTerrorist,1010.209,2783.998,130.1656,M4A1,96,98,0,0,0,False,False,True,234.8437,0.703125
Maniac,CounterTerrorist,1010.209,2783.998,130.1656,M4A1,96,98,0,0,0,False,False,True,234.8437,0.703125
Maniac,CounterTerrorist,1010.209,2783.998,130.1656,M4A1,96,98,0,0,0,False,False,True,234.8437,0.703125
Maniac,CounterTerrorist,1010.209,2783.998,130.1656,M4A1,96,98,0,0,0,False,False,True,234.8437,0.703125
Maniac,CounterTerrorist,1010.209,2783.998,130.1656,M4A1,96,98,0,0,0,False,False,True,234.8437,0.703125
Maniac,CounterTerrorist,1010.209,2783.998,130.1656,M4A1,96,98,0,0,0,False,False,True,234.4922,0.703125
Maniac,CounterTerrorist,1010.209,2783.998,130.1656,M4A1,96,98,0,0,0,False,False,True,234.4922,0.703125
Maniac,CounterTerrorist,1010.209,2783.998,130.1656,M4A1,96,98,0,0,0,False,False,True,234.4922,0.3515625
Maniac,CounterTerrorist,1010.209,2783.998,130.1656,M4A1,96,98,0,0,0,False,False,True,234.4922,0.3515625
Maniac,CounterTerrorist,1010.209,2783.998,130.1656,M4A1,96,98,0,0,0,False,False,True,234.4922,0.3515625
Maniac,CounterTerrorist,1010.209,2783.998,130.1656,M4A1,96,98,0,0,0,False,False,True,234.4922,0.3515625
Maniac,CounterTerrorist,1010.209,2783.998,130.1656,M4A1,96,98,0,0,0,False,False,True,234.4922,0.3515625
Maniac,CounterTerrorist,1010.209,2783.998,130.1656,M4A1,96,98,0,0,0,False,False,True,234.4922,0.3515625
Maniac,CounterTerrorist,1010.209,2783.998,130.1656,M4A1,96,98,0,0,0,False,False,True,234.4922,0.3515625
Maniac,CounterTerrorist,1010.209,2783.998,130.1656,M4A1,96,98,0,0,0,False,False,True,234.4922,0.3515625
Maniac,CounterTerrorist,1010.209,2783.998,130.1656,M4A1,96,98,0,0,0,False,False,True,234.4922,0.3515625
Maniac,CounterTerrorist,1010.209,2783.998,130.1656,M4A1,96,98,0,0,0,False,False,True,234.4922,0.3515625
Maniac,CounterTerrorist,1010.209,2783.998,130.1656,M4A1,96,98,0,0,0,False,False,True,234.4922,0.3515625
Maniac,CounterTerrorist,1010.209,2783.998,130.1656,M4A1,96,98,0,0,0,False,False,True,234.4922,0.3515625
Maniac,CounterTerrorist,1010.209,2783.998,130.1656,M4A1,96,98,0,0,0,False,False,True,234.4922,0.3515625
Maniac,CounterTerrorist,1010.209,2783.998,130.1656,M4A1,96,98,0,0,0,False,False,True,234.4922,0.3515625
Maniac,CounterTerrorist,1010.209,2783.998,130.1656,M4A1,96,98,0,0,0,False,False,True,234.4922,0.3515625
Maniac,CounterTerrorist,1010.209,2783.998,130.1656,M4A1,96,98,0,0,0,False,False,True,234.4922,0.3515625
Maniac,CounterTerrorist,1010.209,2783.998,130.1656,M4A1,96,98,0,0,0,False,False,True,234.4922,0.3515625
Maniac,CounterTerrorist,1010.209,2783.998,130.1656,M4A1,96,98,0,0,0,False,False,True,234.4922,0.3515625
Maniac,CounterTerrorist,1010.209,2783.998,130.1656,M4A1,96,98,0,0,0,False,False,True,238.0078,1.40625
Maniac,CounterTerrorist,1010.209,2783.998,130.1656,M4A1,96,98,0,0,0,False,False,True,240.1172,1.757813
Maniac,CounterTerrorist,1010.209,2783.998,130.1656,M4A1,96,98,0,0,0,False,False,True,240.4688,1.757813
Maniac,CounterTerrorist,1010.209,2783.998,130.1656,M4A1,96,98,0,0,0,False,False,True,241.1719,1.757813
Maniac,CounterTerrorist,1010.209,2783.998,130.1656,M4A1,96,98,0,0,0,False,False,True,241.1719,1.757813
Maniac,CounterTerrorist,1010.209,2783.998,130.1656,M4A1,96,98,0,0,0,False,False,True,242.9297,1.40625
Maniac,CounterTerrorist,1010.209,2783.998,130.1656,M4A1,96,98,0,0,0,False,False,True,243.2813,1.40625
Maniac,CounterTerrorist,1010.209,2783.998,130.1656,M4A1,96,98,0,0,0,False,False,True,243.2813,1.40625
Maniac,CounterTerrorist,1010.209,2783.998,130.1656,M4A1,96,98,0,0,0,False,False,True,243.2813,1.40625
Maniac,CounterTerrorist,1010.209,2783.998,130.1656,M4A1,96,98,0,0,0,False,False,True,243.6328,1.40625
Maniac,CounterTerrorist,1010.209,2783.998,130.1656,M4A1,96,98,0,0,0,False,False,True,243.9844,1.40625
Maniac,CounterTerrorist,1010.072,2783.717,130.1815,M4A1,96,98,-6.276519,-12.86285,0,False,False,True,243.9844,1.757813
Maniac,CounterTerrorist,1009.326,2782.186,130.2878,M4A1,96,98,-16.31023,-33.55882,0,False,False,True,244.3359,1.757813
Maniac,CounterTerrorist,1007.959,2779.359,130.4571,M4A1,96,98,-26.16311,-54.34187,0,False,False,True,244.6875,2.109375
Maniac,CounterTerrorist,1005.985,2775.232,130.7042,M4A1,96,98,-35.7069,-74.94324,0,False,False,True,244.6875,2.109375
Maniac,CounterTerrorist,1003.475,2769.945,131.0204,M4A1,96,98,-43.29069,-91.36308,0,False,False,True,244.6875,2.109375
Maniac,CounterTerrorist,1000.583,2763.831,131.3861,M4A1,96,98,-46.45804,-98.30956,0,False,False,True,244.6875,2.109375
Maniac,CounterTerrorist,998.1286,2758.637,131.6967,M4A1,96,98,-34.21896,-72.41052,0,False,False,True,244.6875,2.109375
Maniac,CounterTerrorist,996.3348,2754.842,131.9236,M4A1,96,98,-24.4906,-51.82441,0,False,False,True,245.0391,2.109375
Maniac,CounterTerrorist,995.1421,2752.318,132.0599,M4A1,96,98,-14.8772,-31.48154,0,False,False,True,244.6875,2.109375
Maniac,CounterTerrorist,994.0182,2749.941,132.2167,M4A1,96,98,-22.3045,-47.11989,0,False,False,True,244.6875,2.109375
Maniac,CounterTerrorist,992.2762,2746.266,132.4366,M4A1,96,98,-32.19926,-67.88271,0,False,False,True,244.6875,2.109375
Maniac,CounterTerrorist,989.9459,2741.354,132.7303,M4A1,96,98,-40.84461,-86.09768,0,False,False,True,244.6875,2.460938
Maniac,CounterTerrorist,987.163,2735.479,133.0818,M4A1,96,98,-47.09673,-99.56867,0,False,False,True,244.6875,2.460938
Maniac,CounterTerrorist,984.3198,2729.466,133.4414,M4A1,96,98,-40.47936,-85.61343,0,False,False,True,244.6875,2.460938
Maniac,CounterTerrorist,982.1818,2724.944,133.7118,M4A1,96,98,-29.77477,-62.97333,0,False,False,True,244.3359,2.460938
Maniac,CounterTerrorist,980.6589,2721.723,133.9044,M4A1,96,98,-20.15726,-42.63239,0,False,False,True,244.3359,2.460938
Maniac,CounterTerrorist,979.7372,2719.774,134.0106,M4A1,96,98,-10.53975,-22.29147,0,False,False,True,244.3359,2.460938
Maniac,CounterTerrorist,979.4166,2719.096,134.0508,M4A1,96,98,-0.9222453,-1.950539,0,False,False,True,244.3359,2.460938
Maniac,CounterTerrorist,979.6087,2719.499,134.0374,M4A1,96,98,7.386518,15.51933,0,False,False,True,244.6875,2.460938
Maniac,CounterTerrorist,980.223,2721.206,133.9373,M4A1,96,98,5.125036,36.62996,0,False,False,True,244.3359,2.460938
Maniac,CounterTerrorist,979.92,2724.147,133.7791,M4A1,96,98,-15.72576,51.32267,0,False,False,True,244.3359,2.460938
Maniac,CounterTerrorist,978.4184,2727.037,133.6361,M4A1,96,98,-21.27313,38.50272,0,False,False,True,244.3359,2.460938
Maniac,CounterTerrorist,977.5172,2728.819,133.5477,M4A1,96,98,0.7340417,11.23065,0,False,False,True,244.3359,2.460938
Maniac,CounterTerrorist,978.2575,2728.679,133.543,M4A1,96,98,20.94563,-8.311061,0,False,False,True,244.3359,2.460938
Maniac,CounterTerrorist,979.8808,2727.97,133.559,M4A1,96,98,20.81207,-9.215299,0,False,False,True,244.3359,2.460938
Maniac,CounterTerrorist,980.4564,2727.716,133.5748,M4A1,96,98,0,0,0,False,False,True,244.3359,2.460938
Maniac,CounterTerrorist,980.4564,2727.716,133.5748,M4A1,96,98,0,0,0,False,False,True,244.3359,2.460938
Maniac,CounterTerrorist,980.4564,2727.716,133.5748,M4A1,96,98,0,0,0,False,False,True,244.3359,2.460938
Maniac,CounterTerrorist,980.4564,2727.716,133.5748,M4A1,96,98,0,0,0,False,False,True,244.3359,2.460938
Maniac,CounterTerrorist,980.4564,2727.716,133.5748,M4A1,96,98,0,0,0,False,False,True,244.3359,2.460938
Maniac,CounterTerrorist,980.4564,2727.716,133.5748,M4A1,96,98,0,0,0,False,False,True,244.3359,2.460938
Maniac,CounterTerrorist,980.4564,2727.716,133.5748,M4A1,96,98,0,0,0,False,False,True,244.6875,2.109375
Maniac,CounterTerrorist,980.4564,2727.716,133.5748,M4A1,96,98,0,0,0,False,False,True,244.6875,2.109375
Maniac,CounterTerrorist,980.4564,2727.716,133.5748,M4A1,96,98,0,0,0,False,False,True,243.9844,1.757813
Maniac,CounterTerrorist,980.4564,2727.716,133.5748,M4A1,96,98,0,0,0,False,False,True,243.9844,1.757813
Maniac,CounterTerrorist,980.4564,2727.716,133.5748,M4A1,96,98,0,0,0,False,False,True,243.9844,1.757813
Maniac,CounterTerrorist,980.4564,2727.716,133.5748,M4A1,96,98,0,0,0,False,False,True,243.9844,1.757813
Maniac,CounterTerrorist,980.4564,2727.716,133.5748,M4A1,96,98,0,0,0,False,False,True,243.9844,1.757813
Maniac,CounterTerrorist,980.4564,2727.716,133.5748,M4A1,96,98,0,0,0,False,False,True,243.9844,1.757813
Maniac,CounterTerrorist,980.4564,2727.716,133.5748,M4A1,96,98,0,0,0,False,False,True,243.6328,1.40625
Maniac,CounterTerrorist,980.4564,2727.716,133.5748,M4A1,96,98,0,0,0,False,False,True,243.6328,1.054688
Maniac,CounterTerrorist,980.6362,2727.626,133.5748,M4A1,96,98,10.24573,-5.083449,0,False,False,True,243.6328,1.054688
Maniac,CounterTerrorist,981.8825,2727.01,133.5925,M4A1,96,98,20.68151,-10.20554,0,False,False,True,243.6328,1.40625
Maniac,CounterTerrorist,982.0953,2726.905,133.6051,M4A1,96,98,-10.25991,5.054758,0,False,False,True,243.6328,1.40625
Maniac,CounterTerrorist,980.6266,2727.628,133.5807,M4A1,96,98,-18.16509,8.949408,0,False,False,True,243.6328,1.40625
Maniac,CounterTerrorist,980.907,2727.49,133.579,M4A1,96,98,15.02545,-7.402596,0,False,False,True,243.6328,1.054688
Maniac,CounterTerrorist,982.0536,2726.926,133.5965,M4A1,96,98,5.046014,-2.485622,0,False,False,True,243.6328,1.054688
Maniac,CounterTerrorist,981.1465,2727.372,133.5893,M4A1,96,98,-23.22105,11.41485,0,False,False,True,243.6328,1.054688
Maniac,CounterTerrorist,981.2429,2727.325,133.5863,M4A1,96,98,12.84449,-6.314013,0,False,False,True,243.6328,1.40625
Maniac,CounterTerrorist,982.532,2726.69,133.6043,M4A1,96,98,18.17003,-8.939379,0,False,False,True,243.6328,1.40625
Maniac,CounterTerrorist,982.3162,2726.797,133.6043,M4A1,96,98,-15.42717,7.577048,0,False,False,True,243.9844,1.054688
Maniac,CounterTerrorist,981.7901,2727.055,133.5984,M4A1,96,98,7.710752,-3.722997,0,False,False,True,244.3359,1.054688
Maniac,CounterTerrorist,982.6,2726.664,133.5984,M4A1,96,98,7.935882,-3.831697,0,False,False,True,244.3359,1.054688
Maniac,CounterTerrorist,981.8953,2727.004,133.5984,M4A1,96,98,-20.64736,9.990731,0,False,False,True,243.9844,1.054688
Maniac,CounterTerrorist,981.485,2727.201,133.5935,M4A1,96,98,7.665267,-3.815768,0,False,False,True,243.6328,0.703125
Maniac,CounterTerrorist,982.5684,2726.662,133.6111,M4A1,96,98,18.06968,-9.001202,0,False,False,True,243.6328,0.703125
Maniac,CounterTerrorist,982.6567,2726.618,133.6111,M4A1,96,98,-2.629302,1.309839,0,False,False,True,243.6328,0.703125
Maniac,CounterTerrorist,982.9364,2726.479,133.6111,M4A1,96,98,12.81085,-6.381981,0,False,False,True,243.6328,0.703125
Maniac,CounterTerrorist,984.4203,2725.738,133.6449,M4A1,96,98,28.28888,-14.13784,0,False,False,True,243.2813,1.054688
Maniac,CounterTerrorist,985.4809,2725.208,133.6619,M4A1,96,98,8.162395,-4.079293,0,False,False,True,243.2813,1.054688
Maniac,CounterTerrorist,985.5495,2725.174,133.6619,M4A1,96,98,0,0,0,False,False,True,243.2813,1.054688
Maniac,CounterTerrorist,985.5495,2725.174,133.6619,M4A1,96,98,0,0,0,False,False,True,243.2813,1.054688
Maniac,CounterTerrorist,985.3493,2724.774,133.6809,M4A1,96,98,-7.704681,-15.36386,0,False,False,True,243.2813,1.054688
Maniac,CounterTerrorist,984.5831,2723.446,133.769,M4A1,96,98,-22.06779,-27.02169,0,False,False,True,243.6328,1.054688
Maniac,CounterTerrorist,983.2526,2721.958,133.8645,M4A1,96,98,-15.07804,-17.08877,0,False,False,True,243.6328,1.054688
Maniac,CounterTerrorist,982.8351,2721.485,133.8839,M4A1,96,98,0,0,0,False,False,True,243.6328,1.054688
Maniac,CounterTerrorist,982.8351,2721.485,133.8839,M4A1,96,98,0,0,0,False,False,True,243.6328,1.054688
Maniac,CounterTerrorist,982.8351,2721.485,133.8839,M4A1,96,98,0,0,0,False,False,True,243.9844,1.40625
Maniac,CounterTerrorist,982.8351,2721.485,133.8839,M4A1,96,98,0,0,0,False,False,True,243.9844,1.40625
Maniac,CounterTerrorist,983.176,2722.189,133.8526,M4A1,96,98,9.991521,20.647,0,False,False,True,243.9844,1.40625
Maniac,CounterTerrorist,984.1334,2724.167,133.7341,M4A1,96,98,17.5328,36.2307,0,False,False,True,243.9844,1.40625
Maniac,CounterTerrorist,984.8846,2725.719,133.6411,M4A1,96,98,7.731857,15.97751,0,False,False,True,243.2813,1.054688
Maniac,CounterTerrorist,985.043,2726.046,133.6215,M4A1,96,98,0,0,0,False,False,True,243.2813,1.054688
Maniac,CounterTerrorist,984.5816,2726.278,133.6136,M4A1,96,98,-5.251645,2.6336,0,False,False,True,243.2813,1.054688
Maniac,CounterTerrorist,984.5602,2726.289,133.6133,M4A1,96,98,0,0,0,False,False,True,243.2813,1.054688
Maniac,CounterTerrorist,984.5602,2726.289,133.6133,M4A1,96,98,0,0,0,False,False,True,243.6328,1.054688
Maniac,CounterTerrorist,984.5602,2726.289,133.6133,M4A1,96,98,0,0,0,False,False,True,243.6328,1.054688
Maniac,CounterTerrorist,984.5602,2726.289,133.6133,M4A1,96,98,0,0,0,False,False,True,243.6328,1.054688
Maniac,CounterTerrorist,984.5602,2726.289,133.6133,M4A1,96,98,0,0,0,False,False,True,243.6328,1.40625
Maniac,CounterTerrorist,984.5602,2726.289,133.6133,M4A1,96,98,0,0,0,False,False,True,242.2266,1.40625
Maniac,CounterTerrorist,984.5602,2726.289,133.6133,M4A1,96,98,0,0,0,False,False,True,235.8984,1.757813
Maniac,CounterTerrorist,984.5602,2726.289,133.6133,M4A1,96,98,0,0,0,False,False,True,230.2734,1.054688
Maniac,CounterTerrorist,984.5602,2726.289,133.6133,M4A1,96,98,0,0,0,False,False,True,230.2734,1.054688
Maniac,CounterTerrorist,984.5602,2726.289,133.6133,M4A1,96,98,0,0,0,False,False,True,230.2734,1.054688
Maniac,CounterTerrorist,984.5602,2726.289,133.6133,M4A1,96,98,0,0,0,False,False,True,230.2734,1.054688
Maniac,CounterTerrorist,984.5602,2726.289,133.6133,M4A1,96,98,0,0,0,False,False,True,230.2734,0.703125
Maniac,CounterTerrorist,984.5602,2726.289,133.6133,M4A1,96,98,0,0,0,False,False,True,229.9219,0.703125
Maniac,CounterTerrorist,984.5602,2726.289,133.6133,M4A1,96,98,0,0,0,False,False,True,229.5703,1.054688
Maniac,CounterTerrorist,984.5602,2726.289,133.6133,M4A1,96,98,0,0,0,False,False,True,229.2188,1.40625
Maniac,CounterTerrorist,984.5602,2726.289,133.6133,M4A1,96,98,0,0,0,False,False,True,229.2188,1.40625
Maniac,CounterTerrorist,984.5602,2726.289,133.6133,M4A1,96,98,0,0,0,False,False,True,229.2188,1.40625
Maniac,CounterTerrorist,984.5602,2726.289,133.6133,M4A1,96,98,0,0,0,False,False,True,229.2188,1.40625
Maniac,CounterTerrorist,984.5602,2726.289,133.6133,M4A1,96,98,0,0,0,False,False,True,229.2188,1.40625
Maniac,CounterTerrorist,984.5602,2726.289,133.6133,M4A1,96,98,0,0,0,False,False,True,229.2188,1.40625
Maniac,CounterTerrorist,984.5602,2726.289,133.6133,M4A1,96,98,0,0,0,False,False,True,233.4375,1.40625
Maniac,CounterTerrorist,984.5602,2726.289,133.6133,M4A1,96,98,0,0,0,False,False,True,243.2813,1.757813
Maniac,CounterTerrorist,984.5602,2726.289,133.6133,M4A1,96,98,0,0,0,False,False,True,243.6328,1.757813
Maniac,CounterTerrorist,984.5602,2726.289,133.6133,M4A1,96,98,0,0,0,False,False,True,243.6328,1.757813
Maniac,CounterTerrorist,984.5602,2726.289,133.6133,M4A1,96,98,0,0,0,False,False,True,243.9844,1.757813
Maniac,CounterTerrorist,984.5602,2726.289,133.6133,M4A1,96,98,0,0,0,False,False,True,243.9844,2.109375
Maniac,CounterTerrorist,984.5602,2726.289,133.6133,M4A1,96,98,0,0,0,False,False,True,243.6328,2.460938
Maniac,CounterTerrorist,984.5602,2726.289,133.6133,M4A1,96,98,0,0,0,False,False,True,243.6328,2.460938
Maniac,CounterTerrorist,984.5602,2726.289,133.6133,M4A1,96,98,0,0,0,False,False,True,243.6328,2.460938
Maniac,CounterTerrorist,984.5602,2726.289,133.6133,M4A1,96,98,0,0,0,False,False,True,243.6328,2.460938
Maniac,CounterTerrorist,984.5602,2726.289,133.6133,M4A1,96,98,0,0,0,False,False,True,243.9844,2.460938
Maniac,CounterTerrorist,984.5602,2726.289,133.6133,M4A1,96,98,0,0,0,False,False,True,243.9844,2.460938
Maniac,CounterTerrorist,984.5602,2726.289,133.6133,M4A1,96,98,0,0,0,False,False,True,243.9844,2.460938
Maniac,CounterTerrorist,984.5602,2726.289,133.6133,M4A1,96,98,0,0,0,False,False,True,243.9844,2.460938
Maniac,CounterTerrorist,984.5602,2726.289,133.6133,M4A1,96,98,0,0,0,False,False,True,244.6875,2.109375
Maniac,CounterTerrorist,984.5602,2726.289,133.6133,M4A1,96,98,0,0,0,False,False,True,244.6875,2.109375
Maniac,CounterTerrorist,984.5602,2726.289,133.6133,M4A1,96,98,0,0,0,False,False,True,245.0391,2.109375
Maniac,CounterTerrorist,984.5602,2726.289,133.6133,M4A1,96,98,0,0,0,False,False,True,245.0391,2.109375
Maniac,CounterTerrorist,984.5602,2726.289,133.6133,M4A1,96,98,0,0,0,False,False,True,245.0391,2.109375
Maniac,CounterTerrorist,984.5602,2726.289,133.6133,M4A1,96,98,0,0,0,False,False,True,245.0391,2.109375
Maniac,CounterTerrorist,984.5602,2726.289,133.6133,M4A1,96,98,0,0,0,False,False,True,245.0391,1.757813
Maniac,CounterTerrorist,984.5602,2726.289,133.6133,M4A1,96,98,0,0,0,False,False,True,245.0391,1.757813
Maniac,CounterTerrorist,984.5602,2726.289,133.6133,M4A1,96,98,0,0,0,False,False,True,245.0391,1.757813
Maniac,CounterTerrorist,984.5602,2726.289,133.6133,M4A1,96,98,0,0,0,False,False,True,245.0391,2.109375
Maniac,CounterTerrorist,984.5602,2726.289,133.6133,M4A1,96,98,0,0,0,False,False,True,244.3359,1.40625
Maniac,CounterTerrorist,984.5602,2726.289,133.6133,M4A1,96,98,0,0,0,False,False,True,244.3359,1.40625
Maniac,CounterTerrorist,984.5602,2726.289,133.6133,M4A1,96,98,0,0,0,False,False,True,244.3359,1.40625
Maniac,CounterTerrorist,984.5602,2726.289,133.6133,M4A1,96,98,0,0,0,False,False,True,244.3359,1.40625
Maniac,CounterTerrorist,984.5602,2726.289,133.6133,M4A1,96,98,0,0,0,False,False,True,244.3359,1.40625
Maniac,CounterTerrorist,984.5602,2726.289,133.6133,M4A1,96,98,0,0,0,False,False,True,244.3359,1.40625
Maniac,CounterTerrorist,984.5602,2726.289,133.6133,M4A1,96,98,0,0,0,False,False,True,244.3359,1.40625
Maniac,CounterTerrorist,984.5602,2726.289,133.6133,M4A1,96,98,0,0,0,False,False,True,244.3359,1.40625
Maniac,CounterTerrorist,984.5602,2726.289,133.6133,M4A1,96,98,0,0,0,False,False,True,244.3359,1.40625
Maniac,CounterTerrorist,984.5602,2726.289,133.6133,M4A1,96,98,0,0,0,False,False,True,244.3359,1.40625
Maniac,CounterTerrorist,984.5602,2726.289,133.6133,M4A1,96,98,0,0,0,False,False,True,244.3359,1.40625
Maniac,CounterTerrorist,984.5602,2726.289,133.6133,M4A1,96,98,0,0,0,False,False,True,244.3359,1.40625
Maniac,CounterTerrorist,984.5602,2726.289,133.6133,M4A1,96,98,0,0,0,False,False,True,244.3359,1.40625
Maniac,CounterTerrorist,984.5602,2726.289,133.6133,M4A1,96,98,0,0,0,False,False,True,244.3359,1.40625
Maniac,CounterTerrorist,984.5602,2726.289,133.6133,M4A1,96,98,0,0,0,False,False,True,244.3359,1.40625
Maniac,CounterTerrorist,984.5602,2726.289,133.6133,M4A1,96,98,0,0,0,False,False,True,244.3359,1.40625
Maniac,CounterTerrorist,984.5602,2726.289,133.6133,M4A1,96,98,0,0,0,False,False,True,244.3359,1.40625
Maniac,CounterTerrorist,984.5602,2726.289,133.6133,M4A1,96,98,0,0,0,False,False,True,244.3359,1.40625
Maniac,CounterTerrorist,984.5602,2726.289,133.6133,M4A1,96,98,0,0,0,False,False,True,244.3359,1.40625
Maniac,CounterTerrorist,984.5602,2726.289,133.6133,M4A1,96,98,0,0,0,False,False,True,244.3359,1.40625
Maniac,CounterTerrorist,984.5602,2726.289,133.6133,M4A1,96,98,0,0,0,False,False,True,244.3359,1.40625
Maniac,CounterTerrorist,984.5602,2726.289,133.6133,M4A1,96,98,0,0,0,False,False,True,244.3359,1.40625
Maniac,CounterTerrorist,984.5602,2726.289,133.6133,M4A1,96,98,0,0,0,False,False,True,244.3359,1.40625
Maniac,CounterTerrorist,984.5602,2726.289,133.6133,M4A1,96,98,0,0,0,False,False,True,244.3359,1.40625
Maniac,CounterTerrorist,984.5602,2726.289,133.6133,M4A1,96,98,0,0,0,False,False,True,244.3359,1.40625
Maniac,CounterTerrorist,984.5602,2726.289,133.6133,M4A1,96,98,0,0,0,False,False,True,244.3359,1.40625
Maniac,CounterTerrorist,984.5602,2726.289,133.6133,M4A1,96,98,0,0,0,False,False,True,244.3359,1.40625
Maniac,CounterTerrorist,984.5602,2726.289,133.6133,M4A1,96,98,0,0,0,False,False,True,244.3359,1.40625
Maniac,CounterTerrorist,984.5602,2726.289,133.6133,M4A1,96,98,0,0,0,False,False,True,244.3359,1.40625
Maniac,CounterTerrorist,984.5602,2726.289,133.6133,M4A1,96,98,0,0,0,False,False,True,244.3359,1.40625
Maniac,CounterTerrorist,984.5602,2726.289,133.6133,M4A1,96,98,0,0,0,False,False,True,244.3359,1.40625
Maniac,CounterTerrorist,984.5602,2726.289,133.6133,M4A1,96,98,0,0,0,False,False,True,244.3359,1.40625
Maniac,CounterTerrorist,984.5602,2726.289,133.6133,M4A1,96,98,0,0,0,False,False,True,244.3359,1.40625
Maniac,CounterTerrorist,984.5602,2726.289,133.6133,M4A1,96,98,0,0,0,False,False,True,244.3359,1.40625
Maniac,CounterTerrorist,984.5602,2726.289,133.6133,M4A1,96,98,0,0,0,False,False,True,244.3359,1.40625
Maniac,CounterTerrorist,984.5602,2726.289,133.6133,M4A1,96,98,0,0,0,False,False,True,244.3359,1.40625
Maniac,CounterTerrorist,984.5602,2726.289,133.6133,M4A1,96,98,0,0,0,False,False,True,244.3359,1.40625
Maniac,CounterTerrorist,984.5602,2726.289,133.6133,M4A1,96,98,0,0,0,False,False,True,244.3359,1.40625
Maniac,CounterTerrorist,984.5602,2726.289,133.6133,M4A1,96,98,0,0,0,False,False,True,244.3359,1.40625
Maniac,CounterTerrorist,984.5602,2726.289,133.6133,M4A1,96,98,0,0,0,False,False,True,243.6328,1.757813
Maniac,CounterTerrorist,984.5602,2726.289,133.6133,M4A1,96,98,0,0,0,False,False,True,244.6875,1.054688
Maniac,CounterTerrorist,984.5602,2726.289,133.6133,M4A1,96,98,0,0,0,False,False,True,244.6875,1.054688
Maniac,CounterTerrorist,984.5602,2726.289,133.6133,M4A1,96,98,0,0,0,False,False,True,244.6875,1.054688
Maniac,CounterTerrorist,984.5602,2726.289,133.6133,M4A1,96,98,0,0,0,False,False,True,244.6875,1.054688
Maniac,CounterTerrorist,984.5602,2726.289,133.6133,M4A1,96,98,0,0,0,False,False,True,244.6875,1.054688
Maniac,CounterTerrorist,984.5602,2726.289,133.6133,M4A1,96,98,0,0,0,False,False,True,245.3906,1.757813
Maniac,CounterTerrorist,984.5602,2726.289,133.6133,M4A1,96,98,0,0,0,False,False,True,244.6875,2.109375
Maniac,CounterTerrorist,984.5602,2726.289,133.6133,M4A1,96,98,0,0,0,False,False,True,245.0391,2.8125
Maniac,CounterTerrorist,984.5602,2726.289,133.6133,M4A1,96,98,0,0,0,False,False,True,245.3906,3.515625
Maniac,CounterTerrorist,984.5602,2726.289,133.6133,M4A1,96,98,0,0,0,False,False,True,246.0938,3.515625
Maniac,CounterTerrorist,984.5602,2726.289,133.6133,M4A1,96,98,0,0,0,False,False,True,246.4453,3.867188
Maniac,CounterTerrorist,984.5602,2726.289,133.6133,M4A1,96,98,0,0,0,False,False,True,246.4453,3.867188
Maniac,CounterTerrorist,984.5602,2726.289,133.6133,M4A1,96,98,0,0,0,False,False,True,246.7969,3.867188
Maniac,CounterTerrorist,984.5602,2726.289,133.6133,M4A1,96,98,0,0,0,False,False,True,247.1484,3.867188
Maniac,CounterTerrorist,984.5602,2726.289,133.6133,M4A1,96,98,0,0,0,False,False,True,247.5,3.867188
Maniac,CounterTerrorist,984.5602,2726.289,133.6133,M4A1,96,98,0,0,0,False,False,True,245.7422,3.164063
Maniac,CounterTerrorist,984.5602,2726.289,133.6133,M4A1,96,98,0,0,0,False,False,True,245.7422,3.164063
Maniac,CounterTerrorist,984.5602,2726.289,133.6133,M4A1,96,98,0,0,0,False,False,True,245.7422,3.164063
Maniac,CounterTerrorist,984.5602,2726.289,133.6133,M4A1,96,98,0,0,0,False,False,True,245.7422,3.164063
Maniac,CounterTerrorist,984.5602,2726.289,133.6133,M4A1,96,98,0,0,0,False,False,True,245.7422,2.8125
Maniac,CounterTerrorist,984.5602,2726.289,133.6133,M4A1,96,98,0,0,0,False,False,True,245.7422,2.460938
Maniac,CounterTerrorist,984.5602,2726.289,133.6133,M4A1,96,98,0,0,0,False,False,True,246.0938,2.460938
Maniac,CounterTerrorist,984.5602,2726.289,133.6133,M4A1,96,98,0,0,0,False,False,True,246.0938,2.460938
Maniac,CounterTerrorist,984.5602,2726.289,133.6133,M4A1,96,98,0,0,0,False,False,True,246.0938,2.460938
Maniac,CounterTerrorist,984.5602,2726.289,133.6133,M4A1,96,98,0,0,0,False,False,True,246.0938,2.460938
Maniac,CounterTerrorist,984.5602,2726.289,133.6133,M4A1,96,98,0,0,0,False,False,True,246.0938,2.109375
Maniac,CounterTerrorist,984.5602,2726.289,133.6133,M4A1,96,98,0,0,0,False,False,True,245.7422,1.757813
Maniac,CounterTerrorist,984.5602,2726.289,133.6133,M4A1,96,98,0,0,0,False,False,True,246.0938,1.40625
Maniac,CounterTerrorist,984.5602,2726.289,133.6133,M4A1,96,98,0,0,0,False,False,True,246.0938,1.40625
Maniac,CounterTerrorist,984.5602,2726.289,133.6133,M4A1,96,98,0,0,0,False,False,True,246.0938,1.40625
Maniac,CounterTerrorist,984.5602,2726.289,133.6133,M4A1,96,98,0,0,0,False,False,True,246.0938,1.40625
Maniac,CounterTerrorist,984.5602,2726.289,133.6133,M4A1,96,98,0,0,0,False,False,True,246.0938,1.40625
Maniac,CounterTerrorist,984.5602,2726.289,133.6133,M4A1,96,98,0,0,0,False,False,True,246.0938,1.40625
Maniac,CounterTerrorist,984.5602,2726.289,133.6133,M4A1,96,98,0,0,0,False,False,True,246.0938,1.40625
Maniac,CounterTerrorist,984.5602,2726.289,133.6133,M4A1,96,98,0,0,0,False,False,True,246.0938,1.40625
Maniac,CounterTerrorist,984.5602,2726.289,133.6133,M4A1,96,98,0,0,0,False,False,True,246.0938,2.109375
Maniac,CounterTerrorist,984.5602,2726.289,133.6133,M4A1,96,98,0,0,0,False,False,True,246.4453,2.109375
Maniac,CounterTerrorist,984.5602,2726.289,133.6133,M4A1,96,98,0,0,0,False,False,True,247.8516,1.40625
Maniac,CounterTerrorist,984.5602,2726.289,133.6133,M4A1,96,98,0,0,0,False,False,True,247.8516,1.757813
Maniac,CounterTerrorist,984.5602,2726.289,133.6133,M4A1,96,98,0,0,0,False,False,True,246.4453,1.757813
Maniac,CounterTerrorist,984.5602,2726.289,133.6133,M4A1,96,98,0,0,0,False,False,True,246.0938,1.054688
Maniac,CounterTerrorist,984.5602,2726.289,133.6133,M4A1,96,98,0,0,0,False,False,True,246.0938,1.054688
Maniac,CounterTerrorist,984.5602,2726.289,133.6133,M4A1,96,98,0,0,0,False,False,True,246.0938,1.054688
Maniac,CounterTerrorist,984.5602,2726.289,133.6133,M4A1,96,98,0,0,0,False,False,True,246.0938,1.054688
Maniac,CounterTerrorist,984.5602,2726.289,133.6133,M4A1,96,98,0,0,0,False,False,True,246.0938,1.054688
Maniac,CounterTerrorist,984.5602,2726.289,133.6133,M4A1,96,98,0,0,0,False,False,True,246.0938,1.054688
Maniac,CounterTerrorist,984.5602,2726.289,133.6133,M4A1,96,98,0,0,0,False,False,True,246.0938,1.054688
Maniac,CounterTerrorist,984.5602,2726.289,133.6133,M4A1,96,98,0,0,0,False,False,True,246.0938,1.054688
Maniac,CounterTerrorist,984.5602,2726.289,133.6133,M4A1,96,98,0,0,0,False,False,True,245.7422,1.054688
Maniac,CounterTerrorist,984.5602,2726.289,133.6133,M4A1,96,98,0,0,0,False,False,True,245.7422,1.054688
Maniac,CounterTerrorist,984.5602,2726.289,133.6133,M4A1,96,98,0,0,0,False,False,True,245.3906,1.40625
Maniac,CounterTerrorist,984.5602,2726.289,133.6133,M4A1,96,98,0,0,0,False,False,True,245.3906,1.40625
Maniac,CounterTerrorist,984.5602,2726.289,133.6133,M4A1,96,98,0,0,0,False,False,True,245.3906,1.40625
Maniac,CounterTerrorist,984.5602,2726.289,133.6133,M4A1,96,98,0,0,0,False,False,True,245.3906,1.40625
Maniac,CounterTerrorist,984.5602,2726.289,133.6133,M4A1,96,98,0,0,0,False,False,True,245.3906,1.40625
Maniac,CounterTerrorist,984.5602,2726.289,133.6133,M4A1,96,98,0,0,0,False,False,True,245.3906,1.40625
Maniac,CounterTerrorist,984.5602,2726.289,133.6133,M4A1,96,98,0,0,0,False,False,True,245.3906,1.40625
Maniac,CounterTerrorist,984.5602,2726.289,133.6133,M4A1,96,98,0,0,0,False,False,True,245.3906,1.40625
Maniac,CounterTerrorist,984.5602,2726.289,133.6133,M4A1,96,98,0,0,0,False,False,True,245.3906,1.40625
Maniac,CounterTerrorist,984.5602,2726.289,133.6133,M4A1,96,98,0,0,0,False,False,True,245.3906,1.40625
Maniac,CounterTerrorist,984.5602,2726.289,133.6133,M4A1,96,98,0,0,0,False,False,True,245.3906,1.757813
Maniac,CounterTerrorist,984.5602,2726.289,133.6133,M4A1,96,98,0,0,0,False,False,True,245.3906,1.757813
Maniac,CounterTerrorist,984.5602,2726.289,133.6133,M4A1,96,98,0,0,0,False,False,True,245.3906,1.757813
Maniac,CounterTerrorist,984.5602,2726.289,133.6133,M4A1,96,98,0,0,0,False,False,True,245.3906,1.757813
Maniac,CounterTerrorist,984.5602,2726.289,133.6133,M4A1,96,98,0,0,0,False,False,True,245.3906,1.757813
Maniac,CounterTerrorist,984.5602,2726.289,133.6133,M4A1,96,98,0,0,0,False,False,True,245.3906,1.757813
Maniac,CounterTerrorist,984.5602,2726.289,133.6133,M4A1,96,98,0,0,0,False,False,True,245.3906,1.757813
Maniac,CounterTerrorist,984.5602,2726.289,133.6133,M4A1,96,98,0,0,0,False,False,True,245.3906,1.757813
Maniac,CounterTerrorist,984.5602,2726.289,133.6133,M4A1,96,98,0,0,0,False,False,True,245.3906,1.757813
Maniac,CounterTerrorist,984.5602,2726.289,133.6133,M4A1,96,98,0,0,0,False,False,True,245.3906,1.757813
Maniac,CounterTerrorist,984.5602,2726.289,133.6133,M4A1,96,98,0,0,0,False,False,True,245.3906,1.757813
Maniac,CounterTerrorist,984.5602,2726.289,133.6133,M4A1,96,98,0,0,0,False,False,True,245.3906,1.757813
Maniac,CounterTerrorist,984.5602,2726.289,133.6133,M4A1,96,98,0,0,0,False,False,True,245.3906,1.757813
Maniac,CounterTerrorist,984.5602,2726.289,133.6133,M4A1,96,98,0,0,0,False,False,True,245.3906,1.757813
Maniac,CounterTerrorist,984.5602,2726.289,133.6133,M4A1,96,98,0,0,0,False,False,True,245.3906,1.757813
Maniac,CounterTerrorist,984.5602,2726.289,133.6133,M4A1,96,98,0,0,0,False,False,True,245.3906,1.757813
Maniac,CounterTerrorist,984.5602,2726.289,133.6133,M4A1,96,98,0,0,0,False,False,True,245.3906,1.757813
Maniac,CounterTerrorist,984.5602,2726.289,133.6133,M4A1,96,98,0,0,0,False,False,True,245.3906,1.757813
Maniac,CounterTerrorist,984.5602,2726.289,133.6133,M4A1,96,98,0,0,0,False,False,True,245.3906,1.757813
Maniac,CounterTerrorist,984.5602,2726.289,133.6133,M4A1,96,98,0,0,0,False,False,True,245.3906,1.757813
Maniac,CounterTerrorist,984.5602,2726.289,133.6133,M4A1,96,98,0,0,0,False,False,True,245.3906,1.757813
Maniac,CounterTerrorist,984.5602,2726.289,133.6133,M4A1,96,98,0,0,0,False,False,True,245.3906,1.757813
Maniac,CounterTerrorist,984.5602,2726.289,133.6133,M4A1,96,98,0,0,0,False,False,True,245.3906,1.757813
Maniac,CounterTerrorist,984.5602,2726.289,133.6133,M4A1,96,98,0,0,0,False,False,True,245.3906,1.757813
Maniac,CounterTerrorist,984.5602,2726.289,133.6133,M4A1,96,98,0,0,0,False,False,True,245.3906,1.757813
Maniac,CounterTerrorist,984.5602,2726.289,133.6133,M4A1,96,98,0,0,0,False,False,True,245.3906,1.757813
Maniac,CounterTerrorist,984.5602,2726.289,133.6133,M4A1,96,98,0,0,0,False,False,True,245.3906,1.757813
Maniac,CounterTerrorist,984.5602,2726.289,133.6133,M4A1,96,98,0,0,0,False,False,True,245.3906,1.757813
Maniac,CounterTerrorist,984.5602,2726.289,133.6133,M4A1,96,98,0,0,0,False,False,True,245.3906,1.757813
Maniac,CounterTerrorist,984.5602,2726.289,133.6133,M4A1,96,98,0,0,0,False,False,True,245.3906,1.757813
Maniac,CounterTerrorist,984.5602,2726.289,133.6133,M4A1,96,98,0,0,0,False,False,True,245.3906,1.757813
Maniac,CounterTerrorist,984.5602,2726.289,133.6133,M4A1,96,98,0,0,0,False,False,True,245.3906,1.757813
Maniac,CounterTerrorist,984.5602,2726.289,133.6133,M4A1,96,98,0,0,0,False,False,True,245.3906,1.757813
Maniac,CounterTerrorist,984.5602,2726.289,133.6133,M4A1,96,98,0,0,0,False,False,True,245.3906,2.109375
Maniac,CounterTerrorist,984.5602,2726.289,133.6133,M4A1,96,98,0,0,0,False,False,True,245.3906,2.109375
Maniac,CounterTerrorist,984.5602,2726.289,133.6133,M4A1,96,98,0,0,0,False,False,True,245.3906,2.109375
Maniac,CounterTerrorist,984.5602,2726.289,133.6133,M4A1,96,98,0,0,0,False,False,True,245.3906,2.109375
Maniac,CounterTerrorist,984.5602,2726.289,133.6133,M4A1,96,98,0,0,0,False,False,True,245.3906,2.109375
Maniac,CounterTerrorist,984.5602,2726.289,133.6133,M4A1,96,98,0,0,0,False,False,True,245.3906,2.109375
Maniac,CounterTerrorist,984.5602,2726.289,133.6133,M4A1,96,98,0,0,0,False,False,True,245.0391,2.109375
Maniac,CounterTerrorist,984.5602,2726.289,133.6133,M4A1,96,98,0,0,0,False,False,True,244.6875,2.109375
Maniac,CounterTerrorist,984.5602,2726.289,133.6133,M4A1,96,98,0,0,0,False,False,True,244.6875,2.109375
Maniac,CounterTerrorist,984.5602,2726.289,133.6133,M4A1,96,98,0,0,0,False,False,True,244.6875,2.109375
Maniac,CounterTerrorist,984.5602,2726.289,133.6133,M4A1,96,98,0,0,0,False,False,True,244.6875,2.109375
Maniac,CounterTerrorist,984.5602,2726.289,133.6133,M4A1,96,98,0,0,0,False,False,True,244.6875,2.109375
Maniac,CounterTerrorist,984.5602,2726.289,133.6133,M4A1,96,98,0,0,0,False,False,True,244.6875,2.109375
Maniac,CounterTerrorist,984.5602,2726.289,133.6133,M4A1,96,98,0,0,0,False,False,True,244.6875,2.109375
Maniac,CounterTerrorist,984.5602,2726.289,133.6133,M4A1,96,98,0,0,0,False,False,True,245.3906,2.109375
Maniac,CounterTerrorist,984.5602,2726.289,133.6133,M4A1,96,98,0,0,0,False,False,True,245.7422,2.109375
Maniac,CounterTerrorist,984.5602,2726.289,133.6133,M4A1,96,98,0,0,0,False,False,True,246.7969,2.109375
Maniac,CounterTerrorist,984.5602,2726.289,133.6133,M4A1,96,98,0,0,0,False,False,True,246.7969,2.109375
Maniac,CounterTerrorist,984.5602,2726.289,133.6133,M4A1,96,98,0,0,0,False,False,True,245.7422,2.460938
Maniac,CounterTerrorist,984.5602,2726.289,133.6133,M4A1,96,98,0,0,0,False,False,True,245.3906,1.757813
Maniac,CounterTerrorist,984.5602,2726.289,133.6133,M4A1,96,98,0,0,0,False,False,True,245.3906,1.757813
Maniac,CounterTerrorist,984.5602,2726.289,133.6133,M4A1,96,98,0,0,0,False,False,True,245.3906,1.757813
Maniac,CounterTerrorist,984.5602,2726.289,133.6133,M4A1,96,98,0,0,0,False,False,True,245.3906,1.757813
Maniac,CounterTerrorist,984.5602,2726.289,133.6133,M4A1,96,98,0,0,0,False,False,True,245.3906,1.757813
Maniac,CounterTerrorist,984.5602,2726.289,133.6133,M4A1,96,98,0,0,0,False,False,True,245.3906,1.757813
Maniac,CounterTerrorist,984.5602,2726.289,133.6133,M4A1,96,98,0,0,0,False,False,True,245.3906,1.757813
Maniac,CounterTerrorist,984.5602,2726.289,133.6133,M4A1,96,98,0,0,0,False,False,True,245.3906,1.757813
Maniac,CounterTerrorist,984.5602,2726.289,133.6133,M4A1,96,98,0,0,0,False,False,True,245.3906,1.757813
Maniac,CounterTerrorist,984.5602,2726.289,133.6133,M4A1,96,98,0,0,0,False,False,True,245.3906,1.757813
Maniac,CounterTerrorist,984.5602,2726.289,133.6133,M4A1,96,98,0,0,0,False,False,True,245.3906,1.757813
Maniac,CounterTerrorist,984.5602,2726.289,133.6133,M4A1,96,98,0,0,0,False,False,True,245.3906,1.757813
Maniac,CounterTerrorist,984.5602,2726.289,133.6133,M4A1,96,98,0,0,0,False,False,True,245.3906,1.757813
Maniac,CounterTerrorist,984.5602,2726.289,133.6133,M4A1,96,98,0,0,0,False,False,True,245.3906,1.757813
Maniac,CounterTerrorist,984.5602,2726.289,133.6133,M4A1,96,98,0,0,0,False,False,True,245.3906,1.757813
Maniac,CounterTerrorist,984.5602,2726.289,133.6133,M4A1,96,98,0,0,0,False,False,True,245.3906,1.757813
Maniac,CounterTerrorist,984.5602,2726.289,133.6133,M4A1,96,98,0,0,0,False,False,True,245.3906,1.757813
Maniac,CounterTerrorist,984.5602,2726.289,133.6133,M4A1,96,98,0,0,0,False,False,True,245.3906,1.757813
Maniac,CounterTerrorist,984.5602,2726.289,133.6133,M4A1,96,98,0,0,0,False,False,True,245.3906,1.757813
Maniac,CounterTerrorist,984.6909,2726.572,133.5963,M4A1,96,98,5.983,13.00198,0,False,False,True,245.3906,1.757813
Maniac,CounterTerrorist,985.4028,2728.12,133.504,M4A1,96,98,15.5976,33.89599,0,False,False,True,245.3906,1.757813
Maniac,CounterTerrorist,986.7156,2730.973,133.3337,M4A1,96,98,25.21221,54.79,0,False,False,True,245.3906,1.757813
Maniac,CounterTerrorist,988.5179,2734.889,133.1,M4A1,96,98,27.69423,60.18383,0,False,False,True,245.3906,1.757813
Maniac,CounterTerrorist,989.918,2737.932,132.9185,M4A1,96,98,18.28864,39.74404,0,False,False,True,245.3906,1.757813
Maniac,CounterTerrorist,990.7906,2739.829,132.8053,M4A1,96,98,7.70736,16.74928,0,False,False,True,245.3906,1.757813
Maniac,CounterTerrorist,990.959,2740.194,132.7835,M4A1,96,98,0,0,0,False,False,True,245.3906,1.757813
Maniac,CounterTerrorist,990.959,2740.194,132.7835,M4A1,96,98,0,0,0,False,False,True,245.3906,1.757813
Maniac,CounterTerrorist,990.959,2740.194,132.7835,M4A1,96,98,0,0,0,False,False,True,245.3906,1.757813
Maniac,CounterTerrorist,990.959,2740.194,132.7835,M4A1,96,98,0,0,0,False,False,True,245.3906,1.757813
Maniac,CounterTerrorist,990.959,2740.194,132.7835,M4A1,96,98,0,0,0,False,False,True,245.3906,1.757813
Maniac,CounterTerrorist,990.959,2740.194,132.7835,M4A1,96,98,0,0,0,False,False,True,245.0391,2.109375
Maniac,CounterTerrorist,990.959,2740.194,132.7835,M4A1,96,98,0,0,0,False,False,True,245.0391,2.460938
Maniac,CounterTerrorist,990.7773,2740.279,132.7807,M4A1,96,98,-10.35834,4.849861,0,False,False,True,244.6875,2.8125
Maniac,CounterTerrorist,989.3981,2740.926,132.7596,M4A1,96,98,-31.1695,14.6425,0,False,False,True,244.6875,2.8125
Maniac,CounterTerrorist,987.5632,2741.789,132.7313,M4A1,96,98,-21.09531,9.922669,0,False,False,True,245.7422,2.8125
Maniac,CounterTerrorist,986.9662,2742.07,132.7221,M4A1,96,98,0,0,0,False,False,True,246.0938,2.8125
Maniac,CounterTerrorist,986.8649,2742.116,132.7206,M4A1,96,98,-7.790037,3.554108,0,False,False,True,245.3906,3.164063
Maniac,CounterTerrorist,985.6449,2742.679,132.7025,M4A1,96,98,-28.6399,13.2643,0,False,False,True,245.0391,2.8125
Maniac,CounterTerrorist,982.6685,2744.029,132.6594,M4A1,96,98,-68.84048,30.60534,0,False,False,True,246.7969,2.109375
Maniac,CounterTerrorist,976.6951,2746.639,132.5784,M4A1,96,98,-114.3425,49.60787,0,False,False,True,246.7969,2.109375
Maniac,CounterTerrorist,969.7715,2749.634,132.5123,M4A1,96,98,-108.2979,46.67422,0,True,False,True,247.8516,1.757813
Maniac,CounterTerrorist,963.1501,2752.43,132.4794,M4A1,96,98,-104.3475,43.22211,0,True,False,True,250.6641,1.40625
Maniac,CounterTerrorist,956.0823,2755.243,132.4526,M4A1,96,98,-108.9663,42.60686,0,False,False,True,250.6641,1.40625
Maniac,CounterTerrorist,949.2554,2757.863,132.4315,M4A1,96,98,-109.482,41.26363,0,False,False,True,252.4219,1.40625
Maniac,CounterTerrorist,942.3845,2760.365,132.4168,M4A1,96,98,-110.2748,39.09567,0,False,False,True,253.8281,1.054688
Maniac,CounterTerrorist,935.5609,2762.979,132.3959,M4A1,96,98,-105.8492,49.84917,0,False,False,True,255.9375,1.40625
Maniac,CounterTerrorist,929.3217,2766.775,132.3082,M4A1,96,98,-95.26166,67.92801,0,False,False,True,257.3438,1.40625
Maniac,CounterTerrorist,923.6982,2771.443,132.1684,M4A1,96,98,-86.16048,79.15408,0,False,False,True,257.3438,1.40625
Maniac,CounterTerrorist,918.5674,2776.65,131.9945,M4A1,96,98,-79.32234,86.00561,0,False,False,True,258.3984,1.054688
Maniac,CounterTerrorist,913.7625,2782.162,131.75,M4A1,96,98,-75.28009,89.56509,0,False,False,True,259.1016,0.703125
Maniac,CounterTerrorist,909.0748,2783.969,131.6671,M4A1,96,98,-76.05972,0,0,False,False,True,259.4531,0.703125
Maniac,CounterTerrorist,904.2164,2783.969,131.6671,M4A1,96,98,-79.05704,0,0,False,False,True,260.8594,0.703125
Maniac,CounterTerrorist,899.1624,2783.969,131.6671,M4A1,96,98,-82.28856,0,0,False,False,True,262.6172,0.703125
Maniac,CounterTerrorist,893.2416,2783.969,131.6671,M4A1,96,98,-85.58958,0,0,False,False,True,262.9688,0.703125
Maniac,CounterTerrorist,888.4992,2783.969,131.6671,M4A1,96,98,-87.49927,0,0,False,False,True,263.3203,0.703125
Maniac,CounterTerrorist,882.9576,2783.969,131.6671,M4A1,96,98,-89.5874,0,0,False,False,True,264.375,0.3515625
Maniac,CounterTerrorist,876.9404,2783.969,131.4791,M4A1,96,98,-63.20047,-1.562914,0,False,False,True,264.375,0.3515625
Maniac,CounterTerrorist,875.3356,2783.807,131.3902,M4A1,96,98,-4.05279,-3.275468,0,False,False,True,264.375,0.3515625
Maniac,CounterTerrorist,875.321,2783.796,131.3901,M4A1,96,98,0,0,0,False,False,True,264.375,0.3515625
Maniac,CounterTerrorist,875.321,2783.796,131.3901,M4A1,96,98,0,0,0,False,False,True,264.375,0.3515625
Maniac,CounterTerrorist,877.1783,2783.614,131.5154,M4A1,96,98,40.49446,-3.958761,0,True,False,True,264.375,0.3515625
Maniac,CounterTerrorist,879.9624,2783.337,131.7036,M4A1,96,98,47.68648,-4.887949,0,True,False,True,263.3203,359.6484
Maniac,CounterTerrorist,883.1934,2782.981,131.7216,M4A1,96,98,54.81343,-6.342222,0,True,False,True,262.2656,358.2422
Maniac,CounterTerrorist,886.8696,2782.533,131.7405,M4A1,96,98,61.93594,-7.788465,0,True,False,True,261.9141,358.2422
Maniac,CounterTerrorist,890.9916,2782.001,131.7746,M4A1,96,98,69.07767,-9.077181,0,True,False,True,261.9141,358.2422
Maniac,CounterTerrorist,895.1002,2781.456,131.8098,M4A1,96,98,50.4586,-6.61541,0,False,False,True,261.5625,358.5938
Maniac,CounterTerrorist,896.4341,2781.292,131.8256,M4A1,96,98,-1.320278,0.3364467,0,True,False,True,261.5625,358.5938
Maniac,CounterTerrorist,896.2491,2781.319,131.8256,M4A1,96,98,0,0,0,True,False,True,261.5625,358.9453
Maniac,CounterTerrorist,896.2491,2781.319,131.8256,M4A1,96,98,0,0,0,True,False,True,261.5625,359.6484
Maniac,CounterTerrorist,896.6909,2781.252,131.8256,M4A1,96,98,16.99338,-2.575897,0,False,False,True,261.2109,359.6484
Maniac,CounterTerrorist,898.2419,2781.017,131.8422,M4A1,96,98,36.88405,-5.638118,0,False,False,True,261.2109,359.6484
Maniac,CounterTerrorist,901.8336,2780.462,131.8766,M4A1,96,98,62.43626,-9.713385,0,False,False,True,260.8594,0
Maniac,CounterTerrorist,905.8651,2779.826,131.9137,M4A1,96,98,81.97485,-13.09864,0,False,False,True,260.1563,0
Maniac,CounterTerrorist,911.4916,2779.657,131.9302,M4A1,96,98,94.63474,8.47632,0,False,False,True,259.1016,0.3515625
Maniac,CounterTerrorist,917.7126,2780.918,131.7641,M4A1,96,98,103.0315,28.28157,0,False,False,True,258.0469,0.3515625
Maniac,CounterTerrorist,923.5518,2782.328,131.5869,M4A1,96,98,68.13869,22.50978,0,False,False,True,257.6953,0.3515625
Maniac,CounterTerrorist,925.5528,2783.714,131.4711,M4A1,96,98,5.446447,19.89525,0,False,False,True,257.6953,0.3515625
Maniac,CounterTerrorist,924.6655,2783.998,131.4552,M4A1,96,98,-24.61291,0,0,False,False,True,257.6953,0.3515625
Maniac,CounterTerrorist,922.3542,2783.998,131.5038,M4A1,96,98,-46.60028,0,0,False,False,True,257.6953,0.3515625
Maniac,CounterTerrorist,918.7548,2783.989,131.5606,M4A1,96,98,-57.48565,-1.163761,0,False,False,True,258.0469,0
Maniac,CounterTerrorist,917.4791,2783.715,131.5962,M4A1,96,98,5.719158,-3.597925,0,False,False,True,258.0469,0
Maniac,CounterTerrorist,918.6625,2783.426,131.5962,M4A1,96,98,28.86256,-6.365361,0,False,False,True,258.0469,0
Maniac,CounterTerrorist,921.2595,2782.87,131.5897,M4A1,96,98,51.41327,-10.89533,0,False,False,True,258.0469,0
Maniac,CounterTerrorist,925.2642,2782.022,131.5788,M4A1,96,98,73.91168,-15.672,0,False,False,True,257.6953,0.3515625
Maniac,CounterTerrorist,930.6016,2780.879,131.5651,M4A1,96,98,93.44527,-20.20533,0,False,False,True,256.9922,0.3515625
Maniac,CounterTerrorist,934.6481,2780.016,131.5545,M4A1,96,98,36.14412,-7.402814,0,False,False,True,256.9922,0.3515625
Maniac,CounterTerrorist,934.8282,2779.997,131.5524,M4A1,96,98,-13.83119,3.190802,0,False,False,True,256.9922,0.3515625
Maniac,CounterTerrorist,933.1756,2780.376,131.5524,M4A1,96,98,-36.25042,8.326778,0,False,False,True,256.9922,0.3515625
Maniac,CounterTerrorist,930.1216,2781.077,131.5524,M4A1,96,98,-58.6795,13.41956,0,False,False,True,257.3438,0.3515625
Maniac,CounterTerrorist,925.7102,2782.077,131.5685,M4A1,96,98,-75.3275,16.98498,0,False,False,True,257.6953,0.3515625
Maniac,CounterTerrorist,922.9941,2782.696,131.5685,M4A1,96,98,-14.42004,3.441238,0,False,False,True,257.6953,0.3515625
Maniac,CounterTerrorist,923.7275,2782.537,131.5685,M4A1,96,98,22.39965,-4.938033,0,False,False,True,257.3438,0.3515625
Maniac,CounterTerrorist,925.5662,2782.13,131.5675,M4A1,96,98,42.03513,-9.349998,0,False,False,True,257.3438,0.3515625
Maniac,CounterTerrorist,928.9819,2781.367,131.5607,M4A1,96,98,64.46677,-14.43183,0,False,False,True,257.3438,0.3515625
Maniac,CounterTerrorist,932.4993,2780.579,131.5537,M4A1,96,98,31.41479,-7.010157,0,False,False,True,257.3438,0.3515625
Maniac,CounterTerrorist,932.5283,2780.574,131.553,M4A1,96,98,-13.96136,3.150902,0,False,False,True,257.3438,0.3515625
Maniac,CounterTerrorist,930.8669,2780.949,131.553,M4A1,96,98,-36.39707,8.214359,0,False,False,True,257.3438,0.3515625
Maniac,CounterTerrorist,927.8032,2781.641,131.553,M4A1,96,98,-58.83279,13.27781,0,False,False,True,257.3438,0.3515625
Maniac,CounterTerrorist,924.2475,2782.443,131.569,M4A1,96,98,-36.8848,8.324433,0,False,False,True,257.3438,0.3515625
Maniac,CounterTerrorist,924.0169,2782.495,131.569,M4A1,96,98,12.98589,-2.930751,0,False,False,True,257.3438,0.3515625
Maniac,CounterTerrorist,925.6172,2782.134,131.5665,M4A1,96,98,35.42161,-7.994207,0,False,False,True,257.3438,0.3515625
Maniac,CounterTerrorist,928.6198,2781.456,131.5609,M4A1,96,98,57.85235,-13.07972,0,False,False,True,257.3438,0.3515625
Maniac,CounterTerrorist,933.0219,2780.459,131.5529,M4A1,96,98,80.06441,-18.12206,0,False,False,True,257.3438,0.3515625
Maniac,CounterTerrorist,936.6443,2779.64,131.5462,M4A1,96,98,29.53247,-6.677725,0,False,False,True,257.3438,0.3515625
Maniac,CounterTerrorist,936.587,2779.653,131.5457,M4A1,96,98,-14.84549,3.364508,0,False,False,True,257.3438,0.3515625
Maniac,CounterTerrorist,934.8705,2780.042,131.5457,M4A1,96,98,-37.27676,8.4476,0,False,False,True,257.3438,0.3515625
Maniac,CounterTerrorist,931.7521,2780.748,131.5457,M4A1,96,98,-59.70802,13.53083,0,False,False,True,257.3438,0.3515625
Maniac,CounterTerrorist,927.6224,2781.684,131.5618,M4A1,96,98,-54.38315,12.32411,0,False,False,True,257.3438,0.3515625
Maniac,CounterTerrorist,926.5121,2781.936,131.5618,M4A1,96,98,6.449382,-1.461528,0,False,False,True,257.3438,0.3515625
Maniac,CounterTerrorist,927.7037,2781.666,131.5618,M4A1,96,98,28.88062,-6.544798,0,False,False,True,257.3438,0.3515625
Maniac,CounterTerrorist,930.2971,2781.077,131.5578,M4A1,96,98,51.3054,-11.65652,0,False,False,True,256.9922,0.3515625
Maniac,CounterTerrorist,934.2922,2780.169,131.5507,M4A1,96,98,73.73094,-16.76483,0,False,False,True,256.9922,0.3515625
Maniac,CounterTerrorist,939.1097,2779.074,131.5422,M4A1,96,98,61.08345,-13.8902,0,False,False,True,256.9922,0.3515625
Maniac,CounterTerrorist,940.5963,2778.736,131.5395,M4A1,96,98,-5.223533,1.189022,0,False,False,True,256.9922,0.3515625
Maniac,CounterTerrorist,939.4814,2778.99,131.5395,M4A1,96,98,-27.65035,6.291725,0,False,False,True,256.9922,0.3515625
Maniac,CounterTerrorist,936.9648,2779.563,131.5395,M4A1,96,98,-50.0771,11.39478,0,False,False,True,256.9922,0.3515625
Maniac,CounterTerrorist,933.0465,2780.454,131.5395,M4A1,96,98,-72.50384,16.49785,0,False,False,True,256.9922,0.3515625
Maniac,CounterTerrorist,927.7871,2781.651,131.556,M4A1,96,98,-92.34496,21.01257,0,False,False,True,256.9922,0.3515625
Maniac,CounterTerrorist,923.8012,2782.558,131.556,M4A1,96,98,-35.21698,8.013426,0,False,False,True,256.9922,0.3515625
Maniac,CounterTerrorist,923.653,2782.591,131.556,M4A1,96,98,13.95577,-3.175555,0,False,False,True,256.9922,0.3515625
Maniac,CounterTerrorist,925.3136,2782.213,131.556,M4A1,96,98,36.38251,-8.278631,0,False,False,True,256.9922,0.3515625
Maniac,CounterTerrorist,928.376,2781.517,131.556,M4A1,96,98,58.80924,-13.38171,0,False,False,True,256.9922,0.3515625
Maniac,CounterTerrorist,932.8369,2780.501,131.5532,M4A1,96,98,80.94276,-18.43753,0,False,False,True,256.9922,0.703125
Maniac,CounterTerrorist,938.4566,2779.22,131.5435,M4A1,96,98,87.48155,-19.94615,0,False,False,True,256.9922,0.703125
Maniac,CounterTerrorist,941.5485,2778.516,131.5382,M4A1,96,98,20.4407,-4.64408,0,False,False,True,256.9922,0.703125
Maniac,CounterTerrorist,940.9719,2778.648,131.5379,M4A1,96,98,-21.24091,4.853462,0,False,False,True,256.9922,0.703125
Maniac,CounterTerrorist,939.1972,2779.053,131.5379,M4A1,96,98,-40.86041,9.33575,0,False,False,True,256.9922,0.703125
Maniac,CounterTerrorist,935.8552,2779.817,131.5379,M4A1,96,98,-63.28264,14.45855,0,False,False,True,256.9922,0.703125
Maniac,CounterTerrorist,931.6765,2780.772,131.5541,M4A1,96,98,-52.38656,11.96389,0,False,False,True,256.9922,0.703125
Maniac,CounterTerrorist,930.6884,2780.995,131.5541,M4A1,96,98,8.342321,-1.929267,0,False,False,True,256.9922,0.703125
Maniac,CounterTerrorist,931.9976,2780.693,131.5541,M4A1,96,98,30.74976,-7.116424,0,False,False,True,256.9922,0.703125
Maniac,CounterTerrorist,934.7068,2780.064,131.5506,M4A1,96,98,53.14527,-12.3549,0,False,False,True,256.6406,0.703125
Maniac,CounterTerrorist,938.8152,2779.106,131.5448,M4A1,96,98,75.52685,-17.6528,0,False,False,True,256.6406,0.703125
Maniac,CounterTerrorist,944.2328,2777.836,131.5356,M4A1,96,98,94.51064,-22.20731,0,False,False,True,256.6406,0.703125
Maniac,CounterTerrorist,948.3407,2776.873,131.5184,M4A1,96,98,37.16584,-8.650559,0,False,False,True,256.6406,0.703125
Maniac,CounterTerrorist,948.5928,2776.818,131.5161,M4A1,96,98,-12.61218,3.004284,0,False,False,True,256.6406,0.703125
Maniac,CounterTerrorist,947.0178,2777.192,131.5161,M4A1,96,98,-34.98911,8.321525,0,False,False,True,256.6406,0.703125
Maniac,CounterTerrorist,944.0442,2777.9,131.5319,M4A1,96,98,-57.36537,13.64158,0,False,False,True,256.6406,0.703125
Maniac,CounterTerrorist,939.674,2778.939,131.5319,M4A1,96,98,-79.54967,18.91637,0,False,False,True,256.6406,0.703125
Maniac,CounterTerrorist,935.7898,2779.863,131.5319,M4A1,96,98,-34.39495,8.17907,0,False,False,True,256.6406,0.703125
Maniac,CounterTerrorist,935.6649,2779.892,131.5319,M4A1,96,98,13.92426,-3.310971,0,False,False,True,256.6406,0.703125
Maniac,CounterTerrorist,937.3217,2779.498,131.5319,M4A1,96,98,36.29716,-8.645119,0,False,False,True,256.6406,0.703125
Maniac,CounterTerrorist,940.3767,2778.77,131.5319,M4A1,96,98,58.66682,-13.99288,0,False,False,True,256.6406,0.703125
Maniac,CounterTerrorist,944.8268,2777.708,131.5319,M4A1,96,98,80.74916,-19.2677,0,False,False,True,256.6406,0.703125
Maniac,CounterTerrorist,948.7773,2776.765,131.5168,M4A1,96,98,35.43118,-8.452079,0,False,False,True,256.6406,1.054688
Maniac,CounterTerrorist,948.9347,2776.728,131.515,M4A1,96,98,-13.92133,3.323267,0,False,False,True,256.6406,1.054688
Maniac,CounterTerrorist,947.278,2777.123,131.515,M4A1,96,98,-36.29497,8.65434,0,False,False,True,256.6406,1.054688
Maniac,CounterTerrorist,944.2227,2777.85,131.5315,M4A1,96,98,-58.67749,13.94799,0,False,False,True,256.6406,1.054688
Maniac,CounterTerrorist,939.5889,2778.951,131.5315,M4A1,96,98,-56.18872,13.33745,0,False,False,True,256.6406,1.054688
Maniac,CounterTerrorist,938.325,2779.25,131.5315,M4A1,96,98,1.69902,-0.419638,0,False,False,True,256.6406,1.054688
Maniac,CounterTerrorist,939.2824,2779.021,131.5315,M4A1,96,98,25.10396,-6.006345,0,False,False,True,256.6406,1.054688
Maniac,CounterTerrorist,941.6377,2778.457,131.5315,M4A1,96,98,47.46953,-11.37113,0,False,False,True,256.6406,1.054688
Maniac,CounterTerrorist,945.218,2777.599,131.5315,M4A1,96,98,53.24318,-12.75644,0,False,False,True,256.6406,1.054688
Maniac,CounterTerrorist,946.2634,2777.347,131.5273,M4A1,96,98,-7.420717,1.752312,0,False,False,True,256.6406,1.054688
Maniac,CounterTerrorist,945.0137,2777.647,131.5273,M4A1,96,98,-29.76429,7.208093,0,False,False,True,256.2891,1.40625
Maniac,CounterTerrorist,942.3682,2778.291,131.5273,M4A1,96,98,-52.1005,12.69396,0,False,False,True,256.2891,1.40625
Maniac,CounterTerrorist,938.3697,2779.266,131.5273,M4A1,96,98,-68.91579,16.81323,0,False,False,True,256.2891,1.40625
Maniac,CounterTerrorist,936.3849,2779.749,131.543,M4A1,96,98,-2.85567,0.6868763,0,False,False,True,256.2891,1.40625
Maniac,CounterTerrorist,937.3336,2779.518,131.5429,M4A1,96,98,24.95386,-6.096918,0,False,False,True,256.2891,1.40625
Maniac,CounterTerrorist,939.6788,2778.945,131.5412,M4A1,96,98,47.29666,-11.5558,0,False,False,True,256.2891,1.40625
Maniac,CounterTerrorist,943.4202,2778.031,131.5385,M4A1,96,98,69.63943,-17.0147,0,False,False,True,256.2891,1.40625
Maniac,CounterTerrorist,948.389,2776.817,131.5204,M4A1,96,98,79.15954,-19.3407,0,False,False,True,256.2891,1.40625
Maniac,CounterTerrorist,951.3379,2776.096,131.5095,M4A1,96,98,18.26619,-4.462903,0,False,False,True,256.2891,1.40625
Maniac,CounterTerrorist,950.8434,2776.217,131.5091,M4A1,96,98,-19.48923,4.761713,0,False,False,True,256.2891,1.40625
Maniac,CounterTerrorist,948.8398,2776.707,131.5091,M4A1,96,98,-41.83202,10.22062,0,False,False,True,256.2891,1.40625
Maniac,CounterTerrorist,945.4399,2777.537,131.526,M4A1,96,98,-64.1748,15.67953,0,False,False,True,256.2891,1.40625
Maniac,CounterTerrorist,940.7018,2778.695,131.526,M4A1,96,98,-80.02122,19.57572,0,False,False,True,255.9375,1.40625
Maniac,CounterTerrorist,938.0392,2779.346,131.5418,M4A1,96,98,-13.69894,3.356434,0,False,False,True,256.2891,1.40625
Maniac,CounterTerrorist,938.6085,2779.206,131.5418,M4A1,96,98,19.55736,-4.833786,0,False,False,True,255.9375,1.757813
Maniac,CounterTerrorist,940.6155,2778.708,131.541,M4A1,96,98,41.87838,-10.38105,0,False,False,True,255.9375,1.757813
Maniac,CounterTerrorist,944.0177,2777.865,131.5376,M4A1,96,98,64.2011,-15.92147,0,False,False,True,255.9375,1.757813
Maniac,CounterTerrorist,948.4778,2776.759,131.5219,M4A1,96,98,45.15308,-11.1978,0,False,False,True,255.9375,1.757813
Maniac,CounterTerrorist,949.1852,2776.584,131.519,M4A1,96,98,-7.137734,1.770873,0,False,False,True,255.9375,1.757813
Maniac,CounterTerrorist,947.9543,2776.889,131.519,M4A1,96,98,-29.46114,7.308514,0,False,False,True,255.9375,1.757813
Maniac,CounterTerrorist,945.3282,2777.541,131.519,M4A1,96,98,-51.7845,12.8463,0,False,False,True,255.9375,1.757813
Maniac,CounterTerrorist,941.3068,2778.538,131.536,M4A1,96,98,-74.10786,18.3841,0,False,False,True,255.9375,1.757813
Maniac,CounterTerrorist,937.7581,2779.418,131.536,M4A1,96,98,-29.9437,7.428202,0,False,False,True,255.9375,1.757813
Maniac,CounterTerrorist,937.7803,2779.413,131.536,M4A1,96,98,14.21774,-3.527021,0,False,False,True,255.9375,1.757813
Maniac,CounterTerrorist,939.4537,2778.998,131.536,M4A1,96,98,36.5411,-9.06482,0,False,False,True,255.9375,1.757813
Maniac,CounterTerrorist,942.5223,2778.237,131.536,M4A1,96,98,58.86447,-14.60262,0,False,False,True,255.9375,1.757813
Maniac,CounterTerrorist,946.9831,2777.131,131.527,M4A1,96,98,80.88649,-20.01785,0,False,False,True,256.2891,1.757813
Maniac,CounterTerrorist,952.6807,2775.723,131.5067,M4A1,96,98,98.37457,-24.29604,0,False,False,True,256.2891,1.757813
Maniac,CounterTerrorist,957.9269,2774.427,131.4879,M4A1,96,98,60.58123,-14.97114,0,False,False,True,256.2891,1.757813
Maniac,CounterTerrorist,959.3922,2774.064,131.4826,M4A1,96,98,-5.435331,1.332187,0,False,False,True,256.2891,1.757813
Maniac,CounterTerrorist,958.484,2774.286,131.4826,M4A1,96,98,-24.98582,6.106511,0,False,False,True,256.2891,1.757813
Maniac,CounterTerrorist,955.7452,2774.955,131.4826,M4A1,96,98,-50.12168,12.24688,0,False,False,True,256.2891,1.757813
Maniac,CounterTerrorist,951.8271,2775.913,131.4994,M4A1,96,98,-72.46453,17.70553,0,False,False,True,256.2891,1.757813
Maniac,CounterTerrorist,946.6178,2777.185,131.5152,M4A1,96,98,-86.65192,21.1717,0,False,False,True,256.2891,1.757813
Maniac,CounterTerrorist,943.567,2777.93,131.5323,M4A1,96,98,-19.89389,4.841535,0,False,False,True,256.2891,1.40625
Maniac,CounterTerrorist,944.005,2777.82,131.5323,M4A1,96,98,18.81832,-4.715829,0,False,False,True,255.9375,1.40625
Maniac,CounterTerrorist,945.9653,2777.327,131.5323,M4A1,96,98,41.11858,-10.34595,0,False,False,True,255.9375,1.40625
Maniac,CounterTerrorist,949.3184,2776.48,131.5223,M4A1,96,98,63.39243,-16.08009,0,False,False,True,255.5859,1.40625
Maniac,CounterTerrorist,953.6685,2775.373,131.5084,M4A1,96,98,57.80861,-14.70888,0,False,False,True,255.5859,1.40625
Maniac,CounterTerrorist,954.9844,2775.04,131.5039,M4A1,96,98,-5.509122,1.413232,0,False,False,True,255.5859,1.40625
Maniac,CounterTerrorist,953.8568,2775.329,131.5039,M4A1,96,98,-27.78527,7.138007,0,False,False,True,255.5859,1.40625
Maniac,CounterTerrorist,951.3428,2775.998,131.5039,M4A1,96,98,-49.84322,13.66272,0,False,False,True,253.4766,1.054688
Maniac,CounterTerrorist,947.7545,2777.006,131.5195,M4A1,96,98,-49.97562,14.10551,0,False,False,True,254.1797,1.757813
Maniac,CounterTerrorist,946.9534,2777.23,131.5195,M4A1,96,98,10.99684,-3.144191,0,False,False,True,254.1797,1.757813
Maniac,CounterTerrorist,948.1595,2776.885,131.5195,M4A1,96,98,30.34647,-8.676594,0,False,False,True,254.1797,1.757813
Maniac,CounterTerrorist,950.8327,2776.117,131.5164,M4A1,96,98,52.39032,-15.23607,0,False,False,True,252.7734,1.40625
Maniac,CounterTerrorist,954.8574,2774.86,131.5144,M4A1,96,98,73.58916,-24.29688,0,False,False,True,248.2031,1.054688
Maniac,CounterTerrorist,960.1018,2773.019,131.5144,M4A1,96,98,91.18133,-33.02836,0,False,False,True,248.2031,1.40625
Maniac,CounterTerrorist,964.793,2771.32,131.5303,M4A1,96,98,56.43687,-20.4448,0,False,False,True,249.9609,1.757813
Maniac,CounterTerrorist,966.0855,2770.851,131.5303,M4A1,96,98,-5.347789,1.936184,0,False,False,True,249.9609,1.757813
Maniac,CounterTerrorist,964.9908,2771.248,131.5303,M4A1,96,98,-26.97401,9.766026,0,False,False,True,249.9609,1.757813
Maniac,CounterTerrorist,962.5445,2772.133,131.5277,M4A1,96,98,-48.60023,17.59587,0,False,False,True,249.9609,1.757813
Maniac,CounterTerrorist,959.124,2773.375,131.5205,M4A1,96,98,-43.48799,15.74388,0,False,False,True,249.6094,1.40625
Maniac,CounterTerrorist,958.5268,2773.583,131.5193,M4A1,96,98,9.826845,-3.683083,0,False,False,True,249.6094,1.757813
Maniac,CounterTerrorist,959.8965,2773.065,131.5193,M4A1,96,98,31.3239,-11.86104,0,False,False,True,249.2578,1.757813
Maniac,CounterTerrorist,962.6104,2772.037,131.5193,M4A1,96,98,52.82808,-20.02008,0,False,False,True,249.2578,1.757813
Maniac,CounterTerrorist,966.6262,2770.515,131.5353,M4A1,96,98,68.95859,-26.13813,0,False,False,True,249.2578,1.757813
Maniac,CounterTerrorist,968.7007,2769.728,131.5353,M4A1,96,98,5.373903,-2.034456,0,False,False,True,249.2578,1.757813
Maniac,CounterTerrorist,968.1163,2769.95,131.5353,M4A1,96,98,-18.75952,7.112258,0,False,False,True,249.2578,1.757813
Maniac,CounterTerrorist,965.8521,2770.808,131.5353,M4A1,96,98,-42.95405,16.28508,0,False,False,True,249.2578,1.757813
Maniac,CounterTerrorist,962.4109,2772.111,131.5309,M4A1,96,98,-64.47905,24.38913,0,False,False,True,249.2578,1.757813
Maniac,CounterTerrorist,958.0511,2773.759,131.5186,M4A1,96,98,-64.36048,24.32465,0,False,False,True,249.2578,1.757813
Maniac,CounterTerrorist,956.2711,2774.433,131.5135,M4A1,96,98,0,0,0,False,False,True,249.2578,1.757813
Maniac,CounterTerrorist,957.1927,2774.087,131.5135,M4A1,96,98,24.16757,-9.067163,0,False,False,True,249.2578,1.757813
Maniac,CounterTerrorist,959.4603,2773.236,131.5135,M4A1,96,98,45.70282,-17.14387,0,False,False,True,249.2578,1.757813
Maniac,CounterTerrorist,963.0742,2771.882,131.5303,M4A1,96,98,67.24866,-25.19228,0,False,False,True,249.6094,1.757813
Maniac,CounterTerrorist,967.7094,2770.147,131.5303,M4A1,96,98,66.14506,-24.76939,0,False,False,True,249.6094,1.40625
Maniac,CounterTerrorist,969.601,2769.427,131.5462,M4A1,96,98,2.36985,-1.182148,0,False,False,True,250.3125,1.40625
Maniac,CounterTerrorist,968.6743,2769.758,131.5462,M4A1,96,98,-24.3014,8.70212,0,False,False,True,250.3125,1.40625
Maniac,CounterTerrorist,966.3942,2770.575,131.5435,M4A1,96,98,-45.95526,16.45522,0,False,False,True,250.3125,1.40625
Maniac,CounterTerrorist,962.7606,2771.876,131.5369,M4A1,96,98,-67.61539,24.19076,0,False,False,True,250.3125,1.40625
Maniac,CounterTerrorist,957.9376,2773.601,131.5281,M4A1,96,98,-76.82472,27.46652,0,False,False,True,250.3125,1.40625
Maniac,CounterTerrorist,955.0739,2774.625,131.5229,M4A1,96,98,-17.788,6.373254,0,False,False,True,250.3125,1.40625
Maniac,CounterTerrorist,955.5519,2774.455,131.5227,M4A1,96,98,18.89415,-6.746475,0,False,False,True,250.3125,1.40625
Maniac,CounterTerrorist,957.4943,2773.761,131.5227,M4A1,96,98,40.55474,-14.48075,0,False,False,True,250.3125,1.40625
Maniac,CounterTerrorist,960.7903,2772.584,131.5227,M4A1,96,98,62.20732,-22.23741,0,False,False,True,250.3125,1.40625
Maniac,CounterTerrorist,965.3806,2770.935,131.5394,M4A1,96,98,77.48859,-27.96408,0,False,False,True,249.2578,1.40625
Maniac,CounterTerrorist,968.8383,2769.722,131.5394,M4A1,96,98,29.71185,-9.036855,0,False,False,True,245.0391,2.109375
Maniac,CounterTerrorist,969.0932,2769.727,131.5394,M4A1,96,98,0,0,0,False,False,True,238.711,2.8125
Maniac,CounterTerrorist,969.4689,2769.485,131.5394,M4A1,96,98,14.44907,-9.307756,0,False,False,True,237.3047,3.164063
Maniac,CounterTerrorist,971.0549,2768.47,131.5734,M4A1,96,98,33.91008,-21.56637,0,False,False,True,237.6563,3.164063
Maniac,CounterTerrorist,973.8651,2766.702,131.6095,M4A1,96,98,53.59451,-33.46617,0,False,False,True,238.711,3.164063
Maniac,CounterTerrorist,977.3025,2764.567,131.6662,M4A1,96,98,39.22316,-24.74965,0,False,False,True,240.1172,3.164063
Maniac,CounterTerrorist,977.8205,2764.177,131.6662,M4A1,96,98,-9.147323,4.572586,0,False,False,True,242.9297,3.164063
Maniac,CounterTerrorist,976.5181,2764.81,131.6662,M4A1,96,98,-30.01371,14.24774,0,False,False,True,245.3906,3.515625
Maniac,CounterTerrorist,973.9002,2766.022,131.6484,M4A1,96,98,-51.13116,23.37234,0,False,False,True,246.0938,3.867188
Maniac,CounterTerrorist,969.9595,2767.796,131.6234,M4A1,96,98,-72.31351,32.21566,0,False,False,True,246.7969,3.867188
Maniac,CounterTerrorist,965.2228,2769.885,131.5955,M4A1,96,98,-65.00935,28.72908,0,False,False,True,247.8516,3.515625
Maniac,CounterTerrorist,963.3616,2770.751,131.5824,M4A1,96,98,-2.475881,2.09445,0,False,False,True,248.2031,3.515625
Maniac,CounterTerrorist,964.2527,2770.397,131.5824,M4A1,96,98,23.59181,-9.425568,0,False,False,True,248.2031,3.515625
Maniac,CounterTerrorist,966.4783,2769.508,131.5824,M4A1,96,98,44.96393,-17.92454,0,False,False,True,248.2031,3.515625
Maniac,CounterTerrorist,970.0408,2768.092,131.5988,M4A1,96,98,66.36948,-26.33916,0,False,False,True,248.5547,3.515625
Maniac,CounterTerrorist,973.8954,2766.562,131.616,M4A1,96,98,39.79964,-15.95627,0,False,False,True,248.9063,3.515625
Maniac,CounterTerrorist,974.3317,2766.373,131.616,M4A1,96,98,-10.7312,3.956972,0,False,False,True,249.6094,3.515625
Maniac,CounterTerrorist,972.9008,2766.896,131.616,M4A1,96,98,-32.35749,11.78684,0,False,False,True,249.9609,3.515625
Maniac,CounterTerrorist,970.1181,2767.907,131.6155,M4A1,96,98,-53.98532,19.61228,0,False,False,True,249.9609,3.515625
Maniac,CounterTerrorist,965.9838,2769.406,131.607,M4A1,96,98,-75.54484,27.34399,0,False,False,True,250.3125,3.515625
Maniac,CounterTerrorist,960.6954,2771.315,131.5965,M4A1,96,98,-82.54784,29.78321,0,False,False,True,250.3125,3.515625
Maniac,CounterTerrorist,957.7488,2772.4,131.5896,M4A1,96,98,-9.822623,4.13796,0,False,False,True,251.3672,3.515625
Maniac,CounterTerrorist,958.3084,2772.223,131.5894,M4A1,96,98,19.087,-6.179718,0,False,False,True,252.0703,3.515625
Maniac,CounterTerrorist,960.2714,2771.59,131.5894,M4A1,96,98,40.98768,-13.20546,0,False,False,True,252.0703,3.515625
Maniac,CounterTerrorist,963.4757,2770.557,131.5894,M4A1,96,98,52.04948,-16.77994,0,False,False,True,252.0703,3.515625
Maniac,CounterTerrorist,965.3422,2769.957,131.5894,M4A1,96,98,3.591745,-1.080954,0,False,False,True,252.0703,3.515625
Maniac,CounterTerrorist,964.4625,2770.246,131.5894,M4A1,96,98,-23.63855,7.743155,0,False,False,True,251.7188,3.515625
Maniac,CounterTerrorist,962.2178,2770.985,131.5888,M4A1,96,98,-45.45053,15.03974,0,False,False,True,251.3672,3.515625
Maniac,CounterTerrorist,958.6122,2772.187,131.5865,Flash,96,98,-67.20912,22.49525,0,False,False,True,251.3672,3.515625
Maniac,CounterTerrorist,954.4883,2773.571,131.5835,Flash,96,98,-74.4314,24.99495,0,False,False,True,251.3672,3.515625
Maniac,CounterTerrorist,952.0964,2774.374,131.5816,Flash,96,98,-1.780707,0.6164652,0,False,False,True,251.3672,3.515625
Maniac,CounterTerrorist,953.0302,2774.062,131.5816,Flash,96,98,24.48756,-8.163607,0,False,False,True,251.3672,3.515625
Maniac,CounterTerrorist,955.3278,2773.296,131.5816,Flash,96,98,46.30728,-15.43686,0,False,False,True,251.3672,3.515625
Maniac,CounterTerrorist,958.9891,2772.076,131.5816,Flash,96,98,68.12692,-22.71031,0,False,False,True,251.3672,3.515625
Maniac,CounterTerrorist,962.4922,2770.908,131.5816,Flash,96,98,30.50367,-10.16855,0,False,False,True,251.3672,3.515625
Maniac,CounterTerrorist,962.519,2770.9,131.5816,Flash,96,98,-13.57796,4.526209,0,False,False,True,251.3672,3.515625
Maniac,CounterTerrorist,960.9037,2771.439,131.5816,Flash,96,98,-35.37851,11.85661,0,False,False,True,251.3672,3.867188
Maniac,CounterTerrorist,958.0534,2772.398,131.5816,Flash,96,98,-46.37727,15.621,0,False,False,True,251.0156,3.867188
Maniac,CounterTerrorist,957.0398,2772.733,131.5816,Flash,96,98,7.310745,-2.559412,0,False,False,True,250.6641,3.867188
Maniac,CounterTerrorist,958.2499,2772.292,131.5816,Flash,96,98,27.64285,-12.29242,0,False,False,True,250.6641,3.867188
Maniac,CounterTerrorist,960.0389,2770.54,131.6446,Flash,96,98,30.42935,-38.95779,0,False,False,True,250.6641,3.867188
Maniac,CounterTerrorist,961.2977,2767.289,131.7835,Flash,96,98,10.3705,-61.58952,0,False,False,True,250.6641,3.867188
Maniac,CounterTerrorist,960.9951,2763.053,131.9949,Flash,96,98,-20.58167,-67.81367,0,False,False,True,250.6641,3.867188
Maniac,CounterTerrorist,958.568,2760.025,132.1805,Flash,96,98,-51.1662,-34.64939,0,False,False,True,250.6641,3.867188
Maniac,CounterTerrorist,954.5683,2758.721,132.3066,Flash,96,98,-73.40932,-11.51943,0,False,False,True,250.6641,3.867188
Maniac,CounterTerrorist,949.5934,2758.494,132.3954,Flash,96,98,-70.90148,-2.631897,0,False,False,True,250.6641,3.867188
Maniac,CounterTerrorist,947.4456,2757.929,132.4512,Flash,96,98,-6.663883,-11.87233,0,False,False,True,250.6641,3.867188
Maniac,CounterTerrorist,948.3022,2757.285,132.4686,Flash,96,98,24.7536,-11.23278,0,False,False,True,251.0156,3.867188
Maniac,CounterTerrorist,950.6335,2756.372,132.4686,Flash,96,98,46.96742,-17.47865,0,False,False,True,251.0156,3.515625
Maniac,CounterTerrorist,954.3401,2755.034,132.4845,Flash,96,98,68.88214,-24.48937,0,False,False,True,251.0156,3.515625
Maniac,CounterTerrorist,958.2836,2753.444,132.5007,Flash,96,98,43.12602,-27.55406,0,False,False,True,251.0156,3.515625
Maniac,CounterTerrorist,959.0596,2751.606,132.5835,Flash,96,98,-7.857802,-29.00782,0,False,False,True,250.6641,3.515625
Maniac,CounterTerrorist,957.5058,2749.874,132.6922,Flash,96,98,-36.56896,-22.16252,0,False,False,True,250.6641,3.515625
Maniac,CounterTerrorist,954.4439,2749.281,132.769,Flash,96,98,-58.14363,-1.354998,0,False,False,True,251.0156,3.515625
Maniac,CounterTerrorist,950.0848,2749.678,132.8071,Flash,96,98,-78.80534,11.57212,0,False,False,True,252.0703,3.515625
Maniac,CounterTerrorist,945.9819,2748.939,132.9179,Flash,96,98,-48.67237,-27.39296,0,False,False,True,252.0703,3.515625
Maniac,CounterTerrorist,944.22,2746.33,133.0727,Flash,96,98,-14.3495,-51.22581,0,False,False,True,251.3672,3.515625
Maniac,CounterTerrorist,944.1315,2742.47,133.2624,Flash,96,98,7.298905,-69.85618,0,False,False,True,250.6641,3.515625
Maniac,CounterTerrorist,945.1501,2737.471,133.4903,Flash,96,98,22.59856,-87.29443,0,False,False,True,250.3125,3.515625
Maniac,CounterTerrorist,946.9618,2731.529,133.7519,Flash,96,98,33.45327,-100.5455,0,False,False,True,249.9609,3.867188
Maniac,CounterTerrorist,949.3455,2724.886,134.057,Flash,96,98,41.42746,-110.3154,0,False,False,True,249.9609,3.867188
Maniac,CounterTerrorist,952.1522,2717.728,134.4206,Flash,96,98,47.4943,-117.4188,0,False,False,True,251.7188,3.867188
Maniac,CounterTerrorist,955.4595,2710.489,134.7834,Flash,96,98,59.57612,-112.6119,0,False,False,True,281.6016,0.703125
Maniac,CounterTerrorist,960.0093,2704.215,135.0803,Flash,96,98,82.07126,-90.04815,0,False,False,True,329.7656,356.4844
Maniac,CounterTerrorist,965.7471,2699.056,135.3037,Flash,96,98,99.23091,-74.85577,0,False,False,True,354.7266,356.1328
Maniac,CounterTerrorist,972.326,2694.786,138.0313,Flash,96,98,102.9178,-71.11262,0,False,False,True,355.0781,356.1328
Maniac,CounterTerrorist,977.6333,2689.568,138.619,Flash,96,98,72.28075,-92.17839,0,False,False,True,355.0781,356.1328
Maniac,CounterTerrorist,981.3223,2683.237,140.3054,Flash,96,98,49.71485,-107.6945,0,False,False,True,355.0781,356.1328
Maniac,CounterTerrorist,983.8646,2676.644,140.9313,Flash,96,98,35.40529,-86.55491,0,False,False,True,358.5938,355.0781
Maniac,CounterTerrorist,985.7025,2673.597,141.1425,Flash,96,98,23.86156,-20.69532,0,False,False,True,0,354.7266
Maniac,CounterTerrorist,986.5378,2673.997,141.0506,Flash,96,98,6.717079,20.86364,0,False,False,True,359.6484,355.0781
Maniac,CounterTerrorist,986.8055,2675.861,140.9016,Flash,96,98,3.052387,27.18158,0,False,False,True,359.2969,355.0781
Maniac,CounterTerrorist,986.908,2676.773,140.8296,Flash,96,98,0.5415055,4.82212,0,False,False,True,359.2969,355.0781
Maniac,CounterTerrorist,986.9097,2676.789,140.8283,Flash,96,98,0,0,0,False,False,True,358.5938,355.0781
Maniac,CounterTerrorist,986.9097,2676.789,140.8283,Flash,96,98,0,0,0,False,False,True,358.5938,355.0781
Maniac,CounterTerrorist,986.9097,2676.789,140.8283,Flash,96,98,0,0,0,False,False,True,358.5938,355.0781
Maniac,CounterTerrorist,986.9097,2676.789,140.8283,Flash,96,98,0,0,0,False,False,True,358.5938,355.0781
Maniac,CounterTerrorist,986.9097,2676.789,140.8283,Flash,96,98,0,0,0,False,False,True,358.5938,355.0781
Maniac,CounterTerrorist,986.9097,2676.789,140.8283,Flash,96,98,0,0,0,False,False,True,358.5938,355.0781
Maniac,CounterTerrorist,986.9286,2677.572,140.7686,Flash,96,98,0.5619586,22.93061,0,False,False,True,358.5938,355.0781
Maniac,CounterTerrorist,986.9608,2678.881,140.6687,Flash,96,98,0.2903939,11.80893,0,False,False,True,358.5938,355.0781
Maniac,CounterTerrorist,986.9644,2679.026,140.6577,Flash,96,98,0,0,0,False,False,True,358.2422,355.0781
Maniac,CounterTerrorist,986.9644,2679.026,140.6577,Flash,96,98,0,0,0,False,False,True,358.2422,355.0781
Maniac,CounterTerrorist,986.9644,2679.026,140.6577,Flash,96,98,0,0,0,False,False,True,358.2422,355.0781
Maniac,CounterTerrorist,987.9998,2678.985,140.6296,Flash,96,98,42.30744,-1.749975,0,False,False,True,357.5391,354.7266
Maniac,CounterTerrorist,992.8439,2678.765,140.4998,Flash,96,98,103.8536,-4.910192,0,False,False,True,356.8359,354.375
Maniac,CounterTerrorist,1001.091,2678.356,140.2815,Flash,96,98,151.6838,-7.707736,0,False,False,True,356.8359,353.6719
Maniac,CounterTerrorist,1011.865,2677.795,139.9984,Flash,96,98,186.9081,-9.864474,0,False,False,True,356.8359,353.3203
Maniac,CounterTerrorist,1026.184,2677.032,139.6235,Flash,96,98,215.5797,-11.49544,0,False,False,True,356.8359,352.2656
Maniac,CounterTerrorist,1038.506,2676.379,139.5796,Flash,96,98,231.9832,-12.23975,0,False,False,True,357.1875,351.2109
Maniac,CounterTerrorist,1053.511,2675.593,139.8653,Flash,96,98,244.6695,-12.72136,0,False,False,True,357.1875,350.5078
Maniac,CounterTerrorist,1068.803,2674.804,140.1555,Flash,96,98,244.679,-12.53724,0,False,False,True,357.1875,350.1563
Maniac,CounterTerrorist,1083.676,2674.048,140.451,Flash,96,98,218.1774,-11.07221,0,False,False,True,357.1875,350.1563
Maniac,CounterTerrorist,1094.712,2673.483,140.6719,Flash,96,98,129.7623,-6.843104,0,False,False,True,357.5391,351.5625
Maniac,CounterTerrorist,1098.754,2673.239,140.7474,Flash,96,98,16.80944,-1.805011,0,False,False,True,357.8906,354.0234
Maniac,CounterTerrorist,1096.933,2673.272,140.7243,Flash,96,98,-57.48396,1.429851,0,False,False,True,358.5938,354.7266
Maniac,CounterTerrorist,1091.254,2673.417,140.6224,M4A1,96,98,-113.4678,2.939225,0,False,False,True,358.5938,354.7266
Maniac,CounterTerrorist,1082.722,2673.64,140.469,M4A1,96,98,-152.7052,3.996756,0,False,False,True,358.5938,354.7266
Maniac,CounterTerrorist,1072.116,2673.918,140.2782,M4A1,96,98,-181.6057,4.775686,0,False,False,True,358.5938,354.375
Maniac,CounterTerrorist,1062.523,2674.17,140.1087,M4A1,96,98,-133.7628,3.517561,0,False,False,True,358.2422,354.7266
Maniac,CounterTerrorist,1055.555,2674.353,139.9898,M4A1,96,98,-96.61385,2.540656,0,False,False,True,358.2422,355.0781
Maniac,CounterTerrorist,1050.452,2674.487,139.9027,M4A1,96,98,-71.12253,1.87031,0,False,False,True,358.2422,355.0781
Maniac,CounterTerrorist,1046.798,2674.583,139.8404,M4A1,96,98,-48.63031,1.278831,0,False,False,True,358.2422,355.0781
Maniac,CounterTerrorist,1044.367,2674.647,139.7989,M4A1,96,98,-23.32656,0.6134186,0,False,False,True,358.2422,355.0781
Maniac,CounterTerrorist,1043.706,2674.664,139.7876,M4A1,96,98,-3.645862,0.09587525,0,False,False,True,358.2422,355.0781
Maniac,CounterTerrorist,1043.706,2674.664,139.7876,M4A1,96,98,0,0,0,False,False,True,0.3515625,355.4297
Maniac,CounterTerrorist,1043.706,2674.664,139.7876,M4A1,96,98,0,0,0,False,False,True,1.40625,355.4297
Maniac,CounterTerrorist,1043.706,2674.664,139.7876,M4A1,96,98,0,0,0,False,False,True,1.40625,355.4297
Maniac,CounterTerrorist,1043.706,2674.664,139.7876,M4A1,96,98,0,0,0,False,False,True,2.460938,355.4297
Maniac,CounterTerrorist,1043.706,2674.664,139.7876,M4A1,96,98,0,0,0,False,False,True,3.164063,356.1328
Maniac,CounterTerrorist,1043.706,2674.664,139.7876,M4A1,96,98,0,0,0,False,False,True,3.515625,356.8359
Maniac,CounterTerrorist,1043.706,2674.664,139.7876,M4A1,96,98,0,0,0,False,False,True,4.570313,357.5391
Maniac,CounterTerrorist,1043.706,2674.664,139.7876,M4A1,96,98,0,0,0,False,False,True,4.21875,357.8906
Maniac,CounterTerrorist,1043.706,2674.664,139.7876,M4A1,96,98,0,0,0,False,False,True,4.570313,357.5391
Maniac,CounterTerrorist,1043.506,2674.647,139.7858,M4A1,96,98,-11.39727,-0.9584758,0,False,False,True,4.921875,357.5391
Maniac,CounterTerrorist,1041.988,2674.52,139.7726,M4A1,96,98,-34.31637,-2.885903,0,False,False,True,4.921875,357.5391
Maniac,CounterTerrorist,1039.038,2674.271,139.7469,M4A1,96,98,-57.23287,-4.843354,0,False,False,True,5.273438,357.5391
Maniac,CounterTerrorist,1034.656,2673.903,139.7086,M4A1,96,98,-80.07703,-6.471447,0,False,False,True,3.164063,357.5391
Maniac,CounterTerrorist,1028.77,2673.521,139.8106,M4A1,96,98,-110.9042,-4.780605,0,False,False,True,356.4844,357.5391
Maniac,CounterTerrorist,1020.696,2672.139,140.1589,M4A1,96,98,-145.0435,-25.01284,0,False,False,True,310.0781,358.2422
Maniac,CounterTerrorist,1010.676,2671.622,140.5007,M4A1,96,98,-170.5427,4.80407,0,False,False,True,238.0078,0.3515625
Maniac,CounterTerrorist,999.9371,2673.722,140.659,M4A1,96,98,-170.77,55.64759,0,False,False,True,217.6172,359.6484
Maniac,CounterTerrorist,989.3608,2678.669,140.6122,M4A1,96,98,-168.1319,95.65693,0,False,False,True,217.6172,359.6484
Maniac,CounterTerrorist,978.7733,2685.5,139.9347,M4A1,96,98,-176.157,109.0288,0,False,False,True,217.6172,359.6484
Maniac,CounterTerrorist,966.9484,2691.579,138.0313,M4A1,96,98,-198.3527,89.01682,0,False,False,True,217.6172,359.6484
Maniac,CounterTerrorist,953.9793,2696.61,135.5605,M4A1,96,98,-212.3852,74.28004,0,False,False,True,216.5625,0.3515625
Maniac,CounterTerrorist,940.5615,2700.813,135.4696,M4A1,96,98,-216.1778,62.38704,0,False,False,True,216.211,0.3515625
Maniac,CounterTerrorist,926.9677,2704.411,135.4138,M4A1,96,98,-218.3563,54.27286,0,False,False,True,216.211,0.703125
Maniac,CounterTerrorist,911.5575,2707.988,135.4453,M4A1,96,98,-219.5827,49.07598,0,False,False,True,214.4531,0.3515625
Maniac,CounterTerrorist,899.5346,2710.606,135.3188,M4A1,96,98,-220.0265,47.04619,0,False,False,True,214.4531,0.3515625
Maniac,CounterTerrorist,885.7695,2713.483,135.1784,M4A1,96,98,-220.3892,45.31689,0,False,False,True,214.4531,0.3515625
Maniac,CounterTerrorist,871.9857,2716.268,134.5495,M4A1,96,98,-220.652,44.01926,0,False,False,True,214.8047,0.3515625
Maniac,CounterTerrorist,858.1639,2718.856,133.687,M4A1,96,98,-221.8377,37.5905,0,False,False,True,223.5938,0
Maniac,CounterTerrorist,844.2188,2720.64,133.1275,M4A1,96,98,-224.0851,20.26956,0,False,False,True,234.4922,359.6484
Maniac,CounterTerrorist,830.2204,2721.926,132.6026,M4A1,96,98,-222.9261,30.47872,0,False,False,True,246.4453,0.3515625
Maniac,CounterTerrorist,816.3717,2724.3,132.0028,M4A1,96,98,-219.0296,45.64658,0,False,False,True,260.8594,1.054688
Maniac,CounterTerrorist,803.141,2728.629,130.5493,M4A1,96,98,-207.6331,84.91048,0,False,False,True,268.9453,1.054688
Maniac,CounterTerrorist,790.5502,2734.873,128.9302,M4A1,96,98,-196.3148,109.9341,0,False,False,True,268.9453,1.054688
Maniac,CounterTerrorist,778.6525,2742.362,128.0313,M4A1,96,98,-186.0832,126.4834,0,False,False,True,269.2969,0.703125
Maniac,CounterTerrorist,767.2477,2750.587,128.0313,M4A1,96,98,-180.6966,134.0662,0,False,False,True,274.9219,0.703125
Maniac,CounterTerrorist,756.8361,2759.73,128.0313,M4A1,96,98,-150.2745,160.4185,0,False,False,True,278.4375,1.40625
Maniac,CounterTerrorist,748.4321,2770.7,128.0313,M4A1,96,98,-124.1333,185.9767,0,False,False,True,282.6563,1.40625
Maniac,CounterTerrorist,741.4166,2782.874,128.0313,M4A1,96,98,-103.1813,199.9465,0,False,False,True,281.6016,1.757813
Maniac,CounterTerrorist,737.3593,2795.56,128.0313,M4A1,96,98,-38.05381,205.0858,0,False,False,True,281.6016,1.757813
Maniac,CounterTerrorist,736.7424,2808.517,128.0313,M4A1,96,98,9.916245,208.8711,0,False,False,True,281.6016,1.757813
Maniac,CounterTerrorist,737.8345,2821.831,128.0313,M4A1,96,98,10.91633,218.195,0,False,False,True,281.6016,1.757813
Maniac,CounterTerrorist,737.9052,2835.79,128.0313,M4A1,96,98,-5.488091,224.9331,0,False,False,True,280.8984,0.703125
Maniac,CounterTerrorist,737.1506,2849.831,128.0998,M4A1,96,98,-16.60099,224.3867,0,False,False,True,280.8984,1.054688
Maniac,CounterTerrorist,735.8367,2863.831,128.2503,M4A1,96,98,-24.01081,223.7152,0,False,False,True,280.8984,1.054688
Maniac,CounterTerrorist,734.1397,2877.791,128.3945,M4A1,96,98,-29.46926,223.0618,0,False,False,True,281.6016,1.054688
Maniac,CounterTerrorist,732.1221,2891.708,128.5331,M4A1,96,98,-34.35508,222.3617,0,False,False,True,282.3047,1.054688
Maniac,CounterTerrorist,729.8888,2905.373,128.6654,M4A1,96,98,-35.00063,208.4388,0,True,False,True,281.9531,1.054688
Maniac,CounterTerrorist,727.9799,2916.916,128.6925,M4A1,96,98,-21.99862,156.6267,0,True,False,True,281.6016,1.054688
Maniac,CounterTerrorist,727.5014,2924.07,128.685,M4A1,96,98,1.09313,86.68141,0,True,False,True,281.6016,1.054688
Maniac,CounterTerrorist,728.0482,2928.871,128.7431,M4A1,96,98,14.24987,75.16112,0,False,False,True,281.9531,1.054688
Maniac,CounterTerrorist,729.283,2933.487,129.0978,M4A1,96,98,23.49288,72.8034,0,False,False,True,281.9531,1.054688
Maniac,CounterTerrorist,730.9789,2937.956,129.3795,M4A1,96,98,29.58928,70.54591,0,False,False,True,281.9531,1.054688
Maniac,CounterTerrorist,732.6947,2942.413,129.6576,M4A1,96,98,21.80911,73.32539,0,False,False,True,281.9531,1.054688
Maniac,CounterTerrorist,733.6184,2947.1,130.0582,M4A1,96,98,9.884437,75.85875,0,False,False,True,281.9531,1.054688
Maniac,CounterTerrorist,733.9253,2951.869,130.5439,M4A1,96,98,1.49525,76.48539,0,False,False,True,281.9531,1.054688
Maniac,CounterTerrorist,733.8057,2956.647,131.0831,M4A1,96,98,-4.237185,76.38257,0,False,False,True,281.9531,1.054688
Maniac,CounterTerrorist,733.4865,2960.563,131.5522,M4A1,69,94,-4.323403,40.13752,0,False,False,True,281.9531,1.054688
Maniac,CounterTerrorist,733.184,2962.794,131.8343,M4A1,69,94,-6.286973,41.28832,0,False,False,True,281.9531,1.054688
Maniac,CounterTerrorist,732.6983,2965.667,132.2094,M4A1,42,90,-7.176752,39.92907,0,False,False,True,281.9531,1.054688
Maniac,CounterTerrorist,732.2213,2968.197,132.5458,M4A1,8,85,-7.58295,39.24538,0,False,False,True,281.9531,1.054688
Maniac,CounterTerrorist,731.7244,2970.703,132.8819,M4A1,8,85,-8.207753,40.74657,0,False,False,True,281.9531,1.40625
