Name,Team,Position.X,Position.Y,Position.Z,ActiveWeapon,HP,Armour,Velocity.X,Velocity.Y,Velocity.Z,IsDucking,HasHelmet,HasDefuseKit,ViewDirectionX,ViewDirectionY,Map = de_inferno
DAVEY,CounterTerrorist,2480,2112,126.7755,USP,100,0,0,0,0,False,False,False,83.32031,333.9844
DAVEY,CounterTerrorist,2480,2112,126.7755,USP,100,0,0,0,0,False,False,False,83.32031,333.9844
DAVEY,CounterTerrorist,2480,2112,126.7755,USP,100,0,0,0,0,False,False,False,83.32031,333.9844
DAVEY,CounterTerrorist,2480,2112,126.7755,USP,100,0,0,0,0,False,False,False,207.4219,0
DAVEY,CounterTerrorist,2480,2112,126.7755,USP,100,0,0,0,0,False,False,False,207.4219,0
DAVEY,CounterTerrorist,2480,2112,126.7755,USP,100,0,0,0,0,False,False,False,207.4219,0
DAVEY,CounterTerrorist,2480,2112,126.7755,USP,100,0,0,0,0,False,False,False,207.4219,0
DAVEY,CounterTerrorist,2480,2112,126.7755,USP,100,0,0,0,0,False,False,False,207.4219,0
DAVEY,CounterTerrorist,2480,2112,126.7755,USP,100,0,0,0,0,False,False,False,207.4219,0
DAVEY,CounterTerrorist,2480,2112,126.7755,USP,100,0,0,0,0,False,False,False,207.4219,0
DAVEY,CounterTerrorist,2480,2112,126.7755,USP,100,0,0,0,0,False,False,False,207.4219,0
DAVEY,CounterTerrorist,2480,2112,126.7755,USP,100,0,0,0,0,False,False,False,207.4219,0
DAVEY,CounterTerrorist,2480,2112,126.7755,USP,100,0,0,0,0,False,False,False,207.4219,0
DAVEY,CounterTerrorist,2480,2112,126.7755,USP,100,0,0,0,0,False,False,False,207.4219,0
DAVEY,CounterTerrorist,2480,2112,126.7755,USP,100,0,0,0,0,False,False,False,207.4219,0
DAVEY,CounterTerrorist,2480,2112,126.7755,USP,100,0,0,0,0,False,False,False,207.4219,0
DAVEY,CounterTerrorist,2480,2112,126.7755,USP,100,0,0,0,0,False,False,False,207.4219,0
DAVEY,CounterTerrorist,2480,2112,126.7755,USP,100,0,0,0,0,False,False,False,207.4219,0
DAVEY,CounterTerrorist,2480,2112,126.7755,USP,100,0,0,0,0,False,False,False,207.4219,0
DAVEY,CounterTerrorist,2480,2112,126.7755,USP,100,0,0,0,0,False,False,False,207.4219,0
DAVEY,CounterTerrorist,2480,2112,126.7755,USP,100,0,0,0,0,False,False,False,207.4219,0
DAVEY,CounterTerrorist,2480,2112,126.7755,USP,100,0,0,0,0,False,False,False,207.4219,0
DAVEY,CounterTerrorist,2480,2112,126.7755,USP,100,0,0,0,0,False,False,False,207.4219,0
DAVEY,CounterTerrorist,2480,2112,126.7755,USP,100,0,0,0,0,False,False,False,207.4219,0
DAVEY,CounterTerrorist,2480,2112,126.7755,USP,100,0,0,0,0,False,False,False,207.4219,0
DAVEY,CounterTerrorist,2480,2112,126.7755,USP,100,0,0,0,0,False,False,False,207.4219,0
DAVEY,CounterTerrorist,2480,2112,126.7755,USP,100,0,0,0,0,False,False,False,207.4219,0
DAVEY,CounterTerrorist,2480,2112,126.7755,USP,100,0,0,0,0,False,False,False,207.4219,0
DAVEY,CounterTerrorist,2480,2112,126.7755,USP,100,0,0,0,0,False,False,False,198.6328,354.7266
DAVEY,CounterTerrorist,2480,2112,126.7755,USP,100,0,0,0,0,False,False,False,194.4141,356.4844
DAVEY,CounterTerrorist,2480,2112,126.7755,USP,100,0,0,0,0,False,False,False,187.3828,4.570313
DAVEY,CounterTerrorist,2480,2112,126.7755,USP,100,0,0,0,0,False,False,False,172.6172,8.085938
DAVEY,CounterTerrorist,2480,2112,126.7755,USP,100,0,0,0,0,False,False,False,153.9844,8.4375
DAVEY,CounterTerrorist,2480,2112,126.7755,USP,100,0,0,0,0,False,False,False,144.8438,9.140625
DAVEY,CounterTerrorist,2480,2112,126.7755,USP,100,0,0,0,0,False,False,False,143.4375,9.84375
DAVEY,CounterTerrorist,2480,2112,126.7755,USP,100,0,0,0,0,False,False,False,143.4375,9.84375
DAVEY,CounterTerrorist,2480,2112,126.7755,USP,100,0,0,0,0,False,False,False,143.4375,9.84375
DAVEY,CounterTerrorist,2480,2112,126.7755,USP,100,0,0,0,0,False,False,False,143.4375,9.84375
DAVEY,CounterTerrorist,2480,2112,126.7755,USP,100,0,0,0,0,False,False,False,143.4375,9.84375
DAVEY,CounterTerrorist,2480,2112,126.7755,USP,100,0,0,0,0,False,False,False,143.4375,9.84375
DAVEY,CounterTerrorist,2480,2112,126.7755,USP,100,0,0,0,0,False,False,False,143.4375,9.84375
DAVEY,CounterTerrorist,2480,2112,126.7755,USP,100,0,0,0,0,False,False,False,143.0859,9.140625
DAVEY,CounterTerrorist,2480,2112,126.7755,USP,100,0,0,0,0,False,False,False,143.0859,9.140625
DAVEY,CounterTerrorist,2480,2112,126.7755,USP,100,0,0,0,0,True,False,False,143.0859,9.140625
DAVEY,CounterTerrorist,2480,2112,126.7755,USP,100,0,0,0,0,True,False,False,143.0859,9.140625
DAVEY,CounterTerrorist,2480,2112,126.7755,USP,100,0,0,0,0,True,False,False,143.0859,9.140625
DAVEY,CounterTerrorist,2480,2112,126.7755,USP,100,0,0,0,0,False,False,False,143.0859,9.140625
DAVEY,CounterTerrorist,2480,2112,126.7755,USP,100,0,0,0,0,False,False,False,143.0859,9.140625
DAVEY,CounterTerrorist,2480,2112,126.7755,USP,100,0,0,0,0,False,False,False,143.0859,9.140625
DAVEY,CounterTerrorist,2480,2112,126.7755,USP,100,0,0,0,0,False,False,False,143.0859,9.140625
DAVEY,CounterTerrorist,2480,2112,126.7755,USP,100,0,0,0,0,False,False,False,143.0859,9.140625
DAVEY,CounterTerrorist,2480,2112,126.7755,USP,100,0,0,0,0,False,False,False,143.0859,9.140625
DAVEY,CounterTerrorist,2480,2112,126.7755,USP,100,0,0,0,0,False,False,False,143.0859,9.140625
DAVEY,CounterTerrorist,2480,2112,126.7755,USP,100,0,0,0,0,False,False,False,143.0859,9.140625
DAVEY,CounterTerrorist,2480,2112,126.7755,USP,100,0,0,0,0,False,False,False,143.0859,9.140625
DAVEY,CounterTerrorist,2480,2112,126.7755,USP,100,0,0,0,0,False,False,False,143.0859,9.140625
DAVEY,CounterTerrorist,2480,2112,126.7755,USP,100,0,0,0,0,False,False,False,143.0859,9.140625
DAVEY,CounterTerrorist,2480,2112,126.7755,USP,100,0,0,0,0,False,False,False,143.0859,9.140625
DAVEY,CounterTerrorist,2480,2112,126.7755,USP,100,0,0,0,0,False,False,False,143.7891,7.382813
DAVEY,CounterTerrorist,2480,2112,126.7755,USP,100,0,0,0,0,False,False,False,146.9531,358.9453
DAVEY,CounterTerrorist,2480,2112,126.7755,USP,100,0,0,0,0,False,False,False,148.0078,347.3438
DAVEY,CounterTerrorist,2480,2112,126.7755,USP,100,0,0,0,0,False,False,False,146.9531,341.7188
DAVEY,CounterTerrorist,2480,2112,126.7755,USP,100,0,0,0,0,False,False,False,146.6016,341.0156
DAVEY,CounterTerrorist,2480,2112,126.7755,USP,100,0,0,0,0,False,False,False,146.6016,341.0156
DAVEY,CounterTerrorist,2480,2112,126.7755,USP,100,0,0,0,0,False,False,False,146.6016,341.0156
DAVEY,CounterTerrorist,2480,2112,126.7755,USP,100,0,0,0,0,False,False,False,146.9531,338.2031
DAVEY,CounterTerrorist,2480,2112,126.7755,USP,100,0,0,0,0,False,False,False,149.7656,327.3047
DAVEY,CounterTerrorist,2480,2112,126.7755,USP,100,0,0,0,0,False,False,False,151.1719,316.4063
DAVEY,CounterTerrorist,2480,2112,126.7755,USP,100,0,0,0,0,False,False,False,151.5234,310.7813
DAVEY,CounterTerrorist,2480,2112,126.7755,USP,100,0,0,0,0,False,False,False,151.5234,310.4297
DAVEY,CounterTerrorist,2480,2112,126.7755,USP,100,0,0,0,0,False,False,False,151.5234,310.4297
DAVEY,CounterTerrorist,2480,2112,126.7755,USP,100,0,0,0,0,False,False,False,151.5234,310.4297
DAVEY,CounterTerrorist,2480,2112,126.7755,USP,100,0,0,0,0,False,False,False,154.3359,309.7266
DAVEY,CounterTerrorist,2480,2112,126.7755,USP,100,0,0,0,0,False,False,False,158.2031,307.9688
DAVEY,CounterTerrorist,2480,2112,126.7755,USP,100,0,0,0,0,False,False,False,159.9609,306.9141
DAVEY,CounterTerrorist,2480,2112,126.7755,USP,100,0,0,0,0,False,False,False,161.0156,306.9141
DAVEY,CounterTerrorist,2480,2112,126.7755,USP,100,0,0,0,0,False,False,False,163.8281,307.2656
DAVEY,CounterTerrorist,2480,2112,126.7755,USP,100,0,0,0,0,False,False,False,171.2109,311.4844
DAVEY,CounterTerrorist,2480,2112,126.7755,USP,100,0,0,0,0,False,False,False,180,324.1406
DAVEY,CounterTerrorist,2480,2112,126.7755,USP,100,0,0,0,0,False,False,False,186.6797,341.3672
DAVEY,CounterTerrorist,2480,2112,126.7755,M4A4,100,0,0,0,0,False,False,False,192.6563,354.7266
DAVEY,CounterTerrorist,2480,2112,126.7755,M4A4,100,0,0,0,0,False,False,False,196.5234,358.9453
DAVEY,CounterTerrorist,2480,2112,126.7755,M4A4,100,0,0,0,0,False,False,False,200.0391,359.6484
DAVEY,CounterTerrorist,2480,2112,126.7755,M4A4,100,0,0,0,0,True,False,False,207.4219,4.21875
DAVEY,CounterTerrorist,2480,2112,126.7755,M4A4,100,0,0,0,0,True,False,False,220.7813,8.085938
DAVEY,CounterTerrorist,2480,2112,126.7755,M4A4,100,0,0,0,0,True,False,False,227.1094,8.789063
DAVEY,CounterTerrorist,2480,2112,126.7755,M4A4,100,0,0,0,0,False,False,False,227.1094,8.789063
DAVEY,CounterTerrorist,2480,2112,126.7755,M4A4,100,0,0,0,0,False,False,False,227.1094,8.789063
DAVEY,CounterTerrorist,2480,2112,126.7755,M4A4,100,0,0,0,0,False,False,False,227.1094,8.789063
DAVEY,CounterTerrorist,2480,2112,126.7755,M4A4,100,0,0,0,0,False,False,False,232.0313,9.84375
DAVEY,CounterTerrorist,2480,2112,126.7755,M4A4,100,0,0,0,0,False,False,False,236.6016,10.89844
DAVEY,CounterTerrorist,2480,2112,126.7755,M4A4,100,0,0,0,0,False,False,False,239.7656,10.19531
DAVEY,CounterTerrorist,2480,2112,126.7755,M4A4,100,0,0,0,0,False,False,False,240.4688,9.492188
DAVEY,CounterTerrorist,2480,2112,126.7755,M4A4,100,0,0,0,0,False,False,False,240.4688,9.492188
DAVEY,CounterTerrorist,2480,2112,126.7755,M4A4,100,0,0,0,0,False,False,False,240.4688,9.492188
DAVEY,CounterTerrorist,2480,2112,126.7755,M4A4,100,0,0,0,0,False,False,False,240.4688,9.492188
DAVEY,CounterTerrorist,2480,2112,126.7755,M4A4,100,0,0,0,0,False,False,False,240.4688,9.492188
DAVEY,CounterTerrorist,2480,2112,126.7755,M4A4,100,100,0,0,0,False,True,False,240.4688,9.492188
DAVEY,CounterTerrorist,2480,2112,126.7755,M4A4,100,100,0,0,0,False,True,False,240.4688,9.492188
DAVEY,CounterTerrorist,2480,2112,126.7755,M4A4,100,100,0,0,0,False,True,False,240.4688,9.492188
DAVEY,CounterTerrorist,2480,2112,126.7755,M4A4,100,100,0,0,0,False,True,False,240.4688,9.492188
DAVEY,CounterTerrorist,2480,2112,126.7755,M4A4,100,100,0,0,0,False,True,False,240.4688,9.492188
DAVEY,CounterTerrorist,2480,2112,126.7755,M4A4,100,100,0,0,0,False,True,False,240.4688,9.84375
DAVEY,CounterTerrorist,2480,2112,126.7755,M4A4,100,100,0,0,0,False,True,False,229.2188,16.875
DAVEY,CounterTerrorist,2480,2112,126.7755,M4A4,100,100,0,0,0,False,True,False,215.1563,19.6875
DAVEY,CounterTerrorist,2480,2112,126.7755,M4A4,100,100,0,0,0,False,True,False,212.3437,18.98438
DAVEY,CounterTerrorist,2480,2112,126.7755,M4A4,100,100,0,0,0,False,True,False,212.3437,18.63281
DAVEY,CounterTerrorist,2480,2112,126.7755,M4A4,100,100,0,0,0,False,True,False,212.3437,18.28125
DAVEY,CounterTerrorist,2480,2112,126.7755,M4A4,100,100,0,0,0,False,True,False,212.3437,18.28125
DAVEY,CounterTerrorist,2480,2112,126.7755,M4A4,100,100,0,0,0,False,True,False,212.3437,18.28125
DAVEY,CounterTerrorist,2480,2112,126.7755,M4A4,100,100,0,0,0,False,True,True,212.3437,17.92969
DAVEY,CounterTerrorist,2480,2112,126.7755,M4A4,100,100,0,0,0,False,True,True,212.3437,17.57813
DAVEY,CounterTerrorist,2480,2112,126.7755,M4A4,100,100,0,0,0,False,True,True,212.3437,17.57813
DAVEY,CounterTerrorist,2480,2112,126.7755,M4A4,100,100,0,0,0,False,True,True,212.3437,17.57813
DAVEY,CounterTerrorist,2480,2112,126.7755,Knife,100,100,0,0,0,False,True,True,212.3437,17.57813
DAVEY,CounterTerrorist,2480,2112,126.7755,Knife,100,100,0,0,0,False,True,True,212.3437,17.22656
DAVEY,CounterTerrorist,2480,2112,126.7755,Knife,100,100,0,0,0,False,True,True,212.6953,16.875
DAVEY,CounterTerrorist,2480,2112,126.7755,Knife,100,100,0,0,0,False,True,True,213.0469,16.52344
DAVEY,CounterTerrorist,2480,2112,126.7755,HE,100,100,0,0,0,False,True,True,213.0469,16.52344
DAVEY,CounterTerrorist,2480,2112,126.7755,HE,100,100,0,0,0,False,True,True,213.0469,16.52344
DAVEY,CounterTerrorist,2480,2112,126.7755,HE,100,100,0,0,0,False,True,True,213.0469,16.52344
DAVEY,CounterTerrorist,2480,2112,126.7755,HE,100,100,0,0,0,False,True,True,213.0469,16.52344
DAVEY,CounterTerrorist,2480,2112,126.7755,HE,100,100,0,0,0,False,True,True,213.0469,16.52344
DAVEY,CounterTerrorist,2480,2112,126.7755,HE,100,100,0,0,0,False,True,True,213.0469,16.875
DAVEY,CounterTerrorist,2480,2112,126.7755,HE,100,100,0,0,0,False,True,True,213.0469,16.875
DAVEY,CounterTerrorist,2480,2112,126.7755,HE,100,100,0,0,0,False,True,True,213.0469,16.875
DAVEY,CounterTerrorist,2480,2112,126.7755,HE,100,100,0,0,0,False,True,True,213.0469,16.875
DAVEY,CounterTerrorist,2480,2112,126.7755,HE,100,100,0,0,0,False,True,True,213.0469,16.875
DAVEY,CounterTerrorist,2480,2112,126.7755,HE,100,100,0,0,0,False,True,True,215.5078,16.52344
DAVEY,CounterTerrorist,2480,2112,126.7755,HE,100,100,0,0,0,False,True,True,222.5391,16.52344
DAVEY,CounterTerrorist,2480,2112,126.7755,HE,100,100,0,0,0,False,True,True,233.0859,16.875
DAVEY,CounterTerrorist,2480,2112,126.7755,HE,100,100,0,0,0,False,True,True,244.3359,16.17188
DAVEY,CounterTerrorist,2480,2112,126.7755,HE,100,100,0,0,0,False,True,True,252.4219,14.0625
DAVEY,CounterTerrorist,2480,2112,126.7755,Flash,100,100,0,0,0,False,True,True,256.2891,12.30469
DAVEY,CounterTerrorist,2480,2112,126.7755,Smoke,100,100,0,0,0,False,True,True,258.0469,11.25
DAVEY,CounterTerrorist,2480,2112,126.7755,HE,100,100,0,0,0,False,True,True,258.0469,11.25
DAVEY,CounterTerrorist,2480,2112,126.7755,HE,100,100,0,0,0,False,True,True,258.0469,11.25
DAVEY,CounterTerrorist,2480,2112,126.7755,HE,100,100,0,0,0,False,True,True,258.0469,11.25
DAVEY,CounterTerrorist,2480,2112,126.7755,HE,100,100,0,0,0,False,True,True,258.0469,11.25
DAVEY,CounterTerrorist,2480,2112,126.7755,HE,100,100,0,0,0,False,True,True,258.75,11.25
DAVEY,CounterTerrorist,2480,2112,126.7755,HE,100,100,0,0,0,False,True,True,259.8047,10.89844
DAVEY,CounterTerrorist,2480,2112,126.7755,Knife,100,100,0,0,0,False,True,True,259.8047,10.89844
DAVEY,CounterTerrorist,2480,2112,126.7755,Knife,100,100,0,0,0,False,True,True,259.8047,10.89844
DAVEY,CounterTerrorist,2480,2112,126.7755,Knife,100,100,0,0,0,False,True,True,259.8047,10.89844
DAVEY,CounterTerrorist,2480,2112,126.7755,Knife,100,100,0,0,0,False,True,True,259.8047,10.89844
DAVEY,CounterTerrorist,2480,2112,126.7755,Knife,100,100,0,0,0,False,True,True,259.8047,10.89844
DAVEY,CounterTerrorist,2480,2112,126.7755,Knife,100,100,0,0,0,False,True,True,259.8047,10.89844
DAVEY,CounterTerrorist,2480,2112,126.7755,Knife,100,100,0,0,0,False,True,True,259.8047,10.89844
DAVEY,CounterTerrorist,2480,2112,126.7755,Knife,100,100,0,0,0,False,True,True,259.8047,10.89844
DAVEY,CounterTerrorist,2480,2112,126.7755,Knife,100,100,0,0,0,False,True,True,259.8047,10.89844
DAVEY,CounterTerrorist,2480,2112,126.7755,Knife,100,100,0,0,0,False,True,True,259.8047,10.89844
DAVEY,CounterTerrorist,2480,2112,126.7755,Knife,100,100,0,0,0,False,True,True,259.8047,10.89844
DAVEY,CounterTerrorist,2480,2112,126.7755,Knife,100,100,0,0,0,False,True,True,259.8047,10.89844
DAVEY,CounterTerrorist,2480,2112,126.7755,Knife,100,100,0,0,0,False,True,True,259.8047,10.89844
DAVEY,CounterTerrorist,2480,2112,126.7755,Knife,100,100,0,0,0,False,True,True,259.8047,10.89844
DAVEY,CounterTerrorist,2480,2112,126.7755,Knife,100,100,0,0,0,False,True,True,259.8047,10.89844
DAVEY,CounterTerrorist,2480,2112,126.7755,Knife,100,100,0,0,0,False,True,True,259.8047,10.89844
DAVEY,CounterTerrorist,2480,2112,126.7755,Knife,100,100,0,0,0,False,True,True,259.8047,10.89844
DAVEY,CounterTerrorist,2480,2112,126.7755,Knife,100,100,0,0,0,False,True,True,259.8047,10.89844
DAVEY,CounterTerrorist,2480,2112,126.7755,Knife,100,100,0,0,0,False,True,True,259.8047,10.89844
DAVEY,CounterTerrorist,2480,2112,126.7755,Knife,100,100,0,0,0,False,True,True,259.8047,10.89844
DAVEY,CounterTerrorist,2480,2112,126.7755,Knife,100,100,0,0,0,False,True,True,259.8047,10.89844
DAVEY,CounterTerrorist,2480,2112,126.7755,Knife,100,100,0,0,0,False,True,True,259.8047,10.89844
DAVEY,CounterTerrorist,2480,2112,126.7755,Knife,100,100,0,0,0,False,True,True,259.8047,10.89844
DAVEY,CounterTerrorist,2480,2112,126.7755,Knife,100,100,0,0,0,False,True,True,259.8047,10.89844
DAVEY,CounterTerrorist,2480,2112,126.7755,Knife,100,100,0,0,0,False,True,True,259.8047,10.89844
DAVEY,CounterTerrorist,2480,2112,126.7755,Knife,100,100,0,0,0,False,True,True,259.8047,10.89844
DAVEY,CounterTerrorist,2480,2112,126.7755,Knife,100,100,0,0,0,False,True,True,259.8047,10.89844
DAVEY,CounterTerrorist,2480,2112,126.7755,Knife,100,100,0,0,0,False,True,True,259.8047,10.89844
DAVEY,CounterTerrorist,2480,2112,126.7755,Knife,100,100,0,0,0,False,True,True,259.8047,10.89844
DAVEY,CounterTerrorist,2480,2112,126.7755,Knife,100,100,0,0,0,False,True,True,259.8047,10.89844
DAVEY,CounterTerrorist,2480,2112,126.7755,Knife,100,100,0,0,0,False,True,True,259.8047,10.89844
DAVEY,CounterTerrorist,2480,2112,126.7755,Knife,100,100,0,0,0,False,True,True,259.8047,10.89844
DAVEY,CounterTerrorist,2480,2112,126.7755,Knife,100,100,0,0,0,False,True,True,259.8047,10.89844
DAVEY,CounterTerrorist,2480,2112,126.7755,Knife,100,100,0,0,0,False,True,True,259.8047,10.89844
DAVEY,CounterTerrorist,2480,2112,126.7755,Knife,100,100,0,0,0,False,True,True,259.8047,10.89844
DAVEY,CounterTerrorist,2480,2112,126.7755,Knife,100,100,0,0,0,False,True,True,259.8047,10.89844
DAVEY,CounterTerrorist,2480,2112,126.7755,Knife,100,100,0,0,0,False,True,True,259.8047,10.89844
DAVEY,CounterTerrorist,2480,2112,126.7755,Knife,100,100,0,0,0,False,True,True,259.8047,10.89844
DAVEY,CounterTerrorist,2480,2112,126.7755,Knife,100,100,0,0,0,False,True,True,259.8047,10.89844
DAVEY,CounterTerrorist,2480,2112,126.7755,Knife,100,100,0,0,0,False,True,True,259.8047,10.89844
DAVEY,CounterTerrorist,2480,2112,126.7755,Knife,100,100,0,0,0,False,True,True,259.8047,10.89844
DAVEY,CounterTerrorist,2480,2112,126.7755,Knife,100,100,0,0,0,False,True,True,259.8047,10.89844
DAVEY,CounterTerrorist,2480,2112,126.7755,Knife,100,100,0,0,0,False,True,True,259.8047,10.89844
DAVEY,CounterTerrorist,2480,2112,126.7755,Knife,100,100,0,0,0,False,True,True,259.8047,10.89844
DAVEY,CounterTerrorist,2480,2112,126.7755,Knife,100,100,0,0,0,False,True,True,259.8047,10.89844
DAVEY,CounterTerrorist,2480,2112,126.7755,Knife,100,100,0,0,0,False,True,True,259.8047,10.89844
DAVEY,CounterTerrorist,2480,2112,126.7755,Knife,100,100,0,0,0,False,True,True,259.8047,10.89844
DAVEY,CounterTerrorist,2480,2112,126.7755,Knife,100,100,0,0,0,False,True,True,259.8047,10.89844
DAVEY,CounterTerrorist,2480,2112,126.7755,Knife,100,100,0,0,0,False,True,True,259.8047,10.89844
DAVEY,CounterTerrorist,2480,2112,126.7755,Knife,100,100,0,0,0,False,True,True,259.8047,10.89844
DAVEY,CounterTerrorist,2479.959,2111.769,126.7726,Knife,100,100,-3.35904,-18.76421,0,False,True,True,259.8047,10.89844
DAVEY,CounterTerrorist,2479.346,2108.348,126.7299,Knife,100,100,-14.80662,-82.7125,0,False,True,True,259.8047,10.89844
DAVEY,CounterTerrorist,2478.067,2101.201,126.6406,Knife,100,100,-24.44564,-136.5578,0,False,True,True,259.8047,10.89844
DAVEY,CounterTerrorist,2476.524,2092.586,126.533,Knife,100,100,-30.77196,-171.8978,0,False,True,True,259.8047,10.89844
DAVEY,CounterTerrorist,2474.114,2079.123,126.3649,Knife,100,100,-36.77464,-205.4299,0,False,True,True,259.8047,10.89844
DAVEY,CounterTerrorist,2471.992,2067.267,126.2168,Knife,100,100,-40.20676,-224.6024,0,False,True,True,259.8047,10.89844
DAVEY,CounterTerrorist,2469.708,2054.508,126.0452,Knife,100,100,-42.8332,-239.2742,0,False,True,True,259.8047,10.89844
DAVEY,CounterTerrorist,2466.28,2035.36,125.3457,Knife,100,100,-44.05297,-246.088,0,False,True,True,259.8047,10.89844
DAVEY,CounterTerrorist,2463.526,2019.979,124.7838,Knife,100,100,-44.05297,-246.088,0,False,True,True,259.8047,10.89844
DAVEY,CounterTerrorist,2460.772,2004.599,124.682,Knife,100,100,-44.05297,-246.088,0,False,True,True,259.8047,10.89844
DAVEY,CounterTerrorist,2458.018,1989.218,124.7179,Knife,100,100,-44.05297,-246.088,0,False,True,True,259.8047,10.89844
DAVEY,CounterTerrorist,2455.608,1975.76,124.6937,Knife,100,100,-44.05297,-246.088,0,False,True,True,259.8047,10.89844
DAVEY,CounterTerrorist,2452.51,1958.456,124.6939,Knife,100,100,-44.05297,-246.088,0,False,True,True,259.8047,10.89844
DAVEY,CounterTerrorist,2449.756,1943.075,124.9771,Knife,100,100,-44.05297,-246.088,0,False,True,True,259.8047,10.89844
DAVEY,CounterTerrorist,2446.278,1927.952,125.0202,Knife,100,100,-75.85863,-234.0502,0,False,True,True,259.8047,10.89844
DAVEY,CounterTerrorist,2439.954,1913.975,124.7452,Knife,100,100,-118.9305,-216.2994,0,False,True,True,259.8047,10.89844
DAVEY,CounterTerrorist,2431.439,1900.941,124.5556,Knife,100,100,-142.1468,-205.6557,0,False,True,True,259.8047,10.89844
DAVEY,CounterTerrorist,2423.537,1887.473,124.7985,Knife,100,100,-115.2213,-221.865,0,False,True,True,259.8047,10.89844
DAVEY,CounterTerrorist,2417.081,1873.25,125.1758,Knife,100,100,-94.91409,-231.2819,0,False,True,True,259.8047,10.89844
DAVEY,CounterTerrorist,2412.321,1860.435,125.5832,Knife,100,100,-81.69879,-236.2738,0,False,True,True,259.8047,10.89844
DAVEY,CounterTerrorist,2407.08,1843.659,126.592,Knife,100,100,-69.49957,-240.1454,0,False,True,True,259.8047,10.89844
DAVEY,CounterTerrorist,2403.491,1830.467,127.5275,Knife,100,100,-63.04118,-241.9211,0,False,True,True,259.8047,10.89844
DAVEY,CounterTerrorist,2399.744,1815.298,128.6075,Knife,100,100,-57.82854,-243.2198,0,False,True,True,259.8047,10.89844
DAVEY,CounterTerrorist,2395.846,1798.157,129.8318,Knife,100,100,-53.73821,-244.1561,0,False,True,True,259.8047,10.89844
DAVEY,CounterTerrorist,2392.583,1782.877,140.5973,Knife,100,100,-51.16159,-244.709,0,False,True,True,259.8047,10.89844
DAVEY,CounterTerrorist,2388.434,1767.945,148.0635,Knife,100,100,-87.19091,-230.4174,0,False,True,True,259.8047,10.89844
DAVEY,CounterTerrorist,2382.507,1755.829,154.1212,Knife,100,100,-122.9108,-215.453,0,False,True,True,259.8047,10.89844
DAVEY,CounterTerrorist,2373.629,1740.684,160.0313,Knife,100,100,-115.8122,-221.5571,0,False,True,True,259.8047,10.89844
DAVEY,CounterTerrorist,2367.142,1726.475,160.0313,Knife,100,100,-95.35069,-231.1022,0,False,True,True,259.8047,10.89844
DAVEY,CounterTerrorist,2361.732,1711.819,160.0313,Knife,100,100,-80.4174,-236.713,0,False,True,True,259.8047,10.89844
DAVEY,CounterTerrorist,2357.1,1696.897,160.0313,Knife,100,100,-69.7216,-240.081,0,False,True,True,259.8047,10.89844
DAVEY,CounterTerrorist,2353.013,1681.817,160.0313,Knife,100,100,-62.43335,-242.0787,0,False,True,True,259.8047,10.89844
DAVEY,CounterTerrorist,2349.297,1666.64,160.0313,Knife,100,100,-57.4009,-243.3211,0,False,True,True,259.8047,10.89844
DAVEY,CounterTerrorist,2345.842,1651.402,160.0313,Knife,100,100,-53.81435,-244.1393,0,False,True,True,259.8047,10.89844
DAVEY,CounterTerrorist,2342.574,1636.123,160.0313,Knife,100,100,-51.21704,-244.6974,0,False,True,True,259.8047,10.89844
DAVEY,CounterTerrorist,2339.443,1620.815,160.0313,Knife,100,100,-49.32048,-245.0867,0,False,True,True,259.8047,10.89844
DAVEY,CounterTerrorist,2336.773,1605.498,160.0313,Knife,100,100,-25.10203,-244.629,0,False,True,True,259.8047,10.89844
DAVEY,CounterTerrorist,2337.059,1590.26,160.0313,Knife,100,100,25.41923,-243.2394,0,False,True,True,259.8047,10.89844
DAVEY,CounterTerrorist,2340.014,1575.097,160.0313,Knife,100,100,62.58535,-242.0394,0,False,True,True,259.8047,10.89844
DAVEY,CounterTerrorist,2344.968,1560.385,160.0313,Knife,100,100,97.29148,-222.5026,0,False,True,True,259.8047,10.89844
DAVEY,CounterTerrorist,2352.884,1548.134,160.0313,Knife,100,100,147.2961,-177.4255,0,False,True,True,259.8047,10.89844
DAVEY,CounterTerrorist,2363.443,1538.264,160.0313,Knife,100,100,184.1273,-144.2236,0,False,True,True,259.8047,10.89844
DAVEY,CounterTerrorist,2375.947,1530.148,160.0313,Knife,100,100,211.2556,-119.7685,0,False,True,True,259.8047,10.89844
DAVEY,CounterTerrorist,2389.85,1523.33,160.0313,Knife,100,100,228.5655,-101.2809,0,False,True,True,258.0469,11.25
DAVEY,CounterTerrorist,2404.215,1517.206,160.0313,Knife,100,100,225.4164,-107.5704,0,False,True,True,259.8047,11.95313
DAVEY,CounterTerrorist,2417.655,1509.264,160.0313,Knife,100,100,207.4046,-139.5827,0,False,True,True,264.0234,11.25
DAVEY,CounterTerrorist,2430.338,1500.14,160.0313,Knife,100,100,201.8695,-147.4745,0,False,True,True,280.1953,7.03125
DAVEY,CounterTerrorist,2443.063,1491.073,160.0313,Knife,100,100,205.1989,-142.8055,0,False,True,True,284.7656,5.976563
DAVEY,CounterTerrorist,2456.027,1482.353,160.0313,Knife,100,100,209.2376,-136.8197,0,False,True,True,286.5234,5.625
DAVEY,CounterTerrorist,2469.218,1473.978,160.0313,Knife,100,100,212.1416,-132.2723,0,False,True,True,285.8203,5.625
DAVEY,CounterTerrorist,2482.515,1465.773,160.0313,Knife,100,100,212.9095,-131.0326,0,False,True,True,283.0078,4.921875
DAVEY,CounterTerrorist,2495.732,1457.44,160.0313,Knife,100,100,209.3087,-136.7109,0,False,True,True,273.8672,4.921875
DAVEY,CounterTerrorist,2508.43,1448.344,160.0313,Knife,100,100,196.9727,-153.9537,0,False,True,True,259.8047,4.570313
DAVEY,CounterTerrorist,2518.865,1437.703,160.0313,Knife,100,100,134.5505,-183.7346,0,False,True,True,249.9609,4.921875
DAVEY,CounterTerrorist,2524.94,1425.371,160.0313,Knife,100,100,70.5955,-206.68,0,False,True,True,247.8516,4.21875
DAVEY,CounterTerrorist,2527.6,1411.842,160.0313,Knife,100,100,22.88215,-223.3394,0,False,True,True,247.8516,4.21875
DAVEY,CounterTerrorist,2529.44,1397.439,160.0313,Knife,100,100,40.14115,-235.3967,0,False,True,True,247.8516,4.21875
DAVEY,CounterTerrorist,2532.621,1382.404,160.0313,Knife,100,100,57.35317,-243.3323,0,False,True,True,244.3359,4.570313
DAVEY,CounterTerrorist,2536.242,1367.204,160.0313,Knife,100,100,55.42669,-243.7784,0,False,True,True,230.9766,4.921875
DAVEY,CounterTerrorist,2539.031,1351.836,160.0313,Knife,100,100,34.22923,-247.6456,0,False,True,True,215.8594,5.625
DAVEY,CounterTerrorist,2540.135,1336.259,160.0313,Knife,100,100,4.370402,-249.9618,0,False,True,True,206.3672,5.976563
DAVEY,CounterTerrorist,2539.382,1320.66,160.0313,Knife,100,100,-23.92019,-248.853,0,False,True,True,203.5547,5.625
DAVEY,CounterTerrorist,2537.201,1305.191,160.0313,Knife,100,100,-40.92124,-246.6282,0,False,True,True,209.8828,5.625
DAVEY,CounterTerrorist,2534.695,1289.769,160.0313,Knife,100,100,-36.14817,-247.3728,0,False,True,True,226.0547,5.273438
DAVEY,CounterTerrorist,2533.065,1274.233,160.0313,Knife,100,100,-17.86596,-249.3608,0,False,True,True,232.7344,5.625
DAVEY,CounterTerrorist,2532.524,1258.619,160.0313,Knife,100,100,-2.259767,-249.9898,0,False,True,True,233.0859,4.921875
DAVEY,CounterTerrorist,2532.715,1244.95,160.0313,Knife,100,100,7.30178,-249.8934,0,False,True,True,232.7344,4.570313
DAVEY,CounterTerrorist,2533.562,1227.393,160.0313,Knife,100,100,15.30515,-249.5311,0,False,True,True,232.3828,4.570313
DAVEY,CounterTerrorist,2533.317,1213.854,160.0313,Knife,100,100,-23.71326,-245.7428,0,False,True,True,232.3828,4.570313
DAVEY,CounterTerrorist,2529.771,1196.782,160.0313,Knife,100,100,-69.71735,-240.0822,0,False,True,True,230.625,4.570313
DAVEY,CounterTerrorist,2524.349,1182.138,160.0313,Knife,100,100,-98.6063,-229.732,0,False,True,True,229.5703,4.21875
DAVEY,CounterTerrorist,2517.43,1168.134,160.0313,Knife,100,100,-119.0088,-219.8566,0,False,True,True,229.2188,3.867188
DAVEY,CounterTerrorist,2509.476,1154.688,160.0313,Knife,100,100,-132.899,-211.7496,0,False,True,True,229.2188,3.867188
DAVEY,CounterTerrorist,2500.79,1141.704,160.0313,Knife,100,100,-146.1702,-202.6433,0,False,True,True,229.2188,3.867188
DAVEY,CounterTerrorist,2490.252,1130.822,160.0313,Knife,100,100,-184.3673,-153.7331,0,False,True,True,227.4609,3.515625
DAVEY,CounterTerrorist,2477.716,1122.685,160.0313,Knife,100,100,-209.5059,-107.1698,0,False,True,True,225.7031,3.164063
DAVEY,CounterTerrorist,2464.629,1118.994,160.0313,Knife,100,100,-209.3199,-25.28716,0,False,True,True,225.7031,3.164063
DAVEY,CounterTerrorist,2451.531,1119.593,160.0313,Knife,100,100,-211.8289,30.59866,0,False,True,True,226.0547,3.164063
DAVEY,CounterTerrorist,2439.34,1120.953,160.0313,Knife,100,100,-230.497,20.40383,0,False,True,True,228.8672,3.515625
DAVEY,CounterTerrorist,2423.057,1120.659,160.0313,Knife,100,100,-224.8391,-35.13168,0,False,True,True,233.789,5.273438
DAVEY,CounterTerrorist,2409.563,1116.49,160.0313,Knife,100,100,-209.1167,-89.19935,0,False,True,True,236.6016,5.976563
DAVEY,CounterTerrorist,2396.988,1109.407,160.0313,Knife,100,100,-195.3054,-130.5044,0,False,True,True,238.3594,6.328125
DAVEY,CounterTerrorist,2385.22,1100.093,156.1797,Knife,100,100,-183.0468,-162.211,0,False,True,True,240.1172,6.328125
DAVEY,CounterTerrorist,2374.234,1089.151,155.3607,HE,100,100,-166.3945,-179.8273,0,False,True,True,241.1719,6.328125
DAVEY,CounterTerrorist,2364.366,1077.447,154.59,Flash,100,100,-151.429,-192.5987,0,False,True,True,243.9844,6.328125
DAVEY,CounterTerrorist,2356.488,1066.612,153.9469,Smoke,100,100,-138.3511,-202.1979,0,False,True,True,247.8516,7.382813
DAVEY,CounterTerrorist,2347.558,1051.89,153.1461,HE,100,100,-116.5919,-215.4793,0,False,True,True,258.75,10.89844
DAVEY,CounterTerrorist,2341.25,1037.95,152.6223,HE,100,100,-87.12482,-228.9853,0,False,True,True,273.5156,14.76563
DAVEY,CounterTerrorist,2337.083,1023.232,152.3526,HE,100,100,-50.39788,-239.7604,0,False,True,True,283.7109,17.92969
DAVEY,CounterTerrorist,2335.175,1008.051,152.3461,HE,100,100,-16.07664,-244.472,0,False,True,True,286.5234,19.33594
DAVEY,CounterTerrorist,2335.052,992.7447,152.3195,HE,100,100,7.551311,-244.8836,0,False,True,True,284.7656,17.57813
DAVEY,CounterTerrorist,2336.129,977.4728,152.4552,HE,100,100,23.91192,-243.8303,0,False,True,True,284.7656,17.57813
DAVEY,CounterTerrorist,2337.986,962.5501,152.2753,USP,100,100,34.17345,-237.5546,0,False,True,True,284.4141,17.22656
DAVEY,CounterTerrorist,2340.373,947.7418,152.1162,USP,100,100,40.76453,-236.5127,0,False,True,True,283.3594,17.57813
DAVEY,CounterTerrorist,2342.696,934.8239,152.0046,USP,100,100,43.37874,-236.0472,0,False,True,True,281.9531,18.28125
DAVEY,CounterTerrorist,2345.813,918.2393,151.8768,USP,100,100,44.95006,-235.753,0,False,True,True,281.6016,19.33594
DAVEY,CounterTerrorist,2350.25,904.1222,151.8784,USP,100,100,85.52629,-221.0799,0,False,True,True,280.1953,21.79688
DAVEY,CounterTerrorist,2354.87,891.8762,151.7731,USP,100,100,64.40765,-170.7478,0,False,True,True,279.4922,23.90625
DAVEY,CounterTerrorist,2358.272,882.8563,151.6956,USP,100,100,47.43986,-125.7653,0,True,True,True,278.4375,26.36719
DAVEY,CounterTerrorist,2360.778,876.2126,151.6385,USP,100,100,34.94212,-92.63324,0,True,True,True,278.0859,27.07031
DAVEY,CounterTerrorist,2362.625,871.3192,151.5965,USP,100,100,25.73684,-68.22959,0,True,True,True,276.6797,28.125
DAVEY,CounterTerrorist,2363.954,867.7949,151.5662,USP,100,100,17.7958,-47.17753,0,False,True,True,276.3281,28.82813
DAVEY,CounterTerrorist,2364.787,865.5864,151.5472,USP,100,100,9.85476,-26.12545,0,False,True,True,276.3281,30.23438
DAVEY,CounterTerrorist,2365.124,864.6937,151.5395,USP,100,100,1.913723,-5.073374,0,False,True,True,277.0313,33.75
DAVEY,CounterTerrorist,2365.131,864.6746,151.5394,USP,100,100,0,0,0,False,True,True,278.0859,39.02344
DAVEY,CounterTerrorist,2365.131,864.6746,151.5394,USP,100,100,0,0,0,False,True,True,281.25,41.13281
DAVEY,CounterTerrorist,2365.131,864.6746,151.5394,USP,100,100,0,0,0,False,True,True,282.3047,43.24219
DAVEY,CounterTerrorist,2365.131,864.6746,151.5394,USP,100,100,0,0,0,False,True,True,282.3047,43.59375
DAVEY,CounterTerrorist,2365.131,864.6746,151.5394,USP,100,100,0,0,0,False,True,True,282.3047,43.94531
DAVEY,CounterTerrorist,2365.133,864.6456,151.5386,USP,100,100,0.2509598,-3.710272,0,False,True,True,273.8672,40.07813
DAVEY,CounterTerrorist,2365.124,864.1589,151.5234,USP,100,100,-0.6753598,-10.93871,0,True,True,True,264.7266,33.04688
DAVEY,CounterTerrorist,2365.03,863.2242,151.4899,USP,100,100,-2.018711,-18.09008,0,True,True,True,263.3203,32.34375
DAVEY,CounterTerrorist,2364.876,861.8402,151.4393,USP,100,100,-2.848087,-25.29239,0,True,True,True,263.3203,31.64063
DAVEY,CounterTerrorist,2364.643,860.0096,151.3708,USP,100,100,-4.541023,-32.37471,0,True,True,True,260.1563,26.36719
DAVEY,CounterTerrorist,2364.296,857.7383,151.2825,USP,100,100,-6.301984,-39.43369,0,True,True,True,260.1563,25.3125
DAVEY,CounterTerrorist,2363.524,853.1597,151.1004,USP,100,100,-16.8611,-98.78382,0,False,True,True,260.1563,25.3125
DAVEY,CounterTerrorist,2362.187,845.2699,150.7861,USP,100,100,-23.91609,-145.6107,0,False,True,True,262.6172,24.25781
DAVEY,CounterTerrorist,2360.743,834.8768,150.3902,USP,100,100,-20.91757,-180.8844,0,False,True,True,270.7031,24.25781
DAVEY,CounterTerrorist,2359.744,822.6149,149.9634,USP,100,100,-12.30637,-206.9291,0,False,True,True,272.4609,25.3125
DAVEY,CounterTerrorist,2359.217,808.9777,149.5221,USP,100,100,-5.715203,-226.1031,0,False,True,True,272.4609,25.3125
DAVEY,CounterTerrorist,2359.04,794.3294,149.4959,USP,100,100,-0.7056549,-239.999,0,False,True,True,273.1641,26.01563
DAVEY,CounterTerrorist,2359.152,779.3301,149.5148,USP,100,100,3.735637,-239.9709,0,False,True,True,274.2188,27.77344
DAVEY,CounterTerrorist,2359.539,764.3353,149.3204,USP,100,100,8.450387,-239.8512,0,False,True,True,276.6797,27.42188
DAVEY,CounterTerrorist,2360.436,749.3639,148.4229,USP,100,100,20.17476,-239.1505,0,False,True,True,284.7656,29.88281
DAVEY,CounterTerrorist,2362.187,734.4684,147.6594,USP,100,100,33.32732,-237.6748,0,False,True,True,284.4141,26.36719
DAVEY,CounterTerrorist,2364.157,721.4922,147.0612,USP,100,100,36.79959,-237.1619,0,False,True,True,278.7891,20.74219
DAVEY,CounterTerrorist,2364.157,721.4922,147.0612,USP,100,100,36.79959,-237.1619,0,False,True,True,278.7891,20.74219
DAVEY,CounterTerrorist,2364.157,721.4922,147.0612,USP,100,100,36.79959,-237.1619,0,False,True,True,278.7891,20.74219
DAVEY,CounterTerrorist,2360.483,681.7532,145.0507,USP,100,100,-46.24564,-235.4355,0,False,True,True,269.6484,12.30469
DAVEY,CounterTerrorist,2358.085,666.9481,144.4476,USP,100,100,-32.82346,-237.7449,0,False,True,True,270,11.60156
DAVEY,CounterTerrorist,2356.403,652.0437,143.8671,USP,100,100,-22.69635,-238.9244,0,False,True,True,270.7031,10.89844
DAVEY,CounterTerrorist,2355.257,637.0881,143.3042,USP,100,100,-15.32943,-239.5099,0,False,True,True,270.7031,10.19531
DAVEY,CounterTerrorist,2354.492,622.108,142.7543,USP,100,100,-10.08025,-239.7882,0,False,True,True,271.0547,9.492188
DAVEY,CounterTerrorist,2354.001,607.5278,142.2283,USP,100,100,-6.589817,-213.8984,0,False,True,True,271.7578,8.789063
DAVEY,CounterTerrorist,2353.653,596.2285,141.8218,USP,100,100,-4.85377,-157.5481,0,False,True,True,271.7578,9.140625
DAVEY,CounterTerrorist,2353.397,587.9059,141.5224,USP,100,100,-3.575074,-116.0431,0,False,True,True,271.7578,9.492188
DAVEY,CounterTerrorist,2353.208,581.7758,141.3019,USP,100,100,-2.633243,-85.47224,0,False,True,True,271.7578,9.492188
DAVEY,CounterTerrorist,2353.069,577.2733,141.1399,USP,100,100,-1.913497,-62.11006,0,False,True,True,271.7578,9.492188
DAVEY,CounterTerrorist,2352.974,574.1821,141.0287,USP,100,100,-1.220642,-39.62074,0,False,True,True,271.4063,9.492188
DAVEY,CounterTerrorist,2352.922,572.4964,140.9681,USP,100,100,-0.5277871,-17.13141,0,False,True,True,279.1406,10.54688
DAVEY,CounterTerrorist,2352.912,572.1566,140.9558,USP,100,100,0,0,0,False,True,True,328.7109,16.17188
DAVEY,CounterTerrorist,2352.761,573.9256,141.0121,USP,100,100,-14.00004,52.47485,0,False,True,True,36.5625,21.79688
DAVEY,CounterTerrorist,2350.425,578.7302,141.0947,USP,100,100,-50.10513,97.84438,0,False,True,True,76.28906,17.57813
DAVEY,CounterTerrorist,2346.254,586.139,141.3204,USP,100,100,-78.55002,132.9499,0,False,True,True,79.45313,15.82031
DAVEY,CounterTerrorist,2341.159,595.5193,141.6679,USP,100,100,-69.98444,165.0211,0,False,True,True,79.45313,15.82031
DAVEY,CounterTerrorist,2337.953,606.9006,142.0775,USP,100,100,-38.17579,194.0894,0,False,True,True,79.45313,15.82031
DAVEY,CounterTerrorist,2336.399,619.8223,142.5342,USP,100,100,-16.04722,215.7213,0,False,True,True,81.5625,13.71094
DAVEY,CounterTerrorist,2335.832,633.8292,143.0159,USP,100,100,-5.599869,221.8369,0,False,True,True,85.78125,11.25
DAVEY,CounterTerrorist,2335.505,646.7766,143.4516,USP,100,100,-3.969945,157.268,0,False,True,True,86.83594,10.19531
DAVEY,CounterTerrorist,2335.318,654.1795,143.7008,USP,100,100,-3.038013,120.3499,0,False,True,True,88.59375,10.89844
DAVEY,CounterTerrorist,2335.158,660.5371,143.9147,USP,100,100,-2.237668,88.64442,0,False,True,True,91.75781,11.95313
DAVEY,CounterTerrorist,2335.04,665.2136,144.0721,USP,100,100,-1.635492,64.78946,0,False,True,True,91.75781,12.65625
DAVEY,CounterTerrorist,2334.958,668.4722,144.1707,USP,100,100,-1.067701,42.29663,0,False,True,True,91.75781,12.65625
DAVEY,CounterTerrorist,2334.911,670.325,144.233,USP,100,100,-0.4999109,19.8038,0,False,True,True,91.40625,13.00781
DAVEY,CounterTerrorist,2334.899,670.7919,144.2523,USP,100,100,0,0,0,False,True,True,91.40625,13.00781
DAVEY,CounterTerrorist,2334.899,670.7919,144.2523,USP,100,100,0,0,0,False,True,True,92.46094,12.30469
DAVEY,CounterTerrorist,2334.899,670.7919,144.2523,USP,100,100,0,0,0,False,True,True,100.1953,7.03125
DAVEY,CounterTerrorist,2334.899,670.7919,144.2523,USP,100,100,0,0,0,False,True,True,108.6328,3.515625
DAVEY,CounterTerrorist,2334.899,670.7919,144.2523,USP,100,100,0,0,0,False,True,True,109.6875,3.164063
DAVEY,CounterTerrorist,2334.899,670.7919,144.2523,USP,100,100,0,0,0,False,True,True,109.3359,2.8125
DAVEY,CounterTerrorist,2334.899,670.7919,144.2523,USP,100,100,0,0,0,False,True,True,106.1719,3.867188
DAVEY,CounterTerrorist,2334.899,670.7919,144.2523,USP,100,100,0,0,0,False,True,True,105.8203,4.21875
DAVEY,CounterTerrorist,2334.899,670.7919,144.2523,USP,100,100,0,0,0,False,True,True,105.4687,4.570313
DAVEY,CounterTerrorist,2334.899,670.7919,144.2523,USP,100,100,0,0,0,False,True,True,104.7656,4.921875
DAVEY,CounterTerrorist,2334.899,670.7919,144.2523,USP,100,100,0,0,0,False,True,True,104.7656,4.921875
DAVEY,CounterTerrorist,2334.899,670.7919,144.2523,USP,100,100,0,0,0,False,True,True,104.7656,4.921875
DAVEY,CounterTerrorist,2334.899,670.7919,144.2523,USP,100,100,0,0,0,False,True,True,104.7656,4.921875
DAVEY,CounterTerrorist,2334.899,670.7919,144.2523,USP,100,100,0,0,0,False,True,True,104.7656,4.921875
DAVEY,CounterTerrorist,2334.899,670.7919,144.2523,USP,100,100,0,0,0,False,True,True,105.1172,4.921875
DAVEY,CounterTerrorist,2334.899,670.7919,144.2523,USP,100,100,0,0,0,False,True,True,105.1172,4.921875
DAVEY,CounterTerrorist,2334.899,670.7919,144.2523,USP,100,100,0,0,0,False,True,True,105.1172,4.921875
DAVEY,CounterTerrorist,2335.26,669.4466,144.2146,USP,100,100,12.47742,-47.31796,0,False,True,True,103.7109,4.921875
DAVEY,CounterTerrorist,2336.234,665.1684,144.0706,USP,100,100,14.48321,-66.52048,0,False,True,True,79.80469,7.382813
DAVEY,CounterTerrorist,2336.971,661.7838,143.9567,USP,100,100,9.696528,-44.53553,0,False,True,True,17.57813,8.4375
DAVEY,CounterTerrorist,2338.438,659.2311,143.8708,USP,100,100,45.69142,-50.04974,0,False,True,True,316.7578,3.867188
DAVEY,CounterTerrorist,2341.992,654.1832,143.7009,USP,100,100,59.47362,-104.8718,0,False,True,True,283.7109,2.8125
DAVEY,CounterTerrorist,2345.771,646.0106,143.4092,USP,100,100,61.1648,-148.9366,0,False,True,True,283.7109,2.8125
DAVEY,CounterTerrorist,2349.64,635.5103,143.0453,USP,100,100,62.41046,-181.3928,0,False,True,True,283.7109,2.8125
DAVEY,CounterTerrorist,2353.574,623.2953,142.7624,USP,100,100,63.32795,-205.2986,0,False,True,True,283.7109,2.8125
DAVEY,CounterTerrorist,2357.504,609.8068,142.4348,USP,100,100,60.70203,-223.5355,0,False,True,True,276.3281,4.21875
DAVEY,CounterTerrorist,2360.538,595.3077,142.0396,USP,100,100,35.45806,-237.3662,0,False,True,True,253.8281,7.382813
DAVEY,CounterTerrorist,2361.339,580.3473,141.5472,USP,100,100,-5.14857,-239.9448,0,False,True,True,241.1719,8.085938
DAVEY,CounterTerrorist,2359.721,565.4476,140.9691,USP,100,100,-40.20258,-236.6089,0,False,True,True,240.4688,7.734375
DAVEY,CounterTerrorist,2356.347,550.8373,140.1612,USP,100,100,-59.82523,-232.4241,0,False,True,True,240.4688,7.734375
DAVEY,CounterTerrorist,2353.918,536.049,139.2732,USP,100,100,-24.10072,-238.7868,0,False,True,True,240.4688,7.734375
DAVEY,CounterTerrorist,2353.371,521.0659,138.443,USP,100,100,1.916312,-239.9923,0,False,True,True,240.4688,7.734375
DAVEY,CounterTerrorist,2354.173,506.0909,137.6622,USP,100,100,20.38168,-239.133,0,False,True,True,240.4688,7.734375
DAVEY,CounterTerrorist,2355.93,491.196,136.9203,USP,100,100,33.39061,-237.6659,0,False,True,True,240.1172,8.085938
DAVEY,CounterTerrorist,2358.334,476.3907,136.2068,USP,100,100,41.76289,-236.3384,0,False,True,True,239.4141,8.085938
DAVEY,CounterTerrorist,2360.932,461.6443,135.5035,USP,100,100,31.18806,-235.9828,0,False,True,True,238.711,8.085938
DAVEY,CounterTerrorist,2361.176,446.8617,134.7128,USP,100,100,-15.25773,-236.8993,0,False,True,True,238.711,8.085938
DAVEY,CounterTerrorist,2359.004,432.1903,133.8405,M4A4,100,100,-45.25259,-220.4024,0,False,True,True,238.711,8.085938
DAVEY,CounterTerrorist,2354.811,416.9438,132.8637,M4A4,100,100,-69.70384,-213.9308,0,False,True,True,238.3594,7.382813
DAVEY,CounterTerrorist,2350.55,405.4029,132.0848,M4A4,100,100,-83.77182,-208.8236,0,False,True,True,236.6016,4.921875
DAVEY,CounterTerrorist,2345.213,392.3967,131.2648,M4A4,100,100,-75.54525,-211.9385,0,False,True,True,232.3828,0.703125
DAVEY,CounterTerrorist,2341.568,378.8254,130.5144,M4A4,100,100,-46.17752,-220.2104,0,False,True,True,232.0313,0.3515625
DAVEY,CounterTerrorist,2339.475,364.9248,129.7028,M4A4,100,100,-24.65836,-223.6447,0,False,True,True,232.0313,0.3515625
DAVEY,CounterTerrorist,2338.501,350.8987,128.868,M4A4,100,100,-9.28632,-224.8083,0,False,True,True,232.0313,0.3515625
DAVEY,CounterTerrorist,2338.322,336.8386,128.3243,M4A4,100,100,1.605363,-224.9943,0,False,True,True,232.0313,0.3515625
DAVEY,CounterTerrorist,2338.679,322.7811,127.8398,M4A4,100,100,8.159785,-224.852,0,False,True,True,230.625,358.9453
DAVEY,CounterTerrorist,2339.244,309.3654,127.4986,M4A4,100,100,8.35547,-192.9206,0,False,True,True,228.5156,358.2422
DAVEY,CounterTerrorist,2339.686,299.1742,127.24,M4A4,100,100,6.154273,-142.0968,0,False,True,True,226.4063,357.5391
DAVEY,CounterTerrorist,2339.98,291.7121,127.0492,M4A4,100,100,3.920627,-116.9343,0,False,True,True,223.9453,357.1875
DAVEY,CounterTerrorist,2340.145,284.4016,126.8557,M4A4,100,100,1.4535,-116.991,0,False,True,True,221.4844,357.1875
DAVEY,CounterTerrorist,2340.121,277.0894,126.6524,M4A4,100,100,-1.915713,-116.9843,0,False,True,True,219.0234,356.8359
DAVEY,CounterTerrorist,2339.896,269.7806,126.4385,M4A4,100,100,-4.767094,-116.9028,0,False,True,True,219.0234,356.8359
DAVEY,CounterTerrorist,2339.524,262.4776,126.2171,M4A4,100,100,-6.764299,-116.8043,0,False,True,True,219.0234,356.8359
DAVEY,CounterTerrorist,2339.049,255.1806,125.9905,M4A4,100,100,-8.196233,-116.7126,0,False,True,True,219.0234,356.8359
DAVEY,CounterTerrorist,2338.499,247.8888,125.7601,M4A4,100,100,-9.238436,-116.6347,0,False,True,True,218.6719,356.4844
DAVEY,CounterTerrorist,2337.886,240.6021,125.5266,M4A4,100,100,-10.21333,-116.5534,0,False,True,True,218.6719,356.1328
DAVEY,CounterTerrorist,2337.219,233.3201,125.2903,M4A4,100,100,-11.0354,-116.4784,0,False,True,True,218.3203,356.1328
DAVEY,CounterTerrorist,2336.498,226.0432,125.0514,M4A4,100,100,-11.92198,-116.391,0,False,True,True,217.9688,355.7813
DAVEY,CounterTerrorist,2335.726,218.7716,124.8099,M4A4,100,100,-12.65041,-116.3141,0,False,True,True,217.9688,355.7813
DAVEY,CounterTerrorist,2334.916,211.5042,124.5665,M4A4,100,100,-13.1846,-116.2547,0,False,True,True,217.9688,355.7813
DAVEY,CounterTerrorist,2334.077,204.24,124.3217,M4A4,100,100,-13.61015,-116.2057,0,False,True,True,217.6172,355.7813
DAVEY,CounterTerrorist,2333.214,196.9786,124.0757,M4A4,100,100,-13.9325,-116.1675,0,False,True,True,217.6172,355.7813
DAVEY,CounterTerrorist,2331.535,189.8986,123.792,M4A4,100,100,-38.75324,-110.3956,0,False,True,True,217.6172,355.4297
DAVEY,CounterTerrorist,2328.322,183.465,123.4457,M4A4,100,100,-62.47204,-91.61971,0,False,True,True,218.3203,354.0234
DAVEY,CounterTerrorist,2323.563,178.7782,123.0667,M4A4,100,100,-85.76689,-63.4714,0,False,True,True,219.7266,351.9141
DAVEY,CounterTerrorist,2317.57,175.5483,122.6632,M4A4,100,100,-102.9961,-43.51552,0,False,True,True,220.7813,350.1563
DAVEY,CounterTerrorist,2311.219,173.6522,122.2779,M4A4,100,100,-86.93976,-28.77029,0,False,True,True,222.5391,348.3984
DAVEY,CounterTerrorist,2307.633,171.0648,122.0184,M4A4,100,100,-36.18729,-49.82979,0,False,True,True,222.5391,348.3984
DAVEY,CounterTerrorist,2306.028,167.1549,121.8262,M4A4,100,100,-22.649,-73.27513,0,False,True,True,222.5391,348.3984
DAVEY,CounterTerrorist,2304.773,161.818,121.6619,M4A4,100,100,-18.28127,-93.8949,0,False,True,True,222.5391,348.3984
DAVEY,CounterTerrorist,2304.379,155.6245,121.8778,M4A4,100,100,7.2861,-100.842,0,False,True,True,222.5391,348.75
DAVEY,CounterTerrorist,2306.021,148.3964,122.2188,M4A4,100,100,34.71873,-104.2823,0,False,True,True,221.8359,348.75
DAVEY,CounterTerrorist,2308.417,142.6264,122.5337,M4A4,100,100,49.70915,-105.9151,0,False,True,True,220.7813,349.4531
DAVEY,CounterTerrorist,2310.652,137.5196,122.8197,M4A4,100,100,18.88822,-56.59106,0,False,True,True,220.4297,349.8047
DAVEY,CounterTerrorist,2311.013,136.1094,122.8804,M4A4,100,100,1.487119,5.10483,0,False,True,True,219.7266,350.1563
DAVEY,CounterTerrorist,2311.135,137.2414,122.8586,M4A4,100,100,2.81668,28.13871,0,False,True,True,219.375,350.5078
DAVEY,CounterTerrorist,2311.387,139.805,122.8037,M4A4,100,100,4.996994,51.03519,0,False,True,True,219.375,350.5078
DAVEY,CounterTerrorist,2311.777,143.7996,122.7173,M4A4,100,100,7.203114,73.92915,0,False,True,True,219.375,350.8594
DAVEY,CounterTerrorist,2312.297,149.1641,122.5397,M4A4,100,100,9.072147,94.20979,0,False,True,True,219.7266,351.2109
DAVEY,CounterTerrorist,2312.905,155.6023,122.3256,M4A4,100,100,10.11637,109.1984,0,False,True,True,220.4297,351.2109
DAVEY,CounterTerrorist,2313.551,162.7749,122.0995,M4A4,100,100,10.29409,116.5463,0,False,True,True,220.4297,351.2109
DAVEY,CounterTerrorist,2314.177,170.0605,122.3337,M4A4,100,100,9.751136,116.5929,0,False,True,True,221.1328,351.2109
DAVEY,CounterTerrorist,2314.99,176.3933,122.5514,M4A4,100,100,24.18547,114.392,0,False,True,True,221.8359,351.2109
DAVEY,CounterTerrorist,2317.828,183.935,122.9086,M4A4,100,100,54.82817,95.07756,0,False,True,True,221.8359,351.2109
DAVEY,CounterTerrorist,2322.189,188.8766,123.2738,M4A4,100,100,80.27873,67.82411,0,False,True,True,221.8359,351.2109
DAVEY,CounterTerrorist,2327.895,192.3785,123.6697,M4A4,100,100,99.0245,47.75043,0,False,True,True,221.8359,351.2109
DAVEY,CounterTerrorist,2334.587,194.8207,124.0881,M4A4,100,100,112.2905,32.86087,0,False,True,True,221.8359,351.2109
DAVEY,CounterTerrorist,2341.401,197.4587,124.5182,M4A4,100,100,106.4784,48.49067,0,False,True,True,221.8359,351.5625
DAVEY,CounterTerrorist,2347.702,201.0389,124.8788,M4A4,100,100,91.87682,67.52208,0,False,True,True,221.8359,351.5625
DAVEY,CounterTerrorist,2352.608,206.0594,125.0769,M4A4,100,100,65.87709,88.19233,0,False,True,True,221.8359,351.5625
DAVEY,CounterTerrorist,2355.534,211.3405,125.2583,M4A4,100,100,39.49746,75.09597,0,False,True,True,221.8359,351.5625
DAVEY,CounterTerrorist,2358.029,214.8176,125.3846,M4A4,100,100,45.75898,34.62111,0,False,True,True,221.8359,351.9141
DAVEY,CounterTerrorist,2361.158,215.5793,125.4384,M4A4,100,100,47.61294,2.597038,0,False,True,True,221.8359,351.9141
DAVEY,CounterTerrorist,2363.344,215.6985,125.4732,M4A4,100,100,25.14633,1.371601,0,False,True,True,221.8359,352.9688
DAVEY,CounterTerrorist,2363.906,215.9784,125.4732,M4A4,100,100,-5.956892,10.5413,0,False,True,True,221.8359,352.9688
DAVEY,CounterTerrorist,2362.954,217.1518,125.5056,M4A4,100,100,-18.9966,22.25786,0,False,True,True,221.8359,352.9688
DAVEY,CounterTerrorist,2362.738,217.4224,125.5056,M4A4,100,100,7.652234,-8.50057,0,False,True,True,221.8359,352.6172
DAVEY,CounterTerrorist,2363.757,216.2902,125.4946,M4A4,100,100,23.04033,-25.59461,0,False,True,True,221.8359,352.6172
DAVEY,CounterTerrorist,2365.441,214.4198,125.4632,M4A4,100,100,23.2076,-25.78042,0,False,True,True,221.8359,352.6172
DAVEY,CounterTerrorist,2365.825,213.9919,125.4538,M4A4,100,100,-7.150443,7.943151,0,False,True,True,221.8359,352.6172
DAVEY,CounterTerrorist,2364.838,215.0894,125.4711,M4A4,100,100,-22.53855,25.03719,0,False,True,True,221.8359,352.6172
DAVEY,CounterTerrorist,2363.542,216.5286,125.4887,M4A4,100,100,-11.29603,12.53657,0,False,True,True,221.8359,352.2656
DAVEY,CounterTerrorist,2363.901,216.128,125.4887,M4A4,100,100,13.40215,-14.92937,0,False,True,True,221.8359,352.2656
DAVEY,CounterTerrorist,2365.279,214.5932,125.466,M4A4,100,100,28.76661,-32.04467,0,False,True,True,221.8359,352.2656
DAVEY,CounterTerrorist,2366.111,213.666,125.4499,M4A4,100,100,-3.799364,4.232315,0,False,True,True,221.8359,352.2656
DAVEY,CounterTerrorist,2365.335,214.5329,125.4499,M4A4,100,100,-19.13831,21.37048,0,False,True,True,221.8359,351.9141
DAVEY,CounterTerrorist,2363.63,216.4389,125.4878,M4A4,100,100,-30.65567,34.29617,0,False,True,True,221.8359,351.9141
DAVEY,CounterTerrorist,2363.219,216.898,125.5036,M4A4,100,100,7.158459,-8.019913,0,False,True,True,221.8359,351.9141
DAVEY,CounterTerrorist,2364.205,215.7936,125.4862,M4A4,100,100,22.476,-25.17721,0,False,True,True,221.8359,351.9141
DAVEY,CounterTerrorist,2365.971,213.8157,125.4529,M4A4,100,100,26.43021,-29.60645,0,False,True,True,221.8359,351.9141
DAVEY,CounterTerrorist,2366.532,213.187,125.4409,M4A4,100,100,-5.702285,6.387514,0,False,True,True,221.8359,351.9141
DAVEY,CounterTerrorist,2365.458,214.3902,125.4592,M4A4,100,100,-22.93401,25.68993,0,False,True,True,221.8359,351.9141
DAVEY,CounterTerrorist,2364.614,215.3361,125.4754,M4A4,100,100,-9.82291,11.0033,0,False,True,True,221.8359,351.9141
DAVEY,CounterTerrorist,2364.483,215.4829,125.4754,M4A4,100,100,3.787649,-4.242802,0,False,True,True,221.8359,351.9141
DAVEY,CounterTerrorist,2365.258,214.6145,125.4664,M4A4,100,100,19.10474,-21.4005,0,False,True,True,221.8359,351.9141
DAVEY,CounterTerrorist,2366.99,212.6738,125.4337,M4A4,100,100,34.42182,-38.5582,0,False,True,True,221.8359,351.9141
DAVEY,CounterTerrorist,2369.385,209.9922,125.3885,M4A4,100,100,34.58832,-38.74471,0,False,True,True,221.8359,351.9141
DAVEY,CounterTerrorist,2371.019,208.1607,125.3577,M4A4,100,100,19.60421,-21.96,0,False,True,True,221.8359,351.9141
DAVEY,CounterTerrorist,2371.254,207.8973,125.3505,M4A4,100,100,-7.616921,8.532227,0,False,True,True,221.8359,351.9141
DAVEY,CounterTerrorist,2370.24,209.0338,125.369,M4A4,100,100,-22.93401,25.68993,0,False,True,True,221.8359,351.9141
DAVEY,CounterTerrorist,2369.096,210.3145,125.3854,M4A4,100,100,-11.73754,13.14801,0,False,True,True,221.8359,351.9141
DAVEY,CounterTerrorist,2368.857,210.5822,125.3854,M4A4,100,100,0,0,0,False,True,True,221.8359,351.9141
DAVEY,CounterTerrorist,2368.857,210.5822,125.3854,M4A4,100,100,0,0,0,False,True,True,221.8359,351.9141
DAVEY,CounterTerrorist,2368.857,210.5822,125.3854,M4A4,100,100,0,0,0,False,True,True,221.8359,351.9141
DAVEY,CounterTerrorist,2368.857,210.5822,125.3854,M4A4,100,100,0,0,0,False,True,True,221.8359,351.9141
DAVEY,CounterTerrorist,2368.857,210.5822,125.3854,M4A4,100,100,0,0,0,False,True,True,221.8359,351.9141
DAVEY,CounterTerrorist,2368.857,210.5822,125.3854,M4A4,100,100,0,0,0,False,True,True,221.8359,351.9141
DAVEY,CounterTerrorist,2368.857,210.5822,125.3854,M4A4,100,100,0,0,0,False,True,True,221.8359,351.9141
DAVEY,CounterTerrorist,2368.857,210.5822,125.3854,M4A4,100,100,0,0,0,False,True,True,221.8359,351.9141
DAVEY,CounterTerrorist,2368.857,210.5822,125.3854,M4A4,100,100,0,0,0,False,True,True,221.8359,351.9141
DAVEY,CounterTerrorist,2368.857,210.5822,125.3854,M4A4,100,100,0,0,0,False,True,True,221.8359,351.9141
DAVEY,CounterTerrorist,2368.273,210.061,125.377,M4A4,100,100,-17.11108,-15.27546,0,False,True,True,221.8359,351.9141
DAVEY,CounterTerrorist,2366.6,208.5682,125.3155,M4A4,100,100,-34.28765,-30.57138,0,False,True,True,221.8359,351.9141
DAVEY,CounterTerrorist,2363.85,206.124,125.2146,M4A4,100,100,-51.60134,-45.71234,0,False,True,True,221.1328,351.5625
DAVEY,CounterTerrorist,2360.023,202.7874,125.0761,M4A4,100,100,-69.25679,-55.68097,0,False,True,True,221.1328,351.5625
DAVEY,CounterTerrorist,2354.9,199.9431,124.9356,M4A4,100,100,-90.87938,-38.36531,0,False,True,True,221.1328,351.5625
DAVEY,CounterTerrorist,2348.919,197.1763,124.7867,M4A4,100,100,-98.06833,-51.42217,0,False,True,True,221.1328,351.5625
DAVEY,CounterTerrorist,2342.69,193.5257,124.4771,M4A4,100,100,-99.063,-62.25367,0,False,True,True,221.1328,351.5625
DAVEY,CounterTerrorist,2336.619,189.4509,124.0462,M4A4,100,100,-95.83891,-67.11112,0,False,True,True,221.1328,351.5625
DAVEY,CounterTerrorist,2330.709,185.1446,123.6173,M4A4,100,100,-93.67114,-70.10503,0,False,True,True,221.1328,351.5625
DAVEY,CounterTerrorist,2324.911,180.6888,123.1902,M4A4,100,100,-92.1384,-72.10766,0,False,True,True,221.1328,351.5625
DAVEY,CounterTerrorist,2319.193,176.1304,122.7644,M4A4,100,100,-91.02762,-73.50491,0,False,True,True,221.1328,351.5625
DAVEY,CounterTerrorist,2313.534,171.4996,122.3397,M4A4,100,100,-90.21341,-74.50194,0,False,True,True,221.1328,351.5625
DAVEY,CounterTerrorist,2307.917,166.8167,121.9158,M4A4,100,100,-89.61359,-75.22237,0,False,True,True,221.1328,351.5625
DAVEY,CounterTerrorist,2302.333,162.0961,121.5234,M4A4,100,100,-89.17084,-75.74668,0,False,True,True,221.1328,351.5625
DAVEY,CounterTerrorist,2296.771,157.3478,121.3734,M4A4,100,100,-88.84384,-76.12996,0,False,True,True,221.1328,351.5625
DAVEY,CounterTerrorist,2291.227,152.5794,121.2016,M4A4,100,100,-88.60237,-76.41085,0,False,True,True,221.1328,351.5625
DAVEY,CounterTerrorist,2285.696,147.7961,121.1731,M4A4,100,100,-88.42413,-76.61704,0,False,True,True,221.1328,351.5625
DAVEY,CounterTerrorist,2280.175,143.002,121.1488,M4A4,100,100,-88.2926,-76.76858,0,False,True,True,221.1328,351.5625
DAVEY,CounterTerrorist,2274.66,138.1998,121.1433,M4A4,100,100,-88.19558,-76.88002,0,False,True,True,221.1328,351.5625
DAVEY,CounterTerrorist,2269.15,133.3918,121.1374,M4A4,100,100,-88.12404,-76.96201,0,False,True,True,221.1328,351.5625
DAVEY,CounterTerrorist,2263.601,128.6344,121.1328,M4A4,100,100,-92.03053,-71.911,0,False,True,True,221.1328,351.5625
DAVEY,CounterTerrorist,2258.135,125.3352,121.185,M4A4,100,100,-104.7659,-52.08756,0,False,True,True,221.1328,351.5625
DAVEY,CounterTerrorist,2250.863,121.4981,121.7162,M4A4,100,100,-101.0218,-59.02202,0,False,True,True,221.1328,351.5625
DAVEY,CounterTerrorist,2244.691,117.5793,122.6367,M4A4,100,100,-97.17995,-65.15408,0,False,True,True,221.4844,351.2109
DAVEY,CounterTerrorist,2238.719,113.3606,123.511,M4A4,100,100,-94.41958,-69.09371,0,False,True,True,221.8359,351.2109
DAVEY,CounterTerrorist,2232.892,108.9425,124.3526,M4A4,100,100,-92.39239,-71.78192,0,False,True,True,222.1875,351.2109
DAVEY,CounterTerrorist,2227.172,104.3872,125.1703,M4A4,100,100,-90.91658,-73.6422,0,False,True,True,222.1875,351.2109
DAVEY,CounterTerrorist,2221.529,99.73648,124.6554,M4A4,100,100,-89.84496,-74.94586,0,False,True,True,222.1875,351.2109
DAVEY,CounterTerrorist,2215.943,95.01803,123.9652,M4A4,100,100,-89.05887,-75.8783,0,False,True,True,222.1875,351.2109
DAVEY,CounterTerrorist,2210.159,90.56441,123.3241,M4A4,100,100,-98.85365,-62.58557,0,False,True,True,222.1875,351.2109
DAVEY,CounterTerrorist,2202.642,87.3743,122.9329,M4A4,100,100,-138.5157,-43.00182,0,False,True,True,222.5391,351.2109
DAVEY,CounterTerrorist,2192.788,85.20121,122.7619,M4A4,100,100,-171.1295,-29.07382,0,False,True,True,222.8906,351.2109
DAVEY,CounterTerrorist,2181.209,83.74306,122.614,M4A4,100,100,-195.1713,-19.41762,0,False,True,True,223.5938,351.2109
DAVEY,CounterTerrorist,2168.381,82.7188,122.5399,M4A4,100,100,-210.1444,-19.83526,0,False,True,True,223.9453,351.2109
DAVEY,CounterTerrorist,2155.439,79.89283,122.1602,HE,100,100,-205.7177,-63.88853,0,False,True,True,224.2969,351.2109
DAVEY,CounterTerrorist,2142.595,74.58477,121.3575,HE,100,100,-205.2839,-99.78252,0,False,True,True,224.6484,351.2109
DAVEY,CounterTerrorist,2129.778,67.38744,120.6971,HE,100,100,-206.853,-122.8195,0,False,True,True,225.7031,351.2109
DAVEY,CounterTerrorist,2116.09,60.84785,120.3499,HE,100,100,-227.1175,-91.88391,0,False,True,True,226.7578,351.2109
DAVEY,CounterTerrorist,2101.573,55.99904,120.1266,HE,100,100,-235.502,-67.55607,0,False,True,True,226.7578,351.2109
DAVEY,CounterTerrorist,2086.686,52.42627,119.9948,HE,100,100,-239.8695,-49.87613,0,False,True,True,226.4063,351.9141
DAVEY,CounterTerrorist,2071.583,49.92211,119.8797,HE,100,100,-243.0618,-30.75682,0,False,True,True,215.5078,356.4844
DAVEY,CounterTerrorist,2056.531,47.1294,119.6705,HE,100,100,-239.8367,-50.03375,0,False,True,True,194.4141,0.3515625
DAVEY,CounterTerrorist,2041.515,44.13213,119.4442,HE,100,100,-240.9583,-44.31804,0,False,True,True,183.8672,1.757813
DAVEY,CounterTerrorist,2026.404,41.66386,119.3232,HE,100,100,-242.3074,-36.22329,0,False,True,True,183.8672,1.757813
DAVEY,CounterTerrorist,2011.231,39.60366,119.3413,HE,100,100,-243.0668,-30.71655,0,False,True,True,183.8672,1.757813
DAVEY,CounterTerrorist,1996.57,35.89988,119.2159,HE,100,100,-228.6138,-79.29837,0,False,True,True,183.8672,1.757813
DAVEY,CounterTerrorist,1982.686,29.64009,118.8678,HE,100,100,-216.7446,-114.2224,0,False,True,True,183.1641,2.109375
DAVEY,CounterTerrorist,1968.97,22.86135,118.4743,HE,100,100,-226.2802,-93.92696,0,False,True,True,177.1875,2.8125
DAVEY,CounterTerrorist,1955.082,16.42357,118.2572,HE,100,100,-218.6605,-110.5105,0,False,True,True,171.9141,3.515625
DAVEY,CounterTerrorist,1941.576,9.209689,119.1274,HE,100,100,-214.8644,-117.7212,0,False,True,True,166.2891,4.21875
DAVEY,CounterTerrorist,1928.162,1.823932,120.0132,HE,100,100,-214.8687,-117.7134,0,False,True,True,161.7188,4.570313
DAVEY,CounterTerrorist,1914.662,-5.403004,120.8845,HE,100,100,-217.0487,-113.6436,0,False,True,True,158.5547,4.21875
DAVEY,CounterTerrorist,1901.294,-12.77192,121.7681,HE,100,100,-205.0621,-131.4818,0,False,True,True,153.2813,3.867188
DAVEY,CounterTerrorist,1889.205,-22.11951,122.8279,HE,100,100,-184.3833,-161.3313,0,False,True,True,151.5234,3.164063
DAVEY,CounterTerrorist,1879.637,-31.49162,123.8587,HE,100,100,-168.3615,-177.9871,0,False,True,True,151.5234,3.164063
DAVEY,CounterTerrorist,1868.176,-44.34251,125.0726,HE,100,100,-169.8109,-176.4596,0,False,True,True,151.5234,3.164063
DAVEY,CounterTerrorist,1856.632,-54.38182,125.8349,HE,100,100,-194.7368,-148.6694,0,False,True,True,149.7656,3.164063
DAVEY,CounterTerrorist,1843.81,-62.73239,126.5745,HE,100,100,-212.4716,-121.987,0,False,True,True,144.8438,2.8125
DAVEY,CounterTerrorist,1830.075,-69.48504,127.2831,HE,100,100,-224.64,-97.7847,0,False,True,True,142.3828,2.8125
DAVEY,CounterTerrorist,1815.739,-74.85318,127.9585,HE,100,100,-232.5757,-77.02934,0,False,True,True,139.9219,2.8125
DAVEY,CounterTerrorist,1801.113,-79.37087,128.611,HE,100,100,-231.1241,-81.28127,0,False,True,True,137.8125,2.8125
DAVEY,CounterTerrorist,1787.144,-85.61543,129.5948,HE,100,100,-217.8585,-112.0834,0,False,True,True,135,2.460938
DAVEY,CounterTerrorist,1773.9,-93.29242,130.654,HE,100,100,-207.8813,-129.6548,0,False,True,True,131.8359,1.757813
DAVEY,CounterTerrorist,1760.304,-100.2683,131.6848,HE,100,100,-220.8083,-106.154,0,False,True,True,129.0234,1.40625
DAVEY,CounterTerrorist,1746.769,-107.4244,132.7242,HE,100,100,-213.7109,-119.8025,0,False,True,True,126.9141,1.054688
DAVEY,CounterTerrorist,1733.527,-111.9688,133.5876,HE,100,100,-212.7422,0,0,False,True,True,126.2109,0.3515625
DAVEY,CounterTerrorist,1718.349,-111.9688,134.2516,HE,100,100,-218.1176,0,0,False,True,True,125.8594,359.6484
DAVEY,CounterTerrorist,1706.311,-111.9688,134.5294,HE,100,100,-221.5348,0,0,False,True,True,125.5078,358.9453
DAVEY,CounterTerrorist,1694.102,-111.6868,134.5117,HE,100,100,-151.4862,17.81936,0,False,True,True,125.1563,358.5938
DAVEY,CounterTerrorist,1688.362,-109.1561,134.3536,HE,100,100,-49.93055,56.36632,0,False,True,True,124.8047,358.2422
DAVEY,CounterTerrorist,1685.767,-106.2259,134.1704,HE,100,100,-35.00375,39.51554,0,False,True,True,124.8047,357.5391
DAVEY,CounterTerrorist,1684.103,-104.3483,134.0531,HE,100,100,-20.08444,22.67321,0,False,True,True,124.8047,357.5391
DAVEY,CounterTerrorist,1683.413,-103.5688,134.0044,HE,100,100,-7.030041,7.936172,0,False,True,True,124.8047,356.8359
DAVEY,CounterTerrorist,1683.336,-103.4815,133.9989,HE,100,100,0,0,0,False,True,True,125.5078,356.1328
DAVEY,CounterTerrorist,1683.201,-103.2959,133.9873,HE,100,100,-10.92745,15.08249,0,False,True,True,125.8594,356.1328
DAVEY,CounterTerrorist,1681.214,-100.5525,133.8158,HE,100,100,-48.03677,66.30222,0,False,True,True,125.8594,355.7813
DAVEY,CounterTerrorist,1677.054,-94.81085,133.3097,HE,100,100,-79.56155,109.8139,0,False,True,True,125.8594,355.7813
DAVEY,CounterTerrorist,1671.228,-86.77061,132.5159,HE,100,100,-102.7813,141.8627,0,False,True,True,125.8594,355.7813
DAVEY,CounterTerrorist,1664.176,-77.038,131.555,HE,100,100,-119.9294,165.4356,0,False,True,True,125.8594,355.7813
DAVEY,CounterTerrorist,1656.213,-66.06306,130.4709,HE,100,100,-132.6642,182.7224,0,False,True,True,126.2109,355.4297
DAVEY,CounterTerrorist,1647.574,-54.17762,129.3191,HE,100,100,-142.1377,195.3869,0,False,True,True,126.2109,355.0781
DAVEY,CounterTerrorist,1638.566,-41.81241,129.008,HE,100,100,-144.3518,197.9585,0,False,True,True,126.2109,354.7266
DAVEY,CounterTerrorist,1629.66,-29.61913,128.4123,HE,100,100,-133.9522,183.2266,0,False,True,True,126.5625,354.7266
DAVEY,CounterTerrorist,1622.583,-19.94,127.8993,HE,100,100,-98.66332,134.9567,0,False,True,True,126.5625,354.7266
DAVEY,CounterTerrorist,1617.417,-12.87263,127.5248,M4A4,100,100,-66.81881,91.48798,0,False,True,True,126.5625,354.7266
DAVEY,CounterTerrorist,1615.447,-10.14716,127.3614,M4A4,100,100,-5.125394,7.774773,0,False,True,True,126.5625,355.0781
DAVEY,CounterTerrorist,1616.5,-11.54316,127.4557,M4A4,100,100,31.63231,-42.0149,0,False,True,True,127.2656,355.7813
DAVEY,CounterTerrorist,1619.828,-15.94423,127.6917,Knife,100,100,69.03406,-91.1156,0,False,True,True,127.2656,356.1328
DAVEY,CounterTerrorist,1625.185,-23.0022,128.0707,Knife,100,100,97.42394,-128.2237,0,False,True,True,127.2656,356.4844
DAVEY,CounterTerrorist,1632.128,-31.89936,128.5532,Knife,100,100,125.7461,-144.4285,0,False,True,True,127.6172,356.4844
DAVEY,CounterTerrorist,1641.327,-38.99537,129.0296,Knife,100,100,158.7451,-78.89089,0,False,True,True,127.6172,356.8359
DAVEY,CounterTerrorist,1651.949,-41.44244,129.34,Knife,100,100,177.8201,-11.24836,0,False,True,True,127.6172,356.8359
DAVEY,CounterTerrorist,1663.576,-40.31274,129.6228,Knife,100,100,191.7682,38.70595,0,False,True,True,127.9687,356.8359
DAVEY,CounterTerrorist,1675.928,-36.52846,129.7691,Knife,100,100,201.6582,75.99165,0,False,True,True,128.3203,357.1875
DAVEY,CounterTerrorist,1688.781,-30.74681,129.4851,Knife,100,100,208.3385,104.2135,0,False,True,True,129.0234,357.1875
DAVEY,CounterTerrorist,1701.977,-23.46298,129.0552,Knife,100,100,213.1465,125.1396,0,False,True,True,128.6719,357.5391
DAVEY,CounterTerrorist,1715.334,-15.37592,128.4111,Knife,100,100,212.7448,131.2999,0,False,True,True,111.7969,359.6484
DAVEY,CounterTerrorist,1728.063,-6.320127,127.2402,Knife,100,100,201.2779,148.2808,0,False,True,True,79.45313,0
DAVEY,CounterTerrorist,1741.05,2.353518,126.0788,Knife,100,100,214.3772,128.6173,0,False,True,True,57.65625,0
DAVEY,CounterTerrorist,1753.383,9.103354,125.0638,M4A4,100,100,198.5696,105.8069,0,False,True,True,57.65625,0
DAVEY,CounterTerrorist,1765.144,16.78917,124.1152,M4A4,100,100,180.3238,134.5672,0,False,True,True,57.65625,0
DAVEY,CounterTerrorist,1775.847,25.9006,124.1179,M4A4,100,100,164.6859,153.3087,0,False,True,True,57.65625,0
DAVEY,CounterTerrorist,1785.93,35.70225,124.1923,M4A4,100,100,162.6808,155.4347,0,False,True,True,32.34375,1.054688
DAVEY,CounterTerrorist,1796.833,44.50568,124.5748,M4A4,100,100,185.1776,124.2994,0,False,True,True,355.4297,359.2969
DAVEY,CounterTerrorist,1809.013,51.31242,124.8369,M4A4,100,100,199.7857,103.4924,0,False,True,True,330.4688,355.7813
DAVEY,CounterTerrorist,1821.734,57.30264,125.0019,M4A4,100,100,206.0014,90.49,0,False,True,True,330.1172,355.0781
DAVEY,CounterTerrorist,1834.132,62.4571,125.0962,M4A4,100,100,178.6488,73.29904,0,False,True,True,330.1172,355.0781
DAVEY,CounterTerrorist,1843.57,66.32919,125.1481,M4A4,100,100,131.5849,53.98887,0,False,True,True,329.7656,355.0781
DAVEY,CounterTerrorist,1851.415,69.27366,125.1891,M4A4,100,100,111.3267,35.99123,0,False,True,True,316.7578,351.9141
DAVEY,CounterTerrorist,1857.624,70.79691,125.1362,M4A4,100,100,115.1143,20.92126,0,False,True,True,299.5313,348.0469
DAVEY,CounterTerrorist,1864.8,72.19647,125.0388,M4A4,100,100,114.3236,24.88197,0,False,True,True,285.8203,343.8281
DAVEY,CounterTerrorist,1871.941,73.77405,124.9743,M4A4,100,100,114.2198,25.35431,0,False,True,True,283.0078,342.0703
DAVEY,CounterTerrorist,1879.078,75.36524,125.011,M4A4,100,100,114.1801,25.53261,0,False,True,True,283.0078,342.0703
DAVEY,CounterTerrorist,1886.213,76.96586,125.0495,M4A4,100,100,114.1506,25.66386,0,False,True,True,283.0078,342.0703
DAVEY,CounterTerrorist,1893.346,78.57534,125.089,M4A4,100,100,114.099,25.89249,0,False,True,True,283.7109,342.0703
DAVEY,CounterTerrorist,1900.478,80.19256,125.1293,M4A4,100,100,114.168,25.58647,0,False,True,True,280.5469,341.7188
DAVEY,CounterTerrorist,1907.63,81.71488,125.1465,M4A4,100,100,114.6905,23.1321,0,False,True,True,276.6797,340.6641
DAVEY,CounterTerrorist,1914.822,83.03641,125.1633,M4A4,100,100,115.3624,19.50676,0,False,True,True,274.2188,339.9609
DAVEY,CounterTerrorist,1922.056,84.10118,125.1454,M4A4,100,100,116.0413,14.94711,0,False,True,True,270.7031,339.2578
DAVEY,CounterTerrorist,1929.33,84.8448,125.0891,M4A4,100,100,116.6244,9.367572,0,False,True,True,267.1875,338.5547
DAVEY,CounterTerrorist,1936.632,85.22424,124.993,M4A4,100,100,116.9455,3.570795,0,False,True,True,264.375,338.2031
DAVEY,CounterTerrorist,1943.944,85.25185,124.8589,M4A4,100,100,116.9821,-2.047597,0,False,True,True,261.5625,338.5547
DAVEY,CounterTerrorist,1951.248,84.91877,124.6861,M4A4,100,100,116.7407,-7.78517,0,False,True,True,259.4531,338.5547
DAVEY,CounterTerrorist,1958.532,84.28188,124.481,M4A4,100,100,116.4023,-11.81092,0,False,True,True,259.4531,338.5547
DAVEY,CounterTerrorist,1965.796,83.44342,124.2545,M4A4,100,100,116.0958,-14.51772,0,False,True,True,259.4531,338.5547
DAVEY,CounterTerrorist,1973.043,82.46541,124.0134,M4A4,100,100,115.836,-16.46244,0,False,True,True,259.1016,338.9063
DAVEY,CounterTerrorist,1980.271,81.35486,123.7583,M4A4,100,100,115.4313,-19.09468,0,False,True,True,255.5859,339.2578
DAVEY,CounterTerrorist,1987.49,80.20807,123.4995,M4A4,100,100,116.4481,-11.35035,0,False,True,True,253.125,340.3125
DAVEY,CounterTerrorist,1994.792,80.29284,123.3717,M4A4,100,100,116.5686,10.03734,0,False,True,True,252.0703,341.0156
DAVEY,CounterTerrorist,2002.008,81.45197,123.3541,M4A4,100,100,114.4523,24.2833,0,False,True,True,251.7188,341.3672
DAVEY,CounterTerrorist,2009.079,83.30878,123.4666,M4A4,100,100,112.1644,33.28882,0,False,True,True,250.6641,341.7188
DAVEY,CounterTerrorist,2016.026,85.59039,123.8136,M4A4,100,100,110.4799,38.51226,0,False,True,True,249.9609,342.0703
DAVEY,CounterTerrorist,2022.893,88.10297,124.2015,M4A4,100,100,109.4909,41.23993,0,False,True,True,248.5547,342.4219
DAVEY,CounterTerrorist,2029.718,90.729,124.6058,M4A4,100,100,109.0355,42.42932,0,False,True,True,247.1484,343.125
DAVEY,CounterTerrorist,2036.756,92.60223,124.9009,M4A4,100,100,115.5769,18.19266,0,False,True,True,245.7422,343.8281
DAVEY,CounterTerrorist,2044.051,92.93935,124.9613,M4A4,100,100,116.944,-3.619692,0,False,True,True,244.6875,344.1797
DAVEY,CounterTerrorist,2051.313,92.13098,124.8572,M4A4,100,100,115.3835,-19.3814,0,False,True,True,243.6328,344.5313
DAVEY,CounterTerrorist,2058.44,90.50612,124.6089,M4A4,100,100,112.9315,-30.58562,0,False,True,True,242.9297,344.8828
DAVEY,CounterTerrorist,2065.498,88.60927,124.3191,M4A4,100,100,114.6887,-23.14105,0,False,True,True,241.875,344.8828
DAVEY,CounterTerrorist,2072.762,87.82507,124.1557,M4A4,100,100,116.877,-5.362874,0,False,True,True,240.4688,345.5859
DAVEY,CounterTerrorist,2080.07,87.93171,124.1152,M4A4,100,100,116.8175,6.533044,0,False,True,True,240.4688,345.5859
DAVEY,CounterTerrorist,2087.348,88.63153,124.179,M4A4,100,100,116.1333,14.21466,0,False,True,True,239.4141,345.5859
DAVEY,CounterTerrorist,2094.587,89.66862,124.2989,M4A4,100,100,115.6047,18.01529,0,False,True,True,238.0078,345.9375
DAVEY,CounterTerrorist,2101.801,90.86187,124.4455,M4A4,100,100,115.3283,19.7073,0,False,True,True,236.6016,345.9375
DAVEY,CounterTerrorist,2109.004,92.12074,124.6034,M4A4,100,100,115.2115,20.37911,0,False,True,True,235.5469,346.2891
DAVEY,CounterTerrorist,2116.204,93.40187,124.7651,M4A4,100,100,115.1843,20.53232,0,False,True,True,235.1953,346.2891
DAVEY,CounterTerrorist,2123.405,94.67278,124.9251,M4A4,100,100,115.2645,20.07711,0,False,True,True,233.789,346.6406
DAVEY,CounterTerrorist,2130.614,95.89896,125.0774,M4A4,100,100,115.4023,19.26924,0,False,True,True,233.4375,346.6406
DAVEY,CounterTerrorist,2137.831,97.07241,125.2207,M4A4,100,100,115.5617,18.28899,0,False,True,True,232.0313,346.9922
DAVEY,CounterTerrorist,2145.062,98.1639,125.3499,M4A4,100,100,115.7899,16.78355,0,False,True,True,230.625,347.3438
DAVEY,CounterTerrorist,2152.307,99.15009,125.4611,M4A4,100,100,116.0407,14.95143,0,False,True,True,229.2188,347.6953
DAVEY,CounterTerrorist,2159.569,100.009,125.5505,M4A4,100,100,116.3035,12.74753,0,False,True,True,227.4609,348.0469
DAVEY,CounterTerrorist,2166.847,100.7143,125.6071,M4A4,100,100,116.5496,10.25649,0,False,True,True,226.7578,348.3984
DAVEY,CounterTerrorist,2174.137,101.2895,125.6414,M4A4,100,100,116.6931,8.469147,0,False,True,True,226.7578,348.3984
DAVEY,CounterTerrorist,2181.434,101.7713,125.6745,M4A4,100,100,116.7795,7.179179,0,False,True,True,226.7578,348.3984
DAVEY,CounterTerrorist,2188.723,102.2778,125.7087,M4A4,100,100,115.8801,14.0851,0,False,True,True,226.7578,348.75
DAVEY,CounterTerrorist,2195.797,104.0677,125.9111,M4A4,100,100,110.4686,38.54448,0,False,True,True,226.4063,348.75
DAVEY,CounterTerrorist,2202.453,107.0808,126.2896,M4A4,100,100,103.4192,54.7126,0,False,True,True,226.4063,348.75
DAVEY,CounterTerrorist,2208.694,110.8858,126.8111,M4A4,100,100,97.32394,64.9388,0,False,True,True,225.7031,348.75
DAVEY,CounterTerrorist,2214.61,115.1819,127.4228,M4A4,100,100,92.79295,71.26336,0,False,True,True,225.3516,348.75
DAVEY,CounterTerrorist,2221.009,120.3513,126.8487,M4A4,100,100,91.0711,73.45102,0,False,True,True,225.3516,348.75
DAVEY,CounterTerrorist,2226.399,123.7828,126.0452,M4A4,100,100,103.1814,55.15968,0,False,True,True,225.3516,349.1016
DAVEY,CounterTerrorist,2233.131,126.6188,124.9862,M4A4,100,100,110.5042,38.4424,0,False,True,True,225,349.8047
DAVEY,CounterTerrorist,2239.896,129.3788,123.9188,M4A4,100,100,105.3709,50.85233,0,False,True,True,224.2969,350.5078
DAVEY,CounterTerrorist,2246.27,132.9565,122.9502,M4A4,100,100,99.52701,61.50912,0,False,True,True,223.9453,350.5078
DAVEY,CounterTerrorist,2252.323,137.0556,122.0572,M4A4,100,100,94.97743,68.32486,0,False,True,True,223.9453,350.5078
DAVEY,CounterTerrorist,2258.142,141.4834,121.8015,M4A4,100,100,91.83591,72.49251,0,False,True,True,223.9453,350.5078
DAVEY,CounterTerrorist,2263.803,146.1118,121.7973,M4A4,100,100,89.70733,75.11053,0,False,True,True,223.9453,350.5078
DAVEY,CounterTerrorist,2269.798,150.2744,121.7932,M4A4,100,100,102.0111,57.29509,0,False,True,True,223.9453,350.5078
DAVEY,CounterTerrorist,2276.104,153.9709,121.7497,M4A4,100,100,98.56146,63.04472,0,False,True,True,223.9453,350.5078
DAVEY,CounterTerrorist,2282.106,158.1454,121.7367,M4A4,100,100,94.27064,69.29679,0,False,True,True,223.9453,350.5078
DAVEY,CounterTerrorist,2287.486,162.9885,121.7727,M4A4,100,100,76.00702,86.6065,0,False,True,True,223.9453,350.5078
DAVEY,CounterTerrorist,2291.937,169.8302,121.9252,M4A4,100,100,53.71634,103.9401,0,False,True,True,223.9453,350.5078
DAVEY,CounterTerrorist,2294.417,175.724,122.1002,M4A4,100,100,39.58916,110.0986,0,False,True,True,223.9453,350.5078
DAVEY,CounterTerrorist,2295.771,180.0881,122.2454,M4A4,100,100,31.56823,112.6608,0,False,True,True,224.6484,351.2109
DAVEY,CounterTerrorist,2297.378,187.2196,122.5021,M4A4,100,100,21.68029,114.9737,0,False,True,True,224.6484,351.2109
DAVEY,CounterTerrorist,2298.481,194.4474,122.7792,M4A4,100,100,14.96886,116.0385,0,False,True,True,224.6484,351.2109
DAVEY,CounterTerrorist,2298.234,201.6133,123.0973,M4A4,100,100,-17.35769,113.59,0,False,True,True,225.7031,351.5625
DAVEY,CounterTerrorist,2296.262,208.601,123.4632,M4A4,100,100,-41.26003,109.4834,0,False,True,True,227.1094,351.9141
DAVEY,CounterTerrorist,2293.086,215.1805,123.8504,M4A4,100,100,-57.30809,102.0038,0,False,True,True,228.1641,351.9141
DAVEY,CounterTerrorist,2289.107,221.3118,124.244,M4A4,100,100,-67.93858,95.25412,0,False,True,True,228.5156,351.9141
DAVEY,CounterTerrorist,2284.605,227.0723,124.6385,M4A4,100,100,-74.77016,89.99122,0,False,True,True,228.5156,351.9141
DAVEY,CounterTerrorist,2279.773,232.5597,125.0318,M4A4,100,100,-78.98056,86.31957,0,False,True,True,228.5156,352.2656
DAVEY,CounterTerrorist,2274.729,237.8534,125.4236,M4A4,100,100,-81.94305,83.51248,0,False,True,True,229.5703,352.2656
DAVEY,CounterTerrorist,2269.525,242.9908,125.8137,M4A4,100,100,-84.15926,81.27865,0,False,True,True,229.9219,352.2656
DAVEY,CounterTerrorist,2264.209,248.0117,126.2025,M4A4,100,100,-85.67772,79.67639,0,False,True,True,229.9219,352.2656
DAVEY,CounterTerrorist,2258.812,252.9461,126.5901,M4A4,100,100,-86.87098,78.37366,0,False,True,True,230.9766,352.6172
DAVEY,CounterTerrorist,2253.335,257.7908,127.0707,M4A4,100,100,-88.23962,76.82947,0,False,True,True,232.0313,352.6172
DAVEY,CounterTerrorist,2247.777,262.5431,128.24,M4A4,100,100,-89.39327,75.48404,0,False,True,True,232.0313,352.6172
DAVEY,CounterTerrorist,2242.159,267.224,129.4166,M4A4,100,100,-90.25553,74.4509,0,False,True,True,232.7344,352.9688
DAVEY,CounterTerrorist,2236.484,271.8356,130.6001,M4A4,100,100,-91.27452,73.1981,0,False,True,True,234.1406,352.9688
DAVEY,CounterTerrorist,2230.736,276.3554,131.7356,M4A4,100,100,-92.53452,71.59862,0,False,True,True,235.5469,352.9688
DAVEY,CounterTerrorist,2224.91,280.7738,132.3749,M4A4,100,100,-93.72672,70.03071,0,False,True,True,235.8984,353.3203
DAVEY,CounterTerrorist,2218.275,285.6373,133.0996,M4A4,100,100,-94.83914,68.51669,0,False,True,True,236.6016,353.3203
DAVEY,CounterTerrorist,2213.066,289.3533,133.6664,M4A4,100,100,-95.52631,67.55534,0,False,True,True,236.6016,353.6719
DAVEY,CounterTerrorist,2206.998,293.4149,135.5361,M4A4,100,100,-101.1731,57.76823,0,False,True,True,236.6016,353.6719
DAVEY,CounterTerrorist,2200.358,295.9887,139.7986,M4A4,100,100,-103.673,22.88217,0,False,True,True,237.6563,353.6719
DAVEY,CounterTerrorist,2195.218,295.7692,143.2259,M4A4,100,100,-67.04036,-21.99854,0,False,True,True,238.711,353.6719
DAVEY,CounterTerrorist,2192.091,293.2226,160.0313,M4A4,100,100,-38.00466,-53.58285,0,False,True,True,238.711,353.6719
DAVEY,CounterTerrorist,2190.266,289.0477,160.0313,M4A4,100,100,-30.35057,-75.41365,0,False,True,True,238.711,353.6719
DAVEY,CounterTerrorist,2187.906,283.8071,160.0313,M4A4,100,100,-42.92841,-89.79803,0,False,True,True,239.4141,353.6719
DAVEY,CounterTerrorist,2184.9,277.7954,160.0313,M4A4,100,100,-51.5901,-100.7469,0,False,True,True,240.4688,354.375
DAVEY,CounterTerrorist,2180.955,271.9548,164.6034,M4A4,100,100,-78.5304,-79.62859,286.3684,False,True,True,240.8203,355.0781
DAVEY,CounterTerrorist,2176.047,266.978,180.939,M4A4,100,100,-78.5304,-79.62859,236.3684,False,True,True,241.5234,356.4844
DAVEY,CounterTerrorist,2171.76,262.0192,203.1496,M4A4,100,100,0,-77.31789,186.3684,False,True,True,242.5781,357.1875
DAVEY,CounterTerrorist,2171.76,257.8541,213.2351,M4A4,100,100,0,-58.15287,136.3684,False,True,True,243.2813,357.1875
DAVEY,CounterTerrorist,2171.721,254.5044,220.1956,M4A4,100,100,-1.95427,-48.92391,86.36838,False,True,True,244.6875,357.1875
DAVEY,CounterTerrorist,2171.454,251.8547,224.0312,M4A4,100,100,-6.118277,-37.17927,36.36838,False,True,True,244.6875,357.1875
DAVEY,CounterTerrorist,2170.902,250.0113,224.7418,M4A4,100,100,-12.37119,-19.54284,-13.63162,False,True,True,244.6875,357.1875
DAVEY,CounterTerrorist,2170.628,250.3161,222.3273,M4A4,100,100,2.367287,16.84412,-63.63162,False,True,True,244.6875,357.1875
DAVEY,CounterTerrorist,2170.773,251.352,219.4875,M4A4,100,100,1.612774,11.47548,0,False,True,True,242.2266,357.5391
DAVEY,CounterTerrorist,2170.82,251.687,219.4875,M4A4,100,100,0.4694098,3.340024,0,False,True,True,241.875,357.5391
DAVEY,CounterTerrorist,2170.871,252.0518,219.4875,M4A4,100,100,1.093293,7.77918,0,False,True,True,241.875,357.5391
DAVEY,CounterTerrorist,2170.961,252.6941,219.4875,M4A4,100,100,1.717175,12.21834,0,False,True,True,241.875,357.5391
DAVEY,CounterTerrorist,2171.072,253.4843,219.4875,M4A4,100,100,2.267272,16.13247,0,True,True,True,241.5234,357.1875
DAVEY,CounterTerrorist,2171.26,254.8215,219.4875,M4A4,100,100,3.000489,21.34959,0,True,True,True,240.8203,357.1875
DAVEY,CounterTerrorist,2171.291,256.3766,219.4875,M4A4,100,100,0,29.225,0,False,True,True,240.8203,357.1875
DAVEY,CounterTerrorist,2171.291,258.9513,219.4875,M4A4,100,100,0,50.50607,0,False,True,True,240.8203,357.1875
DAVEY,CounterTerrorist,2171.291,262.4109,219.4875,M4A4,100,100,0,55.4693,0,False,True,True,241.1719,357.1875
DAVEY,CounterTerrorist,2171.291,265.4058,219.4875,M4A4,100,100,0,38.41559,0,False,True,True,241.5234,357.5391
DAVEY,CounterTerrorist,2171.291,267.0157,219.4875,M4A4,100,100,0,15.91559,0,False,True,True,241.5234,357.5391
DAVEY,CounterTerrorist,2171.291,267.3077,219.4875,M4A4,100,100,0,0,0,False,True,True,241.5234,357.5391
DAVEY,CounterTerrorist,2171.291,267.3077,219.4875,M4A4,100,100,0,0,0,False,True,True,241.5234,357.5391
DAVEY,CounterTerrorist,2171.291,267.476,219.4875,M4A4,100,100,0,2.692031,0,False,True,True,241.875,357.5391
DAVEY,CounterTerrorist,2171.291,267.6439,219.4875,M4A4,100,100,0,2.678169,0,False,True,True,241.875,357.5391
DAVEY,CounterTerrorist,2171.291,267.9955,219.4875,M4A4,100,100,0,12.51531,0,False,True,True,241.875,357.5391
DAVEY,CounterTerrorist,2171.291,269.4948,219.4875,M4A4,100,100,0,30.762,0,False,True,True,241.875,357.5391
DAVEY,CounterTerrorist,2171.291,270.9395,219.4875,M4A4,100,100,0,13.60446,0,False,True,True,241.875,357.5391
DAVEY,CounterTerrorist,2171.291,271.1449,219.4875,M4A4,100,100,0,0,0,False,True,True,241.875,357.5391
DAVEY,CounterTerrorist,2171.291,271.1449,219.4875,M4A4,100,100,0,0,0,False,True,True,241.875,357.5391
DAVEY,CounterTerrorist,2171.291,271.1449,219.4875,M4A4,100,100,0,0,0,False,True,True,241.875,357.5391
DAVEY,CounterTerrorist,2171.291,271.291,219.4875,M4A4,100,100,0,2.671231,0,False,True,True,241.875,357.5391
DAVEY,CounterTerrorist,2171.291,271.458,219.4875,M4A4,100,100,0,2.671231,0,False,True,True,241.875,357.5391
DAVEY,CounterTerrorist,2171.291,271.458,219.4875,M4A4,100,100,0,0,0,False,True,True,241.875,357.5391
DAVEY,CounterTerrorist,2171.291,271.458,219.4875,M4A4,100,100,0,0,0,False,True,True,241.875,357.5391
DAVEY,CounterTerrorist,2171.291,271.458,219.4875,M4A4,100,100,0,0,0,False,True,True,241.875,357.5391
DAVEY,CounterTerrorist,2171.291,271.7709,219.4875,M4A4,100,100,0,10.05564,0,False,True,True,241.875,357.5391
DAVEY,CounterTerrorist,2171.291,272.3669,219.4875,M4A4,100,100,0,1.425497,0,False,True,True,241.875,357.5391
DAVEY,CounterTerrorist,2171.291,272.3669,219.4875,M4A4,100,100,0,0,0,True,True,True,241.875,357.5391
DAVEY,CounterTerrorist,2171.291,272.4078,219.4875,M4A4,100,100,0,1.746574,0,True,True,True,241.875,357.5391
DAVEY,CounterTerrorist,2171.291,272.5168,219.4875,M4A4,100,100,0,1.742035,0,True,True,True,242.2266,357.1875
DAVEY,CounterTerrorist,2171.291,272.8463,219.4875,M4A4,100,100,0,7.999371,0,False,True,True,242.2266,357.1875
DAVEY,CounterTerrorist,2171.291,273.4129,219.4875,M4A4,100,100,0,6.66326,0,False,True,True,242.2266,357.1875
DAVEY,CounterTerrorist,2171.291,273.5914,219.4875,M4A4,100,100,0,1.737491,0,False,True,True,242.2266,357.1875
DAVEY,CounterTerrorist,2171.291,273.6865,219.4875,M4A4,100,100,0,0,0,False,True,True,242.2266,357.1875
DAVEY,CounterTerrorist,2171.291,273.6865,219.4875,M4A4,100,100,0,0,0,False,True,True,242.2266,357.1875
DAVEY,CounterTerrorist,2171.291,273.7137,219.4875,M4A4,100,100,0,1.737491,0,False,True,True,242.2266,357.1875
DAVEY,CounterTerrorist,2171.291,273.8324,219.4875,M4A4,100,100,0,3.024449,0,False,True,True,242.2266,357.1875
DAVEY,CounterTerrorist,2171.291,274.2298,219.4875,M4A4,100,100,0,8.9523,0,False,True,True,242.2266,357.1875
DAVEY,CounterTerrorist,2171.291,274.9126,219.4875,M4A4,100,100,0,9.432178,0,False,True,True,242.2266,357.1875
DAVEY,CounterTerrorist,2171.291,275.2068,219.4875,M4A4,100,100,0,1.737491,0,False,True,True,242.2266,357.1875
DAVEY,CounterTerrorist,2171.291,275.3019,219.4875,M4A4,100,100,0,0,0,False,True,True,242.2266,357.1875
DAVEY,CounterTerrorist,2171.291,275.3019,219.4875,M4A4,100,100,0,0,0,False,True,True,242.2266,357.1875
DAVEY,CounterTerrorist,2171.291,275.3019,219.4875,M4A4,100,100,0,0,0,False,True,True,242.2266,357.1875
DAVEY,CounterTerrorist,2171.365,275.4422,219.4875,M4A4,100,100,3.007757,5.691642,0,False,True,True,242.2266,357.1875
DAVEY,CounterTerrorist,2171.345,276.0014,219.4875,M4A4,100,100,-6.562544,9.010927,0,False,True,True,242.2266,357.1875
DAVEY,CounterTerrorist,2171.291,276.3021,219.4875,M4A4,100,100,0,1.737491,0,False,True,True,242.2266,357.1875
DAVEY,CounterTerrorist,2171.291,276.3428,219.4875,M4A4,100,100,0,0,0,False,True,True,242.2266,357.1875
DAVEY,CounterTerrorist,2171.291,276.3428,219.4875,M4A4,100,100,0,0,0,False,True,True,242.2266,357.1875
DAVEY,CounterTerrorist,2171.291,276.3428,219.4875,M4A4,100,100,0,0,0,False,True,True,241.5234,358.5938
DAVEY,CounterTerrorist,2171.291,276.3593,219.4875,M4A4,100,100,0,2.110939,0,False,True,True,235.5469,11.60156
DAVEY,CounterTerrorist,2171.291,276.5072,219.4875,M4A4,100,100,0,2.520224,0,False,True,True,227.4609,32.34375
DAVEY,CounterTerrorist,2171.291,276.6618,219.4875,M4A4,100,100,0,2.373178,0,False,True,True,230.2734,41.48438
DAVEY,CounterTerrorist,2171.291,276.8051,219.4875,M4A4,100,100,0,2.264697,0,False,True,True,232.3828,41.83594
DAVEY,CounterTerrorist,2171.291,276.9459,219.4875,M4A4,100,100,0,2.252446,0,False,True,True,232.7344,41.13281
DAVEY,CounterTerrorist,2171.291,277.0162,219.4875,M4A4,100,100,0,0,0,False,True,True,232.7344,41.13281
DAVEY,CounterTerrorist,2171.291,277.0162,219.4875,M4A4,100,100,0,0,0,False,True,True,233.0859,39.02344
DAVEY,CounterTerrorist,2171.291,277.0162,219.4875,M4A4,100,100,0,0,0,False,True,True,236.25,17.57813
DAVEY,CounterTerrorist,2171.291,277.0567,219.4875,M4A4,100,100,0,1.673548,0,False,True,True,243.2813,0.703125
DAVEY,CounterTerrorist,2171.291,277.159,219.4875,M4A4,100,100,0,1.668955,0,False,True,True,243.2813,352.9688
DAVEY,CounterTerrorist,2171.291,277.2654,219.4875,M4A4,100,100,0,1.714731,0,False,True,True,242.5781,351.5625
DAVEY,CounterTerrorist,2171.291,277.3728,219.4875,M4A4,100,100,0,1.728401,0,False,True,True,242.2266,352.6172
DAVEY,CounterTerrorist,2171.291,277.4814,219.4875,M4A4,100,100,0,1.737497,0,False,True,True,242.2266,353.6719
DAVEY,CounterTerrorist,2171.291,277.5087,219.4875,M4A4,100,100,0,0,0,False,True,True,241.1719,355.7813
DAVEY,CounterTerrorist,2171.291,277.5087,219.4875,M4A4,100,100,0,0,0,True,True,True,240.8203,356.8359
DAVEY,CounterTerrorist,2171.291,277.5087,219.4875,M4A4,100,100,0,0,0,True,True,True,240.8203,358.2422
DAVEY,CounterTerrorist,2171.291,277.5087,219.4875,M4A4,100,100,0,0,0,False,True,True,241.1719,358.2422
DAVEY,CounterTerrorist,2171.291,277.5087,219.4875,M4A4,100,100,0,0,0,False,True,True,241.1719,358.2422
DAVEY,CounterTerrorist,2171.291,277.5087,219.4875,M4A4,100,100,0,0,0,False,True,True,241.5234,358.2422
DAVEY,CounterTerrorist,2171.291,277.5716,219.4875,M4A4,100,100,0,2.678179,0,False,True,True,241.875,357.8906
DAVEY,CounterTerrorist,2171.291,277.7381,219.4875,M4A4,100,100,0,2.657349,0,False,True,True,242.2266,357.5391
DAVEY,CounterTerrorist,2171.291,277.8211,219.4875,M4A4,100,100,0,0,0,False,True,True,242.2266,357.5391
DAVEY,CounterTerrorist,2171.291,277.8211,219.4875,M4A4,100,100,0,0,0,False,True,True,242.2266,357.5391
DAVEY,CounterTerrorist,2171.291,277.8211,219.4875,M4A4,100,100,0,0,0,False,True,True,242.2266,357.5391
DAVEY,CounterTerrorist,2171.291,277.8211,219.4875,M4A4,100,100,0,0,0,False,True,True,242.2266,357.5391
DAVEY,CounterTerrorist,2171.291,277.8211,219.4875,M4A4,100,100,0,0,0,False,True,True,242.2266,357.5391
DAVEY,CounterTerrorist,2171.291,277.8211,219.4875,M4A4,100,100,0,0,0,False,True,True,242.2266,357.5391
DAVEY,CounterTerrorist,2171.291,277.8211,219.4875,M4A4,100,100,0,0,0,False,True,True,242.2266,357.5391
DAVEY,CounterTerrorist,2171.291,277.8211,219.4875,M4A4,100,100,0,0,0,False,True,True,242.2266,357.5391
DAVEY,CounterTerrorist,2171.291,277.8211,219.4875,M4A4,100,100,0,0,0,False,True,True,242.2266,357.5391
DAVEY,CounterTerrorist,2171.291,277.8211,219.4875,M4A4,100,100,0,0,0,False,True,True,242.2266,357.5391
DAVEY,CounterTerrorist,2171.291,277.8211,219.4875,M4A4,100,100,0,0,0,False,True,True,242.2266,357.5391
DAVEY,CounterTerrorist,2171.291,277.8211,219.4875,M4A4,100,100,0,0,0,False,True,True,242.2266,357.5391
DAVEY,CounterTerrorist,2171.291,277.8211,219.4875,M4A4,100,100,0,0,0,False,True,True,242.2266,357.5391
DAVEY,CounterTerrorist,2171.291,277.8211,219.4875,M4A4,100,100,0,0,0,False,True,True,242.2266,357.5391
DAVEY,CounterTerrorist,2171.291,277.8211,219.4875,M4A4,100,100,0,0,0,False,True,True,242.2266,357.5391
DAVEY,CounterTerrorist,2171.291,277.8211,219.4875,M4A4,100,100,0,0,0,False,True,True,242.2266,357.5391
DAVEY,CounterTerrorist,2171.291,277.8211,219.4875,M4A4,100,100,0,0,0,False,True,True,242.2266,357.5391
DAVEY,CounterTerrorist,2171.291,277.8211,219.4875,M4A4,100,100,0,0,0,False,True,True,242.2266,357.5391
DAVEY,CounterTerrorist,2171.291,277.8211,219.4875,M4A4,100,100,0,0,0,False,True,True,242.2266,357.5391
DAVEY,CounterTerrorist,2171.291,277.8211,219.4875,M4A4,100,100,0,0,0,False,True,True,242.2266,357.5391
DAVEY,CounterTerrorist,2171.291,277.8211,219.4875,M4A4,100,100,0,0,0,False,True,True,242.2266,357.5391
DAVEY,CounterTerrorist,2171.291,277.8211,219.4875,M4A4,100,100,0,0,0,False,True,True,242.2266,357.5391
DAVEY,CounterTerrorist,2171.291,277.8211,219.4875,M4A4,100,100,0,0,0,False,True,True,242.2266,357.5391
DAVEY,CounterTerrorist,2171.291,277.8211,219.4875,M4A4,100,100,0,0,0,False,True,True,242.2266,357.5391
DAVEY,CounterTerrorist,2171.291,277.8211,219.4875,M4A4,100,100,0,0,0,False,True,True,242.2266,357.5391
DAVEY,CounterTerrorist,2171.291,277.8211,219.4875,M4A4,100,100,0,0,0,False,True,True,242.2266,358.2422
DAVEY,CounterTerrorist,2171.291,277.8211,219.4875,M4A4,100,100,0,0,0,False,True,True,242.5781,0.3515625
DAVEY,CounterTerrorist,2171.291,277.8211,219.4875,M4A4,100,100,0,0,0,False,True,True,242.2266,1.054688
DAVEY,CounterTerrorist,2171.291,277.8211,219.4875,M4A4,100,100,0,0,0,False,True,True,242.2266,1.054688
DAVEY,CounterTerrorist,2171.291,277.8211,219.4875,M4A4,100,100,0,0,0,False,True,True,242.2266,0.703125
DAVEY,CounterTerrorist,2171.291,277.8211,219.4875,M4A4,100,100,0,0,0,False,True,True,241.5234,0
DAVEY,CounterTerrorist,2171.291,277.8211,219.4875,M4A4,100,100,0,0,0,False,True,True,241.5234,0.3515625
DAVEY,CounterTerrorist,2171.291,277.8211,219.4875,M4A4,100,100,0,0,0,False,True,True,241.5234,0.3515625
DAVEY,CounterTerrorist,2171.291,277.8211,219.4875,M4A4,100,100,0,0,0,False,True,True,241.5234,359.6484
DAVEY,CounterTerrorist,2171.291,277.8211,219.4875,M4A4,100,100,0,0,0,False,True,True,242.2266,358.9453
DAVEY,CounterTerrorist,2171.291,277.8211,219.4875,M4A4,100,100,0,0,0,False,True,True,242.2266,358.2422
DAVEY,CounterTerrorist,2171.291,277.8211,219.4875,M4A4,100,100,0,0,0,False,True,True,242.2266,357.8906
DAVEY,CounterTerrorist,2171.291,277.8211,219.4875,M4A4,100,100,0,0,0,False,True,True,242.2266,357.1875
DAVEY,CounterTerrorist,2171.291,277.8211,219.4875,M4A4,100,100,0,0,0,False,True,True,242.2266,356.8359
DAVEY,CounterTerrorist,2171.291,277.8211,219.4875,M4A4,100,100,0,0,0,False,True,True,242.2266,356.8359
DAVEY,CounterTerrorist,2171.291,277.8211,219.4875,M4A4,100,100,0,0,0,False,True,True,242.2266,356.8359
DAVEY,CounterTerrorist,2171.291,277.8211,219.4875,M4A4,100,100,0,0,0,False,True,True,242.2266,356.8359
DAVEY,CounterTerrorist,2171.291,277.8211,219.4875,M4A4,100,100,0,0,0,False,True,True,242.2266,356.8359
DAVEY,CounterTerrorist,2171.291,277.8211,219.4875,M4A4,100,100,0,0,0,False,True,True,242.2266,356.8359
DAVEY,CounterTerrorist,2171.291,277.8211,219.4875,M4A4,100,100,0,0,0,False,True,True,242.2266,356.8359
DAVEY,CounterTerrorist,2171.291,277.8211,219.4875,M4A4,100,100,0,0,0,False,True,True,242.2266,356.8359
DAVEY,CounterTerrorist,2171.291,277.8211,219.4875,M4A4,100,100,0,0,0,False,True,True,242.2266,356.8359
DAVEY,CounterTerrorist,2171.291,277.8211,219.4875,M4A4,100,100,0,0,0,False,True,True,242.2266,356.8359
DAVEY,CounterTerrorist,2171.291,277.8211,219.4875,M4A4,100,100,0,0,0,False,True,True,242.2266,356.8359
DAVEY,CounterTerrorist,2171.291,277.8211,219.4875,M4A4,100,100,0,0,0,False,True,True,242.2266,356.8359
DAVEY,CounterTerrorist,2171.291,277.8211,219.4875,M4A4,100,100,0,0,0,False,True,True,242.2266,356.8359
DAVEY,CounterTerrorist,2171.693,277.7076,219.4875,M4A4,100,100,15.72723,-0.1777561,0,False,True,True,242.2266,356.8359
DAVEY,CounterTerrorist,2173.461,277.9947,218.1203,M4A4,100,100,29.83028,5.072619,-46.875,False,True,True,242.2266,356.8359
DAVEY,CounterTerrorist,2175.326,278.3118,213.6281,M4A4,100,100,29.83028,5.072619,-96.875,False,True,True,242.2266,356.8359
DAVEY,CounterTerrorist,2177.234,278.7083,206.0109,M4A4,100,100,35.23679,15.23531,-146.875,False,True,True,241.875,356.4844
DAVEY,CounterTerrorist,2179.39,279.8184,195.2687,M4A4,100,100,29.21366,35.45085,-196.875,False,True,True,241.5234,355.7813
DAVEY,CounterTerrorist,2181.14,282.2925,181.4015,M4A4,100,100,27.98751,39.58707,-246.875,False,True,True,240.8203,354.0234
DAVEY,CounterTerrorist,2182.89,284.7666,164.4093,M4A4,100,100,27.98751,39.58707,-296.875,False,True,True,239.7656,352.2656
DAVEY,CounterTerrorist,2185.133,287.2761,160.0313,M4A4,100,100,47.43774,38.7807,0,False,True,True,238.711,350.5078
DAVEY,CounterTerrorist,2189.003,289.6211,160.0313,M4A4,100,100,72.67021,37.07746,0,False,True,True,238.3594,350.5078
DAVEY,CounterTerrorist,2193.547,291.6361,160.0313,M4A4,100,100,90.23029,36.6865,0,False,True,True,238.3594,350.5078
DAVEY,CounterTerrorist,2200.576,294.2004,139.6538,M4A4,100,100,106.8921,36.31553,0,False,True,True,238.3594,350.5078
DAVEY,CounterTerrorist,2207.505,296.4223,135.2823,M4A4,100,100,111.789,34.52859,0,False,True,True,238.3594,350.5078
DAVEY,CounterTerrorist,2213.637,298.2499,133.7887,M4A4,100,100,112.3471,32.66689,0,False,True,True,238.3594,350.5078
DAVEY,CounterTerrorist,2221.57,300.3835,133.0797,M4A4,100,100,113.9379,23.10371,0,False,True,True,238.3594,350.5078
DAVEY,CounterTerrorist,2228.824,300.8324,132.4016,M4A4,100,100,116.9321,-3.985489,0,False,True,True,238.3594,350.5078
DAVEY,CounterTerrorist,2236.065,299.8659,131.6969,M4A4,100,100,114.635,-23.40558,0,False,True,True,237.3047,350.5078
DAVEY,CounterTerrorist,2243.103,297.8965,130.5802,M4A4,100,100,110.9653,-37.09042,0,False,True,True,236.6016,350.8594
DAVEY,CounterTerrorist,2249.908,295.2275,129.2847,M4A4,100,100,107.3121,-46.61671,0,False,True,True,235.5469,351.2109
DAVEY,CounterTerrorist,2256.496,292.0567,128.3571,M4A4,100,100,104.0316,-53.539,0,False,True,True,234.8437,351.2109
DAVEY,CounterTerrorist,2262.114,288.9956,128.0434,M4A4,100,100,101.8037,-57.66282,0,False,True,True,233.789,351.2109
DAVEY,CounterTerrorist,2269.169,284.7658,127.6328,M4A4,100,100,99.25101,-61.95349,0,False,True,True,232.7344,351.5625
DAVEY,CounterTerrorist,2275.309,280.7937,127.2615,M4A4,100,100,97.48733,-64.69327,0,False,True,True,232.0313,351.5625
DAVEY,CounterTerrorist,2281.346,276.6685,126.8107,M4A4,100,100,95.94727,-66.95612,0,False,True,True,231.3281,351.5625
DAVEY,CounterTerrorist,2287.295,272.4157,126.3593,M4A4,100,100,94.59691,-68.85073,0,False,True,True,230.625,351.5625
DAVEY,CounterTerrorist,2293.163,268.0519,125.9075,M4A4,100,100,93.32943,-70.55931,0,False,True,True,229.9219,351.5625
DAVEY,CounterTerrorist,2298.955,263.5875,125.4556,M4A4,100,100,92.16529,-72.07328,0,False,True,True,229.2188,351.5625
DAVEY,CounterTerrorist,2304.678,259.0357,125.0036,M4A4,100,100,91.12274,-73.38695,0,False,True,True,228.8672,351.5625
DAVEY,CounterTerrorist,2310.34,254.4086,124.7026,M4A4,100,100,90.20576,-74.51121,0,False,True,True,228.1641,351.9141
DAVEY,CounterTerrorist,2315.947,249.7139,124.6239,M4A4,100,100,89.30315,-75.59064,0,False,True,True,227.4609,351.9141
DAVEY,CounterTerrorist,2321.498,244.954,124.7877,M4A4,100,100,88.4561,-76.58014,0,False,True,True,227.1094,351.9141
DAVEY,CounterTerrorist,2326.997,240.1339,124.9428,M4A4,100,100,87.59331,-77.56552,0,False,True,True,226.4063,351.9141
DAVEY,CounterTerrorist,2332.438,235.2492,125.093,M4A4,100,100,86.67231,-78.59332,0,False,True,True,225.7031,351.9141
DAVEY,CounterTerrorist,2337.106,229.6725,125.1778,M4A4,100,100,65.17554,-97.16557,0,False,True,True,225.3516,351.9141
DAVEY,CounterTerrorist,2340.396,223.2196,125.1776,M4A4,100,100,38.71144,-105.6948,0,False,True,True,224.6484,351.5625
DAVEY,CounterTerrorist,2341.396,216.6056,125.0472,M4A4,100,100,0.05833253,-105.8997,0,False,True,True,224.6484,351.5625
DAVEY,CounterTerrorist,2340.351,209.9847,124.8094,M4A4,100,100,-28.52461,-105.9357,0,False,True,True,224.2969,351.5625
DAVEY,CounterTerrorist,2337.479,204.1021,124.4962,M4A4,100,100,-59.51838,-81.86621,0,False,True,True,223.9453,351.5625
DAVEY,CounterTerrorist,2332.88,199.7752,124.1355,M4A4,100,100,-82.20139,-63.5521,0,False,True,True,223.9453,351.5625
DAVEY,CounterTerrorist,2327.479,195.4016,123.7315,M4A4,100,100,-89.35973,-74.49036,0,False,True,True,223.9453,351.5625
DAVEY,CounterTerrorist,2321.917,190.6537,123.3087,M4A4,100,100,-88.38557,-76.66151,0,False,True,True,223.9453,351.5625
DAVEY,CounterTerrorist,2316.43,185.8198,122.8874,M4A4,100,100,-87.38708,-77.7978,0,False,True,True,223.5938,351.2109
DAVEY,CounterTerrorist,2310.992,180.9319,122.4672,M4A4,100,100,-86.78259,-78.47152,0,False,True,True,223.2422,351.2109
DAVEY,CounterTerrorist,2305.583,176.0114,122.0476,M4A4,100,100,-86.38876,-78.90489,0,False,True,True,223.2422,351.2109
DAVEY,CounterTerrorist,2300.192,171.0703,121.7125,M4A4,100,100,-86.16501,-79.14916,0,False,True,True,222.8906,350.8594
DAVEY,CounterTerrorist,2294.811,166.1186,121.6719,M4A4,100,100,-86.04449,-79.28016,0,False,True,True,222.8906,350.8594
DAVEY,CounterTerrorist,2289.437,161.1601,121.6307,M4A4,100,100,-85.95561,-79.37651,0,False,True,True,222.8906,350.8594
DAVEY,CounterTerrorist,2284.067,156.1968,121.5891,M4A4,100,100,-85.90565,-79.43058,0,False,True,True,222.8906,350.5078
DAVEY,CounterTerrorist,2278.698,151.2314,121.5475,M4A4,100,100,-85.8822,-79.45593,0,False,True,True,222.8906,350.5078
DAVEY,CounterTerrorist,2273.331,146.2657,121.5057,M4A4,100,100,-85.89071,-79.44672,0,False,True,True,222.8906,350.1563
DAVEY,CounterTerrorist,2267.962,141.301,121.4778,M4A4,100,100,-85.9157,-79.41971,0,False,True,True,222.5391,349.8047
DAVEY,CounterTerrorist,2262.591,136.3385,121.4615,M4A4,100,100,-85.94745,-79.38535,0,False,True,True,222.5391,349.8047
DAVEY,CounterTerrorist,2257.218,131.3779,121.4454,M4A4,100,100,-85.97082,-79.36004,0,False,True,True,222.5391,349.4531
DAVEY,CounterTerrorist,2251.845,126.4185,121.7339,M4A4,100,100,-85.98803,-79.34139,0,False,True,True,222.5391,349.1016
DAVEY,CounterTerrorist,2246.47,121.4602,122.4765,M4A4,100,100,-86.0007,-79.32766,0,False,True,True,222.5391,348.75
DAVEY,CounterTerrorist,2241.095,116.5014,123.219,M4A4,100,100,-85.98114,-79.34885,0,False,True,True,222.8906,348.75
DAVEY,CounterTerrorist,2235.723,111.5409,123.961,M4A4,100,100,-85.94425,-79.38882,0,False,True,True,222.8906,348.3984
DAVEY,CounterTerrorist,2230.354,106.5766,124.7024,M4A4,100,100,-85.88172,-79.45646,0,False,True,True,222.8906,348.3984
DAVEY,CounterTerrorist,2224.974,101.6234,124.907,M4A4,100,100,-87.53254,-77.6341,0,False,True,True,222.8906,348.3984
DAVEY,CounterTerrorist,2218.903,97.58727,124.3427,M4A4,100,100,-103.234,-55.06119,0,False,True,True,222.8906,348.3984
DAVEY,CounterTerrorist,2212.152,94.79995,124.0046,M4A4,100,100,-110.9173,-37.23359,0,False,True,True,223.2422,348.0469
DAVEY,CounterTerrorist,2205.082,92.94713,123.8319,M4A4,100,100,-114.4266,-24.40414,0,False,True,True,223.2422,348.0469
DAVEY,CounterTerrorist,2197.87,91.74963,123.7735,M4A4,100,100,-115.9523,-15.62283,0,False,True,True,223.9453,347.6953
DAVEY,CounterTerrorist,2190.599,90.97437,123.7709,M4A4,100,100,-116.5427,-10.3343,0,False,True,True,224.2969,347.3438
DAVEY,CounterTerrorist,2183.306,90.44536,123.7379,M4A4,100,100,-116.7756,-7.242997,0,False,True,True,225,346.9922
DAVEY,CounterTerrorist,2176.004,90.05892,123.7292,M4A4,100,100,-116.8702,-5.509709,0,False,True,True,225.7031,346.6406
DAVEY,CounterTerrorist,2168.698,89.74554,123.7292,M4A4,100,100,-116.9016,-4.797583,0,False,True,True,227.1094,346.2891
DAVEY,CounterTerrorist,2161.542,88.40914,123.5615,M4A4,100,100,-112.2554,-32.98061,0,False,True,True,228.1641,346.2891
DAVEY,CounterTerrorist,2154.791,85.62449,123.1405,M4A4,100,100,-104.5988,-52.42217,0,False,True,True,228.8672,346.2891
DAVEY,CounterTerrorist,2148.521,81.86916,122.5505,M4A4,100,100,-97.11937,-65.24435,0,False,True,True,229.5703,346.2891
DAVEY,CounterTerrorist,2142.677,77.47813,121.8491,M4A4,100,100,-90.90788,-73.65295,0,False,True,True,229.9219,346.2891
DAVEY,CounterTerrorist,2137.125,72.72121,121.0831,M4A4,100,100,-90.46741,-74.19329,0,False,True,True,230.2734,346.2891
DAVEY,CounterTerrorist,2130.999,68.74598,120.7819,M4A4,100,100,-102.7527,-55.95429,0,False,True,True,230.2734,346.2891
DAVEY,CounterTerrorist,2124.298,65.83701,120.6323,M4A4,100,100,-110.4263,-38.66572,0,False,True,True,218.6719,349.4531
DAVEY,CounterTerrorist,2117.18,64.22688,120.5761,M4A4,100,100,-116.1032,-14.45848,0,False,True,True,195.1172,354.0234
DAVEY,CounterTerrorist,2109.897,63.5649,120.576,M4A4,100,100,-116.6371,-9.207746,0,False,True,True,177.8906,359.6484
DAVEY,CounterTerrorist,2102.595,63.1833,120.6126,M4A4,100,100,-116.9305,-4.030564,0,False,True,True,176.1328,359.6484
DAVEY,CounterTerrorist,2095.284,63.05679,120.6659,M4A4,100,100,-116.9982,-0.6569418,0,False,True,True,176.1328,359.6484
DAVEY,CounterTerrorist,2087.971,63.10172,120.7261,M4A4,100,100,-116.9881,1.669939,0,False,True,True,176.1328,359.6484
DAVEY,CounterTerrorist,2080.661,63.26708,120.7947,M4A4,100,100,-116.9527,3.325386,0,False,True,True,176.1328,359.6484
DAVEY,CounterTerrorist,2073.353,63.51894,120.8693,M4A4,100,100,-116.9126,4.522147,0,False,True,True,176.1328,359.6484
DAVEY,CounterTerrorist,2066.047,63.83352,120.9482,M4A4,100,100,-116.8761,5.382613,0,False,True,True,176.1328,0
DAVEY,CounterTerrorist,2058.743,64.19389,121.0303,M4A4,100,100,-116.8435,6.048625,0,False,True,True,176.1328,0
DAVEY,CounterTerrorist,2051.442,64.59092,121.1149,M4A4,100,100,-116.8148,6.580454,0,False,True,True,175.7813,0
DAVEY,CounterTerrorist,2044.142,64.62998,121.1482,M4A4,100,100,-116.5599,-10.13863,0,False,True,True,175.0781,359.6484
DAVEY,CounterTerrorist,2036.985,63.18026,121.0386,M4A4,100,100,-112.524,-32.05242,0,False,True,True,174.375,359.6484
DAVEY,CounterTerrorist,2030.13,60.64676,120.8586,M4A4,100,100,-107.5254,-46.12258,0,False,True,True,172.9688,359.6484
DAVEY,CounterTerrorist,2023.555,57.45075,120.6745,M4A4,100,100,-103.6176,-54.33591,0,False,True,True,171.2109,0
DAVEY,CounterTerrorist,2016.895,54.45959,120.5085,M4A4,100,100,-110.5229,-38.38862,0,False,True,True,170.5078,0
DAVEY,CounterTerrorist,2010.891,52.25626,120.3999,M4A4,100,100,-108.2516,-44.39138,0,False,True,True,170.5078,0
DAVEY,CounterTerrorist,2003.441,48.77068,120.2026,M4A4,100,100,-104.2523,-53.108,0,False,True,True,170.5078,0
DAVEY,CounterTerrorist,1997.016,45.27972,119.992,M4A4,100,100,-101.8494,-57.58213,0,False,True,True,169.8047,0
DAVEY,CounterTerrorist,1990.704,41.58818,119.7632,M4A4,100,100,-100.4502,-59.98968,0,False,True,True,169.1016,0.3515625
DAVEY,CounterTerrorist,1984.453,37.79387,119.5252,M4A4,100,100,-99.76942,-61.11515,0,False,True,True,167.6953,0.703125
DAVEY,CounterTerrorist,1978.226,33.95985,119.2835,M4A4,100,100,-99.57843,-61.42583,0,False,True,True,166.6406,0.703125
DAVEY,CounterTerrorist,1972.604,30.50467,119.0659,Flash,100,100,-105.8666,-64.75633,0,False,True,True,165.2344,0.703125
DAVEY,CounterTerrorist,1964.956,25.89935,118.7777,Flash,100,100,-109.5778,-64.98817,0,False,True,True,162.7734,0.703125
DAVEY,CounterTerrorist,1958.068,21.90533,118.5309,Flash,100,100,-110.7243,-63.01502,0,False,True,True,161.3672,0.703125
DAVEY,CounterTerrorist,1951.108,18.0372,118.2956,Flash,100,100,-111.8305,-61.03036,0,False,True,True,160.6641,0.703125
DAVEY,CounterTerrorist,1944.087,14.28214,118.6029,Flash,100,100,-112.6954,-59.41813,0,False,True,True,160.6641,0.703125
DAVEY,CounterTerrorist,1937.021,10.61163,119.0481,Flash,100,100,-113.306,-58.24517,0,False,True,True,160.6641,0.703125
DAVEY,CounterTerrorist,1929.923,7.00287,119.4876,Flash,100,100,-113.7436,-57.38598,0,False,True,True,160.6641,0.703125
DAVEY,CounterTerrorist,1922.803,3.439532,119.9231,Flash,100,100,-114.066,-56.74253,0,False,True,True,160.3125,0.703125
DAVEY,CounterTerrorist,1915.661,-0.08144537,120.3547,Flash,100,100,-114.448,-55.96791,0,False,True,True,159.6094,1.054688
DAVEY,CounterTerrorist,1909.014,-4.103708,120.8288,Flash,100,100,-96.28473,-65.59388,0,False,True,True,159.2578,1.054688
DAVEY,CounterTerrorist,1904.341,-6.487439,121.119,Flash,100,100,-57.8914,-14.88517,0,False,True,True,159.2578,1.054688
DAVEY,CounterTerrorist,1901.969,-6.161989,121.117,M4A4,100,100,-26.00238,9.464262,0,False,True,True,159.2578,1.054688
DAVEY,CounterTerrorist,1901.087,-5.841021,121.0968,M4A4,100,100,-4.859344,1.768688,0,False,True,True,157.8516,1.757813
DAVEY,CounterTerrorist,1900.988,-6.026534,121.1161,M4A4,100,100,-6.656154,-15.50681,0,False,True,True,156.7969,1.40625
DAVEY,CounterTerrorist,1899.752,-8.52637,121.3746,M4A4,100,100,-31.69287,-48.14883,0,False,True,True,156.7969,1.40625
DAVEY,CounterTerrorist,1896.788,-11.5212,121.7028,M4A4,100,100,-58.90056,-48.41901,0,False,True,True,156.7969,1.40625
DAVEY,CounterTerrorist,1892.314,-14.62312,122.0603,M4A4,100,100,-80.48985,-50.48151,0,False,True,True,156.7969,1.40625
DAVEY,CounterTerrorist,1883.544,-19.42365,122.6366,M4A4,100,100,-103.2571,-51.10364,0,False,True,True,153.6328,2.109375
DAVEY,CounterTerrorist,1877.746,-22.11975,122.9712,M4A4,100,100,-106.9144,-47.52179,0,False,True,True,152.2266,2.109375
DAVEY,CounterTerrorist,1871,-24.94055,123.3501,M4A4,100,100,-108.6131,-43.49946,0,False,True,True,151.875,2.109375
DAVEY,CounterTerrorist,1864.172,-27.55794,123.8286,M4A4,100,100,-109.6695,-40.76276,0,False,True,True,151.875,2.109375
DAVEY,CounterTerrorist,1857.29,-30.0299,124.2948,M4A4,100,100,-110.4379,-38.63247,0,False,True,True,150.8203,1.757813
DAVEY,CounterTerrorist,1850.362,-32.3704,124.7496,M4A4,100,100,-111.1601,-36.50261,0,False,True,True,149.7656,1.40625
DAVEY,CounterTerrorist,1843.4,-34.60376,125.1952,M4A4,100,100,-110.5237,-38.15068,0,False,True,True,148.7109,1.054688
DAVEY,CounterTerrorist,1836.858,-37.83994,125.7245,M4A4,100,100,-99.93458,-60.84471,0,False,True,True,148.0078,1.054688
DAVEY,CounterTerrorist,1831.216,-41.74175,126.186,M4A4,100,100,-75.28528,-49.54799,0,False,True,True,147.6563,1.054688
DAVEY,CounterTerrorist,1827.501,-42.98436,126.3554,M4A4,100,100,-53.19309,2.024502,0,False,True,True,146.9531,1.054688
DAVEY,CounterTerrorist,1823.97,-42.17292,126.4403,M4A4,100,100,-65.38947,10.24228,0,False,True,True,146.25,1.054688
DAVEY,CounterTerrorist,1819.112,-41.91833,126.5899,M4A4,100,100,-86.80379,-0.1636179,0,False,True,True,145.8984,1.054688
DAVEY,CounterTerrorist,1813.192,-42.36243,126.8012,M4A4,100,100,-96.42682,-17.92809,0,False,True,True,145.1953,0.703125
DAVEY,CounterTerrorist,1807.261,-44.5144,127.078,M4A4,100,100,-93.82336,-46.01712,0,False,True,True,145.1953,0.703125
DAVEY,CounterTerrorist,1801.857,-47.58793,127.3727,M4A4,100,100,-67.80846,-31.9798,0,False,True,True,145.1953,0.703125
DAVEY,CounterTerrorist,1799.917,-47.21807,127.4222,M4A4,100,100,-4.010907,30.12771,0,False,True,True,145.5469,0.703125
DAVEY,CounterTerrorist,1800.658,-43.70297,127.2636,M4A4,100,100,10.40227,79.42187,0,False,True,True,145.5469,0.703125
DAVEY,CounterTerrorist,1800.598,-37.10574,126.8429,M4A4,100,100,-17.36496,118.4317,0,False,True,True,145.5469,0.703125
DAVEY,CounterTerrorist,1797.907,-31.88579,126.4237,M4A4,100,100,-56.90019,45.55291,0,False,True,True,146.25,0.3515625
DAVEY,CounterTerrorist,1793.534,-31.60769,126.5402,M4A4,100,100,-79.29975,-24.29258,0,False,True,True,146.25,0.3515625
DAVEY,CounterTerrorist,1787.965,-34.96827,127.0496,M4A4,100,100,-93.12268,-70.83195,0,False,True,True,145.8984,0.3515625
DAVEY,CounterTerrorist,1782.687,-39.23288,127.6374,M4A4,100,100,-83.52579,-73.92019,0,False,True,True,145.5469,0.3515625
DAVEY,CounterTerrorist,1777.498,-44.2855,128.0458,M4A4,100,100,-81.27357,-84.16416,0,False,True,True,144.8438,0.3515625
DAVEY,CounterTerrorist,1772.56,-49.67904,128.4138,M4A4,100,100,-77.57119,-87.58829,0,False,True,True,143.7891,0.703125
DAVEY,CounterTerrorist,1767.795,-55.22546,128.782,M4A4,100,100,-75.34534,-89.51021,0,False,True,True,143.4375,0.703125
DAVEY,CounterTerrorist,1763.137,-60.86225,129.1502,M4A4,100,100,-74.02237,-90.60732,0,False,True,True,142.7344,0.703125
DAVEY,CounterTerrorist,1758.521,-66.57181,129.6568,Smoke,100,100,-74.82142,-93.23917,0,False,True,True,142.3828,0.703125
DAVEY,CounterTerrorist,1753.448,-72.29703,130.2365,Smoke,100,100,-89.15246,-84.05264,0,False,True,True,141.3281,1.054688
DAVEY,CounterTerrorist,1745.988,-77.01403,130.8578,Smoke,100,100,-140.6159,-69.1507,0,False,True,True,139.9219,1.054688
DAVEY,CounterTerrorist,1735.8,-80.84979,131.5432,Smoke,100,100,-178.7386,-55.28243,0,False,True,True,137.1094,1.054688
DAVEY,CounterTerrorist,1723.594,-83.82092,132.2629,Smoke,100,100,-206.9406,-41.5118,0,False,True,True,134.2969,1.757813
DAVEY,CounterTerrorist,1710.479,-87.48756,132.9993,Smoke,100,100,-210.121,-75.75377,0,False,True,True,131.1328,2.109375
DAVEY,CounterTerrorist,1697.245,-93.24659,133.3592,Smoke,100,100,-213.384,-103.0434,0,False,True,True,127.2656,2.460938
DAVEY,CounterTerrorist,1683.782,-100.2698,133.7982,Smoke,100,100,-215.1861,-117.1322,0,False,True,True,123.75,2.8125
DAVEY,CounterTerrorist,1670.59,-107.6138,133.7867,Smoke,100,100,-197.9097,-111.1167,0,False,True,True,121.2891,3.164063
DAVEY,CounterTerrorist,1660.279,-111.9735,133.5436,Smoke,100,100,-127.3986,-0.6044372,0,False,True,True,120.2344,3.164063
DAVEY,CounterTerrorist,1652.468,-111.9738,133.1531,Smoke,100,100,-113.0437,2.797783,0,False,True,True,119.5313,3.164063
DAVEY,CounterTerrorist,1647.787,-111.1097,132.8651,Smoke,100,100,-47.41486,21.3413,0,False,True,True,119.5313,3.164063
DAVEY,CounterTerrorist,1646.563,-109.615,132.7104,Smoke,100,100,-8.462609,19.16655,0,False,True,True,120.5859,3.164063
DAVEY,CounterTerrorist,1646.348,-109.1296,132.6694,Smoke,100,100,0,0,0,False,True,True,121.2891,3.164063
DAVEY,CounterTerrorist,1646.348,-109.1296,132.6694,Smoke,100,100,0,0,0,False,True,True,121.2891,3.164063
DAVEY,CounterTerrorist,1646.348,-109.1296,132.6694,Smoke,100,100,0,0,0,False,True,True,121.2891,3.164063
DAVEY,CounterTerrorist,1646.305,-109.0581,132.6627,Smoke,100,100,-5.579388,9.152161,0,False,True,True,121.2891,3.164063
DAVEY,CounterTerrorist,1644.789,-106.5937,132.4329,Smoke,100,100,-38.94914,62.88231,0,False,True,True,121.9922,2.460938
DAVEY,CounterTerrorist,1641.945,-102.0351,132.0058,Smoke,100,100,-50.11895,80.00327,0,False,True,True,122.6953,2.109375
DAVEY,CounterTerrorist,1638.508,-96.57221,131.4925,Smoke,100,100,-58.41623,92.60432,0,False,True,True,122.6953,2.109375
DAVEY,CounterTerrorist,1634.634,-90.44277,130.9157,Smoke,100,100,-64.47224,101.921,0,False,True,True,122.3438,1.757813
DAVEY,CounterTerrorist,1630.453,-83.83085,130.2934,Smoke,100,100,-68.0845,107.6813,0,False,True,True,122.3438,1.054688
DAVEY,CounterTerrorist,1626.716,-77.92068,129.7372,Smoke,100,100,-52.09834,82.40569,0,False,True,True,121.9922,1.054688
DAVEY,CounterTerrorist,1624.184,-73.42913,129.3299,Smoke,100,100,-24.46367,69.44212,0,False,True,True,121.9922,1.054688
DAVEY,CounterTerrorist,1625.03,-68.39394,129.0575,M4A4,100,100,39.99317,88.73541,0,False,True,True,123.75,1.757813
DAVEY,CounterTerrorist,1629.223,-62.24968,128.9053,M4A4,100,100,85.70474,105.5711,0,False,True,True,127.2656,2.460938
DAVEY,CounterTerrorist,1633.605,-57.02526,128.9818,M4A4,100,100,59.78708,71.26557,0,False,True,True,130.7813,3.515625
DAVEY,CounterTerrorist,1636.763,-53.26191,129.0424,Flash,100,100,43.91955,52.35164,0,False,True,True,132.5391,3.515625
DAVEY,CounterTerrorist,1639.288,-50.90199,129.0748,Flash,100,100,43.84845,19.92329,0,False,True,True,133.5938,2.460938
DAVEY,CounterTerrorist,1642.272,-50.99497,129.1546,Flash,100,100,45.17643,-17.76185,0,False,True,True,133.5938,2.109375
DAVEY,CounterTerrorist,1644.355,-53.46516,129.2265,Flash,100,100,19.75658,-60.27921,0,False,True,True,133.2422,1.757813
DAVEY,CounterTerrorist,1643.846,-57.5805,129.3224,Flash,100,100,-23.79722,-80.82232,0,False,True,True,131.8359,2.109375
DAVEY,CounterTerrorist,1641.192,-63.40354,129.5536,Flash,100,100,-41.72092,-78.98518,0,False,True,True,131.1328,2.109375
DAVEY,CounterTerrorist,1638.99,-67.57129,129.704,Flash,100,100,-30.52256,-57.78466,0,False,True,True,131.1328,2.109375
DAVEY,CounterTerrorist,1637.452,-70.48339,129.8091,Flash,100,100,-20.01373,-37.88958,0,False,True,True,130.7813,2.109375
DAVEY,CounterTerrorist,1636.57,-72.15205,129.8643,Flash,100,100,-9.504907,-17.99449,0,False,True,True,130.7813,2.460938
DAVEY,CounterTerrorist,1636.741,-73.27102,129.9478,Flash,100,100,12.81095,-23.65983,0,False,True,True,127.9687,2.8125
DAVEY,CounterTerrorist,1638.08,-75.36172,130.1455,Flash,100,100,27.53174,-41.46986,0,False,True,True,124.4531,2.109375
DAVEY,CounterTerrorist,1639.363,-77.29458,130.3304,Flash,100,100,15.08695,-22.7248,0,False,True,True,123.0469,1.757813
DAVEY,CounterTerrorist,1639.869,-78.05587,130.4003,Flash,100,100,2.642148,-3.979751,0,False,True,True,123.0469,1.40625
DAVEY,CounterTerrorist,1639.877,-78.06866,130.4003,Flash,100,100,0,0,0,False,True,True,123.0469,0.3515625
DAVEY,CounterTerrorist,1639.877,-78.06866,130.4003,Flash,100,100,0,0,0,False,True,True,123.3984,358.2422
DAVEY,CounterTerrorist,1639.877,-78.06866,130.4003,Flash,100,100,0,0,0,False,True,True,124.1016,356.8359
DAVEY,CounterTerrorist,1639.877,-78.06866,130.4003,Flash,100,100,0,0,0,False,True,True,124.4531,355.4297
DAVEY,CounterTerrorist,1639.877,-78.06866,130.4003,Flash,100,100,0,0,0,False,True,True,124.4531,354.375
DAVEY,CounterTerrorist,1639.877,-78.06866,130.4003,Flash,100,100,0,0,0,False,True,True,124.4531,352.9688
DAVEY,CounterTerrorist,1639.877,-78.06866,130.4003,Flash,100,100,0,0,0,False,True,True,124.4531,351.5625
DAVEY,CounterTerrorist,1639.877,-78.06866,130.4003,Flash,100,100,0,0,0,False,True,True,124.1016,350.8594
DAVEY,CounterTerrorist,1639.877,-78.06866,130.4003,Flash,100,100,0,0,0,False,True,True,124.1016,350.5078
DAVEY,CounterTerrorist,1639.877,-78.06866,130.4003,Flash,100,100,0,0,0,False,True,True,124.1016,350.5078
DAVEY,CounterTerrorist,1640.053,-78.3269,130.4205,Flash,100,100,8.063379,-11.82495,0,False,True,True,124.4531,350.1563
DAVEY,CounterTerrorist,1641.013,-79.73394,130.5654,Flash,100,100,21.02489,-30.82493,0,False,True,True,124.4531,350.1563
DAVEY,CounterTerrorist,1642.782,-82.32866,130.816,Flash,100,100,33.95984,-49.84295,0,False,True,True,124.1016,350.5078
DAVEY,CounterTerrorist,1645.103,-85.74987,131.1458,Flash,100,100,33.96154,-50.14307,0,False,True,True,123.0469,352.6172
DAVEY,CounterTerrorist,1646.782,-88.22887,131.3847,Flash,100,100,21.34408,-31.5138,0,False,True,True,121.9922,357.1875
DAVEY,CounterTerrorist,1647.672,-89.54355,131.5114,Knife,100,100,8.726607,-12.88454,0,False,True,True,121.2891,0.3515625
DAVEY,CounterTerrorist,1647.828,-89.77396,131.53,Knife,100,100,0,0,0,False,True,True,120.5859,2.460938
DAVEY,CounterTerrorist,1647.828,-89.77396,131.53,Knife,100,100,0,0,0,False,True,True,120.5859,3.164063
DAVEY,CounterTerrorist,1647.828,-89.77396,131.53,Knife,100,100,0,0,0,False,True,True,120.2344,3.867188
DAVEY,CounterTerrorist,1646.977,-90.26779,131.5219,Knife,100,100,-22.33113,-12.94625,0,False,True,True,120.2344,4.570313
DAVEY,CounterTerrorist,1644.881,-91.48116,131.493,Knife,100,100,-42.26526,-24.41926,0,False,True,True,119.8828,4.921875
DAVEY,CounterTerrorist,1641.536,-93.40713,131.4461,M4A4,100,100,-62.25692,-35.79211,0,False,True,True,119.8828,4.921875
DAVEY,CounterTerrorist,1636.98,-96.02312,131.3818,M4A4,100,100,-80.44614,-46.1596,0,False,True,True,119.8828,4.921875
DAVEY,CounterTerrorist,1631.457,-99.19035,131.3036,M4A4,100,100,-93.93092,-53.84607,0,False,True,True,119.8828,4.921875
DAVEY,CounterTerrorist,1625.251,-102.7468,131.2156,M4A4,100,100,-101.5176,-58.16512,0,False,True,True,119.8828,4.921875
DAVEY,CounterTerrorist,1618.906,-106.3817,131.1255,M4A4,100,100,-101.5249,-58.15237,0,False,True,True,119.8828,4.921875
DAVEY,CounterTerrorist,1612.985,-109.7729,131.0414,M4A4,100,100,-83.86594,-48.03329,0,False,True,True,119.8828,4.921875
DAVEY,CounterTerrorist,1608.558,-111.9688,130.9573,M4A4,100,100,-61.36618,0,0,False,True,True,119.8828,4.921875
DAVEY,CounterTerrorist,1605.282,-111.9908,130.7949,M4A4,100,100,-53.67945,0,0,False,True,True,119.8828,4.921875
DAVEY,CounterTerrorist,1601.23,-111.8387,130.5828,M4A4,100,100,-74.18625,6.622058,0,False,True,True,119.8828,4.921875
DAVEY,CounterTerrorist,1595.938,-111.4288,130.2926,M4A4,100,100,-91.09592,-0.9609003,0,False,True,True,119.8828,4.921875
DAVEY,CounterTerrorist,1589.853,-111.9908,130.0234,M4A4,100,100,-101.7751,-2.825118,0,False,True,True,119.8828,4.921875
DAVEY,CounterTerrorist,1583.574,-111.9908,129.7095,M4A4,100,100,-90.97912,0,0,False,True,True,119.8828,4.21875
DAVEY,CounterTerrorist,1578.771,-111.9908,129.4693,M4A4,100,100,-66.70961,0,0,False,True,True,119.8828,4.21875
DAVEY,CounterTerrorist,1575.394,-111.9908,129.3004,M4A4,100,100,-44.20961,0,0,False,True,True,119.8828,4.21875
DAVEY,CounterTerrorist,1573.422,-111.9908,129.2019,M4A4,100,100,-21.70961,0,0,False,True,True,119.8828,4.21875
DAVEY,CounterTerrorist,1573.354,-111.7349,129.1804,M4A4,100,100,12.86872,8.036114,0,False,True,True,119.8828,4.21875
DAVEY,CounterTerrorist,1574.869,-110.8457,129.1991,M4A4,100,100,33.02036,19.13789,0,False,True,True,119.8828,4.21875
DAVEY,CounterTerrorist,1577.635,-109.2481,129.2353,M4A4,100,100,52.95435,30.61092,0,False,True,True,120.2344,3.867188
DAVEY,CounterTerrorist,1581.632,-106.9183,129.2954,M4A4,100,100,72.26659,42.3966,0,False,True,True,121.2891,3.867188
DAVEY,CounterTerrorist,1586.701,-103.9129,129.3524,M4A4,100,100,87.26067,52.16141,0,False,True,True,121.9922,3.515625
DAVEY,CounterTerrorist,1592.703,-101.2402,129.494,M4A4,100,100,102.7506,33.16933,0,False,True,True,123.0469,3.164063
DAVEY,CounterTerrorist,1599.57,-99.77742,129.7459,M4A4,100,100,114.8727,16.65466,0,False,True,True,124.1016,3.164063
DAVEY,CounterTerrorist,1606.855,-99.17814,130.0727,M4A4,100,100,116.9012,4.808228,0,False,True,True,125.5078,3.164063
DAVEY,CounterTerrorist,1614.166,-99.15972,130.4371,M4A4,100,100,116.9701,-2.645469,0,False,True,True,126.5625,3.164063
DAVEY,CounterTerrorist,1621.471,-99.47265,130.822,M4A4,100,100,116.8214,-6.462156,0,False,True,True,127.6172,3.164063
DAVEY,CounterTerrorist,1628.767,-99.32867,131.1777,M4A4,100,100,116.1975,13.6802,0,False,True,True,129.375,2.8125
DAVEY,CounterTerrorist,1635.885,-97.69414,131.4315,M4A4,100,100,111.6941,34.83436,0,False,True,True,131.1328,2.460938
DAVEY,CounterTerrorist,1642.663,-94.96607,131.5999,M4A4,100,100,105.9095,49.72098,0,False,True,True,132.1875,2.460938
DAVEY,CounterTerrorist,1649.086,-91.47594,131.693,M4A4,100,100,100.3929,60.08551,0,False,True,True,133.5938,2.460938
DAVEY,CounterTerrorist,1655.291,-87.61109,131.7716,M4A4,100,100,102.0803,57.17173,0,False,True,True,134.6484,2.109375
DAVEY,CounterTerrorist,1661.978,-84.67094,131.9222,M4A4,100,100,109.9647,39.95938,0,False,True,True,135.3516,2.109375
DAVEY,CounterTerrorist,1668.994,-82.62149,132.1449,M4A4,100,100,113.6257,27.89632,0,False,True,True,136.0547,1.757813
DAVEY,CounterTerrorist,1676.161,-81.17368,132.4127,M4A4,100,100,115.2816,19.97866,0,False,True,True,136.7578,1.757813
DAVEY,CounterTerrorist,1683.394,-80.10249,132.5377,M4A4,100,100,115.9892,15.34609,0,False,True,True,137.4609,1.757813
DAVEY,CounterTerrorist,1690.655,-79.24159,132.4839,M4A4,100,100,116.3014,12.76656,0,False,True,True,138.1641,1.757813
DAVEY,CounterTerrorist,1697.93,-78.50069,132.4376,M4A4,100,100,116.4549,11.28113,0,False,True,True,138.8672,1.757813
DAVEY,CounterTerrorist,1705.211,-77.82362,132.3953,M4A4,100,100,116.521,10.57597,0,False,True,True,139.5703,1.757813
DAVEY,CounterTerrorist,1712.346,-76.36475,132.289,M4A4,100,100,111.593,35.1568,0,False,True,True,140.2734,1.757813
DAVEY,CounterTerrorist,1719.036,-73.43559,131.8132,M4A4,100,100,103.3823,54.7822,0,False,True,True,140.625,1.757813
DAVEY,CounterTerrorist,1725.214,-69.53281,131.299,M4A4,100,100,95.4894,67.6075,0,False,True,True,140.9766,1.757813
DAVEY,CounterTerrorist,1730.945,-64.99443,130.7646,M4A4,100,100,88.96191,75.99194,0,False,True,True,141.6797,1.757813
DAVEY,CounterTerrorist,1736.029,-60.44312,130.2578,M4A4,100,100,71.77942,64.7179,0,False,True,True,142.3828,1.757813
DAVEY,CounterTerrorist,1738.743,-56.08078,129.8664,M4A4,100,100,28.518,76.24458,0,False,True,True,142.7344,1.757813
DAVEY,CounterTerrorist,1740.049,-50.59971,129.5158,M4A4,100,100,15.47929,95.73003,0,False,True,True,143.0859,1.757813
DAVEY,CounterTerrorist,1740.654,-44.09087,129.2473,M4A4,100,100,5.582618,110.0401,0,False,True,True,143.4375,1.757813
DAVEY,CounterTerrorist,1740.725,-36.88375,128.7859,M4A4,100,100,-2.055632,116.9819,0,False,True,True,144.1406,1.757813
DAVEY,CounterTerrorist,1740.858,-29.58102,128.0715,M4A4,100,100,11.68192,116.4153,0,False,True,True,144.4922,1.757813
DAVEY,CounterTerrorist,1742.288,-22.41752,127.4791,M4A4,100,100,30.46962,112.9628,0,False,True,True,145.1953,1.40625
DAVEY,CounterTerrorist,1744.651,-15.5009,126.9527,M4A4,100,100,42.73736,108.9152,0,False,True,True,145.1953,1.40625
DAVEY,CounterTerrorist,1747.616,-8.818041,126.4099,M4A4,100,100,50.54053,105.5209,0,False,True,True,146.25,1.40625
DAVEY,CounterTerrorist,1750.937,-2.303933,125.8594,M4A4,100,100,54.72496,103.4127,0,False,True,True,147.3047,1.40625
DAVEY,CounterTerrorist,1754.226,4.222219,125.3097,M4A4,100,100,45.32104,107.8657,0,False,True,True,142.3828,2.109375
DAVEY,CounterTerrorist,1756.615,11.13131,124.7824,M4A4,100,100,34.19919,111.8902,0,False,True,True,105.4687,3.164063
DAVEY,CounterTerrorist,1758.311,18.24131,124.5425,M4A4,100,100,21.38781,115.0285,0,False,True,True,49.92188,1.757813
DAVEY,CounterTerrorist,1759.717,25.41532,124.8957,M4A4,100,100,27.68383,113.6776,0,False,True,True,9.84375,358.9453
DAVEY,CounterTerrorist,1761.976,32.36542,125.193,M4A4,100,100,41.85993,109.2554,0,False,True,True,8.789063,358.9453
DAVEY,CounterTerrorist,1764.94,39.04792,125.4392,M4A4,100,100,51.17875,105.2128,0,False,True,True,8.789063,358.9453
DAVEY,CounterTerrorist,1768.365,45.50754,125.6493,M4A4,100,100,57.19731,102.066,0,False,True,True,8.789063,358.9453
DAVEY,CounterTerrorist,1772.118,51.78257,126.0932,M4A4,100,100,63.09275,98.53072,0,False,True,True,359.6484,357.5391
DAVEY,CounterTerrorist,1776.531,57.60285,126.5143,M4A4,100,100,77.86959,87.3231,0,False,True,True,332.2266,354.375
DAVEY,CounterTerrorist,1782.045,62.37983,126.7978,M4A4,100,100,96.04785,66.81174,0,False,True,True,312.1875,350.8594
DAVEY,CounterTerrorist,1788.528,65.72993,126.9052,M4A4,100,100,108.4486,43.90775,0,False,True,True,308.3203,349.1016
DAVEY,CounterTerrorist,1795.528,67.82317,126.8846,M4A4,100,100,114.0295,26.19682,0,False,True,True,308.3203,349.1016
DAVEY,CounterTerrorist,1802.742,68.99334,126.7616,M4A4,100,100,116.2101,13.57206,0,False,True,True,308.3203,349.1016
DAVEY,CounterTerrorist,1810.034,69.51971,126.5735,M4A4,100,100,116.8983,4.877574,0,False,True,True,308.3203,348.75
DAVEY,CounterTerrorist,1817.345,69.55924,126.3375,M4A4,100,100,116.9678,-2.745997,0,False,True,True,304.1016,345.5859
DAVEY,CounterTerrorist,1824.642,69.10279,126.0537,M4A4,100,100,116.4945,-10.86435,0,False,True,True,299.5313,342.4219
DAVEY,CounterTerrorist,1831.891,68.14666,125.7229,M4A4,100,100,115.5107,-18.60845,0,False,True,True,297.0703,341.0156
DAVEY,CounterTerrorist,1839.067,66.7487,125.3515,M4A4,100,100,114.2872,-25.04875,0,False,True,True,295.3125,339.9609
DAVEY,CounterTerrorist,1846.169,65.00981,124.9494,M4A4,100,100,113.1429,-29.79414,0,False,True,True,294.2578,339.6094
DAVEY,CounterTerrorist,1853.201,63.0025,124.5235,M4A4,100,100,112.0038,-33.82516,0,False,True,True,292.8516,338.9063
DAVEY,CounterTerrorist,1860.167,60.77815,124.0787,M4A4,100,100,111.0642,-36.79313,0,False,True,True,292.8516,338.5547
DAVEY,CounterTerrorist,1867.082,58.40287,123.6208,M4A4,100,100,110.3645,-38.84176,0,False,True,True,292.8516,338.5547
DAVEY,CounterTerrorist,1873.961,55.92161,123.1815,M4A4,100,100,109.8412,-40.29765,0,False,True,True,292.8516,338.5547
DAVEY,CounterTerrorist,1880.812,53.36515,122.8045,M4A4,100,100,109.4577,-41.32819,0,False,True,True,292.8516,338.5547
DAVEY,CounterTerrorist,1887.635,50.73375,122.4207,M4A4,100,100,108.857,-42.88527,0,False,True,True,290.0391,338.2031
DAVEY,CounterTerrorist,1894.404,47.96859,122.0249,M4A4,100,100,107.8584,-45.33834,0,False,True,True,288.2813,337.1484
DAVEY,CounterTerrorist,1901.109,45.04952,121.6154,M4A4,100,100,106.8115,-47.7526,0,False,True,True,286.875,336.7969
DAVEY,CounterTerrorist,1907.741,41.97123,121.1918,M4A4,100,100,105.5208,-50.54058,0,False,True,True,284.4141,336.7969
DAVEY,CounterTerrorist,1914.591,39.44975,120.8182,M4A4,100,100,112.9206,-30.62559,0,False,True,True,281.25,336.4453
DAVEY,CounterTerrorist,1921.778,38.13389,120.5555,M4A4,100,100,116.0815,-14.63132,0,False,True,True,278.7891,336.0938
DAVEY,CounterTerrorist,1929.068,37.58871,120.3658,M4A4,100,100,116.8969,-4.909222,0,False,True,True,276.6797,335.3906
DAVEY,CounterTerrorist,1936.38,37.47345,120.2175,M4A4,100,100,116.9999,-0.109207,0,False,True,True,274.2188,335.0391
DAVEY,CounterTerrorist,1943.692,37.52932,120.0859,M4A4,100,100,116.9933,1.254499,0,False,True,True,270.7031,334.6875
DAVEY,CounterTerrorist,1951.005,37.58,119.9537,M4A4,100,100,116.9999,0.1240315,0,False,True,True,266.8359,334.3359
DAVEY,CounterTerrorist,1958.316,37.47424,119.8253,M4A4,100,100,116.9501,-3.414855,0,False,True,True,262.6172,334.3359
DAVEY,CounterTerrorist,1965.618,37.08594,119.7016,M4A4,100,100,116.6855,-8.573089,0,False,True,True,258.75,334.3359
DAVEY,CounterTerrorist,1972.893,36.36037,119.5502,M4A4,100,100,116.1945,-13.70491,0,False,True,True,257.3438,334.3359
DAVEY,CounterTerrorist,1980.139,35.37734,119.3777,M4A4,100,100,115.743,-17.10451,0,False,True,True,257.3438,334.3359
DAVEY,CounterTerrorist,1987.36,34.22208,119.1912,M4A4,100,100,115.3743,-19.43623,0,False,True,True,257.3438,334.3359
DAVEY,CounterTerrorist,1994.56,32.94619,118.9949,M4A4,100,100,115.0802,-21.108,0,False,True,True,257.3438,334.6875
DAVEY,CounterTerrorist,2001.741,31.56694,118.7902,M4A4,100,100,114.7221,-22.97464,0,False,True,True,254.8828,335.0391
DAVEY,CounterTerrorist,2008.889,30.02346,118.5722,M4A4,100,100,114.032,-26.18572,0,False,True,True,251.7188,335.7422
DAVEY,CounterTerrorist,2015.986,28.26373,118.3368,M4A4,100,100,113.1866,-29.62741,0,False,True,True,250.6641,336.0938
DAVEY,CounterTerrorist,2023.029,26.2967,118.0849,M4A4,100,100,112.2741,-32.91705,0,False,True,True,248.5547,336.0938
DAVEY,CounterTerrorist,2030.009,24.11617,117.8159,M4A4,100,100,111.1705,-36.47075,0,False,True,True,246.4453,336.7969
DAVEY,CounterTerrorist,2036.73,21.79175,117.59,M4A4,100,100,98.3982,-34.6624,0,False,True,True,243.6328,337.5
DAVEY,CounterTerrorist,2041.516,19.1863,117.3653,M4A4,100,100,57.80951,-52.93366,0,False,True,True,241.5234,338.2031
DAVEY,CounterTerrorist,2044.06,15.08153,117.4074,M4A4,100,100,35.71777,-75.41673,0,False,True,True,240.8203,338.5547
DAVEY,CounterTerrorist,2046.329,9.697069,120.1683,M4A4,100,100,36.52321,-92.10887,292.6184,False,True,True,239.4141,338.9063
DAVEY,CounterTerrorist,2048.594,4.893898,145.8945,M4A4,100,100,35.07488,0.8980559,242.6184,False,True,True,238.3594,339.9609
DAVEY,CounterTerrorist,2051.047,4.956696,159.4957,M4A4,100,100,42.48691,1.087833,192.6184,False,True,True,237.3047,341.0156
DAVEY,CounterTerrorist,2053.76,5.026165,169.9719,M4A4,100,100,43.41241,1.11153,142.6184,False,True,True,236.6016,341.7188
DAVEY,CounterTerrorist,2056.473,5.095635,177.3231,M4A4,100,100,43.41241,1.11153,92.61838,False,True,True,235.8984,342.0703
DAVEY,CounterTerrorist,2059.186,5.165104,181.5493,M4A4,100,100,43.41241,1.11153,42.61838,False,True,True,234.8437,343.125
DAVEY,CounterTerrorist,2061.899,5.234574,182.6505,M4A4,100,100,43.41241,1.11153,-7.381622,False,True,True,233.789,344.8828
DAVEY,CounterTerrorist,2064.776,4.199142,171.6266,M4A4,100,100,47.11682,-23.859,-57.38162,False,True,True,232.7344,347.6953
DAVEY,CounterTerrorist,2067.636,2.038306,167.7526,M4A4,100,100,43.02308,-56.63508,0,False,True,True,231.3281,349.8047
DAVEY,CounterTerrorist,2070.119,-2.833582,168.043,M4A4,100,100,36.87053,-87.76947,0,False,True,True,231.3281,349.8047
DAVEY,CounterTerrorist,2072.232,-8.927916,168.5828,M4A4,100,100,31.67315,-104.3468,0,False,True,True,231.3281,349.8047
DAVEY,CounterTerrorist,2074.063,-15.8607,169.1247,M4A4,100,100,27.24455,-113.7837,0,False,True,True,231.3281,349.8047
DAVEY,CounterTerrorist,2075.574,-23.01459,169.4747,M4A4,100,100,21.56594,-114.9953,0,False,True,True,227.8125,350.8594
DAVEY,CounterTerrorist,2076.786,-31.14979,180.736,M4A4,100,100,13.75195,-116.189,0,False,True,True,223.2422,351.5625
DAVEY,CounterTerrorist,2076.838,-38.1402,180.736,M4A4,100,100,-4.192206,-102.0073,0,False,True,True,222.1875,351.2109
DAVEY,CounterTerrorist,2075.647,-42.41621,180.736,M4A4,100,100,-29.06578,-43.99,0,False,True,True,221.4844,350.8594
DAVEY,CounterTerrorist,2074.784,-45.14755,180.736,M4A4,100,100,1.68411,-49.28018,0,False,True,True,221.1328,350.8594
DAVEY,CounterTerrorist,2075.767,-48.63357,180.736,M4A4,100,100,22.48159,-57.80131,0,False,True,True,219.7266,351.5625
DAVEY,CounterTerrorist,2076.886,-51.50894,180.736,M4A4,100,100,14.32551,-36.83162,0,False,True,True,219.7266,351.5625
DAVEY,CounterTerrorist,2077.494,-53.0737,180.4115,M4A4,100,100,6.169428,-15.86192,0,False,True,True,219.375,351.9141
DAVEY,CounterTerrorist,2077.616,-53.38613,180.2333,M4A4,100,100,0,0,0,False,True,True,219.375,351.9141
DAVEY,CounterTerrorist,2077.616,-53.38613,180.2333,M4A4,100,100,0,0,0,False,True,True,219.375,351.9141
DAVEY,CounterTerrorist,2077.998,-53.85373,179.6737,M4A4,100,100,12.68389,-15.54422,0,False,True,True,219.375,351.9141
DAVEY,CounterTerrorist,2079.302,-55.45173,177.7616,M4A4,100,100,27.22492,-33.36438,0,False,True,True,219.375,351.9141
DAVEY,CounterTerrorist,2081.345,-57.95745,174.7652,M4A4,100,100,30.96392,-37.97674,0,False,True,True,219.0234,352.2656
DAVEY,CounterTerrorist,2082.12,-59.34071,173.6288,M4A4,100,100,-2.164111,-9.473232,0,False,True,True,218.6719,352.2656
DAVEY,CounterTerrorist,2082,-59.38689,173.8047,M4A4,100,100,-1.794662,0.6202798,0,False,True,True,218.6719,352.6172
DAVEY,CounterTerrorist,2081.892,-59.38078,173.9636,M4A4,100,100,-1.408248,-3.559077,0,False,True,True,218.6719,352.9688
DAVEY,CounterTerrorist,2081.785,-59.84642,174.1196,M4A4,100,100,-1.815206,-10.28549,0,False,True,True,218.6719,353.6719
DAVEY,CounterTerrorist,2081.661,-60.63469,174.3006,M4A4,100,100,-2.35958,-9.817599,0,False,True,True,218.3203,354.375
DAVEY,CounterTerrorist,2079.907,-61.06069,191.4174,M4A4,100,100,-31.02939,-6.471136,248.8684,False,True,True,217.9688,355.0781
DAVEY,CounterTerrorist,2077.961,-61.46425,205.4093,M4A4,100,100,-31.2164,-6.446043,198.8684,False,True,True,216.9141,356.8359
DAVEY,CounterTerrorist,2076.01,-61.86699,216.2761,M4A4,100,100,-31.23117,-6.443925,148.8684,False,True,True,216.9141,357.1875
DAVEY,CounterTerrorist,2074.058,-62.26973,233.0179,M4A4,100,100,-31.23117,-6.443925,98.86838,False,True,True,216.9141,357.1875
DAVEY,CounterTerrorist,2072.107,-62.67247,237.6346,M4A4,100,100,-31.23117,-6.443925,48.86838,False,True,True,216.9141,357.1875
DAVEY,CounterTerrorist,2070.156,-63.07521,239.1263,M4A4,100,100,-31.23117,-6.443925,-1.131622,False,True,True,216.9141,357.1875
DAVEY,CounterTerrorist,2068.168,-63.50467,228.493,M4A4,100,100,-32.14451,-7.128143,-51.13162,False,True,True,216.9141,357.1875
DAVEY,CounterTerrorist,2066.158,-63.95017,223.7347,M4A4,100,100,-32.14451,-7.128143,-101.1316,False,True,True,216.9141,357.1875
DAVEY,CounterTerrorist,2064.149,-64.39567,215.8514,M4A4,100,100,-32.14451,-7.128143,-151.1316,False,True,True,216.9141,357.1875
DAVEY,CounterTerrorist,2062.139,-64.84116,204.8433,M4A4,100,100,-32.14451,-7.128143,-201.1316,False,True,True,216.9141,357.1875
DAVEY,CounterTerrorist,2060.129,-65.28666,190.7101,M4A4,100,100,-32.14451,-7.128143,-251.1316,False,True,True,216.9141,357.1875
DAVEY,CounterTerrorist,2057.785,-65.58721,183.7247,M4A4,100,100,-46.36718,-1.325781,0,False,True,True,216.9141,357.1875
DAVEY,CounterTerrorist,2055.85,-65.63657,183.7493,M4A4,100,100,-0.02940368,-4.605133,0,False,True,True,216.9141,357.1875
DAVEY,CounterTerrorist,2055.848,-66.09245,183.7722,M4A4,100,100,-0.02947639,-9.385255,0,False,True,True,216.9141,357.1875
DAVEY,CounterTerrorist,2055.111,-67.01524,192.6514,M4A4,100,100,-32.93592,-18.33027,270.8974,False,True,True,216.9141,357.1875
DAVEY,CounterTerrorist,2053.052,-68.16087,217.0199,M4A4,100,100,-32.93592,-18.33027,220.8974,False,True,True,216.9141,357.5391
DAVEY,CounterTerrorist,2050.993,-69.3065,229.2634,M4A4,100,100,-32.93592,-18.33027,170.8974,False,True,True,217.2656,357.8906
DAVEY,CounterTerrorist,2048.935,-70.45213,238.3821,M4A4,100,100,-32.93592,-18.33027,120.8974,False,True,True,217.2656,358.9453
DAVEY,CounterTerrorist,2046.876,-71.59776,235.3757,M4A4,100,100,-32.93592,-18.33027,70.89737,False,True,True,217.6172,0
DAVEY,CounterTerrorist,2044.818,-72.74339,238.2444,M4A4,100,100,-32.93592,-18.33027,20.89737,False,True,True,217.9688,0.3515625
DAVEY,CounterTerrorist,2042.759,-73.88902,237.988,M4A4,100,100,-32.93592,-18.33027,-29.10263,False,True,True,217.9688,0.703125
DAVEY,CounterTerrorist,2040.7,-75.03465,234.6067,M4A4,100,100,-32.93592,-18.33027,-79.10263,False,True,True,217.9688,1.40625
DAVEY,CounterTerrorist,2038.642,-76.18027,228.1003,M4A4,100,100,-32.93592,-18.33027,-129.1026,False,True,True,217.9688,1.054688
DAVEY,CounterTerrorist,2036.509,-77.27915,219.6679,M4A4,100,100,-39.20277,-14.41114,0,False,True,True,217.9688,1.054688
DAVEY,CounterTerrorist,2033.464,-78.62084,219.8692,M4A4,100,100,-55.46962,-29.64916,0,False,True,True,217.9688,1.054688
DAVEY,CounterTerrorist,2030.02,-81.38496,219.8692,M4A4,100,100,-50.51281,-57.40922,0,False,True,True,217.9688,1.054688
DAVEY,CounterTerrorist,2027.179,-85.87466,219.8692,M4A4,100,100,-41.85617,-81.96902,0,False,True,True,218.3203,1.40625
