Name,Team,Position.X,Position.Y,Position.Z,ActiveWeapon,HP,Armour,Velocity.X,Velocity.Y,Velocity.Z,IsDucking,HasHelmet,HasDefuseKit,ViewDirectionX,ViewDirectionY,Map = de_inferno
kRYSTAL,CounterTerrorist,2480,2112,126.7755,USP,100,0,0,0,0,False,False,False,266.8359,2.109375
kRYSTAL,CounterTerrorist,2480,2112,126.7755,USP,100,0,0,0,0,False,False,False,266.8359,2.109375
kRYSTAL,CounterTerrorist,2480,2112,126.7755,USP,100,0,0,0,0,False,False,False,266.8359,2.109375
kRYSTAL,CounterTerrorist,2480,2112,126.7755,USP,100,0,0,0,0,False,False,False,266.8359,2.109375
kRYSTAL,CounterTerrorist,2480,2112,126.7755,USP,100,0,0,0,0,False,False,False,207.4219,0
kRYSTAL,CounterTerrorist,2480,2112,126.7755,USP,100,0,0,0,0,False,False,False,207.4219,0
kRYSTAL,CounterTerrorist,2480,2112,126.7755,USP,100,0,0,0,0,False,False,False,207.4219,0
kRYSTAL,CounterTerrorist,2480,2112,126.7755,USP,100,0,0,0,0,False,False,False,207.4219,0
kRYSTAL,CounterTerrorist,2480,2112,126.7755,USP,100,0,0,0,0,False,False,False,207.4219,0
kRYSTAL,CounterTerrorist,2480,2112,126.7755,USP,100,0,0,0,0,False,False,False,207.4219,0
kRYSTAL,CounterTerrorist,2480,2112,126.7755,USP,100,0,0,0,0,False,False,False,207.4219,0
kRYSTAL,CounterTerrorist,2480,2112,126.7755,USP,100,0,0,0,0,False,False,False,207.4219,0
kRYSTAL,CounterTerrorist,2480,2112,126.7755,USP,100,0,0,0,0,False,False,False,207.4219,0
kRYSTAL,CounterTerrorist,2480,2112,126.7755,USP,100,0,0,0,0,False,False,False,207.4219,0
kRYSTAL,CounterTerrorist,2480,2112,126.7755,USP,100,0,0,0,0,False,False,False,207.4219,0
kRYSTAL,CounterTerrorist,2480,2112,126.7755,USP,100,0,0,0,0,False,False,False,207.4219,0
kRYSTAL,CounterTerrorist,2480,2112,126.7755,USP,100,0,0,0,0,False,False,False,207.4219,0
kRYSTAL,CounterTerrorist,2480,2112,126.7755,USP,100,0,0,0,0,False,False,False,207.4219,0
kRYSTAL,CounterTerrorist,2480,2112,126.7755,USP,100,0,0,0,0,False,False,False,207.4219,0
kRYSTAL,CounterTerrorist,2480,2112,126.7755,USP,100,0,0,0,0,False,False,False,207.4219,0
kRYSTAL,CounterTerrorist,2480,2112,126.7755,USP,100,0,0,0,0,False,False,False,207.4219,0
kRYSTAL,CounterTerrorist,2480,2112,126.7755,USP,100,0,0,0,0,False,False,False,207.4219,0
kRYSTAL,CounterTerrorist,2480,2112,126.7755,USP,100,0,0,0,0,False,False,False,207.4219,0
kRYSTAL,CounterTerrorist,2480,2112,126.7755,USP,100,0,0,0,0,False,False,False,207.4219,0
kRYSTAL,CounterTerrorist,2480,2112,126.7755,USP,100,0,0,0,0,False,False,False,207.4219,0
kRYSTAL,CounterTerrorist,2480,2112,126.7755,USP,100,0,0,0,0,False,False,False,207.4219,0
kRYSTAL,CounterTerrorist,2480,2112,126.7755,USP,100,0,0,0,0,False,False,False,207.4219,0
kRYSTAL,CounterTerrorist,2480,2112,126.7755,USP,100,0,0,0,0,False,False,False,207.4219,0
kRYSTAL,CounterTerrorist,2480,2112,126.7755,USP,100,0,0,0,0,False,False,False,207.4219,0
kRYSTAL,CounterTerrorist,2480,2112,126.7755,USP,100,0,0,0,0,False,False,False,207.4219,0
kRYSTAL,CounterTerrorist,2480,2112,126.7755,USP,100,0,0,0,0,False,False,False,207.4219,0
kRYSTAL,CounterTerrorist,2480,2112,126.7755,USP,100,0,0,0,0,False,False,False,207.4219,0
kRYSTAL,CounterTerrorist,2480,2112,126.7755,USP,100,0,0,0,0,False,False,False,207.4219,0
kRYSTAL,CounterTerrorist,2480,2112,126.7755,USP,100,0,0,0,0,False,False,False,207.4219,0
kRYSTAL,CounterTerrorist,2480,2112,126.7755,USP,100,0,0,0,0,False,False,False,207.4219,0
kRYSTAL,CounterTerrorist,2480,2112,126.7755,USP,100,0,0,0,0,False,False,False,207.4219,0
kRYSTAL,CounterTerrorist,2480,2112,126.7755,USP,100,0,0,0,0,False,False,False,207.4219,0
kRYSTAL,CounterTerrorist,2480,2112,126.7755,USP,100,0,0,0,0,False,False,False,207.4219,0
kRYSTAL,CounterTerrorist,2480,2112,126.7755,USP,100,0,0,0,0,True,False,False,207.4219,359.6484
kRYSTAL,CounterTerrorist,2480,2112,126.7755,USP,100,0,0,0,0,True,False,False,205.6641,358.2422
kRYSTAL,CounterTerrorist,2480,2112,126.7755,USP,100,0,0,0,0,True,False,False,203.2031,356.4844
kRYSTAL,CounterTerrorist,2480,2112,126.7755,USP,100,0,0,0,0,True,False,False,202.8516,356.4844
kRYSTAL,CounterTerrorist,2480,2112,126.7755,USP,100,0,0,0,0,False,False,False,202.8516,356.4844
kRYSTAL,CounterTerrorist,2480,2112,126.7755,USP,100,0,0,0,0,False,False,False,202.8516,356.4844
kRYSTAL,CounterTerrorist,2480,2112,126.7755,USP,100,0,0,0,0,False,False,False,202.8516,356.4844
kRYSTAL,CounterTerrorist,2480,2112,126.7755,USP,100,0,0,0,0,False,False,False,202.8516,356.4844
kRYSTAL,CounterTerrorist,2480,2112,126.7755,USP,100,0,0,0,0,False,False,False,202.8516,356.4844
kRYSTAL,CounterTerrorist,2480,2112,126.7755,USP,100,0,0,0,0,False,False,False,202.8516,356.4844
kRYSTAL,CounterTerrorist,2480,2112,126.7755,USP,100,0,0,0,0,False,False,False,202.8516,356.4844
kRYSTAL,CounterTerrorist,2480,2112,126.7755,USP,100,0,0,0,0,False,False,False,202.8516,356.4844
kRYSTAL,CounterTerrorist,2480,2112,126.7755,USP,100,0,0,0,0,False,False,False,202.8516,356.4844
kRYSTAL,CounterTerrorist,2480,2112,126.7755,USP,100,0,0,0,0,False,False,False,202.8516,356.4844
kRYSTAL,CounterTerrorist,2480,2112,126.7755,USP,100,0,0,0,0,False,False,False,202.8516,356.4844
kRYSTAL,CounterTerrorist,2480,2112,126.7755,USP,100,0,0,0,0,False,False,False,202.8516,356.4844
kRYSTAL,CounterTerrorist,2480,2112,126.7755,USP,100,0,0,0,0,False,False,False,202.8516,356.4844
kRYSTAL,CounterTerrorist,2480,2112,126.7755,USP,100,0,0,0,0,False,False,False,202.8516,356.4844
kRYSTAL,CounterTerrorist,2480,2112,126.7755,USP,100,0,0,0,0,False,False,False,202.8516,356.4844
kRYSTAL,CounterTerrorist,2480,2112,126.7755,USP,100,0,0,0,0,False,False,False,202.8516,356.4844
kRYSTAL,CounterTerrorist,2480,2112,126.7755,USP,100,0,0,0,0,False,False,False,202.8516,356.4844
kRYSTAL,CounterTerrorist,2480,2112,126.7755,USP,100,0,0,0,0,False,False,False,202.8516,356.4844
kRYSTAL,CounterTerrorist,2480,2112,126.7755,USP,100,0,0,0,0,False,False,False,202.8516,356.4844
kRYSTAL,CounterTerrorist,2480,2112,126.7755,USP,100,0,0,0,0,False,False,False,202.8516,356.4844
kRYSTAL,CounterTerrorist,2480,2112,126.7755,USP,100,0,0,0,0,False,False,False,202.8516,356.4844
kRYSTAL,CounterTerrorist,2480,2112,126.7755,USP,100,0,0,0,0,False,False,False,202.8516,356.4844
kRYSTAL,CounterTerrorist,2480,2112,126.7755,USP,100,0,0,0,0,False,False,False,202.8516,356.4844
kRYSTAL,CounterTerrorist,2480,2112,126.7755,USP,100,0,0,0,0,False,False,False,202.8516,356.4844
kRYSTAL,CounterTerrorist,2480,2112,126.7755,USP,100,0,0,0,0,False,False,False,202.8516,356.4844
kRYSTAL,CounterTerrorist,2480,2112,126.7755,USP,100,0,0,0,0,False,False,False,202.8516,356.4844
kRYSTAL,CounterTerrorist,2480,2112,126.7755,USP,100,0,0,0,0,False,False,False,202.8516,356.4844
kRYSTAL,CounterTerrorist,2480,2112,126.7755,USP,100,0,0,0,0,False,False,False,202.8516,356.4844
kRYSTAL,CounterTerrorist,2480,2112,126.7755,USP,100,0,0,0,0,False,False,False,202.8516,356.4844
kRYSTAL,CounterTerrorist,2480,2112,126.7755,USP,100,0,0,0,0,False,False,False,202.8516,356.4844
kRYSTAL,CounterTerrorist,2480,2112,126.7755,USP,100,0,0,0,0,True,False,False,203.2031,356.8359
kRYSTAL,CounterTerrorist,2480,2112,126.7755,USP,100,0,0,0,0,True,False,False,204.2578,357.1875
kRYSTAL,CounterTerrorist,2480,2112,126.7755,USP,100,0,0,0,0,True,False,False,208.4766,357.5391
kRYSTAL,CounterTerrorist,2480,2112,126.7755,USP,100,0,0,0,0,True,False,False,212.3437,358.9453
kRYSTAL,CounterTerrorist,2480,2112,126.7755,USP,100,0,0,0,0,True,False,False,214.1016,3.164063
kRYSTAL,CounterTerrorist,2480,2112,126.7755,USP,100,0,0,0,0,False,False,False,214.1016,7.03125
kRYSTAL,CounterTerrorist,2480,2112,126.7755,USP,100,0,0,0,0,False,False,False,211.9922,8.4375
kRYSTAL,CounterTerrorist,2480,2112,126.7755,USP,100,0,0,0,0,False,False,False,211.9922,8.4375
kRYSTAL,CounterTerrorist,2480,2112,126.7755,USP,100,0,0,0,0,False,False,False,214.4531,8.4375
kRYSTAL,CounterTerrorist,2480,2112,126.7755,USP,100,0,0,0,0,False,False,False,218.3203,8.789063
kRYSTAL,CounterTerrorist,2480,2112,126.7755,USP,100,0,0,0,0,False,False,False,218.6719,8.789063
kRYSTAL,CounterTerrorist,2480,2112,126.7755,USP,100,0,0,0,0,False,False,False,218.3203,8.4375
kRYSTAL,CounterTerrorist,2480,2112,126.7755,USP,100,0,0,0,0,False,False,False,218.3203,8.4375
kRYSTAL,CounterTerrorist,2480,2112,126.7755,USP,100,0,0,0,0,False,False,False,218.3203,8.4375
kRYSTAL,CounterTerrorist,2480,2112,126.7755,USP,100,0,0,0,0,False,False,False,218.3203,8.4375
kRYSTAL,CounterTerrorist,2480,2112,126.7755,USP,100,0,0,0,0,False,False,False,218.3203,8.4375
kRYSTAL,CounterTerrorist,2480,2112,126.7755,USP,100,0,0,0,0,False,False,False,218.3203,8.4375
kRYSTAL,CounterTerrorist,2480,2112,126.7755,USP,100,0,0,0,0,False,False,False,218.3203,8.4375
kRYSTAL,CounterTerrorist,2480,2112,126.7755,USP,100,0,0,0,0,False,False,False,218.3203,8.4375
kRYSTAL,CounterTerrorist,2480,2112,126.7755,USP,100,0,0,0,0,False,False,False,218.3203,8.4375
kRYSTAL,CounterTerrorist,2480,2112,126.7755,USP,100,0,0,0,0,False,False,False,218.3203,8.4375
kRYSTAL,CounterTerrorist,2480,2112,126.7755,USP,100,0,0,0,0,False,False,False,218.3203,8.4375
kRYSTAL,CounterTerrorist,2480,2112,126.7755,USP,100,0,0,0,0,False,False,False,218.3203,8.4375
kRYSTAL,CounterTerrorist,2480,2112,126.7755,USP,100,0,0,0,0,False,False,False,218.3203,8.4375
kRYSTAL,CounterTerrorist,2480,2112,126.7755,USP,100,0,0,0,0,False,False,False,218.3203,8.4375
kRYSTAL,CounterTerrorist,2480,2112,126.7755,USP,100,0,0,0,0,False,False,False,218.3203,8.4375
kRYSTAL,CounterTerrorist,2480,2112,126.7755,USP,100,0,0,0,0,False,False,False,218.3203,8.4375
kRYSTAL,CounterTerrorist,2480,2112,126.7755,USP,100,0,0,0,0,False,False,False,218.3203,8.4375
kRYSTAL,CounterTerrorist,2480,2112,126.7755,USP,100,0,0,0,0,False,False,False,218.3203,8.4375
kRYSTAL,CounterTerrorist,2480,2112,126.7755,USP,100,0,0,0,0,False,False,False,218.3203,8.4375
kRYSTAL,CounterTerrorist,2480,2112,126.7755,USP,100,0,0,0,0,False,False,False,218.3203,8.4375
kRYSTAL,CounterTerrorist,2480,2112,126.7755,USP,100,0,0,0,0,False,False,False,218.3203,8.4375
kRYSTAL,CounterTerrorist,2480,2112,126.7755,USP,100,0,0,0,0,False,False,False,218.3203,8.4375
kRYSTAL,CounterTerrorist,2480,2112,126.7755,USP,100,0,0,0,0,False,False,False,218.3203,8.4375
kRYSTAL,CounterTerrorist,2480,2112,126.7755,USP,100,0,0,0,0,False,False,False,218.3203,8.4375
kRYSTAL,CounterTerrorist,2480,2112,126.7755,USP,100,0,0,0,0,False,False,False,218.3203,8.4375
kRYSTAL,CounterTerrorist,2480,2112,126.7755,USP,100,0,0,0,0,False,False,False,218.3203,8.4375
kRYSTAL,CounterTerrorist,2480,2112,126.7755,USP,100,0,0,0,0,False,False,False,218.3203,8.4375
kRYSTAL,CounterTerrorist,2480,2112,126.7755,USP,100,0,0,0,0,False,False,False,219.7266,8.4375
kRYSTAL,CounterTerrorist,2480,2112,126.7755,USP,100,0,0,0,0,False,False,False,221.8359,8.4375
kRYSTAL,CounterTerrorist,2480,2112,126.7755,USP,100,0,0,0,0,False,False,False,223.5938,8.4375
kRYSTAL,CounterTerrorist,2480,2112,126.7755,USP,100,0,0,0,0,False,False,False,225,8.4375
kRYSTAL,CounterTerrorist,2480,2112,126.7755,USP,100,0,0,0,0,False,False,False,226.0547,8.4375
kRYSTAL,CounterTerrorist,2480,2112,126.7755,USP,100,0,0,0,0,False,False,False,226.4063,8.4375
kRYSTAL,CounterTerrorist,2480,2112,126.7755,USP,100,0,0,0,0,False,False,False,226.7578,8.4375
kRYSTAL,CounterTerrorist,2480,2112,126.7755,USP,100,0,0,0,0,False,False,False,226.7578,8.4375
kRYSTAL,CounterTerrorist,2480,2112,126.7755,USP,100,0,0,0,0,False,False,False,226.7578,8.4375
kRYSTAL,CounterTerrorist,2480,2112,126.7755,USP,100,0,0,0,0,False,False,False,226.7578,8.4375
kRYSTAL,CounterTerrorist,2480,2112,126.7755,USP,100,0,0,0,0,False,False,False,226.7578,8.4375
kRYSTAL,CounterTerrorist,2480,2112,126.7755,USP,100,0,0,0,0,False,False,False,226.7578,8.4375
kRYSTAL,CounterTerrorist,2480,2112,126.7755,USP,100,0,0,0,0,False,False,False,226.7578,8.4375
kRYSTAL,CounterTerrorist,2480,2112,126.7755,USP,100,0,0,0,0,False,False,False,226.7578,8.4375
kRYSTAL,CounterTerrorist,2480,2112,126.7755,USP,100,0,0,0,0,False,False,False,226.7578,8.4375
kRYSTAL,CounterTerrorist,2480,2112,126.7755,USP,100,0,0,0,0,False,False,False,226.7578,8.4375
kRYSTAL,CounterTerrorist,2480,2112,126.7755,USP,100,0,0,0,0,False,False,False,226.7578,8.4375
kRYSTAL,CounterTerrorist,2480,2112,126.7755,USP,100,0,0,0,0,False,False,False,226.7578,8.4375
kRYSTAL,CounterTerrorist,2480,2112,126.7755,USP,100,0,0,0,0,False,False,False,226.7578,8.4375
kRYSTAL,CounterTerrorist,2480,2112,126.7755,USP,100,0,0,0,0,False,False,False,226.7578,8.4375
kRYSTAL,CounterTerrorist,2480,2112,126.7755,USP,100,0,0,0,0,False,False,False,226.7578,8.4375
kRYSTAL,CounterTerrorist,2480,2112,126.7755,USP,100,0,0,0,0,False,False,False,226.7578,8.4375
kRYSTAL,CounterTerrorist,2480,2112,126.7755,USP,100,0,0,0,0,False,False,False,226.7578,8.4375
kRYSTAL,CounterTerrorist,2480,2112,126.7755,USP,100,0,0,0,0,False,False,False,226.7578,8.4375
kRYSTAL,CounterTerrorist,2480,2112,126.7755,USP,100,0,0,0,0,False,False,False,226.7578,8.4375
kRYSTAL,CounterTerrorist,2480,2112,126.7755,USP,100,0,0,0,0,False,False,False,226.7578,8.4375
kRYSTAL,CounterTerrorist,2480,2112,126.7755,USP,100,0,0,0,0,False,False,False,226.7578,8.4375
kRYSTAL,CounterTerrorist,2480,2112,126.7755,USP,100,0,0,0,0,False,False,False,226.7578,8.4375
kRYSTAL,CounterTerrorist,2480,2112,126.7755,USP,100,0,0,0,0,False,False,False,226.7578,8.4375
kRYSTAL,CounterTerrorist,2480,2112,126.7755,USP,100,0,0,0,0,False,False,False,226.7578,8.4375
kRYSTAL,CounterTerrorist,2480,2112,126.7755,USP,100,0,0,0,0,False,False,False,226.7578,8.4375
kRYSTAL,CounterTerrorist,2480,2112,126.7755,USP,100,0,0,0,0,False,False,False,226.7578,8.4375
kRYSTAL,CounterTerrorist,2480,2112,126.7755,USP,100,0,0,0,0,False,False,False,226.7578,8.4375
kRYSTAL,CounterTerrorist,2480,2112,126.7755,USP,100,0,0,0,0,False,False,False,226.7578,8.4375
kRYSTAL,CounterTerrorist,2480,2112,126.7755,USP,100,0,0,0,0,False,False,False,226.7578,8.4375
kRYSTAL,CounterTerrorist,2480,2112,126.7755,USP,100,0,0,0,0,False,False,False,226.7578,8.4375
kRYSTAL,CounterTerrorist,2480,2112,126.7755,USP,100,0,0,0,0,False,False,False,226.7578,8.4375
kRYSTAL,CounterTerrorist,2480,2112,126.7755,USP,100,0,0,0,0,False,False,False,226.7578,8.4375
kRYSTAL,CounterTerrorist,2480,2112,126.7755,USP,100,0,0,0,0,False,False,False,226.4063,8.4375
kRYSTAL,CounterTerrorist,2480,2112,126.7755,USP,100,0,0,0,0,False,False,False,223.5938,8.4375
kRYSTAL,CounterTerrorist,2480,2112,126.7755,USP,100,0,0,0,0,False,False,False,216.5625,8.4375
kRYSTAL,CounterTerrorist,2480,2112,126.7755,USP,100,0,0,0,0,False,False,False,206.0156,9.84375
kRYSTAL,CounterTerrorist,2480,2112,126.7755,USP,100,0,0,0,0,False,False,False,186.3281,10.19531
kRYSTAL,CounterTerrorist,2480,2112,126.7755,USP,100,0,0,0,0,False,False,False,167.6953,9.140625
kRYSTAL,CounterTerrorist,2480,2112,126.7755,USP,100,0,0,0,0,False,False,False,155.3906,8.789063
kRYSTAL,CounterTerrorist,2480,2112,126.7755,USP,100,0,0,0,0,False,False,False,150.8203,8.789063
kRYSTAL,CounterTerrorist,2480,2112,126.7755,USP,100,0,0,0,0,False,False,False,150.4688,8.789063
kRYSTAL,CounterTerrorist,2480,2112,126.7755,USP,100,0,0,0,0,False,False,False,150.4688,8.789063
kRYSTAL,CounterTerrorist,2480,2112,126.7755,USP,100,0,0,0,0,False,False,False,150.4688,8.789063
kRYSTAL,CounterTerrorist,2480,2112,126.7755,USP,100,0,0,0,0,False,False,False,150.8203,8.789063
kRYSTAL,CounterTerrorist,2480,2112,126.7755,Knife,100,0,0,0,0,False,False,False,159.2578,9.492188
kRYSTAL,CounterTerrorist,2480,2112,126.7755,Knife,100,0,0,0,0,False,False,False,184.2188,9.140625
kRYSTAL,CounterTerrorist,2480,2112,126.7755,USP,100,0,0,0,0,False,False,False,208.125,9.492188
kRYSTAL,CounterTerrorist,2480,2112,126.7755,USP,100,0,0,0,0,False,False,False,216.211,9.140625
kRYSTAL,CounterTerrorist,2480,2112,126.7755,Knife,100,0,0,0,0,False,False,False,220.0781,8.789063
kRYSTAL,CounterTerrorist,2480,2112,126.7755,USP,100,0,0,0,0,False,False,False,220.4297,9.492188
kRYSTAL,CounterTerrorist,2480,2112,126.7755,USP,100,0,0,0,0,False,False,False,221.8359,9.492188
kRYSTAL,CounterTerrorist,2480,2112,126.7755,USP,100,0,0,0,0,False,False,False,222.1875,9.492188
kRYSTAL,CounterTerrorist,2480,2112,126.7755,USP,100,0,0,0,0,False,False,False,222.8906,9.492188
kRYSTAL,CounterTerrorist,2480,2112,126.7755,USP,100,0,0,0,0,False,False,False,222.8906,9.492188
kRYSTAL,CounterTerrorist,2480,2112,126.7755,USP,100,0,0,0,0,False,False,False,223.2422,9.492188
kRYSTAL,CounterTerrorist,2480,2112,126.7755,USP,100,0,0,0,0,False,False,False,223.2422,9.492188
kRYSTAL,CounterTerrorist,2480,2112,126.7755,USP,100,0,0,0,0,False,False,False,223.2422,9.492188
kRYSTAL,CounterTerrorist,2480,2112,126.7755,USP,100,0,0,0,0,False,False,False,223.2422,9.492188
kRYSTAL,CounterTerrorist,2480,2112,126.7755,Knife,100,0,0,0,0,False,False,False,223.2422,9.492188
kRYSTAL,CounterTerrorist,2480,2112,126.7755,USP,100,0,0,0,0,False,False,False,223.2422,9.492188
kRYSTAL,CounterTerrorist,2480,2112,126.7755,USP,100,0,0,0,0,False,False,False,223.2422,9.492188
kRYSTAL,CounterTerrorist,2480,2112,126.7755,Knife,100,0,0,0,0,False,False,False,223.2422,9.492188
kRYSTAL,CounterTerrorist,2480,2112,126.7755,Knife,100,0,0,0,0,False,False,False,223.2422,9.492188
kRYSTAL,CounterTerrorist,2480,2112,126.7755,USP,100,0,0,0,0,False,False,False,223.2422,8.789063
kRYSTAL,CounterTerrorist,2480,2112,126.7755,USP,100,0,0,0,0,False,False,False,223.2422,8.789063
kRYSTAL,CounterTerrorist,2480,2112,126.7755,USP,100,0,0,0,0,False,False,False,223.2422,8.789063
kRYSTAL,CounterTerrorist,2480,2112,126.7755,USP,100,0,0,0,0,False,False,False,223.2422,8.789063
kRYSTAL,CounterTerrorist,2480,2112,126.7755,USP,100,0,0,0,0,False,False,False,223.2422,8.789063
kRYSTAL,CounterTerrorist,2480,2112,126.7755,USP,100,0,0,0,0,False,False,False,223.2422,8.789063
kRYSTAL,CounterTerrorist,2480,2112,126.7755,USP,100,0,0,0,0,False,False,False,223.2422,8.789063
kRYSTAL,CounterTerrorist,2480,2112,126.7755,USP,100,0,0,0,0,False,False,False,223.2422,8.789063
kRYSTAL,CounterTerrorist,2480,2112,126.7755,USP,100,0,0,0,0,False,False,False,223.2422,8.789063
kRYSTAL,CounterTerrorist,2480,2112,126.7755,USP,100,0,0,0,0,False,False,False,223.2422,8.789063
kRYSTAL,CounterTerrorist,2480,2112,126.7755,USP,100,0,0,0,0,False,False,False,223.2422,8.789063
kRYSTAL,CounterTerrorist,2480,2112,126.7755,USP,100,0,0,0,0,False,False,False,223.2422,8.789063
kRYSTAL,CounterTerrorist,2480,2112,126.7755,USP,100,0,0,0,0,False,False,False,223.2422,8.789063
kRYSTAL,CounterTerrorist,2480,2112,126.7755,USP,100,0,0,0,0,False,False,False,223.2422,8.789063
kRYSTAL,CounterTerrorist,2480,2112,126.7755,USP,100,0,0,0,0,False,False,False,223.2422,8.789063
kRYSTAL,CounterTerrorist,2480,2112,126.7755,USP,100,0,0,0,0,False,False,False,223.2422,8.789063
kRYSTAL,CounterTerrorist,2480,2112,126.7755,USP,100,0,0,0,0,False,False,False,223.2422,8.789063
kRYSTAL,CounterTerrorist,2480,2112,126.7755,USP,100,0,0,0,0,False,False,False,223.2422,8.789063
kRYSTAL,CounterTerrorist,2480,2112,126.7755,USP,100,0,0,0,0,False,False,False,223.2422,8.789063
kRYSTAL,CounterTerrorist,2480,2112,126.7755,USP,100,0,0,0,0,False,False,False,223.2422,8.789063
kRYSTAL,CounterTerrorist,2480,2112,126.7755,USP,100,0,0,0,0,False,False,False,223.2422,8.789063
kRYSTAL,CounterTerrorist,2480,2112,126.7755,USP,100,0,0,0,0,False,False,False,223.2422,8.789063
kRYSTAL,CounterTerrorist,2480,2112,126.7755,USP,100,0,0,0,0,False,False,False,223.2422,8.789063
kRYSTAL,CounterTerrorist,2480,2112,126.7755,USP,100,0,0,0,0,False,False,False,223.2422,8.789063
kRYSTAL,CounterTerrorist,2480,2112,126.7755,USP,100,0,0,0,0,False,False,False,223.2422,8.789063
kRYSTAL,CounterTerrorist,2480,2112,126.7755,USP,100,0,0,0,0,False,False,False,223.2422,8.789063
kRYSTAL,CounterTerrorist,2480,2112,126.7755,USP,100,0,0,0,0,False,False,False,223.2422,8.789063
kRYSTAL,CounterTerrorist,2480,2112,126.7755,USP,100,0,0,0,0,False,False,False,223.2422,8.789063
kRYSTAL,CounterTerrorist,2480,2112,126.7755,USP,100,0,0,0,0,False,False,False,223.2422,8.789063
kRYSTAL,CounterTerrorist,2480,2112,126.7755,USP,100,0,0,0,0,False,False,False,223.2422,8.789063
kRYSTAL,CounterTerrorist,2480,2112,126.7755,USP,100,0,0,0,0,False,False,False,223.2422,8.789063
kRYSTAL,CounterTerrorist,2480,2112,126.7755,USP,100,0,0,0,0,False,False,False,223.2422,8.789063
kRYSTAL,CounterTerrorist,2480,2112,126.7755,USP,100,0,0,0,0,False,False,False,223.2422,8.789063
kRYSTAL,CounterTerrorist,2480,2112,126.7755,USP,100,0,0,0,0,False,False,False,223.2422,8.789063
kRYSTAL,CounterTerrorist,2480,2112,126.7755,USP,100,0,0,0,0,False,False,False,223.2422,8.789063
kRYSTAL,CounterTerrorist,2480,2112,126.7755,USP,100,0,0,0,0,False,False,False,223.2422,8.789063
kRYSTAL,CounterTerrorist,2480,2112,126.7755,USP,100,0,0,0,0,False,False,False,223.2422,8.789063
kRYSTAL,CounterTerrorist,2480,2112,126.7755,USP,100,0,0,0,0,False,False,False,223.2422,8.789063
kRYSTAL,CounterTerrorist,2480,2112,126.7755,USP,100,0,0,0,0,False,False,False,223.2422,8.789063
kRYSTAL,CounterTerrorist,2480,2112,126.7755,USP,100,0,0,0,0,False,False,False,223.2422,8.789063
kRYSTAL,CounterTerrorist,2480,2112,126.7755,USP,100,0,0,0,0,False,False,False,223.2422,8.789063
kRYSTAL,CounterTerrorist,2480,2112,126.7755,USP,100,0,0,0,0,False,False,False,223.2422,8.789063
kRYSTAL,CounterTerrorist,2480,2112,126.7755,USP,100,0,0,0,0,False,False,False,223.2422,8.789063
kRYSTAL,CounterTerrorist,2480,2112,126.7755,USP,100,0,0,0,0,False,False,False,223.2422,8.789063
kRYSTAL,CounterTerrorist,2480,2112,126.7755,USP,100,0,0,0,0,False,False,False,223.2422,8.789063
kRYSTAL,CounterTerrorist,2480,2112,126.7755,USP,100,0,0,0,0,False,False,False,223.2422,8.789063
kRYSTAL,CounterTerrorist,2480,2112,126.7755,USP,100,0,0,0,0,False,False,False,223.2422,8.789063
kRYSTAL,CounterTerrorist,2480,2112,126.7755,USP,100,0,0,0,0,False,False,False,223.2422,8.789063
kRYSTAL,CounterTerrorist,2480,2112,126.7755,USP,100,0,0,0,0,False,False,False,223.2422,8.789063
kRYSTAL,CounterTerrorist,2480,2112,126.7755,USP,100,0,0,0,0,False,False,False,223.2422,8.789063
kRYSTAL,CounterTerrorist,2480,2112,126.7755,USP,100,0,0,0,0,False,False,False,222.8906,8.789063
kRYSTAL,CounterTerrorist,2480,2112,126.7755,USP,100,0,0,0,0,False,False,False,220.7813,9.140625
kRYSTAL,CounterTerrorist,2480,2112,126.7755,USP,100,0,0,0,0,False,False,False,221.4844,9.84375
kRYSTAL,CounterTerrorist,2480,2112,126.7755,USP,100,0,0,0,0,False,False,False,221.8359,9.84375
kRYSTAL,CounterTerrorist,2480,2112,126.7755,USP,100,0,0,0,0,False,False,False,221.8359,9.84375
kRYSTAL,CounterTerrorist,2480,2112,126.7755,USP,100,0,0,0,0,False,False,False,221.8359,9.84375
kRYSTAL,CounterTerrorist,2480,2112,126.7755,USP,100,0,0,0,0,False,False,False,222.1875,9.84375
kRYSTAL,CounterTerrorist,2480,2112,126.7755,USP,100,0,0,0,0,False,False,False,222.1875,9.84375
kRYSTAL,CounterTerrorist,2480,2112,126.7755,USP,100,0,0,0,0,False,False,False,222.1875,9.492188
kRYSTAL,CounterTerrorist,2480,2112,126.7755,USP,100,0,0,0,0,False,False,False,222.1875,9.492188
kRYSTAL,CounterTerrorist,2480,2112,126.7755,USP,100,0,0,0,0,False,False,False,222.1875,9.492188
kRYSTAL,CounterTerrorist,2480,2112,126.7755,USP,100,0,0,0,0,False,False,False,222.1875,9.492188
kRYSTAL,CounterTerrorist,2480,2112,126.7755,USP,100,0,0,0,0,False,False,False,222.1875,9.492188
kRYSTAL,CounterTerrorist,2480,2112,126.7755,USP,100,0,0,0,0,False,False,False,222.1875,9.492188
kRYSTAL,CounterTerrorist,2480,2112,126.7755,USP,100,0,0,0,0,False,False,False,222.1875,9.492188
kRYSTAL,CounterTerrorist,2480,2112,126.7755,USP,100,0,0,0,0,False,False,False,222.1875,9.492188
kRYSTAL,CounterTerrorist,2480,2112,126.7755,USP,100,0,0,0,0,False,False,False,222.1875,9.492188
kRYSTAL,CounterTerrorist,2480,2112,126.7755,USP,100,0,0,0,0,False,False,False,222.1875,9.492188
kRYSTAL,CounterTerrorist,2480,2112,126.7755,USP,100,0,0,0,0,False,False,False,222.1875,9.492188
kRYSTAL,CounterTerrorist,2480,2112,126.7755,USP,100,0,0,0,0,False,False,False,222.5391,9.140625
kRYSTAL,CounterTerrorist,2480,2112,126.7755,USP,100,0,0,0,0,False,False,False,222.8906,9.140625
kRYSTAL,CounterTerrorist,2480,2112,126.7755,USP,100,0,0,0,0,False,False,False,222.8906,9.140625
kRYSTAL,CounterTerrorist,2480,2112,126.7755,USP,100,0,0,0,0,False,False,False,222.8906,9.140625
kRYSTAL,CounterTerrorist,2480,2112,126.7755,USP,100,0,0,0,0,False,False,False,222.8906,9.140625
kRYSTAL,CounterTerrorist,2480,2112,126.7755,USP,100,0,0,0,0,False,False,False,222.8906,9.140625
kRYSTAL,CounterTerrorist,2480,2112,126.7755,USP,100,0,0,0,0,False,False,False,222.8906,9.140625
kRYSTAL,CounterTerrorist,2480,2112,126.7755,USP,100,0,0,0,0,False,False,False,222.8906,9.140625
kRYSTAL,CounterTerrorist,2480,2112,126.7755,USP,100,0,0,0,0,False,False,False,222.8906,9.140625
kRYSTAL,CounterTerrorist,2480,2112,126.7755,USP,100,0,0,0,0,False,False,False,222.8906,9.140625
kRYSTAL,CounterTerrorist,2480,2112,126.7755,USP,100,0,0,0,0,False,False,False,222.8906,9.140625
kRYSTAL,CounterTerrorist,2480,2112,126.7755,USP,100,0,0,0,0,False,False,False,222.8906,9.140625
kRYSTAL,CounterTerrorist,2480,2112,126.7755,USP,100,0,0,0,0,False,False,False,222.8906,9.140625
kRYSTAL,CounterTerrorist,2480,2112,126.7755,USP,100,0,0,0,0,False,False,False,222.8906,9.140625
kRYSTAL,CounterTerrorist,2480,2112,126.7755,USP,100,0,0,0,0,False,False,False,222.8906,9.140625
kRYSTAL,CounterTerrorist,2480,2112,126.7755,USP,100,0,0,0,0,False,False,False,222.8906,9.140625
kRYSTAL,CounterTerrorist,2480,2112,126.7755,USP,100,0,0,0,0,False,False,False,222.8906,9.140625
kRYSTAL,CounterTerrorist,2480,2112,126.7755,USP,100,0,0,0,0,False,False,False,222.8906,9.140625
kRYSTAL,CounterTerrorist,2480,2112,126.7755,USP,100,0,0,0,0,False,False,False,222.8906,9.140625
kRYSTAL,CounterTerrorist,2480,2112,126.7755,USP,100,0,0,0,0,False,False,False,222.8906,9.140625
kRYSTAL,CounterTerrorist,2480,2112,126.7755,USP,100,0,0,0,0,False,False,False,222.8906,9.140625
kRYSTAL,CounterTerrorist,2480,2112,126.7755,USP,100,0,0,0,0,False,False,False,222.8906,9.140625
kRYSTAL,CounterTerrorist,2480,2112,126.7755,USP,100,0,0,0,0,False,False,False,222.8906,9.140625
kRYSTAL,CounterTerrorist,2480,2112,126.7755,USP,100,0,0,0,0,False,False,False,222.8906,9.140625
kRYSTAL,CounterTerrorist,2480,2112,126.7755,USP,100,0,0,0,0,False,False,False,222.8906,9.140625
kRYSTAL,CounterTerrorist,2480,2112,126.7755,USP,100,0,0,0,0,False,False,False,222.8906,9.140625
kRYSTAL,CounterTerrorist,2480,2112,126.7755,USP,100,0,0,0,0,False,False,False,236.25,16.52344
kRYSTAL,CounterTerrorist,2480,2112,126.7755,USP,100,0,0,0,0,False,False,False,236.25,16.52344
kRYSTAL,CounterTerrorist,2480,2112,126.7755,USP,100,0,0,0,0,False,False,False,236.25,16.52344
kRYSTAL,CounterTerrorist,2480,2112,126.7755,USP,100,0,0,0,0,False,False,False,236.25,16.52344
kRYSTAL,CounterTerrorist,2480,2112,126.7755,USP,100,0,0,0,0,False,False,False,236.25,16.52344
kRYSTAL,CounterTerrorist,2480,2112,126.7755,USP,100,0,0,0,0,False,False,False,236.25,16.52344
kRYSTAL,CounterTerrorist,2480,2112,126.7755,USP,100,0,0,0,0,False,False,False,236.25,16.52344
kRYSTAL,CounterTerrorist,2480,2112,126.7755,USP,100,0,0,0,0,False,False,False,236.25,16.52344
kRYSTAL,CounterTerrorist,2480,2112,126.7755,Knife,100,0,0,0,0,False,False,False,236.25,16.52344
kRYSTAL,CounterTerrorist,2480,2112,126.7755,Knife,100,0,0,0,0,False,False,False,236.25,16.52344
kRYSTAL,CounterTerrorist,2480,2112,126.7755,USP,100,0,0,0,0,False,False,False,236.25,16.52344
kRYSTAL,CounterTerrorist,2480,2112,126.7755,USP,100,0,0,0,0,False,False,False,236.25,16.52344
kRYSTAL,CounterTerrorist,2480,2112,126.7755,Knife,100,0,0,0,0,False,False,False,235.8984,16.52344
kRYSTAL,CounterTerrorist,2480,2112,126.7755,USP,100,0,0,0,0,False,False,False,235.5469,16.875
kRYSTAL,CounterTerrorist,2480,2112,126.7755,USP,100,0,0,0,0,False,False,False,235.5469,16.52344
kRYSTAL,CounterTerrorist,2480,2112,126.7755,USP,100,0,0,0,0,False,False,False,235.5469,16.52344
kRYSTAL,CounterTerrorist,2480,2112,126.7755,USP,100,0,0,0,0,False,False,False,235.5469,16.52344
kRYSTAL,CounterTerrorist,2480,2112,126.7755,USP,100,0,0,0,0,False,False,False,234.8437,16.875
kRYSTAL,CounterTerrorist,2480,2112,126.7755,USP,100,0,0,0,0,False,False,False,234.4922,16.875
kRYSTAL,CounterTerrorist,2480,2112,126.7755,USP,100,0,0,0,0,False,False,False,234.4922,16.875
kRYSTAL,CounterTerrorist,2480,2112,126.7755,USP,100,0,0,0,0,False,False,False,234.4922,16.875
kRYSTAL,CounterTerrorist,2480,2112,126.7755,USP,100,0,0,0,0,False,False,False,234.4922,16.875
kRYSTAL,CounterTerrorist,2480,2112,126.7755,Knife,100,0,0,0,0,False,False,False,234.4922,16.875
kRYSTAL,CounterTerrorist,2480,2112,126.7755,USP,100,0,0,0,0,False,False,False,234.4922,16.875
kRYSTAL,CounterTerrorist,2480,2112,126.7755,Knife,100,0,0,0,0,False,False,False,234.4922,16.875
kRYSTAL,CounterTerrorist,2480,2112,126.7755,USP,100,0,0,0,0,False,False,False,234.4922,16.875
kRYSTAL,CounterTerrorist,2480,2112,126.7755,USP,100,0,0,0,0,False,False,False,234.4922,16.875
kRYSTAL,CounterTerrorist,2480,2112,126.7755,Knife,100,0,0,0,0,False,False,False,234.4922,16.875
kRYSTAL,CounterTerrorist,2480,2112,126.7755,Knife,100,0,0,0,0,False,False,False,234.8437,16.52344
kRYSTAL,CounterTerrorist,2480,2112,126.7755,Knife,100,0,0,0,0,False,False,False,234.8437,16.52344
kRYSTAL,CounterTerrorist,2480,2112,126.7755,Knife,100,0,0,0,0,False,False,False,234.8437,16.52344
kRYSTAL,CounterTerrorist,2480,2112,126.7755,Knife,100,0,0,0,0,False,False,False,234.8437,16.52344
kRYSTAL,CounterTerrorist,2480,2112,126.7755,Knife,100,0,0,0,0,False,False,False,234.8437,16.52344
kRYSTAL,CounterTerrorist,2479.584,2111.409,126.7465,Knife,100,0,-20.30769,-28.88894,0,False,False,False,234.8437,16.52344
kRYSTAL,CounterTerrorist,2478.244,2109.501,126.653,Knife,100,0,-43.67052,-62.12399,0,False,False,False,234.8437,16.52344
kRYSTAL,CounterTerrorist,2476.019,2106.337,126.4978,Knife,100,0,-65.25184,-92.82473,0,False,False,False,234.8437,16.52344
kRYSTAL,CounterTerrorist,2473.042,2102.101,126.2901,Knife,100,0,-83.07898,-118.1849,0,False,False,False,234.8437,16.52344
kRYSTAL,CounterTerrorist,2469.443,2096.98,126.039,Knife,100,0,-97.78316,-139.1489,0,False,False,False,234.8437,16.52344
kRYSTAL,CounterTerrorist,2466.192,2092.35,125.8122,Knife,100,0,-107.5691,-153.3414,0,False,False,False,235.1953,16.52344
kRYSTAL,CounterTerrorist,2460.821,2084.656,125.4375,Knife,100,0,-119.1085,-171.361,0,False,False,False,236.25,16.52344
kRYSTAL,CounterTerrorist,2456.006,2077.654,125.1015,Knife,100,0,-125.6412,-184.3453,0,False,False,False,238.3594,16.52344
kRYSTAL,CounterTerrorist,2451.007,2070.172,124.7528,Knife,100,0,-129.1132,-196.2341,0,False,False,False,240.8203,16.52344
kRYSTAL,CounterTerrorist,2445.935,2062.248,124.3989,Knife,100,0,-129.9795,-207.1489,0,False,False,False,243.6328,16.52344
kRYSTAL,CounterTerrorist,2439.921,2052.25,123.9376,Knife,100,0,-126.0918,-215.8723,0,False,False,False,246.4453,16.52344
kRYSTAL,CounterTerrorist,2436.068,2045.454,123.5076,Knife,100,0,-121.6407,-218.4114,0,False,False,False,247.1484,16.52344
kRYSTAL,CounterTerrorist,2432.342,2038.588,123.0918,Knife,100,0,-117.9107,-220.4474,0,False,False,False,247.1484,16.52344
kRYSTAL,CounterTerrorist,2426.031,2026.459,122.6222,Knife,100,0,-114.139,-222.4236,0,False,False,False,244.6875,15.82031
kRYSTAL,CounterTerrorist,2421.583,2017.766,122.645,Knife,100,0,-113.8768,-222.558,0,False,False,False,242.5781,15.11719
kRYSTAL,CounterTerrorist,2417.114,2009.082,122.8818,Knife,100,0,-114.9612,-221.9998,0,False,False,False,240.4688,14.41406
kRYSTAL,CounterTerrorist,2412.572,2000.438,123.1976,Knife,100,0,-117.318,-220.7634,0,False,False,False,238.3594,13.71094
kRYSTAL,CounterTerrorist,2407.916,1991.854,123.5172,Knife,100,0,-120.4767,-219.0556,0,False,False,False,237.3047,13.35938
kRYSTAL,CounterTerrorist,2403.135,1983.339,123.7192,Knife,100,0,-123.7504,-217.223,0,False,False,False,236.25,13.00781
kRYSTAL,CounterTerrorist,2399.214,1976.581,123.8332,Knife,100,0,-126.4983,-215.6343,0,False,False,False,235.1953,12.65625
kRYSTAL,CounterTerrorist,2393.179,1966.536,124.0015,Knife,100,0,-130.2578,-213.3844,0,False,False,False,234.8437,12.65625
kRYSTAL,CounterTerrorist,2388.018,1958.246,123.966,Knife,100,0,-133.4342,-211.4127,0,False,False,False,233.4375,12.65625
kRYSTAL,CounterTerrorist,2382.714,1950.046,123.9342,Knife,100,0,-137.4647,-208.8144,0,False,False,False,231.3281,12.30469
kRYSTAL,CounterTerrorist,2377.23,1941.965,123.9074,Knife,100,0,-142.5105,-205.4038,0,False,False,False,228.5156,11.95313
kRYSTAL,CounterTerrorist,2371.51,1934.051,123.8873,Knife,100,0,-149.1875,-200.6068,0,False,False,False,224.2969,10.89844
kRYSTAL,CounterTerrorist,2365.501,1926.354,123.8699,Knife,100,0,-157.2832,-194.3245,0,False,False,False,219.7266,9.84375
kRYSTAL,CounterTerrorist,2359.136,1918.948,123.8438,Knife,100,0,-166.7744,-186.2426,0,False,False,False,215.1563,9.140625
kRYSTAL,CounterTerrorist,2352.122,1912.574,124.2584,Knife,100,0,-187.4181,-146.0563,0,False,False,False,211.289,8.4375
kRYSTAL,CounterTerrorist,2344.454,1907.405,124.8313,Knife,100,0,-200.7349,-131.7457,0,False,False,False,209.8828,8.085938
kRYSTAL,CounterTerrorist,2336.386,1902.217,125.4388,Knife,100,0,-210.2542,-133.309,0,False,False,False,208.125,8.085938
kRYSTAL,CounterTerrorist,2328.083,1897.078,126.0678,Knife,100,0,-213.6166,-129.8767,0,False,False,False,205.6641,8.085938
kRYSTAL,CounterTerrorist,2319.661,1892.135,126.3808,Knife,100,0,-217.0417,-124.0681,0,False,False,False,202.1484,6.679688
kRYSTAL,CounterTerrorist,2311.099,1887.439,126.481,Knife,100,0,-220.5263,-117.763,0,False,False,False,201.4453,4.921875
kRYSTAL,CounterTerrorist,2302.419,1882.964,126.6037,Knife,100,0,-223.2108,-112.5919,0,False,False,False,201.4453,4.921875
kRYSTAL,CounterTerrorist,2293.652,1878.664,126.7439,Knife,100,0,-225.2027,-108.553,0,False,False,False,201.4453,4.921875
kRYSTAL,CounterTerrorist,2284.818,1874.501,126.8978,Knife,100,0,-226.7236,-105.3396,0,False,False,False,201.4453,4.921875
kRYSTAL,CounterTerrorist,2277.714,1871.251,127.156,Knife,100,0,-227.6944,-103.2244,0,False,False,False,201.4453,4.921875
kRYSTAL,CounterTerrorist,2268.796,1867.272,127.3691,Knife,100,0,-228.6768,-101.0294,0,False,False,False,201.4453,4.921875
kRYSTAL,CounterTerrorist,2259.844,1863.369,127.3445,Knife,100,0,-229.4608,-99.23587,0,False,False,False,201.4453,4.921875
kRYSTAL,CounterTerrorist,2250.865,1859.529,127.318,Knife,100,0,-230.1158,-97.70721,0,False,False,False,201.0938,4.921875
kRYSTAL,CounterTerrorist,2241.792,1856.025,127.3017,Knife,100,0,-234.8397,-76.91264,0,False,False,False,201.0938,4.570313
kRYSTAL,CounterTerrorist,2232.49,1853.846,127.2848,Knife,100,0,-240.1792,-42.54292,0,False,False,False,200.3906,4.570313
kRYSTAL,CounterTerrorist,2223.003,1852.869,127.2486,Knife,100,0,-244.543,-14.04863,0,False,False,False,200.3906,4.570313
kRYSTAL,CounterTerrorist,2213.34,1851.954,127.2148,Knife,100,0,-248.2923,-29.17095,0,False,False,False,200.3906,4.570313
kRYSTAL,CounterTerrorist,2203.68,1850.532,127.1621,Knife,100,0,-246.6463,-40.81173,0,False,False,False,200.0391,4.570313
kRYSTAL,CounterTerrorist,2194.08,1848.741,127.0958,Knife,100,0,-245.205,-48.72889,0,False,False,False,197.9297,3.867188
kRYSTAL,CounterTerrorist,2184.53,1846.701,127.0202,Knife,100,0,-244.0238,-54.33602,0,False,False,False,197.9297,3.515625
kRYSTAL,CounterTerrorist,2175.021,1844.474,127.0387,Knife,100,0,-243.021,-58.65842,0,False,False,False,197.9297,3.515625
kRYSTAL,CounterTerrorist,2165.549,1842.101,127.3451,Knife,100,0,-242.1806,-62.0366,0,False,False,False,197.9297,3.515625
kRYSTAL,CounterTerrorist,2156.105,1839.613,127.4618,Knife,100,0,-241.4724,-64.73858,0,False,False,False,197.9297,3.515625
kRYSTAL,CounterTerrorist,2146.687,1837.031,127.3192,Knife,100,0,-240.8765,-66.92156,0,False,False,False,197.9297,3.515625
kRYSTAL,CounterTerrorist,2135.413,1833.835,126.9531,Knife,100,0,-240.2862,-69.01112,0,False,False,False,197.9297,3.515625
kRYSTAL,CounterTerrorist,2126.035,1831.108,126.5743,Knife,100,0,-239.9252,-70.25581,0,False,False,False,197.5781,3.515625
kRYSTAL,CounterTerrorist,2118.542,1828.899,126.2615,Knife,100,0,-239.7355,-70.90054,0,False,False,False,197.2266,3.515625
kRYSTAL,CounterTerrorist,2107.306,1825.567,125.8808,Knife,100,0,-239.6853,-71.07001,0,False,False,False,196.1719,3.515625
kRYSTAL,CounterTerrorist,2098.272,1822.104,125.6533,Knife,100,0,-224.5348,-101.1184,0,False,False,False,195.8203,3.867188
kRYSTAL,CounterTerrorist,2089.81,1817.561,130.9711,Knife,100,0,-215.2313,-121.4164,0,False,False,False,196.1719,3.867188
kRYSTAL,CounterTerrorist,2081.185,1813.009,133.013,Knife,100,0,-223.0665,-112.8777,0,False,False,False,196.5234,3.515625
kRYSTAL,CounterTerrorist,2072.311,1809.275,135.1138,Knife,100,0,-229.6193,-78.70911,0,False,False,False,196.875,3.515625
kRYSTAL,CounterTerrorist,2063.223,1807.1,137.2139,Knife,100,0,-234.5689,-41.37803,0,False,False,False,197.5781,3.867188
kRYSTAL,CounterTerrorist,2053.907,1805.583,138.8245,Knife,100,0,-241.3742,-42.80033,0,False,False,False,198.6328,4.21875
kRYSTAL,CounterTerrorist,2044.366,1803.696,140.474,Knife,100,0,-244.6174,-51.59782,0,False,False,False,199.6875,4.21875
kRYSTAL,CounterTerrorist,2034.848,1801.509,142.1194,Knife,100,0,-242.9805,-58.82585,0,False,False,False,200.7422,4.21875
kRYSTAL,CounterTerrorist,2025.397,1799.053,144.8024,Knife,100,0,-241.264,-65.51096,0,False,False,False,201.7969,4.21875
kRYSTAL,CounterTerrorist,2016.014,1796.347,147.7168,Knife,100,0,-239.4732,-71.78139,0,False,False,False,203.2031,4.21875
kRYSTAL,CounterTerrorist,2008.562,1794.001,150.0314,Knife,100,0,-237.8115,-77.10822,0,False,False,False,205.3125,4.570313
kRYSTAL,CounterTerrorist,1997.49,1790.164,153.2895,Knife,100,0,-235.0427,-85.17587,0,False,False,False,207.0703,4.570313
kRYSTAL,CounterTerrorist,1988.353,1786.718,155.4679,Knife,100,0,-234.2869,-87.23333,0,False,False,False,209.1797,4.570313
kRYSTAL,CounterTerrorist,1981.002,1784.082,157.2203,Knife,100,0,-234.1778,-87.52569,0,False,False,False,211.9922,4.570313
kRYSTAL,CounterTerrorist,1971.959,1780.398,159.3762,Knife,100,0,-229.5812,-98.9568,0,False,False,False,216.211,4.921875
kRYSTAL,CounterTerrorist,1963.114,1776.263,160.3204,Knife,100,0,-224.3083,-110.3892,0,False,False,False,219.0234,5.273438
kRYSTAL,CounterTerrorist,1954.256,1772.158,160.3204,Knife,100,0,-230.7225,-96.26582,0,False,False,False,222.5391,5.273438
kRYSTAL,CounterTerrorist,1945.147,1768.642,160.3204,Knife,100,0,-231.4159,-94.58681,0,False,False,False,228.8672,5.273438
kRYSTAL,CounterTerrorist,1936.359,1764.392,160.3204,Knife,100,0,-220.3949,-118.0089,0,False,False,False,234.8437,5.273438
kRYSTAL,CounterTerrorist,1928.057,1759.257,160.0313,Knife,100,0,-206.9297,-140.2858,0,False,False,False,241.5234,5.273438
kRYSTAL,CounterTerrorist,1920.329,1753.293,160.0313,Knife,100,0,-191.6306,-160.5544,0,False,False,False,245.7422,5.273438
kRYSTAL,CounterTerrorist,1913.217,1746.607,160.0313,Knife,100,0,-175.6777,-177.8689,0,False,False,False,248.9063,5.273438
kRYSTAL,CounterTerrorist,1906.73,1739.31,160.0313,Knife,100,0,-159.6575,-192.3785,0,False,False,False,251.7188,5.273438
kRYSTAL,CounterTerrorist,1900.862,1731.507,160.0313,Knife,100,0,-143.9792,-204.377,0,False,False,False,254.5313,5.273438
kRYSTAL,CounterTerrorist,1895.604,1723.281,160.0313,Knife,100,0,-128.3143,-214.5587,0,False,False,False,258.0469,5.273438
kRYSTAL,CounterTerrorist,1890.95,1714.698,160.0313,Knife,100,0,-113.0985,-222.9546,0,False,False,False,260.1563,5.273438
kRYSTAL,CounterTerrorist,1886.873,1705.825,160.0313,Knife,100,0,-98.64955,-229.7134,0,False,False,False,262.6172,5.273438
kRYSTAL,CounterTerrorist,1882.691,1694.88,160.0313,Knife,100,0,-82.85965,-235.8692,0,False,False,False,263.6719,5.273438
kRYSTAL,CounterTerrorist,1879.713,1685.58,160.0313,Knife,100,0,-72.09628,-239.3786,0,False,False,False,263.6719,5.273438
kRYSTAL,CounterTerrorist,1877.07,1676.18,160.0313,Knife,100,0,-68.15023,-240.5318,0,False,False,False,263.6719,5.273438
kRYSTAL,CounterTerrorist,1873.742,1667.026,160.0313,Knife,100,0,-95.86914,-230.4412,0,False,False,False,263.6719,5.273438
kRYSTAL,CounterTerrorist,1870.03,1657.996,160.0313,Knife,100,0,-89.4596,-233.4459,0,False,False,False,263.6719,5.273438
kRYSTAL,CounterTerrorist,1866.823,1648.773,160.0313,Knife,100,0,-77.49459,-237.6859,0,False,False,False,263.6719,5.273438
kRYSTAL,CounterTerrorist,1864.031,1639.416,160.0313,Knife,100,0,-67.72451,-240.652,0,False,False,False,263.6719,5.273438
kRYSTAL,CounterTerrorist,1861.577,1629.964,160.0313,Knife,100,0,-59.79632,-242.7435,0,False,False,False,263.6719,5.273438
kRYSTAL,CounterTerrorist,1859.396,1620.446,160.0313,Knife,100,0,-53.39843,-244.2307,0,False,False,False,263.6719,5.273438
kRYSTAL,CounterTerrorist,1857.431,1610.88,160.0313,Knife,100,0,-48.40698,-245.2688,0,False,False,False,263.6719,5.273438
kRYSTAL,CounterTerrorist,1856.133,1601.293,160.0313,Knife,100,0,-17.64424,-244.3992,0,False,False,False,263.6719,5.273438
kRYSTAL,CounterTerrorist,1855.388,1591.593,160.0313,Knife,100,0,-19.77543,-249.2166,0,False,False,False,263.6719,5.273438
kRYSTAL,CounterTerrorist,1854.584,1581.861,160.0313,Knife,100,0,-21.08969,-249.1089,0,False,False,False,263.6719,5.273438
kRYSTAL,CounterTerrorist,1853.734,1572.132,160.0313,Knife,100,0,-22.16986,-249.0151,0,False,False,False,263.6719,5.273438
kRYSTAL,CounterTerrorist,1852.847,1562.407,160.0313,Knife,100,0,-23.05902,-248.9343,0,False,False,False,263.6719,5.273438
kRYSTAL,CounterTerrorist,1851.928,1552.685,160.0313,Knife,100,0,-23.7917,-248.8653,0,False,False,False,263.6719,5.273438
kRYSTAL,CounterTerrorist,1850.984,1542.965,160.0313,Knife,100,0,-24.39589,-248.8068,0,False,False,False,263.6719,5.273438
kRYSTAL,CounterTerrorist,1850.214,1535.19,160.0313,Knife,100,0,-24.80218,-248.7667,0,False,False,False,263.6719,5.273438
kRYSTAL,CounterTerrorist,1849.235,1525.474,160.0313,Knife,100,0,-25.22968,-248.7237,0,False,False,False,263.6719,5.273438
kRYSTAL,CounterTerrorist,1848.241,1515.759,160.0313,Knife,100,0,-25.58259,-248.6876,0,False,False,False,263.6719,5.273438
kRYSTAL,CounterTerrorist,1847.235,1506.046,160.0313,Knife,100,0,-25.87397,-248.6575,0,False,False,False,263.6719,5.273438
kRYSTAL,CounterTerrorist,1846.218,1496.333,160.0313,Knife,100,0,-26.11458,-248.6323,0,False,False,False,263.6719,5.273438
kRYSTAL,CounterTerrorist,1845.193,1486.621,160.0313,Knife,100,0,-26.31327,-248.6114,0,False,False,False,263.6719,5.273438
kRYSTAL,CounterTerrorist,1844.162,1476.911,160.0313,Knife,100,0,-26.47738,-248.5939,0,False,False,False,263.6719,5.273438
kRYSTAL,CounterTerrorist,1843.124,1467.2,160.0313,Knife,100,0,-26.61292,-248.5795,0,False,False,False,263.6719,5.273438
kRYSTAL,CounterTerrorist,1842.082,1457.49,160.0313,Knife,100,0,-26.72487,-248.5675,0,False,False,False,263.6719,5.273438
kRYSTAL,CounterTerrorist,1841.036,1447.781,160.0313,Knife,100,0,-26.81734,-248.5575,0,False,False,False,263.6719,5.273438
kRYSTAL,CounterTerrorist,1839.987,1438.072,160.0313,Knife,100,0,-26.89372,-248.5492,0,False,False,False,263.6719,5.273438
kRYSTAL,CounterTerrorist,1838.935,1428.363,160.0313,Knife,100,0,-26.95682,-248.5424,0,False,False,False,263.6719,5.273438
kRYSTAL,CounterTerrorist,1837.88,1418.655,160.0313,Knife,100,0,-27.00893,-248.5367,0,False,False,False,263.6719,5.273438
kRYSTAL,CounterTerrorist,1836.824,1408.946,160.0313,Knife,100,0,-27.05197,-248.5321,0,False,False,False,263.6719,5.273438
kRYSTAL,CounterTerrorist,1835.026,1399.445,160.0313,Knife,100,0,-59.6373,-238.6791,0,False,False,False,263.6719,5.273438
kRYSTAL,CounterTerrorist,1832.164,1390.263,160.0313,Knife,100,0,-74.44424,-236.814,0,False,False,False,263.6719,5.273438
kRYSTAL,CounterTerrorist,1829.454,1380.885,160.0313,Knife,100,0,-66.02328,-241.1243,0,False,False,False,262.9688,4.570313
kRYSTAL,CounterTerrorist,1826.592,1369.521,160.0313,Knife,100,0,-57.80027,-243.2265,0,False,False,False,262.9688,4.570313
kRYSTAL,CounterTerrorist,1824.462,1359.991,160.0313,Knife,100,0,-52.52467,-244.4201,0,False,False,False,262.9688,4.570313
kRYSTAL,CounterTerrorist,1822.51,1350.422,160.0313,Knife,100,0,-48.40848,-245.2685,0,False,False,False,262.9688,4.570313
kRYSTAL,CounterTerrorist,1820.698,1340.826,160.0313,Knife,100,0,-45.13294,-245.8923,0,False,False,False,262.9688,4.570313
kRYSTAL,CounterTerrorist,1818.999,1331.21,160.0313,Knife,100,0,-42.49314,-246.3622,0,False,False,False,262.9688,4.570313
kRYSTAL,CounterTerrorist,1817.39,1321.578,160.0313,Knife,100,0,-40.34797,-246.7226,0,False,False,False,262.9688,4.570313
kRYSTAL,CounterTerrorist,1815.852,1311.934,160.0313,Knife,100,0,-38.92491,-246.9511,0,False,False,False,261.9141,4.570313
kRYSTAL,CounterTerrorist,1814.319,1302.289,160.0313,Knife,100,0,-39.86958,-246.8004,0,False,False,False,258.0469,4.570313
kRYSTAL,CounterTerrorist,1812.654,1292.667,160.0313,Knife,100,0,-45.1638,-245.8866,0,False,False,False,252.0703,4.921875
kRYSTAL,CounterTerrorist,1810.661,1283.107,160.0313,Knife,100,0,-55.57888,-243.7437,0,False,False,False,244.3359,4.921875
kRYSTAL,CounterTerrorist,1808.155,1273.67,160.0313,Knife,100,0,-70.36705,-239.8926,0,False,False,False,236.25,4.921875
kRYSTAL,CounterTerrorist,1805.011,1264.427,160.0313,Knife,100,0,-87.17062,-234.3102,0,False,False,False,231.3281,4.921875
kRYSTAL,CounterTerrorist,1801.226,1255.427,160.0313,Knife,100,0,-103.236,-227.6891,0,False,False,False,228.1641,4.921875
kRYSTAL,CounterTerrorist,1796.849,1246.698,160.0313,Knife,100,0,-117.7148,-220.5521,0,False,False,False,225.7031,4.921875
kRYSTAL,CounterTerrorist,1791.941,1238.257,160.0313,Knife,100,0,-130.7286,-213.0963,0,False,False,False,223.5938,4.921875
kRYSTAL,CounterTerrorist,1786.561,1230.109,158.5932,Knife,100,0,-142.2121,-205.6106,0,False,False,False,221.8359,4.921875
kRYSTAL,CounterTerrorist,1781.951,1223.802,157.7537,Knife,100,0,-150.6219,-199.532,0,False,False,False,220.0781,4.921875
kRYSTAL,CounterTerrorist,1775.844,1216.182,156.7479,Knife,100,0,-159.9351,-192.1477,0,False,False,False,218.6719,4.921875
kRYSTAL,CounterTerrorist,1769.414,1208.833,155.7861,Knife,100,0,-167.4845,-185.6043,0,False,False,False,218.6719,4.921875
kRYSTAL,CounterTerrorist,1762.727,1201.717,154.8621,Knife,100,0,-173.4896,-180.0038,0,False,False,False,218.3203,4.921875
kRYSTAL,CounterTerrorist,1755.469,1195.451,154.0699,Knife,100,0,-193.5754,-145.8974,0,False,False,False,218.3203,4.921875
kRYSTAL,CounterTerrorist,1747.506,1190.501,153.4789,Knife,100,0,-210.3065,-114.72,0,False,False,False,218.3203,4.921875
kRYSTAL,CounterTerrorist,1739.063,1186.271,152.9994,Knife,100,0,-217.4863,-112.2201,0,False,False,False,218.3203,4.921875
kRYSTAL,CounterTerrorist,1730.542,1181.609,152.4588,Knife,100,0,-217.5384,-123.1952,0,False,False,False,218.3203,4.921875
kRYSTAL,CounterTerrorist,1722.138,1176.636,151.8713,Knife,100,0,-213.6252,-129.8624,0,False,False,False,218.3203,4.921875
kRYSTAL,CounterTerrorist,1713.871,1171.437,151.2491,Knife,100,0,-210.3944,-135.034,0,False,False,False,218.3203,4.921875
kRYSTAL,CounterTerrorist,1705.571,1166.331,150.7254,Knife,100,0,-217.2711,-120.8431,0,False,False,False,217.9688,4.921875
kRYSTAL,CounterTerrorist,1696.781,1162.263,150.4814,Knife,100,0,-229.8443,-93.71989,0,False,False,False,218.3203,4.921875
kRYSTAL,CounterTerrorist,1687.62,1158.955,150.3144,Knife,100,0,-234.4276,-86.85441,0,False,False,False,218.3203,4.570313
kRYSTAL,CounterTerrorist,1678.601,1155.213,150.1044,Knife,100,0,-228.5506,-101.3143,0,False,False,False,218.3203,4.570313
kRYSTAL,CounterTerrorist,1669.802,1150.98,149.8451,Knife,100,0,-223.1628,-112.6871,0,False,False,False,218.3203,4.570313
kRYSTAL,CounterTerrorist,1659.498,1145.4,149.483,Knife,100,0,-217.5511,-123.1727,0,False,False,False,218.3203,4.570313
kRYSTAL,CounterTerrorist,1650.859,1140.888,149.1949,Knife,100,0,-226.1047,-104.9484,0,False,False,False,218.3203,4.570313
kRYSTAL,CounterTerrorist,1641.766,1137.368,149.007,Knife,100,0,-236.612,-80.71408,0,False,False,False,218.3203,4.570313
kRYSTAL,CounterTerrorist,1632.422,1134.532,148.8872,Knife,100,0,-238.3405,-75.45734,0,False,False,False,217.9688,4.921875
kRYSTAL,CounterTerrorist,1623.249,1131.186,148.7168,Knife,100,0,-232.4759,-91.95094,0,False,False,False,217.9688,5.273438
kRYSTAL,CounterTerrorist,1614.3,1127.279,148.4904,Knife,100,0,-226.9024,-104.9538,0,False,False,False,217.9688,5.273438
kRYSTAL,CounterTerrorist,1605.556,1122.932,148.2195,Knife,100,0,-221.8775,-115.1972,0,False,False,False,217.9688,5.273438
kRYSTAL,CounterTerrorist,1596.861,1118.503,147.9401,Knife,100,0,-226.5088,-104.9322,0,False,False,False,218.3203,5.273438
kRYSTAL,CounterTerrorist,1587.76,1114.983,147.8354,Knife,100,0,-236.5915,-80.77406,0,False,False,False,219.0234,5.273438
kRYSTAL,CounterTerrorist,1578.561,1111.713,148.3369,Knife,100,0,-232.9599,-90.71772,0,False,False,False,219.7266,5.625
kRYSTAL,CounterTerrorist,1569.615,1107.8,148.8789,Knife,100,0,-226.3216,-106.2005,0,False,False,False,221.4844,5.625
kRYSTAL,CounterTerrorist,1560.937,1103.324,149.4551,Knife,100,0,-219.3201,-119.9946,0,False,False,False,223.9453,5.976563
kRYSTAL,CounterTerrorist,1552.542,1098.338,150.0613,Knife,100,0,-211.9493,-132.5801,0,False,False,False,226.4063,6.328125
kRYSTAL,CounterTerrorist,1546.04,1094.008,150.3979,Knife,100,0,-205.7255,-142.0459,0,False,False,False,228.8672,6.328125
kRYSTAL,CounterTerrorist,1538.197,1088.191,150.8296,Knife,100,0,-197.3551,-153.4633,0,False,False,False,232.3828,6.679688
kRYSTAL,CounterTerrorist,1530.702,1081.933,151.2941,Knife,100,0,-188.1005,-164.6761,0,False,False,False,236.25,6.679688
kRYSTAL,CounterTerrorist,1523.587,1075.246,151.7904,Knife,100,0,-178.0991,-175.4443,0,False,False,False,239.4141,7.03125
kRYSTAL,CounterTerrorist,1516.873,1068.156,152.4848,Knife,100,0,-167.7264,-185.3857,0,False,False,False,242.2266,7.03125
kRYSTAL,CounterTerrorist,1510.564,1060.704,153.3546,Knife,100,0,-157.3647,-194.2585,0,False,False,False,244.6875,7.03125
kRYSTAL,CounterTerrorist,1504.661,1052.926,154.2877,Knife,100,0,-146.9643,-202.2411,0,False,False,False,247.1484,7.03125
kRYSTAL,CounterTerrorist,1499.156,1044.861,155.2784,Knife,100,0,-136.9112,-209.1777,0,False,False,False,248.9063,7.03125
kRYSTAL,CounterTerrorist,1494.041,1036.543,156.3213,Knife,100,0,-126.9699,-215.357,0,False,False,False,251.0156,7.03125
kRYSTAL,CounterTerrorist,1489.269,1028.072,155.6129,Knife,100,0,-115.2098,-221.095,0,False,False,False,252.4219,7.03125
kRYSTAL,CounterTerrorist,1485.822,1019.282,155.0352,Knife,100,0,-71.32987,-227.422,0,False,False,False,253.125,7.03125
kRYSTAL,CounterTerrorist,1483.916,1010.278,154.7483,Knife,100,0,-34.58344,-232.3787,0,False,False,False,253.8281,7.03125
kRYSTAL,CounterTerrorist,1483.309,1001.11,154.6523,Knife,100,0,-3.529799,-236.0833,0,False,False,False,254.8828,7.382813
kRYSTAL,CounterTerrorist,1483.803,991.8235,154.7449,Knife,100,0,22.86277,-238.7149,0,False,False,False,255.9375,7.734375
kRYSTAL,CounterTerrorist,1484.308,982.313,154.8396,Knife,100,0,6.810563,-246.4679,0,False,False,False,256.6406,7.734375
kRYSTAL,CounterTerrorist,1484.269,972.5709,154.6703,Knife,100,0,-5.783338,-249.9331,0,False,False,False,257.3438,7.734375
kRYSTAL,CounterTerrorist,1483.808,962.8166,154.1234,Knife,100,0,-15.4444,-249.5225,0,False,False,False,257.6953,8.085938
kRYSTAL,CounterTerrorist,1483.355,951.1309,153.4864,Knife,100,0,3.733055,-248.9877,0,False,False,False,258.0469,8.085938
kRYSTAL,CounterTerrorist,1483.962,941.4058,153.1412,Knife,100,0,14.70024,-249.5674,0,False,False,False,258.3984,8.085938
kRYSTAL,CounterTerrorist,1484.225,931.6447,152.7295,Knife,100,0,1.796912,-249.9935,0,False,False,False,258.3984,8.085938
kRYSTAL,CounterTerrorist,1484.045,921.8814,152.2225,Knife,100,0,-8.580607,-249.8527,0,False,False,False,258.3984,8.085938
kRYSTAL,CounterTerrorist,1483.509,912.131,151.09,Knife,100,0,-16.90497,-249.4278,0,False,False,False,258.3984,8.085938
kRYSTAL,CounterTerrorist,1482.688,902.4001,149.9336,Knife,100,0,-23.56599,-248.8868,0,False,False,False,258.3984,8.4375
kRYSTAL,CounterTerrorist,1481.642,892.6909,148.7589,Knife,100,0,-28.74606,-248.3418,0,False,False,False,258.3984,8.4375
kRYSTAL,CounterTerrorist,1480.419,883.0023,147.6285,Knife,100,0,-32.91323,-247.824,0,False,False,False,258.0469,8.4375
kRYSTAL,CounterTerrorist,1479.043,873.3341,146.6161,Knife,100,0,-36.76958,-247.2812,0,False,False,False,257.3438,8.4375
kRYSTAL,CounterTerrorist,1477.512,863.6894,145.5916,Knife,100,0,-40.90697,-246.6305,0,False,False,False,255.9375,8.4375
kRYSTAL,CounterTerrorist,1475.804,854.0743,144.7134,Knife,100,0,-45.64833,-245.7971,0,False,False,False,254.1797,8.789063
kRYSTAL,CounterTerrorist,1473.893,844.4978,143.9023,Knife,100,0,-51.23617,-244.6934,0,False,False,False,252.0703,9.140625
kRYSTAL,CounterTerrorist,1471.738,834.9733,143.0797,Knife,100,0,-57.99551,-243.18,0,False,False,False,248.9063,9.140625
kRYSTAL,CounterTerrorist,1469.407,825.4913,142.2493,Knife,100,0,-54.35164,-243.92,0,False,False,False,243.6328,9.140625
kRYSTAL,CounterTerrorist,1467.854,815.8531,141.4561,Knife,100,0,-31.28621,-248.0346,0,False,False,False,238.0078,9.140625
kRYSTAL,CounterTerrorist,1467.121,808.0756,140.8486,Knife,100,0,-19.59572,-249.2308,0,False,False,False,231.6797,9.140625
kRYSTAL,CounterTerrorist,1466.528,798.3282,140.1075,Knife,100,0,-13.2689,-249.6476,0,False,False,False,225.7031,9.140625
kRYSTAL,CounterTerrorist,1466.047,788.5745,139.2906,Knife,100,0,-12.14509,-249.7048,0,False,False,False,221.4844,9.140625
kRYSTAL,CounterTerrorist,1465.518,778.8232,138.4449,Knife,100,0,-15.03757,-249.5473,0,False,False,False,216.5625,9.140625
kRYSTAL,CounterTerrorist,1464.253,769.3202,137.5739,Knife,100,0,-48.19948,-237.0717,0,False,False,False,212.6953,9.140625
kRYSTAL,CounterTerrorist,1461.529,760.4185,136.6619,Knife,100,0,-83.38028,-221.8275,0,False,False,False,209.8828,9.140625
kRYSTAL,CounterTerrorist,1457.545,752.1072,135.7407,Knife,100,0,-113.8765,-206.6525,0,False,False,False,206.0156,9.140625
kRYSTAL,CounterTerrorist,1452.465,744.3886,134.8223,Knife,100,0,-140.2057,-191.808,0,False,False,False,204.2578,8.789063
kRYSTAL,CounterTerrorist,1446.694,737.3004,133.919,Knife,100,0,-142.4937,-170.4905,0,False,False,False,204.2578,8.789063
kRYSTAL,CounterTerrorist,1441.723,731.3533,133.1142,Knife,100,0,-117.7061,-140.8328,0,False,False,False,204.2578,8.789063
kRYSTAL,CounterTerrorist,1437.618,726.4408,132.2672,Knife,100,0,-97.23056,-116.3342,0,False,False,False,204.2578,8.789063
kRYSTAL,CounterTerrorist,1434.222,722.6671,131.5963,Knife,100,0,-90.28931,-93.52989,0,False,False,False,204.2578,8.789063
kRYSTAL,CounterTerrorist,1430.533,719.1786,130.9304,Knife,100,0,-96.95218,-86.60414,0,False,False,False,203.9063,8.789063
kRYSTAL,CounterTerrorist,1426.601,715.9672,130.2726,Knife,100,0,-103.2926,-78.93434,0,False,False,False,195.1172,8.4375
kRYSTAL,CounterTerrorist,1422.384,713.1487,129.6316,Knife,100,0,-111.1578,-66.75576,0,False,False,False,176.1328,8.4375
kRYSTAL,CounterTerrorist,1417.897,710.9813,129.0349,Knife,100,0,-116.7197,-46.97036,0,False,False,False,152.5781,8.4375
kRYSTAL,CounterTerrorist,1413.198,709.3033,128.4708,Knife,100,0,-122.586,-40.45037,0,False,False,False,134.2969,8.4375
kRYSTAL,CounterTerrorist,1408.307,707.9605,127.9253,Knife,100,0,-125.889,-32.43379,0,False,False,False,118.4766,8.4375
kRYSTAL,CounterTerrorist,1403.417,706.5928,127.3772,Knife,100,0,-124.888,-36.0969,0,False,False,False,110.0391,8.4375
kRYSTAL,CounterTerrorist,1398.543,705.1661,126.9214,Knife,100,0,-124.7523,-36.56308,0,False,False,False,105.8203,8.4375
kRYSTAL,CounterTerrorist,1392.688,703.4796,126.6505,Knife,100,0,-125.0975,-35.36399,0,False,False,False,102.6563,8.4375
kRYSTAL,CounterTerrorist,1387.791,702.1356,126.4308,Knife,100,0,-125.5408,-33.75646,0,False,False,False,101.6016,8.085938
kRYSTAL,CounterTerrorist,1382.878,700.8513,126.2169,Knife,100,0,-125.9151,-32.33236,0,False,False,False,101.6016,8.085938
kRYSTAL,CounterTerrorist,1377.952,699.6161,126.0078,Knife,100,0,-126.2063,-31.17621,0,False,False,False,101.6016,8.085938
kRYSTAL,CounterTerrorist,1373.017,698.4211,125.8027,Knife,100,0,-126.4359,-30.23203,0,False,False,False,101.6016,8.085938
kRYSTAL,CounterTerrorist,1368.073,697.2587,125.9387,Knife,100,0,-126.6184,-29.45792,0,False,False,False,101.6016,8.085938
kRYSTAL,CounterTerrorist,1363.124,696.1234,126.512,Knife,100,0,-126.7648,-28.82158,0,False,False,False,101.6016,8.085938
kRYSTAL,CounterTerrorist,1358.169,695.0101,127.1593,Knife,100,0,-126.8828,-28.29761,0,False,False,False,101.6016,8.085938
kRYSTAL,CounterTerrorist,1353.21,693.9156,127.8088,Knife,100,0,-126.9843,-27.8388,0,False,False,False,101.25,8.085938
kRYSTAL,CounterTerrorist,1348.248,692.8377,128.4602,Knife,100,0,-127.0724,-27.43369,0,False,False,False,101.25,8.085938
kRYSTAL,CounterTerrorist,1343.32,691.7822,129.1086,Knife,100,0,-122.3688,-26.11787,0,False,False,False,101.25,8.085938
kRYSTAL,CounterTerrorist,1339.051,690.8712,129.6703,Knife,100,0,-101.0821,-21.57454,0,False,False,False,101.25,8.085938
kRYSTAL,CounterTerrorist,1335.482,690.1103,130.1402,Knife,100,0,-89.08465,-18.88985,0,False,False,False,100.8984,8.085938
kRYSTAL,CounterTerrorist,1331.751,689.3336,130.6328,Knife,100,0,-99.51243,-20.50199,0,False,False,False,100.5469,8.085938
kRYSTAL,CounterTerrorist,1327.657,688.5009,131.1752,Knife,100,0,-108.1278,-21.82558,0,False,False,False,100.5469,8.085938
kRYSTAL,CounterTerrorist,1323.262,687.6219,131.7587,Knife,100,0,-115.2444,-22.91893,0,False,False,False,100.5469,8.085938
kRYSTAL,CounterTerrorist,1319.242,686.8224,132.2928,Knife,100,0,-95.19708,-18.93206,0,False,False,False,100.5469,8.085938
kRYSTAL,CounterTerrorist,1315.922,686.162,132.734,Knife,100,0,-78.63708,-15.63874,0,False,False,False,100.5469,8.085938
kRYSTAL,CounterTerrorist,1313.688,685.7178,133.0308,Knife,100,0,-67.33292,-13.39065,0,False,False,False,100.5469,8.085938
kRYSTAL,CounterTerrorist,1312.031,685.2767,133.2412,Knife,100,0,0,-8.383812,0,False,False,False,100.5469,8.085938
kRYSTAL,CounterTerrorist,1312.031,685.2116,133.2356,Knife,100,0,0,0,0,False,False,False,100.5469,8.085938
kRYSTAL,CounterTerrorist,1312.002,685.6495,133.2777,Knife,100,0,0,16.80016,0,False,False,False,100.5469,8.085938
kRYSTAL,CounterTerrorist,1312.002,686.6312,133.3623,Knife,100,0,0,30.68243,0,False,False,False,100.5469,8.085938
kRYSTAL,CounterTerrorist,1312.002,688.1551,133.4936,Knife,100,0,0,44.5647,0,False,False,False,100.5469,8.085938
kRYSTAL,CounterTerrorist,1312.002,690.2213,133.6716,Knife,100,0,0,58.44698,0,False,False,False,100.5469,8.085938
kRYSTAL,CounterTerrorist,1312.002,692.8297,133.8964,Knife,100,0,0,72.32925,0,False,False,False,100.5469,8.085938
kRYSTAL,CounterTerrorist,1312.002,695.9722,134.1672,Knife,100,0,0,85.58728,0,False,False,False,100.5469,8.085938
kRYSTAL,CounterTerrorist,1312.002,699.5807,134.4781,Knife,100,0,0,96.62497,0,False,False,False,100.5469,8.085938
kRYSTAL,CounterTerrorist,1312.002,703.5743,134.8223,Knife,100,0,0,105.7426,0,False,False,False,100.5469,8.085938
kRYSTAL,CounterTerrorist,1312.002,707.8859,135.2042,Knife,100,0,0,113.2742,0,False,False,False,100.5469,8.085938
kRYSTAL,CounterTerrorist,1312.002,712.4602,135.6236,Knife,100,0,0,119.4956,0,False,False,False,100.5469,8.085938
kRYSTAL,CounterTerrorist,1312.002,718.2324,136.1527,Knife,100,0,0,125.5499,0,False,False,False,100.5469,8.085938
kRYSTAL,CounterTerrorist,1312.002,721.7771,136.4776,Knife,100,0,0,105.6817,0,False,False,False,100.5469,8.085938
kRYSTAL,CounterTerrorist,1312.002,725.9573,136.8608,Knife,100,0,0,78.26342,0,False,False,False,100.5469,8.085938
kRYSTAL,CounterTerrorist,1312.002,728.5565,137.0991,Knife,100,0,0,58.80778,0,False,False,False,100.5469,8.085938
kRYSTAL,CounterTerrorist,1312.002,730.3848,137.2666,Knife,100,0,0,38.33659,0,False,False,False,106.5234,8.085938
kRYSTAL,CounterTerrorist,1312.002,731.4764,137.3667,Knife,100,0,0,22.31773,0,False,False,False,127.9687,8.085938
kRYSTAL,CounterTerrorist,1312.322,731.8596,137.3539,Knife,100,0,15.26725,3.199445,0,False,False,False,174.7266,8.085938
kRYSTAL,CounterTerrorist,1313.215,732.1206,137.2439,Knife,100,0,26.73742,11.52785,0,False,False,False,222.8906,8.085938
kRYSTAL,CounterTerrorist,1314.318,732.9738,137.1566,Knife,100,0,28.07059,28.93798,0,False,False,False,252.4219,8.085938
kRYSTAL,CounterTerrorist,1315.324,734.5048,137.1399,Knife,100,0,23.91698,45.80727,0,False,False,False,265.4297,7.03125
kRYSTAL,CounterTerrorist,1316.306,736.6012,137.1851,Knife,100,0,29.88146,57.01823,0,False,False,False,267.1875,7.382813
kRYSTAL,CounterTerrorist,1317.91,738.6768,137.1407,Knife,100,0,48.97328,48.16309,0,False,False,False,267.1875,8.789063
kRYSTAL,CounterTerrorist,1320.237,740.3147,136.9416,Knife,100,0,66.35742,38.1659,0,False,False,False,267.1875,9.492188
kRYSTAL,CounterTerrorist,1323.185,741.6164,136.6188,Knife,100,0,81.16859,30.29429,0,False,False,False,267.1875,9.492188
kRYSTAL,CounterTerrorist,1326.65,742.6434,136.1932,Knife,100,0,93.40329,23.79198,0,False,False,False,267.1875,9.492188
kRYSTAL,CounterTerrorist,1330.482,743.2958,135.6782,Knife,100,0,99.20611,8.358576,0,False,False,False,267.1875,9.492188
kRYSTAL,CounterTerrorist,1334.057,743.0073,135.1155,Knife,100,0,83.95375,-18.17675,0,False,False,False,266.1328,8.789063
kRYSTAL,CounterTerrorist,1336.405,742.0645,134.6769,Knife,100,0,69.87614,-36.98473,0,False,False,False,261.9141,8.4375
kRYSTAL,CounterTerrorist,1338.709,740.155,134.1563,Knife,100,0,51.5925,-56.18533,0,False,False,False,253.125,8.4375
kRYSTAL,CounterTerrorist,1340.292,737.5994,133.6846,Knife,100,0,33.34065,-71.10345,0,False,False,False,247.8516,9.140625
kRYSTAL,CounterTerrorist,1341.354,734.5236,133.2433,Knife,100,0,27.45687,-83.65369,0,False,False,False,243.9844,9.492188
kRYSTAL,CounterTerrorist,1342.511,731.0037,132.747,Knife,100,0,30.89989,-94.1714,0,False,False,False,242.5781,9.140625
kRYSTAL,CounterTerrorist,1343.779,727.114,132.2003,Knife,100,0,33.41854,-102.9643,0,False,False,False,242.2266,9.140625
kRYSTAL,CounterTerrorist,1345.13,722.9159,131.6129,Knife,100,0,35.23553,-110.3085,0,False,False,False,241.5234,8.789063
kRYSTAL,CounterTerrorist,1346.533,718.4584,130.9939,Knife,100,0,36.27903,-116.5089,0,False,False,False,240.4688,8.4375
kRYSTAL,CounterTerrorist,1347.767,713.8082,130.3825,Knife,100,0,24.37055,-120.0707,0,False,False,False,239.7656,8.4375
kRYSTAL,CounterTerrorist,1348.579,709.6429,129.8788,Knife,100,0,15.25807,-96.25111,0,False,False,False,239.0625,8.085938
kRYSTAL,CounterTerrorist,1348.571,706.6177,129.6028,Knife,100,0,-9.851676,-65.54468,0,False,False,False,238.0078,8.085938
kRYSTAL,CounterTerrorist,1347.748,704.7047,129.5547,Knife,100,0,-24.45742,-40.24521,0,False,False,False,237.3047,8.085938
kRYSTAL,CounterTerrorist,1346.964,703.4143,129.5547,Knife,100,0,-17.15431,-28.22779,0,False,False,False,236.9531,8.085938
kRYSTAL,CounterTerrorist,1346.465,702.5933,129.5547,Knife,100,0,-9.851197,-16.21036,0,False,False,False,236.6016,8.085938
kRYSTAL,CounterTerrorist,1346.251,702.2417,129.5547,USP,100,0,-2.548089,-4.192937,0,False,False,False,236.25,8.085938
kRYSTAL,CounterTerrorist,1346.243,702.2277,129.5547,USP,100,0,0,0,0,False,False,False,235.8984,7.734375
kRYSTAL,CounterTerrorist,1346.243,702.2277,129.5547,USP,100,0,0,0,0,False,False,False,235.5469,7.03125
kRYSTAL,CounterTerrorist,1346.243,702.2277,129.5547,USP,100,0,0,0,0,False,False,False,235.5469,7.03125
kRYSTAL,CounterTerrorist,1346.243,702.2277,129.5547,USP,100,0,0,0,0,False,False,False,235.5469,7.03125
kRYSTAL,CounterTerrorist,1346.243,702.2277,129.5547,USP,100,0,0,0,0,False,False,False,235.5469,7.03125
kRYSTAL,CounterTerrorist,1346.243,702.2277,129.5547,USP,100,0,0,0,0,False,False,False,235.5469,7.03125
kRYSTAL,CounterTerrorist,1346.243,702.2277,129.5547,USP,100,0,0,0,0,False,False,False,235.5469,6.679688
kRYSTAL,CounterTerrorist,1346.243,702.2277,129.5547,USP,100,0,0,0,0,False,False,False,235.5469,6.328125
kRYSTAL,CounterTerrorist,1346.243,702.2277,129.5547,USP,100,0,0,0,0,False,False,False,235.5469,6.328125
kRYSTAL,CounterTerrorist,1346.243,702.2277,129.5547,USP,100,0,0,0,0,False,False,False,235.5469,6.328125
kRYSTAL,CounterTerrorist,1346.206,702.2528,129.5779,USP,100,0,-4.693978,3.211577,0,False,False,False,235.5469,6.328125
kRYSTAL,CounterTerrorist,1345.597,702.6697,129.7052,USP,100,0,-18.93066,12.95218,0,False,False,False,235.5469,6.328125
kRYSTAL,CounterTerrorist,1344.579,703.3658,129.9178,USP,100,0,-30.79455,21.06935,0,False,False,False,235.5469,6.328125
kRYSTAL,CounterTerrorist,1343.098,704.3791,130.2273,USP,100,0,-42.65845,29.18652,0,False,False,False,235.5469,6.328125
kRYSTAL,CounterTerrorist,1341.374,705.5589,130.5876,USP,100,0,-40.44042,27.66896,0,False,False,False,235.5469,6.328125
kRYSTAL,CounterTerrorist,1340.066,706.4536,130.8634,USP,100,0,-28.83443,19.72825,0,False,False,False,235.5469,6.328125
kRYSTAL,CounterTerrorist,1339.212,707.0381,131.0452,USP,100,0,-17.22844,11.78754,0,False,False,False,235.5469,6.328125
kRYSTAL,CounterTerrorist,1338.701,707.3878,131.1539,USP,100,0,-15.01041,10.26998,0,False,False,False,235.5469,6.328125
kRYSTAL,CounterTerrorist,1337.836,707.9788,131.3378,USP,100,0,-26.89147,18.36201,0,False,False,False,235.8984,6.328125
kRYSTAL,CounterTerrorist,1336.506,708.8853,131.6203,USP,100,0,-38.7853,26.43532,0,False,False,False,235.8984,6.328125
kRYSTAL,CounterTerrorist,1334.823,710.0322,131.9779,USP,100,0,-41.27285,28.1123,0,False,False,False,235.8984,6.328125
kRYSTAL,CounterTerrorist,1333.483,710.9448,132.2626,USP,100,0,-29.65032,20.19582,0,False,False,False,236.25,6.679688
kRYSTAL,CounterTerrorist,1332.597,711.5481,132.4507,USP,100,0,-18.02779,12.27933,0,False,False,False,235.8984,6.328125
kRYSTAL,CounterTerrorist,1332.166,711.8422,132.5424,USP,100,0,-6.405267,4.36284,0,False,False,False,235.8984,6.328125
kRYSTAL,CounterTerrorist,1331.926,712.0042,132.5932,USP,100,0,-11.23623,7.595199,0,False,False,False,235.8984,6.328125
kRYSTAL,CounterTerrorist,1331.208,712.4894,132.7454,USP,100,0,-23.14913,15.64028,0,False,False,False,235.8984,6.328125
kRYSTAL,CounterTerrorist,1330.025,713.289,132.9962,USP,100,0,-35.06116,23.68666,0,False,False,False,235.8984,6.328125
kRYSTAL,CounterTerrorist,1328.486,714.3282,133.3222,USP,100,0,-37.54724,25.36577,0,False,False,False,235.5469,6.328125
kRYSTAL,CounterTerrorist,1327.293,715.1346,133.5751,USP,100,0,-25.89463,17.49363,0,False,False,False,235.8984,6.679688
kRYSTAL,CounterTerrorist,1326.554,715.6335,133.7317,USP,100,0,-14.24203,9.62148,0,False,False,False,236.25,6.679688
kRYSTAL,CounterTerrorist,1326.271,715.8248,133.7874,USP,100,0,-2.589423,1.749335,0,False,False,False,236.9531,6.679688
kRYSTAL,CounterTerrorist,1326.009,715.9949,133.8466,USP,100,0,-12.00607,7.791137,0,False,False,False,236.9531,6.679688
kRYSTAL,CounterTerrorist,1325.257,716.4815,134.0041,USP,100,0,-24.10368,15.55578,0,False,False,False,237.3047,6.679688
kRYSTAL,CounterTerrorist,1324.405,717.0304,134.1821,USP,100,0,-17.07376,11.00369,0,False,False,False,237.6563,7.03125
kRYSTAL,CounterTerrorist,1324.015,717.2816,134.2636,USP,100,0,-5.253417,3.385721,0,False,False,False,237.6563,7.03125
kRYSTAL,CounterTerrorist,1323.992,717.2961,134.2636,USP,100,0,0,0,0,False,False,False,238.0078,7.03125
kRYSTAL,CounterTerrorist,1323.992,717.2961,134.2636,USP,100,0,0,0,0,False,False,False,238.0078,7.03125
kRYSTAL,CounterTerrorist,1323.727,717.4611,134.3233,USP,100,0,-12.15389,7.558476,0,False,False,False,238.0078,7.03125
kRYSTAL,CounterTerrorist,1322.966,717.934,134.4808,USP,100,0,-24.37542,15.1265,0,False,False,False,238.3594,7.03125
kRYSTAL,CounterTerrorist,1321.953,718.5613,134.6902,USP,100,0,-22.10168,13.69358,0,False,False,False,238.3594,7.03125
kRYSTAL,CounterTerrorist,1321.371,718.9226,134.8107,USP,100,0,-10.14763,6.287189,0,False,False,False,238.711,7.03125
kRYSTAL,CounterTerrorist,1321.245,719.0005,134.8319,USP,100,0,0,0,0,False,False,False,238.711,7.03125
kRYSTAL,CounterTerrorist,1321.245,719.0005,134.8319,USP,100,0,0,0,0,False,False,False,239.0625,7.03125
kRYSTAL,CounterTerrorist,1320.977,719.1617,134.8916,USP,100,0,-12.25562,7.392368,0,False,False,False,238.711,7.03125
kRYSTAL,CounterTerrorist,1320.33,719.5648,135.0257,USP,100,0,-14.6468,9.221392,0,False,False,False,230.9766,7.03125
kRYSTAL,CounterTerrorist,1320.037,719.7495,135.0821,USP,100,0,-2.746404,1.729093,0,False,False,False,209.1797,7.03125
kRYSTAL,CounterTerrorist,1320.037,719.7495,135.0821,USP,100,0,0,0,0,False,False,False,164.5313,7.03125
kRYSTAL,CounterTerrorist,1320.037,719.7495,135.0821,USP,100,0,0,0,0,False,False,False,113.2031,5.625
kRYSTAL,CounterTerrorist,1319.994,719.7623,135.0821,USP,100,0,-5.443078,1.649413,0,False,False,False,73.125,359.6484
kRYSTAL,CounterTerrorist,1319.47,719.957,135.1906,USP,100,0,-18.72296,7.187621,0,False,False,False,68.55469,358.2422
kRYSTAL,CounterTerrorist,1318.674,720.2654,135.3382,USP,100,0,-16.19326,6.277596,0,False,False,False,68.55469,358.2422
kRYSTAL,CounterTerrorist,1318.472,720.9011,135.4269,USP,100,0,2.598858,20.41897,0,False,False,False,68.55469,358.2422
kRYSTAL,CounterTerrorist,1318.755,721.9958,135.4727,USP,100,0,10.00946,33.16565,0,False,False,False,68.55469,358.5938
kRYSTAL,CounterTerrorist,1319.29,723.5978,135.5514,USP,100,0,16.04916,46.2672,0,False,False,False,68.55469,358.5938
kRYSTAL,CounterTerrorist,1320.072,725.7001,135.6138,USP,100,0,24.25385,57.71505,0,False,False,False,65.74219,358.2422
kRYSTAL,CounterTerrorist,1321.285,728.131,135.6677,USP,100,0,33.6862,67.33893,0,False,False,False,62.57813,357.8906
kRYSTAL,CounterTerrorist,1322.316,731.0748,135.7829,USP,100,0,18.44862,78.40662,0,False,False,False,61.17188,358.5938
kRYSTAL,CounterTerrorist,1322.409,734.1235,136.0484,USP,100,0,-7.632863,77.91602,0,False,False,False,59.41407,359.2969
kRYSTAL,CounterTerrorist,1321.597,737.1646,136.449,USP,100,0,-28.98115,77.84771,0,False,False,False,59.0625,359.2969
kRYSTAL,CounterTerrorist,1320.447,739.963,136.878,USP,100,0,-23.29739,63.81102,0,False,False,False,58.00781,359.2969
kRYSTAL,CounterTerrorist,1320.181,741.7759,137.0841,USP,100,0,3.383773,34.55679,0,False,False,False,55.89844,359.2969
kRYSTAL,CounterTerrorist,1320.714,742.4774,137.0684,USP,100,0,15.60769,10.08211,0,False,False,False,55.89844,358.9453
kRYSTAL,CounterTerrorist,1321.047,742.6924,137.0381,USP,100,0,3.795376,2.451702,0,False,False,False,55.89844,358.9453
kRYSTAL,CounterTerrorist,1321.058,742.6996,137.0371,USP,100,0,0,0,0,False,False,False,55.54688,358.9453
kRYSTAL,CounterTerrorist,1321.058,742.6996,137.0371,USP,100,0,0,0,0,False,False,False,55.89844,358.9453
kRYSTAL,CounterTerrorist,1321.058,742.6996,137.0371,USP,100,0,0,0,0,False,False,False,55.89844,358.9453
kRYSTAL,CounterTerrorist,1321.058,742.6996,137.0371,USP,100,0,0,0,0,False,False,False,55.89844,358.9453
kRYSTAL,CounterTerrorist,1321.058,742.6996,137.0371,USP,100,0,0,0,0,False,False,False,55.89844,358.9453
kRYSTAL,CounterTerrorist,1321.058,742.6996,137.0371,USP,100,0,0,0,0,False,False,False,55.89844,358.9453
kRYSTAL,CounterTerrorist,1321.058,742.6996,137.0371,USP,100,0,0,0,0,False,False,False,55.89844,358.9453
kRYSTAL,CounterTerrorist,1321.058,742.6996,137.0371,USP,100,0,0,0,0,False,False,False,55.89844,358.9453
kRYSTAL,CounterTerrorist,1321.058,742.6996,137.0371,USP,100,0,0,0,0,False,False,False,55.89844,358.9453
kRYSTAL,CounterTerrorist,1321.058,742.6996,137.0371,USP,100,0,0,0,0,False,False,False,55.89844,358.9453
kRYSTAL,CounterTerrorist,1321.058,742.6996,137.0371,USP,100,0,0,0,0,False,False,False,55.89844,358.9453
kRYSTAL,CounterTerrorist,1321.058,742.6996,137.0371,USP,100,0,0,0,0,False,False,False,55.89844,358.9453
kRYSTAL,CounterTerrorist,1321.058,742.6996,137.0371,USP,100,0,0,0,0,False,False,False,55.89844,358.9453
kRYSTAL,CounterTerrorist,1321.058,742.6996,137.0371,USP,100,0,0,0,0,False,False,False,55.89844,358.9453
kRYSTAL,CounterTerrorist,1321.022,742.7244,137.0371,USP,100,0,-4.718283,3.175762,0,False,False,False,55.89844,358.9453
kRYSTAL,CounterTerrorist,1320.558,743.0363,137.1431,USP,100,0,-16.6517,11.19039,0,False,False,False,56.25,358.9453
kRYSTAL,CounterTerrorist,1319.628,743.6613,137.3399,USP,100,0,-28.58442,19.20605,0,False,False,False,56.25,358.9453
kRYSTAL,CounterTerrorist,1317.896,744.8243,137.7063,USP,100,0,-42.91819,28.80322,0,False,False,False,56.25,358.9453
kRYSTAL,CounterTerrorist,1316.368,745.8491,138.0294,USP,100,0,-52.48107,35.19083,0,False,False,False,56.25,358.9453
kRYSTAL,CounterTerrorist,1313.516,747.7604,138.6324,USP,100,0,-66.74206,44.72398,0,False,False,False,56.25,358.9453
kRYSTAL,CounterTerrorist,1312.006,749.8179,139.0475,USP,100,0,-2.163359,58.6758,0,False,False,False,56.25,358.9453
kRYSTAL,CounterTerrorist,1312.006,751.8677,139.2354,USP,100,0,0,69.74058,0,False,False,False,56.25,359.2969
kRYSTAL,CounterTerrorist,1312.006,755.4713,139.5657,USP,100,0,0,78.70285,0,False,False,False,56.25,359.2969
kRYSTAL,CounterTerrorist,1312.006,758.5688,139.8497,USP,100,0,0,79.67376,0,False,False,False,56.25,359.2969
kRYSTAL,CounterTerrorist,1312.006,761.7017,140.1369,USP,100,0,0,80.54724,0,False,False,False,55.89844,359.6484
kRYSTAL,CounterTerrorist,1312.006,764.8673,140.4271,USP,100,0,0,81.35711,0,False,False,False,55.89844,359.6484
kRYSTAL,CounterTerrorist,1312.006,768.062,140.7199,USP,100,0,0,82.04711,0,False,False,False,55.89844,359.6484
kRYSTAL,CounterTerrorist,1312.006,771.2807,141.015,USP,100,0,0,82.62487,0,False,False,False,55.54688,359.6484
kRYSTAL,CounterTerrorist,1312.006,774.52,141.3119,USP,100,0,0,83.12053,0,False,False,False,55.54688,359.6484
kRYSTAL,CounterTerrorist,1312.006,777.7772,141.6105,USP,100,0,0,83.55984,0,False,False,False,55.54688,359.6484
kRYSTAL,CounterTerrorist,1312.006,781.0511,141.9106,USP,100,0,0,83.98617,0,False,False,False,55.19531,359.6484
kRYSTAL,CounterTerrorist,1312.006,784.343,142.2123,USP,100,0,0,84.47456,0,False,False,False,54.84375,359.6484
kRYSTAL,CounterTerrorist,1312.006,787.6544,142.5159,USP,100,0,0,84.95219,0,False,False,False,54.84375,359.6484
kRYSTAL,CounterTerrorist,1312.006,790.9822,142.8209,USP,100,0,0,85.34673,0,False,False,False,54.84375,359.6484
kRYSTAL,CounterTerrorist,1312.006,794.3239,143.1273,USP,100,0,0,85.67657,0,False,False,False,54.84375,359.6484
kRYSTAL,CounterTerrorist,1312.006,797.6776,143.5001,USP,100,0,0,85.96726,0,False,False,False,54.84375,359.6484
kRYSTAL,CounterTerrorist,1312.006,800.3683,143.8514,USP,100,0,0,86.18246,0,False,False,False,54.84375,359.6484
kRYSTAL,CounterTerrorist,1312.006,803.741,144.2917,USP,100,0,0,86.44354,0,False,False,False,54.49219,359.6484
kRYSTAL,CounterTerrorist,1312.006,806.756,144.6854,USP,100,0,0,71.37582,0,False,False,False,54.49219,359.6484
kRYSTAL,CounterTerrorist,1312.006,809.2145,145.0063,USP,100,0,0,57.31332,0,False,False,False,54.49219,359.6484
kRYSTAL,CounterTerrorist,1312.006,811.1237,145.2556,USP,100,0,0,43.25082,0,False,False,False,54.49219,359.6484
kRYSTAL,CounterTerrorist,1312.006,812.5093,145.4365,USP,100,0,0,32.49436,0,False,False,False,54.49219,359.6484
kRYSTAL,CounterTerrorist,1312.006,813.8348,145.6095,USP,100,0,0,34.84443,0,False,False,False,55.19531,359.6484
kRYSTAL,CounterTerrorist,1312.006,815.2423,145.7933,USP,100,0,0,36.78395,0,False,False,False,56.25,359.6484
kRYSTAL,CounterTerrorist,1312.006,816.7166,145.9858,USP,100,0,0,38.32399,0,False,False,False,56.95313,0
kRYSTAL,CounterTerrorist,1312.006,818.2568,146.1869,USP,100,0,0,41.3634,0,False,False,False,57.65625,0
kRYSTAL,CounterTerrorist,1312.006,820.1934,146.4397,USP,100,0,0,55.05297,0,False,False,False,57.65625,0
kRYSTAL,CounterTerrorist,1312.006,822.6648,146.7624,USP,100,0,0,68.74149,0,False,False,False,57.65625,0
kRYSTAL,CounterTerrorist,1312.006,825.6683,147.1545,USP,100,0,0,82.17951,0,False,False,False,57.65625,0
kRYSTAL,CounterTerrorist,1312.006,829.1535,147.6095,USP,100,0,0,93.62635,0,False,False,False,57.65625,0
kRYSTAL,CounterTerrorist,1312.006,831.9926,147.9801,USP,100,0,0,3.043018,0,False,False,False,57.65625,0
kRYSTAL,CounterTerrorist,1312.006,831.9926,147.9801,USP,100,0,0,0,0,False,False,False,57.65625,0
kRYSTAL,CounterTerrorist,1312.006,831.9926,147.9801,USP,100,0,0,0,0,False,False,False,57.65625,0
kRYSTAL,CounterTerrorist,1312.006,831.9926,147.9801,USP,100,0,0,0,0,False,False,False,57.65625,0
kRYSTAL,CounterTerrorist,1312.006,831.9926,147.9801,USP,100,0,0,0,0,False,False,False,57.65625,0
kRYSTAL,CounterTerrorist,1312.006,831.9926,147.9801,USP,100,0,0,0,0,False,False,False,57.65625,0
kRYSTAL,CounterTerrorist,1312.006,831.9926,147.9801,USP,100,0,0,0,0,False,False,False,57.65625,0
kRYSTAL,CounterTerrorist,1312.006,831.9926,147.9801,USP,100,0,0,0,0,False,False,False,57.65625,0
kRYSTAL,CounterTerrorist,1312.006,831.9926,147.9801,USP,100,0,0,0,0,False,False,False,57.65625,0
kRYSTAL,CounterTerrorist,1312.006,831.9926,147.9801,USP,100,0,0,0,0,False,False,False,57.65625,0
kRYSTAL,CounterTerrorist,1312.006,831.9926,147.9801,USP,100,0,0,0,0,False,False,False,57.65625,0
kRYSTAL,CounterTerrorist,1312.006,831.9019,147.9683,USP,100,0,0,-6.797432,0,False,False,False,57.65625,0
kRYSTAL,CounterTerrorist,1312.006,831.403,147.9032,USP,100,0,0,-16.75976,0,False,False,False,57.65625,0
kRYSTAL,CounterTerrorist,1312.006,830.5149,147.7872,USP,100,0,0,-26.72209,0,False,False,False,57.65625,0
kRYSTAL,CounterTerrorist,1312.006,829.2375,147.6205,USP,100,0,0,-36.68442,0,False,False,False,57.65625,0
kRYSTAL,CounterTerrorist,1312.006,827.571,147.4029,USP,100,0,0,-46.64675,0,False,False,False,57.65625,0
kRYSTAL,CounterTerrorist,1312.006,825.5153,147.1345,USP,100,0,0,-56.61678,0,False,False,False,57.65625,0
kRYSTAL,CounterTerrorist,1312.006,823.0645,146.8145,USP,100,0,0,-66.9566,0,False,False,False,61.17188,359.6484
kRYSTAL,CounterTerrorist,1312.006,820.1644,146.4359,USP,100,0,0,-79.47564,0,False,False,False,78.75,0
kRYSTAL,CounterTerrorist,1312.004,816.7656,145.9923,USP,100,0,0,-91.386,0,False,False,False,111.7969,3.867188
kRYSTAL,CounterTerrorist,1312.004,813.17,145.5229,USP,100,0,0,-94.31263,0,False,False,False,152.9297,10.89844
kRYSTAL,CounterTerrorist,1312.005,809.3049,145.0182,USP,100,0,0.1824401,-98.22942,0,False,False,False,184.5703,12.30469
kRYSTAL,CounterTerrorist,1312.011,805.8785,144.5703,USP,100,0,0.1507037,-81.14193,0,False,False,False,214.8047,12.30469
kRYSTAL,CounterTerrorist,1312.016,803.0155,144.1962,USP,100,0,0,-71.30649,0,False,False,False,233.789,12.30469
kRYSTAL,CounterTerrorist,1312.016,800.0067,143.8033,USP,100,0,0,-80.75972,0,False,False,False,236.9531,12.30469
kRYSTAL,CounterTerrorist,1312.016,796.6586,143.3662,USP,100,0,0,-88.80754,0,False,False,False,236.9531,12.30469
kRYSTAL,CounterTerrorist,1312.05,792.9669,142.9962,USP,100,0,2.803112,-98.56409,0,False,False,False,236.9531,12.30469
kRYSTAL,CounterTerrorist,1312.278,788.9081,142.59,USP,100,0,7.708653,-107.2443,0,False,False,False,236.6016,12.30469
kRYSTAL,CounterTerrorist,1312.387,785.478,142.2592,USP,100,0,-1.444554,-110.7098,0,False,False,False,236.6016,12.30469
kRYSTAL,CounterTerrorist,1312.031,781.0803,141.9094,USP,100,0,0,-114.0248,0,False,False,False,242.5781,12.30469
kRYSTAL,CounterTerrorist,1312.012,776.7618,141.5164,USP,100,0,0,-103.273,0,False,False,False,251.3672,11.25
kRYSTAL,CounterTerrorist,1312.012,773.1595,141.1862,USP,100,0,0,-85.30811,0,False,False,False,253.8281,10.54688
kRYSTAL,CounterTerrorist,1312.012,770.1844,140.9135,USP,100,0,0,-70.40137,0,False,False,False,254.1797,10.54688
kRYSTAL,CounterTerrorist,1312.012,767.7641,140.6916,USP,100,0,0,-56.33887,0,False,False,False,254.1797,10.54688
kRYSTAL,CounterTerrorist,1312.012,765.8931,140.5201,USP,100,0,0,-42.27637,0,False,False,False,254.1797,10.54688
kRYSTAL,CounterTerrorist,1312.012,764.5714,140.3989,USP,100,0,0,-28.21387,0,False,False,False,254.1797,10.54688
kRYSTAL,CounterTerrorist,1312.012,763.799,140.3281,USP,100,0,0,-14.15137,0,False,False,False,254.1797,10.54688
kRYSTAL,CounterTerrorist,1312.012,763.5765,140.3077,USP,100,0,0,0,0,False,False,False,254.1797,10.54688
kRYSTAL,CounterTerrorist,1312.012,763.5765,140.3077,USP,100,0,0,0,0,False,False,False,254.1797,10.54688
kRYSTAL,CounterTerrorist,1312.012,763.5765,140.3077,USP,100,0,0,0,0,False,False,False,254.1797,10.54688
kRYSTAL,CounterTerrorist,1312.012,763.5765,140.3077,USP,100,0,0,0,0,False,False,False,254.1797,10.54688
kRYSTAL,CounterTerrorist,1312.012,763.5765,140.3077,USP,100,0,0,0,0,False,False,False,254.1797,10.54688
kRYSTAL,CounterTerrorist,1312.012,763.5765,140.3077,USP,100,0,0,0,0,False,False,False,254.1797,10.54688
kRYSTAL,CounterTerrorist,1312.093,763.8785,140.3234,USP,100,0,3.649622,13.83932,0,False,False,False,255.2344,9.84375
kRYSTAL,CounterTerrorist,1312.321,764.7449,140.3686,USP,100,0,7.298611,27.74348,0,False,False,False,255.2344,9.84375
kRYSTAL,CounterTerrorist,1312.691,766.1545,140.4422,USP,100,0,10.95176,41.64655,0,False,False,False,255.2344,9.84375
kRYSTAL,CounterTerrorist,1313.185,768.1077,140.5473,USP,100,0,12.02522,55.61576,0,False,False,False,254.8828,9.84375
kRYSTAL,CounterTerrorist,1313.277,770.5311,140.7555,USP,100,0,-3.551085,66.26868,0,False,False,False,254.8828,9.84375
kRYSTAL,CounterTerrorist,1312.835,773.3675,141.0818,USP,100,0,-16.18252,76.84281,0,False,False,False,255.2344,9.84375
kRYSTAL,CounterTerrorist,1312.031,776.5925,141.498,USP,100,0,0,86.09554,0,False,False,False,256.2891,9.492188
kRYSTAL,CounterTerrorist,1312.008,780.1307,141.8259,USP,100,0,0,93.28963,0,False,False,False,258.75,9.492188
kRYSTAL,CounterTerrorist,1312.008,783.9022,142.1716,USP,100,0,0,98.4749,0,False,False,False,261.9141,8.789063
kRYSTAL,CounterTerrorist,1312.008,787.8384,142.5324,USP,100,0,0,102.1306,0,False,False,False,263.6719,8.4375
kRYSTAL,CounterTerrorist,1312.008,791.8924,142.9041,USP,100,0,0,104.7757,0,False,False,False,264.7266,8.085938
kRYSTAL,CounterTerrorist,1312.011,796.0435,143.2863,USP,100,0,0.4670469,108.0702,0,False,False,False,265.4297,7.734375
kRYSTAL,CounterTerrorist,1312.079,800.4452,143.855,USP,100,0,2.501777,115.569,0,False,False,False,265.4297,7.734375
kRYSTAL,CounterTerrorist,1312.214,804.1419,144.3259,USP,100,0,7.698813,118.6509,0,False,False,False,265.4297,7.382813
kRYSTAL,CounterTerrorist,1312.964,808.6928,144.8544,USP,100,0,26.41891,115.1484,0,False,False,False,265.4297,7.03125
kRYSTAL,CounterTerrorist,1314.371,813.1176,145.3089,USP,100,0,42.03962,112.0696,0,False,False,False,264.7266,6.679688
kRYSTAL,CounterTerrorist,1316.327,817.4303,145.7009,USP,100,0,55.09634,109.3418,0,False,False,False,264.375,6.679688
kRYSTAL,CounterTerrorist,1318.737,821.6365,146.0391,USP,100,0,65.60048,106.1679,0,False,False,False,263.6719,6.328125
kRYSTAL,CounterTerrorist,1321.48,825.6656,146.3252,USP,100,0,73.04766,101.1883,0,False,False,False,262.9688,6.328125
kRYSTAL,CounterTerrorist,1324.476,829.5101,146.5649,USP,100,0,78.98302,96.62671,0,False,False,False,261.9141,6.328125
kRYSTAL,CounterTerrorist,1327.688,831.9949,146.6082,USP,100,0,84.79585,3.353236,0,False,False,False,261.2109,5.976563
kRYSTAL,CounterTerrorist,1331.161,831.9949,146.3043,USP,100,0,91.51268,0,0,False,False,False,260.1563,5.976563
kRYSTAL,CounterTerrorist,1334.874,831.9949,145.9795,USP,100,0,97.26825,0,0,False,False,False,259.4531,5.625
kRYSTAL,CounterTerrorist,1338.791,831.9949,145.6135,USP,100,0,102.2065,0,0,False,False,False,258.75,5.625
kRYSTAL,CounterTerrorist,1342.885,831.9949,145.2212,USP,100,0,106.4384,0,0,False,False,False,258.3984,5.273438
kRYSTAL,CounterTerrorist,1346.966,831.9949,144.8301,USP,100,0,99.73467,0,0,False,False,False,257.6953,5.273438
kRYSTAL,CounterTerrorist,1350.583,831.9949,144.4835,USP,100,0,88.16537,0,0,False,False,False,256.9922,4.921875
kRYSTAL,CounterTerrorist,1353.801,831.9949,144.175,USP,100,0,78.79866,0,0,False,False,False,256.6406,4.921875
kRYSTAL,CounterTerrorist,1356.78,831.9949,143.8896,USP,100,0,75.40905,0,0,False,False,False,256.2891,4.921875
kRYSTAL,CounterTerrorist,1359.69,831.9949,143.6108,USP,100,0,73.981,0,0,False,False,False,255.9375,4.921875
kRYSTAL,CounterTerrorist,1362.557,831.9949,143.336,USP,100,0,73.035,0,0,False,False,False,255.5859,4.921875
kRYSTAL,CounterTerrorist,1365.391,831.9949,143.0644,USP,100,0,72.24353,0,0,False,False,False,255.2344,4.921875
kRYSTAL,CounterTerrorist,1368.2,831.9949,142.7952,USP,100,0,71.75217,0,0,False,False,False,254.8828,4.921875
kRYSTAL,CounterTerrorist,1370.198,833.0402,142.746,USP,100,0,35.82906,42.33476,0,False,False,False,254.8828,4.921875
kRYSTAL,CounterTerrorist,1371.197,835.5263,142.9887,USP,100,0,27.43525,78.45958,0,False,False,False,254.8828,4.921875
kRYSTAL,CounterTerrorist,1372.461,839.3927,143.4282,USP,100,0,35.42527,111.8167,0,False,False,False,254.8828,4.570313
kRYSTAL,CounterTerrorist,1374.004,844.4227,144.0806,USP,100,0,42.06199,139.3613,0,False,False,False,254.8828,4.570313
kRYSTAL,CounterTerrorist,1375.779,850.4132,144.859,USP,100,0,47.56627,162.1084,0,False,False,False,254.8828,4.570313
kRYSTAL,CounterTerrorist,1377.746,857.1971,145.7414,USP,100,0,52.11304,180.8985,0,False,False,False,254.8828,4.570313
kRYSTAL,CounterTerrorist,1379.872,864.6365,146.7097,USP,100,0,55.86888,196.4199,0,False,False,False,254.8828,4.570313
kRYSTAL,CounterTerrorist,1382.131,872.6168,147.5877,USP,100,0,59.18269,209.1823,0,False,False,False,253.8281,4.570313
kRYSTAL,CounterTerrorist,1384.65,880.9568,147.5934,USP,100,0,73.26675,212.0366,0,False,False,False,253.4766,4.921875
kRYSTAL,CounterTerrorist,1387.935,889.1509,147.5701,USP,100,0,84.51363,213.344,0,False,False,False,254.8828,5.625
kRYSTAL,CounterTerrorist,1391.177,897.726,147.7373,USP,100,0,81.99278,223.3914,0,False,False,False,255.5859,6.328125
kRYSTAL,CounterTerrorist,1394.187,906.5835,147.9621,USP,100,0,67.34475,228.5517,0,False,False,False,253.8281,6.679688
kRYSTAL,CounterTerrorist,1395.937,915.5348,148.3886,USP,100,0,27.27559,225.3119,0,False,False,False,253.4766,6.679688
kRYSTAL,CounterTerrorist,1395.764,923.7213,149.0809,USP,100,0,-24.24323,199.7043,0,False,False,False,253.8281,7.03125
kRYSTAL,CounterTerrorist,1393.794,931.0126,150.094,USP,100,0,-66.8153,178.4989,0,False,False,False,253.8281,7.03125
kRYSTAL,CounterTerrorist,1390.418,937.5414,151.2834,USP,100,0,-91.89523,158.0647,0,False,False,False,253.8281,7.03125
kRYSTAL,CounterTerrorist,1386.993,942.2958,152.3185,USP,100,0,-86.90756,92.42644,0,False,False,False,253.8281,7.03125
kRYSTAL,CounterTerrorist,1383.638,944.395,153.0982,USP,100,0,-85.27565,29.54523,0,False,False,False,253.8281,7.03125
kRYSTAL,CounterTerrorist,1380.638,944.3168,153.616,USP,100,0,-63.46558,-20.77093,0,False,False,False,254.1797,7.03125
kRYSTAL,CounterTerrorist,1379.625,943.3305,153.7029,USP,100,0,-2.045478,-26.84678,0,False,False,False,254.5313,7.03125
kRYSTAL,CounterTerrorist,1380.127,942.4225,153.5318,USP,100,0,21.14933,-21.2895,0,False,False,False,255.2344,7.03125
kRYSTAL,CounterTerrorist,1381.344,941.6317,153.2463,USP,100,0,37.47012,-20.02895,0,False,False,False,255.5859,7.03125
kRYSTAL,CounterTerrorist,1383.157,940.8278,152.8553,USP,100,0,52.29538,-21.13249,0,False,False,False,255.5859,6.679688
kRYSTAL,CounterTerrorist,1385.28,940.0225,152.4099,USP,100,0,50.18937,-18.91036,0,False,False,False,255.5859,6.679688
kRYSTAL,CounterTerrorist,1387.19,939.2557,152.0055,USP,100,0,32.93809,-18.45743,0,False,False,False,255.2344,5.976563
kRYSTAL,CounterTerrorist,1387.714,938.3575,151.8315,USP,100,0,1.070567,-24.03859,0,False,False,False,256.2891,5.625
kRYSTAL,CounterTerrorist,1387.402,937.2723,151.7865,USP,100,0,-9.709572,-32.95163,0,False,False,False,256.2891,5.625
kRYSTAL,CounterTerrorist,1387.02,935.9131,151.7287,USP,100,0,-8.526872,-30.48413,0,False,False,False,256.2891,5.625
kRYSTAL,CounterTerrorist,1386.776,935.0397,151.6914,USP,100,0,-4.73878,-16.94145,0,False,False,False,256.2891,5.625
kRYSTAL,CounterTerrorist,1386.562,934.7175,151.6992,USP,100,0,-10.42085,-1.898781,0,False,False,False,256.2891,5.625
kRYSTAL,CounterTerrorist,1385.834,934.805,151.8347,USP,100,0,-24.1193,4.248657,0,False,False,False,256.2891,5.625
kRYSTAL,CounterTerrorist,1384.697,935.0341,152.0547,USP,100,0,-26.90799,5.542669,0,False,False,False,256.2891,5.625
kRYSTAL,CounterTerrorist,1384.08,935.746,152.228,USP,100,0,-9.577506,25.08744,0,False,False,False,256.2891,5.625
kRYSTAL,CounterTerrorist,1383.939,937.0557,152.3726,USP,100,0,-0.3288834,39.00644,0,False,False,False,256.2891,5.625
kRYSTAL,CounterTerrorist,1384.198,939.447,152.5465,USP,100,0,10.93937,76.04178,0,False,False,False,256.2891,5.625
kRYSTAL,CounterTerrorist,1384.855,943.2372,152.779,USP,100,0,20.51334,110.1499,0,False,False,False,256.2891,5.625
kRYSTAL,CounterTerrorist,1385.85,948.2162,153.0613,USP,100,0,28.58879,138.2839,0,False,False,False,256.2891,5.625
kRYSTAL,CounterTerrorist,1387.128,954.1763,153.3841,USP,100,0,35.28194,161.5184,0,False,False,False,256.2891,5.976563
kRYSTAL,CounterTerrorist,1388.64,960.9466,153.7401,USP,100,0,40.85073,180.7012,0,False,False,False,255.9375,5.976563
kRYSTAL,CounterTerrorist,1389.99,966.8507,154.0449,USP,100,0,44.53975,193.6301,0,False,False,False,256.2891,5.976563
kRYSTAL,CounterTerrorist,1392.699,973.4293,154.1705,USP,100,0,85.0405,154.6285,0,False,False,False,271.0547,5.976563
kRYSTAL,CounterTerrorist,1396.761,979.1835,153.6986,USP,100,0,113.9498,147.0651,0,False,False,False,309.375,5.976563
kRYSTAL,CounterTerrorist,1401.342,985.2943,152.8969,USP,100,0,115.1243,164.4147,0,False,False,False,348.75,5.976563
kRYSTAL,CounterTerrorist,1406.052,991.9658,152.0726,USP,100,0,123.4933,175.1692,0,False,False,False,14.0625,5.976563
kRYSTAL,CounterTerrorist,1411.28,998.7083,151.1577,Knife,100,0,143.6734,168.1431,0,False,False,False,24.25781,5.976563
kRYSTAL,CounterTerrorist,1417.4,1005.083,150.6956,Knife,100,0,164.7551,160.1394,0,False,False,False,24.96094,6.328125
kRYSTAL,CounterTerrorist,1423.876,1011.56,150.4275,Knife,100,0,161.3798,173.6164,0,False,False,False,24.96094,7.03125
kRYSTAL,CounterTerrorist,1429.919,1018.763,150.2451,Knife,100,0,150.5536,191.1306,0,False,False,False,24.96094,7.03125
kRYSTAL,CounterTerrorist,1435.868,1026.319,150.383,Knife,100,0,159.4771,189.2999,0,False,False,False,24.96094,7.03125
kRYSTAL,CounterTerrorist,1442.524,1033.428,150.6331,Knife,100,0,176.6673,176.8861,0,False,False,False,24.96094,7.03125
kRYSTAL,CounterTerrorist,1449.684,1040.068,150.8443,Knife,100,0,185.0621,168.0834,0,False,False,False,24.96094,7.03125
kRYSTAL,CounterTerrorist,1456.782,1046.582,151.1503,Knife,100,0,182.4061,149.0391,0,False,False,False,22.5,7.03125
kRYSTAL,CounterTerrorist,1463.598,1050.648,151.2708,Knife,100,0,169.3988,75.95792,0,False,False,False,21.09375,7.382813
kRYSTAL,CounterTerrorist,1469.507,1053.298,151.7104,Knife,100,0,139.9311,62.74466,0,False,False,False,17.22656,8.085938
kRYSTAL,CounterTerrorist,1474.395,1055.401,152.6105,Knife,100,0,116.4493,40.92627,0,False,False,False,4.570313,8.085938
kRYSTAL,CounterTerrorist,1478.36,1055.619,152.9017,Knife,100,0,89.36793,-16.14929,0,False,False,False,343.125,8.085938
kRYSTAL,CounterTerrorist,1480.861,1054.016,153.2335,Knife,100,0,45.10041,-54.5122,0,False,False,False,314.2969,8.085938
kRYSTAL,CounterTerrorist,1481.29,1050.97,153.7016,USP,100,0,-15.92743,-67.90343,0,False,False,False,286.5234,8.085938
kRYSTAL,CounterTerrorist,1479.591,1048.407,153.6394,USP,100,0,-60.21631,-65.70186,0,False,False,False,270.7031,8.085938
kRYSTAL,CounterTerrorist,1476.638,1045.314,153.11,USP,100,0,-85.85117,-86.90278,0,False,False,False,264.375,7.734375
kRYSTAL,CounterTerrorist,1472.707,1041.581,152.4021,USP,100,0,-110.2209,-100.5312,0,False,False,False,259.4531,7.03125
kRYSTAL,CounterTerrorist,1467.873,1037.449,151.528,USP,100,0,-132.494,-108.607,0,False,False,False,254.8828,5.625
kRYSTAL,CounterTerrorist,1462.491,1032.876,150.5545,USP,100,0,-135.4359,-127.1645,0,False,False,False,250.3125,4.570313
kRYSTAL,CounterTerrorist,1457.355,1027.344,150.0089,USP,100,0,-129.0705,-150.6148,0,False,False,False,249.2578,4.21875
kRYSTAL,CounterTerrorist,1452.438,1020.996,149.8331,USP,100,0,-123.898,-169.9538,0,False,False,False,249.2578,4.21875
kRYSTAL,CounterTerrorist,1447.701,1013.973,149.6709,USP,100,0,-119.6252,-185.9286,0,False,False,False,249.2578,4.21875
kRYSTAL,CounterTerrorist,1443.113,1006.393,149.5073,USP,100,0,-116.0957,-199.1246,0,False,False,False,249.2578,4.21875
kRYSTAL,CounterTerrorist,1438.648,998.3529,149.3026,USP,100,0,-113.1802,-210.0251,0,False,False,False,249.2578,4.21875
kRYSTAL,CounterTerrorist,1434.335,990.0293,149.105,USP,100,0,-108.2885,-214.1812,0,False,False,False,249.2578,4.21875
kRYSTAL,CounterTerrorist,1430.21,981.6105,148.9159,USP,100,0,-103.9263,-216.3315,0,False,False,False,249.2578,4.21875
kRYSTAL,CounterTerrorist,1427.019,974.8234,148.7141,USP,100,0,-101.1134,-217.6604,0,False,False,False,249.2578,4.21875
kRYSTAL,CounterTerrorist,1423.141,966.2881,148.1919,USP,100,0,-98.10516,-219.0328,0,False,False,False,249.6094,4.21875
kRYSTAL,CounterTerrorist,1419.375,957.7029,148.064,USP,100,0,-95.25035,-220.2893,0,False,False,False,250.3125,4.21875
kRYSTAL,CounterTerrorist,1415.727,949.0668,147.9456,USP,100,0,-92.13245,-221.6114,0,False,False,False,251.3672,4.21875
kRYSTAL,CounterTerrorist,1412.196,940.382,147.8145,USP,100,0,-89.29113,-222.7714,0,False,False,False,251.3672,4.21875
kRYSTAL,CounterTerrorist,1408.766,931.6572,147.6647,USP,100,0,-86.84106,-223.7379,0,False,False,False,251.7188,4.21875
kRYSTAL,CounterTerrorist,1405.429,922.8961,147.4977,USP,100,0,-84.49833,-224.6331,0,False,False,False,252.0703,4.21875
kRYSTAL,CounterTerrorist,1402.178,914.103,147.315,USP,100,0,-82.44409,-225.3951,0,False,False,False,252.4219,4.21875
kRYSTAL,CounterTerrorist,1398.998,905.2838,147.1193,USP,100,0,-80.76462,-226.0024,0,False,False,False,252.4219,4.21875
kRYSTAL,CounterTerrorist,1395.874,896.4446,146.9135,USP,100,0,-79.51396,-226.4454,0,False,False,False,252.0703,4.21875
kRYSTAL,CounterTerrorist,1392.793,887.5905,146.6999,USP,100,0,-78.47919,-226.8061,0,False,False,False,252.0703,4.21875
kRYSTAL,CounterTerrorist,1389.747,878.724,146.702,USP,100,0,-77.64095,-227.0945,0,False,False,False,252.0703,4.21875
kRYSTAL,CounterTerrorist,1386.756,869.9132,146.7386,USP,100,0,-74.02993,-218.8163,0,False,False,False,252.7734,4.21875
kRYSTAL,CounterTerrorist,1384.174,862.2806,146.2994,USP,100,0,-61.15205,-180.7521,0,False,False,False,246.4453,5.273438
kRYSTAL,CounterTerrorist,1381.551,855.3623,145.4124,USP,100,0,-76.89455,-178.5469,0,False,False,False,218.3203,5.273438
kRYSTAL,CounterTerrorist,1378.11,848.2783,144.5199,USP,100,0,-93.30811,-185.0273,0,False,False,False,186.6797,5.273438
kRYSTAL,CounterTerrorist,1374.205,840.8975,143.5966,USP,100,0,-98.76297,-193.774,0,False,False,False,171.5625,5.273438
kRYSTAL,CounterTerrorist,1370.494,832.999,142.712,USP,100,0,-93.5945,-207.2272,0,False,False,False,162.4219,5.273438
kRYSTAL,CounterTerrorist,1367.081,825.287,141.9894,USP,100,0,-74.93322,-172.311,0,False,False,False,150.8203,6.679688
kRYSTAL,CounterTerrorist,1365.164,820.2136,141.4825,USP,100,0,-31.4392,-104.5062,0,False,False,False,135.3516,6.679688
kRYSTAL,CounterTerrorist,1365.173,816.8829,141.0283,USP,100,0,22.4618,-50.5606,0,False,False,False,117.0703,6.679688
kRYSTAL,CounterTerrorist,1366.982,815.6432,140.6863,USP,100,0,61.29131,-20.92893,0,False,False,False,110.7422,6.679688
kRYSTAL,CounterTerrorist,1370.027,815.5381,140.3801,USP,100,0,83.53201,14.38784,0,False,False,False,108.2813,6.679688
kRYSTAL,CounterTerrorist,1373.488,817.0751,140.3691,USP,100,0,91.87164,54.88821,0,False,False,False,106.5234,6.328125
kRYSTAL,CounterTerrorist,1377.248,820.0203,140.6916,USP,100,0,98.99466,88.21893,0,False,False,False,106.5234,6.328125
kRYSTAL,CounterTerrorist,1381.194,824.1344,141.1694,USP,100,0,96.88364,116.5661,0,False,False,False,106.5234,6.328125
kRYSTAL,CounterTerrorist,1384.237,829.3217,141.8121,USP,100,0,66.03922,142.9436,0,False,False,False,106.875,6.679688
kRYSTAL,CounterTerrorist,1386.207,835.4299,142.6024,USP,100,0,40.67984,164.7682,0,False,False,False,106.5234,6.679688
kRYSTAL,CounterTerrorist,1387.298,842.3008,143.5149,USP,100,0,20.06946,182.8946,0,False,False,False,105.8203,6.679688
kRYSTAL,CounterTerrorist,1387.696,849.8114,144.5289,USP,100,0,4.237882,198.1946,0,False,False,False,103.7109,6.679688
kRYSTAL,CounterTerrorist,1387.629,857.8661,145.6266,USP,100,0,-1.8569,211.1341,0,False,False,False,100.8984,6.679688
kRYSTAL,CounterTerrorist,1388.267,866.1668,146.3373,USP,100,0,28.32825,212.8519,0,False,False,False,94.5703,6.679688
kRYSTAL,CounterTerrorist,1389.634,872.7729,146.4246,USP,100,0,52.87349,210.2259,0,False,False,False,87.1875,6.679688
kRYSTAL,CounterTerrorist,1392.353,880.8839,146.4023,USP,100,0,80.08587,206.0092,0,False,False,False,86.48438,6.679688
kRYSTAL,CounterTerrorist,1396.022,888.847,146.2998,USP,100,0,102.5797,202.5089,0,False,False,False,86.48438,6.679688
kRYSTAL,CounterTerrorist,1399.67,897.0794,146.3777,USP,100,0,87.62686,215.903,0,False,False,False,86.48438,6.679688
kRYSTAL,CounterTerrorist,1402.796,905.7791,146.5724,USP,100,0,75.27515,226.9671,0,False,False,False,86.48438,6.679688
kRYSTAL,CounterTerrorist,1405.462,914.7661,146.8604,USP,100,0,63.69645,231.3931,0,False,False,False,86.48438,6.679688
kRYSTAL,CounterTerrorist,1407.716,923.8653,147.2205,USP,100,0,53.9801,233.8507,0,False,False,False,86.83594,6.679688
kRYSTAL,CounterTerrorist,1409.639,933.0406,147.6378,USP,100,0,46.3024,235.4912,0,False,False,False,86.48438,6.679688
kRYSTAL,CounterTerrorist,1411.294,942.2682,150.3161,USP,100,0,40.68709,236.526,292.6184,False,False,False,87.53906,9.140625
kRYSTAL,CounterTerrorist,1412.883,951.5074,161.1362,USP,100,0,40.68709,236.526,261.3684,False,False,False,83.32031,13.35938
kRYSTAL,CounterTerrorist,1415.277,960.6174,170.7356,USP,100,0,73.03134,231.234,230.1184,False,False,False,79.45313,16.875
kRYSTAL,CounterTerrorist,1418.585,969.5464,179.1143,USP,100,0,91.70113,226.799,198.8684,False,False,False,74.88281,20.74219
kRYSTAL,CounterTerrorist,1422.596,978.2747,186.2722,USP,100,0,108.592,221.4784,167.6184,False,False,False,71.01563,23.55469
kRYSTAL,CounterTerrorist,1427.017,986.8608,192.2095,USP,100,0,115.3988,218.9787,136.3684,False,False,False,69.25781,24.96094
kRYSTAL,CounterTerrorist,1431.708,995.3416,196.9261,USP,100,0,123.8775,215.5334,105.1184,False,False,False,67.14844,26.01563
kRYSTAL,CounterTerrorist,1436.73,1003.68,200.4219,USP,100,0,130.1743,212.7354,73.86838,False,False,False,65.39063,26.36719
kRYSTAL,CounterTerrorist,1441.846,1011.975,202.6971,USP,100,0,132.0729,211.8553,42.61838,False,False,False,65.03906,26.71875
kRYSTAL,CounterTerrorist,1447.327,1020.086,203.7516,USP,100,0,148.562,203.149,11.36838,False,False,False,60.11719,27.77344
kRYSTAL,CounterTerrorist,1453.925,1027.425,203.5853,USP,100,0,193.1202,167.2312,-19.88162,False,False,False,47.46093,29.17969
kRYSTAL,CounterTerrorist,1462.33,1032.957,202.1984,USP,100,0,233.8242,115.9119,-51.13162,False,False,False,33.04688,29.53125
kRYSTAL,CounterTerrorist,1472.365,1035.325,199.5907,USP,100,0,267.5791,22.34985,-82.38162,False,False,False,11.25,29.88281
kRYSTAL,CounterTerrorist,1482.936,1034.445,195.7624,USP,100,0,270.1759,-48.31125,-113.6316,False,False,False,356.1328,29.88281
kRYSTAL,CounterTerrorist,1493.365,1031.624,190.7133,USP,100,0,265.0594,-83.16235,-144.8816,False,False,False,348.75,29.88281
kRYSTAL,CounterTerrorist,1503.699,1028.281,184.4435,USP,100,0,264.5399,-85.67677,-176.1316,False,False,False,348.75,29.53125
kRYSTAL,CounterTerrorist,1514.033,1024.935,176.9531,USP,100,0,264.5399,-85.67677,-207.3816,False,False,False,349.8047,28.82813
kRYSTAL,CounterTerrorist,1524.367,1021.588,168.2419,USP,100,0,264.5399,-85.67677,-238.6316,False,False,False,351.9141,27.07031
kRYSTAL,CounterTerrorist,1533.988,1018.472,159.9772,USP,100,0,173.3388,-56.13938,0,False,False,False,352.9688,26.01563
kRYSTAL,CounterTerrorist,1541.047,1016.429,160.2804,USP,100,0,185.5876,-49.73856,0,False,False,False,354.7266,24.25781
kRYSTAL,CounterTerrorist,1548.62,1016.001,160.3395,USP,100,0,200.0827,-1.914068,0,False,False,False,356.4844,22.14844
kRYSTAL,CounterTerrorist,1556.753,1015.972,160.2146,USP,100,0,212.7887,-1.799092,0,False,False,False,356.4844,20.74219
kRYSTAL,CounterTerrorist,1565.315,1015.847,159.9924,USP,100,0,223.4847,-4.048286,0,False,False,False,357.1875,18.63281
kRYSTAL,CounterTerrorist,1574.28,1015.651,159.7742,USP,100,0,233.2722,-5.295276,0,False,False,False,358.9453,16.875
kRYSTAL,CounterTerrorist,1585.444,1015.683,159.4729,USP,100,0,239.7962,9.889164,0,False,False,False,31.64063,16.52344
kRYSTAL,CounterTerrorist,1594.722,1016.35,159.1247,USP,100,0,238.8152,11.44712,0,False,False,False,78.39844,16.52344
kRYSTAL,CounterTerrorist,1604.053,1017.09,158.7642,USP,100,0,236.8734,29.87111,0,False,False,False,137.8125,16.52344
kRYSTAL,CounterTerrorist,1612.767,1019.195,158.212,USP,100,0,210.4667,70.30934,0,False,False,False,174.7266,13.00781
kRYSTAL,CounterTerrorist,1620.062,1022.817,157.4665,USP,100,0,171.1871,106.6829,0,False,False,False,184.5703,10.54688
kRYSTAL,CounterTerrorist,1625.943,1027.705,156.5656,USP,100,0,137.6193,136.6847,0,False,False,False,184.5703,10.54688
kRYSTAL,CounterTerrorist,1630.652,1033.64,155.5363,USP,100,0,109.8908,161.4675,0,False,False,False,184.5703,10.54688
kRYSTAL,CounterTerrorist,1634.395,1040.439,154.4011,USP,100,0,87.07259,181.9458,0,False,False,False,184.2188,10.19531
kRYSTAL,CounterTerrorist,1637.346,1047.953,153.2007,USP,100,0,68.32436,198.8695,0,False,False,False,184.2188,10.19531
kRYSTAL,CounterTerrorist,1639.868,1056.002,151.935,USP,100,0,69.16435,208.7679,0,False,False,False,191.25,8.789063
kRYSTAL,CounterTerrorist,1643.113,1063.991,150.6579,USP,100,0,96.18974,195.9338,0,False,False,False,196.1719,7.734375
kRYSTAL,CounterTerrorist,1647.578,1071.196,149.4629,USP,100,0,125.4515,177.8346,0,False,False,False,201.0938,5.976563
kRYSTAL,CounterTerrorist,1653.027,1077.865,148.7546,USP,100,0,148.0592,166.8254,0,False,False,False,206.0156,4.921875
kRYSTAL,CounterTerrorist,1658.862,1084.561,148.0936,USP,100,0,145.1161,178.2692,0,False,False,False,207.4219,4.570313
kRYSTAL,CounterTerrorist,1664.277,1091.896,147.422,USP,100,0,134.5263,193.7092,0,False,False,False,207.4219,4.21875
kRYSTAL,CounterTerrorist,1670.008,1099.193,147.0189,USP,100,0,154.3288,182.503,0,False,False,False,207.4219,4.21875
kRYSTAL,CounterTerrorist,1675.073,1104.721,146.7023,USP,100,0,166.0736,173.2616,0,False,False,False,207.4219,4.21875
kRYSTAL,CounterTerrorist,1681.999,1110.534,146.3443,USP,100,0,184.0531,131.332,0,False,False,False,207.4219,4.21875
kRYSTAL,CounterTerrorist,1689.533,1114.755,146.1407,USP,100,0,198.3553,93.42251,0,False,False,False,206.7188,4.570313
kRYSTAL,CounterTerrorist,1697.565,1117.648,146.2864,USP,100,0,210.1502,62.04895,0,False,False,False,207.4219,3.867188
kRYSTAL,CounterTerrorist,1706.024,1119.506,146.3137,USP,100,0,220.7845,39.30063,0,False,False,False,213.3984,3.515625
kRYSTAL,CounterTerrorist,1714.888,1120.757,146.3137,USP,100,0,230.8568,29.17652,0,False,False,False,226.7578,3.515625
kRYSTAL,CounterTerrorist,1724.081,1122.003,146.3468,USP,100,0,237.2599,36.16262,0,False,False,False,247.8516,3.515625
kRYSTAL,CounterTerrorist,1733.4,1123.012,146.3632,USP,100,0,239.0612,21.20709,0,False,False,False,266.4844,3.515625
kRYSTAL,CounterTerrorist,1742.735,1123.878,146.3558,USP,100,0,238.6757,25.17765,0,False,False,False,287.5781,3.515625
kRYSTAL,CounterTerrorist,1752.069,1124.736,146.3497,USP,100,0,239.5052,15.4029,0,False,False,False,302.6953,3.515625
kRYSTAL,CounterTerrorist,1761.436,1125.116,146.2976,USP,100,0,239.8886,7.311248,0,False,False,False,311.8359,3.515625
kRYSTAL,CounterTerrorist,1770.808,1125.363,146.2329,USP,100,0,239.9185,6.253464,0,False,False,False,317.1094,3.515625
kRYSTAL,CounterTerrorist,1780.178,1125.657,146.1726,USP,100,0,239.8412,8.730133,0,False,False,False,321.3281,3.515625
kRYSTAL,CounterTerrorist,1789.477,1125.255,146.0477,USP,100,0,237.1674,-21.89309,0,False,False,False,324.8438,4.21875
kRYSTAL,CounterTerrorist,1798.711,1123.829,145.8274,USP,100,0,235.6583,-45.44393,0,False,False,False,326.25,4.21875
kRYSTAL,CounterTerrorist,1807.818,1121.614,145.5344,USP,100,0,231.4168,-63.61047,0,False,False,False,326.25,4.21875
kRYSTAL,CounterTerrorist,1816.754,1118.782,145.1851,USP,100,0,226.9819,-77.9693,0,False,False,False,326.25,4.21875
kRYSTAL,CounterTerrorist,1825.534,1115.497,144.7948,USP,100,0,224.4991,-84.85368,0,False,False,False,326.25,4.21875
kRYSTAL,CounterTerrorist,1834.5,1112.773,144.4702,USP,100,0,232.3246,-60.21011,0,False,False,False,326.25,4.21875
kRYSTAL,CounterTerrorist,1843.686,1110.915,144.3558,USP,100,0,236.6908,-39.71756,0,False,False,False,325.5469,3.867188
kRYSTAL,CounterTerrorist,1852.988,1109.755,144.282,USP,100,0,238.853,-23.43553,0,False,False,False,325.5469,3.515625
kRYSTAL,CounterTerrorist,1862.343,1109.171,144.5734,USP,100,0,239.8087,-9.579941,0,False,False,False,326.6016,3.515625
kRYSTAL,CounterTerrorist,1871.689,1108.491,144.8668,USP,100,0,238.4427,-27.29592,0,False,False,False,328.0078,3.515625
kRYSTAL,CounterTerrorist,1880.933,1106.945,145.1775,USP,100,0,235.3746,-46.89121,0,False,False,False,330.1172,3.515625
kRYSTAL,CounterTerrorist,1890.053,1104.779,145.499,USP,100,0,232.2591,-60.46253,0,False,False,False,332.9297,3.515625
kRYSTAL,CounterTerrorist,1899.062,1102.186,145.8272,USP,100,0,229.5898,-69.91811,0,False,False,False,333.9844,3.515625
kRYSTAL,CounterTerrorist,1907.979,1099.292,146.1597,USP,100,0,227.4922,-76.46765,0,False,False,False,335.3906,3.515625
kRYSTAL,CounterTerrorist,1916.946,1096.685,146.4871,USP,100,0,231.8472,-54.61321,0,False,False,False,336.7969,3.515625
kRYSTAL,CounterTerrorist,1926.12,1095.214,146.7939,USP,100,0,236.7478,-27.04328,0,False,False,False,336.7969,3.515625
kRYSTAL,CounterTerrorist,1935.448,1094.52,147.0871,USP,100,0,239.1712,-19.92773,0,False,False,False,336.7969,3.515625
kRYSTAL,CounterTerrorist,1946.603,1093.079,147.452,USP,100,0,236.9918,-37.88002,0,False,False,False,336.4453,3.164063
kRYSTAL,CounterTerrorist,1955.809,1091.313,147.7731,USP,100,0,234.7864,-49.75271,0,False,False,False,336.0938,2.8125
kRYSTAL,CounterTerrorist,1964.927,1089.135,148.1006,USP,100,0,232.513,-59.4785,0,False,False,False,336.0938,2.8125
kRYSTAL,CounterTerrorist,1974.117,1087.37,148.4223,USP,100,0,237.2392,-34.286,0,False,False,False,336.0938,2.8125
kRYSTAL,CounterTerrorist,1983.442,1086.411,148.7324,USP,100,0,238.5438,-26.39807,0,False,False,False,336.0938,2.8125
kRYSTAL,CounterTerrorist,1992.713,1085.028,149.0491,USP,100,0,236.472,-40.99966,0,False,False,False,335.3906,3.164063
kRYSTAL,CounterTerrorist,2001.892,1083.126,149.3057,USP,100,0,233.8732,-53.88268,0,False,False,False,332.5781,3.164063
kRYSTAL,CounterTerrorist,2010.946,1080.699,149.3613,USP,100,0,230.9387,-65.32469,0,False,False,False,322.7344,3.164063
kRYSTAL,CounterTerrorist,2020.061,1078.512,149.3963,USP,100,0,234.4973,-51.0983,0,False,False,False,313.9453,3.164063
kRYSTAL,CounterTerrorist,2029.259,1076.701,149.4394,USP,100,0,235.9779,-43.75438,0,False,False,False,310.7813,3.164063
kRYSTAL,CounterTerrorist,2038.499,1075.113,149.419,USP,100,0,236.8437,-38.79528,0,False,False,False,310.4297,3.164063
kRYSTAL,CounterTerrorist,2047.765,1073.687,149.3147,USP,100,0,237.4241,-35.06826,0,False,False,False,310.4297,3.164063
kRYSTAL,CounterTerrorist,2057.049,1072.389,149.2032,USP,100,0,237.8447,-32.09195,0,False,False,False,310.4297,3.164063
kRYSTAL,CounterTerrorist,2066.347,1071.193,149.1655,USP,100,0,238.1567,-29.68802,0,False,False,False,310.4297,3.164063
kRYSTAL,CounterTerrorist,2075.656,1070.081,149.1551,USP,100,0,238.3924,-27.73184,0,False,False,False,310.4297,3.164063
kRYSTAL,CounterTerrorist,2083.109,1069.239,149.1419,USP,100,0,238.5295,-26.52673,0,False,False,False,310.0781,3.164063
kRYSTAL,CounterTerrorist,2092.429,1068.225,149.1216,USP,100,0,238.6261,-25.64381,0,False,False,False,309.7266,3.164063
kRYSTAL,CounterTerrorist,2101.498,1066.428,149.1823,USP,100,0,228.0728,-58.78704,0,False,False,False,309.375,3.164063
kRYSTAL,CounterTerrorist,2110.189,1063.467,149.3636,USP,100,0,218.9439,-86.49957,0,False,False,False,308.6719,3.164063
kRYSTAL,CounterTerrorist,2118.813,1059.965,149.5994,USP,100,0,224.1456,-85.78314,0,False,False,False,307.9688,2.8125
kRYSTAL,CounterTerrorist,2127.662,1056.873,149.7916,USP,100,0,227.9487,-75.09595,0,False,False,False,307.6172,2.8125
kRYSTAL,CounterTerrorist,2136.629,1054.137,149.9469,USP,100,0,230.456,-67.00781,0,False,False,False,306.5625,2.8125
kRYSTAL,CounterTerrorist,2145.671,1051.661,150.0754,USP,100,0,232.0484,-61.26614,0,False,False,False,305.5078,2.8125
kRYSTAL,CounterTerrorist,2154.755,1049.344,150.1876,USP,100,0,232.7537,-58.52964,0,False,False,False,302.3438,2.8125
kRYSTAL,CounterTerrorist,2163.842,1047.039,150.2986,USP,100,0,232.3791,-59.99969,0,False,False,False,296.3672,1.757813
kRYSTAL,CounterTerrorist,2172.407,1043.87,150.7516,USP,100,0,210.3592,-94.63432,0,False,False,False,290.0391,1.054688
kRYSTAL,CounterTerrorist,2180.091,1039.451,151.3285,USP,100,0,187.495,-124.8829,0,False,False,False,284.0625,1.054688
kRYSTAL,CounterTerrorist,2186.847,1033.945,151.8017,USP,100,0,163.0252,-151.1502,0,False,False,False,277.0313,1.054688
kRYSTAL,CounterTerrorist,2192.626,1027.505,152.3551,USP,100,0,137.9308,-173.4422,0,False,False,False,272.1094,1.054688
kRYSTAL,CounterTerrorist,2197.457,1020.285,152.4651,USP,100,0,114.2218,-191.9668,0,False,False,False,268.5938,1.054688
kRYSTAL,CounterTerrorist,2201.383,1012.42,152.3086,USP,100,0,91.58185,-207.1974,0,False,False,False,265.7813,1.054688
kRYSTAL,CounterTerrorist,2204.957,1004.149,152.1595,USP,100,0,97.08655,-212.6728,0,False,False,False,262.6172,1.054688
kRYSTAL,CounterTerrorist,2209.021,995.7869,151.9575,USP,100,0,107.6778,-214.4889,0,False,False,False,258.75,1.40625
kRYSTAL,CounterTerrorist,2213.34,987.4664,151.739,USP,100,0,112.3223,-212.0936,0,False,False,False,258.0469,0.703125
kRYSTAL,CounterTerrorist,2217.017,978.9225,151.5627,USP,100,0,82.76151,-222.8641,0,False,False,False,258.0469,0.703125
kRYSTAL,CounterTerrorist,2219.663,970.0031,151.4541,USP,100,0,58.34296,-231.761,0,False,False,False,258.0469,0.703125
kRYSTAL,CounterTerrorist,2221.451,960.8069,151.4017,USP,100,0,37.80075,-237.0044,0,False,False,False,258.0469,0.703125
kRYSTAL,CounterTerrorist,2223.278,951.6143,151.3469,USP,100,0,54.39233,-233.7552,0,False,False,False,258.0469,0.703125
kRYSTAL,CounterTerrorist,2225.77,942.5781,151.2489,USP,100,0,69.28737,-229.7809,0,False,False,False,255.5859,359.6484
kRYSTAL,CounterTerrorist,2228.724,933.6815,151.1207,USP,100,0,79.40484,-226.4837,0,False,False,False,254.1797,358.9453
kRYSTAL,CounterTerrorist,2232.007,924.9004,150.9709,USP,100,0,86.80968,-223.75,0,False,False,False,253.4766,358.2422
kRYSTAL,CounterTerrorist,2235.522,916.2096,150.8058,USP,100,0,91.7682,-221.7625,0,False,False,False,252.0703,357.8906
kRYSTAL,CounterTerrorist,2238.617,907.4356,150.6678,USP,100,0,66.3285,-227.5783,0,False,False,False,250.3125,358.2422
kRYSTAL,CounterTerrorist,2240.516,898.4026,150.6074,USP,100,0,37.33618,-233.4605,0,False,False,False,248.2031,359.6484
kRYSTAL,CounterTerrorist,2241.377,889.1746,150.6025,USP,100,0,12.3512,-237.9089,0,False,False,False,247.1484,0.703125
kRYSTAL,CounterTerrorist,2241.835,879.8218,150.643,USP,100,0,17.33644,-239.373,0,False,False,False,245.0391,1.757813
kRYSTAL,CounterTerrorist,2242.817,870.4994,150.643,USP,100,0,29.92594,-238.1269,0,False,False,False,244.3359,1.40625
kRYSTAL,CounterTerrorist,2244.22,861.2306,150.6187,USP,100,0,39.52919,-236.7223,0,False,False,False,243.6328,1.40625
kRYSTAL,CounterTerrorist,2245.941,852.0151,150.5708,USP,100,0,46.82656,-235.3875,0,False,False,False,243.2813,1.054688
kRYSTAL,CounterTerrorist,2247.908,842.849,150.5069,USP,100,0,52.45934,-234.1965,0,False,False,False,242.9297,1.054688
kRYSTAL,CounterTerrorist,2249.479,833.6664,150.4681,USP,100,0,27.59764,-236.101,0,False,False,False,242.5781,1.054688
kRYSTAL,CounterTerrorist,2249.904,824.3913,150.4905,USP,100,0,0.3951879,-238.2802,0,False,False,False,242.5781,1.054688
kRYSTAL,CounterTerrorist,2249.67,815.0361,150.5793,USP,100,0,-2.009267,-239.9916,0,False,False,False,242.5781,1.054688
kRYSTAL,CounterTerrorist,2249.951,805.6666,150.6176,USP,100,0,12.87591,-239.6544,0,False,False,False,242.5781,1.054688
kRYSTAL,CounterTerrorist,2250.741,796.3259,150.6868,USP,100,0,24.76122,-238.7193,0,False,False,False,242.2266,1.054688
kRYSTAL,CounterTerrorist,2251.934,787.0276,150.5396,USP,100,0,34.09592,-237.5657,0,False,False,False,242.2266,1.054688
kRYSTAL,CounterTerrorist,2253.443,777.7752,150.4411,USP,100,0,41.39941,-236.4024,0,False,False,False,241.875,1.054688
kRYSTAL,CounterTerrorist,2255.186,768.5638,150.3204,USP,100,0,46.41044,-235.4699,0,False,False,False,240.8203,1.054688
kRYSTAL,CounterTerrorist,2257.077,759.3816,149.9559,USP,100,0,49.59354,-234.8201,0,False,False,False,240.1172,0.703125
kRYSTAL,CounterTerrorist,2259.065,750.2197,149.5706,USP,100,0,51.51807,-234.4054,0,False,False,False,239.0625,0.703125
kRYSTAL,CounterTerrorist,2260.735,741.0643,149.2066,USP,100,0,29.53312,-234.3479,0,False,False,False,236.25,0.703125
kRYSTAL,CounterTerrorist,2261.102,731.9255,149.0621,USP,100,0,-3.337492,-233.6218,0,False,False,False,234.8437,0.3515625
kRYSTAL,CounterTerrorist,2260.343,722.8072,149.0821,USP,100,0,-26.57848,-234.495,0,False,False,False,234.1406,0
kRYSTAL,CounterTerrorist,2259.592,713.4969,149.1264,USP,100,0,-14.66551,-239.5515,0,False,False,False,233.0859,359.2969
kRYSTAL,CounterTerrorist,2259.24,704.129,149.1065,USP,100,0,-5.678876,-239.9328,0,False,False,False,231.6797,358.5938
kRYSTAL,CounterTerrorist,2259.188,692.8796,149.0314,USP,100,0,1.780102,-239.9934,0,False,False,False,230.9766,358.2422
kRYSTAL,CounterTerrorist,2259.364,683.5064,148.9398,USP,100,0,6.124401,-239.9218,0,False,False,False,230.625,358.2422
kRYSTAL,CounterTerrorist,2259.43,676.0309,148.8765,USP,100,0,-6.246085,-238.0947,0,False,False,False,230.2734,358.9453
kRYSTAL,CounterTerrorist,2258.416,664.9076,148.9205,USP,100,0,-22.34921,-238.9571,0,False,False,False,230.625,359.2969
kRYSTAL,CounterTerrorist,2257.771,655.5554,148.9374,USP,100,0,-12.8865,-239.6538,0,False,False,False,230.9766,359.6484
kRYSTAL,CounterTerrorist,2257.452,646.1862,148.9214,USP,100,0,-5.236958,-239.9429,0,False,False,False,230.9766,0
kRYSTAL,CounterTerrorist,2257.383,638.6866,148.8759,USP,100,0,-0.604972,-239.9992,0,False,False,False,229.9219,0.703125
kRYSTAL,CounterTerrorist,2257.458,629.312,148.7977,USP,100,0,3.399052,-239.9759,0,False,False,False,229.9219,0.703125
kRYSTAL,CounterTerrorist,2257.665,619.9393,148.7019,USP,100,0,6.446326,-239.9134,0,False,False,False,229.5703,1.054688
kRYSTAL,CounterTerrorist,2257.963,610.569,148.5942,USP,100,0,8.284405,-239.857,0,False,False,False,228.8672,1.054688
kRYSTAL,CounterTerrorist,2258.318,601.2007,148.4789,USP,100,0,9.576833,-239.8089,0,False,False,False,228.5156,1.054688
kRYSTAL,CounterTerrorist,2258.711,591.834,148.3585,USP,100,0,10.30993,-239.7784,0,False,False,False,227.8125,1.054688
kRYSTAL,CounterTerrorist,2259.118,582.4678,148.2363,USP,100,0,10.42987,-239.7733,0,False,False,False,227.4609,1.054688
kRYSTAL,CounterTerrorist,2259.519,573.1014,148.1149,USP,100,0,10.07422,-239.7885,0,False,False,False,226.7578,1.054688
kRYSTAL,CounterTerrorist,2259.888,563.7337,147.9978,USP,100,0,8.951219,-239.833,0,False,False,False,225.3516,1.054688
kRYSTAL,CounterTerrorist,2260.207,554.3641,147.4484,USP,100,0,7.61998,-239.879,0,False,False,False,225.3516,1.054688
kRYSTAL,CounterTerrorist,2261.027,545.1078,146.551,USP,100,0,34.10616,-234.2088,0,False,False,False,223.9453,1.054688
kRYSTAL,CounterTerrorist,2262.302,535.838,145.5923,USP,100,0,29.31447,-238.203,0,False,False,False,223.2422,1.054688
kRYSTAL,CounterTerrorist,2263.264,526.5128,144.6703,USP,100,0,21.56014,-239.0296,0,False,False,False,222.1875,1.054688
kRYSTAL,CounterTerrorist,2263.936,517.1621,143.7847,USP,100,0,14.44629,-239.5648,0,False,False,False,221.4844,1.054688
kRYSTAL,CounterTerrorist,2264.383,507.7979,142.9277,USP,100,0,10.10674,-239.7871,0,False,False,False,224.6484,1.054688
kRYSTAL,CounterTerrorist,2264.761,498.4305,142.0795,USP,100,0,9.592064,-239.8082,0,False,False,False,227.1094,1.054688
kRYSTAL,CounterTerrorist,2265.135,489.063,141.232,USP,100,0,9.517432,-239.8112,0,False,False,False,227.1094,1.054688
kRYSTAL,CounterTerrorist,2265.443,479.7055,140.394,USP,100,0,1.805239,-238.4931,0,False,False,False,226.7578,0.703125
kRYSTAL,CounterTerrorist,2264.707,470.5306,139.71,USP,100,0,-31.73549,-232.6207,0,False,False,False,227.1094,0.703125
kRYSTAL,CounterTerrorist,2262.664,461.8192,139.2386,USP,100,0,-68.44811,-209.781,0,False,False,False,227.1094,0.703125
kRYSTAL,CounterTerrorist,2259.189,454.2738,139.0565,USP,100,0,-98.16699,-190.2031,0,False,False,False,229.2188,0.3515625
kRYSTAL,CounterTerrorist,2255.027,446.7313,138.9658,USP,100,0,-111.3029,-195.2986,0,False,False,False,233.789,359.6484
kRYSTAL,CounterTerrorist,2250.512,438.9341,138.9143,USP,100,0,-117.6736,-202.6591,0,False,False,False,240.1172,358.5938
kRYSTAL,CounterTerrorist,2245.856,430.8594,138.8813,USP,100,0,-119.2196,-208.2947,0,False,False,False,242.9297,357.1875
kRYSTAL,CounterTerrorist,2241.145,422.7641,138.85,USP,100,0,-126.7557,-202.7103,0,False,False,False,243.9844,356.8359
kRYSTAL,CounterTerrorist,2235.905,415.0366,138.9239,USP,100,0,-130.2189,-201.2157,0,False,False,False,243.9844,356.8359
kRYSTAL,CounterTerrorist,2231.745,406.9116,138.738,USP,100,0,-91.63669,-212.242,0,False,False,False,243.9844,356.8359
kRYSTAL,CounterTerrorist,2228.933,398.4025,138.1367,USP,100,0,-59.64322,-221.3074,0,False,False,False,244.3359,355.7813
kRYSTAL,CounterTerrorist,2227.254,389.5833,137.3965,USP,100,0,-32.42377,-228.5109,0,False,False,False,245.7422,352.9688
kRYSTAL,CounterTerrorist,2226.811,380.7761,136.5405,USP,100,0,7.637367,-217.9965,0,False,False,False,246.7969,351.2109
kRYSTAL,CounterTerrorist,2228.153,372.712,135.591,USP,100,0,51.10799,-199.1914,0,False,False,False,246.7969,350.5078
kRYSTAL,CounterTerrorist,2231.009,365.297,134.5646,USP,100,0,86.79128,-184.1723,0,False,False,False,245.3906,350.5078
kRYSTAL,CounterTerrorist,2234.886,358.1633,133.47,USP,100,0,100.9171,-187.1089,0,False,False,False,243.2813,349.8047
kRYSTAL,CounterTerrorist,2238.297,350.653,132.4918,USP,100,0,66.12434,-189.4962,0,False,False,False,241.5234,349.4531
kRYSTAL,CounterTerrorist,2239.477,343.7231,132.2427,USP,100,0,7.723639,-169.6803,0,False,False,False,240.1172,349.4531
kRYSTAL,CounterTerrorist,2238.614,337.5094,132.1947,USP,100,0,-40.78869,-152.3064,0,False,False,False,239.0625,349.4531
kRYSTAL,CounterTerrorist,2236.054,331.9172,132.3329,USP,100,0,-80.99608,-137.4248,0,False,False,False,238.711,349.4531
kRYSTAL,CounterTerrorist,2232.12,327.0311,132.6086,USP,100,0,-111.7905,-109.4072,0,False,False,False,238.3594,349.8047
kRYSTAL,CounterTerrorist,2227.224,323.828,133.0089,USP,100,0,-133.8183,-64.83533,0,False,False,False,238.3594,350.5078
kRYSTAL,CounterTerrorist,2221.562,322.1847,133.5125,USP,100,0,-151.889,-27.81459,0,False,False,False,238.0078,350.8594
kRYSTAL,CounterTerrorist,2215.271,321.8341,134.1013,USP,100,0,-166.7961,2.798455,0,False,False,False,238.0078,350.8594
kRYSTAL,CounterTerrorist,2209.138,322.3302,134.6919,USP,71,0,-90.86002,7.867465,0,False,False,False,238.0078,351.5625
kRYSTAL,CounterTerrorist,2205.507,322.3451,136.3662,USP,71,0,-93.92819,-8.642863,0,False,False,False,237.6563,352.6172
kRYSTAL,CounterTerrorist,2201.29,320.7889,139.1779,USP,71,0,-85.77993,-47.54477,0,False,False,False,237.6563,353.6719
kRYSTAL,CounterTerrorist,2198.14,318.4897,141.2778,USP,71,0,-77.7206,-64.81466,0,False,False,False,236.25,355.0781
kRYSTAL,CounterTerrorist,2194.929,316.0718,143.4181,USP,71,0,-88.46383,-55.29778,0,False,False,False,231.6797,357.8906
kRYSTAL,CounterTerrorist,2191.962,314.6153,145.3965,USP,71,0,-98.44695,-41.47007,0,False,False,False,226.4063,0.3515625
kRYSTAL,CounterTerrorist,2187.905,313.3772,148.1011,USP,71,0,-106.8879,-25.76744,0,False,False,False,221.8359,1.757813
kRYSTAL,CounterTerrorist,2183.597,312.683,150.9728,USP,71,0,-112.7672,-8.335728,0,False,False,False,219.7266,2.460938
kRYSTAL,CounterTerrorist,2179.163,313.266,153.6572,USP,71,0,-112.5904,28.73705,0,False,False,False,220.0781,2.109375
kRYSTAL,CounterTerrorist,2174.795,314.7452,156.1531,USP,71,0,-113.6438,36.38018,0,False,False,False,220.7813,2.109375
kRYSTAL,CounterTerrorist,2170.183,315.5323,158.7887,USP,71,0,-116.7987,10.35049,0,False,False,False,220.0781,2.460938
kRYSTAL,CounterTerrorist,2165.621,316.494,160.0313,USP,71,0,-119.5977,38.28115,0,False,False,False,219.7266,3.164063
kRYSTAL,CounterTerrorist,2161.167,318.4165,160.0313,USP,71,0,-107.2767,49.31863,0,False,False,False,219.0234,4.21875
kRYSTAL,CounterTerrorist,2157.425,320.1368,160.0313,USP,71,0,-88.61542,40.7394,0,False,False,False,217.9688,5.273438
kRYSTAL,CounterTerrorist,2154.334,321.5578,160.0313,USP,71,0,-73.20032,33.65257,0,False,False,False,217.9688,5.625
kRYSTAL,CounterTerrorist,2152.295,322.1017,160.0313,USP,71,0,-33.85022,-3.951911,0,False,False,False,217.9688,5.625
kRYSTAL,CounterTerrorist,2151.919,321.2054,160.0313,USP,71,0,-0.1981637,-27.925,0,False,False,False,217.6172,5.625
kRYSTAL,CounterTerrorist,2151.656,320.8061,160.0313,USP,71,0,-15.1934,7.952587,0,False,False,False,217.6172,5.625
kRYSTAL,CounterTerrorist,2150.57,321.8925,160.0313,USP,71,0,-36.65915,40.47005,0,False,False,False,217.6172,5.625
kRYSTAL,CounterTerrorist,2148.605,324.1954,160.0313,USP,71,0,-59.27114,70.99834,0,False,False,False,217.6172,5.625
kRYSTAL,CounterTerrorist,2145.821,327.5974,160.0313,USP,71,0,-78.78018,97.16024,0,False,False,False,217.6172,5.273438
kRYSTAL,CounterTerrorist,2144.138,332.0681,160.0313,USP,71,0,2.812618,126.6439,0,False,False,False,217.2656,5.273438
kRYSTAL,CounterTerrorist,2144.394,337.6456,160.0313,USP,71,0,8.803388,152.8877,0,False,False,False,217.6172,4.570313
kRYSTAL,CounterTerrorist,2144.482,343.9381,160.0313,USP,71,0,-9.458214,162.8007,0,False,False,False,219.0234,3.867188
kRYSTAL,CounterTerrorist,2143.441,350.2898,160.0313,USP,71,0,-37.2641,161.9688,0,False,False,False,220.4297,2.8125
kRYSTAL,CounterTerrorist,2141.448,356.5406,160.0313,USP,71,0,-59.58034,158.4968,0,False,False,False,222.8906,2.109375
kRYSTAL,CounterTerrorist,2138.223,362.2152,160.0313,USP,71,0,-97.3362,134.7556,0,False,False,False,224.2969,2.109375
kRYSTAL,CounterTerrorist,2133.991,366.0969,160.0313,USP,71,0,-115.1763,77.20706,0,False,False,False,224.6484,2.109375
kRYSTAL,CounterTerrorist,2129.145,367.9631,160.0313,USP,71,0,-129.5505,29.30414,0,False,False,False,225.3516,2.460938
kRYSTAL,CounterTerrorist,2123.809,368.1467,160.0313,USP,71,0,-140.9254,-10.75663,0,False,False,False,226.0547,2.460938
kRYSTAL,CounterTerrorist,2118.095,366.9159,160.0313,USP,71,0,-149.4447,-44.67434,0,False,False,False,228.1641,2.8125
kRYSTAL,CounterTerrorist,2112.133,364.4583,160.0313,USP,71,0,-154.2295,-74.63799,0,False,False,False,232.3828,2.8125
kRYSTAL,CounterTerrorist,2106.069,360.9048,160.0313,USP,71,0,-155.4351,-101.4721,0,False,False,False,236.6016,2.109375
kRYSTAL,CounterTerrorist,2100.073,356.4017,160.0313,USP,71,0,-150.5144,-122.9137,0,False,False,False,239.7656,1.40625
kRYSTAL,CounterTerrorist,2094.22,351.4556,160.0313,USP,71,0,-154.4033,-123.0703,0,False,False,False,241.5234,1.054688
kRYSTAL,CounterTerrorist,2087.89,346.9249,160.0313,USP,71,0,-166.4291,-111.946,0,False,False,False,245.0391,0.3515625
kRYSTAL,CounterTerrorist,2081.215,342.6844,160.0313,USP,71,0,-173.1674,-107.2705,0,False,False,False,251.7188,358.5938
kRYSTAL,CounterTerrorist,2074.363,338.4975,160.0313,USP,71,0,-176.7158,-107.4632,0,False,False,False,255.5859,357.8906
kRYSTAL,CounterTerrorist,2067.062,335.0296,160.0313,USP,71,0,-193.2929,-77.22044,0,False,False,False,256.6406,358.2422
kRYSTAL,CounterTerrorist,2059.186,332.5937,160.0313,USP,71,0,-206.3483,-53.1186,0,False,False,False,258.3984,359.6484
kRYSTAL,CounterTerrorist,2049.268,330.7621,160.0313,USP,71,0,-214.7594,-29.8621,0,False,False,False,258.75,1.757813
kRYSTAL,CounterTerrorist,2040.764,329.9619,160.0313,USP,71,0,-219.4584,-14.7078,0,False,False,False,259.1016,3.164063
kRYSTAL,CounterTerrorist,2032.104,329.6781,160.0313,USP,71,0,-223.0598,-2.660325,0,False,False,False,259.1016,3.515625
kRYSTAL,CounterTerrorist,2023.335,329.3055,160.0313,USP,71,0,-225.0916,-20.02654,0,False,False,False,259.1016,3.164063
kRYSTAL,CounterTerrorist,2014.505,328.1297,160.0313,USP,71,0,-227.5469,-28.50775,0,False,False,False,259.8047,2.8125
kRYSTAL,CounterTerrorist,2005.509,327.3457,160.0313,USP,71,0,-231.9717,-14.91611,0,False,False,False,260.5078,2.460938
kRYSTAL,CounterTerrorist,1996.363,327.0156,160.0313,USP,71,0,-235.5329,-4.496192,0,False,False,False,261.2109,2.460938
kRYSTAL,CounterTerrorist,1987.088,327.0363,160.0313,USP,71,0,-238.6738,3.58607,0,False,False,False,261.5625,2.109375
kRYSTAL,CounterTerrorist,1977.723,327.3234,160.0313,USP,71,0,-239.8113,9.515774,0,False,False,False,262.2656,2.109375
kRYSTAL,CounterTerrorist,1968.359,327.7862,160.0313,USP,71,0,-239.637,13.19495,0,False,False,False,263.3203,1.757813
kRYSTAL,CounterTerrorist,1959.004,328.2372,160.0313,USP,71,0,-239.0177,3.875547,0,False,False,False,263.3203,1.757813
kRYSTAL,CounterTerrorist,1949.747,327.6476,160.0313,USP,71,0,-235.675,-26.97215,0,False,False,False,263.3203,1.757813
kRYSTAL,CounterTerrorist,1940.558,326.1594,160.0313,USP,71,0,-237.0812,-37.31622,0,False,False,False,263.3203,1.757813
kRYSTAL,CounterTerrorist,1931.255,325.01,160.0313,USP,71,0,-238.7444,-24.51793,0,False,False,False,263.3203,1.757813
kRYSTAL,CounterTerrorist,1921.908,324.2993,160.0313,USP,71,0,-239.5717,-14.33156,0,False,False,False,263.6719,1.757813
kRYSTAL,CounterTerrorist,1912.541,323.9119,160.0313,USP,71,0,-239.8814,-7.544268,0,False,False,False,266.4844,1.757813
kRYSTAL,CounterTerrorist,1905.08,323.448,160.0313,USP,71,0,-236.9496,-24.27263,0,False,False,False,269.2969,1.757813
kRYSTAL,CounterTerrorist,1895.978,321.7827,160.0313,USP,71,0,-230.5524,-54.10739,0,False,False,False,269.2969,1.40625
kRYSTAL,CounterTerrorist,1886.811,319.9173,160.0313,USP,71,0,-236.0165,-43.54546,0,False,False,False,269.2969,1.40625
kRYSTAL,CounterTerrorist,1877.554,318.4368,160.0313,USP,71,0,-237.533,-34.32312,0,False,False,False,268.9453,1.40625
kRYSTAL,CounterTerrorist,1868.389,316.5394,160.0313,USP,71,0,-232.2873,-59.34962,0,False,False,False,268.2422,1.40625
kRYSTAL,CounterTerrorist,1859.506,313.696,160.0313,USP,71,0,-220.8763,-78.20341,0,True,False,False,271.4063,1.757813
kRYSTAL,CounterTerrorist,1851.524,310.6602,160.0313,USP,71,0,-193.8956,-77.50619,0,True,False,False,274.5703,2.109375
kRYSTAL,CounterTerrorist,1844.757,307.7529,160.0313,USP,71,0,-153.7045,-69.5515,0,True,False,False,275.2734,2.109375
kRYSTAL,CounterTerrorist,1839.975,305.4149,160.0313,USP,71,0,-102.7669,-53.40364,0,True,False,False,275.2734,1.757813
kRYSTAL,CounterTerrorist,1836.788,303.6016,160.0313,USP,71,0,-71.40836,-43.5068,0,True,False,False,275.2734,1.757813
kRYSTAL,CounterTerrorist,1834.137,301.8313,160.0313,USP,71,0,-66.66967,-47.05014,0,False,False,False,275.2734,2.109375
kRYSTAL,CounterTerrorist,1831.592,299.9047,160.0313,USP,71,0,-64.47433,-50.94585,0,False,False,False,275.2734,2.109375
kRYSTAL,CounterTerrorist,1829.079,297.8083,160.0313,USP,71,0,-64.25992,-55.37094,0,False,False,False,275.2734,2.109375
kRYSTAL,CounterTerrorist,1826.573,295.5569,160.0313,USP,71,0,-64.034,-59.06643,0,False,False,False,275.625,2.109375
kRYSTAL,CounterTerrorist,1824.284,293.1136,160.0313,USP,71,0,-53.43602,-65.24963,0,False,False,False,275.9766,2.109375
kRYSTAL,CounterTerrorist,1822.464,290.4254,160.0313,USP,71,0,-42.30574,-71.05179,0,False,False,False,276.3281,2.109375
kRYSTAL,CounterTerrorist,1821.023,287.5366,160.0313,USP,71,0,-34.59808,-75.64189,0,False,False,False,277.3828,2.109375
kRYSTAL,CounterTerrorist,1819.564,284.5688,160.0313,USP,71,0,-39.053,-76.1908,0,False,False,False,277.7344,1.757813
kRYSTAL,CounterTerrorist,1817.952,281.58,160.0313,USP,71,0,-42.60231,-76.74281,0,False,False,False,278.7891,1.40625
kRYSTAL,CounterTerrorist,1816.226,278.565,160.0313,USP,71,0,-45.09801,-77.51408,0,False,False,False,280.8984,1.054688
kRYSTAL,CounterTerrorist,1814.064,274.8967,160.0313,USP,71,0,-46.66054,-78.8382,0,False,False,False,284.0625,0.3515625
kRYSTAL,CounterTerrorist,1811.582,272.9616,160.0313,USP,71,0,-69.85879,-38.72336,0,False,False,False,287.5781,359.6484
kRYSTAL,CounterTerrorist,1808.852,271.4484,160.0313,USP,71,0,-69.79948,-38.69048,0,False,False,False,292.5,359.2969
kRYSTAL,CounterTerrorist,1806.142,269.9463,164.0313,USP,71,0,-68.95969,-38.22498,0,False,False,False,297.7734,359.2969
kRYSTAL,CounterTerrorist,1804.019,268.7695,164.0313,USP,71,0,-67.10058,-37.19446,0,False,False,False,308.3203,359.2969
kRYSTAL,CounterTerrorist,1801.475,267.3594,164.0313,USP,71,0,-65.02007,-36.04122,0,False,False,False,330.1172,359.2969
kRYSTAL,CounterTerrorist,1798.95,265.9595,164.0313,USP,71,0,-63.66422,-35.28965,0,False,False,False,356.8359,359.2969
kRYSTAL,CounterTerrorist,1796.598,264.656,164.0313,USP,71,0,-57.48719,-31.86567,0,False,False,False,10.19531,359.2969
kRYSTAL,CounterTerrorist,1796.007,264.3284,164.0313,USP,71,0,-1.034041,-0.5731783,0,False,False,False,10.54688,359.2969
kRYSTAL,CounterTerrorist,1796.007,264.3284,164.0313,USP,71,0,0,0,0,False,False,False,10.54688,359.2969
kRYSTAL,CounterTerrorist,1796.002,264.4833,164.0313,USP,71,0,0,6.236943,0,False,False,False,10.54688,359.2969
kRYSTAL,CounterTerrorist,1796.002,264.8261,164.0313,USP,71,0,0,10.46922,0,False,False,False,10.19531,359.2969
kRYSTAL,CounterTerrorist,1796.002,265.3343,164.0313,USP,71,0,0,14.70038,0,True,False,False,10.19531,359.2969
kRYSTAL,CounterTerrorist,1796.002,265.8586,164.0313,USP,71,0,0,18.00933,0,True,False,False,12.65625,0
kRYSTAL,CounterTerrorist,1796.002,266.8311,164.0313,USP,71,0,0,22.67705,0,True,False,False,15.82031,1.757813
kRYSTAL,CounterTerrorist,1796.002,267.5999,164.0313,USP,71,0,0,25.75457,0,True,False,False,15.46875,2.109375
kRYSTAL,CounterTerrorist,1796.028,268.6945,164.0313,USP,71,0,2.599287,29.29173,0,True,False,False,14.0625,2.109375
kRYSTAL,CounterTerrorist,1796.704,270.5661,164.0313,USP,71,0,26.58152,60.41586,0,False,False,False,12.65625,2.109375
kRYSTAL,CounterTerrorist,1798.247,273.6535,164.0313,USP,71,0,47.52184,90.9725,0,False,False,False,13.71094,2.109375
kRYSTAL,CounterTerrorist,1800.495,277.8371,164.0313,USP,71,0,63.64025,117.3081,0,False,False,False,15.82031,1.40625
kRYSTAL,CounterTerrorist,1803.44,282.6022,164.0313,USP,71,0,83.64621,110.3573,0,False,False,False,22.14844,359.6484
kRYSTAL,CounterTerrorist,1806.805,285.37,164.0313,USP,71,0,87.05962,45.9113,0,False,False,False,18.63281,358.2422
kRYSTAL,CounterTerrorist,1810.068,285.8265,160.0313,USP,71,0,79.152,-10.04516,0,False,False,False,1.40625,355.4297
kRYSTAL,CounterTerrorist,1812.725,284.3111,160.0313,USP,71,0,60.06958,-56.66874,0,False,False,False,351.2109,340.6641
kRYSTAL,CounterTerrorist,1814.425,281.2859,160.0313,USP,71,0,26.84014,-87.10737,0,False,False,False,357.5391,332.9297
kRYSTAL,CounterTerrorist,1814.52,277.4334,160.0313,USP,71,0,-12.63583,-106.022,0,False,False,False,0.3515625,332.9297
kRYSTAL,CounterTerrorist,1812.855,273.6676,160.0313,USP,71,0,-84.88718,-47.05373,0,False,False,False,8.789063,333.9844
kRYSTAL,CounterTerrorist,1808.131,271.0487,160.0313,USP,71,0,-110.8831,-61.46349,0,False,False,False,16.875,342.0703
kRYSTAL,CounterTerrorist,1804.333,269.1647,164.0313,USP,71,0,-128.9774,-52.8246,0,False,False,False,22.14844,348.0469
kRYSTAL,CounterTerrorist,1797.482,267.4478,164.0313,USP,71,0,-158.0009,-27.731,0,False,False,False,36.21094,354.7266
kRYSTAL,CounterTerrorist,1796.031,266.6618,164.0313,USP,71,0,0,-9.58769,0,False,False,False,48.86719,3.867188
kRYSTAL,CounterTerrorist,1796.031,267.0675,164.0313,USP,71,0,0,19.41504,0,False,False,False,46.40625,10.89844
kRYSTAL,CounterTerrorist,1796.031,268.4354,164.0313,USP,71,0,0,46.35043,0,False,False,False,33.75,19.6875
kRYSTAL,CounterTerrorist,1796.031,270.9722,164.0313,USP,71,0,0,77.58597,0,False,False,False,29.17969,23.20313
kRYSTAL,CounterTerrorist,1795.994,274.7106,164.0313,USP,71,0,-4.76152,107.1634,0,False,False,False,27.07031,21.44531
kRYSTAL,CounterTerrorist,1795.378,279.3492,164.0313,USP,71,0,-16.23586,113.3491,0,False,False,False,27.42188,18.98438
kRYSTAL,CounterTerrorist,1795.367,282.2683,164.0313,USP,71,0,9.775037,50.32796,0,False,False,False,28.82813,16.875
kRYSTAL,CounterTerrorist,1795.985,282.926,164.0313,USP,36,0,24.60512,4.241044,0,False,False,False,28.82813,15.11719
kRYSTAL,CounterTerrorist,1797.592,281.7581,164.0313,USP,36,0,42.58888,-43.08354,0,False,False,False,32.69531,14.0625
kRYSTAL,CounterTerrorist,1799.214,279.8834,164.0313,USP,36,0,57.33689,-69.96031,0,False,False,False,31.99219,16.52344
kRYSTAL,CounterTerrorist,1802.097,276.1226,164.0313,USP,36,0,61.50175,-82.71626,0,False,False,False,30.58594,17.57813
kRYSTAL,CounterTerrorist,1804.016,273.4754,164.0313,USP,36,0,61.48529,-85.82324,0,False,False,False,31.99219,15.46875
