Name,Team,Position.X,Position.Y,Position.Z,ActiveWeapon,HP,Armour,Velocity.X,Velocity.Y,Velocity.Z,IsDucking,HasHelmet,HasDefuseKit,ViewDirectionX,ViewDirectionY,Map = de_inferno
LDLC * SmithZz,CounterTerrorist,2480,2112,126.7755,Knife,100,0,0,0,0,False,False,False,280.1953,35.50781
LDLC * SmithZz,CounterTerrorist,2480,2112,126.7755,Knife,100,0,0,0,0,False,False,False,278.4375,34.80469
LDLC * SmithZz,CounterTerrorist,2480,2112,126.7755,Knife,100,0,0,0,0,False,False,False,207.7734,359.6484
LDLC * SmithZz,CounterTerrorist,2480,2112,126.7755,Knife,100,0,0,0,0,False,False,False,215.8594,358.5938
LDLC * SmithZz,CounterTerrorist,2480,2112,126.7755,Knife,100,0,0,0,0,False,False,False,221.1328,357.5391
LDLC * SmithZz,CounterTerrorist,2480,2112,126.7755,Knife,100,0,0,0,0,False,False,False,223.2422,356.1328
LDLC * SmithZz,CounterTerrorist,2480,2112,126.7755,Knife,100,0,0,0,0,False,False,False,223.2422,356.1328
LDLC * SmithZz,CounterTerrorist,2480,2112,126.7755,Knife,100,0,0,0,0,False,False,False,223.2422,356.8359
LDLC * SmithZz,CounterTerrorist,2480,2112,126.7755,Knife,100,0,0,0,0,False,False,False,221.1328,0.3515625
LDLC * SmithZz,CounterTerrorist,2480,2112,126.7755,Knife,100,0,0,0,0,False,False,False,215.1563,5.273438
LDLC * SmithZz,CounterTerrorist,2480,2112,126.7755,Knife,100,0,0,0,0,False,False,False,204.9609,8.085938
LDLC * SmithZz,CounterTerrorist,2480,2112,126.7755,CZ,100,0,0,0,0,False,False,False,193.0078,9.140625
LDLC * SmithZz,CounterTerrorist,2480,2112,126.7755,CZ,100,0,0,0,0,False,False,False,187.7344,9.492188
LDLC * SmithZz,CounterTerrorist,2480,2112,126.7755,CZ,100,0,0,0,0,False,False,False,187.7344,9.492188
LDLC * SmithZz,CounterTerrorist,2480,2112,126.7755,Knife,100,0,0,0,0,False,False,False,187.7344,9.492188
LDLC * SmithZz,CounterTerrorist,2480,2112,126.7755,Knife,100,0,0,0,0,False,False,False,187.7344,9.492188
LDLC * SmithZz,CounterTerrorist,2480,2112,126.7755,Knife,100,0,0,0,0,False,False,False,187.7344,9.492188
LDLC * SmithZz,CounterTerrorist,2480,2112,126.7755,Knife,100,0,0,0,0,False,False,False,187.7344,9.492188
LDLC * SmithZz,CounterTerrorist,2480,2112,126.7755,CZ,100,0,0,0,0,False,False,False,182.4609,3.867188
LDLC * SmithZz,CounterTerrorist,2480,2112,126.7755,Knife,100,0,0,0,0,False,False,False,168.75,1.054688
LDLC * SmithZz,CounterTerrorist,2480,2112,126.7755,Knife,100,0,0,0,0,False,False,False,148.3594,359.6484
LDLC * SmithZz,CounterTerrorist,2480,2112,126.7755,CZ,100,0,0,0,0,False,False,False,133.5938,0
LDLC * SmithZz,CounterTerrorist,2480,2112,126.7755,CZ,100,0,0,0,0,False,False,False,124.1016,359.2969
LDLC * SmithZz,CounterTerrorist,2480,2112,126.7755,Knife,100,0,0,0,0,False,False,False,122.6953,0
LDLC * SmithZz,CounterTerrorist,2480,2112,126.7755,Knife,100,0,0,0,0,False,False,False,123.0469,2.460938
LDLC * SmithZz,CounterTerrorist,2480,2112,126.7755,Knife,100,0,0,0,0,False,False,False,124.4531,5.976563
LDLC * SmithZz,CounterTerrorist,2480,2112,126.7755,Knife,100,0,0,0,0,False,False,False,126.5625,8.789063
LDLC * SmithZz,CounterTerrorist,2480,2112,126.7755,Knife,100,0,0,0,0,False,False,False,128.6719,11.60156
LDLC * SmithZz,CounterTerrorist,2480,2112,126.7755,Knife,100,0,0,0,0,False,False,False,129.7266,12.65625
LDLC * SmithZz,CounterTerrorist,2480,2112,126.7755,Knife,100,0,0,0,0,False,False,False,129.7266,12.65625
LDLC * SmithZz,CounterTerrorist,2480,2112,126.7755,Knife,100,0,0,0,0,False,False,False,129.7266,12.65625
LDLC * SmithZz,CounterTerrorist,2480,2112,126.7755,Knife,100,0,0,0,0,False,False,False,129.7266,12.65625
LDLC * SmithZz,CounterTerrorist,2480,2112,126.7755,Knife,100,0,0,0,0,False,False,False,129.7266,12.65625
LDLC * SmithZz,CounterTerrorist,2480,2112,126.7755,Knife,100,0,0,0,0,False,False,False,129.7266,12.65625
LDLC * SmithZz,CounterTerrorist,2480,2112,126.7755,Knife,100,0,0,0,0,False,False,False,129.7266,12.65625
LDLC * SmithZz,CounterTerrorist,2480,2112,126.7755,Knife,100,0,0,0,0,False,False,False,129.7266,12.65625
LDLC * SmithZz,CounterTerrorist,2480,2112,126.7755,Knife,100,0,0,0,0,False,False,False,129.7266,12.65625
LDLC * SmithZz,CounterTerrorist,2480,2112,126.7755,Knife,100,0,0,0,0,False,False,False,129.7266,12.65625
LDLC * SmithZz,CounterTerrorist,2480,2112,126.7755,Knife,100,0,0,0,0,False,False,False,129.7266,12.65625
LDLC * SmithZz,CounterTerrorist,2480,2112,126.7755,Knife,100,0,0,0,0,False,False,False,129.7266,12.65625
LDLC * SmithZz,CounterTerrorist,2480,2112,126.7755,Knife,100,0,0,0,0,False,False,False,129.7266,12.65625
LDLC * SmithZz,CounterTerrorist,2480,2112,126.7755,Knife,100,0,0,0,0,False,False,False,129.7266,12.65625
LDLC * SmithZz,CounterTerrorist,2480,2112,126.7755,Knife,100,0,0,0,0,False,False,False,129.7266,12.65625
LDLC * SmithZz,CounterTerrorist,2480,2112,126.7755,Knife,100,0,0,0,0,False,False,False,129.7266,12.65625
LDLC * SmithZz,CounterTerrorist,2480,2112,126.7755,Knife,100,0,0,0,0,False,False,False,129.7266,12.65625
LDLC * SmithZz,CounterTerrorist,2480,2112,126.7755,Knife,100,0,0,0,0,False,False,False,129.7266,12.65625
LDLC * SmithZz,CounterTerrorist,2480,2112,126.7755,Knife,100,0,0,0,0,False,False,False,129.7266,12.65625
LDLC * SmithZz,CounterTerrorist,2480,2112,126.7755,Knife,100,0,0,0,0,False,False,False,129.7266,12.65625
LDLC * SmithZz,CounterTerrorist,2480,2112,126.7755,Knife,100,0,0,0,0,False,False,False,129.7266,12.65625
LDLC * SmithZz,CounterTerrorist,2480,2112,126.7755,Knife,100,0,0,0,0,False,False,False,129.7266,12.65625
LDLC * SmithZz,CounterTerrorist,2480,2112,126.7755,Knife,100,0,0,0,0,False,False,False,129.7266,12.65625
LDLC * SmithZz,CounterTerrorist,2480,2112,126.7755,Knife,100,0,0,0,0,False,False,False,129.7266,12.65625
LDLC * SmithZz,CounterTerrorist,2480,2112,126.7755,Knife,100,0,0,0,0,False,False,False,129.7266,12.65625
LDLC * SmithZz,CounterTerrorist,2480,2112,126.7755,Knife,100,0,0,0,0,False,False,False,129.7266,12.65625
LDLC * SmithZz,CounterTerrorist,2480,2112,126.7755,Knife,100,0,0,0,0,False,False,False,129.7266,12.65625
LDLC * SmithZz,CounterTerrorist,2480,2112,126.7755,Knife,100,0,0,0,0,False,False,False,129.7266,12.65625
LDLC * SmithZz,CounterTerrorist,2480,2112,126.7755,CZ,100,0,0,0,0,False,False,False,129.7266,12.65625
LDLC * SmithZz,CounterTerrorist,2480,2112,126.7755,CZ,100,0,0,0,0,False,False,False,129.7266,12.65625
LDLC * SmithZz,CounterTerrorist,2480,2112,126.7755,Knife,100,0,0,0,0,False,False,False,129.7266,12.65625
LDLC * SmithZz,CounterTerrorist,2480,2112,126.7755,Knife,100,0,0,0,0,False,False,False,129.7266,12.65625
LDLC * SmithZz,CounterTerrorist,2480,2112,126.7755,Knife,100,0,0,0,0,False,False,False,129.7266,12.65625
LDLC * SmithZz,CounterTerrorist,2480,2112,126.7755,Knife,100,0,0,0,0,False,False,False,129.7266,12.65625
LDLC * SmithZz,CounterTerrorist,2480,2112,126.7755,Knife,100,0,0,0,0,False,False,False,129.7266,12.65625
LDLC * SmithZz,CounterTerrorist,2480,2112,126.7755,Knife,100,0,0,0,0,False,False,False,129.7266,12.65625
LDLC * SmithZz,CounterTerrorist,2480,2112,126.7755,Knife,100,0,0,0,0,False,False,False,129.7266,12.65625
LDLC * SmithZz,CounterTerrorist,2480,2112,126.7755,Knife,100,0,0,0,0,False,False,False,129.7266,12.65625
LDLC * SmithZz,CounterTerrorist,2480,2112,126.7755,Knife,100,0,0,0,0,False,False,False,129.7266,12.65625
LDLC * SmithZz,CounterTerrorist,2480,2112,126.7755,Knife,100,0,0,0,0,False,False,False,129.7266,12.65625
LDLC * SmithZz,CounterTerrorist,2480,2112,126.7755,Knife,100,0,0,0,0,False,False,False,130.7813,12.30469
LDLC * SmithZz,CounterTerrorist,2480,2112,126.7755,Knife,100,0,0,0,0,False,False,False,143.7891,13.35938
LDLC * SmithZz,CounterTerrorist,2480,2112,126.7755,Knife,100,0,0,0,0,False,False,False,165.2344,16.17188
LDLC * SmithZz,CounterTerrorist,2480,2112,126.7755,Knife,100,0,0,0,0,False,False,False,192.6563,17.57813
LDLC * SmithZz,CounterTerrorist,2480,2112,126.7755,Knife,100,0,0,0,0,False,False,False,214.4531,16.52344
LDLC * SmithZz,CounterTerrorist,2480,2112,126.7755,Knife,100,0,0,0,0,False,False,False,225,14.76563
LDLC * SmithZz,CounterTerrorist,2480,2112,126.7755,Knife,100,0,0,0,0,False,False,False,225,14.41406
LDLC * SmithZz,CounterTerrorist,2480,2112,126.7755,Knife,100,0,0,0,0,False,False,False,225,14.41406
LDLC * SmithZz,CounterTerrorist,2480,2112,126.7755,Knife,100,0,0,0,0,False,False,False,225,14.41406
LDLC * SmithZz,CounterTerrorist,2480,2112,126.7755,Knife,100,0,0,0,0,False,False,False,225,14.41406
LDLC * SmithZz,CounterTerrorist,2480,2112,126.7755,Knife,100,0,0,0,0,False,False,False,225,14.41406
LDLC * SmithZz,CounterTerrorist,2480,2112,126.7755,Knife,100,0,0,0,0,False,False,False,226.0547,14.41406
LDLC * SmithZz,CounterTerrorist,2480,2112,126.7755,Knife,100,0,0,0,0,False,False,False,227.4609,14.41406
LDLC * SmithZz,CounterTerrorist,2480,2112,126.7755,Knife,100,0,0,0,0,False,False,False,227.8125,14.41406
LDLC * SmithZz,CounterTerrorist,2480,2112,126.7755,Knife,100,0,0,0,0,False,False,False,227.8125,14.41406
LDLC * SmithZz,CounterTerrorist,2480,2112,126.7755,Knife,100,0,0,0,0,False,False,False,227.8125,14.41406
LDLC * SmithZz,CounterTerrorist,2480,2112,126.7755,Knife,100,0,0,0,0,False,False,False,227.8125,14.41406
LDLC * SmithZz,CounterTerrorist,2480,2112,126.7755,Knife,100,0,0,0,0,False,False,False,227.8125,14.41406
LDLC * SmithZz,CounterTerrorist,2480,2112,126.7755,Knife,100,0,0,0,0,False,False,False,227.8125,14.41406
LDLC * SmithZz,CounterTerrorist,2480,2112,126.7755,Knife,100,0,0,0,0,False,False,False,227.8125,14.41406
LDLC * SmithZz,CounterTerrorist,2480,2112,126.7755,Knife,100,0,0,0,0,False,False,False,227.8125,14.41406
LDLC * SmithZz,CounterTerrorist,2480,2112,126.7755,Knife,100,0,0,0,0,False,False,False,227.8125,14.41406
LDLC * SmithZz,CounterTerrorist,2480,2112,126.7755,Knife,100,0,0,0,0,False,False,False,227.8125,14.41406
LDLC * SmithZz,CounterTerrorist,2480,2112,126.7755,Knife,100,0,0,0,0,False,False,False,227.8125,14.41406
LDLC * SmithZz,CounterTerrorist,2480,2112,126.7755,Knife,100,0,0,0,0,False,False,False,227.8125,14.41406
LDLC * SmithZz,CounterTerrorist,2480,2112,126.7755,Knife,100,0,0,0,0,False,False,False,227.8125,14.41406
LDLC * SmithZz,CounterTerrorist,2480,2112,126.7755,Knife,100,0,0,0,0,False,False,False,228.1641,14.41406
LDLC * SmithZz,CounterTerrorist,2480,2112,126.7755,Knife,100,0,0,0,0,False,False,False,228.8672,14.76563
LDLC * SmithZz,CounterTerrorist,2480,2112,126.7755,Knife,100,0,0,0,0,False,False,False,228.8672,14.76563
LDLC * SmithZz,CounterTerrorist,2480,2112,126.7755,Knife,100,0,0,0,0,False,False,False,228.8672,14.76563
LDLC * SmithZz,CounterTerrorist,2480,2112,126.7755,Knife,100,0,0,0,0,False,False,False,228.8672,14.76563
LDLC * SmithZz,CounterTerrorist,2480,2112,126.7755,Knife,100,0,0,0,0,False,False,False,228.8672,14.76563
LDLC * SmithZz,CounterTerrorist,2480,2112,126.7755,Knife,100,0,0,0,0,False,False,False,228.8672,14.76563
LDLC * SmithZz,CounterTerrorist,2480,2112,126.7755,Knife,100,0,0,0,0,False,False,False,228.5156,14.76563
LDLC * SmithZz,CounterTerrorist,2480,2112,126.7755,Knife,100,0,0,0,0,False,False,False,228.5156,14.76563
LDLC * SmithZz,CounterTerrorist,2480,2112,126.7755,Knife,100,0,0,0,0,False,False,False,228.1641,14.76563
LDLC * SmithZz,CounterTerrorist,2480,2112,126.7755,Knife,100,0,0,0,0,False,False,False,228.1641,15.82031
LDLC * SmithZz,CounterTerrorist,2480,2112,126.7755,Knife,100,0,0,0,0,False,False,False,228.1641,15.82031
LDLC * SmithZz,CounterTerrorist,2480,2112,126.7755,Knife,100,0,0,0,0,False,False,False,228.1641,15.82031
LDLC * SmithZz,CounterTerrorist,2480,2112,126.7755,Knife,100,0,0,0,0,False,False,False,228.1641,15.82031
LDLC * SmithZz,CounterTerrorist,2480,2112,126.7755,Knife,100,0,0,0,0,False,False,False,228.1641,15.82031
LDLC * SmithZz,CounterTerrorist,2480,2112,126.7755,Knife,100,0,0,0,0,False,False,False,228.1641,15.82031
LDLC * SmithZz,CounterTerrorist,2480,2112,126.7755,Knife,100,0,0,0,0,False,False,False,228.1641,15.82031
LDLC * SmithZz,CounterTerrorist,2480,2112,126.7755,Knife,100,0,0,0,0,False,False,False,228.1641,15.82031
LDLC * SmithZz,CounterTerrorist,2480,2112,126.7755,Knife,100,0,0,0,0,False,False,False,228.1641,15.82031
LDLC * SmithZz,CounterTerrorist,2480,2112,126.7755,Knife,100,0,0,0,0,False,False,False,228.1641,15.82031
LDLC * SmithZz,CounterTerrorist,2480,2112,126.7755,Knife,100,0,0,0,0,False,False,False,228.1641,15.82031
LDLC * SmithZz,CounterTerrorist,2480,2112,126.7755,Knife,100,0,0,0,0,False,False,False,228.1641,15.82031
LDLC * SmithZz,CounterTerrorist,2480,2112,126.7755,Knife,100,0,0,0,0,False,False,False,228.1641,15.82031
LDLC * SmithZz,CounterTerrorist,2480,2112,126.7755,Knife,100,0,0,0,0,False,False,False,228.1641,15.82031
LDLC * SmithZz,CounterTerrorist,2480,2112,126.7755,Knife,100,0,0,0,0,False,False,False,228.1641,15.82031
LDLC * SmithZz,CounterTerrorist,2480,2112,126.7755,Knife,100,0,0,0,0,False,False,False,228.1641,15.82031
LDLC * SmithZz,CounterTerrorist,2480,2112,126.7755,Knife,100,0,0,0,0,False,False,False,228.1641,15.82031
LDLC * SmithZz,CounterTerrorist,2480,2112,126.7755,Knife,100,0,0,0,0,False,False,False,228.1641,15.82031
LDLC * SmithZz,CounterTerrorist,2480,2112,126.7755,Knife,100,0,0,0,0,False,False,False,228.1641,15.82031
LDLC * SmithZz,CounterTerrorist,2480,2112,126.7755,Knife,100,0,0,0,0,False,False,False,228.1641,15.82031
LDLC * SmithZz,CounterTerrorist,2480,2112,126.7755,Knife,100,0,0,0,0,False,False,False,228.1641,15.82031
LDLC * SmithZz,CounterTerrorist,2480,2112,126.7755,Knife,100,0,0,0,0,False,False,False,228.1641,15.82031
LDLC * SmithZz,CounterTerrorist,2480,2112,126.7755,Knife,100,0,0,0,0,False,False,False,228.1641,15.82031
LDLC * SmithZz,CounterTerrorist,2480,2112,126.7755,Knife,100,0,0,0,0,False,False,False,228.1641,15.82031
LDLC * SmithZz,CounterTerrorist,2480,2112,126.7755,Knife,100,0,0,0,0,False,False,False,228.1641,15.82031
LDLC * SmithZz,CounterTerrorist,2480,2112,126.7755,Knife,100,0,0,0,0,False,False,False,228.5156,16.17188
LDLC * SmithZz,CounterTerrorist,2480,2112,126.7755,Knife,100,0,0,0,0,False,False,False,228.5156,16.17188
LDLC * SmithZz,CounterTerrorist,2480,2112,126.7755,Knife,100,0,0,0,0,False,False,False,228.5156,16.17188
LDLC * SmithZz,CounterTerrorist,2480,2112,126.7755,Knife,100,0,0,0,0,False,False,False,228.5156,16.17188
LDLC * SmithZz,CounterTerrorist,2480,2112,126.7755,Knife,100,0,0,0,0,False,False,False,228.5156,16.17188
LDLC * SmithZz,CounterTerrorist,2480,2112,126.7755,Knife,100,0,0,0,0,False,False,False,228.5156,16.17188
LDLC * SmithZz,CounterTerrorist,2480,2112,126.7755,Knife,100,0,0,0,0,False,False,False,228.5156,16.17188
LDLC * SmithZz,CounterTerrorist,2480,2112,126.7755,Knife,100,0,0,0,0,False,False,False,228.5156,16.17188
LDLC * SmithZz,CounterTerrorist,2480,2112,126.7755,Knife,100,0,0,0,0,False,False,False,228.5156,16.17188
LDLC * SmithZz,CounterTerrorist,2480,2112,126.7755,Knife,100,0,0,0,0,False,False,False,228.5156,16.17188
LDLC * SmithZz,CounterTerrorist,2480,2112,126.7755,Knife,100,0,0,0,0,False,False,False,228.5156,16.17188
LDLC * SmithZz,CounterTerrorist,2480,2112,126.7755,Knife,100,0,0,0,0,False,False,False,228.5156,16.17188
LDLC * SmithZz,CounterTerrorist,2480,2112,126.7755,Knife,100,0,0,0,0,False,False,False,228.5156,16.17188
LDLC * SmithZz,CounterTerrorist,2480,2112,126.7755,Knife,100,0,0,0,0,False,False,False,228.5156,16.17188
LDLC * SmithZz,CounterTerrorist,2480,2112,126.7755,Knife,100,0,0,0,0,False,False,False,228.5156,16.17188
LDLC * SmithZz,CounterTerrorist,2480,2112,126.7755,Knife,100,0,0,0,0,False,False,False,228.5156,16.17188
LDLC * SmithZz,CounterTerrorist,2480,2112,126.7755,Knife,100,0,0,0,0,False,False,False,228.5156,16.17188
LDLC * SmithZz,CounterTerrorist,2480,2112,126.7755,Knife,100,0,0,0,0,False,False,False,228.5156,16.17188
LDLC * SmithZz,CounterTerrorist,2480,2112,126.7755,Knife,100,0,0,0,0,False,False,False,228.5156,16.17188
LDLC * SmithZz,CounterTerrorist,2480,2112,126.7755,Knife,100,0,0,0,0,False,False,False,228.5156,16.17188
LDLC * SmithZz,CounterTerrorist,2480,2112,126.7755,Knife,100,0,0,0,0,False,False,False,228.5156,16.17188
LDLC * SmithZz,CounterTerrorist,2480,2112,126.7755,Knife,100,0,0,0,0,False,False,False,228.5156,16.17188
LDLC * SmithZz,CounterTerrorist,2480,2112,126.7755,Knife,100,0,0,0,0,False,False,False,228.5156,16.17188
LDLC * SmithZz,CounterTerrorist,2480,2112,126.7755,M4A1,100,0,0,0,0,False,False,False,228.5156,16.17188
LDLC * SmithZz,CounterTerrorist,2480,2112,126.7755,M4A1,100,0,0,0,0,False,False,False,228.5156,16.17188
LDLC * SmithZz,CounterTerrorist,2480,2112,126.7755,M4A1,100,0,0,0,0,False,False,False,228.5156,16.17188
LDLC * SmithZz,CounterTerrorist,2480,2112,126.7755,M4A1,100,0,0,0,0,False,False,False,228.5156,16.17188
LDLC * SmithZz,CounterTerrorist,2480,2112,126.7755,M4A1,100,0,0,0,0,False,False,False,228.5156,16.17188
LDLC * SmithZz,CounterTerrorist,2480,2112,126.7755,M4A1,100,0,0,0,0,False,False,False,228.5156,16.17188
LDLC * SmithZz,CounterTerrorist,2480,2112,126.7755,M4A1,100,0,0,0,0,False,False,False,228.5156,16.17188
LDLC * SmithZz,CounterTerrorist,2480,2112,126.7755,M4A1,100,0,0,0,0,False,False,False,228.5156,16.17188
LDLC * SmithZz,CounterTerrorist,2480,2112,126.7755,M4A1,100,0,0,0,0,False,False,False,228.5156,16.17188
LDLC * SmithZz,CounterTerrorist,2480,2112,126.7755,M4A1,100,0,0,0,0,False,False,False,228.5156,16.17188
LDLC * SmithZz,CounterTerrorist,2480,2112,126.7755,M4A1,100,0,0,0,0,False,False,False,228.5156,16.17188
LDLC * SmithZz,CounterTerrorist,2480,2112,126.7755,M4A1,100,0,0,0,0,False,False,False,228.5156,16.17188
LDLC * SmithZz,CounterTerrorist,2480,2112,126.7755,CZ,100,0,0,0,0,False,False,False,228.5156,16.17188
LDLC * SmithZz,CounterTerrorist,2480,2112,126.7755,CZ,100,0,0,0,0,False,False,False,228.5156,16.17188
LDLC * SmithZz,CounterTerrorist,2480,2112,126.7755,Knife,100,0,0,0,0,False,False,False,228.5156,16.17188
LDLC * SmithZz,CounterTerrorist,2480,2112,126.7755,Knife,100,0,0,0,0,False,False,False,228.5156,16.17188
LDLC * SmithZz,CounterTerrorist,2480,2112,126.7755,Knife,100,0,0,0,0,False,False,False,228.5156,16.17188
LDLC * SmithZz,CounterTerrorist,2480,2112,126.7755,Knife,100,0,0,0,0,False,False,False,228.5156,16.17188
LDLC * SmithZz,CounterTerrorist,2480,2112,126.7755,Knife,100,0,0,0,0,False,False,False,228.5156,16.17188
LDLC * SmithZz,CounterTerrorist,2480,2112,126.7755,Knife,100,0,0,0,0,False,False,False,228.8672,16.17188
LDLC * SmithZz,CounterTerrorist,2480,2112,126.7755,Knife,100,0,0,0,0,False,False,False,228.8672,16.17188
LDLC * SmithZz,CounterTerrorist,2480,2112,126.7755,Knife,100,0,0,0,0,False,False,False,228.8672,16.17188
LDLC * SmithZz,CounterTerrorist,2480,2112,126.7755,Knife,100,0,0,0,0,False,False,False,228.8672,16.17188
LDLC * SmithZz,CounterTerrorist,2480,2112,126.7755,Knife,100,0,0,0,0,False,False,False,228.8672,16.17188
LDLC * SmithZz,CounterTerrorist,2480,2112,126.7755,Knife,100,0,0,0,0,False,False,False,228.8672,16.17188
LDLC * SmithZz,CounterTerrorist,2480,2112,126.7755,Knife,100,0,0,0,0,False,False,False,228.8672,16.17188
LDLC * SmithZz,CounterTerrorist,2480,2112,126.7755,Knife,100,0,0,0,0,False,False,False,228.8672,16.17188
LDLC * SmithZz,CounterTerrorist,2480,2112,126.7755,Knife,100,0,0,0,0,False,False,False,228.8672,16.17188
LDLC * SmithZz,CounterTerrorist,2480,2112,126.7755,Knife,100,0,0,0,0,False,False,False,228.8672,16.17188
LDLC * SmithZz,CounterTerrorist,2480,2112,126.7755,Knife,100,0,0,0,0,False,False,False,228.8672,16.17188
LDLC * SmithZz,CounterTerrorist,2480,2112,126.7755,Knife,100,0,0,0,0,False,False,False,228.8672,16.17188
LDLC * SmithZz,CounterTerrorist,2480,2112,126.7755,Knife,100,100,0,0,0,False,False,False,228.8672,16.17188
LDLC * SmithZz,CounterTerrorist,2480,2112,126.7755,Knife,100,100,0,0,0,False,False,False,228.8672,16.17188
LDLC * SmithZz,CounterTerrorist,2480,2112,126.7755,Knife,100,100,0,0,0,False,False,False,228.8672,16.17188
LDLC * SmithZz,CounterTerrorist,2480,2112,126.7755,Knife,100,100,0,0,0,False,False,False,228.8672,16.17188
LDLC * SmithZz,CounterTerrorist,2480,2112,126.7755,Knife,100,100,0,0,0,False,False,False,228.8672,16.17188
LDLC * SmithZz,CounterTerrorist,2480,2112,126.7755,Knife,100,100,0,0,0,False,False,False,237.3047,12.30469
LDLC * SmithZz,CounterTerrorist,2480,2112,126.7755,CZ,100,100,0,0,0,False,False,False,237.3047,12.30469
LDLC * SmithZz,CounterTerrorist,2480,2112,126.7755,CZ,100,100,0,0,0,False,False,False,237.3047,12.30469
LDLC * SmithZz,CounterTerrorist,2480,2112,126.7755,Knife,100,100,0,0,0,False,False,False,237.3047,12.30469
LDLC * SmithZz,CounterTerrorist,2478.728,2110.039,126.6868,CZ,100,100,-35.04393,-53.92596,0,False,False,False,236.9531,12.30469
LDLC * SmithZz,CounterTerrorist,2475.401,2104.927,126.4547,Knife,100,100,-66.59719,-102.2214,0,False,False,False,236.9531,12.30469
LDLC * SmithZz,CounterTerrorist,2471.051,2098.257,126.1511,Knife,100,100,-88.44291,-135.524,0,False,False,False,236.9531,12.30469
LDLC * SmithZz,CounterTerrorist,2463.982,2087.43,125.658,Knife,100,100,-109.0573,-167.1972,0,False,False,False,237.3047,12.30469
LDLC * SmithZz,CounterTerrorist,2456.716,2076.211,125.151,Knife,100,100,-121.2365,-188.1915,0,False,False,False,238.0078,12.65625
LDLC * SmithZz,CounterTerrorist,2448.813,2063.879,124.5997,Knife,100,100,-130.0902,-203.7289,0,False,False,False,238.0078,12.65625
LDLC * SmithZz,CounterTerrorist,2440.487,2050.796,123.9415,Knife,100,100,-134.0223,-211.0403,0,False,False,False,238.0078,12.65625
LDLC * SmithZz,CounterTerrorist,2432.123,2037.599,123.0707,Knife,100,100,-133.6805,-211.257,0,False,False,False,238.0078,12.65625
LDLC * SmithZz,CounterTerrorist,2424.82,2026.041,122.5834,Knife,100,100,-133.456,-211.3989,0,False,False,False,238.0078,12.65625
LDLC * SmithZz,CounterTerrorist,2416.486,2012.824,122.8507,Knife,100,100,-133.2632,-211.5205,0,False,False,False,238.0078,12.65625
LDLC * SmithZz,CounterTerrorist,2407.122,1997.947,123.4572,Knife,100,100,-133.1062,-211.6193,0,False,False,False,238.0078,12.65625
LDLC * SmithZz,CounterTerrorist,2398.807,1984.719,123.845,Knife,100,100,-133.0054,-211.6827,0,False,False,False,238.0078,12.65625
LDLC * SmithZz,CounterTerrorist,2390.538,1971.553,124.0854,HE,100,100,-130.2767,-207.4921,0,False,False,False,238.0078,12.65625
LDLC * SmithZz,CounterTerrorist,2383.415,1960.205,124.0759,HE,100,100,-130.2279,-207.5227,0,False,False,False,238.0078,12.65625
LDLC * SmithZz,CounterTerrorist,2374.26,1945.612,124.0145,HE,100,100,-130.1816,-207.5518,0,False,False,False,238.0078,12.65625
LDLC * SmithZz,CounterTerrorist,2366.125,1932.64,123.9598,HE,100,100,-130.152,-207.5704,0,False,False,False,238.0078,12.65625
LDLC * SmithZz,CounterTerrorist,2359.014,1921.284,123.8892,HE,100,100,-129.4165,-208.0297,0,False,False,False,242.9297,17.57813
LDLC * SmithZz,CounterTerrorist,2350.121,1906.531,124.321,HE,100,100,-124.8682,-210.7912,0,False,False,False,240.4688,16.52344
LDLC * SmithZz,CounterTerrorist,2342.173,1893.444,124.7717,HE,100,100,-130.9621,-207.0602,0,False,False,False,228.5156,14.41406
LDLC * SmithZz,CounterTerrorist,2334.611,1882.389,124.8767,HE,100,100,-144.4152,-197.9122,0,False,False,False,219.0234,13.35938
LDLC * SmithZz,CounterTerrorist,2324.899,1870.559,124.7288,HE,100,100,-164.0846,-181.9375,0,False,False,False,210.5859,11.60156
LDLC * SmithZz,CounterTerrorist,2314.807,1860.506,125.2185,Knife,100,100,-173.5584,-156.003,0,False,False,False,204.6094,9.84375
LDLC * SmithZz,CounterTerrorist,2303.573,1851.62,125.6924,HE,100,100,-189.9604,-135.3657,0,False,False,False,198.2813,8.085938
LDLC * SmithZz,CounterTerrorist,2290.882,1843.701,126.4265,HE,100,100,-212.4414,-119.918,0,False,False,False,194.4141,7.734375
LDLC * SmithZz,CounterTerrorist,2276.996,1836.723,126.9924,Knife,100,100,-226.9804,-104.785,0,False,False,False,193.711,8.789063
LDLC * SmithZz,CounterTerrorist,2260.776,1829.954,127.4602,Knife,100,100,-233.1494,-90.22956,0,False,False,False,193.711,8.789063
LDLC * SmithZz,CounterTerrorist,2246.081,1824.648,127.8042,Knife,100,100,-236.4193,-81.27666,0,False,False,False,193.711,8.789063
LDLC * SmithZz,CounterTerrorist,2231.227,1819.804,127.5699,Knife,100,100,-238.5,-74.95168,0,False,False,False,193.711,8.789063
LDLC * SmithZz,CounterTerrorist,2216.274,1815.274,126.9289,Knife,100,100,-239.7802,-70.74934,0,False,False,False,193.711,8.789063
LDLC * SmithZz,CounterTerrorist,2201.252,1810.974,126.2687,Knife,100,100,-240.7633,-67.32775,0,False,False,False,193.3594,7.734375
LDLC * SmithZz,CounterTerrorist,2186.173,1806.882,126.9713,Knife,100,100,-241.6956,-63.90019,0,False,False,False,191.9531,4.570313
LDLC * SmithZz,CounterTerrorist,2172.923,1803.515,127.9306,Knife,100,100,-242.7769,-59.66062,0,False,False,False,189.8437,1.757813
LDLC * SmithZz,CounterTerrorist,2157.706,1799.968,128.8856,Knife,100,100,-243.9545,-54.64618,0,False,False,False,189.4922,0.703125
LDLC * SmithZz,CounterTerrorist,2142.429,1796.689,129.2258,Knife,100,100,-244.7532,-50.94947,0,False,False,False,189.4922,1.054688
LDLC * SmithZz,CounterTerrorist,2125.194,1793.243,129.586,Knife,100,100,-245.5307,-47.06054,0,False,False,False,189.4922,1.054688
LDLC * SmithZz,CounterTerrorist,2112.143,1790.781,129.2516,M4A1,100,100,-221.1709,-41.33335,0,False,False,False,189.4922,1.40625
LDLC * SmithZz,CounterTerrorist,2096.125,1787.855,129.4759,M4A1,100,100,-221.4424,-39.85284,0,False,False,False,189.1406,1.40625
LDLC * SmithZz,CounterTerrorist,2083.674,1785.67,132.4236,Knife,100,100,-234.0914,-40.18763,0,False,False,False,188.0859,2.8125
LDLC * SmithZz,CounterTerrorist,2066.771,1782.896,136.425,HE,100,100,-242.0172,-38.11379,0,False,False,False,186.3281,5.273438
LDLC * SmithZz,CounterTerrorist,2051.466,1780.651,139.2466,Knife,100,100,-247.6845,-33.94653,0,False,False,False,183.8672,8.4375
LDLC * SmithZz,CounterTerrorist,2037.898,1778.964,141.5921,Knife,100,100,-248.3741,-28.46598,0,False,False,False,182.1094,10.54688
LDLC * SmithZz,CounterTerrorist,2020.409,1777.203,146.3518,Knife,100,100,-248.9651,-22.72368,0,False,False,False,182.4609,12.65625
LDLC * SmithZz,CounterTerrorist,2004.842,1775.864,151.1871,Knife,100,100,-249.1181,-20.98007,0,False,False,False,184.9219,16.17188
LDLC * SmithZz,CounterTerrorist,1991.221,1774.679,154.784,Knife,100,100,-248.9741,-22.62474,0,False,False,False,187.7344,21.44531
LDLC * SmithZz,CounterTerrorist,1975.681,1773.062,158.489,Knife,100,100,-248.2872,-29.21405,0,False,False,False,192.6563,27.77344
LDLC * SmithZz,CounterTerrorist,1960.212,1770.866,160.3204,Knife,100,100,-246.7708,-40.05186,0,False,False,False,196.5234,30.9375
LDLC * SmithZz,CounterTerrorist,1944.862,1767.957,160.3204,Knife,100,100,-244.633,-51.52369,0,False,False,False,199.3359,30.58594
LDLC * SmithZz,CounterTerrorist,1927.777,1763.831,160.0313,Knife,100,100,-241.4679,-64.75546,0,False,False,False,203.5547,28.82813
LDLC * SmithZz,CounterTerrorist,1914.702,1759.842,160.0313,Knife,100,100,-236.8323,-80.06529,0,False,False,False,213.0469,25.3125
LDLC * SmithZz,CounterTerrorist,1900.237,1753.959,160.0313,Knife,100,100,-226.2504,-106.3521,0,False,False,False,226.7578,20.39063
LDLC * SmithZz,CounterTerrorist,1885.113,1745.044,160.0313,Knife,100,100,-204.5054,-143.7969,0,False,False,False,242.5781,14.0625
LDLC * SmithZz,CounterTerrorist,1873.309,1734.839,160.0313,Knife,100,100,-175.5185,-178.026,0,False,False,False,255.5859,10.19531
LDLC * SmithZz,CounterTerrorist,1863.53,1722.677,160.0313,Knife,100,100,-141.5659,-206.056,0,False,False,False,262.2656,8.4375
LDLC * SmithZz,CounterTerrorist,1856.626,1710.886,160.0313,Knife,100,100,-115.565,-221.6861,0,False,False,False,262.2656,8.4375
LDLC * SmithZz,CounterTerrorist,1849.544,1694.807,160.0313,Knife,100,100,-90.11169,-233.1949,0,False,False,False,262.2656,8.4375
LDLC * SmithZz,CounterTerrorist,1844.509,1680.019,160.0313,Knife,100,100,-73.88631,-238.8322,0,False,False,False,262.2656,8.4375
LDLC * SmithZz,CounterTerrorist,1840.32,1664.967,160.0313,Knife,100,100,-62.24997,-242.1259,0,False,False,False,262.2656,8.4375
LDLC * SmithZz,CounterTerrorist,1837.152,1651.668,160.0313,Knife,100,100,-55.01348,-243.8719,0,False,False,False,262.2656,8.4375
LDLC * SmithZz,CounterTerrorist,1834.014,1636.362,160.0313,Knife,100,100,-46.0374,-245.7246,0,False,False,False,266.1328,8.789063
LDLC * SmithZz,CounterTerrorist,1831.55,1620.934,160.0313,Knife,100,100,-33.97922,-247.6801,0,False,False,False,270.3516,8.085938
LDLC * SmithZz,CounterTerrorist,1829.701,1603.456,160.0313,Knife,100,100,-20.5319,-249.1555,0,False,False,False,272.1094,7.734375
LDLC * SmithZz,CounterTerrorist,1828.829,1589.812,160.0313,Knife,100,100,-12.8925,-249.6673,0,False,False,False,272.1094,7.734375
LDLC * SmithZz,CounterTerrorist,1828.199,1572.246,160.0313,Knife,100,100,-6.236654,-249.9222,0,False,False,False,272.1094,7.734375
LDLC * SmithZz,CounterTerrorist,1827.959,1556.623,160.0313,Knife,100,100,-2.171081,-249.9906,0,False,False,False,272.1094,7.734375
LDLC * SmithZz,CounterTerrorist,1827.925,1542.951,160.0313,Knife,100,100,0.4370736,-249.9996,0,False,False,False,272.1094,7.734375
LDLC * SmithZz,CounterTerrorist,1828.027,1527.326,160.0313,Knife,100,100,2.391205,-249.9886,0,False,False,False,271.4063,7.734375
LDLC * SmithZz,CounterTerrorist,1828.223,1509.749,160.0313,Knife,100,100,2.763612,-249.9847,0,False,False,False,270,7.382813
LDLC * SmithZz,CounterTerrorist,1828.327,1494.125,160.0313,Knife,100,100,0.3092395,-249.9998,0,False,False,False,267.1875,7.03125
LDLC * SmithZz,CounterTerrorist,1828.173,1478.501,160.0313,Knife,100,100,-4.913733,-249.9517,0,False,False,False,264.7266,7.03125
LDLC * SmithZz,CounterTerrorist,1827.717,1464.837,160.0313,Knife,100,100,-11.06738,-249.7549,0,False,False,False,262.6172,7.03125
LDLC * SmithZz,CounterTerrorist,1826.659,1447.291,160.0313,Knife,100,100,-17.85516,-249.3616,0,False,False,False,262.2656,7.382813
LDLC * SmithZz,CounterTerrorist,1825.389,1431.718,160.0313,Knife,100,100,-22.03499,-249.027,0,False,False,False,262.2656,7.382813
LDLC * SmithZz,CounterTerrorist,1824.097,1418.107,160.0313,Knife,100,100,-24.70927,-248.7759,0,False,False,False,262.2656,7.382813
LDLC * SmithZz,CounterTerrorist,1822.256,1400.626,160.0313,Knife,100,100,-27.20972,-248.5148,0,False,False,False,262.2656,7.382813
LDLC * SmithZz,CounterTerrorist,1820.497,1385.1,160.0313,Knife,100,100,-28.79991,-248.3356,0,False,False,False,262.2656,7.382813
LDLC * SmithZz,CounterTerrorist,1818.655,1369.584,160.0313,Knife,100,100,-29.96584,-248.1976,0,False,False,False,262.2656,7.382813
LDLC * SmithZz,CounterTerrorist,1816.75,1354.075,160.0313,Knife,100,100,-30.82236,-248.0927,0,False,False,False,262.2656,7.382813
LDLC * SmithZz,CounterTerrorist,1815.046,1340.51,160.0313,Knife,100,100,-31.48302,-248.0097,0,False,False,False,261.9141,7.382813
LDLC * SmithZz,CounterTerrorist,1812.745,1323.083,160.0313,Knife,100,100,-34.23533,-247.6448,0,False,False,False,259.4531,7.734375
LDLC * SmithZz,CounterTerrorist,1810.737,1309.56,160.0313,Knife,100,100,-38.93145,-246.9501,0,False,False,False,256.2891,8.085938
LDLC * SmithZz,CounterTerrorist,1807.597,1292.266,160.0313,Knife,100,100,-50.19609,-244.9089,0,False,False,False,250.3125,8.085938
LDLC * SmithZz,CounterTerrorist,1804.478,1278.956,160.0313,Knife,100,100,-62.47961,-242.0667,0,False,False,False,245.7422,8.085938
LDLC * SmithZz,CounterTerrorist,1799.363,1262.144,160.0313,Knife,100,100,-81.39488,-236.3787,0,False,False,False,239.0625,8.085938
LDLC * SmithZz,CounterTerrorist,1793.622,1247.615,160.0313,Knife,100,100,-96.84589,-230.4797,0,False,False,False,231.3281,8.4375
LDLC * SmithZz,CounterTerrorist,1788.705,1232.794,160.0313,Knife,100,100,-67.31783,-240.7661,0,False,False,False,223.5938,8.789063
LDLC * SmithZz,CounterTerrorist,1784.985,1217.619,156.8127,Knife,100,100,-55.77194,-243.6996,0,False,False,False,215.8594,8.789063
LDLC * SmithZz,CounterTerrorist,1781.43,1204.54,154.9779,Knife,100,100,-82.53635,-230.7018,0,False,False,False,210.2344,8.4375
LDLC * SmithZz,CounterTerrorist,1774.572,1191.043,153.1266,Knife,100,100,-129.3441,-204.5725,0,False,False,False,204.6094,7.734375
LDLC * SmithZz,CounterTerrorist,1763.8,1177.78,151.3429,Knife,100,100,-170.6464,-176.1691,0,False,False,False,199.6875,6.679688
LDLC * SmithZz,CounterTerrorist,1753.66,1168.792,150.1831,Knife,100,100,-195.6299,-155.6564,0,False,False,False,196.5234,5.976563
LDLC * SmithZz,CounterTerrorist,1740.792,1159.943,149.6885,Knife,100,100,-212.8662,-131.103,0,False,False,False,194.4141,4.921875
LDLC * SmithZz,CounterTerrorist,1725.307,1151.641,149.123,Knife,100,100,-225.2064,-108.5452,0,False,False,False,193.3594,4.570313
LDLC * SmithZz,CounterTerrorist,1710.984,1145.403,148.6788,Knife,100,100,-231.7727,-93.70914,0,False,False,False,193.3594,4.21875
LDLC * SmithZz,CounterTerrorist,1696.346,1139.94,148.3954,Knife,100,100,-235.8076,-83.03472,0,False,False,False,193.3594,4.21875
LDLC * SmithZz,CounterTerrorist,1681.516,1135.022,148.166,Knife,100,100,-238.2549,-75.72717,0,False,False,False,193.3594,4.21875
LDLC * SmithZz,CounterTerrorist,1666.568,1130.475,147.9733,Knife,100,100,-239.7992,-70.68466,0,False,False,False,193.3594,4.21875
LDLC * SmithZz,CounterTerrorist,1653.423,1126.714,147.8261,Knife,100,100,-240.7211,-67.47874,0,False,False,False,193.3594,4.21875
LDLC * SmithZz,CounterTerrorist,1638.351,1122.595,147.6755,Knife,100,100,-241.4489,-64.82613,0,False,False,False,193.3594,4.21875
LDLC * SmithZz,CounterTerrorist,1621.357,1118.101,147.5197,Knife,100,100,-241.8226,-63.41797,0,False,False,False,194.0625,4.21875
LDLC * SmithZz,CounterTerrorist,1606.242,1114.142,147.3847,Knife,100,100,-241.7989,-63.50822,0,False,False,False,195.4688,4.21875
LDLC * SmithZz,CounterTerrorist,1591.144,1110.116,148.1015,Knife,100,100,-241.2987,-65.38303,0,False,False,False,197.2266,3.867188
LDLC * SmithZz,CounterTerrorist,1576.095,1105.915,148.8366,Knife,100,100,-240.3128,-68.91836,0,False,False,False,199.3359,3.867188
LDLC * SmithZz,CounterTerrorist,1561.134,1101.41,149.5917,Knife,100,100,-238.5066,-74.93056,0,False,False,False,202.5,3.867188
LDLC * SmithZz,CounterTerrorist,1546.339,1096.39,150.2212,Knife,100,100,-234.8689,-85.65408,0,False,False,False,209.8828,4.21875
LDLC * SmithZz,CounterTerrorist,1531.925,1090.37,150.6679,Knife,100,100,-226.3725,-106.0919,0,False,False,False,222.1875,5.273438
LDLC * SmithZz,CounterTerrorist,1518.284,1082.774,151.1674,Knife,100,100,-210.9662,-134.139,0,False,False,False,235.1953,5.273438
LDLC * SmithZz,CounterTerrorist,1505.862,1073.321,151.4031,Knife,100,100,-188.2785,-164.4725,0,False,False,False,246.4453,5.273438
LDLC * SmithZz,CounterTerrorist,1496.295,1063.567,152.3944,Knife,100,100,-164.7258,-188.057,0,False,False,False,252.4219,4.921875
LDLC * SmithZz,CounterTerrorist,1486.947,1051.062,153.9002,Knife,100,100,-138.0753,-208.4112,0,False,False,False,256.2891,4.921875
LDLC * SmithZz,CounterTerrorist,1478.275,1035.783,153.4913,Knife,100,100,-112.4724,-223.271,0,False,False,False,257.6953,4.921875
LDLC * SmithZz,CounterTerrorist,1472.783,1023.779,152.5553,CZ,100,100,-93.62614,-220.9845,0,False,False,False,258.75,4.921875
LDLC * SmithZz,CounterTerrorist,1466.852,1007.984,151.5666,CZ,100,100,-77.36488,-227.1886,0,False,False,False,260.5078,5.273438
LDLC * SmithZz,CounterTerrorist,1462.944,995.3139,150.8338,Knife,100,100,-67.70424,-237.3445,0,False,False,False,262.9688,5.625
LDLC * SmithZz,CounterTerrorist,1459.118,980.1806,150.2409,Knife,100,100,-55.76058,-243.7022,0,False,False,False,265.0781,5.976563
LDLC * SmithZz,CounterTerrorist,1455.715,962.937,149.4681,Knife,100,100,-42.77053,-246.3142,0,False,False,False,267.1875,6.328125
LDLC * SmithZz,CounterTerrorist,1453.395,947.4862,148.6321,Knife,100,100,-33.04745,-247.8061,0,False,False,False,268.2422,6.679688
LDLC * SmithZz,CounterTerrorist,1451.807,934.1039,147.9274,HE,100,100,-26.36556,-243.5772,0,False,False,False,268.2422,6.679688
LDLC * SmithZz,CounterTerrorist,1450.195,916.9533,147.0436,HE,100,100,-20.51951,-244.1392,0,False,False,False,268.2422,6.679688
LDLC * SmithZz,CounterTerrorist,1449.177,903.5937,146.3661,HE,100,100,-17.30276,-244.3883,0,False,False,False,268.2422,6.679688
LDLC * SmithZz,CounterTerrorist,1448.08,886.4022,144.9701,HE,100,100,-14.42857,-244.5748,0,False,False,False,268.2422,6.679688
LDLC * SmithZz,CounterTerrorist,1447.343,873.0241,144.2585,HE,100,100,-12.82522,-244.6641,0,False,False,False,268.2422,6.679688
LDLC * SmithZz,CounterTerrorist,1446.501,855.8181,143.1204,HE,100,100,-11.42124,-244.7336,0,False,False,False,267.8906,6.679688
LDLC * SmithZz,CounterTerrorist,1445.862,842.435,142.1192,HE,100,100,-12.51916,-244.6799,0,False,False,False,264.0234,7.382813
LDLC * SmithZz,CounterTerrorist,1445.331,825.2307,140.8479,HE,100,100,8.381025,-244.8566,0,False,False,False,251.7188,7.734375
LDLC * SmithZz,CounterTerrorist,1446.518,811.8884,139.9486,HE,100,100,29.12953,-243.2621,0,False,False,False,241.875,8.085938
LDLC * SmithZz,CounterTerrorist,1449.002,794.8427,138.8392,HE,100,100,38.94958,-241.8841,0,False,False,False,238.3594,8.4375
LDLC * SmithZz,CounterTerrorist,1451.624,779.7567,137.7241,HE,100,100,44.02494,-241.012,0,False,False,False,238.3594,8.4375
LDLC * SmithZz,CounterTerrorist,1454.508,764.7183,136.6271,HE,100,100,47.61187,-240.3292,0,False,False,False,238.3594,8.4375
LDLC * SmithZz,CounterTerrorist,1457.578,749.7169,135.5433,HE,100,100,50.19439,-239.8031,0,False,False,False,238.3594,8.4375
LDLC * SmithZz,CounterTerrorist,1460.346,736.6075,134.6037,HE,100,100,50.28968,-239.7831,0,False,False,False,235.1953,8.085938
LDLC * SmithZz,CounterTerrorist,1463.659,719.7031,133.402,HE,100,100,43.51915,-241.1039,0,False,False,False,229.5703,8.085938
LDLC * SmithZz,CounterTerrorist,1465.966,704.5673,132.246,HE,100,100,30.92397,-243.0405,0,False,False,False,222.1875,7.734375
LDLC * SmithZz,CounterTerrorist,1467.303,689.3168,131.2167,HE,100,100,13.15158,-244.6468,0,False,False,False,215.1563,7.382813
LDLC * SmithZz,CounterTerrorist,1469.058,676.042,130.1458,HE,100,100,43.88542,-241.0375,0,False,False,False,208.4766,7.382813
LDLC * SmithZz,CounterTerrorist,1472.483,661.1203,129.0932,HE,100,100,60.97812,-237.2903,0,False,False,False,201.4453,7.03125
LDLC * SmithZz,CounterTerrorist,1476.5,646.3442,128.1161,HE,100,100,65.47206,-236.0898,0,False,False,False,196.1719,6.679688
LDLC * SmithZz,CounterTerrorist,1479.469,631.5094,127.0244,HE,100,100,23.14764,-237.9247,0,False,False,False,190.8984,6.328125
LDLC * SmithZz,CounterTerrorist,1479.07,616.7021,125.9497,HE,100,100,-27.8801,-235.6501,0,False,False,False,186.6797,6.328125
LDLC * SmithZz,CounterTerrorist,1475.809,602.145,125.7588,HE,100,100,-69.90408,-230.4068,0,False,False,False,182.4609,5.625
LDLC * SmithZz,CounterTerrorist,1470.187,588.0124,125.2577,HE,100,100,-104.2149,-221.7301,0,False,False,False,178.5938,4.921875
LDLC * SmithZz,CounterTerrorist,1461.695,573.0389,124.4438,HE,100,100,-132.8523,-205.8525,0,False,False,False,174.7266,4.21875
LDLC * SmithZz,CounterTerrorist,1452.091,562.086,123.5235,HE,100,100,-170.3703,-148.2216,0,False,False,False,172.6172,3.515625
LDLC * SmithZz,CounterTerrorist,1440.354,554.6461,122.2624,HE,100,100,-200.0023,-98.32953,0,False,False,False,171.2109,2.460938
LDLC * SmithZz,CounterTerrorist,1427.057,549.88,120.8999,HE,100,100,-221.6848,-60.6344,0,False,False,False,170.8594,1.757813
LDLC * SmithZz,CounterTerrorist,1412.62,547.1402,119.4656,HE,100,100,-237.4908,-31.87755,0,False,False,False,169.8047,359.2969
LDLC * SmithZz,CounterTerrorist,1397.43,545.9636,118.1808,HE,100,100,-244.8201,-9.385981,0,False,False,False,169.1016,356.8359
LDLC * SmithZz,CounterTerrorist,1382.276,545.9685,117.8651,M4A1,100,100,-224.9485,4.812394,0,False,False,False,169.8047,355.4297
LDLC * SmithZz,CounterTerrorist,1368.129,547.4822,117.5984,Knife,100,100,-220.6236,49.16004,0,False,False,False,170.5078,355.7813
LDLC * SmithZz,CounterTerrorist,1356.481,552.7592,117.4535,Knife,100,100,-156.3647,110.5836,0,False,False,False,170.8594,355.7813
LDLC * SmithZz,CounterTerrorist,1349.472,560.158,118.2545,Knife,100,100,-108.9536,152.2499,0,False,False,False,171.2109,355.7813
LDLC * SmithZz,CounterTerrorist,1343.606,572.4936,120.1302,Knife,100,100,-65.60001,192.0248,0,False,False,False,172.6172,356.8359
LDLC * SmithZz,CounterTerrorist,1340.785,583.7378,121.6874,Knife,100,100,-42.14933,214.9396,0,False,False,False,173.6719,357.1875
LDLC * SmithZz,CounterTerrorist,1338.653,599.7518,123.3021,Knife,100,100,-22.46888,236.9417,0,False,False,False,175.7813,358.2422
LDLC * SmithZz,CounterTerrorist,1337.676,615.0715,124.334,Knife,100,100,-10.79485,249.7668,0,False,False,False,175.7813,358.2422
LDLC * SmithZz,CounterTerrorist,1337.32,630.6917,125.3277,Knife,100,100,-2.244749,249.9899,0,False,False,False,175.7813,358.2422
LDLC * SmithZz,CounterTerrorist,1337.393,646.3162,126.2743,Knife,100,100,3.53626,249.975,0,False,False,False,175.7813,358.2422
LDLC * SmithZz,CounterTerrorist,1337.765,661.9366,127.37,Knife,100,100,7.605507,249.8843,0,False,False,False,175.7813,358.2422
LDLC * SmithZz,CounterTerrorist,1338.394,675.5931,128.4523,Knife,100,100,16.86915,249.4302,0,False,False,False,163.125,357.5391
LDLC * SmithZz,CounterTerrorist,1340.017,693.0961,143.8848,Knife,100,100,23.46061,248.8968,255.1184,False,False,False,128.6719,0.3515625
LDLC * SmithZz,CounterTerrorist,1341.299,706.7077,156.6404,Knife,100,100,23.46061,248.8968,211.3684,False,False,False,98.78906,5.273438
LDLC * SmithZz,CounterTerrorist,1344.596,724.1017,169.5247,Knife,100,100,72.40084,244.6133,155.1184,False,False,False,80.15625,8.4375
LDLC * SmithZz,CounterTerrorist,1349.262,737.3311,176.8115,Knife,100,100,90.04008,240.8138,111.3684,False,False,False,76.28906,9.140625
LDLC * SmithZz,CounterTerrorist,1355.631,754.2538,182.6646,Knife,100,100,90.87766,240.6062,55.11838,False,False,False,75.9375,9.140625
LDLC * SmithZz,CounterTerrorist,1360.782,767.3646,184.4827,Knife,100,100,97.72738,238.7815,11.36838,False,False,False,74.53125,9.140625
LDLC * SmithZz,CounterTerrorist,1368.287,783.9578,183.3045,Knife,100,100,114.7734,233.3059,-44.88162,False,False,False,70.3125,8.789063
LDLC * SmithZz,CounterTerrorist,1376.12,798.2796,178.937,Knife,100,100,135.3646,224.8365,-94.88162,False,False,False,65.39063,8.4375
LDLC * SmithZz,CounterTerrorist,1383.741,801.3973,172.5519,Knife,100,100,139.5104,0,-138.6316,False,False,False,61.875,8.4375
LDLC * SmithZz,CounterTerrorist,1392.461,801.3973,162.325,Knife,100,100,139.5104,0,-188.6316,False,False,False,60.82031,7.734375
LDLC * SmithZz,CounterTerrorist,1402.27,801.3973,147.0843,Knife,100,100,139.5104,0,-244.8816,False,False,False,60.82031,7.382813
LDLC * SmithZz,CounterTerrorist,1409.832,803.9921,137.8312,Knife,100,100,96.52556,78.20839,0,False,False,False,61.875,7.03125
LDLC * SmithZz,CounterTerrorist,1413.704,809.7906,138.5398,Knife,100,100,52.83118,125.0026,0,False,False,False,63.63281,6.679688
LDLC * SmithZz,CounterTerrorist,1415.542,819.0495,139.7617,Knife,100,100,12.28831,164.1376,0,False,False,False,66.79688,5.976563
LDLC * SmithZz,CounterTerrorist,1414.873,831.8262,140.6139,Knife,100,100,-25.8181,193.9038,0,False,False,False,70.3125,5.273438
LDLC * SmithZz,CounterTerrorist,1414.432,844.7356,141.2914,Knife,100,100,5.935498,215.4937,0,False,False,False,71.36719,4.921875
LDLC * SmithZz,CounterTerrorist,1415.646,858.7935,141.7682,Knife,100,100,28.88126,231.5471,0,False,False,False,71.36719,4.921875
LDLC * SmithZz,CounterTerrorist,1417.691,871.6908,142.062,CZ,100,100,42.66514,236.1772,0,False,False,False,71.36719,4.570313
LDLC * SmithZz,CounterTerrorist,1421.156,888.2047,142.6422,CZ,100,100,53.85427,233.8797,0,False,False,False,71.36719,4.21875
LDLC * SmithZz,CounterTerrorist,1424.745,902.7687,148.309,CZ,100,100,58.91974,232.6552,286.3684,False,False,False,71.36719,4.570313
LDLC * SmithZz,CounterTerrorist,1427.967,915.4921,162.7735,Knife,100,100,58.91974,232.6552,242.6184,False,False,False,71.36719,5.273438
LDLC * SmithZz,CounterTerrorist,1431.65,930.0331,176.3747,Knife,100,100,58.91974,232.6552,192.6184,False,False,False,72.07031,5.976563
LDLC * SmithZz,CounterTerrorist,1435.793,946.3917,187.9407,Knife,100,100,58.91974,232.6552,136.3684,False,False,False,73.125,6.679688
LDLC * SmithZz,CounterTerrorist,1439.475,960.9327,194.9013,Knife,100,100,58.91974,232.6552,86.36838,False,False,False,73.47656,7.03125
LDLC * SmithZz,CounterTerrorist,1443.158,975.4738,198.7369,Knife,100,100,58.91974,232.6552,36.36838,False,False,False,73.47656,7.03125
LDLC * SmithZz,CounterTerrorist,1446.38,988.1971,199.5295,Knife,100,100,58.91974,232.6552,-7.381622,False,False,False,73.82813,7.03125
LDLC * SmithZz,CounterTerrorist,1450.063,1002.738,197.5057,Knife,100,100,58.91974,232.6552,-57.38162,False,False,False,74.53125,5.976563
LDLC * SmithZz,CounterTerrorist,1454.206,1019.097,191.4936,CZ,100,100,58.91974,232.6552,-113.6316,False,False,False,77.34375,3.867188
LDLC * SmithZz,CounterTerrorist,1457.888,1033.638,182.8292,CZ,100,100,58.91974,232.6552,-163.6316,False,False,False,81.21094,2.109375
LDLC * SmithZz,CounterTerrorist,1461.111,1046.361,172.6843,CZ,100,100,58.91974,232.6552,-207.3816,False,False,False,85.07813,1.40625
LDLC * SmithZz,CounterTerrorist,1465.254,1062.72,156.1253,CZ,100,100,58.91974,232.6552,-263.6316,False,False,False,91.05469,3.515625
LDLC * SmithZz,CounterTerrorist,1468.936,1077.261,167.1115,CZ,100,100,58.91974,232.6552,217.1237,False,False,False,100.1953,6.328125
LDLC * SmithZz,CounterTerrorist,1472.619,1091.802,179.1192,M4A1,100,100,58.91974,232.6552,167.1237,False,False,False,117.4219,7.03125
LDLC * SmithZz,CounterTerrorist,1476.302,1106.343,188.0019,M4A1,100,100,58.91974,232.6552,117.1237,False,False,False,144.1406,7.734375
LDLC * SmithZz,CounterTerrorist,1479.279,1119.132,193.2107,M4A1,100,100,46.18499,235.5643,73.37375,False,False,False,173.6719,8.789063
LDLC * SmithZz,CounterTerrorist,1481.208,1133.725,196.2341,M4A1,100,100,19.10566,229.5054,23.37375,False,False,False,207.0703,8.4375
LDLC * SmithZz,CounterTerrorist,1481.961,1149.486,195.8999,M4A1,100,100,9.668764,223.4424,-32.87625,False,False,False,221.1328,7.382813
LDLC * SmithZz,CounterTerrorist,1482.49,1161.705,192.9057,M4A1,100,100,9.668764,223.4424,-76.62625,False,False,False,221.1328,7.382813
LDLC * SmithZz,CounterTerrorist,1485.156,1175.138,185.5403,M4A1,100,100,82.92337,139.4408,-132.8763,False,False,False,221.1328,7.382813
LDLC * SmithZz,CounterTerrorist,1492.991,1180.812,175.673,M4A1,100,100,135.892,78.70119,-182.8763,False,False,False,221.1328,7.382813
LDLC * SmithZz,CounterTerrorist,1501.484,1185.731,162.6807,M4A1,100,100,135.892,78.70119,-232.8763,False,False,False,221.1328,7.382813
LDLC * SmithZz,CounterTerrorist,1509.075,1188.883,157.6601,M4A1,100,100,142.8094,31.09205,0,False,False,False,224.2969,8.085938
LDLC * SmithZz,CounterTerrorist,1519.84,1188.735,157.2104,M4A1,100,100,163.1531,-22.00351,0,False,False,False,243.2813,9.140625
LDLC * SmithZz,CounterTerrorist,1530.858,1186.758,156.4051,M4A1,100,100,186.3082,-35.85645,0,False,False,False,258.3984,7.382813
LDLC * SmithZz,CounterTerrorist,1540.515,1184.906,155.6866,M4A1,100,100,158.2646,-30.34072,0,False,False,False,260.8594,5.625
LDLC * SmithZz,CounterTerrorist,1548.605,1183.357,155.0851,M4A1,100,100,114.9289,-21.91672,0,False,False,False,259.4531,4.21875
LDLC * SmithZz,CounterTerrorist,1555.785,1181.972,154.6959,M4A1,100,100,114.8108,-22.52736,0,False,False,False,257.3438,3.515625
LDLC * SmithZz,CounterTerrorist,1562.952,1180.521,154.4309,M4A1,100,100,114.5524,-23.80626,0,False,False,False,255.9375,3.164063
LDLC * SmithZz,CounterTerrorist,1570.1,1178.981,154.1568,M4A1,100,100,114.2378,-25.27301,0,False,False,False,255.2344,3.164063
LDLC * SmithZz,CounterTerrorist,1577.23,1177.356,153.874,M4A1,100,100,113.9566,-26.51216,0,False,False,False,255.2344,3.164063
LDLC * SmithZz,CounterTerrorist,1584.344,1175.666,153.5846,M4A1,100,100,113.7393,-27.42933,0,False,False,False,255.2344,3.164063
LDLC * SmithZz,CounterTerrorist,1592.334,1173.707,153.2531,M4A1,100,100,113.5582,-28.16966,0,False,False,False,255.2344,3.164063
LDLC * SmithZz,CounterTerrorist,1599.428,1171.931,152.955,M4A1,100,100,113.4688,-28.52773,0,False,False,False,255.5859,3.515625
LDLC * SmithZz,CounterTerrorist,1605.638,1170.388,152.6952,M4A1,100,100,113.6902,-27.63223,0,False,False,False,260.1563,4.21875
LDLC * SmithZz,CounterTerrorist,1613.69,1168.716,152.3931,M4A1,100,100,115.4338,-19.0796,0,False,False,False,275.2734,5.976563
LDLC * SmithZz,CounterTerrorist,1620.056,1168.115,152.2302,M4A1,100,100,116.9396,-3.760351,0,False,False,False,295.3125,6.679688
LDLC * SmithZz,CounterTerrorist,1628.282,1168.158,152.1061,M4A1,100,100,116.9907,1.471196,0,False,False,False,323.7891,5.625
LDLC * SmithZz,CounterTerrorist,1635.572,1168.675,152.0468,M4A1,100,100,116.035,14.99568,0,False,False,False,344.1797,4.570313
LDLC * SmithZz,CounterTerrorist,1642.699,1170.271,152.0897,M4A1,100,100,112.035,33.72189,0,False,False,False,354.7266,4.570313
LDLC * SmithZz,CounterTerrorist,1649.516,1172.904,152.275,M4A1,100,100,106.7898,47.80097,0,False,False,False,354.7266,4.570313
LDLC * SmithZz,CounterTerrorist,1655.31,1175.615,152.4704,M4A1,100,100,107.9979,45.00509,0,False,False,False,354.7266,4.570313
LDLC * SmithZz,CounterTerrorist,1662.283,1177.793,152.5911,M4A1,100,100,113.6671,27.72717,0,False,False,False,354.7266,4.570313
LDLC * SmithZz,CounterTerrorist,1669.48,1179.07,152.6091,M4A1,100,100,115.9809,15.40909,0,False,False,False,354.7266,4.570313
LDLC * SmithZz,CounterTerrorist,1676.762,1179.717,152.5678,M4A1,100,100,116.7957,6.910982,0,False,False,False,354.7266,4.570313
LDLC * SmithZz,CounterTerrorist,1684.08,1179.942,152.5038,CZ,100,100,118.2595,1.365324,0,False,False,False,354.7266,4.570313
LDLC * SmithZz,CounterTerrorist,1692.736,1179.858,152.4955,CZ,100,100,124.77,-2.735898,0,False,False,False,356.1328,4.570313
LDLC * SmithZz,CounterTerrorist,1700.535,1179.705,152.4733,CZ,100,100,124.7912,-1.481609,0,False,False,False,3.867188,3.867188
LDLC * SmithZz,CounterTerrorist,1708.333,1179.796,152.4718,CZ,100,100,124.7298,4.185748,0,False,False,False,10.19531,3.867188
LDLC * SmithZz,CounterTerrorist,1716.114,1180.321,152.498,CZ,100,100,124.2333,11.87944,0,False,False,False,15.46875,4.21875
LDLC * SmithZz,CounterTerrorist,1723.844,1181.354,152.5189,CZ,100,100,123.1712,20.09705,0,False,False,False,19.33594,4.570313
LDLC * SmithZz,CounterTerrorist,1731.489,1182.896,152.63,CZ,100,100,121.5582,28.26024,0,False,False,False,23.20313,4.921875
LDLC * SmithZz,CounterTerrorist,1739.009,1184.959,152.8106,CZ,100,100,119.254,36.7903,0,False,False,False,28.47656,5.273438
LDLC * SmithZz,CounterTerrorist,1746.357,1187.571,153.0734,CZ,100,100,116.0901,45.80539,0,False,False,False,33.75,5.625
LDLC * SmithZz,CounterTerrorist,1752.588,1190.353,153.3781,CZ,100,100,112.0822,54.88741,0,False,False,False,41.48438,6.328125
LDLC * SmithZz,CounterTerrorist,1760.176,1194.747,153.8946,CZ,100,100,104.0521,68.9072,0,False,False,False,53.08593,7.382813
LDLC * SmithZz,CounterTerrorist,1766.328,1199.531,154.4899,CZ,100,100,93.67822,82.45866,0,False,False,False,63.28125,7.734375
LDLC * SmithZz,CounterTerrorist,1771.771,1205.11,155.2112,CZ,100,100,82.00883,94.07226,0,False,False,False,67.5,7.03125
LDLC * SmithZz,CounterTerrorist,1776.324,1211.269,156.0302,CZ,100,100,85.70141,128.8995,0,False,False,False,67.85156,7.03125
LDLC * SmithZz,CounterTerrorist,1782.603,1221.937,157.4739,Knife,100,100,92.18995,168.7688,0,False,False,False,67.85156,7.03125
LDLC * SmithZz,CounterTerrorist,1788.517,1233.473,160.0313,Knife,100,100,95.921,195.8504,0,False,False,False,69.60938,7.382813
LDLC * SmithZz,CounterTerrorist,1794.484,1246.493,160.0313,Knife,100,100,94.17757,217.3794,0,False,False,False,74.17969,8.4375
LDLC * SmithZz,CounterTerrorist,1800.064,1260.73,160.0313,Knife,100,100,84.2369,235.3809,0,False,False,False,81.91406,9.140625
LDLC * SmithZz,CounterTerrorist,1804.174,1273.767,160.0313,Knife,100,100,68.11964,240.5405,0,False,False,False,86.83594,8.4375
LDLC * SmithZz,CounterTerrorist,1808.119,1290.891,160.0313,Knife,100,100,46.63469,245.6119,0,False,False,False,91.40625,7.382813
LDLC * SmithZz,CounterTerrorist,1810.407,1306.344,160.0313,Knife,100,100,29.08962,248.3018,0,False,False,False,93.86719,6.328125
LDLC * SmithZz,CounterTerrorist,1811.571,1319.965,160.0313,Knife,100,100,15.81182,249.4995,0,False,False,False,95.27343,5.625
LDLC * SmithZz,CounterTerrorist,1812.159,1337.531,160.0313,Knife,100,100,3.139573,249.9803,0,False,False,False,95.27343,5.625
LDLC * SmithZz,CounterTerrorist,1812.355,1353.155,177.1481,CZ,100,100,3.139573,249.9803,248.8684,False,False,False,95.27343,5.625
LDLC * SmithZz,CounterTerrorist,1812.551,1368.779,191.1399,CZ,100,100,3.139573,249.9803,198.8684,False,False,False,95.27343,5.625
LDLC * SmithZz,CounterTerrorist,1812.748,1384.403,202.0067,CZ,100,100,3.139573,249.9803,148.8684,False,False,False,95.27343,5.625
LDLC * SmithZz,CounterTerrorist,1812.919,1398.074,208.9517,M4A1,100,100,3.139573,249.9803,105.1184,False,False,False,95.27343,5.625
LDLC * SmithZz,CounterTerrorist,1813.14,1415.651,214.3654,M4A1,100,100,3.139573,249.9803,48.86838,False,False,False,95.27343,5.625
LDLC * SmithZz,CounterTerrorist,1813.336,1431.275,215.8572,M4A1,100,100,3.139573,249.9803,-1.131622,False,False,False,95.27343,5.625
LDLC * SmithZz,CounterTerrorist,1813.533,1446.899,214.224,M4A1,100,100,3.139573,249.9803,-51.13162,False,False,False,95.27343,5.625
LDLC * SmithZz,CounterTerrorist,1813.729,1462.523,209.4658,CZ,100,100,3.139573,249.9803,-101.1316,False,False,False,95.27343,5.625
LDLC * SmithZz,CounterTerrorist,1813.925,1478.147,201.5826,CZ,100,100,3.139573,249.9803,-151.1316,False,False,False,94.92187,5.625
LDLC * SmithZz,CounterTerrorist,1814.122,1493.771,190.5745,CZ,100,100,3.139573,249.9803,-201.1316,False,False,False,94.92187,4.921875
LDLC * SmithZz,CounterTerrorist,1814.318,1509.395,176.4413,CZ,100,100,3.139573,249.9803,-251.1316,False,False,False,94.92187,4.921875
LDLC * SmithZz,CounterTerrorist,1814.49,1523.066,161.5113,CZ,100,100,3.139573,249.9803,0,False,False,False,94.92187,4.921875
LDLC * SmithZz,CounterTerrorist,1814.71,1540.643,177.6138,CZ,100,100,3.139573,249.9803,200.8879,False,False,False,94.92187,4.921875
LDLC * SmithZz,CounterTerrorist,1814.907,1556.267,188.6068,CZ,100,100,3.139573,249.9803,150.8879,False,False,False,94.92187,5.273438
LDLC * SmithZz,CounterTerrorist,1815.103,1571.891,196.4749,M4A1,100,100,3.139573,249.9803,100.8879,False,False,False,94.92187,5.273438
LDLC * SmithZz,CounterTerrorist,1815.275,1585.562,200.7959,M4A1,100,100,3.139573,249.9803,57.13788,False,False,False,94.5703,5.625
LDLC * SmithZz,CounterTerrorist,1815.496,1603.139,202.836,M4A1,100,100,3.139573,249.9803,0.8878784,False,False,False,94.21874,6.328125
LDLC * SmithZz,CounterTerrorist,1815.692,1618.763,201.329,M4A1,100,100,3.139573,249.9803,-49.11212,False,False,False,94.21874,6.328125
LDLC * SmithZz,CounterTerrorist,1815.864,1632.434,197.4469,M4A1,100,100,3.139573,249.9803,-92.86212,False,False,False,94.21874,6.328125
LDLC * SmithZz,CounterTerrorist,1816.084,1650.011,188.9401,M4A1,100,100,3.139573,249.9803,-149.1121,False,False,False,94.21874,6.328125
LDLC * SmithZz,CounterTerrorist,1816.281,1665.635,178.0581,M4A1,100,100,3.139573,249.9803,-199.1121,False,False,False,94.21874,6.328125
LDLC * SmithZz,CounterTerrorist,1816.477,1681.26,164.0512,M4A1,100,100,3.139573,249.9803,-249.1121,False,False,False,94.21874,6.328125
LDLC * SmithZz,CounterTerrorist,1816.138,1692.889,160.0313,M4A1,100,100,-18.19128,158.6619,0,False,False,False,94.21874,6.328125
LDLC * SmithZz,CounterTerrorist,1814.304,1702.023,160.0313,M4A1,100,100,-37.24805,137.3583,0,False,False,False,94.5703,6.328125
LDLC * SmithZz,CounterTerrorist,1811.911,1708.529,160.0313,M4A1,100,100,-46.73044,99.51491,0,False,False,False,94.5703,6.328125
LDLC * SmithZz,CounterTerrorist,1808.333,1714.724,160.0313,M4A1,100,100,-64.04121,97.91692,0,False,False,False,94.5703,6.328125
LDLC * SmithZz,CounterTerrorist,1803.996,1720.609,160.0313,M4A1,100,100,-72.98233,91.44714,0,False,False,False,94.92187,6.328125
LDLC * SmithZz,CounterTerrorist,1799.22,1726.144,160.0313,M4A1,100,100,-78.71156,86.56493,0,False,False,False,94.92187,6.328125
LDLC * SmithZz,CounterTerrorist,1794.813,1730.782,160.0313,M4A1,100,100,-81.80087,83.65175,0,False,False,False,94.92187,6.328125
LDLC * SmithZz,CounterTerrorist,1789.614,1735.924,160.0313,M4A1,100,100,-84.13055,81.30836,0,False,False,False,95.27343,6.328125
LDLC * SmithZz,CounterTerrorist,1784.291,1740.938,160.0313,M4A1,100,100,-85.8972,79.43972,0,False,False,False,95.62501,6.328125
LDLC * SmithZz,CounterTerrorist,1779.325,1746.284,160.0313,M4A1,100,100,-70.97429,93.01424,0,False,False,False,95.62501,6.328125
LDLC * SmithZz,CounterTerrorist,1775.521,1752.519,165.5313,M4A1,100,100,-53.621,103.9894,0,False,False,False,95.62501,6.328125
LDLC * SmithZz,CounterTerrorist,1772.343,1760.101,160.0313,M4A1,100,100,-39.2415,110.223,0,False,False,False,95.62501,6.328125
LDLC * SmithZz,CounterTerrorist,1770.218,1767.096,160.0313,M4A1,100,100,-30.38849,112.9847,0,False,False,False,95.62501,6.328125
LDLC * SmithZz,CounterTerrorist,1768.541,1774.213,160.0313,M4A1,100,100,-24.46529,114.4135,0,False,False,False,95.62501,6.328125
LDLC * SmithZz,CounterTerrorist,1766.239,1781.141,160.0313,M4A1,100,100,-45.82318,107.6533,0,False,False,False,90.70313,6.679688
LDLC * SmithZz,CounterTerrorist,1763.445,1786.895,160.0313,M4A1,100,100,-53.134,104.239,0,False,False,False,74.88281,8.085938
LDLC * SmithZz,CounterTerrorist,1760.293,1793.492,160.0313,M4A1,100,100,-45.70408,107.7039,0,False,False,False,47.46093,8.4375
LDLC * SmithZz,CounterTerrorist,1758.012,1801.377,160.0313,M4A1,100,100,-24.2722,114.4546,0,False,False,False,7.734375,8.085938
LDLC * SmithZz,CounterTerrorist,1757.005,1808.612,160.0313,M4A1,100,100,-6.617908,116.8127,0,False,False,False,329.7656,7.734375
LDLC * SmithZz,CounterTerrorist,1757.667,1815.817,160.0313,M4A1,100,100,24.91459,111.859,0,False,False,False,299.8828,7.03125
LDLC * SmithZz,CounterTerrorist,1760.342,1822.272,160.0313,M4A1,100,100,55.80441,96.1216,0,False,False,False,287.5781,7.03125
LDLC * SmithZz,CounterTerrorist,1764.306,1828.233,160.0313,M4A1,100,100,63.91468,97.99956,0,False,False,False,287.5781,7.03125
LDLC * SmithZz,CounterTerrorist,1767.92,1834.536,160.0313,M4A1,100,100,47.12796,105.4358,0,False,False,False,287.5781,7.03125
LDLC * SmithZz,CounterTerrorist,1769.968,1841.494,160.0313,M4A1,100,100,22.52721,114.8108,0,False,False,False,287.5781,7.03125
LDLC * SmithZz,CounterTerrorist,1770.544,1848.677,160.0313,M4A1,100,100,-5.416858,111.5207,0,False,False,False,287.5781,7.03125
LDLC * SmithZz,CounterTerrorist,1769.265,1854.461,160.0313,M4A1,100,100,-35.71325,101.8053,0,False,False,False,287.5781,7.03125
LDLC * SmithZz,CounterTerrorist,1765.583,1861.257,160.0313,M4A1,100,100,-64.14594,93.17451,0,False,False,False,285.8203,7.382813
LDLC * SmithZz,CounterTerrorist,1760.958,1866.849,160.8966,M4A1,100,100,-79.75109,85.60818,0,False,False,False,285.4688,7.382813
LDLC * SmithZz,CounterTerrorist,1755.669,1871.894,162.0313,M4A1,100,100,-87.84846,77.27642,0,False,False,False,285.4688,7.382813
LDLC * SmithZz,CounterTerrorist,1750.716,1875.943,162.0313,M4A1,100,100,-92.34725,71.83998,0,False,False,False,285.4688,7.382813
LDLC * SmithZz,CounterTerrorist,1744.076,1880.798,162.0313,M4A1,100,100,-95.81357,67.14729,0,False,False,False,285.8203,7.382813
LDLC * SmithZz,CounterTerrorist,1738.015,1884.889,162.0313,M4A1,100,100,-97.79781,64.22293,0,False,False,False,286.5234,7.734375
LDLC * SmithZz,CounterTerrorist,1731.842,1888.808,162.0313,M4A1,100,100,-99.5099,61.53681,0,False,False,False,287.9297,8.085938
LDLC * SmithZz,CounterTerrorist,1725.567,1892.563,162.0313,M4A1,100,100,-101.03,59.00803,0,False,False,False,288.6328,8.085938
LDLC * SmithZz,CounterTerrorist,1720.008,1895.731,162.0313,M4A1,100,100,-102.0909,57.15287,0,False,False,False,289.3359,8.4375
LDLC * SmithZz,CounterTerrorist,1712.786,1899.671,162.0313,M4A1,100,100,-103.1406,55.23594,0,False,False,False,289.3359,8.4375
LDLC * SmithZz,CounterTerrorist,1706.316,1903.078,162.0313,M4A1,100,100,-103.7949,53.99647,0,False,False,False,289.3359,8.4375
LDLC * SmithZz,CounterTerrorist,1699.811,1906.419,162.0313,M4A1,100,100,-104.2747,53.06388,0,False,False,False,289.3359,8.4375
LDLC * SmithZz,CounterTerrorist,1694.099,1909.3,162.0313,M4A1,100,100,-104.5941,52.43153,0,False,False,False,289.6875,8.4375
LDLC * SmithZz,CounterTerrorist,1686.494,1910.093,162.0483,M4A1,100,100,-112.2368,0.07805327,0,False,False,False,289.6875,8.4375
LDLC * SmithZz,CounterTerrorist,1680.179,1910.098,162.0722,M4A1,100,100,-116.9731,0.07755159,0,False,False,False,289.6875,8.4375
LDLC * SmithZz,CounterTerrorist,1672.232,1910.107,162.123,M4A1,100,100,-105.4357,0.1709502,0,False,False,False,289.6875,8.4375
LDLC * SmithZz,CounterTerrorist,1666.171,1910.159,160.0313,M4A1,100,100,-91.02789,5.524203,0,False,False,False,289.6875,8.4375
LDLC * SmithZz,CounterTerrorist,1660.871,1911.834,160.0313,M4A1,100,100,-80.43554,41.71467,0,False,False,False,289.6875,8.4375
LDLC * SmithZz,CounterTerrorist,1656.13,1915.42,160.0313,M4A1,100,100,-72.63932,68.36897,0,False,False,False,289.6875,8.4375
LDLC * SmithZz,CounterTerrorist,1651.801,1920.414,160.0313,M4A1,100,100,-66.89697,88.00134,0,False,False,False,289.6875,8.4375
LDLC * SmithZz,CounterTerrorist,1648.277,1925.625,160.0313,M4A1,100,100,-62.0545,99.1879,0,False,False,False,289.6875,8.4375
LDLC * SmithZz,CounterTerrorist,1644.239,1932.79,160.0313,M4A1,100,100,-54.20452,103.6864,0,False,False,False,289.6875,8.4375
LDLC * SmithZz,CounterTerrorist,1641.916,1939.604,160.0313,M4A1,100,100,-24.0264,112.6246,0,False,False,False,289.6875,8.4375
LDLC * SmithZz,CounterTerrorist,1641.281,1945.931,160.0313,M4A1,100,100,-3.071133,116.9597,0,False,False,False,289.6875,8.4375
LDLC * SmithZz,CounterTerrorist,1641.864,1954.128,160.0313,M4A1,100,100,16.18096,115.8757,0,False,False,False,289.6875,8.4375
LDLC * SmithZz,CounterTerrorist,1643.296,1961.296,160.0313,M4A1,100,100,27.47221,113.729,0,False,False,False,289.6875,8.4375
LDLC * SmithZz,CounterTerrorist,1645.295,1968.329,160.0313,M4A1,100,100,35.09928,111.6111,0,False,False,False,289.3359,7.734375
LDLC * SmithZz,CounterTerrorist,1647.69,1975.237,160.0313,M4A1,100,100,40.60063,109.7296,0,False,False,False,287.9297,5.976563
LDLC * SmithZz,CounterTerrorist,1649.809,1981.271,160.0313,M4A1,100,100,31.78759,112.5991,0,False,False,False,286.875,4.21875
LDLC * SmithZz,CounterTerrorist,1651.217,1989.368,160.0313,M4A1,100,100,17.81846,115.6352,0,False,False,False,285.4688,2.8125
LDLC * SmithZz,CounterTerrorist,1652.594,1995.614,160.0313,M4A1,100,100,30.21915,113.0301,0,False,False,False,284.0625,1.757813
LDLC * SmithZz,CounterTerrorist,1655.785,2002.923,160.0313,M4A1,100,100,59.99612,94.18493,0,False,False,False,283.3594,1.054688
LDLC * SmithZz,CounterTerrorist,1659.258,2007.971,160.0313,M4A1,100,100,48.42319,70.3862,0,False,False,False,283.3594,1.054688
LDLC * SmithZz,CounterTerrorist,1661.809,2011.679,160.0313,M4A1,100,100,35.1818,51.13898,0,False,False,False,283.7109,1.054688
LDLC * SmithZz,CounterTerrorist,1663.395,2013.925,160.0313,M4A1,100,100,25.36276,29.39169,0,False,False,False,283.7109,1.054688
LDLC * SmithZz,CounterTerrorist,1664.7,2013.916,160.0313,CZ,100,100,16.75876,-17.59896,0,False,False,False,283.7109,1.054688
LDLC * SmithZz,CounterTerrorist,1665.82,2011.562,160.0313,CZ,100,100,16.62011,-45.39317,0,False,False,False,283.7109,1.054688
LDLC * SmithZz,CounterTerrorist,1666.823,2008.452,160.0313,CZ,100,100,19.8049,-65.40309,0,False,False,False,283.7109,1.40625
LDLC * SmithZz,CounterTerrorist,1668.389,2002.895,160.0313,M4A1,100,100,24.01874,-89.03979,0,False,False,False,283.0078,1.40625
LDLC * SmithZz,CounterTerrorist,1669.78,1997.579,160.0313,M4A1,100,100,26.41514,-102.8228,0,False,False,False,283.0078,1.40625
LDLC * SmithZz,CounterTerrorist,1671.407,1990.734,160.0313,M4A1,100,100,20.04648,-113.2559,0,False,False,False,283.0078,1.40625
LDLC * SmithZz,CounterTerrorist,1671.706,1986.265,160.0443,M4A1,100,100,-3.211628,-0.1496018,0,False,False,False,283.0078,1.40625
LDLC * SmithZz,CounterTerrorist,1671.411,1986.254,160.1037,M4A1,100,100,-4.922662,-0.151967,0,False,False,False,283.3594,1.40625
LDLC * SmithZz,CounterTerrorist,1671.108,1986.245,160.1503,M4A1,100,100,-6.027719,-0.1524999,0,False,False,False,283.3594,1.40625
LDLC * SmithZz,CounterTerrorist,1670.628,1986.234,160.2104,M4A1,100,100,-7.461903,-0.1529526,0,False,False,False,283.3594,1.40625
LDLC * SmithZz,CounterTerrorist,1670.185,1986.226,160.2573,M4A1,100,100,-8.57583,-0.153199,0,False,False,False,283.3594,1.40625
LDLC * SmithZz,CounterTerrorist,1669.327,1986.218,160.2983,M4A1,100,100,-20.21673,-0.0425492,0,False,False,False,283.7109,1.40625
LDLC * SmithZz,CounterTerrorist,1667.3,1986.215,160.3132,M4A1,100,100,-41.93663,-0.04267155,0,False,False,False,283.7109,1.40625
LDLC * SmithZz,CounterTerrorist,1663.914,1985.949,160.0313,M4A1,100,100,-63.7123,-8.124723,0,False,False,False,283.7109,1.40625
LDLC * SmithZz,CounterTerrorist,1659.171,1985.176,160.0313,M4A1,100,100,-84.94601,-15.47594,0,False,False,False,284.0625,1.757813
LDLC * SmithZz,CounterTerrorist,1653.791,1983.289,160.0313,M4A1,100,100,-84.95054,-43.08582,0,False,False,False,284.4141,1.757813
LDLC * SmithZz,CounterTerrorist,1648.405,1980.02,160.0313,M4A1,100,100,-87.22602,-51.646,0,False,False,False,284.7656,1.757813
LDLC * SmithZz,CounterTerrorist,1644.3,1977.589,160.0313,M4A1,100,100,-66.75,-39.52227,0,False,False,False,285.1172,2.109375
LDLC * SmithZz,CounterTerrorist,1640.463,1975.318,160.0313,M4A1,100,100,-44.88609,-26.57677,0,False,False,False,285.1172,2.109375
LDLC * SmithZz,CounterTerrorist,1638.372,1973.934,160.0313,M4A1,100,100,-22.75223,-25.70893,0,False,False,False,285.4688,2.109375
LDLC * SmithZz,CounterTerrorist,1637.726,1971.481,160.0313,M4A1,100,100,-2.759864,-48.91484,0,False,False,False,285.8203,2.460938
LDLC * SmithZz,CounterTerrorist,1637.913,1968.224,160.0313,M4A1,100,100,7.590887,-67.54487,0,False,False,False,286.1719,2.460938
LDLC * SmithZz,CounterTerrorist,1638.863,1962.569,160.0313,M4A1,100,100,17.84942,-89.86427,0,False,False,False,286.875,2.460938
LDLC * SmithZz,CounterTerrorist,1640.041,1957.235,160.0313,M4A1,100,100,24.09246,-102.8091,0,False,False,False,287.2266,2.8125
LDLC * SmithZz,CounterTerrorist,1641.754,1950.409,160.0313,M4A1,100,100,29.72237,-113.1617,0,False,False,False,288.2813,2.8125
LDLC * SmithZz,CounterTerrorist,1643.935,1942.477,160.0313,M4A1,100,100,31.95589,-112.5514,0,False,False,False,288.6328,3.164063
LDLC * SmithZz,CounterTerrorist,1645.723,1936.334,160.0313,M4A1,100,100,33.19924,-112.1909,0,False,False,False,288.6328,3.164063
LDLC * SmithZz,CounterTerrorist,1648.105,1928.46,160.0313,M4A1,100,100,34.35838,-111.8414,0,False,False,False,288.6328,3.164063
LDLC * SmithZz,CounterTerrorist,1651.031,1921.808,160.0313,M4A1,100,100,58.23636,-101.4473,0,False,False,False,288.6328,3.164063
LDLC * SmithZz,CounterTerrorist,1654.745,1916.606,160.0313,M4A1,100,100,74.21976,-90.44571,0,False,False,False,288.6328,3.164063
LDLC * SmithZz,CounterTerrorist,1660.498,1910.735,160.0313,M4A1,100,100,86.84191,-78.40587,0,False,False,False,288.6328,3.164063
LDLC * SmithZz,CounterTerrorist,1665.444,1906.679,160.0313,M4A1,100,100,92.77899,-71.28152,0,False,False,False,288.6328,2.8125
LDLC * SmithZz,CounterTerrorist,1672.153,1901.92,162.0313,M4A1,100,100,96.98038,-65.45078,0,False,False,False,286.875,2.8125
LDLC * SmithZz,CounterTerrorist,1678.279,1897.928,162.0313,M4A1,100,100,98.72345,-62.79076,0,False,False,False,286.5234,2.8125
LDLC * SmithZz,CounterTerrorist,1684.493,1894.072,162.0313,M4A1,100,100,99.88883,-60.91978,0,False,False,False,286.5234,2.8125
LDLC * SmithZz,CounterTerrorist,1690.766,1890.314,162.0313,M4A1,100,100,100.6991,-59.57083,0,False,False,False,286.5234,2.8125
LDLC * SmithZz,CounterTerrorist,1697.08,1886.627,162.0313,M4A1,100,100,101.2627,-58.60769,0,False,False,False,286.1719,2.8125
LDLC * SmithZz,CounterTerrorist,1703.493,1883.146,162.0313,M4A1,100,100,106.2557,-47.64995,0,False,False,False,285.4688,2.8125
LDLC * SmithZz,CounterTerrorist,1709.578,1881.217,162.0313,M4A1,100,100,113.9252,-26.6469,0,False,False,False,285.1172,2.460938
LDLC * SmithZz,CounterTerrorist,1717.726,1880.146,162.0313,M4A1,100,100,116.7628,-7.44566,0,False,False,False,283.0078,2.460938
LDLC * SmithZz,CounterTerrorist,1725.036,1880.061,162.0313,M4A1,100,100,116.9724,2.540469,0,False,False,False,280.5469,2.109375
LDLC * SmithZz,CounterTerrorist,1732.335,1879.851,162.0313,M4A1,100,100,116.2168,-13.51512,0,False,False,False,278.4375,1.757813
LDLC * SmithZz,CounterTerrorist,1739.467,1878.278,162.0313,M4A1,100,100,112.1742,-33.2559,0,False,False,False,276.6797,1.40625
LDLC * SmithZz,CounterTerrorist,1745.463,1876.053,162.0313,M4A1,100,100,107.705,-45.70148,0,False,False,False,275.625,1.054688
LDLC * SmithZz,CounterTerrorist,1753.156,1873.168,162.0313,M4A1,100,100,112.3814,-32.54876,0,False,False,False,274.9219,0.703125
LDLC * SmithZz,CounterTerrorist,1760.3,1871.627,162.0313,M4A1,100,100,115.4045,-19.25589,0,False,False,False,274.5703,0.703125
LDLC * SmithZz,CounterTerrorist,1767.56,1870.763,162.0313,M4A1,100,100,116.5628,-10.10484,0,False,False,False,274.5703,0.703125
LDLC * SmithZz,CounterTerrorist,1774.86,1870.357,162.0313,M4A1,100,100,116.927,-4.13079,0,False,False,False,274.2188,0.703125
LDLC * SmithZz,CounterTerrorist,1781.383,1870.248,162.0313,M4A1,100,100,127.6448,-0.1132034,0,False,False,False,274.2188,0.703125
LDLC * SmithZz,CounterTerrorist,1790.659,1870.428,162.0313,M4A1,100,100,162.9846,4.998779,0,False,False,False,274.2188,0.703125
LDLC * SmithZz,CounterTerrorist,1803.299,1870.951,162.0313,M4A1,100,100,191.7435,9.158813,0,False,False,False,274.2188,0.703125
LDLC * SmithZz,CounterTerrorist,1815.961,1871.621,162.0313,M4A1,100,100,210.1969,11.82814,0,False,False,False,274.2188,0.703125
LDLC * SmithZz,CounterTerrorist,1829.489,1872.105,162.0313,M4A1,100,100,216.9478,-6.892421,0,False,False,False,274.2188,0.703125
LDLC * SmithZz,CounterTerrorist,1842.871,1870.081,162.0313,M4A1,100,100,212.1243,-50.28543,0,False,False,False,274.2188,0.703125
LDLC * SmithZz,CounterTerrorist,1854.372,1866.41,160.4582,M4A1,100,100,209.156,-78.53395,0,False,False,False,275.2734,1.40625
LDLC * SmithZz,CounterTerrorist,1868.875,1860.11,160.0313,M4A1,100,100,204.3581,-94.14236,0,False,False,False,287.9297,4.21875
LDLC * SmithZz,CounterTerrorist,1881.728,1854.408,160.0313,M4A1,100,100,207.8376,-86.18896,0,False,False,False,304.4531,5.625
LDLC * SmithZz,CounterTerrorist,1894.57,1848.698,160.0313,M4A1,100,100,200.5402,-102.0227,0,False,False,False,315,5.273438
LDLC * SmithZz,CounterTerrorist,1905.254,1842.572,160.0313,CZ,100,100,192.7473,-119.4685,0,False,False,False,315,5.273438
LDLC * SmithZz,CounterTerrorist,1918.862,1833.236,159.4479,CZ,100,100,193.5623,-141.893,0,False,False,False,315,5.273438
LDLC * SmithZz,CounterTerrorist,1930.714,1824.043,160.0505,CZ,100,100,186.8878,-150.5754,0,False,False,False,315.3516,5.273438
LDLC * SmithZz,CounterTerrorist,1942.288,1814.503,160.3204,CZ,100,100,184.6144,-153.3542,0,False,False,False,319.9219,5.273438
LDLC * SmithZz,CounterTerrorist,1953.878,1804.981,160.3204,CZ,100,100,186.5833,-150.9526,0,False,False,False,324.8438,5.625
LDLC * SmithZz,CounterTerrorist,1965.683,1795.727,160.3204,CZ,100,100,190.6946,-145.7243,0,False,False,False,327.3047,5.273438
LDLC * SmithZz,CounterTerrorist,1977.451,1786.426,175.4685,CZ,100,100,188.2849,-148.8248,255.1184,False,False,False,325.5469,5.273438
LDLC * SmithZz,CounterTerrorist,1986.906,1777.132,188.224,CZ,100,100,165.3896,-179.3235,211.3684,False,False,False,319.9219,6.328125
LDLC * SmithZz,CounterTerrorist,1996.519,1765.154,199.8721,CZ,100,100,143.9895,-201.2426,161.3684,False,False,False,312.5391,7.03125
LDLC * SmithZz,CounterTerrorist,2004.536,1751.775,208.3952,CZ,100,100,117.2854,-222.1783,111.3684,False,False,False,304.8047,7.03125
LDLC * SmithZz,CounterTerrorist,2010.858,1737.273,213.7932,CZ,100,100,87.97383,-239.2928,61.36838,False,False,False,297.0703,6.679688
LDLC * SmithZz,CounterTerrorist,2015.053,1721.772,216.0663,CZ,100,100,50.09525,-253.9976,11.36838,False,False,False,286.875,6.328125
LDLC * SmithZz,CounterTerrorist,2016.271,1705.5,215.2144,CZ,100,100,-7.583386,-264.2281,-38.63162,False,False,False,274.9219,5.976563
LDLC * SmithZz,CounterTerrorist,2013.617,1689.016,211.2375,CZ,100,100,-68.60422,-261.4439,-88.63162,False,False,False,261.5625,5.273438
LDLC * SmithZz,CounterTerrorist,2005.91,1671.396,203.0281,CZ,100,100,-138.063,-240.3113,-144.8816,False,False,False,246.4453,4.570313
LDLC * SmithZz,CounterTerrorist,1995.369,1657.433,192.4105,CZ,100,100,-188.0608,-210.9058,-194.8816,False,False,False,234.4922,4.21875
LDLC * SmithZz,CounterTerrorist,1982.236,1645.401,178.668,CZ,100,100,-223.6701,-179.8894,-244.8816,False,False,False,224.6484,4.21875
LDLC * SmithZz,CounterTerrorist,1967.523,1634.964,161.8004,CZ,100,100,-242.5773,-158.583,0,False,False,False,219.0234,4.921875
LDLC * SmithZz,CounterTerrorist,1957.155,1630.279,160.0313,CZ,100,100,-179.7151,-59.98719,0,False,False,False,216.211,5.976563
LDLC * SmithZz,CounterTerrorist,1946.643,1627.824,160.0313,CZ,100,100,-200.8101,-34.27718,0,False,False,False,214.4531,7.03125
LDLC * SmithZz,CounterTerrorist,1933.395,1626.538,160.0313,CZ,100,100,-219.9491,-10.74881,0,False,False,False,213.3984,8.085938
LDLC * SmithZz,CounterTerrorist,1917.292,1626.634,160.0313,CZ,100,100,-235.3885,10.47711,0,False,False,False,211.289,9.140625
LDLC * SmithZz,CounterTerrorist,1902.38,1627.854,160.0313,CZ,100,100,-238.5912,25.96637,0,False,False,False,209.5313,9.84375
LDLC * SmithZz,CounterTerrorist,1889.363,1629.451,160.0313,CZ,100,100,-238.2651,21.93353,0,False,False,False,207.7734,9.84375
LDLC * SmithZz,CounterTerrorist,1874.397,1629.376,160.0313,CZ,100,100,-239.3976,-16.99348,0,False,False,False,206.0156,9.84375
LDLC * SmithZz,CounterTerrorist,1858.553,1625.946,160.0313,CZ,100,100,-207.6139,-79.16392,0,False,False,False,204.6094,9.492188
LDLC * SmithZz,CounterTerrorist,1846.677,1619.213,160.0313,CZ,100,100,-177.1228,-127.9807,0,False,False,False,207.0703,9.140625
LDLC * SmithZz,CounterTerrorist,1836.029,1610.607,173.1618,CZ,100,100,-169.9007,-138.3304,261.3684,False,False,False,216.9141,10.19531
LDLC * SmithZz,CounterTerrorist,1827.225,1602.561,186.2592,CZ,100,100,-138.263,-168.9574,217.6184,False,False,False,227.4609,11.60156
LDLC * SmithZz,CounterTerrorist,1820.418,1590.5,198.2979,CZ,100,100,-96.07076,-202.2227,167.6184,False,False,False,236.9531,12.30469
LDLC * SmithZz,CounterTerrorist,1814.908,1575.58,208.106,CZ,100,100,-65.39063,-218.6243,111.3684,False,False,False,245.7422,12.65625
LDLC * SmithZz,CounterTerrorist,1811.563,1561.619,213.5041,CZ,100,100,-44.43259,-226.671,61.36838,False,False,False,251.3672,12.30469
LDLC * SmithZz,CounterTerrorist,1809.383,1547.273,215.7772,CZ,100,100,-27.70161,-231.4988,11.36838,False,False,False,255.9375,11.95313
LDLC * SmithZz,CounterTerrorist,1808.055,1532.711,214.9253,CZ,100,100,-16.69139,-233.9681,-38.63162,False,False,False,258.75,10.89844
LDLC * SmithZz,CounterTerrorist,1807.401,1518.017,210.9483,CZ,100,100,-6.131671,-235.8183,-88.63162,False,False,False,261.2109,9.84375
LDLC * SmithZz,CounterTerrorist,1807.162,1505.106,204.905,CZ,100,100,-3.627375,-236.1895,-132.3816,False,False,False,261.9141,9.492188
LDLC * SmithZz,CounterTerrorist,1806.975,1490.339,195.0687,CZ,100,100,-2.529522,-236.3442,-182.3816,False,False,False,262.2656,9.140625
LDLC * SmithZz,CounterTerrorist,1806.807,1473.72,180.2675,CZ,100,100,-2.215598,-236.3875,-238.6316,False,False,False,262.2656,8.789063
LDLC * SmithZz,CounterTerrorist,1806.669,1458.945,163.7906,CZ,100,100,-2.215598,-236.3875,-288.6316,False,False,False,262.2656,8.4375
LDLC * SmithZz,CounterTerrorist,1806.574,1448.835,160.0313,CZ,100,100,-0.913648,-97.47932,0,False,False,False,262.2656,8.085938
LDLC * SmithZz,CounterTerrorist,1806.384,1443.278,160.0313,CZ,100,100,-5.208612,-104.7269,0,False,False,False,262.2656,8.085938
LDLC * SmithZz,CounterTerrorist,1805.922,1436.434,160.0313,CZ,100,100,-8.961451,-113.2575,0,False,False,False,262.2656,8.085938
LDLC * SmithZz,CounterTerrorist,1805.252,1429.046,160.0313,CZ,100,100,-11.97853,-122.0983,0,False,False,False,262.2656,8.085938
LDLC * SmithZz,CounterTerrorist,1804.44,1421.297,160.0313,CZ,100,100,-13.54946,-124.0623,0,False,False,False,262.2656,8.085938
LDLC * SmithZz,CounterTerrorist,1803.558,1413.547,160.0313,CZ,100,100,-14.48718,-123.9563,0,False,False,False,262.2656,8.085938
LDLC * SmithZz,CounterTerrorist,1802.627,1405.802,160.0313,CZ,100,100,-15.20064,-123.8708,0,False,False,False,261.9141,7.734375
LDLC * SmithZz,CounterTerrorist,1801.53,1397.096,160.0313,CZ,100,100,-15.95151,-123.7764,0,False,False,False,261.5625,7.382813
LDLC * SmithZz,CounterTerrorist,1800.636,1390.33,160.0313,CZ,100,100,-16.62504,-123.6877,0,False,False,False,261.2109,7.382813
LDLC * SmithZz,CounterTerrorist,1799.438,1381.637,160.0313,CZ,100,100,-17.31666,-123.5928,0,False,False,False,261.5625,7.03125
LDLC * SmithZz,CounterTerrorist,1798.48,1374.88,160.0313,CZ,100,100,-17.63408,-123.5479,0,False,False,False,261.5625,7.03125
LDLC * SmithZz,CounterTerrorist,1797.228,1366.195,160.0313,CZ,100,100,-17.93491,-123.5046,0,False,False,False,261.5625,7.03125
LDLC * SmithZz,CounterTerrorist,1796.1,1358.477,160.0313,CZ,100,100,-18.1278,-123.4764,0,False,False,False,261.5625,7.03125
LDLC * SmithZz,CounterTerrorist,1795.105,1351.725,160.0313,CZ,100,100,-18.25434,-123.4578,0,False,False,False,261.5625,7.03125
LDLC * SmithZz,CounterTerrorist,1793.817,1343.045,160.0313,CZ,100,100,-18.37438,-123.4399,0,False,False,False,261.5625,7.03125
LDLC * SmithZz,CounterTerrorist,1792.837,1336.475,160.0313,M4A1,100,100,-17.28214,-115.7166,0,False,False,False,261.5625,7.03125
LDLC * SmithZz,CounterTerrorist,1791.619,1328.339,160.0313,M4A1,100,100,-17.35131,-115.7062,0,False,False,False,261.2109,7.03125
LDLC * SmithZz,CounterTerrorist,1790.667,1322.012,160.0313,M4A1,100,100,-17.4447,-115.6922,0,False,False,False,261.2109,7.03125
LDLC * SmithZz,CounterTerrorist,1789.431,1313.879,160.0313,M4A1,100,100,-17.77298,-115.6422,0,False,False,False,260.1563,6.679688
LDLC * SmithZz,CounterTerrorist,1788.287,1306.656,160.0313,M4A1,100,100,-18.80775,-115.4784,0,False,False,False,258.75,6.679688
LDLC * SmithZz,CounterTerrorist,1787.667,1299.386,160.0313,M4A1,100,100,1.157941,-116.9943,0,False,False,False,255.9375,6.328125
LDLC * SmithZz,CounterTerrorist,1788.282,1293.022,160.0313,M4A1,100,100,17.75551,-115.6449,0,False,False,False,253.125,5.976563
LDLC * SmithZz,CounterTerrorist,1790.044,1284.99,160.0313,M4A1,100,100,29.56148,-113.2039,0,False,False,False,248.5547,5.976563
LDLC * SmithZz,CounterTerrorist,1792.057,1277.96,160.0313,M4A1,100,100,33.58445,-112.0762,0,False,False,False,245.0391,5.976563
LDLC * SmithZz,CounterTerrorist,1793.914,1271.837,160.0313,M4A1,100,100,33.83176,-112.0018,0,False,False,False,240.1172,5.976563
LDLC * SmithZz,CounterTerrorist,1796.503,1265.01,160.0313,M4A1,100,100,50.48264,-105.5486,0,False,False,False,230.2734,5.273438
LDLC * SmithZz,CounterTerrorist,1800.522,1257.835,160.0313,M4A1,100,100,60.02191,-100.4309,0,False,False,False,214.8047,4.21875
LDLC * SmithZz,CounterTerrorist,1803.104,1253.535,160.0313,M4A1,100,100,25.99876,-42.30497,0,False,False,False,209.1797,3.867188
LDLC * SmithZz,CounterTerrorist,1803.565,1252.852,160.0313,M4A1,100,100,-4.172678,7.476974,0,False,False,False,209.1797,3.867188
LDLC * SmithZz,CounterTerrorist,1802.467,1254.819,160.0313,M4A1,100,100,-29.55902,52.96646,0,False,False,False,209.1797,3.867188
LDLC * SmithZz,CounterTerrorist,1800.12,1259.025,160.0313,M4A1,100,100,-52.3261,93.76254,0,False,False,False,209.1797,3.867188
LDLC * SmithZz,CounterTerrorist,1795.54,1267.237,160.0313,M4A1,100,100,-74.12199,133.3036,0,False,False,False,208.125,3.867188
LDLC * SmithZz,CounterTerrorist,1790.722,1276.639,160.0313,M4A1,100,100,-74.59716,163.8269,0,False,False,False,185.625,3.515625
LDLC * SmithZz,CounterTerrorist,1787.082,1287.789,160.0313,M4A1,100,100,-48.08923,188.2457,0,False,False,False,148.3594,2.109375
LDLC * SmithZz,CounterTerrorist,1784.763,1298.77,160.0313,CZ,100,100,-34.35398,209.3004,0,False,False,False,124.4531,0.3515625
LDLC * SmithZz,CounterTerrorist,1783.669,1312.436,160.0313,CZ,100,100,-4.816903,225.0032,0,False,False,False,117.7734,0.3515625
LDLC * SmithZz,CounterTerrorist,1784.373,1328.769,160.0313,Knife,100,100,20.67533,237.8269,0,False,False,False,117.7734,0.3515625
LDLC * SmithZz,CounterTerrorist,1785.999,1342.087,160.0313,Knife,100,100,35.94694,247.4021,0,False,False,False,117.7734,0.3515625
LDLC * SmithZz,CounterTerrorist,1789.044,1359.398,160.0313,Knife,100,100,48.42424,245.2654,0,False,False,False,117.7734,0.3515625
LDLC * SmithZz,CounterTerrorist,1792.34,1374.671,160.0313,Knife,100,100,55.65443,243.7265,0,False,False,False,117.7734,0.3515625
LDLC * SmithZz,CounterTerrorist,1796.074,1389.842,160.0313,Knife,100,100,63.7558,241.7337,0,False,False,False,113.2031,359.6484
LDLC * SmithZz,CounterTerrorist,1799.888,1402.97,160.0313,Knife,100,100,74.52132,238.6348,0,False,False,False,108.9844,0.3515625
LDLC * SmithZz,CounterTerrorist,1804.987,1417.738,160.0313,Knife,100,100,86.80479,234.446,0,False,False,False,106.875,0.3515625
LDLC * SmithZz,CounterTerrorist,1809.053,1434.756,160.0313,Knife,100,100,37.29784,247.2021,0,False,False,False,106.1719,0.703125
LDLC * SmithZz,CounterTerrorist,1810.23,1450.327,160.0313,Knife,100,100,6.063611,249.9265,0,False,False,False,105.4687,0.3515625
LDLC * SmithZz,CounterTerrorist,1809.927,1463.993,160.0313,Knife,100,100,-13.36448,249.6425,0,False,False,False,105.4687,0.3515625
LDLC * SmithZz,CounterTerrorist,1808.506,1479.551,160.0313,Knife,100,100,-29.18849,248.2902,0,False,False,False,105.1172,0.3515625
LDLC * SmithZz,CounterTerrorist,1805.954,1496.941,160.0313,Knife,100,100,-41.226,246.5774,0,False,False,False,105.1172,0.3515625
LDLC * SmithZz,CounterTerrorist,1803.411,1512.335,160.0313,Knife,100,100,-28.13427,246.9549,0,False,False,False,105.1172,0.3515625
LDLC * SmithZz,CounterTerrorist,1803.19,1525.887,160.0313,Knife,100,100,12.49533,248.398,0,False,False,False,105.1172,0.3515625
LDLC * SmithZz,CounterTerrorist,1805.238,1541.358,160.0313,Knife,100,100,46.74731,245.5905,0,False,False,False,105.1172,0.3515625
LDLC * SmithZz,CounterTerrorist,1807.523,1558.769,160.0313,Knife,100,100,16.2931,249.4685,0,False,False,False,105.1172,0.3515625
LDLC * SmithZz,CounterTerrorist,1807.639,1574.388,160.0313,Knife,100,100,-8.171282,249.8664,0,False,False,False,105.1172,0.3515625
LDLC * SmithZz,CounterTerrorist,1806.682,1588.024,160.0313,Knife,100,100,-23.90748,248.8542,0,False,False,False,105.8203,0.3515625
LDLC * SmithZz,CounterTerrorist,1804.68,1603.519,160.0313,Knife,100,100,-37.80262,247.1254,0,False,False,False,106.5234,0.3515625
LDLC * SmithZz,CounterTerrorist,1801.549,1620.814,160.0313,Knife,100,100,-49.28935,245.093,0,False,False,False,106.875,0.703125
LDLC * SmithZz,CounterTerrorist,1798.211,1636.078,160.0313,Knife,100,100,-56.24359,243.5912,0,False,False,False,107.2266,0.703125
LDLC * SmithZz,CounterTerrorist,1794.516,1651.259,160.0313,Knife,100,100,-61.11077,242.4159,0,False,False,False,107.2266,0.703125
LDLC * SmithZz,CounterTerrorist,1791.07,1664.49,160.0313,Knife,100,100,-64.36648,241.5719,0,False,False,False,107.5781,0.703125
LDLC * SmithZz,CounterTerrorist,1786.934,1679.557,160.0313,Knife,100,100,-67.51416,240.7111,0,False,False,False,107.9297,0.703125
LDLC * SmithZz,CounterTerrorist,1782.059,1696.445,160.0313,Knife,100,100,-70.78333,239.7702,0,False,False,False,108.6328,1.054688
LDLC * SmithZz,CounterTerrorist,1777.22,1711.21,160.0313,Knife,100,100,-93.30978,226.9229,0,False,False,False,109.6875,1.40625
LDLC * SmithZz,CounterTerrorist,1770.895,1722.801,160.0313,Knife,100,100,-123.4956,198.0739,0,False,False,False,110.0391,1.40625
LDLC * SmithZz,CounterTerrorist,1763.687,1734.361,160.0313,Knife,100,100,-87.55035,140.4216,0,False,False,False,110.0391,1.40625
LDLC * SmithZz,CounterTerrorist,1759.281,1741.671,160.0313,Knife,100,100,-64.22048,113.0298,0,False,False,False,110.0391,1.40625
LDLC * SmithZz,CounterTerrorist,1755.929,1747.94,160.0313,Knife,100,100,-59.3042,115.685,0,False,False,False,110.3906,1.757813
LDLC * SmithZz,CounterTerrorist,1752.351,1755.234,160.0313,Knife,100,100,-56.18306,117.2325,0,False,False,False,113.5547,2.109375
LDLC * SmithZz,CounterTerrorist,1749.005,1762.234,160.0313,Knife,100,100,-48.13222,100.6533,0,False,False,False,120.2344,2.460938
LDLC * SmithZz,CounterTerrorist,1746.104,1768.015,160.0313,Knife,100,100,-41.91339,63.36794,0,False,False,False,137.1094,4.921875
LDLC * SmithZz,CounterTerrorist,1743.545,1770.001,160.0313,Knife,100,100,-47.17758,16.17033,0,False,False,False,160.6641,7.382813
LDLC * SmithZz,CounterTerrorist,1741.034,1769.185,160.0313,Knife,100,100,-22.6449,-29.27142,0,False,False,False,198.2813,9.140625
LDLC * SmithZz,CounterTerrorist,1740.73,1766.72,160.0313,Knife,100,100,8.93401,-44.69282,0,False,False,False,227.8125,7.734375
LDLC * SmithZz,CounterTerrorist,1742.344,1763.783,160.0313,Knife,100,100,38.40318,-47.99791,0,False,False,False,243.6328,5.273438
LDLC * SmithZz,CounterTerrorist,1744.644,1760.621,160.0313,Knife,100,100,42.60672,-67.06685,0,False,False,False,243.9844,4.921875
LDLC * SmithZz,CounterTerrorist,1747.715,1754.991,160.0313,Knife,100,100,44.44556,-89.33099,0,False,False,False,243.9844,4.921875
LDLC * SmithZz,CounterTerrorist,1750.18,1749.693,160.0313,Knife,100,100,45.49694,-102.0608,0,False,False,False,243.9844,4.921875
LDLC * SmithZz,CounterTerrorist,1753.057,1742.913,160.0313,Knife,100,100,46.39988,-112.9933,0,False,False,False,243.9844,4.921875
LDLC * SmithZz,CounterTerrorist,1756.348,1734.608,160.0313,Knife,100,100,46.90911,-121.2416,0,False,False,False,243.9844,4.921875
LDLC * SmithZz,CounterTerrorist,1758.877,1727.964,160.0313,Knife,100,100,45.91964,-121.6199,0,False,False,False,245.0391,5.273438
LDLC * SmithZz,CounterTerrorist,1761.783,1720.376,160.0313,Knife,100,100,47.44575,-121.0326,0,False,False,False,250.6641,5.625
LDLC * SmithZz,CounterTerrorist,1765.285,1711.934,160.0313,Knife,100,100,51.97119,-119.1595,0,False,False,False,254.8828,5.976563
LDLC * SmithZz,CounterTerrorist,1768.489,1705.087,160.0313,Knife,100,100,67.84875,-136.7741,0,False,False,False,256.9922,6.328125
LDLC * SmithZz,CounterTerrorist,1773.597,1695.486,160.0313,Knife,100,100,91.73959,-165.2349,0,False,False,False,258.75,6.679688
LDLC * SmithZz,CounterTerrorist,1780.047,1684.436,160.0313,Knife,100,100,111.681,-184.6132,0,False,False,False,261.2109,7.03125
LDLC * SmithZz,CounterTerrorist,1788.653,1670.871,160.0313,Knife,100,100,130.3651,-198.5987,0,False,False,False,262.9688,7.03125
LDLC * SmithZz,CounterTerrorist,1794.528,1659.317,160.0313,Knife,100,100,91.8321,-219.9849,0,False,False,False,263.6719,7.03125
LDLC * SmithZz,CounterTerrorist,1799.07,1644.892,160.0313,Knife,100,100,59.22997,-238.4075,0,False,False,False,263.6719,7.03125
LDLC * SmithZz,CounterTerrorist,1802.123,1627.642,160.0313,Knife,100,100,31.84866,-247.963,0,False,False,False,263.6719,7.03125
LDLC * SmithZz,CounterTerrorist,1803.467,1612.078,160.0313,Knife,100,100,14.30017,-249.5907,0,False,False,False,263.6719,7.03125
LDLC * SmithZz,CounterTerrorist,1804.153,1596.468,173.1618,Knife,100,100,10.76308,-249.7682,261.3684,False,False,False,263.6719,7.03125
LDLC * SmithZz,CounterTerrorist,1804.742,1582.809,186.2592,CZ,100,100,10.76308,-249.7682,217.6184,False,False,False,263.6719,6.679688
LDLC * SmithZz,CounterTerrorist,1805.499,1565.247,199.583,CZ,100,100,10.76308,-249.7682,161.3684,False,False,False,263.3203,6.679688
LDLC * SmithZz,CounterTerrorist,1806.172,1549.637,208.106,CZ,100,100,10.76308,-249.7682,111.3684,False,False,False,262.9688,6.679688
LDLC * SmithZz,CounterTerrorist,1806.844,1534.026,213.5041,M4A1,100,100,10.76308,-249.7682,61.36838,False,False,False,262.9688,6.679688
LDLC * SmithZz,CounterTerrorist,1807.433,1520.367,215.664,M4A1,100,100,10.76308,-249.7682,17.61838,False,False,False,262.9688,6.679688
LDLC * SmithZz,CounterTerrorist,1808.19,1502.806,214.9253,M4A1,100,100,10.76308,-249.7682,-38.63162,False,False,False,262.9688,6.679688
LDLC * SmithZz,CounterTerrorist,1808.863,1487.195,210.9483,M4A1,100,100,10.76308,-249.7682,-88.63162,False,False,False,262.2656,6.328125
LDLC * SmithZz,CounterTerrorist,1809.536,1471.585,203.8464,M4A1,100,100,10.76308,-249.7682,-138.6316,False,False,False,261.2109,5.625
LDLC * SmithZz,CounterTerrorist,1810.209,1455.975,193.6195,M4A1,100,100,10.76308,-249.7682,-188.6316,False,False,False,259.4531,4.570313
LDLC * SmithZz,CounterTerrorist,1810.797,1442.316,182.1074,M4A1,100,100,10.76308,-249.7682,-232.3816,False,False,False,258.0469,3.867188
LDLC * SmithZz,CounterTerrorist,1811.47,1426.705,166.0211,M4A1,100,100,10.76308,-249.7682,-282.3816,False,False,False,257.6953,3.515625
LDLC * SmithZz,CounterTerrorist,1811.945,1415.418,160.0313,M4A1,100,100,2.432051,-91.35851,0,False,False,False,256.9922,3.515625
LDLC * SmithZz,CounterTerrorist,1811.74,1409.435,160.0313,M4A1,100,100,-7.206382,-99.04903,0,False,False,False,256.6406,3.515625
LDLC * SmithZz,CounterTerrorist,1811.039,1402.979,160.0313,M4A1,100,100,-14.00693,-106.6439,0,False,False,False,256.6406,3.515625
LDLC * SmithZz,CounterTerrorist,1809.978,1396.037,160.0313,M4A1,100,100,-19.12446,-114.5525,0,False,False,False,256.6406,3.515625
LDLC * SmithZz,CounterTerrorist,1808.691,1388.839,160.0313,M4A1,100,100,-21.46604,-115.0139,0,False,False,False,256.6406,3.515625
LDLC * SmithZz,CounterTerrorist,1807.293,1381.661,160.0313,M4A1,100,100,-22.99137,-114.7188,0,False,False,False,256.6406,3.515625
LDLC * SmithZz,CounterTerrorist,1806.003,1375.394,160.0313,M4A1,100,100,-24.00122,-114.5117,0,False,False,False,256.2891,3.867188
LDLC * SmithZz,CounterTerrorist,1804.269,1367.353,160.0313,M4A1,100,100,-25.15376,-114.2641,0,False,False,False,256.2891,3.867188
LDLC * SmithZz,CounterTerrorist,1802.668,1360.218,160.0313,M4A1,100,100,-25.94147,-114.0879,0,False,False,False,255.9375,3.867188
LDLC * SmithZz,CounterTerrorist,1801.022,1353.093,160.0313,M4A1,100,100,-26.65558,-113.9231,0,False,False,False,255.5859,3.867188
LDLC * SmithZz,CounterTerrorist,1799.544,1346.867,160.0313,M4A1,100,100,-27.32229,-113.7651,0,False,False,False,255.2344,3.515625
LDLC * SmithZz,CounterTerrorist,1797.576,1338.88,160.0313,M4A1,100,100,-28.61202,-113.4476,0,False,False,False,253.8281,3.515625
LDLC * SmithZz,CounterTerrorist,1796.351,1332.608,160.0313,M4A1,100,100,-13.0976,-116.2646,0,False,False,False,251.7188,3.515625
LDLC * SmithZz,CounterTerrorist,1796.295,1325.304,160.0313,M4A1,100,100,7.258025,-116.7747,0,False,False,False,248.9063,3.867188
LDLC * SmithZz,CounterTerrorist,1797.368,1317.152,160.0313,M4A1,100,100,20.37308,-115.2126,0,False,False,False,245.3906,3.515625
LDLC * SmithZz,CounterTerrorist,1798.848,1309.991,160.0313,M4A1,100,100,25.42617,-114.2038,0,False,False,False,241.5234,3.515625
LDLC * SmithZz,CounterTerrorist,1800.482,1302.864,160.0313,M4A1,100,100,26.2501,-114.0172,0,False,False,False,237.3047,3.164063
LDLC * SmithZz,CounterTerrorist,1801.876,1296.619,160.0313,M4A1,100,100,24.61789,-114.3808,0,False,False,False,232.7344,2.8125
LDLC * SmithZz,CounterTerrorist,1803.281,1289.443,160.0313,M4A1,100,100,20.53022,-115.1847,0,False,False,False,228.5156,2.109375
LDLC * SmithZz,CounterTerrorist,1804.486,1281.306,160.0313,M4A1,100,100,14.35354,-116.1162,0,False,False,False,225,2.109375
LDLC * SmithZz,CounterTerrorist,1805.206,1274.03,160.0313,M4A1,100,100,9.458765,-116.617,0,False,False,False,223.5938,2.109375
LDLC * SmithZz,CounterTerrorist,1805.607,1267.644,160.0313,M4A1,100,100,5.809757,-116.8557,0,False,False,False,222.5391,2.460938
LDLC * SmithZz,CounterTerrorist,1805.854,1259.422,160.0313,M4A1,100,100,1.724671,-116.9873,0,False,False,False,220.7813,2.460938
LDLC * SmithZz,CounterTerrorist,1805.4,1252.193,160.0313,M4A1,100,100,-19.97789,-113.5022,0,False,False,False,219.375,2.460938
LDLC * SmithZz,CounterTerrorist,1803.206,1245.284,160.0313,M4A1,100,100,-45.56002,-107.7649,0,False,False,False,218.3203,2.460938
LDLC * SmithZz,CounterTerrorist,1800.22,1239.632,160.0313,M4A1,100,100,-60.60414,-100.0807,0,False,False,False,217.6172,2.460938
LDLC * SmithZz,CounterTerrorist,1795.424,1232.955,160.0313,M4A1,100,100,-73.43336,-91.08534,0,False,False,False,216.5625,2.460938
LDLC * SmithZz,CounterTerrorist,1790.548,1227.509,158.1551,M4A1,100,100,-81.25403,-84.18302,0,False,False,False,214.4531,3.164063
LDLC * SmithZz,CounterTerrorist,1785.253,1222.467,157.5092,M4A1,100,100,-87.15021,-78.06304,0,False,False,False,212.6953,3.164063
LDLC * SmithZz,CounterTerrorist,1779.654,1217.766,156.9172,M4A1,100,100,-91.19592,-73.29598,0,False,False,False,211.9922,3.515625
LDLC * SmithZz,CounterTerrorist,1774.594,1213.849,156.4302,M4A1,100,100,-93.37695,-70.49641,0,False,False,False,212.3437,3.515625
LDLC * SmithZz,CounterTerrorist,1767.967,1208.975,155.8293,M4A1,100,100,-94.63528,-68.79798,0,False,False,False,215.1563,3.515625
LDLC * SmithZz,CounterTerrorist,1762.808,1205.19,155.3628,M4A1,100,100,-93.84465,-69.8726,0,False,False,False,221.1328,3.515625
LDLC * SmithZz,CounterTerrorist,1755.632,1201.2,154.8983,M4A1,100,100,-106.9166,-47.51669,0,False,False,False,226.0547,3.867188
LDLC * SmithZz,CounterTerrorist,1748.747,1198.75,154.6517,M4A1,100,100,-112.1229,-33.42824,0,False,False,False,226.0547,3.867188
LDLC * SmithZz,CounterTerrorist,1742.537,1197.212,154.5265,M4A1,100,100,-114.4027,-24.51562,0,False,False,False,226.0547,3.867188
LDLC * SmithZz,CounterTerrorist,1734.432,1195.817,154.4515,M4A1,100,100,-115.8054,-16.6764,0,False,False,False,226.0547,3.867188
LDLC * SmithZz,CounterTerrorist,1727.173,1194.934,154.4371,M4A1,100,100,-116.3409,-12.40155,0,False,False,False,226.0547,3.867188
LDLC * SmithZz,CounterTerrorist,1719.891,1194.261,154.4538,M4A1,100,100,-116.5891,-9.796707,0,False,False,False,227.4609,3.867188
LDLC * SmithZz,CounterTerrorist,1712.602,1193.677,154.4718,M4A1,100,100,-116.6364,-9.216611,0,False,False,False,229.5703,3.515625
LDLC * SmithZz,CounterTerrorist,1705.313,1193.095,154.4086,M4A1,100,100,-116.6163,-9.468137,0,False,False,False,230.625,3.515625
LDLC * SmithZz,CounterTerrorist,1698.938,1192.55,154.3298,M4A1,100,100,-116.5332,-10.44103,0,False,False,False,232.3828,3.515625
LDLC * SmithZz,CounterTerrorist,1691.66,1191.84,154.2273,M4A1,100,100,-116.3724,-12.10226,0,False,False,False,233.789,3.515625
LDLC * SmithZz,CounterTerrorist,1683.445,1190.898,154.0911,M4A1,100,100,-121.4794,-15.30008,0,False,False,False,235.5469,3.867188
LDLC * SmithZz,CounterTerrorist,1674.538,1189.591,153.9022,M4A1,100,100,-157.1823,-25.32249,0,False,False,False,237.6563,3.867188
LDLC * SmithZz,CounterTerrorist,1663.775,1187.712,153.6306,M4A1,100,100,-181.8795,-27.94713,0,False,False,False,240.1172,4.21875
LDLC * SmithZz,CounterTerrorist,1653.466,1187.367,153.7387,M4A1,100,100,-193.2159,8.232341,0,False,False,False,242.2266,3.867188
LDLC * SmithZz,CounterTerrorist,1639.394,1189.272,154.1594,M4A1,100,100,-205.243,40.14249,0,False,False,False,243.9844,3.867188
LDLC * SmithZz,CounterTerrorist,1627.927,1192.018,154.6282,M4A1,100,100,-212.8042,56.98652,0,False,False,False,245.0391,3.867188
LDLC * SmithZz,CounterTerrorist,1612.831,1196.596,155.3469,M4A1,100,100,-213.8249,70.02791,0,False,False,False,245.7422,3.515625
LDLC * SmithZz,CounterTerrorist,1599.544,1201.201,156.0402,M4A1,100,100,-211.7719,76.01092,0,False,False,False,246.4453,3.515625
LDLC * SmithZz,CounterTerrorist,1587.999,1205.458,156.6696,M4A1,100,100,-210.6938,78.95006,0,False,False,False,247.5,3.164063
LDLC * SmithZz,CounterTerrorist,1574.853,1210.45,157.4015,M4A1,100,100,-210.1604,80.35915,0,False,False,False,248.5547,3.164063
LDLC * SmithZz,CounterTerrorist,1560.141,1216.087,158.2259,M4A1,100,100,-202.2376,77.45484,0,False,False,False,249.6094,3.164063
LDLC * SmithZz,CounterTerrorist,1551.332,1219.483,158.7475,M4A1,100,100,-91.17742,35.63975,0,False,False,False,249.6094,3.164063
LDLC * SmithZz,CounterTerrorist,1548.33,1219.708,158.9339,M4A1,100,100,-23.01807,-25.6151,0,False,False,False,249.6094,3.164063
LDLC * SmithZz,CounterTerrorist,1547.959,1216.602,158.6263,M4A1,100,100,-5.307353,-61.24984,0,False,False,False,249.9609,3.164063
LDLC * SmithZz,CounterTerrorist,1547.183,1212.058,158.1892,M4A1,100,100,-17.43403,-81.44756,0,False,False,False,250.3125,3.164063
LDLC * SmithZz,CounterTerrorist,1545.659,1207.343,157.7744,M4A1,100,100,-36.08126,-61.13134,0,False,False,False,250.6641,3.515625
LDLC * SmithZz,CounterTerrorist,1542.899,1204.877,157.6638,M4A1,100,100,-60.21096,-34.14872,0,False,False,False,251.0156,3.515625
LDLC * SmithZz,CounterTerrorist,1537.694,1203.469,157.7973,M4A1,100,100,-84.22255,-10.24426,0,False,False,False,252.4219,3.515625
LDLC * SmithZz,CounterTerrorist,1531.97,1203.326,158.0923,M4A1,100,100,-89.52361,1.024515,0,False,False,False,252.7734,3.515625
LDLC * SmithZz,CounterTerrorist,1527.245,1203.38,158.3539,M4A1,100,100,-65.51358,0.749742,0,False,False,False,252.7734,3.515625
LDLC * SmithZz,CounterTerrorist,1523.981,1203.543,158.4751,M4A1,100,100,-39.66937,11.01244,0,False,False,False,252.7734,3.515625
LDLC * SmithZz,CounterTerrorist,1522.598,1205.322,158.5724,M4A1,100,100,-10.8995,39.50114,0,False,False,False,252.7734,3.515625
LDLC * SmithZz,CounterTerrorist,1523.309,1207.767,158.7061,M4A1,100,100,25.84505,39.1975,0,False,False,False,252.4219,3.164063
LDLC * SmithZz,CounterTerrorist,1525.844,1210.314,158.8454,M4A1,100,100,51.57335,39.2289,0,False,False,False,252.4219,3.164063
LDLC * SmithZz,CounterTerrorist,1529.902,1211.903,158.9176,M4A1,100,100,74.65339,15.92251,0,False,False,False,251.7188,3.164063
LDLC * SmithZz,CounterTerrorist,1535.235,1212.272,158.8589,M4A1,100,100,92.79482,-1.19326,0,False,False,False,251.0156,3.515625
LDLC * SmithZz,CounterTerrorist,1541.521,1211.721,158.4603,M4A1,100,100,106,-14.25092,0,False,False,False,250.3125,3.515625
LDLC * SmithZz,CounterTerrorist,1548.491,1210.47,157.9508,M4A1,100,100,114.5315,-23.90662,0,False,False,False,249.9609,3.164063
LDLC * SmithZz,CounterTerrorist,1555.605,1208.78,157.5261,M4A1,100,100,113.3062,-29.16676,0,False,False,False,249.2578,3.164063
LDLC * SmithZz,CounterTerrorist,1562.193,1207,157.2355,M4A1,100,100,93.25843,-25.36842,0,False,False,False,248.2031,3.515625
LDLC * SmithZz,CounterTerrorist,1565.691,1206.223,157.0989,M4A1,100,100,27.78677,-2.986454,0,False,False,False,247.8516,3.164063
LDLC * SmithZz,CounterTerrorist,1565.587,1206.446,157.1168,CZ,100,100,-15.19641,6.527111,0,False,False,False,247.8516,3.164063
LDLC * SmithZz,CounterTerrorist,1564.171,1207.032,157.208,CZ,100,100,-33.92131,13.90841,0,False,False,False,247.8516,3.164063
LDLC * SmithZz,CounterTerrorist,1561.299,1208.2,157.376,CZ,100,100,-55.31981,22.34222,0,False,False,False,248.5547,3.164063
LDLC * SmithZz,CounterTerrorist,1556.466,1210.117,157.6537,M4A1,100,100,-79.16042,30.97292,0,False,False,False,249.6094,3.164063
LDLC * SmithZz,CounterTerrorist,1550.905,1212.253,158.0081,M4A1,100,100,-95.89787,36.35202,0,False,False,False,250.3125,3.164063
LDLC * SmithZz,CounterTerrorist,1544.457,1214.665,158.6118,M4A1,100,100,-108.2749,40.17794,0,False,False,False,250.3125,3.515625
LDLC * SmithZz,CounterTerrorist,1538.737,1216.788,159.1454,M4A1,100,100,-79.75053,29.59332,0,False,False,False,250.3125,3.515625
LDLC * SmithZz,CounterTerrorist,1534.99,1218.178,159.2658,M4A1,100,100,-60.53374,22.46247,0,False,False,False,250.3125,3.515625
LDLC * SmithZz,CounterTerrorist,1532.575,1219.083,159.3193,M4A1,100,100,-12.67337,5.031908,0,False,False,False,250.3125,3.515625
LDLC * SmithZz,CounterTerrorist,1533.157,1218.881,159.3139,M4A1,100,100,19.42928,-6.897112,0,False,False,False,250.3125,3.164063
LDLC * SmithZz,CounterTerrorist,1535.133,1218.18,159.2755,M4A1,100,100,41.10083,-14.60061,0,False,False,False,250.3125,3.164063
LDLC * SmithZz,CounterTerrorist,1538.976,1216.815,159.1354,M4A1,100,100,65.48473,-23.25743,0,False,False,False,250.3125,3.164063
LDLC * SmithZz,CounterTerrorist,1543.803,1215.102,158.6933,M4A1,100,100,85.67711,-30.38029,0,False,False,False,250.6641,3.164063
LDLC * SmithZz,CounterTerrorist,1548.925,1213.287,158.2244,M4A1,100,100,99.12933,-35.12327,0,False,False,False,250.6641,3.164063
LDLC * SmithZz,CounterTerrorist,1554.761,1211.219,157.7965,M4A1,100,100,52.85649,-18.73699,0,False,False,False,250.6641,3.164063
LDLC * SmithZz,CounterTerrorist,1555.899,1210.815,157.7348,M4A1,100,100,-3.223407,1.144982,0,False,False,False,250.3125,3.164063
LDLC * SmithZz,CounterTerrorist,1554.936,1211.157,157.777,M4A1,100,100,-24.89595,8.845674,0,False,False,False,250.3125,3.164063
LDLC * SmithZz,CounterTerrorist,1553.497,1211.668,157.8637,M4A1,100,100,-14.41298,5.121017,0,False,False,False,250.3125,3.164063
LDLC * SmithZz,CounterTerrorist,1553.245,1211.758,157.8637,M4A1,100,100,0,0,0,False,False,False,250.3125,3.164063
LDLC * SmithZz,CounterTerrorist,1553.507,1212.495,157.9508,M4A1,100,100,7.692454,21.60914,0,False,False,False,250.3125,3.164063
LDLC * SmithZz,CounterTerrorist,1554.59,1213.832,158.0748,M4A1,100,100,29.85985,25.28729,0,False,False,False,249.9609,3.164063
LDLC * SmithZz,CounterTerrorist,1557.274,1215.612,158.2206,M4A1,100,100,52.80989,31.37263,0,False,False,False,249.6094,3.164063
LDLC * SmithZz,CounterTerrorist,1561.101,1217.766,158.388,M4A1,100,100,46.33613,25.92214,0,False,False,False,249.2578,3.164063
LDLC * SmithZz,CounterTerrorist,1563.098,1218.883,158.4648,M4A1,100,100,29.15454,16.31013,0,False,False,False,248.9063,3.164063
LDLC * SmithZz,CounterTerrorist,1564.23,1219.517,158.5237,M4A1,100,100,9.518447,5.324971,0,False,False,False,248.9063,3.164063
LDLC * SmithZz,CounterTerrorist,1564.338,1219.577,158.5237,M4A1,100,100,0,0,0,False,False,False,248.9063,3.164063
LDLC * SmithZz,CounterTerrorist,1564.338,1219.577,158.5237,M4A1,100,100,0,0,0,False,False,False,248.9063,3.164063
LDLC * SmithZz,CounterTerrorist,1564.338,1219.577,158.5237,M4A1,100,100,0,0,0,False,False,False,248.9063,3.164063
LDLC * SmithZz,CounterTerrorist,1564.338,1219.577,158.5237,M4A1,100,100,0,0,0,False,False,False,248.9063,3.164063
LDLC * SmithZz,CounterTerrorist,1564.296,1219.593,158.5237,M4A1,100,100,-5.311362,2.033984,0,False,False,False,248.9063,3.164063
LDLC * SmithZz,CounterTerrorist,1563.209,1220.009,162.0313,M4A1,100,100,-26.79027,10.25933,0,False,False,False,248.9063,3.164063
LDLC * SmithZz,CounterTerrorist,1561.402,1220.701,162.0313,M4A1,100,100,-21.71238,8.314746,0,False,False,False,248.9063,3.164063
LDLC * SmithZz,CounterTerrorist,1560.789,1220.936,162.0313,M4A1,100,100,0,0,0,False,False,False,249.2578,3.164063
LDLC * SmithZz,CounterTerrorist,1560.789,1220.936,162.0313,M4A1,100,100,0,0,0,False,False,False,249.2578,3.164063
LDLC * SmithZz,CounterTerrorist,1560.789,1220.936,162.0313,M4A1,100,100,0,0,0,False,False,False,249.2578,3.164063
LDLC * SmithZz,CounterTerrorist,1560.789,1220.936,162.0313,M4A1,100,100,0,0,0,False,False,False,249.2578,3.164063
LDLC * SmithZz,CounterTerrorist,1560.789,1220.936,162.0313,M4A1,100,100,0,0,0,False,False,False,249.2578,3.164063
LDLC * SmithZz,CounterTerrorist,1560.789,1220.936,162.0313,M4A1,100,100,0,0,0,False,False,False,249.2578,3.164063
LDLC * SmithZz,CounterTerrorist,1560.789,1220.936,162.0313,M4A1,100,100,0,0,0,False,False,False,249.2578,3.164063
LDLC * SmithZz,CounterTerrorist,1560.789,1220.936,162.0313,M4A1,100,100,0,0,0,False,False,False,249.2578,3.164063
LDLC * SmithZz,CounterTerrorist,1560.789,1220.936,162.0313,M4A1,100,100,0,0,0,False,False,False,249.2578,3.164063
LDLC * SmithZz,CounterTerrorist,1561.081,1220.825,162.0313,M4A1,100,100,13.38181,-5.076889,0,False,False,False,249.2578,3.164063
LDLC * SmithZz,CounterTerrorist,1562.671,1220.214,162.0313,M4A1,100,100,34.79376,-13.47553,0,False,False,False,248.5547,3.164063
LDLC * SmithZz,CounterTerrorist,1565.643,1219.055,158.453,M4A1,100,100,37.66583,-14.71142,0,False,False,False,248.5547,3.164063
LDLC * SmithZz,CounterTerrorist,1567.261,1218.424,158.3611,M4A1,100,100,16.7077,-6.525651,0,False,False,False,248.5547,3.164063
LDLC * SmithZz,CounterTerrorist,1567.614,1218.286,158.341,M4A1,100,100,0,0,0,False,False,False,248.2031,3.164063
LDLC * SmithZz,CounterTerrorist,1567.614,1218.286,158.341,M4A1,100,100,0,0,0,False,False,False,248.2031,3.164063
LDLC * SmithZz,CounterTerrorist,1567.614,1218.286,158.341,M4A1,100,100,0,0,0,False,False,False,248.2031,3.164063
LDLC * SmithZz,CounterTerrorist,1567.614,1218.286,158.341,M4A1,100,100,0,0,0,False,False,False,248.2031,3.164063
LDLC * SmithZz,CounterTerrorist,1567.614,1218.286,158.341,M4A1,100,100,0,0,0,False,False,False,248.2031,3.164063
LDLC * SmithZz,CounterTerrorist,1567.614,1218.286,158.341,M4A1,100,100,0,0,0,False,False,False,248.2031,3.164063
LDLC * SmithZz,CounterTerrorist,1567.977,1219.2,158.4318,M4A1,100,100,9.523686,23.99134,0,False,False,False,248.2031,3.164063
LDLC * SmithZz,CounterTerrorist,1568.872,1221.45,162.0313,M4A1,100,100,18.06585,45.34624,0,False,False,False,248.2031,3.164063
LDLC * SmithZz,CounterTerrorist,1570.204,1224.787,162.0313,M4A1,100,100,20.31437,50.84169,0,False,False,False,248.2031,3.164063
LDLC * SmithZz,CounterTerrorist,1571.181,1227.23,162.0313,M4A1,100,100,11.96598,29.9478,0,False,False,False,247.8516,3.164063
LDLC * SmithZz,CounterTerrorist,1571.565,1227.969,162.0313,M4A1,100,100,1.123237,0,0,False,False,False,247.8516,3.164063
LDLC * SmithZz,CounterTerrorist,1571.666,1227.969,162.0313,M4A1,100,100,2.134114,0,0,False,False,False,247.8516,3.164063
LDLC * SmithZz,CounterTerrorist,1571.799,1227.969,162.0313,M4A1,100,100,2.134114,0,0,False,False,False,247.8516,3.164063
LDLC * SmithZz,CounterTerrorist,1571.933,1227.969,162.0313,M4A1,100,100,2.134114,0,0,False,False,False,247.8516,3.164063
LDLC * SmithZz,CounterTerrorist,1572.05,1227.969,162.0313,M4A1,100,100,0,0,0,False,False,False,247.8516,3.164063
LDLC * SmithZz,CounterTerrorist,1572.05,1227.969,162.0313,M4A1,100,100,0,0,0,False,False,False,247.8516,3.164063
LDLC * SmithZz,CounterTerrorist,1572.05,1227.969,162.0313,M4A1,100,100,0,0,0,False,False,False,247.8516,3.164063
LDLC * SmithZz,CounterTerrorist,1572.05,1227.969,162.0313,M4A1,100,100,0,0,0,False,False,False,247.8516,3.164063
LDLC * SmithZz,CounterTerrorist,1572.05,1227.969,162.0313,M4A1,100,100,0,0,0,False,False,False,247.8516,3.164063
LDLC * SmithZz,CounterTerrorist,1572.05,1227.969,162.0313,M4A1,100,100,0,0,0,False,False,False,247.8516,3.164063
LDLC * SmithZz,CounterTerrorist,1572.05,1227.969,162.0313,M4A1,100,100,0,0,0,False,False,False,247.8516,3.164063
LDLC * SmithZz,CounterTerrorist,1572.05,1227.969,162.0313,M4A1,100,100,0,0,0,False,False,False,247.8516,3.164063
LDLC * SmithZz,CounterTerrorist,1572.05,1227.969,162.0313,M4A1,100,100,0,0,0,False,False,False,247.8516,3.164063
LDLC * SmithZz,CounterTerrorist,1572.05,1227.969,162.0313,M4A1,100,100,0,0,0,False,False,False,247.8516,3.164063
LDLC * SmithZz,CounterTerrorist,1572.184,1227.969,162.0313,M4A1,100,100,2.134114,0,0,False,False,False,247.8516,3.164063
LDLC * SmithZz,CounterTerrorist,1572.334,1227.969,162.0313,M4A1,100,100,2.141237,0,0,False,False,False,247.8516,3.164063
LDLC * SmithZz,CounterTerrorist,1572.368,1227.969,162.0313,M4A1,100,100,0,0,0,False,False,False,247.8516,3.164063
LDLC * SmithZz,CounterTerrorist,1572.368,1227.969,162.0313,M4A1,100,100,0,0,0,False,False,False,247.8516,3.164063
LDLC * SmithZz,CounterTerrorist,1572.368,1227.969,162.0313,M4A1,100,100,0,0,0,False,False,False,247.8516,3.164063
LDLC * SmithZz,CounterTerrorist,1572.502,1227.969,162.0313,M4A1,100,100,2.144798,0,0,False,False,False,247.8516,3.164063
LDLC * SmithZz,CounterTerrorist,1572.602,1227.969,162.0313,M4A1,100,100,0,0,0,False,False,False,247.8516,3.164063
LDLC * SmithZz,CounterTerrorist,1572.602,1227.969,162.0313,M4A1,100,100,0,0,0,False,False,False,247.1484,2.8125
LDLC * SmithZz,CounterTerrorist,1572.602,1227.969,162.0313,M4A1,100,100,0,0,0,False,False,False,246.7969,2.8125
LDLC * SmithZz,CounterTerrorist,1572.602,1227.969,162.0313,M4A1,100,100,0,0,0,False,False,False,246.7969,2.8125
LDLC * SmithZz,CounterTerrorist,1572.602,1227.969,162.0313,M4A1,100,100,0,0,0,False,False,False,246.7969,2.8125
LDLC * SmithZz,CounterTerrorist,1572.602,1227.969,162.0313,M4A1,100,100,0,0,0,False,False,False,246.7969,2.8125
LDLC * SmithZz,CounterTerrorist,1573.782,1227.459,162.0313,M4A1,100,100,41.30793,-17.85091,0,False,False,False,246.4453,2.8125
LDLC * SmithZz,CounterTerrorist,1578.161,1225.56,159.1008,M4A1,100,100,91.63844,-39.80505,0,False,False,False,246.4453,2.8125
LDLC * SmithZz,CounterTerrorist,1586.384,1221.982,158.5836,M4A1,100,100,134.9704,-58.82936,0,False,False,False,246.4453,2.8125
LDLC * SmithZz,CounterTerrorist,1595.768,1217.882,157.9911,M4A1,100,100,153.6846,-67.25437,0,False,False,False,246.0938,2.8125
