Name,Team,Position.X,Position.Y,Position.Z,ActiveWeapon,HP,Armour,Velocity.X,Velocity.Y,Velocity.Z,IsDucking,HasHelmet,HasDefuseKit,ViewDirectionX,ViewDirectionY,Map = de_inferno
LDLC * kiobaNg/w/,CounterTerrorist,2480,2112,126.7755,USP,100,0,0,0,0,False,False,False,203.9063,359.6484
LDLC * kiobaNg/w/,CounterTerrorist,2480,2112,126.7755,USP,100,0,0,0,0,False,False,False,203.5547,359.6484
LDLC * kiobaNg/w/,CounterTerrorist,2480,2112,126.7755,USP,100,0,0,0,0,False,False,False,207.4219,0
LDLC * kiobaNg/w/,CounterTerrorist,2480,2112,126.7755,Knife,100,0,0,0,0,False,False,False,207.7734,0
LDLC * kiobaNg/w/,CounterTerrorist,2480,2112,126.7755,Knife,100,0,0,0,0,False,False,False,207.7734,0
LDLC * kiobaNg/w/,CounterTerrorist,2480,2112,126.7755,Knife,100,0,0,0,0,False,False,False,207.7734,0
LDLC * kiobaNg/w/,CounterTerrorist,2480,2112,126.7755,Knife,100,0,0,0,0,False,False,False,209.5313,0
LDLC * kiobaNg/w/,CounterTerrorist,2480,2112,126.7755,Knife,100,0,0,0,0,False,False,False,214.8047,0
LDLC * kiobaNg/w/,CounterTerrorist,2480,2112,126.7755,Knife,100,0,0,0,0,False,False,False,227.8125,358.9453
LDLC * kiobaNg/w/,CounterTerrorist,2480,2112,126.7755,Knife,100,0,0,0,0,False,False,False,241.1719,359.6484
LDLC * kiobaNg/w/,CounterTerrorist,2480,2112,126.7755,Knife,100,0,0,0,0,False,False,False,243.6328,359.2969
LDLC * kiobaNg/w/,CounterTerrorist,2480,2112,126.7755,Knife,100,0,0,0,0,False,False,False,243.6328,359.2969
LDLC * kiobaNg/w/,CounterTerrorist,2480,2112,126.7755,Knife,100,0,0,0,0,False,False,False,243.6328,359.2969
LDLC * kiobaNg/w/,CounterTerrorist,2480,2112,126.7755,Knife,100,0,0,0,0,False,False,False,243.6328,359.2969
LDLC * kiobaNg/w/,CounterTerrorist,2480,2112,126.7755,Knife,100,0,0,0,0,False,False,False,243.6328,359.2969
LDLC * kiobaNg/w/,CounterTerrorist,2480,2112,126.7755,Knife,100,100,0,0,0,False,True,True,243.6328,359.2969
LDLC * kiobaNg/w/,CounterTerrorist,2480,2112,126.7755,Knife,100,100,0,0,0,False,True,True,243.6328,359.2969
LDLC * kiobaNg/w/,CounterTerrorist,2480,2112,126.7755,Knife,100,100,0,0,0,False,True,True,243.6328,359.2969
LDLC * kiobaNg/w/,CounterTerrorist,2480,2112,126.7755,Knife,100,100,0,0,0,False,True,True,243.6328,359.2969
LDLC * kiobaNg/w/,CounterTerrorist,2480,2112,126.7755,Knife,100,100,0,0,0,False,True,True,243.6328,359.2969
LDLC * kiobaNg/w/,CounterTerrorist,2480,2112,126.7755,Knife,100,100,0,0,0,False,True,True,243.6328,359.2969
LDLC * kiobaNg/w/,CounterTerrorist,2480,2112,126.7755,Knife,100,100,0,0,0,False,True,True,243.6328,359.2969
LDLC * kiobaNg/w/,CounterTerrorist,2480,2112,126.7755,Knife,100,100,0,0,0,False,True,True,243.6328,359.2969
LDLC * kiobaNg/w/,CounterTerrorist,2480,2112,126.7755,Knife,100,100,0,0,0,False,True,True,243.6328,359.2969
LDLC * kiobaNg/w/,CounterTerrorist,2480,2112,126.7755,Smoke,100,100,0,0,0,False,True,True,243.6328,359.2969
LDLC * kiobaNg/w/,CounterTerrorist,2480,2112,126.7755,Smoke,100,100,0,0,0,False,True,True,243.6328,359.2969
LDLC * kiobaNg/w/,CounterTerrorist,2480,2112,126.7755,Smoke,100,100,0,0,0,False,True,True,243.6328,359.2969
LDLC * kiobaNg/w/,CounterTerrorist,2480,2112,126.7755,Smoke,100,100,0,0,0,False,True,True,243.6328,359.2969
LDLC * kiobaNg/w/,CounterTerrorist,2480,2112,126.7755,Smoke,100,100,0,0,0,False,True,True,243.6328,359.2969
LDLC * kiobaNg/w/,CounterTerrorist,2480,2112,126.7755,Smoke,100,100,0,0,0,False,True,True,243.6328,359.2969
LDLC * kiobaNg/w/,CounterTerrorist,2480,2112,126.7755,Smoke,100,100,0,0,0,False,True,True,243.6328,359.2969
LDLC * kiobaNg/w/,CounterTerrorist,2480,2112,126.7755,Smoke,100,100,0,0,0,False,True,True,243.6328,359.2969
LDLC * kiobaNg/w/,CounterTerrorist,2480,2112,126.7755,Smoke,100,100,0,0,0,False,True,True,243.6328,359.2969
LDLC * kiobaNg/w/,CounterTerrorist,2480,2112,126.7755,Smoke,100,100,0,0,0,False,True,True,243.6328,359.2969
LDLC * kiobaNg/w/,CounterTerrorist,2480,2112,126.7755,Smoke,100,100,0,0,0,False,True,True,243.6328,359.2969
LDLC * kiobaNg/w/,CounterTerrorist,2480,2112,126.7755,Knife,100,100,0,0,0,False,True,True,243.6328,359.2969
LDLC * kiobaNg/w/,CounterTerrorist,2480,2112,126.7755,Knife,100,100,0,0,0,False,True,True,243.6328,359.2969
LDLC * kiobaNg/w/,CounterTerrorist,2480,2112,126.7755,Knife,100,100,0,0,0,False,True,True,243.6328,359.2969
LDLC * kiobaNg/w/,CounterTerrorist,2480,2112,126.7755,Knife,100,100,0,0,0,False,True,True,243.6328,359.2969
LDLC * kiobaNg/w/,CounterTerrorist,2480,2112,126.7755,Knife,100,100,0,0,0,False,True,True,243.6328,359.2969
LDLC * kiobaNg/w/,CounterTerrorist,2480,2112,126.7755,Knife,100,100,0,0,0,False,True,True,243.6328,359.2969
LDLC * kiobaNg/w/,CounterTerrorist,2480,2112,126.7755,Knife,100,100,0,0,0,False,True,True,243.6328,359.2969
LDLC * kiobaNg/w/,CounterTerrorist,2480,2112,126.7755,Knife,100,100,0,0,0,False,True,True,243.6328,359.2969
LDLC * kiobaNg/w/,CounterTerrorist,2480,2112,126.7755,Knife,100,100,0,0,0,False,True,True,243.6328,359.2969
LDLC * kiobaNg/w/,CounterTerrorist,2480,2112,126.7755,Knife,100,100,0,0,0,False,True,True,243.6328,359.2969
LDLC * kiobaNg/w/,CounterTerrorist,2480,2112,126.7755,Knife,100,100,0,0,0,False,True,True,243.6328,359.2969
LDLC * kiobaNg/w/,CounterTerrorist,2480,2112,126.7755,Knife,100,100,0,0,0,False,True,True,243.6328,359.2969
LDLC * kiobaNg/w/,CounterTerrorist,2480,2112,126.7755,Knife,100,100,0,0,0,False,True,True,243.6328,359.2969
LDLC * kiobaNg/w/,CounterTerrorist,2480,2112,126.7755,Knife,100,100,0,0,0,False,True,True,243.6328,359.2969
LDLC * kiobaNg/w/,CounterTerrorist,2480,2112,126.7755,Knife,100,100,0,0,0,False,True,True,243.6328,359.2969
LDLC * kiobaNg/w/,CounterTerrorist,2480,2112,126.7755,Knife,100,100,0,0,0,False,True,True,243.6328,359.2969
LDLC * kiobaNg/w/,CounterTerrorist,2480,2112,126.7755,Knife,100,100,0,0,0,False,True,True,243.6328,359.2969
LDLC * kiobaNg/w/,CounterTerrorist,2480,2112,126.7755,Knife,100,100,0,0,0,False,True,True,243.6328,359.2969
LDLC * kiobaNg/w/,CounterTerrorist,2480,2112,126.7755,Knife,100,100,0,0,0,False,True,True,243.6328,359.2969
LDLC * kiobaNg/w/,CounterTerrorist,2480,2112,126.7755,Knife,100,100,0,0,0,False,True,True,243.6328,359.2969
LDLC * kiobaNg/w/,CounterTerrorist,2480,2112,126.7755,Knife,100,100,0,0,0,False,True,True,243.6328,359.2969
LDLC * kiobaNg/w/,CounterTerrorist,2480,2112,126.7755,Knife,100,100,0,0,0,False,True,True,243.6328,359.2969
LDLC * kiobaNg/w/,CounterTerrorist,2480,2112,126.7755,Knife,100,100,0,0,0,False,True,True,243.6328,359.2969
LDLC * kiobaNg/w/,CounterTerrorist,2480,2112,126.7755,Knife,100,100,0,0,0,False,True,True,243.6328,359.2969
LDLC * kiobaNg/w/,CounterTerrorist,2480,2112,126.7755,Knife,100,100,0,0,0,False,True,True,243.6328,359.2969
LDLC * kiobaNg/w/,CounterTerrorist,2480,2112,126.7755,Knife,100,100,0,0,0,False,True,True,243.6328,359.2969
LDLC * kiobaNg/w/,CounterTerrorist,2480,2112,126.7755,Knife,100,100,0,0,0,False,True,True,243.6328,359.2969
LDLC * kiobaNg/w/,CounterTerrorist,2480,2112,126.7755,Knife,100,100,0,0,0,False,True,True,243.6328,359.2969
LDLC * kiobaNg/w/,CounterTerrorist,2480,2112,126.7755,Knife,100,100,0,0,0,False,True,True,243.6328,359.2969
LDLC * kiobaNg/w/,CounterTerrorist,2480,2112,126.7755,Knife,100,100,0,0,0,False,True,True,243.6328,359.2969
LDLC * kiobaNg/w/,CounterTerrorist,2480,2112,126.7755,Knife,100,100,0,0,0,False,True,True,243.6328,359.2969
LDLC * kiobaNg/w/,CounterTerrorist,2480,2112,126.7755,Knife,100,100,0,0,0,False,True,True,243.6328,359.2969
LDLC * kiobaNg/w/,CounterTerrorist,2480,2112,126.7755,Knife,100,100,0,0,0,False,True,True,243.6328,359.2969
LDLC * kiobaNg/w/,CounterTerrorist,2480,2112,126.7755,Knife,100,100,0,0,0,False,True,True,243.6328,359.2969
LDLC * kiobaNg/w/,CounterTerrorist,2480,2112,126.7755,Knife,100,100,0,0,0,False,True,True,243.6328,359.2969
LDLC * kiobaNg/w/,CounterTerrorist,2480,2112,126.7755,Knife,100,100,0,0,0,False,True,True,243.6328,359.2969
LDLC * kiobaNg/w/,CounterTerrorist,2480,2112,126.7755,Knife,100,100,0,0,0,False,True,True,243.6328,359.2969
LDLC * kiobaNg/w/,CounterTerrorist,2480,2112,126.7755,Knife,100,100,0,0,0,False,True,True,243.6328,359.2969
LDLC * kiobaNg/w/,CounterTerrorist,2480,2112,126.7755,Knife,100,100,0,0,0,False,True,True,243.6328,359.2969
LDLC * kiobaNg/w/,CounterTerrorist,2480,2112,126.7755,Knife,100,100,0,0,0,False,True,True,243.6328,359.2969
LDLC * kiobaNg/w/,CounterTerrorist,2480,2112,126.7755,Knife,100,100,0,0,0,False,True,True,243.6328,359.2969
LDLC * kiobaNg/w/,CounterTerrorist,2480,2112,126.7755,Knife,100,100,0,0,0,False,True,True,243.6328,359.2969
LDLC * kiobaNg/w/,CounterTerrorist,2480,2112,126.7755,Knife,100,100,0,0,0,False,True,True,243.6328,359.2969
LDLC * kiobaNg/w/,CounterTerrorist,2480,2112,126.7755,Knife,100,100,0,0,0,False,True,True,243.6328,359.2969
LDLC * kiobaNg/w/,CounterTerrorist,2480,2112,126.7755,Knife,100,100,0,0,0,False,True,True,243.6328,359.2969
LDLC * kiobaNg/w/,CounterTerrorist,2480,2112,126.7755,Knife,100,100,0,0,0,False,True,True,243.6328,359.2969
LDLC * kiobaNg/w/,CounterTerrorist,2480,2112,126.7755,Knife,100,100,0,0,0,False,True,True,243.6328,359.2969
LDLC * kiobaNg/w/,CounterTerrorist,2480,2112,126.7755,Knife,100,100,0,0,0,False,True,True,243.6328,359.2969
LDLC * kiobaNg/w/,CounterTerrorist,2480,2112,126.7755,Knife,100,100,0,0,0,False,True,True,243.6328,359.2969
LDLC * kiobaNg/w/,CounterTerrorist,2480,2112,126.7755,Knife,100,100,0,0,0,False,True,True,243.6328,359.2969
LDLC * kiobaNg/w/,CounterTerrorist,2480,2112,126.7755,Knife,100,100,0,0,0,False,True,True,243.6328,359.2969
LDLC * kiobaNg/w/,CounterTerrorist,2480,2112,126.7755,Knife,100,100,0,0,0,False,True,True,243.6328,359.2969
LDLC * kiobaNg/w/,CounterTerrorist,2480,2112,126.7755,Knife,100,100,0,0,0,False,True,True,243.6328,359.2969
LDLC * kiobaNg/w/,CounterTerrorist,2480,2112,126.7755,Knife,100,100,0,0,0,False,True,True,243.6328,359.2969
LDLC * kiobaNg/w/,CounterTerrorist,2480,2112,126.7755,Knife,100,100,0,0,0,False,True,True,243.6328,359.2969
LDLC * kiobaNg/w/,CounterTerrorist,2480,2112,126.7755,Knife,100,100,0,0,0,False,True,True,243.6328,359.2969
LDLC * kiobaNg/w/,CounterTerrorist,2480,2112,126.7755,Knife,100,100,0,0,0,False,True,True,243.6328,359.2969
LDLC * kiobaNg/w/,CounterTerrorist,2480,2112,126.7755,Knife,100,100,0,0,0,False,True,True,243.6328,359.2969
LDLC * kiobaNg/w/,CounterTerrorist,2480,2112,126.7755,Knife,100,100,0,0,0,False,True,True,243.6328,359.2969
LDLC * kiobaNg/w/,CounterTerrorist,2480,2112,126.7755,Knife,100,100,0,0,0,False,True,True,243.6328,359.2969
LDLC * kiobaNg/w/,CounterTerrorist,2480,2112,126.7755,Knife,100,100,0,0,0,False,True,True,243.6328,359.2969
LDLC * kiobaNg/w/,CounterTerrorist,2480,2112,126.7755,Knife,100,100,0,0,0,False,True,True,243.6328,359.2969
LDLC * kiobaNg/w/,CounterTerrorist,2480,2112,126.7755,Knife,100,100,0,0,0,False,True,True,243.6328,359.2969
LDLC * kiobaNg/w/,CounterTerrorist,2480,2112,126.7755,Knife,100,100,0,0,0,False,True,True,243.6328,359.2969
LDLC * kiobaNg/w/,CounterTerrorist,2480,2112,126.7755,Knife,100,100,0,0,0,False,True,True,243.6328,359.2969
LDLC * kiobaNg/w/,CounterTerrorist,2480,2112,126.7755,Knife,100,100,0,0,0,False,True,True,243.6328,359.2969
LDLC * kiobaNg/w/,CounterTerrorist,2480,2112,126.7755,Knife,100,100,0,0,0,False,True,True,243.6328,359.2969
LDLC * kiobaNg/w/,CounterTerrorist,2480,2112,126.7755,Knife,100,100,0,0,0,False,True,True,243.6328,359.2969
LDLC * kiobaNg/w/,CounterTerrorist,2480,2112,126.7755,Knife,100,100,0,0,0,False,True,True,243.6328,359.2969
LDLC * kiobaNg/w/,CounterTerrorist,2480,2112,126.7755,Knife,100,100,0,0,0,False,True,True,243.6328,359.2969
LDLC * kiobaNg/w/,CounterTerrorist,2480,2112,126.7755,Knife,100,100,0,0,0,False,True,True,243.6328,359.2969
LDLC * kiobaNg/w/,CounterTerrorist,2480,2112,126.7755,Knife,100,100,0,0,0,False,True,True,243.6328,359.2969
LDLC * kiobaNg/w/,CounterTerrorist,2480,2112,126.7755,Knife,100,100,0,0,0,False,True,True,243.6328,359.2969
LDLC * kiobaNg/w/,CounterTerrorist,2480,2112,126.7755,Knife,100,100,0,0,0,False,True,True,243.6328,359.2969
LDLC * kiobaNg/w/,CounterTerrorist,2480,2112,126.7755,Knife,100,100,0,0,0,False,True,True,243.6328,359.2969
LDLC * kiobaNg/w/,CounterTerrorist,2480,2112,126.7755,Knife,100,100,0,0,0,False,True,True,243.6328,359.2969
LDLC * kiobaNg/w/,CounterTerrorist,2480,2112,126.7755,Knife,100,100,0,0,0,False,True,True,243.6328,359.2969
LDLC * kiobaNg/w/,CounterTerrorist,2480,2112,126.7755,Knife,100,100,0,0,0,False,True,True,243.6328,359.2969
LDLC * kiobaNg/w/,CounterTerrorist,2480,2112,126.7755,Knife,100,100,0,0,0,False,True,True,243.6328,359.2969
LDLC * kiobaNg/w/,CounterTerrorist,2480,2112,126.7755,Knife,100,100,0,0,0,False,True,True,243.6328,359.2969
LDLC * kiobaNg/w/,CounterTerrorist,2480,2112,126.7755,Knife,100,100,0,0,0,False,True,True,243.6328,359.2969
LDLC * kiobaNg/w/,CounterTerrorist,2480,2112,126.7755,Knife,100,100,0,0,0,False,True,True,243.6328,359.2969
LDLC * kiobaNg/w/,CounterTerrorist,2480,2112,126.7755,Knife,100,100,0,0,0,False,True,True,243.6328,359.2969
LDLC * kiobaNg/w/,CounterTerrorist,2480,2112,126.7755,Knife,100,100,0,0,0,False,True,True,243.6328,359.2969
LDLC * kiobaNg/w/,CounterTerrorist,2480,2112,126.7755,Knife,100,100,0,0,0,False,True,True,243.6328,359.2969
LDLC * kiobaNg/w/,CounterTerrorist,2480,2112,126.7755,Knife,100,100,0,0,0,False,True,True,243.6328,359.2969
LDLC * kiobaNg/w/,CounterTerrorist,2480,2112,126.7755,Knife,100,100,0,0,0,False,True,True,243.6328,359.2969
LDLC * kiobaNg/w/,CounterTerrorist,2480,2112,126.7755,Knife,100,100,0,0,0,False,True,True,243.6328,359.2969
LDLC * kiobaNg/w/,CounterTerrorist,2480,2112,126.7755,Knife,100,100,0,0,0,False,True,True,243.6328,359.2969
LDLC * kiobaNg/w/,CounterTerrorist,2480,2112,126.7755,Knife,100,100,0,0,0,False,True,True,243.6328,359.2969
LDLC * kiobaNg/w/,CounterTerrorist,2480,2112,126.7755,Knife,100,100,0,0,0,False,True,True,243.6328,359.2969
LDLC * kiobaNg/w/,CounterTerrorist,2480,2112,126.7755,Knife,100,100,0,0,0,False,True,True,243.6328,359.2969
LDLC * kiobaNg/w/,CounterTerrorist,2480,2112,126.7755,Knife,100,100,0,0,0,False,True,True,243.6328,359.2969
LDLC * kiobaNg/w/,CounterTerrorist,2480,2112,126.7755,Knife,100,100,0,0,0,False,True,True,243.6328,359.2969
LDLC * kiobaNg/w/,CounterTerrorist,2480,2112,126.7755,Knife,100,100,0,0,0,False,True,True,243.6328,359.2969
LDLC * kiobaNg/w/,CounterTerrorist,2480,2112,126.7755,Knife,100,100,0,0,0,False,True,True,243.6328,359.2969
LDLC * kiobaNg/w/,CounterTerrorist,2480,2112,126.7755,Knife,100,100,0,0,0,False,True,True,243.6328,359.2969
LDLC * kiobaNg/w/,CounterTerrorist,2480,2112,126.7755,Knife,100,100,0,0,0,False,True,True,243.6328,359.2969
LDLC * kiobaNg/w/,CounterTerrorist,2480,2112,126.7755,Knife,100,100,0,0,0,False,True,True,243.6328,359.2969
LDLC * kiobaNg/w/,CounterTerrorist,2480,2112,126.7755,Knife,100,100,0,0,0,False,True,True,243.6328,359.2969
LDLC * kiobaNg/w/,CounterTerrorist,2480,2112,126.7755,Knife,100,100,0,0,0,False,True,True,243.6328,359.2969
LDLC * kiobaNg/w/,CounterTerrorist,2480,2112,126.7755,Knife,100,100,0,0,0,False,True,True,243.6328,359.2969
LDLC * kiobaNg/w/,CounterTerrorist,2480,2112,126.7755,Knife,100,100,0,0,0,False,True,True,243.6328,359.2969
LDLC * kiobaNg/w/,CounterTerrorist,2480,2112,126.7755,Knife,100,100,0,0,0,False,True,True,243.6328,359.2969
LDLC * kiobaNg/w/,CounterTerrorist,2480,2112,126.7755,Knife,100,100,0,0,0,False,True,True,243.6328,359.2969
LDLC * kiobaNg/w/,CounterTerrorist,2480,2112,126.7755,Knife,100,100,0,0,0,False,True,True,243.6328,359.2969
LDLC * kiobaNg/w/,CounterTerrorist,2480,2112,126.7755,Knife,100,100,0,0,0,False,True,True,243.6328,359.2969
LDLC * kiobaNg/w/,CounterTerrorist,2480,2112,126.7755,Knife,100,100,0,0,0,False,True,True,243.6328,359.2969
LDLC * kiobaNg/w/,CounterTerrorist,2480,2112,126.7755,Knife,100,100,0,0,0,False,True,True,243.6328,359.2969
LDLC * kiobaNg/w/,CounterTerrorist,2480,2112,126.7755,Knife,100,100,0,0,0,False,True,True,243.6328,359.2969
LDLC * kiobaNg/w/,CounterTerrorist,2480,2112,126.7755,Knife,100,100,0,0,0,False,True,True,243.6328,359.2969
LDLC * kiobaNg/w/,CounterTerrorist,2480,2112,126.7755,Knife,100,100,0,0,0,False,True,True,243.6328,359.2969
LDLC * kiobaNg/w/,CounterTerrorist,2480,2112,126.7755,Knife,100,100,0,0,0,False,True,True,243.6328,359.2969
LDLC * kiobaNg/w/,CounterTerrorist,2480,2112,126.7755,Knife,100,100,0,0,0,False,True,True,243.6328,359.2969
LDLC * kiobaNg/w/,CounterTerrorist,2480,2112,126.7755,Knife,100,100,0,0,0,False,True,True,243.6328,359.2969
LDLC * kiobaNg/w/,CounterTerrorist,2480,2112,126.7755,Knife,100,100,0,0,0,False,True,True,243.6328,359.2969
LDLC * kiobaNg/w/,CounterTerrorist,2480,2112,126.7755,Knife,100,100,0,0,0,False,True,True,243.6328,359.2969
LDLC * kiobaNg/w/,CounterTerrorist,2480,2112,126.7755,Knife,100,100,0,0,0,False,True,True,243.6328,359.2969
LDLC * kiobaNg/w/,CounterTerrorist,2480,2112,126.7755,Knife,100,100,0,0,0,False,True,True,243.6328,359.2969
LDLC * kiobaNg/w/,CounterTerrorist,2480,2112,126.7755,Knife,100,100,0,0,0,False,True,True,243.6328,359.2969
LDLC * kiobaNg/w/,CounterTerrorist,2480,2112,126.7755,Knife,100,100,0,0,0,False,True,True,243.6328,359.2969
LDLC * kiobaNg/w/,CounterTerrorist,2480,2112,126.7755,Knife,100,100,0,0,0,False,True,True,243.6328,359.2969
LDLC * kiobaNg/w/,CounterTerrorist,2480,2112,126.7755,Knife,100,100,0,0,0,False,True,True,243.6328,359.2969
LDLC * kiobaNg/w/,CounterTerrorist,2480,2112,126.7755,Knife,100,100,0,0,0,False,True,True,243.6328,359.2969
LDLC * kiobaNg/w/,CounterTerrorist,2480,2112,126.7755,Knife,100,100,0,0,0,False,True,True,243.6328,359.2969
LDLC * kiobaNg/w/,CounterTerrorist,2480,2112,126.7755,Knife,100,100,0,0,0,False,True,True,243.6328,359.2969
LDLC * kiobaNg/w/,CounterTerrorist,2480,2112,126.7755,Knife,100,100,0,0,0,False,True,True,243.6328,359.2969
LDLC * kiobaNg/w/,CounterTerrorist,2480,2112,126.7755,Knife,100,100,0,0,0,False,True,True,243.6328,359.2969
LDLC * kiobaNg/w/,CounterTerrorist,2480,2112,126.7755,Knife,100,100,0,0,0,False,True,True,243.6328,359.2969
LDLC * kiobaNg/w/,CounterTerrorist,2480,2112,126.7755,Knife,100,100,0,0,0,False,True,True,243.6328,359.2969
LDLC * kiobaNg/w/,CounterTerrorist,2480,2112,126.7755,Knife,100,100,0,0,0,False,True,True,243.6328,359.2969
LDLC * kiobaNg/w/,CounterTerrorist,2480,2112,126.7755,Knife,100,100,0,0,0,False,True,True,243.6328,359.2969
LDLC * kiobaNg/w/,CounterTerrorist,2480,2112,126.7755,Knife,100,100,0,0,0,False,True,True,243.6328,359.2969
LDLC * kiobaNg/w/,CounterTerrorist,2480,2112,126.7755,Knife,100,100,0,0,0,False,True,True,243.6328,359.2969
LDLC * kiobaNg/w/,CounterTerrorist,2480,2112,126.7755,Knife,100,100,0,0,0,False,True,True,243.6328,359.2969
LDLC * kiobaNg/w/,CounterTerrorist,2480,2112,126.7755,Knife,100,100,0,0,0,False,True,True,243.6328,359.2969
LDLC * kiobaNg/w/,CounterTerrorist,2480,2112,126.7755,Knife,100,100,0,0,0,False,True,True,243.6328,359.2969
LDLC * kiobaNg/w/,CounterTerrorist,2480,2112,126.7755,Knife,100,100,0,0,0,False,True,True,243.6328,359.2969
LDLC * kiobaNg/w/,CounterTerrorist,2480,2112,126.7755,Knife,100,100,0,0,0,False,True,True,243.6328,359.2969
LDLC * kiobaNg/w/,CounterTerrorist,2480,2112,126.7755,Knife,100,100,0,0,0,False,True,True,243.6328,359.2969
LDLC * kiobaNg/w/,CounterTerrorist,2480,2112,126.7755,Knife,100,100,0,0,0,False,True,True,243.6328,359.2969
LDLC * kiobaNg/w/,CounterTerrorist,2480,2112,126.7755,Knife,100,100,0,0,0,False,True,True,243.6328,359.2969
LDLC * kiobaNg/w/,CounterTerrorist,2480,2112,126.7755,Knife,100,100,0,0,0,False,True,True,243.6328,359.2969
LDLC * kiobaNg/w/,CounterTerrorist,2480,2112,126.7755,Knife,100,100,0,0,0,False,True,True,243.6328,359.2969
LDLC * kiobaNg/w/,CounterTerrorist,2480,2112,126.7755,Knife,100,100,0,0,0,False,True,True,243.6328,359.2969
LDLC * kiobaNg/w/,CounterTerrorist,2480,2112,126.7755,Knife,100,100,0,0,0,False,True,True,243.6328,359.2969
LDLC * kiobaNg/w/,CounterTerrorist,2480,2112,126.7755,Knife,100,100,0,0,0,False,True,True,243.6328,359.2969
LDLC * kiobaNg/w/,CounterTerrorist,2480,2112,126.7755,Knife,100,100,0,0,0,False,True,True,243.6328,359.2969
LDLC * kiobaNg/w/,CounterTerrorist,2480,2112,126.7755,Knife,100,100,0,0,0,False,True,True,243.6328,359.2969
LDLC * kiobaNg/w/,CounterTerrorist,2480,2112,126.7755,Knife,100,100,0,0,0,False,True,True,243.6328,359.2969
LDLC * kiobaNg/w/,CounterTerrorist,2480,2112,126.7755,Knife,100,100,0,0,0,False,True,True,243.6328,359.2969
LDLC * kiobaNg/w/,CounterTerrorist,2480,2112,126.7755,Knife,100,100,0,0,0,False,True,True,243.6328,359.2969
LDLC * kiobaNg/w/,CounterTerrorist,2480,2112,126.7755,Knife,100,100,0,0,0,False,True,True,243.6328,359.2969
LDLC * kiobaNg/w/,CounterTerrorist,2480,2112,126.7755,Knife,100,100,0,0,0,False,True,True,243.6328,359.2969
LDLC * kiobaNg/w/,CounterTerrorist,2480,2112,126.7755,Knife,100,100,0,0,0,False,True,True,243.6328,359.2969
LDLC * kiobaNg/w/,CounterTerrorist,2480,2112,126.7755,Knife,100,100,0,0,0,False,True,True,243.6328,359.2969
LDLC * kiobaNg/w/,CounterTerrorist,2480,2112,126.7755,Knife,100,100,0,0,0,False,True,True,243.6328,359.2969
LDLC * kiobaNg/w/,CounterTerrorist,2479.346,2110.689,126.7299,Knife,100,100,-23.03127,-46.13298,0,False,True,True,243.6328,359.2969
LDLC * kiobaNg/w/,CounterTerrorist,2476.908,2105.806,126.5598,Knife,100,100,-50.68094,-101.5169,0,False,True,True,243.6328,359.2969
LDLC * kiobaNg/w/,CounterTerrorist,2472.97,2097.919,126.2851,Knife,100,100,-71.65026,-143.5196,0,False,True,True,243.6328,359.2969
LDLC * kiobaNg/w/,CounterTerrorist,2467.925,2087.813,125.9331,Knife,100,100,-87.09534,-174.457,0,False,True,True,243.6328,359.2969
LDLC * kiobaNg/w/,CounterTerrorist,2462.064,2076.073,125.5242,Knife,100,100,-98.47153,-197.2441,0,False,True,True,243.6328,359.2969
LDLC * kiobaNg/w/,CounterTerrorist,2456.437,2064.801,125.1316,Knife,100,100,-105.938,-212.1999,0,False,True,True,243.6328,359.2969
LDLC * kiobaNg/w/,CounterTerrorist,2448.714,2049.33,124.473,Knife,100,100,-111.6668,-223.675,0,False,True,True,243.6328,359.2969
LDLC * kiobaNg/w/,CounterTerrorist,2442.607,2037.098,123.7562,Knife,100,100,-111.6668,-223.675,0,False,True,True,243.6328,359.2969
LDLC * kiobaNg/w/,CounterTerrorist,2434.474,2021.596,123.0718,Knife,100,100,-129.5393,-209.4537,0,False,True,True,243.6328,359.2969
LDLC * kiobaNg/w/,CounterTerrorist,2424.954,2009.637,122.5543,Knife,100,100,-168.2929,-178.6171,0,False,True,True,243.6328,359.2969
LDLC * kiobaNg/w/,CounterTerrorist,2416.086,1999.298,123.0719,Knife,100,100,-156.7435,-194.7601,0,False,True,True,243.6328,359.2969
LDLC * kiobaNg/w/,CounterTerrorist,2405.644,1985.162,123.6463,Knife,100,100,-142.6384,-205.3151,0,False,True,True,243.6328,359.2969
LDLC * kiobaNg/w/,CounterTerrorist,2398.104,1973.759,123.8655,Knife,100,100,-134.6457,-210.6431,0,False,True,True,243.6328,359.2969
LDLC * kiobaNg/w/,CounterTerrorist,2389.96,1960.425,123.9651,Knife,100,100,-124.0131,-217.0732,0,False,True,True,243.6328,359.2969
LDLC * kiobaNg/w/,CounterTerrorist,2383.826,1944.45,123.83,Knife,100,100,-61.02226,-234.4118,0,False,True,True,243.6328,359.2969
LDLC * kiobaNg/w/,CounterTerrorist,2381.657,1931.309,123.6688,Knife,100,100,-25.00638,-244.3255,0,False,True,True,243.6328,359.2969
LDLC * kiobaNg/w/,CounterTerrorist,2379.616,1913.934,123.3938,Knife,100,100,-42.53761,-246.3545,0,False,True,True,243.6328,359.2969
LDLC * kiobaNg/w/,CounterTerrorist,2376.174,1898.698,123.437,Knife,100,100,-63.71157,-241.7454,0,False,True,True,243.6328,359.2969
LDLC * kiobaNg/w/,CounterTerrorist,2372.418,1883.548,124.2786,Knife,100,100,-44.33443,-245.9471,0,False,True,True,243.6328,359.2969
LDLC * kiobaNg/w/,CounterTerrorist,2370.983,1868.002,124.9616,Knife,100,100,-8.001044,-249.8719,0,False,True,True,243.6328,359.2969
LDLC * kiobaNg/w/,CounterTerrorist,2371.071,1852.38,125.5413,Knife,100,100,-5.722004,-249.9345,0,False,True,True,243.6328,359.2969
LDLC * kiobaNg/w/,CounterTerrorist,2369.525,1836.843,126.6602,Knife,100,100,-37.90994,-247.1089,0,False,True,True,243.6328,359.2969
LDLC * kiobaNg/w/,CounterTerrorist,2366.383,1821.541,127.7571,Knife,100,100,-52.45616,-244.4109,0,False,True,True,243.6328,359.2969
LDLC * kiobaNg/w/,CounterTerrorist,2364.516,1806.043,128.8834,Knife,100,100,-13.97639,-249.609,0,False,True,True,243.6328,359.2969
LDLC * kiobaNg/w/,CounterTerrorist,2364.672,1790.426,136.8227,Knife,100,100,13.93389,-249.6114,0,False,True,True,243.6328,359.2969
LDLC * kiobaNg/w/,CounterTerrorist,2364.151,1774.824,144.6239,Knife,100,100,-23.85953,-248.8588,0,False,True,True,243.6328,359.2969
LDLC * kiobaNg/w/,CounterTerrorist,2361.668,1759.405,152.3334,Knife,100,100,-50.68722,-244.8077,0,False,True,True,243.6328,359.2969
LDLC * kiobaNg/w/,CounterTerrorist,2358.704,1744.074,159.9987,Knife,100,100,-32.10983,-247.9293,0,False,True,True,243.6328,359.2969
LDLC * kiobaNg/w/,CounterTerrorist,2357.905,1730.433,160.0313,Knife,100,100,-2.64757,-249.986,0,False,True,True,243.6328,359.2969
LDLC * kiobaNg/w/,CounterTerrorist,2357.163,1712.886,160.0313,Knife,100,100,-26.99661,-248.5381,0,False,True,True,243.6328,359.2969
LDLC * kiobaNg/w/,CounterTerrorist,2354.518,1697.494,160.0313,Knife,100,100,-52.88277,-244.3428,0,False,True,True,243.6328,359.2969
LDLC * kiobaNg/w/,CounterTerrorist,2351.61,1684.139,160.0313,Knife,100,100,-41.52497,-246.5272,0,False,True,True,243.6328,359.2969
LDLC * kiobaNg/w/,CounterTerrorist,2350.305,1666.627,160.0313,Knife,100,100,-2.238269,-249.99,0,False,True,True,243.6328,359.2969
LDLC * kiobaNg/w/,CounterTerrorist,2349.217,1653.006,160.0313,Knife,100,100,-31.88606,-247.9582,0,False,True,True,243.6328,359.2969
LDLC * kiobaNg/w/,CounterTerrorist,2345.861,1635.76,160.0313,Knife,100,100,-58.77278,-242.9933,0,False,True,True,243.6328,359.2969
LDLC * kiobaNg/w/,CounterTerrorist,2342.173,1622.597,160.0313,Knife,100,100,-73.25122,-239.0277,0,False,True,True,243.6328,359.2969
LDLC * kiobaNg/w/,CounterTerrorist,2337.567,1605.679,160.0313,Knife,100,100,-45.80833,-245.145,0,False,True,True,243.6328,359.2969
LDLC * kiobaNg/w/,CounterTerrorist,2336.049,1590.144,160.0313,Knife,100,100,-9.140087,-249.8329,0,False,True,True,243.6328,359.2969
LDLC * kiobaNg/w/,CounterTerrorist,2337.436,1575.212,160.0313,Knife,100,100,52.17176,-225.4609,0,False,True,True,243.6328,359.2969
LDLC * kiobaNg/w/,CounterTerrorist,2342.717,1562.042,160.0313,Knife,100,100,107.1742,-200.3855,0,False,True,True,243.6328,359.2969
LDLC * kiobaNg/w/,CounterTerrorist,2349.749,1551.617,160.0313,Knife,100,100,143.2735,-183.928,0,False,True,True,243.6328,359.2969
LDLC * kiobaNg/w/,CounterTerrorist,2361.229,1539.326,160.0313,Knife,100,100,177.5262,-168.3123,0,False,True,True,243.6328,359.2969
LDLC * kiobaNg/w/,CounterTerrorist,2373.063,1529.231,160.0313,Knife,100,100,195.8812,-155.3402,0,False,True,True,243.6328,359.2969
LDLC * kiobaNg/w/,CounterTerrorist,2385.649,1519.978,160.0313,Knife,100,100,205.1055,-142.9397,0,False,True,True,243.6328,359.2969
LDLC * kiobaNg/w/,CounterTerrorist,2398.693,1511.377,160.0313,Knife,100,100,211.112,-133.9094,0,False,True,True,243.6328,359.2969
LDLC * kiobaNg/w/,CounterTerrorist,2410.351,1504.236,160.0313,Knife,100,100,214.5345,-128.3548,0,False,True,True,243.6328,359.2969
LDLC * kiobaNg/w/,CounterTerrorist,2425.557,1495.417,160.0313,Knife,100,100,217.4464,-123.3574,0,False,True,True,243.6328,359.2969
LDLC * kiobaNg/w/,CounterTerrorist,2439.212,1487.822,160.0313,Knife,100,100,219.1858,-120.2397,0,False,True,True,243.6328,359.2969
LDLC * kiobaNg/w/,CounterTerrorist,2452.956,1480.39,160.0313,Knife,100,100,220.4154,-117.9705,0,False,True,True,243.6328,359.2969
LDLC * kiobaNg/w/,CounterTerrorist,2466.764,1473.078,160.0313,Knife,100,100,221.2973,-116.3079,0,False,True,True,243.6328,359.2969
LDLC * kiobaNg/w/,CounterTerrorist,2480.619,1465.854,160.0313,Knife,100,100,221.9353,-115.0857,0,False,True,True,243.6328,359.2969
LDLC * kiobaNg/w/,CounterTerrorist,2494.507,1458.694,160.0313,Knife,100,100,222.3996,-114.1858,0,False,True,True,243.6328,359.2969
LDLC * kiobaNg/w/,CounterTerrorist,2507.774,1450.708,160.0313,Knife,100,100,198.0306,-145.7893,0,False,True,True,243.6328,359.2969
LDLC * kiobaNg/w/,CounterTerrorist,2517.799,1441.738,160.0313,Knife,100,100,173.2346,-176.5068,0,False,True,True,243.6328,359.2969
LDLC * kiobaNg/w/,CounterTerrorist,2528.951,1428.212,160.0313,Knife,100,100,147.0416,-202.185,0,False,True,True,243.6328,359.2969
LDLC * kiobaNg/w/,CounterTerrorist,2536.446,1416.782,160.0313,Knife,100,100,130.1622,-213.4427,0,False,True,True,243.6328,359.2969
LDLC * kiobaNg/w/,CounterTerrorist,2544.935,1401.394,160.0313,Knife,100,100,114.0386,-222.4751,0,False,True,True,243.6328,359.2969
LDLC * kiobaNg/w/,CounterTerrorist,2551.688,1387.305,160.0313,Knife,100,100,103.8814,-227.3954,0,False,True,True,243.6328,359.2969
LDLC * kiobaNg/w/,CounterTerrorist,2557.921,1372.978,160.0313,Knife,100,100,96.91047,-230.4525,0,False,True,True,243.6328,359.2969
LDLC * kiobaNg/w/,CounterTerrorist,2563.8,1358.501,160.0313,Knife,100,100,92.08086,-232.4244,0,False,True,True,243.6328,359.2969
LDLC * kiobaNg/w/,CounterTerrorist,2567.142,1345.573,160.0313,Knife,100,100,39.88285,-239.1217,0,False,True,True,243.6328,359.2969
LDLC * kiobaNg/w/,CounterTerrorist,2567.913,1328.499,160.0313,Knife,100,100,-9.644924,-245.4764,0,False,True,True,243.6328,359.2969
LDLC * kiobaNg/w/,CounterTerrorist,2566.47,1314.98,160.0313,Knife,100,100,-37.67796,-247.1444,0,False,True,True,243.6328,359.2969
LDLC * kiobaNg/w/,CounterTerrorist,2562.788,1297.8,160.0313,Knife,100,100,-62.6273,-242.0285,0,False,True,True,243.6328,359.2969
LDLC * kiobaNg/w/,CounterTerrorist,2558.318,1282.83,160.0313,Knife,100,100,-77.63067,-237.6415,0,False,True,True,243.6328,359.2969
LDLC * kiobaNg/w/,CounterTerrorist,2553.082,1268.11,160.0313,Knife,100,100,-87.98769,-234.0046,0,False,True,True,243.6328,359.2969
LDLC * kiobaNg/w/,CounterTerrorist,2548.068,1255.391,160.0313,Knife,100,100,-94.14323,-231.5967,0,False,True,True,243.6328,359.2969
LDLC * kiobaNg/w/,CounterTerrorist,2541.225,1239.2,160.0313,Knife,100,100,-99.53734,-229.3302,0,False,True,True,243.6328,359.2969
LDLC * kiobaNg/w/,CounterTerrorist,2534.883,1224.921,160.0313,Knife,100,100,-102.8371,-227.8696,0,False,True,True,243.6328,359.2969
LDLC * kiobaNg/w/,CounterTerrorist,2528.368,1210.719,160.0313,Knife,100,100,-105.2083,-226.7845,0,False,True,True,243.6328,359.2969
LDLC * kiobaNg/w/,CounterTerrorist,2522.564,1198.34,160.0313,Knife,100,100,-106.7433,-226.0661,0,False,True,True,243.6328,359.2969
LDLC * kiobaNg/w/,CounterTerrorist,2515,1182.473,160.0313,Knife,100,100,-108.1871,-225.3787,0,False,True,True,243.6328,359.2969
LDLC * kiobaNg/w/,CounterTerrorist,2508.205,1168.403,160.0313,Knife,100,100,-109.1082,-224.9342,0,False,True,True,243.6328,359.2969
LDLC * kiobaNg/w/,CounterTerrorist,2501.36,1154.357,160.0313,Knife,100,100,-109.7843,-224.605,0,False,True,True,243.6328,359.2969
LDLC * kiobaNg/w/,CounterTerrorist,2493.313,1141.194,160.0313,Knife,100,100,-147.5619,-195.7161,0,False,True,True,243.6328,359.2969
LDLC * kiobaNg/w/,CounterTerrorist,2482.868,1134.094,160.0313,Knife,100,100,-179.8679,9.58764,0,False,True,True,243.6328,359.2969
LDLC * kiobaNg/w/,CounterTerrorist,2472.031,1135.861,160.0313,Knife,100,100,0,41.38274,0,False,True,True,243.6328,359.2969
LDLC * kiobaNg/w/,CounterTerrorist,2472.031,1138.72,160.0313,Knife,100,100,0,36.37302,0,False,True,True,243.6328,359.2969
LDLC * kiobaNg/w/,CounterTerrorist,2472.031,1139.395,160.0313,Knife,100,100,0,0,0,False,True,True,243.6328,359.2969
LDLC * kiobaNg/w/,CounterTerrorist,2472.031,1139.341,160.0313,Knife,100,100,0,0,0,False,True,True,243.6328,359.2969
LDLC * kiobaNg/w/,CounterTerrorist,2472.031,1139.273,160.0313,Knife,100,100,0,0,0,False,True,True,243.6328,359.2969
LDLC * kiobaNg/w/,CounterTerrorist,2472.031,1139.191,160.0313,Knife,100,100,0,0,0,False,True,True,243.6328,359.2969
LDLC * kiobaNg/w/,CounterTerrorist,2472.031,1139.11,160.0313,Knife,100,100,0,0,0,False,True,True,243.6328,359.2969
LDLC * kiobaNg/w/,CounterTerrorist,2472.031,1139.1,160.0313,Knife,100,100,0,0,0,False,True,True,243.6328,359.2969
LDLC * kiobaNg/w/,CounterTerrorist,2472.506,1140.051,160.0313,Knife,100,100,19.4021,38.86354,0,False,True,True,243.6328,359.2969
LDLC * kiobaNg/w/,CounterTerrorist,2474.355,1143.756,160.0313,Knife,100,100,44.35775,88.85114,0,False,True,True,243.6328,359.2969
LDLC * kiobaNg/w/,CounterTerrorist,2479.093,1151.501,160.0313,Knife,100,100,102.0616,108.0652,0,False,True,True,243.6328,359.2969
LDLC * kiobaNg/w/,CounterTerrorist,2486.011,1158.825,160.0313,Knife,100,100,104.9061,111.0771,0,False,True,True,243.6328,359.2969
LDLC * kiobaNg/w/,CounterTerrorist,2491.552,1164.693,160.0313,Knife,100,100,77.26928,81.81453,0,False,True,True,243.6328,359.2969
LDLC * kiobaNg/w/,CounterTerrorist,2495.634,1169.015,160.0313,Knife,100,100,56.91317,60.261,0,False,True,True,243.6328,359.2969
LDLC * kiobaNg/w/,CounterTerrorist,2498.306,1171.843,160.0313,Knife,100,100,43.02302,45.55379,0,False,True,True,243.6328,359.2969
LDLC * kiobaNg/w/,CounterTerrorist,2499.274,1171.939,160.0313,Knife,100,100,-9.982777,-32.84168,0,False,True,True,243.6328,359.2969
LDLC * kiobaNg/w/,CounterTerrorist,2497.556,1167.883,160.0313,Knife,100,100,-40.42656,-89.42579,0,False,True,True,243.6328,359.2969
LDLC * kiobaNg/w/,CounterTerrorist,2494.161,1160.634,160.0313,Knife,100,100,-64.09734,-134.6139,0,False,True,True,243.6328,359.2969
LDLC * kiobaNg/w/,CounterTerrorist,2489.514,1150.999,160.0313,Knife,100,100,-81.5322,-167.8974,0,False,True,True,243.6328,359.2969
LDLC * kiobaNg/w/,CounterTerrorist,2483.947,1139.605,160.0313,Knife,100,100,-94.37395,-192.4127,0,False,True,True,243.6328,359.2969
LDLC * kiobaNg/w/,CounterTerrorist,2476.374,1128.376,160.0313,Knife,100,100,-141.1456,-168.4399,0,False,True,True,243.6328,359.2969
LDLC * kiobaNg/w/,CounterTerrorist,2466.394,1120.739,160.0313,Knife,100,100,-172.7084,-89.74451,0,False,True,True,243.6328,359.2969
LDLC * kiobaNg/w/,CounterTerrorist,2454.745,1117.258,160.0313,Knife,100,100,-195.9562,-31.78096,0,False,True,True,243.6328,359.2969
LDLC * kiobaNg/w/,CounterTerrorist,2441.86,1116.801,160.0313,Knife,100,100,-214.2313,6.020334,0,False,True,True,243.6328,359.2969
LDLC * kiobaNg/w/,CounterTerrorist,2427.867,1116.225,160.0313,Knife,100,100,-230.6732,-19.90844,0,False,True,True,243.6328,359.2969
LDLC * kiobaNg/w/,CounterTerrorist,2413.005,1114.28,160.0313,Knife,100,100,-242.7837,-39.00644,0,False,True,True,243.6328,359.2969
LDLC * kiobaNg/w/,CounterTerrorist,2398.136,1110.624,160.0313,Knife,100,100,-225.8454,-82.32143,0,False,True,True,243.6328,359.2969
LDLC * kiobaNg/w/,CounterTerrorist,2384.946,1103.751,156.2326,Knife,100,100,-200.6687,-129.3811,0,False,True,True,243.6328,359.2969
LDLC * kiobaNg/w/,CounterTerrorist,2373.084,1094.392,155.3941,Knife,100,100,-182.1247,-164.0432,0,False,True,True,243.6328,359.2969
LDLC * kiobaNg/w/,CounterTerrorist,2362.217,1083.274,154.5784,Knife,100,100,-169.7317,-183.5515,0,False,True,True,243.6328,359.2969
LDLC * kiobaNg/w/,CounterTerrorist,2350.667,1072.77,153.736,Knife,100,100,-194.7434,-156.7642,0,False,True,True,243.6328,359.2969
LDLC * kiobaNg/w/,CounterTerrorist,2339.933,1064.309,152.6831,Knife,100,100,-189.7214,-162.8059,0,False,True,True,243.6328,359.2969
LDLC * kiobaNg/w/,CounterTerrorist,2327.51,1051.89,151.3625,Knife,100,100,-167.0921,-185.9576,0,False,True,True,243.6328,359.2969
LDLC * kiobaNg/w/,CounterTerrorist,2317.629,1039.79,150.2538,Knife,100,100,-151.7065,-198.7087,0,False,True,True,243.6328,359.2969
LDLC * kiobaNg/w/,CounterTerrorist,2308.568,1027.063,149.3031,Knife,100,100,-140.2683,-206.9415,0,False,True,True,243.6328,359.2969
LDLC * kiobaNg/w/,CounterTerrorist,2300.106,1013.929,148.4006,Knife,100,100,-132.0395,-212.2865,0,False,True,True,243.6328,359.2969
LDLC * kiobaNg/w/,CounterTerrorist,2292.062,1000.534,147.5765,Knife,100,100,-126.4089,-215.6868,0,False,True,True,243.6328,359.2969
LDLC * kiobaNg/w/,CounterTerrorist,2284.308,986.9692,147.9866,Knife,100,100,-122.4373,-217.9659,0,False,True,True,243.6328,359.2969
LDLC * kiobaNg/w/,CounterTerrorist,2276.761,973.2878,148.3887,Knife,100,100,-119.5722,-219.5506,0,False,True,True,243.6328,359.2969
LDLC * kiobaNg/w/,CounterTerrorist,2269.365,959.5244,148.7851,Knife,100,100,-117.4823,-220.676,0,False,True,True,243.6328,359.2969
LDLC * kiobaNg/w/,CounterTerrorist,2262.984,947.4327,149.1285,Knife,100,100,-116.1161,-221.398,0,False,True,True,243.6328,359.2969
LDLC * kiobaNg/w/,CounterTerrorist,2255.064,932.2214,149.556,Knife,100,100,-102.7241,-197.8371,0,False,True,True,243.6328,359.2969
LDLC * kiobaNg/w/,CounterTerrorist,2249.751,921.9969,149.8663,Knife,100,100,-66.0744,-126.5135,0,False,True,True,243.6328,359.2969
LDLC * kiobaNg/w/,CounterTerrorist,2247.535,917.8639,150.0263,Knife,100,100,-13.19423,-22.3621,0,False,True,True,243.6328,359.2969
LDLC * kiobaNg/w/,CounterTerrorist,2248.133,919.1105,149.9879,Knife,100,100,23.03127,46.13298,0,False,True,True,243.6328,359.2969
LDLC * kiobaNg/w/,CounterTerrorist,2250.57,923.9935,149.8012,Knife,100,100,50.68094,101.5169,0,False,True,True,243.6328,359.2969
LDLC * kiobaNg/w/,CounterTerrorist,2254.443,931.8852,149.5841,Knife,100,100,63.29976,144.108,0,False,True,True,243.6328,359.2969
LDLC * kiobaNg/w/,CounterTerrorist,2256.719,940.7755,149.4322,Knife,100,100,26.74924,175.2202,0,False,True,True,243.6328,359.2969
LDLC * kiobaNg/w/,CounterTerrorist,2257.176,954.3075,149.3264,Knife,100,100,-7.931507,204.7408,0,False,True,True,243.6328,359.2969
LDLC * kiobaNg/w/,CounterTerrorist,2256.099,966.0519,149.296,Knife,100,100,-27.76071,221.6196,0,False,True,True,243.6328,359.2969
LDLC * kiobaNg/w/,CounterTerrorist,2253.375,982.2919,149.2939,Knife,100,100,-46.57554,237.635,0,False,True,True,243.6328,359.2969
LDLC * kiobaNg/w/,CounterTerrorist,2250.579,995.5626,149.3322,Knife,100,100,-51.85143,244.5638,0,False,True,True,233.789,1.054688
LDLC * kiobaNg/w/,CounterTerrorist,2246.697,1012.696,149.4231,Knife,100,100,-69.32067,240.1971,0,False,True,True,215.8594,3.867188
LDLC * kiobaNg/w/,CounterTerrorist,2242.431,1025.684,149.5534,Knife,100,100,-81.12433,236.4717,0,False,True,True,201.0938,2.8125
LDLC * kiobaNg/w/,CounterTerrorist,2236.292,1042.081,149.7501,Knife,100,100,-104.0812,224.729,0,False,True,True,192.6563,0.703125
LDLC * kiobaNg/w/,CounterTerrorist,2229.561,1053.845,150.0386,Smoke,100,100,-133.6642,205.3263,0,False,True,True,190.8984,0.3515625
LDLC * kiobaNg/w/,CounterTerrorist,2219.111,1067.527,148.9158,Smoke,100,100,-158.6785,186.6712,0,False,True,True,190.1953,0
LDLC * kiobaNg/w/,CounterTerrorist,2208.005,1076.91,148.3319,Smoke,100,100,-191.0612,124.5826,0,False,True,True,189.8437,359.6484
LDLC * kiobaNg/w/,CounterTerrorist,2196.865,1082.412,148.1095,Smoke,100,100,-212.3735,84.17368,0,False,True,True,189.4922,359.6484
LDLC * kiobaNg/w/,CounterTerrorist,2181.034,1086.745,147.8241,Knife,100,100,-234.2714,45.55962,0,False,True,True,189.4922,359.6484
LDLC * kiobaNg/w/,CounterTerrorist,2167.831,1088.591,147.6511,Knife,100,100,-244.8568,32.04472,0,False,True,True,188.789,0
LDLC * kiobaNg/w/,CounterTerrorist,2150.809,1092.589,147.8441,Knife,100,100,-238.4792,75.01784,0,False,True,True,184.5703,1.054688
LDLC * kiobaNg/w/,CounterTerrorist,2138.074,1097.543,147.9749,Knife,100,100,-228.561,101.2911,0,False,True,True,182.4609,1.054688
LDLC * kiobaNg/w/,CounterTerrorist,2122.08,1104.816,148.1317,Knife,100,100,-233.1092,90.33323,0,False,True,True,182.4609,1.054688
LDLC * kiobaNg/w/,CounterTerrorist,2107.151,1109.395,148.2064,Knife,100,100,-242.3789,61.25747,0,False,True,True,182.4609,1.054688
LDLC * kiobaNg/w/,CounterTerrorist,2091.83,1112.44,148.2681,Knife,100,100,-246.7803,39.99329,0,False,True,True,182.4609,1.054688
LDLC * kiobaNg/w/,CounterTerrorist,2078.272,1114.188,148.353,Knife,100,100,-248.571,26.69168,0,False,True,True,181.4063,1.054688
LDLC * kiobaNg/w/,CounterTerrorist,2061.121,1115.797,148.5578,HE,100,100,-244.0478,21.57931,0,False,True,True,175.4297,3.164063
LDLC * kiobaNg/w/,CounterTerrorist,2045.87,1117.176,148.7377,HE,100,100,-243.9458,22.70307,0,False,True,True,173.3203,3.164063
LDLC * kiobaNg/w/,CounterTerrorist,2032.534,1118.458,148.8983,Flash,100,100,-243.8281,23.93461,0,False,True,True,173.3203,3.164063
LDLC * kiobaNg/w/,CounterTerrorist,2015.394,1120.188,148.9684,Flash,100,100,-243.711,25.09895,0,False,True,True,173.3203,3.164063
LDLC * kiobaNg/w/,CounterTerrorist,2002.068,1121.579,149.0366,Smoke,100,100,-243.6573,25.61514,0,False,True,True,173.6719,3.164063
LDLC * kiobaNg/w/,CounterTerrorist,1987.617,1123.105,148.7152,M4A1,100,100,-223.7563,23.62409,0,False,True,True,174.0234,3.164063
LDLC * kiobaNg/w/,CounterTerrorist,1971.881,1124.731,148.2934,M4A1,100,100,-223.8746,22.47618,0,False,True,True,175.7813,2.8125
LDLC * kiobaNg/w/,CounterTerrorist,1957.882,1126.064,147.9131,M4A1,100,100,-224.0789,20.33817,0,False,True,True,176.8359,2.460938
LDLC * kiobaNg/w/,CounterTerrorist,1943.408,1127.273,147.5128,Smoke,100,100,-238.5118,18.70256,0,False,True,True,177.1875,2.109375
LDLC * kiobaNg/w/,CounterTerrorist,1928.192,1128.392,147.0854,Smoke,100,100,-244.3953,17.20223,0,False,True,True,177.1875,2.109375
LDLC * kiobaNg/w/,CounterTerrorist,1912.914,1129.419,146.6521,Smoke,100,100,-244.4844,15.8868,0,False,True,True,177.1875,2.109375
LDLC * kiobaNg/w/,CounterTerrorist,1897.631,1130.376,146.3195,Smoke,100,100,-244.5453,14.92032,0,False,True,True,177.1875,2.109375
LDLC * kiobaNg/w/,CounterTerrorist,1882.345,1131.282,146.1002,Smoke,100,100,-244.5876,14.20938,0,False,True,True,177.1875,2.109375
LDLC * kiobaNg/w/,CounterTerrorist,1868.969,1132.046,145.906,Smoke,100,100,-244.6105,13.80972,0,False,True,True,177.1875,2.109375
LDLC * kiobaNg/w/,CounterTerrorist,1851.922,1133.729,145.8329,Smoke,100,100,-237.2884,45.37251,0,False,True,True,178.2422,2.109375
LDLC * kiobaNg/w/,CounterTerrorist,1837.451,1138.1,146.406,Smoke,100,100,-227.9369,86.73923,0,False,True,True,181.0547,2.109375
LDLC * kiobaNg/w/,CounterTerrorist,1823.381,1144.129,147.0953,Smoke,100,100,-227.8891,89.95317,0,False,True,True,184.5703,2.460938
LDLC * kiobaNg/w/,CounterTerrorist,1808.73,1148.535,147.6741,Smoke,100,100,-238.5129,56.00512,0,False,True,True,188.4375,2.109375
LDLC * kiobaNg/w/,CounterTerrorist,1795.849,1152.204,148.1679,Smoke,100,100,-232.8206,76.2861,0,False,True,True,192.3047,2.109375
LDLC * kiobaNg/w/,CounterTerrorist,1779.726,1158.262,148.8945,Smoke,100,100,-227.1101,91.90226,0,False,True,True,197.2266,2.460938
LDLC * kiobaNg/w/,CounterTerrorist,1767.355,1163.407,149.4891,Smoke,100,100,-225.8972,94.84434,0,False,True,True,201.7969,2.8125
LDLC * kiobaNg/w/,CounterTerrorist,1751.424,1169.96,150.3949,Smoke,100,100,-227.6657,90.51706,0,False,True,True,208.8281,3.164063
LDLC * kiobaNg/w/,CounterTerrorist,1737.054,1175.246,151.4266,Smoke,100,100,-231.8959,79.05257,0,False,True,True,215.8594,3.515625
LDLC * kiobaNg/w/,CounterTerrorist,1722.387,1179.634,152.3008,Smoke,100,100,-236.792,62.88538,0,False,True,True,221.8359,3.515625
LDLC * kiobaNg/w/,CounterTerrorist,1707.43,1182.895,152.9343,Smoke,100,100,-241.1459,43.28572,0,False,True,True,228.8672,3.164063
LDLC * kiobaNg/w/,CounterTerrorist,1692.245,1184.821,153.2128,Smoke,100,100,-244.1052,20.92043,0,False,True,True,235.1953,2.8125
LDLC * kiobaNg/w/,CounterTerrorist,1676.946,1185.333,153.2749,Smoke,100,100,-244.996,-1.402067,0,False,True,True,239.0625,3.164063
LDLC * kiobaNg/w/,CounterTerrorist,1661.656,1184.564,153.315,Smoke,100,100,-244.1902,-19.90355,0,False,True,True,240.1172,3.164063
LDLC * kiobaNg/w/,CounterTerrorist,1646.443,1182.838,153.3707,Smoke,100,100,-242.7737,-32.95329,0,False,True,True,240.1172,3.164063
LDLC * kiobaNg/w/,CounterTerrorist,1631.32,1180.443,153.3544,Smoke,100,100,-241.3851,-41.93123,0,False,True,True,240.1172,3.164063
LDLC * kiobaNg/w/,CounterTerrorist,1616.274,1177.599,153.2896,Smoke,100,100,-240.2521,-47.9991,0,False,True,True,240.1172,3.164063
LDLC * kiobaNg/w/,CounterTerrorist,1603.095,1176.038,153.3308,Smoke,100,100,-241.807,-9.682644,0,False,True,True,240.4688,3.515625
LDLC * kiobaNg/w/,CounterTerrorist,1586.025,1177.156,153.7154,Smoke,100,100,-242.6418,33.91084,0,False,True,True,240.8203,3.515625
LDLC * kiobaNg/w/,CounterTerrorist,1570.792,1178.613,154.1071,Smoke,100,100,-244.8012,9.868244,0,False,True,True,241.5234,3.515625
LDLC * kiobaNg/w/,CounterTerrorist,1555.522,1178.268,154.2977,Smoke,100,100,-240.2972,-21.54225,0,False,True,True,243.6328,4.21875
LDLC * kiobaNg/w/,CounterTerrorist,1541.782,1174.616,154.52,Smoke,100,100,-195.89,-85.232,0,False,True,True,246.0938,4.921875
LDLC * kiobaNg/w/,CounterTerrorist,1532.456,1167.544,154.2973,Smoke,100,100,-116.3184,-132.6931,0,False,True,True,247.1484,5.273438
LDLC * kiobaNg/w/,CounterTerrorist,1528.001,1158.613,153.7014,Smoke,100,100,-30.28993,-140.837,0,False,True,True,247.1484,5.273438
LDLC * kiobaNg/w/,CounterTerrorist,1528.579,1151.134,152.9689,Smoke,100,100,38.60543,-133.9452,0,False,True,True,247.1484,5.273438
LDLC * kiobaNg/w/,CounterTerrorist,1530.934,1143.274,152.1044,Smoke,100,100,-3.898861,-81.71501,0,False,True,True,247.1484,5.273438
LDLC * kiobaNg/w/,CounterTerrorist,1528.735,1139.994,151.9161,Smoke,100,100,-65.29585,-56.3727,0,False,True,True,247.1484,5.273438
LDLC * kiobaNg/w/,CounterTerrorist,1523.244,1133.914,151.6524,Smoke,100,100,-82.97667,-112.2657,0,False,True,True,247.1484,5.273438
LDLC * kiobaNg/w/,CounterTerrorist,1517.846,1125.586,151.3291,Smoke,100,100,-85.08861,-139.3947,0,True,True,True,247.1484,4.570313
LDLC * kiobaNg/w/,CounterTerrorist,1512.992,1117.336,150.9759,Smoke,100,100,-71.10533,-127.0385,0,True,True,True,247.1484,4.21875
LDLC * kiobaNg/w/,CounterTerrorist,1510.029,1110.894,150.645,Smoke,100,100,-38.84712,-102.0295,0,True,True,True,247.5,3.867188
LDLC * kiobaNg/w/,CounterTerrorist,1508.563,1104.94,150.2543,Smoke,100,100,-11.40309,-82.51582,0,False,True,True,247.5,3.867188
LDLC * kiobaNg/w/,CounterTerrorist,1508.329,1099.744,150.093,Smoke,100,100,1.592926,-83.28477,0,False,True,True,247.5,3.867188
LDLC * kiobaNg/w/,CounterTerrorist,1508.556,1095.195,149.9712,Smoke,100,100,1.715075,-83.28234,0,False,True,True,247.1484,3.867188
LDLC * kiobaNg/w/,CounterTerrorist,1508.203,1089.353,150.301,Smoke,100,100,-9.745999,-82.72791,0,False,True,True,247.1484,4.21875
LDLC * kiobaNg/w/,CounterTerrorist,1507.568,1085.08,150.5944,Smoke,100,100,-10.87015,-70.63172,0,False,True,True,247.1484,4.570313
LDLC * kiobaNg/w/,CounterTerrorist,1506.954,1081.091,150.8674,Smoke,100,100,-7.019911,-45.61377,0,True,True,True,247.1484,4.921875
LDLC * kiobaNg/w/,CounterTerrorist,1506.636,1079.022,150.9965,Smoke,100,100,-3.597477,-23.37558,0,True,True,True,247.1484,5.273438
LDLC * kiobaNg/w/,CounterTerrorist,1506.531,1078.343,151.0549,Smoke,100,100,-0.1750427,-1.137387,0,False,True,True,247.1484,5.273438
LDLC * kiobaNg/w/,CounterTerrorist,1506.531,1078.343,151.0549,Smoke,100,100,0,0,0,False,True,True,246.7969,5.273438
LDLC * kiobaNg/w/,CounterTerrorist,1506.531,1078.343,151.0549,Smoke,100,100,0,0,0,False,True,True,246.7969,5.273438
LDLC * kiobaNg/w/,CounterTerrorist,1506.531,1078.343,151.0549,Smoke,100,100,0,0,0,False,True,True,246.7969,5.273438
LDLC * kiobaNg/w/,CounterTerrorist,1506.531,1078.343,151.0549,Smoke,100,100,0,0,0,False,True,True,246.7969,5.273438
LDLC * kiobaNg/w/,CounterTerrorist,1506.531,1078.343,151.0549,Smoke,100,100,0,0,0,False,True,True,246.7969,5.273438
LDLC * kiobaNg/w/,CounterTerrorist,1506.531,1078.343,151.0549,Smoke,100,100,0,0,0,False,True,True,246.7969,5.273438
LDLC * kiobaNg/w/,CounterTerrorist,1506.531,1078.343,151.0549,Smoke,100,100,0,0,0,False,True,True,246.7969,5.625
LDLC * kiobaNg/w/,CounterTerrorist,1506.531,1078.343,151.0549,Smoke,100,100,0,0,0,False,True,True,246.7969,5.625
LDLC * kiobaNg/w/,CounterTerrorist,1506.531,1078.343,151.0549,Smoke,100,100,0,0,0,False,True,True,246.7969,5.625
LDLC * kiobaNg/w/,CounterTerrorist,1506.531,1078.343,151.0549,Smoke,100,100,0,0,0,False,True,True,246.7969,5.625
LDLC * kiobaNg/w/,CounterTerrorist,1506.531,1078.343,151.0549,Smoke,100,100,0,0,0,False,True,True,246.7969,5.625
LDLC * kiobaNg/w/,CounterTerrorist,1506.531,1078.343,151.0549,Smoke,100,100,0,0,0,False,True,True,246.7969,5.625
LDLC * kiobaNg/w/,CounterTerrorist,1506.531,1078.343,151.0549,Smoke,100,100,0,0,0,False,True,True,246.7969,5.625
LDLC * kiobaNg/w/,CounterTerrorist,1506.531,1078.343,151.0549,Smoke,100,100,0,0,0,False,True,True,246.7969,5.625
LDLC * kiobaNg/w/,CounterTerrorist,1506.531,1078.343,151.0549,Smoke,100,100,0,0,0,False,True,True,246.7969,5.625
LDLC * kiobaNg/w/,CounterTerrorist,1506.531,1078.343,151.0549,Smoke,100,100,0,0,0,False,True,True,246.7969,5.625
LDLC * kiobaNg/w/,CounterTerrorist,1506.531,1078.343,151.0549,Smoke,100,100,0,0,0,False,True,True,246.7969,5.625
LDLC * kiobaNg/w/,CounterTerrorist,1506.531,1078.343,151.0549,Smoke,100,100,0,0,0,False,True,True,246.7969,5.625
LDLC * kiobaNg/w/,CounterTerrorist,1506.531,1078.343,151.0549,Smoke,100,100,0,0,0,False,True,True,246.7969,5.625
LDLC * kiobaNg/w/,CounterTerrorist,1506.531,1078.343,151.0549,Smoke,100,100,0,0,0,False,True,True,246.7969,5.625
LDLC * kiobaNg/w/,CounterTerrorist,1506.531,1078.343,151.0549,Smoke,100,100,0,0,0,False,True,True,246.7969,5.625
LDLC * kiobaNg/w/,CounterTerrorist,1506.531,1078.343,151.0549,Smoke,100,100,0,0,0,False,True,True,246.7969,5.625
LDLC * kiobaNg/w/,CounterTerrorist,1506.531,1078.343,151.0549,Smoke,100,100,0,0,0,False,True,True,246.7969,5.625
LDLC * kiobaNg/w/,CounterTerrorist,1506.531,1078.343,151.0549,Smoke,100,100,0,0,0,False,True,True,246.7969,5.625
LDLC * kiobaNg/w/,CounterTerrorist,1506.531,1078.343,151.0549,Smoke,100,100,0,0,0,False,True,True,251.7188,4.570313
LDLC * kiobaNg/w/,CounterTerrorist,1506.531,1078.343,151.0549,Smoke,100,100,0,0,0,False,True,True,257.6953,3.515625
LDLC * kiobaNg/w/,CounterTerrorist,1506.531,1078.343,151.0549,Smoke,100,100,0,0,0,False,True,True,258.0469,3.515625
LDLC * kiobaNg/w/,CounterTerrorist,1506.531,1078.343,151.0549,Smoke,100,100,0,0,0,False,True,True,257.3438,3.164063
LDLC * kiobaNg/w/,CounterTerrorist,1506.531,1078.343,151.0549,Smoke,100,100,0,0,0,False,True,True,256.9922,3.164063
LDLC * kiobaNg/w/,CounterTerrorist,1506.531,1078.343,151.0549,Smoke,100,100,0,0,0,False,True,True,256.9922,3.164063
LDLC * kiobaNg/w/,CounterTerrorist,1506.531,1078.343,151.0549,Smoke,100,100,0,0,0,False,True,True,256.9922,3.164063
LDLC * kiobaNg/w/,CounterTerrorist,1506.531,1078.343,151.0549,Smoke,100,100,0,0,0,False,True,True,256.9922,3.164063
LDLC * kiobaNg/w/,CounterTerrorist,1506.531,1078.343,151.0549,Smoke,100,100,0,0,0,False,True,True,256.9922,3.164063
LDLC * kiobaNg/w/,CounterTerrorist,1506.531,1078.343,151.0549,Smoke,100,100,0,0,0,False,True,True,256.9922,3.164063
LDLC * kiobaNg/w/,CounterTerrorist,1506.531,1078.343,151.0549,Smoke,100,100,0,0,0,False,True,True,256.9922,3.164063
LDLC * kiobaNg/w/,CounterTerrorist,1506.531,1078.343,151.0549,Smoke,100,100,0,0,0,False,True,True,256.9922,3.164063
LDLC * kiobaNg/w/,CounterTerrorist,1506.531,1078.343,151.0549,Smoke,100,100,0,0,0,False,True,True,256.9922,3.164063
LDLC * kiobaNg/w/,CounterTerrorist,1506.531,1078.343,151.0549,Smoke,100,100,0,0,0,False,True,True,255.9375,3.164063
LDLC * kiobaNg/w/,CounterTerrorist,1506.531,1078.343,151.0549,Smoke,100,100,0,0,0,False,True,True,249.9609,3.867188
LDLC * kiobaNg/w/,CounterTerrorist,1506.531,1078.343,151.0549,Smoke,100,100,0,0,0,False,True,True,247.8516,3.867188
LDLC * kiobaNg/w/,CounterTerrorist,1506.531,1078.343,151.0549,Smoke,100,100,0,0,0,False,True,True,247.8516,3.867188
LDLC * kiobaNg/w/,CounterTerrorist,1506.531,1078.343,151.0549,Smoke,100,100,0,0,0,False,True,True,247.1484,3.867188
LDLC * kiobaNg/w/,CounterTerrorist,1506.531,1078.343,151.0549,Smoke,100,100,0,0,0,False,True,True,246.7969,4.21875
LDLC * kiobaNg/w/,CounterTerrorist,1506.531,1078.343,151.0549,Smoke,100,100,0,0,0,False,True,True,246.7969,4.21875
LDLC * kiobaNg/w/,CounterTerrorist,1506.531,1078.343,151.0549,Smoke,100,100,0,0,0,False,True,True,246.7969,4.21875
LDLC * kiobaNg/w/,CounterTerrorist,1506.531,1078.343,151.0549,Smoke,100,100,0,0,0,False,True,True,246.7969,4.21875
LDLC * kiobaNg/w/,CounterTerrorist,1506.531,1078.343,151.0549,Smoke,100,100,0,0,0,False,True,True,246.7969,4.21875
LDLC * kiobaNg/w/,CounterTerrorist,1506.531,1078.343,151.0549,Smoke,100,100,0,0,0,False,True,True,246.7969,4.21875
LDLC * kiobaNg/w/,CounterTerrorist,1506.531,1078.343,151.0549,Smoke,100,100,0,0,0,False,True,True,246.7969,4.21875
LDLC * kiobaNg/w/,CounterTerrorist,1506.531,1078.343,151.0549,Smoke,100,100,0,0,0,False,True,True,246.7969,4.21875
LDLC * kiobaNg/w/,CounterTerrorist,1506.531,1078.343,151.0549,Smoke,100,100,0,0,0,False,True,True,246.7969,4.21875
LDLC * kiobaNg/w/,CounterTerrorist,1506.531,1078.343,151.0549,Smoke,100,100,0,0,0,False,True,True,246.7969,4.21875
LDLC * kiobaNg/w/,CounterTerrorist,1506.531,1078.343,151.0549,Smoke,100,100,0,0,0,False,True,True,246.7969,4.21875
LDLC * kiobaNg/w/,CounterTerrorist,1506.531,1078.343,151.0549,Smoke,100,100,0,0,0,False,True,True,246.7969,4.921875
LDLC * kiobaNg/w/,CounterTerrorist,1506.531,1078.343,151.0549,Smoke,100,100,0,0,0,False,True,True,246.7969,5.976563
LDLC * kiobaNg/w/,CounterTerrorist,1506.531,1078.343,151.0549,Smoke,100,100,0,0,0,False,True,True,246.7969,5.976563
LDLC * kiobaNg/w/,CounterTerrorist,1506.531,1078.343,151.0549,Smoke,100,100,0,0,0,False,True,True,247.1484,5.976563
LDLC * kiobaNg/w/,CounterTerrorist,1506.531,1078.343,151.0549,Smoke,100,100,0,0,0,False,True,True,247.1484,5.976563
LDLC * kiobaNg/w/,CounterTerrorist,1506.531,1078.343,151.0549,Smoke,100,100,0,0,0,False,True,True,247.1484,5.976563
LDLC * kiobaNg/w/,CounterTerrorist,1506.531,1078.343,151.0549,Smoke,100,100,0,0,0,False,True,True,247.1484,5.976563
LDLC * kiobaNg/w/,CounterTerrorist,1506.531,1078.343,151.0549,Smoke,100,100,0,0,0,False,True,True,247.1484,5.976563
LDLC * kiobaNg/w/,CounterTerrorist,1506.531,1078.343,151.0549,Smoke,100,100,0,0,0,False,True,True,247.1484,5.976563
LDLC * kiobaNg/w/,CounterTerrorist,1506.531,1078.343,151.0549,Smoke,100,100,0,0,0,False,True,True,247.1484,5.976563
LDLC * kiobaNg/w/,CounterTerrorist,1506.531,1078.343,151.0549,Smoke,100,100,0,0,0,False,True,True,247.1484,5.976563
LDLC * kiobaNg/w/,CounterTerrorist,1506.531,1078.343,151.0549,Smoke,100,100,0,0,0,False,True,True,247.1484,5.976563
LDLC * kiobaNg/w/,CounterTerrorist,1506.531,1078.343,151.0549,Smoke,100,100,0,0,0,False,True,True,247.1484,5.976563
LDLC * kiobaNg/w/,CounterTerrorist,1506.531,1078.343,151.0549,Smoke,100,100,0,0,0,False,True,True,247.1484,5.976563
LDLC * kiobaNg/w/,CounterTerrorist,1506.531,1078.343,151.0549,Smoke,100,100,0,0,0,False,True,True,247.1484,5.976563
LDLC * kiobaNg/w/,CounterTerrorist,1506.531,1078.343,151.0549,Smoke,100,100,0,0,0,False,True,True,247.1484,5.976563
LDLC * kiobaNg/w/,CounterTerrorist,1506.531,1078.343,151.0549,Smoke,100,100,0,0,0,False,True,True,247.1484,5.976563
LDLC * kiobaNg/w/,CounterTerrorist,1506.531,1078.343,151.0549,Smoke,100,100,0,0,0,False,True,True,247.1484,5.976563
LDLC * kiobaNg/w/,CounterTerrorist,1506.531,1078.343,151.0549,Smoke,100,100,0,0,0,False,True,True,247.1484,5.976563
LDLC * kiobaNg/w/,CounterTerrorist,1506.531,1078.343,151.0549,Smoke,100,100,0,0,0,False,True,True,247.1484,5.976563
LDLC * kiobaNg/w/,CounterTerrorist,1506.531,1078.343,151.0549,Smoke,100,100,0,0,0,False,True,True,247.1484,5.976563
LDLC * kiobaNg/w/,CounterTerrorist,1506.531,1078.343,151.0549,Smoke,100,100,0,0,0,False,True,True,247.1484,5.976563
LDLC * kiobaNg/w/,CounterTerrorist,1506.531,1078.343,151.0549,Smoke,100,100,0,0,0,False,True,True,247.1484,5.976563
LDLC * kiobaNg/w/,CounterTerrorist,1506.531,1078.343,151.0549,Smoke,100,100,0,0,0,False,True,True,247.1484,5.976563
LDLC * kiobaNg/w/,CounterTerrorist,1506.531,1078.343,151.0549,Smoke,100,100,0,0,0,False,True,True,247.1484,5.976563
LDLC * kiobaNg/w/,CounterTerrorist,1506.531,1078.343,151.0549,Smoke,100,100,0,0,0,False,True,True,247.1484,5.976563
LDLC * kiobaNg/w/,CounterTerrorist,1506.531,1078.343,151.0549,Smoke,100,100,0,0,0,False,True,True,247.1484,6.328125
LDLC * kiobaNg/w/,CounterTerrorist,1506.531,1078.343,151.0549,Smoke,100,100,0,0,0,False,True,True,247.1484,6.328125
LDLC * kiobaNg/w/,CounterTerrorist,1506.531,1078.343,151.0549,Smoke,100,100,0,0,0,False,True,True,247.1484,6.679688
LDLC * kiobaNg/w/,CounterTerrorist,1506.531,1078.343,151.0549,Smoke,100,100,0,0,0,False,True,True,247.1484,7.03125
LDLC * kiobaNg/w/,CounterTerrorist,1506.531,1078.343,151.0549,Smoke,100,100,0,0,0,False,True,True,247.1484,7.03125
LDLC * kiobaNg/w/,CounterTerrorist,1506.531,1078.343,151.0549,Smoke,100,100,0,0,0,False,True,True,247.1484,7.03125
LDLC * kiobaNg/w/,CounterTerrorist,1506.531,1078.343,151.0549,Smoke,100,100,0,0,0,False,True,True,247.1484,7.03125
LDLC * kiobaNg/w/,CounterTerrorist,1506.531,1078.343,151.0549,Smoke,100,100,0,0,0,False,True,True,247.1484,7.03125
LDLC * kiobaNg/w/,CounterTerrorist,1506.531,1078.343,151.0549,Smoke,100,100,0,0,0,False,True,True,247.1484,7.03125
LDLC * kiobaNg/w/,CounterTerrorist,1506.531,1078.343,151.0549,Smoke,100,100,0,0,0,False,True,True,247.1484,7.382813
LDLC * kiobaNg/w/,CounterTerrorist,1505.601,1076.131,151.1848,Smoke,100,100,-25.58991,-60.90493,0,False,True,True,247.1484,7.382813
LDLC * kiobaNg/w/,CounterTerrorist,1503.186,1070.383,151.6411,Smoke,100,100,-47.90568,-114.0173,0,False,True,True,247.1484,7.382813
LDLC * kiobaNg/w/,CounterTerrorist,1499.897,1062.554,152.6799,Smoke,100,100,-48.7568,-116.043,0,False,True,True,247.1484,7.382813
LDLC * kiobaNg/w/,CounterTerrorist,1497.788,1057.534,153.3459,Smoke,100,100,-16.28732,-38.76443,0,False,True,True,247.1484,7.382813
LDLC * kiobaNg/w/,CounterTerrorist,1498.038,1058.128,153.2671,M4A1,100,100,15.38542,36.61787,0,False,True,True,247.1484,7.382813
LDLC * kiobaNg/w/,CounterTerrorist,1499.762,1062.232,152.7226,M4A1,100,100,36.87535,87.76471,0,False,True,True,247.1484,7.382813
LDLC * kiobaNg/w/,CounterTerrorist,1502.407,1068.527,151.8874,M4A1,100,100,39.53262,94.08913,0,False,True,True,247.1484,7.382813
LDLC * kiobaNg/w/,CounterTerrorist,1504.495,1073.497,151.3388,M4A1,100,100,29.11799,69.30194,0,False,True,True,247.1484,7.382813
LDLC * kiobaNg/w/,CounterTerrorist,1503.692,1078.132,150.9647,M4A1,100,100,-42.29387,77.67637,0,False,True,True,247.1484,7.03125
LDLC * kiobaNg/w/,CounterTerrorist,1499.051,1083.252,150.4107,USP,100,100,-97.6596,85.30737,0,False,True,True,247.1484,7.03125
LDLC * kiobaNg/w/,CounterTerrorist,1491.397,1088.812,150.9732,USP,100,100,-139.8822,91.53743,0,False,True,True,247.1484,7.03125
LDLC * kiobaNg/w/,CounterTerrorist,1481.512,1094.702,151.8937,USP,100,100,-170.9815,96.12621,0,False,True,True,247.1484,7.03125
LDLC * kiobaNg/w/,CounterTerrorist,1470.246,1101.092,152.9354,USP,100,100,-177.3572,115.8074,0,False,True,True,247.1484,7.03125
LDLC * kiobaNg/w/,CounterTerrorist,1459.858,1109.719,154.2952,USP,100,100,-158.3851,153.6435,0,False,True,True,247.1484,7.03125
LDLC * kiobaNg/w/,CounterTerrorist,1450.475,1120.346,155.9097,USP,100,100,-144.3093,181.5532,0,False,True,True,247.1484,7.382813
LDLC * kiobaNg/w/,CounterTerrorist,1441.624,1132.17,157.3006,USP,100,100,-144.2325,183.2018,0,True,True,True,247.1484,7.382813
LDLC * kiobaNg/w/,CounterTerrorist,1433.146,1142.194,158.4961,USP,100,100,-127.1384,141.5335,0,True,True,True,247.5,7.03125
LDLC * kiobaNg/w/,CounterTerrorist,1426.956,1148.558,159.0369,USP,100,100,-77.81889,73.36076,0,True,True,True,248.5547,6.679688
LDLC * kiobaNg/w/,CounterTerrorist,1422.826,1152.006,159.3042,USP,100,100,-65.19012,49.07961,0,False,True,True,249.2578,6.328125
LDLC * kiobaNg/w/,CounterTerrorist,1418.599,1154.856,159.5325,USP,100,100,-69.299,43.08374,0,False,True,True,249.9609,5.273438
LDLC * kiobaNg/w/,CounterTerrorist,1414.729,1157.077,159.7159,USP,100,100,-71.74752,38.86969,0,False,True,True,251.0156,4.921875
LDLC * kiobaNg/w/,CounterTerrorist,1409.593,1159.633,159.9332,USP,100,100,-73.95168,34.49216,0,False,True,True,252.4219,4.21875
LDLC * kiobaNg/w/,CounterTerrorist,1404.913,1161.672,160.1119,USP,100,100,-76.00681,31.38753,0,False,True,True,254.1797,3.867188
LDLC * kiobaNg/w/,CounterTerrorist,1399.968,1163.565,160.2834,USP,100,100,-81.39074,29.16703,0,False,True,True,258.75,3.867188
LDLC * kiobaNg/w/,CounterTerrorist,1395.391,1165.055,160.4247,USP,100,100,-85.32405,25.58628,0,False,True,True,264.375,3.867188
LDLC * kiobaNg/w/,CounterTerrorist,1389.228,1166.603,160.5846,USP,100,100,-89.32719,18.94176,0,False,True,True,271.0547,3.515625
LDLC * kiobaNg/w/,CounterTerrorist,1384.269,1167.467,160.6879,USP,100,100,-91.61939,13.59674,0,False,True,True,272.4609,3.515625
LDLC * kiobaNg/w/,CounterTerrorist,1377.737,1168.213,160.7837,USP,100,100,-93.7931,8.485951,0,False,True,True,272.4609,3.164063
LDLC * kiobaNg/w/,CounterTerrorist,1371.824,1168.623,160.8247,USP,100,100,-95.18787,5.206564,0,False,True,True,272.4609,3.164063
LDLC * kiobaNg/w/,CounterTerrorist,1368.002,1168.816,160.8661,USP,100,100,0,-0.05814599,0,False,True,True,272.4609,3.164063
LDLC * kiobaNg/w/,CounterTerrorist,1368.002,1168.903,160.8661,USP,100,100,0,2.52239,0,False,True,True,272.4609,3.164063
LDLC * kiobaNg/w/,CounterTerrorist,1368.002,1169.06,160.8661,USP,100,100,0,2.488095,0,False,True,True,273.1641,2.8125
LDLC * kiobaNg/w/,CounterTerrorist,1368.002,1169.215,160.8661,USP,100,100,0,2.485441,0,False,True,True,273.1641,2.109375
LDLC * kiobaNg/w/,CounterTerrorist,1368.001,1169.451,160.8661,M4A1,100,100,0,6.423497,0,False,True,True,272.4609,2.109375
LDLC * kiobaNg/w/,CounterTerrorist,1368,1170.107,160.8661,M4A1,100,100,0.001906308,13.66331,0,False,True,True,269.6484,2.460938
LDLC * kiobaNg/w/,CounterTerrorist,1368.013,1171.215,160.8661,M4A1,100,100,0.3567507,20.90908,0,True,True,True,268.9453,2.8125
LDLC * kiobaNg/w/,CounterTerrorist,1368.043,1172.777,160.8661,M4A1,100,100,0.5707497,28.15624,0,True,True,True,268.9453,2.8125
LDLC * kiobaNg/w/,CounterTerrorist,1368.39,1174.694,160.8661,M4A1,100,100,16.04099,34.20336,0,False,True,True,268.9453,2.8125
LDLC * kiobaNg/w/,CounterTerrorist,1370.971,1178.074,160.8463,M4A1,100,100,60.03279,69.62228,0,False,True,True,267.8906,2.8125
LDLC * kiobaNg/w/,CounterTerrorist,1376.41,1182.345,160.796,M4A1,100,100,109.2089,57.92544,0,False,True,True,265.4297,3.164063
LDLC * kiobaNg/w/,CounterTerrorist,1384.707,1185.164,160.7191,M4A1,100,100,149.2545,35.85099,0,False,True,True,263.6719,3.515625
LDLC * kiobaNg/w/,CounterTerrorist,1395.114,1186.764,160.6228,M4A1,100,100,178.6098,18.28869,0,False,True,True,262.9688,3.515625
LDLC * kiobaNg/w/,CounterTerrorist,1407.068,1187.409,160.5121,M4A1,100,100,200.1345,4.570139,0,False,True,True,262.2656,3.164063
LDLC * kiobaNg/w/,CounterTerrorist,1420.156,1187.299,160.3909,M4A1,100,100,215.8806,-6.330872,0,False,True,True,261.5625,2.8125
LDLC * kiobaNg/w/,CounterTerrorist,1434.033,1186.579,160.1542,M4A1,100,100,224.4863,-15.19571,0,False,True,True,260.5078,2.460938
LDLC * kiobaNg/w/,CounterTerrorist,1448.044,1185.382,159.2785,M4A1,100,100,223.9155,-22.06498,0,False,True,True,259.4531,2.109375
LDLC * kiobaNg/w/,CounterTerrorist,1462.015,1183.782,158.4053,M4A1,100,100,223.2144,-28.29051,0,False,True,True,258.0469,2.109375
LDLC * kiobaNg/w/,CounterTerrorist,1475.936,1181.796,157.5353,M4A1,100,100,222.3383,-34.50654,0,False,True,True,256.6406,2.109375
LDLC * kiobaNg/w/,CounterTerrorist,1489.832,1179.888,157.1814,M4A1,100,100,222.8188,-15.73985,0,False,True,True,255.5859,1.757813
LDLC * kiobaNg/w/,CounterTerrorist,1503.8,1180.326,157.1923,M4A1,100,100,223.8441,22.77797,0,False,True,True,254.5313,1.757813
LDLC * kiobaNg/w/,CounterTerrorist,1517.846,1180.821,156.4837,M4A1,100,100,224.9857,-2.535929,0,False,True,True,253.8281,1.40625
LDLC * kiobaNg/w/,CounterTerrorist,1530.626,1180.415,155.7486,M4A1,100,100,187.5888,-9.180115,0,True,True,True,253.125,1.054688
LDLC * kiobaNg/w/,CounterTerrorist,1539.548,1179.918,155.2129,M4A1,100,100,108.4036,-6.116759,0,True,True,True,253.125,0.703125
LDLC * kiobaNg/w/,CounterTerrorist,1544.768,1179.568,154.8932,M4A1,100,100,76.16066,-7.197531,0,False,True,True,253.125,0.703125
LDLC * kiobaNg/w/,CounterTerrorist,1549.293,1179.007,154.589,M4A1,100,100,64.6442,-8.447177,0,False,True,True,253.125,0.703125
LDLC * kiobaNg/w/,CounterTerrorist,1551.545,1178.853,154.4508,M4A1,100,100,13.70995,1.596441,0,False,True,True,253.4766,0.703125
LDLC * kiobaNg/w/,CounterTerrorist,1551.341,1178.971,154.4689,M4A1,100,100,-7.913922,2.330732,0,False,True,True,253.4766,0.703125
LDLC * kiobaNg/w/,CounterTerrorist,1550.63,1179.18,154.5273,M4A1,100,100,-11.30132,3.328356,0,False,True,True,253.4766,0.703125
LDLC * kiobaNg/w/,CounterTerrorist,1550.724,1179.152,154.5268,M4A1,100,100,7.04459,-2.074705,0,False,True,True,253.4766,0.703125
LDLC * kiobaNg/w/,CounterTerrorist,1551.409,1178.951,154.4684,M4A1,100,100,13.99925,-4.122924,0,False,True,True,253.4766,0.703125
LDLC * kiobaNg/w/,CounterTerrorist,1551.611,1178.891,154.4396,M4A1,100,100,-5.665652,1.668593,0,False,True,True,253.4766,0.703125
LDLC * kiobaNg/w/,CounterTerrorist,1551.012,1179.068,154.4939,M4A1,100,100,-12.61376,3.738966,0,False,True,True,253.4766,0.703125
LDLC * kiobaNg/w/,CounterTerrorist,1549.98,1179.374,154.5775,M4A1,100,100,-19.56399,5.80216,0,False,True,True,253.4766,0.703125
LDLC * kiobaNg/w/,CounterTerrorist,1548.512,1179.809,154.7159,M4A1,100,100,-26.51462,7.86401,0,False,True,True,253.4766,0.703125
LDLC * kiobaNg/w/,CounterTerrorist,1546.611,1180.373,154.8784,M4A1,100,100,-33.47104,9.906235,0,False,True,True,253.4766,0.703125
LDLC * kiobaNg/w/,CounterTerrorist,1544.274,1181.062,155.0776,M4A1,100,100,-40.44535,11.88751,0,False,True,True,253.8281,0.703125
LDLC * kiobaNg/w/,CounterTerrorist,1541.5,1181.873,155.3134,M4A1,100,100,-47.43583,13.81245,0,False,True,True,254.1797,0.703125
LDLC * kiobaNg/w/,CounterTerrorist,1538.866,1183.029,155.578,M4A1,100,100,-27.90032,22.96536,0,False,True,True,254.5313,0.703125
LDLC * kiobaNg/w/,CounterTerrorist,1538.445,1184.344,155.7394,M4A1,100,100,6.088968,18.12718,0,False,True,True,254.5313,0.703125
LDLC * kiobaNg/w/,CounterTerrorist,1539.177,1185.213,155.7809,M4A1,100,100,17.52322,15.12079,0,False,True,True,254.5313,0.703125
LDLC * kiobaNg/w/,CounterTerrorist,1540.761,1186.321,155.8171,M4A1,100,100,26.22441,16.69052,0,False,True,True,254.1797,0.703125
LDLC * kiobaNg/w/,CounterTerrorist,1542.641,1187.458,155.8343,M4A1,100,100,33.00782,19.45178,0,False,True,True,254.1797,0.703125
LDLC * kiobaNg/w/,CounterTerrorist,1544.935,1188.783,155.8505,M4A1,100,100,39.56034,22.59427,0,False,True,True,253.8281,0.703125
LDLC * kiobaNg/w/,CounterTerrorist,1547.635,1190.311,155.8673,M4A1,100,100,46.01451,25.90722,0,False,True,True,253.8281,0.703125
LDLC * kiobaNg/w/,CounterTerrorist,1550.609,1192.046,155.8849,M4A1,100,100,43.82695,27.24812,0,False,True,True,253.8281,0.703125
LDLC * kiobaNg/w/,CounterTerrorist,1552.677,1193.332,155.9426,M4A1,100,100,24.71888,15.36824,0,False,True,True,253.8281,0.703125
LDLC * kiobaNg/w/,CounterTerrorist,1553.55,1193.874,155.9768,HE,100,100,5.610806,3.488355,0,False,True,True,253.8281,0.703125
LDLC * kiobaNg/w/,CounterTerrorist,1553.575,1193.89,155.9768,M4A1,100,100,0,0,0,False,True,True,253.4766,1.054688
LDLC * kiobaNg/w/,CounterTerrorist,1553.575,1193.89,155.9768,M4A1,100,100,0,0,0,False,True,True,253.4766,1.054688
LDLC * kiobaNg/w/,CounterTerrorist,1553.575,1193.89,155.9768,M4A1,100,100,0,0,0,False,True,True,253.4766,1.054688
LDLC * kiobaNg/w/,CounterTerrorist,1553.575,1193.89,155.9768,M4A1,100,100,0,0,0,True,True,True,253.4766,1.054688
LDLC * kiobaNg/w/,CounterTerrorist,1553.575,1193.89,155.9768,M4A1,100,100,0,0,0,True,True,True,253.4766,1.054688
LDLC * kiobaNg/w/,CounterTerrorist,1553.575,1193.89,155.9768,M4A1,100,100,0,0,0,True,True,True,253.4766,1.054688
LDLC * kiobaNg/w/,CounterTerrorist,1553.575,1193.89,155.9768,M4A1,100,100,0,0,0,False,True,True,253.4766,1.054688
LDLC * kiobaNg/w/,CounterTerrorist,1553.575,1193.89,155.9768,M4A1,100,100,0,0,0,False,True,True,253.4766,1.40625
LDLC * kiobaNg/w/,CounterTerrorist,1553.575,1193.89,155.9768,M4A1,100,100,0,0,0,False,True,True,253.4766,1.40625
LDLC * kiobaNg/w/,CounterTerrorist,1553.575,1193.89,155.9768,M4A1,100,100,0,0,0,False,True,True,253.4766,1.40625
LDLC * kiobaNg/w/,CounterTerrorist,1553.575,1193.89,155.9768,M4A1,100,100,0,0,0,False,True,True,253.4766,1.757813
LDLC * kiobaNg/w/,CounterTerrorist,1553.575,1193.89,155.9768,M4A1,100,100,0,0,0,False,True,True,253.4766,1.757813
LDLC * kiobaNg/w/,CounterTerrorist,1553.575,1193.89,155.9768,M4A1,100,100,0,0,0,False,True,True,253.4766,1.757813
LDLC * kiobaNg/w/,CounterTerrorist,1553.575,1193.89,155.9768,M4A1,100,100,0,0,0,False,True,True,253.4766,1.757813
LDLC * kiobaNg/w/,CounterTerrorist,1553.575,1193.89,155.9768,M4A1,100,100,0,0,0,False,True,True,253.4766,1.757813
LDLC * kiobaNg/w/,CounterTerrorist,1553.575,1193.89,155.9768,M4A1,100,100,0,0,0,False,True,True,253.4766,1.757813
LDLC * kiobaNg/w/,CounterTerrorist,1553.575,1193.89,155.9768,M4A1,100,100,0,0,0,False,True,True,253.4766,1.757813
LDLC * kiobaNg/w/,CounterTerrorist,1553.575,1193.89,155.9768,M4A1,100,100,0,0,0,False,True,True,253.4766,1.757813
LDLC * kiobaNg/w/,CounterTerrorist,1553.597,1193.964,155.9948,M4A1,100,100,2.790051,9.440076,0,False,True,True,253.4766,1.757813
LDLC * kiobaNg/w/,CounterTerrorist,1554.332,1196.45,156.2456,M4A1,100,100,18.7332,63.38336,0,False,True,True,253.4766,1.757813
LDLC * kiobaNg/w/,CounterTerrorist,1556.035,1202.213,156.8268,M4A1,100,100,33.31034,112.7048,0,False,True,True,253.4766,1.757813
LDLC * kiobaNg/w/,CounterTerrorist,1558.386,1210.17,157.6293,M4A1,100,100,36.07531,122.0601,0,True,True,True,253.4766,1.757813
LDLC * kiobaNg/w/,CounterTerrorist,1560.292,1216.618,158.2796,M4A1,100,100,26.57149,89.9041,0,True,True,True,253.4766,1.054688
LDLC * kiobaNg/w/,CounterTerrorist,1561.695,1221.366,162.0313,M4A1,100,100,19.53184,66.08556,0,True,True,True,253.4766,1.054688
LDLC * kiobaNg/w/,CounterTerrorist,1562.728,1224.815,162.0313,M4A1,100,100,16.75207,50.78947,0,False,True,True,253.4766,1.054688
LDLC * kiobaNg/w/,CounterTerrorist,1564.373,1227.769,162.0313,M4A1,100,100,32.79789,44.97869,0,False,True,True,253.4766,0.703125
LDLC * kiobaNg/w/,CounterTerrorist,1566.623,1227.996,162.0313,M4A1,100,100,37.6,0,0,False,True,True,253.4766,0.703125
LDLC * kiobaNg/w/,CounterTerrorist,1569.101,1227.996,162.0313,M4A1,100,100,41.2362,0,0,False,True,True,253.4766,0.703125
LDLC * kiobaNg/w/,CounterTerrorist,1571.548,1227.996,162.0313,M4A1,100,100,33.86892,0,0,False,True,True,253.4766,1.054688
LDLC * kiobaNg/w/,CounterTerrorist,1572.617,1227.996,162.0313,M4A1,100,100,1.246845,0,0,False,True,True,253.125,1.054688
LDLC * kiobaNg/w/,CounterTerrorist,1572.508,1227.996,162.0313,M4A1,100,100,-1.754423,0,0,False,True,True,253.125,1.054688
LDLC * kiobaNg/w/,CounterTerrorist,1572.348,1227.996,162.0313,M4A1,100,100,0,0,0,False,True,True,253.125,1.40625
LDLC * kiobaNg/w/,CounterTerrorist,1572.122,1227.996,162.0313,M4A1,100,100,0,0,0,False,True,True,253.125,1.40625
LDLC * kiobaNg/w/,CounterTerrorist,1572.122,1227.996,162.0313,M4A1,100,100,0,0,0,False,True,True,253.125,1.40625
LDLC * kiobaNg/w/,CounterTerrorist,1572.122,1227.996,162.0313,M4A1,100,100,0,0,0,False,True,True,253.125,1.40625
LDLC * kiobaNg/w/,CounterTerrorist,1572.122,1227.996,162.0313,M4A1,100,100,0,0,0,False,True,True,253.125,1.757813
LDLC * kiobaNg/w/,CounterTerrorist,1572.122,1227.996,162.0313,M4A1,100,100,0,0,0,False,True,True,253.125,1.757813
LDLC * kiobaNg/w/,CounterTerrorist,1572.122,1227.996,162.0313,M4A1,100,100,0,0,0,False,True,True,253.125,1.757813
LDLC * kiobaNg/w/,CounterTerrorist,1571.867,1227.996,162.0313,M4A1,100,100,-7.292027,0,0,True,True,True,253.125,1.757813
LDLC * kiobaNg/w/,CounterTerrorist,1571.57,1227.996,162.0313,M4A1,100,100,0,0,0,True,True,True,253.125,2.109375
LDLC * kiobaNg/w/,CounterTerrorist,1571.57,1227.996,162.0313,M4A1,100,100,0,0,0,True,True,True,253.125,2.109375
LDLC * kiobaNg/w/,CounterTerrorist,1571.57,1227.996,162.0313,M4A1,100,100,0,0,0,False,True,True,253.125,2.109375
LDLC * kiobaNg/w/,CounterTerrorist,1571.57,1227.996,162.0313,M4A1,100,100,0,0,0,False,True,True,253.125,2.109375
LDLC * kiobaNg/w/,CounterTerrorist,1571.57,1227.996,162.0313,M4A1,100,100,0,0,0,False,True,True,253.125,2.460938
LDLC * kiobaNg/w/,CounterTerrorist,1571.57,1227.996,162.0313,M4A1,100,100,0,0,0,False,True,True,253.125,2.460938
LDLC * kiobaNg/w/,CounterTerrorist,1571.57,1227.996,162.0313,M4A1,100,100,0,0,0,False,True,True,253.125,2.460938
LDLC * kiobaNg/w/,CounterTerrorist,1571.57,1227.996,162.0313,M4A1,100,100,0,0,0,False,True,True,253.125,2.460938
LDLC * kiobaNg/w/,CounterTerrorist,1571.57,1227.996,162.0313,M4A1,100,100,0,0,0,False,True,True,253.125,2.460938
LDLC * kiobaNg/w/,CounterTerrorist,1571.57,1227.996,162.0313,M4A1,100,100,0,0,0,False,True,True,253.125,2.460938
LDLC * kiobaNg/w/,CounterTerrorist,1571.57,1227.996,162.0313,M4A1,100,100,0,0,0,False,True,True,253.125,2.460938
LDLC * kiobaNg/w/,CounterTerrorist,1571.57,1227.996,162.0313,M4A1,100,100,0,0,0,False,True,True,253.125,2.460938
LDLC * kiobaNg/w/,CounterTerrorist,1571.57,1227.996,162.0313,M4A1,100,100,0,0,0,False,True,True,253.125,2.460938
LDLC * kiobaNg/w/,CounterTerrorist,1571.57,1227.996,162.0313,M4A1,100,100,0,0,0,False,True,True,253.125,2.460938
LDLC * kiobaNg/w/,CounterTerrorist,1571.57,1227.996,162.0313,M4A1,100,100,0,0,0,False,True,True,253.125,2.460938
LDLC * kiobaNg/w/,CounterTerrorist,1571.57,1227.996,162.0313,M4A1,100,100,0,0,0,False,True,True,253.125,2.460938
LDLC * kiobaNg/w/,CounterTerrorist,1571.57,1227.996,162.0313,M4A1,100,100,0,0,0,False,True,True,253.125,2.460938
LDLC * kiobaNg/w/,CounterTerrorist,1571.57,1227.996,162.0313,M4A1,100,100,0,0,0,False,True,True,253.125,2.460938
LDLC * kiobaNg/w/,CounterTerrorist,1571.57,1227.996,162.0313,M4A1,100,100,0,0,0,False,True,True,253.125,2.460938
LDLC * kiobaNg/w/,CounterTerrorist,1571.57,1227.996,162.0313,M4A1,100,100,0,0,0,False,True,True,253.125,2.460938
LDLC * kiobaNg/w/,CounterTerrorist,1571.57,1227.996,162.0313,M4A1,100,100,0,0,0,False,True,True,253.125,2.460938
LDLC * kiobaNg/w/,CounterTerrorist,1571.57,1227.996,162.0313,M4A1,100,100,0,0,0,False,True,True,253.125,2.460938
LDLC * kiobaNg/w/,CounterTerrorist,1571.57,1227.996,162.0313,M4A1,100,100,0,0,0,False,True,True,253.125,2.460938
LDLC * kiobaNg/w/,CounterTerrorist,1571.57,1227.996,162.0313,M4A1,100,100,0,0,0,False,True,True,253.125,2.460938
LDLC * kiobaNg/w/,CounterTerrorist,1571.57,1227.996,162.0313,M4A1,100,100,0,0,0,False,True,True,253.125,2.460938
LDLC * kiobaNg/w/,CounterTerrorist,1571.57,1227.996,162.0313,M4A1,100,100,0,0,0,False,True,True,253.125,2.460938
LDLC * kiobaNg/w/,CounterTerrorist,1571.57,1227.996,162.0313,M4A1,100,100,0,0,0,False,True,True,253.125,2.460938
LDLC * kiobaNg/w/,CounterTerrorist,1571.57,1227.996,162.0313,M4A1,100,100,0,0,0,False,True,True,253.125,2.460938
LDLC * kiobaNg/w/,CounterTerrorist,1571.57,1227.996,162.0313,M4A1,100,100,0,0,0,False,True,True,253.125,2.460938
LDLC * kiobaNg/w/,CounterTerrorist,1571.57,1227.996,162.0313,M4A1,100,100,0,0,0,False,True,True,253.125,2.460938
LDLC * kiobaNg/w/,CounterTerrorist,1571.57,1227.996,162.0313,M4A1,100,100,0,0,0,False,True,True,253.125,2.460938
LDLC * kiobaNg/w/,CounterTerrorist,1571.57,1227.996,162.0313,M4A1,100,100,0,0,0,False,True,True,253.125,2.460938
LDLC * kiobaNg/w/,CounterTerrorist,1571.57,1227.996,162.0313,M4A1,100,100,0,0,0,False,True,True,253.125,2.460938
LDLC * kiobaNg/w/,CounterTerrorist,1571.57,1227.996,162.0313,M4A1,100,100,0,0,0,False,True,True,253.125,2.460938
LDLC * kiobaNg/w/,CounterTerrorist,1571.57,1227.996,162.0313,M4A1,100,100,0,0,0,False,True,True,253.125,2.460938
LDLC * kiobaNg/w/,CounterTerrorist,1571.57,1227.996,162.0313,M4A1,100,100,0,0,0,False,True,True,253.125,2.460938
LDLC * kiobaNg/w/,CounterTerrorist,1571.57,1227.996,162.0313,M4A1,100,100,0,0,0,False,True,True,253.125,2.460938
LDLC * kiobaNg/w/,CounterTerrorist,1571.57,1227.996,162.0313,M4A1,100,100,0,0,0,False,True,True,253.125,2.460938
LDLC * kiobaNg/w/,CounterTerrorist,1571.57,1227.996,162.0313,M4A1,100,100,0,0,0,False,True,True,253.125,2.460938
LDLC * kiobaNg/w/,CounterTerrorist,1571.57,1227.996,162.0313,M4A1,100,100,0,0,0,False,True,True,253.125,2.460938
LDLC * kiobaNg/w/,CounterTerrorist,1571.57,1227.996,162.0313,M4A1,100,100,0,0,0,False,True,True,253.125,2.460938
LDLC * kiobaNg/w/,CounterTerrorist,1571.57,1227.996,162.0313,M4A1,100,100,0,0,0,False,True,True,253.125,2.460938
LDLC * kiobaNg/w/,CounterTerrorist,1571.57,1227.996,162.0313,M4A1,100,100,0,0,0,False,True,True,253.125,2.460938
LDLC * kiobaNg/w/,CounterTerrorist,1571.57,1227.996,162.0313,M4A1,100,100,0,0,0,False,True,True,253.125,2.460938
LDLC * kiobaNg/w/,CounterTerrorist,1571.57,1227.996,162.0313,M4A1,100,100,0,0,0,False,True,True,253.125,2.460938
LDLC * kiobaNg/w/,CounterTerrorist,1571.57,1227.996,162.0313,M4A1,100,100,0,0,0,False,True,True,253.125,2.460938
LDLC * kiobaNg/w/,CounterTerrorist,1571.57,1227.996,162.0313,M4A1,100,100,0,0,0,False,True,True,253.125,2.460938
LDLC * kiobaNg/w/,CounterTerrorist,1571.57,1227.996,162.0313,M4A1,100,100,0,0,0,False,True,True,253.125,2.460938
LDLC * kiobaNg/w/,CounterTerrorist,1571.57,1227.996,162.0313,M4A1,100,100,0,0,0,False,True,True,253.125,2.460938
LDLC * kiobaNg/w/,CounterTerrorist,1571.57,1227.996,162.0313,M4A1,100,100,0,0,0,False,True,True,253.125,2.460938
LDLC * kiobaNg/w/,CounterTerrorist,1571.57,1227.996,162.0313,M4A1,100,100,0,0,0,False,True,True,253.125,2.460938
LDLC * kiobaNg/w/,CounterTerrorist,1571.57,1227.996,162.0313,M4A1,100,100,0,0,0,False,True,True,253.125,2.460938
LDLC * kiobaNg/w/,CounterTerrorist,1571.57,1227.996,162.0313,M4A1,100,100,0,0,0,False,True,True,253.125,2.460938
LDLC * kiobaNg/w/,CounterTerrorist,1571.57,1227.996,162.0313,M4A1,100,100,0,0,0,False,True,True,253.125,2.460938
LDLC * kiobaNg/w/,CounterTerrorist,1571.57,1227.996,162.0313,M4A1,100,100,0,0,0,False,True,True,253.125,2.460938
LDLC * kiobaNg/w/,CounterTerrorist,1571.57,1227.996,162.0313,HE,100,100,0,0,0,False,True,True,253.125,2.460938
LDLC * kiobaNg/w/,CounterTerrorist,1571.57,1227.996,162.0313,HE,100,100,0,0,0,False,True,True,253.125,2.460938
LDLC * kiobaNg/w/,CounterTerrorist,1571.57,1227.996,162.0313,HE,100,100,0,0,0,False,True,True,253.125,2.460938
LDLC * kiobaNg/w/,CounterTerrorist,1571.57,1227.996,162.0313,HE,100,100,0,0,0,False,True,True,253.125,2.460938
LDLC * kiobaNg/w/,CounterTerrorist,1571.57,1227.996,162.0313,HE,100,100,0,0,0,False,True,True,253.125,2.460938
LDLC * kiobaNg/w/,CounterTerrorist,1571.57,1227.996,162.0313,HE,100,100,0,0,0,False,True,True,253.125,2.460938
LDLC * kiobaNg/w/,CounterTerrorist,1571.57,1227.996,162.0313,HE,100,100,0,0,0,False,True,True,253.125,2.460938
LDLC * kiobaNg/w/,CounterTerrorist,1571.57,1227.996,162.0313,HE,100,100,0,0,0,False,True,True,253.125,2.460938
LDLC * kiobaNg/w/,CounterTerrorist,1571.57,1227.996,162.0313,HE,100,100,0,0,0,False,True,True,253.125,2.460938
LDLC * kiobaNg/w/,CounterTerrorist,1571.57,1227.996,162.0313,HE,100,100,0,0,0,False,True,True,253.125,2.460938
LDLC * kiobaNg/w/,CounterTerrorist,1571.57,1227.996,162.0313,HE,100,100,0,0,0,False,True,True,253.125,2.460938
LDLC * kiobaNg/w/,CounterTerrorist,1571.65,1227.972,162.0313,HE,100,100,10.25556,-3.116904,0,False,True,True,253.125,2.460938
LDLC * kiobaNg/w/,CounterTerrorist,1574.418,1227.13,162.0313,HE,100,100,70.75182,-21.57653,0,False,True,True,252.7734,2.460938
LDLC * kiobaNg/w/,CounterTerrorist,1580.749,1225.157,159.0425,HE,100,100,118.8588,-37.75616,0,False,True,True,250.6641,2.109375
LDLC * kiobaNg/w/,CounterTerrorist,1588.296,1222.678,158.6843,HE,100,100,120.6669,-40.86893,0,False,True,True,247.1484,1.40625
LDLC * kiobaNg/w/,CounterTerrorist,1595.798,1220.009,158.2985,HE,100,100,119.4827,-44.21121,0,False,True,True,244.6875,0.3515625
LDLC * kiobaNg/w/,CounterTerrorist,1603.215,1217.116,157.8803,HE,100,100,118.0455,-47.91674,0,False,True,True,242.9297,358.9453
LDLC * kiobaNg/w/,CounterTerrorist,1609.842,1214.376,157.4843,HE,100,100,82.53116,-33.00076,0,False,True,True,242.2266,358.2422
LDLC * kiobaNg/w/,CounterTerrorist,1612.805,1213.35,157.336,HE,100,100,20.39176,-4.127929,0,False,True,True,242.2266,357.8906
LDLC * kiobaNg/w/,CounterTerrorist,1612.601,1213.562,157.3512,HE,100,100,-14.0407,7.501799,0,False,True,True,242.9297,358.2422
LDLC * kiobaNg/w/,CounterTerrorist,1610.708,1214.539,157.5079,HE,100,100,-37.21459,19.01747,0,False,True,True,243.2813,359.2969
LDLC * kiobaNg/w/,CounterTerrorist,1608.254,1215.788,157.6885,HE,100,100,-32.40012,16.48898,0,False,True,True,243.2813,359.6484
LDLC * kiobaNg/w/,CounterTerrorist,1606.934,1216.46,157.77,HE,100,100,-12.34754,6.283875,0,False,True,True,243.2813,0
LDLC * kiobaNg/w/,CounterTerrorist,1606.744,1216.557,157.7913,HE,100,100,0,0,0,False,True,True,243.2813,0.3515625
LDLC * kiobaNg/w/,CounterTerrorist,1606.744,1216.557,157.7913,HE,100,100,0,0,0,False,True,True,243.2813,0.703125
LDLC * kiobaNg/w/,CounterTerrorist,1606.744,1216.557,157.7913,HE,100,100,0,0,0,False,True,True,243.2813,0.703125
LDLC * kiobaNg/w/,CounterTerrorist,1606.744,1216.557,157.7913,HE,100,100,0,0,0,False,True,True,243.2813,0.703125
LDLC * kiobaNg/w/,CounterTerrorist,1606.744,1216.557,157.7913,HE,100,100,0,0,0,False,True,True,243.2813,0.703125
LDLC * kiobaNg/w/,CounterTerrorist,1606.744,1216.557,157.7913,HE,100,100,0,0,0,False,True,True,243.2813,0.703125
LDLC * kiobaNg/w/,CounterTerrorist,1606.744,1216.557,157.7913,HE,100,100,0,0,0,False,True,True,243.2813,0.703125
LDLC * kiobaNg/w/,CounterTerrorist,1606.744,1216.557,157.7913,HE,100,100,0,0,0,False,True,True,243.2813,0.703125
LDLC * kiobaNg/w/,CounterTerrorist,1606.744,1216.557,157.7913,HE,100,100,0,0,0,False,True,True,243.2813,0.703125
LDLC * kiobaNg/w/,CounterTerrorist,1606.744,1216.557,157.7913,HE,100,100,0,0,0,False,True,True,243.2813,0.703125
LDLC * kiobaNg/w/,CounterTerrorist,1606.744,1216.557,157.7913,HE,100,100,0,0,0,False,True,True,243.2813,0.703125
LDLC * kiobaNg/w/,CounterTerrorist,1606.744,1216.557,157.7913,HE,100,100,0,0,0,False,True,True,243.2813,0.703125
LDLC * kiobaNg/w/,CounterTerrorist,1606.744,1216.557,157.7913,HE,100,100,0,0,0,False,True,True,243.2813,0.703125
LDLC * kiobaNg/w/,CounterTerrorist,1606.744,1216.557,157.7913,HE,100,100,0,0,0,False,True,True,243.2813,0.703125
LDLC * kiobaNg/w/,CounterTerrorist,1606.744,1216.557,157.7913,HE,100,100,0,0,0,False,True,True,243.2813,0.703125
LDLC * kiobaNg/w/,CounterTerrorist,1606.744,1216.557,157.7913,HE,100,100,0,0,0,False,True,True,243.2813,0.703125
LDLC * kiobaNg/w/,CounterTerrorist,1606.744,1216.557,157.7913,HE,100,100,0,0,0,False,True,True,243.2813,0.703125
LDLC * kiobaNg/w/,CounterTerrorist,1606.744,1216.557,157.7913,HE,100,100,0,0,0,False,True,True,243.2813,0.703125
LDLC * kiobaNg/w/,CounterTerrorist,1606.744,1216.557,157.7913,HE,100,100,0,0,0,False,True,True,243.2813,0.703125
LDLC * kiobaNg/w/,CounterTerrorist,1606.744,1216.557,157.7913,HE,100,100,0,0,0,False,True,True,243.2813,0.703125
LDLC * kiobaNg/w/,CounterTerrorist,1606.744,1216.557,157.7913,HE,100,100,0,0,0,False,True,True,243.2813,0.703125
LDLC * kiobaNg/w/,CounterTerrorist,1606.744,1216.557,157.7913,HE,100,100,0,0,0,False,True,True,243.2813,0.703125
LDLC * kiobaNg/w/,CounterTerrorist,1606.744,1216.557,157.7913,HE,100,100,0,0,0,False,True,True,243.2813,0.703125
LDLC * kiobaNg/w/,CounterTerrorist,1606.744,1216.557,157.7913,HE,100,100,0,0,0,False,True,True,243.2813,0.703125
LDLC * kiobaNg/w/,CounterTerrorist,1606.744,1216.557,157.7913,HE,100,100,0,0,0,False,True,True,243.2813,0.703125
LDLC * kiobaNg/w/,CounterTerrorist,1606.744,1216.557,157.7913,HE,100,100,0,0,0,False,True,True,243.2813,0.703125
LDLC * kiobaNg/w/,CounterTerrorist,1606.744,1216.557,157.7913,HE,100,100,0,0,0,False,True,True,243.2813,0.703125
LDLC * kiobaNg/w/,CounterTerrorist,1606.426,1215.927,157.7085,HE,100,100,-15.50043,-30.75188,0,False,True,True,243.2813,0.703125
LDLC * kiobaNg/w/,CounterTerrorist,1604.801,1212.703,157.2425,HE,100,100,-40.28559,-79.94696,0,False,True,True,243.2813,1.054688
LDLC * kiobaNg/w/,CounterTerrorist,1600.92,1204.983,156.4176,HE,100,100,-65.81368,-131.0663,0,False,True,True,243.2813,1.054688
LDLC * kiobaNg/w/,CounterTerrorist,1596.206,1195.587,155.5002,HE,100,100,-82.17491,-163.877,0,False,True,True,243.2813,1.054688
LDLC * kiobaNg/w/,CounterTerrorist,1590.627,1184.457,154.4136,HE,100,100,-94.22588,-188.044,0,False,True,True,243.2813,1.054688
LDLC * kiobaNg/w/,CounterTerrorist,1584.412,1172.051,153.2022,HE,100,100,-103.1021,-205.8444,0,False,True,True,243.2813,1.054688
LDLC * kiobaNg/w/,CounterTerrorist,1578.263,1159.773,152.0997,HE,100,100,-87.3878,-174.4904,0,False,True,True,243.2813,1.054688
LDLC * kiobaNg/w/,CounterTerrorist,1574.386,1152.033,151.4347,HE,100,100,-38.15139,-76.13895,0,False,True,True,243.2813,1.054688
LDLC * kiobaNg/w/,CounterTerrorist,1573.633,1150.531,151.2947,M4A1,100,100,5.628523,11.26569,0,False,True,True,243.2813,1.054688
LDLC * kiobaNg/w/,CounterTerrorist,1574.868,1153.004,151.5182,M4A1,100,100,30.76207,61.58833,0,False,True,True,243.6328,1.054688
LDLC * kiobaNg/w/,CounterTerrorist,1577.622,1158.518,151.9921,M4A1,100,100,53.46814,107.0772,0,False,True,True,243.6328,1.054688
LDLC * kiobaNg/w/,CounterTerrorist,1581.581,1166.447,152.6736,M4A1,100,100,70.27139,140.7403,0,False,True,True,243.6328,1.054688
LDLC * kiobaNg/w/,CounterTerrorist,1586.427,1176.153,153.6034,M4A1,100,100,82.64792,165.5352,0,False,True,True,243.6328,1.054688
LDLC * kiobaNg/w/,CounterTerrorist,1591.826,1186.966,154.6595,M4A1,100,100,83.13497,166.5138,0,False,True,True,243.6328,1.054688
LDLC * kiobaNg/w/,CounterTerrorist,1596.217,1195.762,155.5186,M4A1,100,100,61.23357,122.6468,0,False,True,True,243.2813,1.054688
LDLC * kiobaNg/w/,CounterTerrorist,1599.452,1202.241,156.1514,M4A1,100,100,45.10196,90.33625,0,True,True,True,243.2813,1.054688
LDLC * kiobaNg/w/,CounterTerrorist,1601.575,1206.494,156.5667,M4A1,100,100,34.51442,69.1301,0,True,True,True,243.2813,1.054688
LDLC * kiobaNg/w/,CounterTerrorist,1603.557,1210.464,156.9545,M4A1,100,100,23.16962,46.40723,0,True,True,True,243.2813,1.054688
LDLC * kiobaNg/w/,CounterTerrorist,1604.652,1212.657,157.2359,M4A1,100,100,13.11912,26.27674,0,False,True,True,243.2813,1.054688
LDLC * kiobaNg/w/,CounterTerrorist,1605.119,1213.591,157.371,M4A1,100,100,3.068611,6.146227,0,False,True,True,243.2813,1.054688
LDLC * kiobaNg/w/,CounterTerrorist,1605.137,1213.628,157.371,M4A1,100,100,0,0,0,False,True,True,243.2813,1.054688
LDLC * kiobaNg/w/,CounterTerrorist,1605.079,1213.658,157.371,M4A1,100,100,-4.135214,2.07138,0,True,True,True,243.2813,1.054688
LDLC * kiobaNg/w/,CounterTerrorist,1604.5,1213.938,157.4092,M4A1,100,100,-11.56115,5.44826,0,True,True,True,245.3906,1.40625
LDLC * kiobaNg/w/,CounterTerrorist,1603.538,1214.369,157.4833,M4A1,100,100,-18.38825,7.932671,0,True,True,True,247.8516,1.40625
LDLC * kiobaNg/w/,CounterTerrorist,1601.473,1215.194,157.6026,M4A1,100,100,-54.0243,20.79636,0,False,True,True,249.9609,1.757813
LDLC * kiobaNg/w/,CounterTerrorist,1596.27,1217.089,157.8765,M4A1,100,100,-104.5808,36.82014,0,False,True,True,252.4219,2.460938
LDLC * kiobaNg/w/,CounterTerrorist,1588.315,1219.773,158.2643,M4A1,100,100,-143.2571,47.02071,0,False,True,True,253.8281,2.109375
LDLC * kiobaNg/w/,CounterTerrorist,1578.305,1222.952,158.7239,M4A1,100,100,-172.0513,53.48583,0,False,True,True,254.5313,1.757813
LDLC * kiobaNg/w/,CounterTerrorist,1566.989,1226.396,162.0313,M4A1,100,100,-174.7464,52.72126,0,False,True,True,254.5313,1.757813
LDLC * kiobaNg/w/,CounterTerrorist,1558.816,1227.848,162.0313,M4A1,100,100,-84.7101,-7.6141,0,False,True,True,254.5313,1.40625
LDLC * kiobaNg/w/,CounterTerrorist,1556.931,1226.863,162.0313,M4A1,100,100,8.96432,-18.6008,0,False,True,True,254.5313,1.40625
LDLC * kiobaNg/w/,CounterTerrorist,1559.584,1225.467,162.0313,M4A1,100,100,66.94778,-27.07616,0,False,True,True,254.1797,1.40625
LDLC * kiobaNg/w/,CounterTerrorist,1562.593,1224.202,162.0313,M4A1,100,100,17.81543,-10.21277,0,False,True,True,253.8281,1.757813
LDLC * kiobaNg/w/,CounterTerrorist,1561.241,1224.502,162.0313,M4A1,100,100,-45.70516,12.85981,0,False,True,True,253.4766,2.109375
LDLC * kiobaNg/w/,CounterTerrorist,1559.038,1225.125,162.0313,M4A1,100,100,-17.32826,4.686002,0,False,True,True,253.4766,2.109375
LDLC * kiobaNg/w/,CounterTerrorist,1560.911,1224.559,162.0313,M4A1,100,100,54.21183,-16.19472,0,False,True,True,253.4766,2.109375
LDLC * kiobaNg/w/,CounterTerrorist,1564.349,1223.533,162.0313,M4A1,100,100,23.11753,-6.934273,0,False,True,True,253.4766,2.109375
LDLC * kiobaNg/w/,CounterTerrorist,1563.193,1223.874,162.0313,M4A1,100,100,-43.15463,12.75452,0,False,True,True,253.4766,2.109375
LDLC * kiobaNg/w/,CounterTerrorist,1563.067,1223.911,162.0313,M4A1,100,100,28.32023,-8.370153,0,False,True,True,253.4766,2.109375
LDLC * kiobaNg/w/,CounterTerrorist,1566.017,1223.039,162.0313,M4A1,100,100,66.08053,-19.53036,0,False,True,True,253.4766,2.109375
LDLC * kiobaNg/w/,CounterTerrorist,1566.649,1222.854,162.0313,M4A1,100,100,-26.95529,8.026649,0,False,True,True,253.4766,2.109375
LDLC * kiobaNg/w/,CounterTerrorist,1564.912,1223.37,162.0313,M4A1,100,100,4.037751,-1.222627,0,False,True,True,253.4766,2.109375
LDLC * kiobaNg/w/,CounterTerrorist,1567.059,1222.728,162.0313,M4A1,100,100,57.92892,-17.34115,0,False,True,True,253.4766,2.109375
LDLC * kiobaNg/w/,CounterTerrorist,1568.827,1222.199,162.0313,M4A1,100,100,-9.429294,2.826278,0,False,True,True,253.4766,2.109375
LDLC * kiobaNg/w/,CounterTerrorist,1566.985,1222.751,162.0313,M4A1,100,100,-37.71717,11.30511,0,False,True,True,253.4766,2.109375
LDLC * kiobaNg/w/,CounterTerrorist,1567.901,1222.477,162.0313,M4A1,100,100,43.10534,-12.92013,0,False,True,True,253.4766,2.109375
LDLC * kiobaNg/w/,CounterTerrorist,1571.016,1221.543,158.6314,M4A1,100,100,21.55267,-6.460061,0,False,True,True,253.4766,2.109375
LDLC * kiobaNg/w/,CounterTerrorist,1569.837,1221.897,162.0313,M4A1,100,100,-43.08508,12.98741,0,False,True,True,253.125,2.109375
LDLC * kiobaNg/w/,CounterTerrorist,1568.591,1222.255,162.0313,M4A1,100,100,10.56738,-3.958629,0,False,True,True,250.3125,2.460938
LDLC * kiobaNg/w/,CounterTerrorist,1571.089,1221.278,158.6023,M4A1,100,100,62.58652,-25.33725,0,False,True,True,246.4453,2.460938
LDLC * kiobaNg/w/,CounterTerrorist,1576.708,1219.239,158.2995,M4A1,100,100,109.7092,-25.69723,0,False,True,True,244.6875,2.109375
LDLC * kiobaNg/w/,CounterTerrorist,1584.899,1218.723,158.1171,M4A1,100,100,146.1029,3.846357,0,False,True,True,243.9844,2.109375
LDLC * kiobaNg/w/,CounterTerrorist,1594.375,1219.524,158.2285,M4A1,100,100,146.1992,15.90812,0,True,True,True,243.6328,1.757813
LDLC * kiobaNg/w/,CounterTerrorist,1602.985,1220.352,158.3481,M4A1,100,100,131.5352,6.823313,0,True,True,True,243.6328,1.757813
LDLC * kiobaNg/w/,CounterTerrorist,1609.122,1220.575,158.3661,M4A1,100,100,73.21368,7.046402,0,True,True,True,243.2813,1.757813
LDLC * kiobaNg/w/,CounterTerrorist,1611.989,1221.344,158.4914,M4A1,100,100,24.96013,15.14696,0,False,True,True,243.2813,1.757813
LDLC * kiobaNg/w/,CounterTerrorist,1612.204,1222.17,158.6108,M4A1,100,100,-7.994697,10.13436,0,False,True,True,243.2813,1.40625
LDLC * kiobaNg/w/,CounterTerrorist,1612.09,1222.314,158.6301,M4A1,100,100,0,0,0,False,True,True,243.2813,1.40625
LDLC * kiobaNg/w/,CounterTerrorist,1612.232,1222.242,158.6213,M4A1,100,100,5.745752,-2.903056,0,False,True,True,243.2813,1.40625
LDLC * kiobaNg/w/,CounterTerrorist,1612.663,1222.025,158.5898,M4A1,100,100,2.259251,-1.141492,0,False,True,True,243.2813,1.40625
LDLC * kiobaNg/w/,CounterTerrorist,1612.663,1222.025,158.5898,M4A1,100,100,0,0,0,False,True,True,243.2813,1.40625
LDLC * kiobaNg/w/,CounterTerrorist,1612.76,1221.975,158.5827,M4A1,100,100,4.932086,-2.503847,0,False,True,True,242.9297,1.40625
LDLC * kiobaNg/w/,CounterTerrorist,1613.295,1221.703,158.5434,M4A1,100,100,11.39674,-5.785725,0,False,True,True,242.9297,1.40625
LDLC * kiobaNg/w/,CounterTerrorist,1614.234,1221.226,158.4744,M4A1,100,100,17.85061,-9.088801,0,False,True,True,242.9297,1.40625
LDLC * kiobaNg/w/,CounterTerrorist,1614.66,1221.009,158.4431,M4A1,100,100,0,0,0,False,True,True,242.9297,1.40625
LDLC * kiobaNg/w/,CounterTerrorist,1614.66,1221.009,158.4431,M4A1,100,100,0,0,0,False,True,True,242.5781,1.40625
LDLC * kiobaNg/w/,CounterTerrorist,1614.789,1221.258,158.4791,M4A1,100,100,3.783898,7.331071,0,False,True,True,242.5781,1.40625
LDLC * kiobaNg/w/,CounterTerrorist,1615.101,1221.818,158.5478,M4A1,100,100,8.530581,10.79429,0,False,True,True,242.5781,1.40625
LDLC * kiobaNg/w/,CounterTerrorist,1616.167,1222.39,158.6426,M4A1,100,100,19.30133,7.639557,0,False,True,True,242.9297,1.40625
LDLC * kiobaNg/w/,CounterTerrorist,1617.614,1222.927,158.7202,M4A1,100,100,24.65519,11.18728,0,False,True,True,242.9297,1.40625
LDLC * kiobaNg/w/,CounterTerrorist,1618.434,1223.299,158.774,M4A1,100,100,4.165803,1.89023,0,False,True,True,242.5781,1.40625
LDLC * kiobaNg/w/,CounterTerrorist,1618.306,1223.378,158.774,M4A1,100,100,-5.714778,2.963564,0,False,True,True,242.5781,1.40625
LDLC * kiobaNg/w/,CounterTerrorist,1617.972,1223.551,158.8096,M4A1,100,100,0,0,0,False,True,True,242.5781,1.40625
LDLC * kiobaNg/w/,CounterTerrorist,1617.972,1223.551,158.8096,M4A1,100,100,0,0,0,False,True,True,242.5781,1.40625
LDLC * kiobaNg/w/,CounterTerrorist,1617.972,1223.551,158.8096,M4A1,100,100,0,0,0,False,True,True,242.5781,1.40625
LDLC * kiobaNg/w/,CounterTerrorist,1617.972,1223.551,158.8096,M4A1,100,100,0,0,0,False,True,True,242.5781,1.40625
LDLC * kiobaNg/w/,CounterTerrorist,1617.972,1223.551,158.8096,M4A1,100,100,0,0,0,False,True,True,242.5781,1.40625
LDLC * kiobaNg/w/,CounterTerrorist,1617.972,1223.551,158.8096,M4A1,100,100,0,0,0,False,True,True,242.5781,1.40625
LDLC * kiobaNg/w/,CounterTerrorist,1617.972,1223.551,158.8096,M4A1,100,100,0,0,0,False,True,True,242.5781,1.40625
LDLC * kiobaNg/w/,CounterTerrorist,1617.972,1223.551,158.8096,M4A1,100,100,0,0,0,False,True,True,242.5781,1.40625
LDLC * kiobaNg/w/,CounterTerrorist,1617.972,1223.551,158.8096,M4A1,100,100,0,0,0,False,True,True,242.5781,1.40625
LDLC * kiobaNg/w/,CounterTerrorist,1617.972,1223.551,158.8096,M4A1,100,100,0,0,0,False,True,True,242.5781,1.40625
LDLC * kiobaNg/w/,CounterTerrorist,1617.972,1223.551,158.8096,M4A1,100,100,0,0,0,False,True,True,242.5781,1.40625
LDLC * kiobaNg/w/,CounterTerrorist,1617.972,1223.551,158.8096,M4A1,100,100,0,0,0,True,True,True,242.5781,1.757813
LDLC * kiobaNg/w/,CounterTerrorist,1617.972,1223.551,158.8096,M4A1,100,100,0,0,0,True,True,True,242.9297,2.460938
LDLC * kiobaNg/w/,CounterTerrorist,1617.972,1223.551,158.8096,M4A1,100,100,0,0,0,True,True,True,242.9297,2.8125
LDLC * kiobaNg/w/,CounterTerrorist,1617.972,1223.551,158.8096,M4A1,100,100,0,0,0,False,True,True,242.5781,2.8125
LDLC * kiobaNg/w/,CounterTerrorist,1617.972,1223.551,158.8096,M4A1,100,100,0,0,0,False,True,True,242.5781,2.8125
LDLC * kiobaNg/w/,CounterTerrorist,1617.972,1223.551,158.8096,M4A1,100,100,0,0,0,False,True,True,242.5781,2.8125
LDLC * kiobaNg/w/,CounterTerrorist,1618.331,1224.246,158.9109,M4A1,100,100,10.52038,20.3826,0,False,True,True,242.5781,2.8125
LDLC * kiobaNg/w/,CounterTerrorist,1619.237,1226.002,159.1647,M4A1,100,100,13.24364,25.65875,0,False,True,True,242.5781,2.8125
LDLC * kiobaNg/w/,CounterTerrorist,1619.702,1226.903,159.2948,M4A1,100,100,2.923918,5.664913,0,False,True,True,242.5781,2.8125
LDLC * kiobaNg/w/,CounterTerrorist,1619.715,1226.927,159.2948,M4A1,100,100,0,0,0,False,True,True,242.5781,2.8125
LDLC * kiobaNg/w/,CounterTerrorist,1619.715,1226.927,159.2948,M4A1,100,100,0,0,0,False,True,True,242.5781,2.8125
LDLC * kiobaNg/w/,CounterTerrorist,1620.167,1227.802,159.4248,M4A1,100,100,11.84386,22.93486,0,False,True,True,242.5781,2.8125
LDLC * kiobaNg/w/,CounterTerrorist,1620.948,1227.969,159.4489,M4A1,100,100,11.82191,0,0,False,True,True,242.5781,2.8125
LDLC * kiobaNg/w/,CounterTerrorist,1621.18,1227.969,159.4489,M4A1,100,100,0,0,0,False,True,True,242.5781,2.8125
LDLC * kiobaNg/w/,CounterTerrorist,1621.18,1227.969,159.4489,M4A1,100,100,0,0,0,False,True,True,242.5781,2.8125
LDLC * kiobaNg/w/,CounterTerrorist,1621.18,1227.969,159.4489,M4A1,100,100,0,0,0,False,True,True,242.5781,2.8125
LDLC * kiobaNg/w/,CounterTerrorist,1621.18,1227.969,159.4489,M4A1,100,100,0,0,0,False,True,True,242.5781,2.8125
LDLC * kiobaNg/w/,CounterTerrorist,1621.18,1227.969,159.4489,M4A1,100,100,0,0,0,False,True,True,242.5781,2.8125
LDLC * kiobaNg/w/,CounterTerrorist,1621.18,1227.969,159.4489,M4A1,100,100,0,0,0,False,True,True,242.5781,2.8125
LDLC * kiobaNg/w/,CounterTerrorist,1621.18,1227.969,159.4489,M4A1,100,100,0,0,0,False,True,True,242.5781,2.8125
LDLC * kiobaNg/w/,CounterTerrorist,1621.18,1227.969,159.4489,M4A1,100,100,0,0,0,False,True,True,242.5781,2.8125
LDLC * kiobaNg/w/,CounterTerrorist,1621.18,1227.969,159.4489,M4A1,100,100,0,0,0,False,True,True,242.5781,2.8125
LDLC * kiobaNg/w/,CounterTerrorist,1621.18,1227.969,159.4489,M4A1,100,100,0,0,0,False,True,True,242.5781,2.8125
LDLC * kiobaNg/w/,CounterTerrorist,1621.18,1227.969,159.4489,M4A1,100,100,0,0,0,False,True,True,242.5781,2.8125
LDLC * kiobaNg/w/,CounterTerrorist,1621.18,1227.969,159.4489,M4A1,100,100,0,0,0,False,True,True,242.5781,2.8125
LDLC * kiobaNg/w/,CounterTerrorist,1621.18,1227.969,159.4489,M4A1,100,100,0,0,0,False,True,True,242.5781,2.8125
LDLC * kiobaNg/w/,CounterTerrorist,1621.18,1227.969,159.4489,M4A1,100,100,0,0,0,False,True,True,242.5781,2.8125
LDLC * kiobaNg/w/,CounterTerrorist,1621.18,1227.969,159.4489,M4A1,100,100,0,0,0,False,True,True,242.5781,2.8125
LDLC * kiobaNg/w/,CounterTerrorist,1621.18,1227.969,159.4489,M4A1,100,100,0,0,0,False,True,True,242.5781,2.8125
LDLC * kiobaNg/w/,CounterTerrorist,1621.18,1227.969,159.4489,M4A1,100,100,0,0,0,False,True,True,242.5781,2.8125
LDLC * kiobaNg/w/,CounterTerrorist,1621.18,1227.969,159.4489,M4A1,100,100,0,0,0,False,True,True,242.5781,2.8125
LDLC * kiobaNg/w/,CounterTerrorist,1621.18,1227.969,159.4489,M4A1,100,100,0,0,0,False,True,True,242.5781,2.8125
LDLC * kiobaNg/w/,CounterTerrorist,1621.18,1227.969,159.4489,M4A1,100,100,0,0,0,False,True,True,242.5781,2.8125
LDLC * kiobaNg/w/,CounterTerrorist,1621.18,1227.969,159.4489,M4A1,100,100,0,0,0,False,True,True,242.5781,2.8125
LDLC * kiobaNg/w/,CounterTerrorist,1621.18,1227.969,159.4489,M4A1,100,100,0,0,0,False,True,True,242.5781,2.8125
LDLC * kiobaNg/w/,CounterTerrorist,1621.18,1227.969,159.4489,M4A1,100,100,0,0,0,False,True,True,242.5781,2.8125
LDLC * kiobaNg/w/,CounterTerrorist,1621.18,1227.969,159.4489,M4A1,100,100,0,0,0,False,True,True,242.5781,2.8125
LDLC * kiobaNg/w/,CounterTerrorist,1621.18,1227.969,159.4489,M4A1,100,100,0,0,0,False,True,True,242.5781,2.8125
LDLC * kiobaNg/w/,CounterTerrorist,1621.18,1227.969,159.4489,M4A1,100,100,0,0,0,False,True,True,242.5781,2.8125
LDLC * kiobaNg/w/,CounterTerrorist,1621.18,1227.969,159.4489,M4A1,100,100,0,0,0,False,True,True,242.5781,2.8125
LDLC * kiobaNg/w/,CounterTerrorist,1621.18,1227.969,159.4489,M4A1,100,100,0,0,0,False,True,True,242.5781,2.8125
LDLC * kiobaNg/w/,CounterTerrorist,1621.18,1227.969,159.4489,M4A1,100,100,0,0,0,False,True,True,242.5781,2.8125
LDLC * kiobaNg/w/,CounterTerrorist,1621.18,1227.969,159.4489,M4A1,100,100,0,0,0,False,True,True,242.5781,2.8125
LDLC * kiobaNg/w/,CounterTerrorist,1621.18,1227.969,159.4489,M4A1,100,100,0,0,0,False,True,True,242.5781,2.8125
LDLC * kiobaNg/w/,CounterTerrorist,1621.18,1227.969,159.4489,M4A1,100,100,0,0,0,False,True,True,242.5781,2.8125
LDLC * kiobaNg/w/,CounterTerrorist,1621.18,1227.969,159.4489,M4A1,100,100,0,0,0,False,True,True,242.5781,2.8125
LDLC * kiobaNg/w/,CounterTerrorist,1621.18,1227.969,159.4489,M4A1,100,100,0,0,0,False,True,True,242.5781,2.8125
LDLC * kiobaNg/w/,CounterTerrorist,1621.18,1227.969,159.4489,M4A1,100,100,0,0,0,False,True,True,242.5781,2.8125
LDLC * kiobaNg/w/,CounterTerrorist,1621.18,1227.969,159.4489,M4A1,100,100,0,0,0,False,True,True,242.5781,2.8125
LDLC * kiobaNg/w/,CounterTerrorist,1621.18,1227.969,159.4489,M4A1,100,100,0,0,0,False,True,True,242.5781,2.8125
LDLC * kiobaNg/w/,CounterTerrorist,1621.18,1227.969,159.4489,M4A1,100,100,0,0,0,False,True,True,242.5781,2.8125
LDLC * kiobaNg/w/,CounterTerrorist,1621.18,1227.969,159.4489,M4A1,100,100,0,0,0,False,True,True,242.5781,2.8125
LDLC * kiobaNg/w/,CounterTerrorist,1621.18,1227.969,159.4489,M4A1,100,100,0,0,0,False,True,True,242.5781,2.8125
LDLC * kiobaNg/w/,CounterTerrorist,1621.18,1227.969,159.4489,M4A1,100,100,0,0,0,False,True,True,242.5781,2.8125
LDLC * kiobaNg/w/,CounterTerrorist,1621.18,1227.969,159.4489,M4A1,100,100,0,0,0,False,True,True,242.5781,2.8125
LDLC * kiobaNg/w/,CounterTerrorist,1621.18,1227.969,159.4489,M4A1,100,100,0,0,0,False,True,True,242.5781,2.8125
LDLC * kiobaNg/w/,CounterTerrorist,1621.18,1227.969,159.4489,M4A1,100,100,0,0,0,False,True,True,242.5781,2.8125
LDLC * kiobaNg/w/,CounterTerrorist,1621.18,1227.969,159.4489,M4A1,100,100,0,0,0,False,True,True,242.5781,2.8125
LDLC * kiobaNg/w/,CounterTerrorist,1621.18,1227.969,159.4489,M4A1,100,100,0,0,0,False,True,True,242.5781,2.8125
LDLC * kiobaNg/w/,CounterTerrorist,1621.18,1227.969,159.4489,M4A1,100,100,0,0,0,False,True,True,242.5781,2.8125
LDLC * kiobaNg/w/,CounterTerrorist,1621.18,1227.969,159.4489,M4A1,100,100,0,0,0,False,True,True,242.5781,2.8125
LDLC * kiobaNg/w/,CounterTerrorist,1621.18,1227.969,159.4489,M4A1,100,100,0,0,0,False,True,True,242.5781,2.8125
LDLC * kiobaNg/w/,CounterTerrorist,1621.18,1227.969,159.4489,M4A1,100,100,0,0,0,False,True,True,242.5781,2.8125
LDLC * kiobaNg/w/,CounterTerrorist,1621.18,1227.969,159.4489,M4A1,100,100,0,0,0,False,True,True,242.5781,2.8125
LDLC * kiobaNg/w/,CounterTerrorist,1621.18,1227.969,159.4489,M4A1,100,100,0,0,0,False,True,True,242.5781,2.8125
LDLC * kiobaNg/w/,CounterTerrorist,1621.18,1227.969,159.4489,M4A1,100,100,0,0,0,False,True,True,242.5781,2.8125
LDLC * kiobaNg/w/,CounterTerrorist,1621.18,1227.969,159.4489,M4A1,100,100,0,0,0,False,True,True,242.5781,2.8125
LDLC * kiobaNg/w/,CounterTerrorist,1621.18,1227.969,159.4489,M4A1,100,100,0,0,0,False,True,True,242.5781,2.8125
LDLC * kiobaNg/w/,CounterTerrorist,1621.18,1227.969,159.4489,M4A1,100,100,0,0,0,False,True,True,242.5781,2.8125
LDLC * kiobaNg/w/,CounterTerrorist,1621.18,1227.969,159.4489,M4A1,100,100,0,0,0,False,True,True,242.5781,2.8125
LDLC * kiobaNg/w/,CounterTerrorist,1621.18,1227.969,159.4489,M4A1,100,100,0,0,0,False,True,True,242.5781,2.8125
LDLC * kiobaNg/w/,CounterTerrorist,1621.18,1227.969,159.4489,M4A1,100,100,0,0,0,False,True,True,242.5781,2.8125
LDLC * kiobaNg/w/,CounterTerrorist,1621.18,1227.969,159.4489,M4A1,100,100,0,0,0,False,True,True,242.5781,2.8125
LDLC * kiobaNg/w/,CounterTerrorist,1621.18,1227.969,159.4489,M4A1,100,100,0,0,0,False,True,True,242.5781,2.8125
LDLC * kiobaNg/w/,CounterTerrorist,1621.18,1227.969,159.4489,M4A1,100,100,0,0,0,False,True,True,242.5781,2.8125
LDLC * kiobaNg/w/,CounterTerrorist,1621.18,1227.969,159.4489,M4A1,100,100,0,0,0,False,True,True,242.5781,2.8125
LDLC * kiobaNg/w/,CounterTerrorist,1621.18,1227.969,159.4489,M4A1,100,100,0,0,0,False,True,True,242.5781,2.8125
LDLC * kiobaNg/w/,CounterTerrorist,1621.18,1227.969,159.4489,M4A1,100,100,0,0,0,False,True,True,242.5781,2.8125
LDLC * kiobaNg/w/,CounterTerrorist,1621.18,1227.969,159.4489,M4A1,100,100,0,0,0,False,True,True,242.5781,2.8125
LDLC * kiobaNg/w/,CounterTerrorist,1621.18,1227.969,159.4489,M4A1,100,100,0,0,0,False,True,True,242.5781,2.8125
LDLC * kiobaNg/w/,CounterTerrorist,1621.18,1227.969,159.4489,M4A1,100,100,0,0,0,False,True,True,242.5781,2.8125
LDLC * kiobaNg/w/,CounterTerrorist,1621.18,1227.969,159.4489,M4A1,100,100,0,0,0,False,True,True,242.5781,2.8125
LDLC * kiobaNg/w/,CounterTerrorist,1621.18,1227.969,159.4489,M4A1,100,100,0,0,0,False,True,True,242.5781,2.8125
LDLC * kiobaNg/w/,CounterTerrorist,1621.18,1227.969,159.4489,M4A1,100,100,0,0,0,False,True,True,242.5781,2.8125
LDLC * kiobaNg/w/,CounterTerrorist,1621.18,1227.969,159.4489,M4A1,100,100,0,0,0,False,True,True,242.5781,2.8125
LDLC * kiobaNg/w/,CounterTerrorist,1621.18,1227.969,159.4489,M4A1,100,100,0,0,0,False,True,True,242.5781,2.8125
LDLC * kiobaNg/w/,CounterTerrorist,1621.18,1227.969,159.4489,M4A1,100,100,0,0,0,False,True,True,242.5781,2.8125
LDLC * kiobaNg/w/,CounterTerrorist,1621.18,1227.969,159.4489,M4A1,100,100,0,0,0,False,True,True,242.5781,2.8125
LDLC * kiobaNg/w/,CounterTerrorist,1621.18,1227.969,159.4489,M4A1,100,100,0,0,0,False,True,True,242.5781,2.8125
LDLC * kiobaNg/w/,CounterTerrorist,1621.18,1227.969,159.4489,Flash,100,100,0,0,0,False,True,True,242.5781,2.8125
LDLC * kiobaNg/w/,CounterTerrorist,1621.18,1227.969,159.4489,Flash,100,100,0,0,0,False,True,True,242.5781,2.8125
LDLC * kiobaNg/w/,CounterTerrorist,1621.383,1227.863,159.4337,Flash,100,100,16.53402,-8.574197,0,False,True,True,242.5781,2.8125
LDLC * kiobaNg/w/,CounterTerrorist,1624.386,1226.295,159.207,Flash,100,100,72.46449,-38.10784,0,False,True,True,241.5234,2.8125
LDLC * kiobaNg/w/,CounterTerrorist,1630.344,1223.082,158.7426,Flash,100,100,101.2019,-55.37477,0,True,True,True,238.711,2.109375
LDLC * kiobaNg/w/,CounterTerrorist,1636.501,1219.643,158.2456,Flash,100,100,96.49612,-54.94147,0,True,True,True,236.25,0.703125
LDLC * kiobaNg/w/,CounterTerrorist,1641.697,1216.675,157.8167,Flash,100,100,67.45708,-37.87135,0,True,True,True,234.8437,0
LDLC * kiobaNg/w/,CounterTerrorist,1644.356,1215.288,157.6162,Flash,100,100,23.13066,-10.25332,0,False,True,True,234.8437,0
LDLC * kiobaNg/w/,CounterTerrorist,1644.507,1215.303,157.6031,Flash,100,100,-5.259545,3.711952,0,False,True,True,234.8437,359.6484
LDLC * kiobaNg/w/,CounterTerrorist,1644.483,1215.319,157.6207,Flash,100,100,0,0,0,False,True,True,234.8437,359.6484
LDLC * kiobaNg/w/,CounterTerrorist,1644.836,1215.071,157.5848,Flash,100,100,8.232492,-5.78618,0,False,True,True,234.8437,359.2969
LDLC * kiobaNg/w/,CounterTerrorist,1645.15,1214.325,157.477,Flash,100,100,3.830715,-15.62132,0,False,True,True,234.8437,359.2969
LDLC * kiobaNg/w/,CounterTerrorist,1645.13,1213.166,157.3094,Flash,100,100,-6.224853,-19.76783,0,False,True,True,235.1953,359.2969
LDLC * kiobaNg/w/,CounterTerrorist,1644.449,1211.799,157.1119,Flash,100,100,-13.82224,-23.8074,0,False,True,True,235.1953,359.2969
LDLC * kiobaNg/w/,CounterTerrorist,1643.401,1210.127,156.8703,Flash,100,100,-18.91957,-29.13721,0,False,True,True,235.5469,359.2969
LDLC * kiobaNg/w/,CounterTerrorist,1642.059,1208.106,156.5782,Flash,100,100,-23.41336,-34.85063,0,False,True,True,235.5469,359.2969
LDLC * kiobaNg/w/,CounterTerrorist,1640.444,1205.723,156.2337,Flash,100,100,-27.70768,-40.69717,0,False,True,True,235.5469,359.2969
LDLC * kiobaNg/w/,CounterTerrorist,1638.564,1202.972,155.8362,Flash,100,100,-31.91912,-46.6,0,False,True,True,235.5469,359.2969
LDLC * kiobaNg/w/,CounterTerrorist,1636.422,1199.851,155.3851,Flash,100,100,-36.09119,-52.52976,0,False,True,True,235.5469,359.2969
LDLC * kiobaNg/w/,CounterTerrorist,1634.615,1197.22,155.0724,M4A1,100,100,-23.34981,-33.98502,0,False,True,True,235.5469,359.2969
LDLC * kiobaNg/w/,CounterTerrorist,1633.603,1195.748,154.9329,M4A1,100,100,-10.60843,-15.44028,0,False,True,True,235.5469,359.2969
LDLC * kiobaNg/w/,CounterTerrorist,1633.367,1195.405,154.9004,M4A1,100,100,0,0,0,True,True,True,235.5469,359.6484
LDLC * kiobaNg/w/,CounterTerrorist,1633.367,1195.405,154.9004,M4A1,100,100,0,0,0,True,True,True,235.8984,0.3515625
LDLC * kiobaNg/w/,CounterTerrorist,1633.367,1195.405,154.9004,M4A1,100,100,0,0,0,True,True,True,235.8984,0.3515625
LDLC * kiobaNg/w/,CounterTerrorist,1633.292,1195.39,154.9,M4A1,100,100,-9.66503,-1.867254,0,False,True,True,235.8984,0.3515625
LDLC * kiobaNg/w/,CounterTerrorist,1630.747,1194.895,154.8876,M4A1,100,100,-64.84747,-12.77053,0,False,True,True,236.6016,0.703125
LDLC * kiobaNg/w/,CounterTerrorist,1624.875,1193.628,154.8457,M4A1,100,100,-114.4297,-26.50198,0,False,True,True,241.5234,2.109375
LDLC * kiobaNg/w/,CounterTerrorist,1616.556,1193.357,154.9471,M4A1,100,100,-146.5785,10.4713,0,False,True,True,245.7422,3.164063
LDLC * kiobaNg/w/,CounterTerrorist,1606.475,1194.903,155.2677,M4A1,100,100,-171.7645,34.38071,0,False,True,True,248.2031,3.867188
LDLC * kiobaNg/w/,CounterTerrorist,1595.252,1197.568,155.7241,M4A1,100,100,-172.8758,43.60407,0,False,True,True,248.5547,4.21875
LDLC * kiobaNg/w/,CounterTerrorist,1587.98,1199.142,156.0037,M4A1,100,100,-69.96615,9.617478,0,False,True,True,248.5547,4.21875
LDLC * kiobaNg/w/,CounterTerrorist,1586.87,1198.816,155.9867,M4A1,100,100,17.25352,-12.43409,0,False,True,True,248.5547,4.21875
LDLC * kiobaNg/w/,CounterTerrorist,1589.838,1197.414,155.7924,M4A1,100,100,70.64935,-30.82686,0,False,True,True,248.5547,4.21875
LDLC * kiobaNg/w/,CounterTerrorist,1595.934,1194.858,155.4276,M4A1,100,100,116.4167,-47.95557,0,False,True,True,248.5547,4.21875
LDLC * kiobaNg/w/,CounterTerrorist,1604.448,1191.397,154.9296,M4A1,100,100,150.127,-60.57183,0,False,True,True,248.5547,4.21875
LDLC * kiobaNg/w/,CounterTerrorist,1614.671,1187.298,154.3375,M4A1,100,100,165.7825,-66.2953,0,False,True,True,248.5547,4.21875
LDLC * kiobaNg/w/,CounterTerrorist,1621.068,1184.733,153.9671,M4A1,100,100,57.84223,-23.29262,0,False,True,True,248.2031,4.21875
LDLC * kiobaNg/w/,CounterTerrorist,1622.09,1184.317,153.9072,M4A1,100,100,0,0,0,False,True,True,248.2031,4.21875
LDLC * kiobaNg/w/,CounterTerrorist,1622.09,1184.317,153.9072,M4A1,100,100,0,0,0,False,True,True,248.2031,4.21875
LDLC * kiobaNg/w/,CounterTerrorist,1622.09,1184.317,153.9072,M4A1,100,100,0,0,0,False,True,True,248.2031,4.21875
LDLC * kiobaNg/w/,CounterTerrorist,1622.09,1184.317,153.9072,M4A1,100,100,0,0,0,False,True,True,248.2031,4.21875
LDLC * kiobaNg/w/,CounterTerrorist,1622.09,1184.317,153.9072,M4A1,100,100,0,0,0,False,True,True,247.8516,3.867188
LDLC * kiobaNg/w/,CounterTerrorist,1622.09,1184.317,153.9072,M4A1,100,100,0,0,0,False,True,True,247.5,3.867188
LDLC * kiobaNg/w/,CounterTerrorist,1622.09,1184.317,153.9072,M4A1,100,100,0,0,0,False,True,True,247.8516,3.867188
LDLC * kiobaNg/w/,CounterTerrorist,1621.5,1184.558,153.9287,M4A1,100,100,-28.6359,11.70958,0,False,True,True,247.8516,3.867188
LDLC * kiobaNg/w/,CounterTerrorist,1618.51,1185.779,154.1174,M4A1,100,100,-74.21296,30.28957,0,False,True,True,247.8516,3.867188
LDLC * kiobaNg/w/,CounterTerrorist,1611.265,1188.706,154.5393,M4A1,100,100,-123.6995,49.474,0,False,True,True,248.9063,3.867188
LDLC * kiobaNg/w/,CounterTerrorist,1602.35,1192.205,155.0476,M4A1,100,100,-156.0525,60.20043,0,False,True,True,250.6641,3.515625
LDLC * kiobaNg/w/,CounterTerrorist,1591.699,1196.193,155.6347,M4A1,100,100,-180.6067,66.01967,0,False,True,True,252.4219,3.515625
LDLC * kiobaNg/w/,CounterTerrorist,1579.727,1200.414,156.2669,M4A1,100,100,-199.3027,68.36558,0,False,True,True,253.8281,3.515625
LDLC * kiobaNg/w/,CounterTerrorist,1566.757,1204.722,156.9239,M4A1,100,100,-213.309,69.28961,0,False,True,True,254.1797,3.164063
LDLC * kiobaNg/w/,CounterTerrorist,1553.42,1208.97,157.5803,M4A1,100,100,-206.5495,65.0894,0,False,True,True,254.1797,2.460938
LDLC * kiobaNg/w/,CounterTerrorist,1543.563,1212.1,158.3897,M4A1,100,100,-108.3182,35.08947,0,False,True,True,253.4766,2.109375
LDLC * kiobaNg/w/,CounterTerrorist,1540.353,1213.211,158.6731,M4A1,100,100,-8.836802,4.679438,0,False,True,True,253.8281,2.109375
LDLC * kiobaNg/w/,CounterTerrorist,1542.019,1212.743,158.5411,M4A1,100,100,50.27095,-14.5682,0,False,True,True,253.8281,2.109375
LDLC * kiobaNg/w/,CounterTerrorist,1547.025,1211.29,158.1167,M4A1,100,100,102.0598,-29.62245,0,False,True,True,253.8281,2.109375
LDLC * kiobaNg/w/,CounterTerrorist,1554.847,1208.99,157.5601,M4A1,100,100,141.2342,-42.25274,0,False,True,True,251.7188,2.460938
LDLC * kiobaNg/w/,CounterTerrorist,1564.698,1205.901,157.0804,M4A1,100,100,168.8577,-55.15459,0,False,True,True,248.2031,2.8125
LDLC * kiobaNg/w/,CounterTerrorist,1575.952,1201.987,156.4917,M4A1,100,100,187.7452,-68.29324,0,False,True,True,245.3906,2.8125
LDLC * kiobaNg/w/,CounterTerrorist,1588.369,1197.197,155.7925,Flash,100,100,206.1897,-82.84078,0,False,True,True,243.6328,2.8125
LDLC * kiobaNg/w/,CounterTerrorist,1601.721,1191.557,154.9891,Flash,100,100,218.5984,-95.89781,0,False,True,True,241.1719,2.460938
LDLC * kiobaNg/w/,CounterTerrorist,1615.164,1185.403,154.13,Flash,100,100,187.5433,-85.49156,0,False,True,True,237.3047,2.109375
LDLC * kiobaNg/w/,CounterTerrorist,1622.786,1182.444,153.6988,Flash,100,100,76.22774,-20.11369,0,False,True,True,234.4922,1.757813
LDLC * kiobaNg/w/,CounterTerrorist,1624.976,1182.517,153.6608,Flash,100,100,12.7103,8.589283,0,True,True,True,234.4922,1.757813
LDLC * kiobaNg/w/,CounterTerrorist,1625.123,1182.701,153.6789,Flash,100,100,0,0,0,True,True,True,234.4922,1.757813
LDLC * kiobaNg/w/,CounterTerrorist,1625.474,1182.451,153.6575,Flash,100,100,8.203712,-5.826919,0,True,True,True,234.4922,1.757813
LDLC * kiobaNg/w/,CounterTerrorist,1626.194,1181.939,153.5923,Flash,100,100,14.11239,-10.02811,0,False,True,True,234.4922,1.757813
LDLC * kiobaNg/w/,CounterTerrorist,1627.283,1181.163,153.4934,Flash,100,100,19.96808,-14.30337,0,False,True,True,234.1406,1.054688
LDLC * kiobaNg/w/,CounterTerrorist,1628.849,1180.749,153.4252,Flash,100,100,28.37403,-2.425082,0,False,True,True,233.789,0.703125
LDLC * kiobaNg/w/,CounterTerrorist,1630.866,1180.774,153.3964,Flash,100,100,35.33316,2.050168,0,False,True,True,233.0859,0.3515625
LDLC * kiobaNg/w/,CounterTerrorist,1633.322,1180.984,153.3802,Flash,100,100,42.39238,4.210086,0,False,True,True,232.3828,0
LDLC * kiobaNg/w/,CounterTerrorist,1636.223,1181.293,153.3674,Flash,100,100,49.55369,5.402026,0,False,True,True,231.3281,0
LDLC * kiobaNg/w/,CounterTerrorist,1639.542,1181.715,153.3572,Flash,100,100,54.08965,10.98044,0,False,True,True,230.625,359.6484
LDLC * kiobaNg/w/,CounterTerrorist,1642.831,1182.983,153.4268,Flash,100,100,51.79161,26.63686,0,True,True,True,230.2734,0
LDLC * kiobaNg/w/,CounterTerrorist,1646.055,1185.053,153.6104,Flash,100,100,51.71889,37.70301,0,True,True,True,229.9219,0.703125
LDLC * kiobaNg/w/,CounterTerrorist,1649.435,1187.53,153.8188,Flash,100,100,58.17078,36.6924,0,True,True,True,229.2188,2.109375
LDLC * kiobaNg/w/,CounterTerrorist,1653.953,1189.56,153.9623,Flash,100,100,82.41145,29.56224,0,False,True,True,228.5156,3.867188
LDLC * kiobaNg/w/,CounterTerrorist,1659.771,1191.201,154.1349,Flash,100,100,100.6031,23.82397,0,False,True,True,227.4609,4.570313
LDLC * kiobaNg/w/,CounterTerrorist,1666.552,1192.497,154.3222,Flash,100,100,114.0453,18.23786,0,False,True,True,224.6484,4.921875
LDLC * kiobaNg/w/,CounterTerrorist,1674.043,1193.41,154.441,Flash,100,100,123.9066,11.60744,0,False,True,True,220.7813,4.21875
LDLC * kiobaNg/w/,CounterTerrorist,1681.964,1193.878,154.5218,Flash,100,100,127.3244,4.38857,0,False,True,True,219.0234,2.8125
LDLC * kiobaNg/w/,CounterTerrorist,1689.926,1193.953,154.5218,Flash,100,100,127.3963,-0.9680642,0,False,True,True,219.0234,2.8125
LDLC * kiobaNg/w/,CounterTerrorist,1697.886,1193.761,154.5048,Flash,100,100,127.32,-4.51337,0,False,True,True,219.0234,2.8125
LDLC * kiobaNg/w/,CounterTerrorist,1705.839,1193.388,154.4509,Flash,100,100,127.2094,-6.965595,0,False,True,True,219.0234,2.8125
LDLC * kiobaNg/w/,CounterTerrorist,1713.786,1192.888,154.3508,Flash,100,100,127.1017,-8.712421,0,False,True,True,219.0234,2.8125
LDLC * kiobaNg/w/,CounterTerrorist,1721.726,1192.292,154.1406,Flash,100,100,126.9894,-10.22006,0,False,True,True,217.9688,2.460938
LDLC * kiobaNg/w/,CounterTerrorist,1729.657,1191.586,153.9146,Flash,100,100,126.8076,-12.27169,0,False,True,True,215.8594,1.757813
LDLC * kiobaNg/w/,CounterTerrorist,1737.572,1190.715,153.6651,Flash,100,100,126.4654,-15.40325,0,False,True,True,213.3984,1.054688
LDLC * kiobaNg/w/,CounterTerrorist,1745.458,1189.617,153.3831,Flash,100,100,125.9238,-19.33818,0,False,True,True,210.9375,0.3515625
LDLC * kiobaNg/w/,CounterTerrorist,1753.305,1188.268,153.0655,Flash,100,100,125.2612,-23.24644,0,False,True,True,209.5313,359.6484
LDLC * kiobaNg/w/,CounterTerrorist,1761.11,1186.697,152.7128,Flash,100,100,124.6088,-26.522,0,False,True,True,208.8281,358.9453
LDLC * kiobaNg/w/,CounterTerrorist,1768.877,1184.941,152.3188,Flash,100,100,124.0057,-29.21227,0,False,True,True,208.125,358.2422
LDLC * kiobaNg/w/,CounterTerrorist,1776.607,1183.033,151.9026,Flash,100,100,123.4372,-31.52796,0,False,True,True,207.7734,357.8906
LDLC * kiobaNg/w/,CounterTerrorist,1784.304,1180.993,151.4675,Flash,100,100,122.9323,-33.4426,0,False,True,True,207.0703,357.5391
LDLC * kiobaNg/w/,CounterTerrorist,1791.97,1178.84,151.0162,Flash,100,100,122.4383,-35.20832,0,False,True,True,206.3672,357.5391
LDLC * kiobaNg/w/,CounterTerrorist,1799.607,1176.586,150.5504,Flash,100,100,122.0043,-36.68394,0,False,True,True,206.3672,357.1875
LDLC * kiobaNg/w/,CounterTerrorist,1807.217,1174.245,150.0721,Flash,100,100,121.5886,-38.03902,0,False,True,True,205.6641,356.8359
LDLC * kiobaNg/w/,CounterTerrorist,1814.802,1171.823,149.5822,Flash,100,100,121.1814,-39.31696,0,False,True,True,204.9609,356.4844
LDLC * kiobaNg/w/,CounterTerrorist,1822.438,1169.767,149.1457,Flash,100,100,123.994,-22.01773,0,False,True,True,204.2578,356.1328
LDLC * kiobaNg/w/,CounterTerrorist,1830.325,1169.202,148.9263,Flash,100,100,127.4,0.009999502,0,False,True,True,203.5547,356.1328
LDLC * kiobaNg/w/,CounterTerrorist,1838.262,1169.775,148.874,Flash,100,100,126.464,15.41475,0,False,True,True,202.8516,355.7813
LDLC * kiobaNg/w/,CounterTerrorist,1846.108,1171.124,148.9404,Flash,100,100,124.7583,25.8094,0,False,True,True,202.5,355.4297
LDLC * kiobaNg/w/,CounterTerrorist,1853.845,1172.998,149.0856,Flash,100,100,123.1009,32.81675,0,False,True,True,202.1484,355.4297
LDLC * kiobaNg/w/,CounterTerrorist,1861.491,1175.221,149.5064,Flash,100,100,121.7886,37.39383,0,False,True,True,202.1484,355.4297
LDLC * kiobaNg/w/,CounterTerrorist,1869.067,1177.67,150.012,Flash,100,100,120.8238,40.40251,0,False,True,True,202.1484,355.4297
LDLC * kiobaNg/w/,CounterTerrorist,1876.558,1180.256,150.5363,Flash,100,100,115.6999,40.61798,0,False,True,True,202.1484,355.4297
LDLC * kiobaNg/w/,CounterTerrorist,1882.671,1182.402,150.9694,Flash,100,100,85.21944,29.91742,0,False,True,True,201.7969,355.4297
LDLC * kiobaNg/w/,CounterTerrorist,1886.557,1183.76,151.2439,Flash,100,100,54.52138,18.63869,0,False,True,True,201.7969,355.4297
LDLC * kiobaNg/w/,CounterTerrorist,1887.693,1184.092,151.3145,Flash,100,100,-7.95118,-3.177284,0,False,True,True,201.7969,355.4297
LDLC * kiobaNg/w/,CounterTerrorist,1886.446,1183.593,151.2171,Flash,100,100,-29.30909,-11.71189,0,False,True,True,201.7969,355.4297
LDLC * kiobaNg/w/,CounterTerrorist,1885.348,1183.155,151.1314,Flash,100,100,-8.415476,-3.362817,0,False,True,True,201.7969,355.4297
LDLC * kiobaNg/w/,CounterTerrorist,1885.278,1183.127,151.1259,Flash,100,100,0,0,0,False,True,True,201.7969,355.4297
LDLC * kiobaNg/w/,CounterTerrorist,1885.278,1183.127,151.1259,Flash,100,100,0,0,0,False,True,True,201.7969,355.4297
LDLC * kiobaNg/w/,CounterTerrorist,1885.278,1183.127,151.1259,Flash,100,100,0,0,0,False,True,True,201.7969,355.4297
LDLC * kiobaNg/w/,CounterTerrorist,1885.278,1183.127,151.1259,Flash,100,100,0,0,0,False,True,True,201.7969,355.4297
LDLC * kiobaNg/w/,CounterTerrorist,1885.278,1183.127,151.1259,Flash,100,100,0,0,0,False,True,True,201.7969,355.4297
LDLC * kiobaNg/w/,CounterTerrorist,1885.278,1183.127,151.1259,Flash,100,100,0,0,0,False,True,True,201.7969,355.4297
LDLC * kiobaNg/w/,CounterTerrorist,1885.278,1183.127,151.1259,Flash,100,100,0,0,0,False,True,True,201.7969,355.4297
LDLC * kiobaNg/w/,CounterTerrorist,1885.278,1183.127,151.1259,Flash,100,100,0,0,0,False,True,True,201.7969,355.4297
LDLC * kiobaNg/w/,CounterTerrorist,1885.278,1183.127,151.1259,Flash,100,100,0,0,0,False,True,True,201.7969,355.4297
LDLC * kiobaNg/w/,CounterTerrorist,1885.278,1183.127,151.1259,Flash,100,100,0,0,0,False,True,True,201.7969,355.4297
LDLC * kiobaNg/w/,CounterTerrorist,1885.278,1183.127,151.1259,Flash,100,100,0,0,0,False,True,True,201.7969,355.4297
LDLC * kiobaNg/w/,CounterTerrorist,1885.278,1183.127,151.1259,Flash,100,100,0,0,0,False,True,True,201.7969,355.4297
LDLC * kiobaNg/w/,CounterTerrorist,1885.278,1183.127,151.1259,Flash,100,100,0,0,0,False,True,True,201.7969,355.4297
LDLC * kiobaNg/w/,CounterTerrorist,1885.278,1183.127,151.1259,Flash,100,100,0,0,0,False,True,True,201.4453,355.4297
LDLC * kiobaNg/w/,CounterTerrorist,1885.278,1183.127,151.1259,Flash,100,100,0,0,0,False,True,True,201.4453,355.4297
LDLC * kiobaNg/w/,CounterTerrorist,1885.278,1183.127,151.1259,Flash,100,100,0,0,0,False,True,True,201.4453,355.4297
LDLC * kiobaNg/w/,CounterTerrorist,1885.278,1183.127,151.1259,Flash,100,100,0,0,0,False,True,True,201.4453,355.7813
LDLC * kiobaNg/w/,CounterTerrorist,1885.278,1183.127,151.1259,Flash,100,100,0,0,0,False,True,True,201.4453,356.8359
LDLC * kiobaNg/w/,CounterTerrorist,1885.278,1183.127,151.1259,Flash,100,100,0,0,0,False,True,True,201.4453,358.2422
LDLC * kiobaNg/w/,CounterTerrorist,1885.278,1183.127,151.1259,Flash,100,100,0,0,0,False,True,True,201.4453,0
LDLC * kiobaNg/w/,CounterTerrorist,1885.278,1183.127,151.1259,Flash,100,100,0,0,0,False,True,True,201.4453,1.757813
LDLC * kiobaNg/w/,CounterTerrorist,1884.862,1182.964,151.094,Flash,100,100,-16.0041,-6.267271,0,False,True,True,201.4453,3.164063
LDLC * kiobaNg/w/,CounterTerrorist,1883.402,1182.389,150.9813,Flash,100,100,-34.70398,-13.70578,0,False,True,True,201.7969,4.570313
LDLC * kiobaNg/w/,CounterTerrorist,1880.024,1181.05,150.7191,Flash,100,100,-58.72693,-23.31913,0,False,True,True,201.7969,5.273438
LDLC * kiobaNg/w/,CounterTerrorist,1875.609,1179.297,150.3761,Flash,100,100,-79.54475,-31.59644,0,False,True,True,201.7969,5.625
LDLC * kiobaNg/w/,CounterTerrorist,1870.044,1177.086,149.9436,Flash,100,100,-95.7206,-38.02761,0,False,True,True,201.7969,5.625
LDLC * kiobaNg/w/,CounterTerrorist,1863.623,1174.535,149.4446,Flash,100,100,-107.635,-42.76454,0,False,True,True,201.7969,5.976563
LDLC * kiobaNg/w/,CounterTerrorist,1856.574,1171.733,148.8964,Flash,100,100,-116.3864,-46.31442,0,False,True,True,201.7969,6.679688
LDLC * kiobaNg/w/,CounterTerrorist,1849.188,1168.788,148.5407,Flash,100,100,-118.33,-47.20977,0,False,True,True,201.7969,7.03125
LDLC * kiobaNg/w/,CounterTerrorist,1841.793,1165.836,148.3899,Flash,100,100,-118.3113,-47.25668,0,False,True,True,201.7969,7.734375
LDLC * kiobaNg/w/,CounterTerrorist,1834.399,1162.881,148.2977,Flash,100,100,-118.2975,-47.29123,0,False,True,True,201.7969,7.734375
LDLC * kiobaNg/w/,CounterTerrorist,1827.005,1159.925,148.2054,Flash,100,100,-118.2873,-47.31668,0,False,True,True,201.7969,7.734375
LDLC * kiobaNg/w/,CounterTerrorist,1819.613,1156.967,148.1129,Flash,100,100,-118.2798,-47.33541,0,False,True,True,201.7969,8.085938
LDLC * kiobaNg/w/,CounterTerrorist,1812.221,1154.007,148.0202,Flash,100,100,-118.2636,-47.37585,0,False,True,True,201.7969,8.085938
LDLC * kiobaNg/w/,CounterTerrorist,1804.83,1151.045,147.9274,Flash,100,100,-118.2504,-47.40891,0,False,True,True,201.7969,8.085938
LDLC * kiobaNg/w/,CounterTerrorist,1797.44,1148.081,147.8345,Flash,100,100,-118.2406,-47.43325,0,False,True,True,201.7969,8.085938
LDLC * kiobaNg/w/,CounterTerrorist,1790.05,1145.116,147.7414,Flash,100,100,-118.2334,-47.45117,0,False,True,True,201.7969,8.085938
LDLC * kiobaNg/w/,CounterTerrorist,1782.66,1142.149,147.6483,Flash,100,100,-118.2281,-47.46437,0,False,True,True,201.7969,8.085938
LDLC * kiobaNg/w/,CounterTerrorist,1774.546,1138.891,147.4661,M4A1,100,100,-143.9141,-57.79697,0,False,True,True,201.7969,8.085938
LDLC * kiobaNg/w/,CounterTerrorist,1764.587,1134.893,147.1846,M4A1,100,100,-170.1978,-68.28104,0,False,True,True,201.7969,7.734375
LDLC * kiobaNg/w/,CounterTerrorist,1753.242,1130.688,146.8968,M4A1,100,100,-189.3041,-54.19024,0,False,True,True,201.7969,7.734375
LDLC * kiobaNg/w/,CounterTerrorist,1740.908,1128.826,146.8301,M4A1,100,100,-202.9863,-12.65109,0,False,True,True,201.7969,7.734375
LDLC * kiobaNg/w/,CounterTerrorist,1727.851,1129.159,146.9915,M4A1,100,100,-213.0639,17.94483,0,False,True,True,201.7969,7.734375
LDLC * kiobaNg/w/,CounterTerrorist,1714.386,1131.229,147.3118,M4A1,100,100,-210.0087,50.75363,0,False,True,True,202.1484,7.734375
LDLC * kiobaNg/w/,CounterTerrorist,1702.274,1136.237,147.9556,M4A1,100,100,-183.0274,100.4495,0,False,True,True,205.6641,7.734375
LDLC * kiobaNg/w/,CounterTerrorist,1691.441,1143.8,148.8339,M4A1,100,100,-167.221,135.0588,0,False,True,True,209.5313,7.03125
LDLC * kiobaNg/w/,CounterTerrorist,1682.58,1151.805,149.7228,M4A1,100,100,-154.8704,147.5876,0,False,True,True,212.6953,7.03125
LDLC * kiobaNg/w/,CounterTerrorist,1674.393,1159.163,150.5405,M4A1,100,100,-79.48585,60.18593,0,False,True,True,214.4531,6.679688
LDLC * kiobaNg/w/,CounterTerrorist,1671.751,1160.229,150.6818,M4A1,100,100,-13.30789,-13.00053,0,False,True,True,214.8047,6.679688
LDLC * kiobaNg/w/,CounterTerrorist,1672.334,1158.304,150.4922,M4A1,100,100,25.12689,-51.49064,0,False,True,True,214.8047,6.679688
LDLC * kiobaNg/w/,CounterTerrorist,1674.045,1154.996,150.1553,M4A1,100,100,19.17452,-37.06086,0,False,True,True,214.8047,6.679688
LDLC * kiobaNg/w/,CounterTerrorist,1674.88,1153.382,149.9909,M4A1,100,100,8.835334,-17.07709,0,False,True,True,214.8047,6.679688
LDLC * kiobaNg/w/,CounterTerrorist,1675.082,1152.991,149.9512,M4A1,100,100,0,0,0,False,True,True,215.1563,6.679688
LDLC * kiobaNg/w/,CounterTerrorist,1675.082,1152.991,149.9512,M4A1,100,100,0,0,0,False,True,True,216.211,6.328125
LDLC * kiobaNg/w/,CounterTerrorist,1675.082,1152.991,149.9512,M4A1,100,100,0,0,0,False,True,True,218.6719,5.625
LDLC * kiobaNg/w/,CounterTerrorist,1675.082,1152.991,149.9512,M4A1,100,100,0,0,0,False,True,True,223.2422,4.570313
LDLC * kiobaNg/w/,CounterTerrorist,1675.082,1152.991,149.9512,M4A1,100,100,0,0,0,False,True,True,229.2188,3.515625
LDLC * kiobaNg/w/,CounterTerrorist,1675.082,1152.991,149.9512,M4A1,100,100,0,0,0,False,True,True,232.7344,3.164063
LDLC * kiobaNg/w/,CounterTerrorist,1673.716,1153.989,150.0661,M4A1,100,100,-42.16919,30.47644,0,False,True,True,234.8437,3.164063
LDLC * kiobaNg/w/,CounterTerrorist,1669.478,1156.993,150.4139,M4A1,100,100,-86.8091,60.826,0,False,True,True,235.8984,3.515625
LDLC * kiobaNg/w/,CounterTerrorist,1662.776,1161.61,150.9515,M4A1,100,100,-121.6729,82.86786,0,False,True,True,236.9531,3.515625
LDLC * kiobaNg/w/,CounterTerrorist,1655.371,1166.598,151.5348,M4A1,100,100,-144.8412,96.89764,0,False,True,True,237.3047,3.515625
LDLC * kiobaNg/w/,CounterTerrorist,1644.276,1173.944,152.4665,M4A1,100,100,-167.1092,109.7655,0,False,True,True,237.6563,3.515625
LDLC * kiobaNg/w/,CounterTerrorist,1633.29,1181.08,153.3908,M4A1,100,100,-181.9734,117.1023,0,False,True,True,238.711,2.8125
LDLC * kiobaNg/w/,CounterTerrorist,1621.537,1188.537,154.3609,M4A1,100,100,-190.5978,119.5721,0,False,True,True,240.1172,2.460938
LDLC * kiobaNg/w/,CounterTerrorist,1609.569,1195.92,155.3266,M4A1,100,100,-192.23,116.93,0,False,True,True,241.1719,2.109375
LDLC * kiobaNg/w/,CounterTerrorist,1598.395,1202.651,156.2111,M4A1,100,100,-150.6207,91.10421,0,False,True,True,241.875,2.109375
LDLC * kiobaNg/w/,CounterTerrorist,1592.681,1206.271,156.6822,M4A1,100,100,-49.8145,34.625,0,False,True,True,241.875,2.109375
LDLC * kiobaNg/w/,CounterTerrorist,1592.397,1206.712,156.7331,M4A1,100,100,22.58429,-10.69908,0,False,True,True,242.2266,2.109375
LDLC * kiobaNg/w/,CounterTerrorist,1595.555,1205.115,156.5153,M4A1,100,100,72.33308,-36.96099,0,False,True,True,242.5781,2.109375
LDLC * kiobaNg/w/,CounterTerrorist,1601.633,1201.997,156.0915,M4A1,100,100,114.713,-58.972,0,False,True,True,242.5781,2.460938
LDLC * kiobaNg/w/,CounterTerrorist,1609.948,1197.714,155.5099,M4A1,100,100,145.8971,-75.2442,0,False,True,True,242.5781,2.460938
LDLC * kiobaNg/w/,CounterTerrorist,1618.56,1193.266,154.9062,M4A1,100,100,121.0727,-62.53803,0,False,True,True,242.2266,2.460938
LDLC * kiobaNg/w/,CounterTerrorist,1622.683,1191.158,154.6194,M4A1,100,100,25.94891,-12.81514,0,False,True,True,242.2266,2.460938
LDLC * kiobaNg/w/,CounterTerrorist,1621.725,1191.678,154.6893,M4A1,100,100,-39.03666,20.63909,0,False,True,True,242.2266,2.460938
LDLC * kiobaNg/w/,CounterTerrorist,1617.549,1193.882,154.987,M4A1,100,100,-87.70934,46.25449,0,False,True,True,242.2266,2.460938
LDLC * kiobaNg/w/,CounterTerrorist,1610.666,1197.505,155.4767,M4A1,100,100,-125.853,66.17347,0,False,True,True,242.2266,2.460938
LDLC * kiobaNg/w/,CounterTerrorist,1603.742,1201.147,155.9689,M4A1,100,100,-82.20833,43.36738,0,False,True,True,242.5781,2.460938
LDLC * kiobaNg/w/,CounterTerrorist,1601.807,1202.19,156.1092,M4A1,100,100,8.157206,-4.07443,0,False,True,True,242.9297,2.460938
LDLC * kiobaNg/w/,CounterTerrorist,1604.073,1201.027,155.9511,M4A1,100,100,58.13431,-29.8889,0,False,True,True,242.9297,2.460938
LDLC * kiobaNg/w/,CounterTerrorist,1609.455,1198.261,155.5753,Knife,100,100,107.7654,-55.20232,0,False,True,True,243.6328,2.460938
LDLC * kiobaNg/w/,CounterTerrorist,1617.768,1194.332,155.031,Knife,100,100,151.1429,-66.55045,0,False,True,True,267.1875,3.164063
LDLC * kiobaNg/w/,CounterTerrorist,1628.223,1189.663,154.3752,Knife,100,100,182.061,-67.81112,0,False,True,True,326.6016,5.273438
LDLC * kiobaNg/w/,CounterTerrorist,1640.189,1187.543,153.9647,Knife,100,100,198.0618,-11.50042,0,False,True,True,16.52344,4.21875
LDLC * kiobaNg/w/,CounterTerrorist,1653.286,1187.946,153.8025,Knife,100,100,217.4855,19.39123,0,False,True,True,21.44531,3.515625
LDLC * kiobaNg/w/,CounterTerrorist,1667.399,1190.008,153.9624,Knife,100,100,231.6441,42.53867,0,False,True,True,21.44531,3.515625
LDLC * kiobaNg/w/,CounterTerrorist,1682.259,1193.292,154.4371,Knife,100,100,242.0726,59.58806,0,False,True,True,21.44531,3.515625
LDLC * kiobaNg/w/,CounterTerrorist,1697.337,1197.387,155.029,Knife,100,100,240.163,69.43854,0,False,True,True,21.44531,3.515625
LDLC * kiobaNg/w/,CounterTerrorist,1712.541,1200.368,155.4512,Knife,100,100,246.399,26.64693,0,False,True,True,21.44531,3.515625
LDLC * kiobaNg/w/,CounterTerrorist,1728.081,1201.58,155.3829,Knife,100,100,248.4804,27.52247,0,False,True,True,21.44531,3.515625
LDLC * kiobaNg/w/,CounterTerrorist,1743.51,1204.026,155.4961,Knife,100,100,245.5109,47.16343,0,False,True,True,21.79688,3.515625
LDLC * kiobaNg/w/,CounterTerrorist,1758.587,1207.761,155.8004,Knife,100,100,231.0074,78.65216,0,False,True,True,24.96094,3.164063
LDLC * kiobaNg/w/,CounterTerrorist,1771.623,1214.61,156.5866,Knife,100,100,191.1122,131.7841,0,False,True,True,33.04688,3.164063
LDLC * kiobaNg/w/,CounterTerrorist,1782.024,1224.371,157.8349,Knife,100,100,146.0093,173.5341,0,False,True,True,47.10937,2.8125
LDLC * kiobaNg/w/,CounterTerrorist,1789.352,1236.328,160.0313,Knife,100,100,93.81577,203.1924,0,False,True,True,61.875,2.460938
LDLC * kiobaNg/w/,CounterTerrorist,1793.191,1249.646,160.0313,Knife,100,100,35.67064,218.594,0,False,True,True,77.34375,2.109375
LDLC * kiobaNg/w/,CounterTerrorist,1794.573,1263.805,160.0313,Knife,100,100,20.3794,234.6156,0,False,True,True,89.29688,1.757813
LDLC * kiobaNg/w/,CounterTerrorist,1795.498,1279.015,160.0313,Knife,100,100,9.680761,249.4289,0,False,True,True,95.62501,1.757813
LDLC * kiobaNg/w/,CounterTerrorist,1795.724,1294.637,160.0313,Knife,100,100,-0.523581,249.9995,0,False,True,True,95.62501,1.40625
LDLC * kiobaNg/w/,CounterTerrorist,1795.438,1310.259,160.0313,Knife,100,100,-7.364594,249.8915,0,False,True,True,95.62501,1.40625
LDLC * kiobaNg/w/,CounterTerrorist,1794.802,1325.871,160.0313,Knife,100,100,-12.1054,249.7067,0,False,True,True,95.62501,1.40625
LDLC * kiobaNg/w/,CounterTerrorist,1793.921,1341.471,160.0313,Knife,100,100,-15.48587,249.5199,0,False,True,True,95.62501,1.40625
LDLC * kiobaNg/w/,CounterTerrorist,1792.863,1357.06,160.0313,Knife,100,100,-17.93235,249.356,0,False,True,True,95.62501,1.40625
LDLC * kiobaNg/w/,CounterTerrorist,1791.677,1372.64,160.0313,Knife,100,100,-19.71698,249.2213,0,False,True,True,95.62501,1.40625
LDLC * kiobaNg/w/,CounterTerrorist,1790.396,1388.212,160.0313,Knife,100,100,-21.0244,249.1144,0,False,True,True,95.62501,1.40625
LDLC * kiobaNg/w/,CounterTerrorist,1789.049,1403.779,160.0313,Knife,100,100,-21.92809,249.0365,0,False,True,True,95.62501,1.40625
LDLC * kiobaNg/w/,CounterTerrorist,1789.512,1419.188,160.0313,Knife,100,100,30.08317,243.9689,0,False,True,True,96.32813,1.40625
LDLC * kiobaNg/w/,CounterTerrorist,1792.798,1434.3,160.0313,Knife,100,100,61.92915,242.1138,0,False,True,True,96.6797,1.40625
LDLC * kiobaNg/w/,CounterTerrorist,1795.676,1449.65,160.0313,Knife,100,100,34.74137,247.5743,0,False,True,True,97.38281,1.40625
LDLC * kiobaNg/w/,CounterTerrorist,1797.088,1465.206,160.0313,Knife,100,100,13.90141,249.6132,0,False,True,True,98.78906,1.054688
LDLC * kiobaNg/w/,CounterTerrorist,1797.363,1480.826,160.0313,Knife,100,100,-2.400908,249.9885,0,False,True,True,99.84375,1.054688
LDLC * kiobaNg/w/,CounterTerrorist,1797.537,1496.423,160.0313,Knife,100,100,19.63058,248.7326,0,False,True,True,101.25,1.054688
LDLC * kiobaNg/w/,CounterTerrorist,1800.01,1511.84,160.0313,Knife,100,100,46.2523,245.6842,0,False,True,True,104.4141,0.703125
LDLC * kiobaNg/w/,CounterTerrorist,1801.68,1527.364,160.0313,Knife,100,100,12.51016,249.6868,0,False,True,True,107.2266,0.703125
LDLC * kiobaNg/w/,CounterTerrorist,1801.453,1542.979,160.0313,Knife,100,100,-15.37745,249.5266,0,False,True,True,109.6875,0.3515625
LDLC * kiobaNg/w/,CounterTerrorist,1799.711,1558.503,160.0313,Knife,100,100,-32.97754,247.8154,0,False,True,True,111.7969,0.3515625
LDLC * kiobaNg/w/,CounterTerrorist,1799.08,1574.1,160.0313,Knife,100,100,5.905064,249.9303,0,False,True,True,111.7969,0.3515625
LDLC * kiobaNg/w/,CounterTerrorist,1799.856,1589.702,160.0313,Knife,100,100,2.538383,249.9871,0,False,True,True,111.7969,0.3515625
LDLC * kiobaNg/w/,CounterTerrorist,1798.947,1605.292,160.0313,Knife,100,100,-26.39825,248.6024,0,False,True,True,111.7969,0.3515625
LDLC * kiobaNg/w/,CounterTerrorist,1796.544,1620.727,160.0313,Knife,100,100,-46.75763,245.5885,0,False,True,True,111.7969,0.3515625
LDLC * kiobaNg/w/,CounterTerrorist,1793.096,1635.965,160.0313,Knife,100,100,-60.93738,242.4596,0,False,True,True,111.7969,0
LDLC * kiobaNg/w/,CounterTerrorist,1788.924,1651.022,160.0313,Knife,100,100,-70.72097,239.7885,0,False,True,True,111.7969,0
LDLC * kiobaNg/w/,CounterTerrorist,1784.263,1665.935,160.0313,Knife,100,100,-77.21335,237.7774,0,False,True,True,111.7969,0
LDLC * kiobaNg/w/,CounterTerrorist,1779.272,1680.741,160.0313,Knife,100,100,-81.68509,236.2785,0,False,True,True,111.7969,0
LDLC * kiobaNg/w/,CounterTerrorist,1774.049,1695.467,160.0313,Knife,100,100,-84.85951,235.1571,0,False,True,True,111.7969,0
LDLC * kiobaNg/w/,CounterTerrorist,1769.342,1708.303,160.0313,Knife,100,100,-86.92775,234.4005,0,False,True,True,112.1484,0
LDLC * kiobaNg/w/,CounterTerrorist,1763.1,1724.735,160.0313,Knife,100,100,-90.28514,233.1279,0,False,True,True,113.2031,359.6484
LDLC * kiobaNg/w/,CounterTerrorist,1756.166,1738.495,160.0313,Knife,100,100,-131.1611,206.3683,0,False,True,True,112.5,359.6484
LDLC * kiobaNg/w/,CounterTerrorist,1746.632,1750.482,160.0313,Knife,100,100,-167.4509,181.7527,0,False,True,True,111.7969,359.6484
LDLC * kiobaNg/w/,CounterTerrorist,1736.495,1762.322,160.0313,Knife,100,100,-152.8282,197.8473,0,False,True,True,110.3906,0
LDLC * kiobaNg/w/,CounterTerrorist,1727.624,1775.178,160.0313,Knife,100,100,-134.0139,211.0457,0,False,True,True,109.3359,0
LDLC * kiobaNg/w/,CounterTerrorist,1719.687,1788.633,160.0313,Knife,100,100,-129.7303,213.5373,0,False,True,True,107.9297,0.3515625
LDLC * kiobaNg/w/,CounterTerrorist,1711.639,1799.671,160.0313,Knife,100,100,-158.4736,193.3549,0,False,True,True,106.875,0.3515625
LDLC * kiobaNg/w/,CounterTerrorist,1700.006,1812.843,160.0313,Knife,100,100,-157.733,193.9595,0,False,True,True,104.7656,0.3515625
LDLC * kiobaNg/w/,CounterTerrorist,1692.133,1824.011,160.0313,Knife,100,100,-134.0571,211.0182,0,False,True,True,102.6563,0.703125
LDLC * kiobaNg/w/,CounterTerrorist,1683.757,1839.454,160.0313,Knife,100,100,-107.9129,225.5101,0,False,True,True,100.5469,0.703125
LDLC * kiobaNg/w/,CounterTerrorist,1677.695,1853.851,160.0313,Knife,100,100,-89.11687,233.5769,0,False,True,True,99.14063,0.703125
LDLC * kiobaNg/w/,CounterTerrorist,1672.675,1868.645,162.0313,Knife,100,100,-73.94077,238.8153,0,False,True,True,98.08594,0.703125
LDLC * kiobaNg/w/,CounterTerrorist,1668.5,1883.7,160.0313,Knife,100,100,-61.61472,242.2883,0,False,True,True,97.03126,0.703125
LDLC * kiobaNg/w/,CounterTerrorist,1665.417,1897.019,160.0313,Knife,100,100,-52.70057,244.3822,0,False,True,True,95.97657,0.703125
LDLC * kiobaNg/w/,CounterTerrorist,1662.073,1914.275,160.0313,Knife,100,100,-43.78305,246.1362,0,False,True,True,95.27343,0.703125
LDLC * kiobaNg/w/,CounterTerrorist,1659.57,1929.698,160.0313,Knife,100,100,-37.33084,247.1971,0,False,True,True,94.5703,0.703125
LDLC * kiobaNg/w/,CounterTerrorist,1657.434,1945.176,160.0313,Knife,100,100,-31.82135,247.9665,0,False,True,True,93.51563,0.703125
LDLC * kiobaNg/w/,CounterTerrorist,1655.612,1960.694,160.0313,Knife,100,100,-27.23532,248.512,0,False,True,True,93.16406,0.703125
LDLC * kiobaNg/w/,CounterTerrorist,1654.225,1974.295,160.0313,Knife,100,100,-24.0624,248.8393,0,False,True,True,93.16406,0.703125
LDLC * kiobaNg/w/,CounterTerrorist,1652.661,1991.804,160.0313,Knife,100,100,-20.92797,249.1225,0,False,True,True,93.16406,0.703125
LDLC * kiobaNg/w/,CounterTerrorist,1651.429,2007.38,160.0313,Knife,100,100,-18.85303,249.2881,0,False,True,True,92.8125,0.703125
LDLC * kiobaNg/w/,CounterTerrorist,1650.31,2022.965,160.0313,Knife,100,100,-17.1773,249.4092,0,False,True,True,92.8125,0.703125
LDLC * kiobaNg/w/,CounterTerrorist,1649.288,2038.556,160.0313,Knife,100,100,-15.76093,249.5027,0,False,True,True,92.8125,0.703125
LDLC * kiobaNg/w/,CounterTerrorist,1648.342,2054.153,160.0313,Knife,100,100,-14.699,249.5675,0,False,True,True,92.8125,0.703125
LDLC * kiobaNg/w/,CounterTerrorist,1647.561,2067.802,160.0313,Knife,100,100,-14.00306,249.6075,0,False,True,True,92.8125,0.703125
LDLC * kiobaNg/w/,CounterTerrorist,1646.603,2085.354,160.0313,Knife,100,100,-13.34325,249.6437,0,False,True,True,92.8125,0.703125
LDLC * kiobaNg/w/,CounterTerrorist,1645.886,2099.007,160.0313,Knife,100,100,-12.96616,249.6635,0,False,True,True,92.8125,0.703125
LDLC * kiobaNg/w/,CounterTerrorist,1644.989,2116.563,160.0313,Knife,100,100,-12.60844,249.6819,0,False,True,True,92.8125,0.703125
LDLC * kiobaNg/w/,CounterTerrorist,1644.209,2132.168,160.0313,Knife,100,100,-12.37892,249.6933,0,False,True,True,92.8125,0.703125
LDLC * kiobaNg/w/,CounterTerrorist,1643.442,2147.773,160.0313,Knife,100,100,-12.20089,249.7021,0,False,True,True,92.46094,0.703125
LDLC * kiobaNg/w/,CounterTerrorist,1642.686,2163.381,160.0313,Knife,100,100,-12.01559,249.7111,0,False,True,True,92.46094,0.703125
LDLC * kiobaNg/w/,CounterTerrorist,1641.94,2178.988,160.0313,Knife,100,100,-11.87912,249.7176,0,False,True,True,92.46094,0.703125
LDLC * kiobaNg/w/,CounterTerrorist,1641.203,2194.596,160.0313,Knife,100,100,-11.73689,249.7243,0,False,True,True,92.46094,0.703125
LDLC * kiobaNg/w/,CounterTerrorist,1640.566,2208.252,160.0313,Knife,100,100,-11.57529,249.7319,0,False,True,True,92.46094,0.703125
LDLC * kiobaNg/w/,CounterTerrorist,1639.76,2225.812,160.0313,Knife,100,100,-11.36396,249.7416,0,False,True,True,92.46094,0.703125
LDLC * kiobaNg/w/,CounterTerrorist,1639.059,2241.422,160.0313,Knife,100,100,-11.0797,249.7544,0,False,True,True,92.46094,0.703125
LDLC * kiobaNg/w/,CounterTerrorist,1638.382,2257.032,160.0313,Knife,100,100,-10.59593,249.7753,0,False,True,True,92.10938,0.703125
LDLC * kiobaNg/w/,CounterTerrorist,1637.751,2272.644,160.0313,Knife,100,100,-9.645856,249.8138,0,False,True,True,91.40625,1.054688
LDLC * kiobaNg/w/,CounterTerrorist,1637.259,2286.307,160.0313,Knife,100,100,-8.491786,249.8557,0,False,True,True,91.05469,1.054688
LDLC * kiobaNg/w/,CounterTerrorist,1636.722,2303.877,160.0313,Knife,100,100,-7.00398,249.9019,0,False,True,True,90.70313,1.054688
LDLC * kiobaNg/w/,CounterTerrorist,1636.322,2319.497,160.0313,Knife,100,100,-5.96506,249.9288,0,False,True,True,90.70313,1.054688
LDLC * kiobaNg/w/,CounterTerrorist,1635.979,2335.118,160.0313,Knife,100,100,-5.146634,249.947,0,False,True,True,90.70313,1.054688
LDLC * kiobaNg/w/,CounterTerrorist,1635.679,2350.74,160.0313,Knife,100,100,-4.544407,249.9587,0,False,True,True,90.70313,1.054688
LDLC * kiobaNg/w/,CounterTerrorist,1635.411,2366.364,160.0313,Knife,100,100,-4.101066,249.9664,0,False,True,True,90.70313,1.054688
LDLC * kiobaNg/w/,CounterTerrorist,1635.167,2381.987,160.0313,Knife,100,100,-3.77461,249.9715,0,False,True,True,90.70313,1.054688
LDLC * kiobaNg/w/,CounterTerrorist,1636.374,2397.371,160.0313,Knife,100,100,42.71409,241.511,0,False,True,True,90.70313,1.054688
LDLC * kiobaNg/w/,CounterTerrorist,1640.248,2412.29,160.0313,Knife,100,100,62.72103,241.8357,0,False,True,True,90.70313,1.054688
LDLC * kiobaNg/w/,CounterTerrorist,1643.461,2427.577,160.0313,Knife,100,100,43.50481,246.1856,0,False,True,True,90.70313,1.054688
LDLC * kiobaNg/w/,CounterTerrorist,1645.672,2443.043,160.0313,Knife,100,100,29.75937,248.2224,0,False,True,True,90.70313,1.054688
LDLC * kiobaNg/w/,CounterTerrorist,1649.217,2458.173,160.0313,Knife,100,100,75.62637,237.7808,0,False,True,True,90.70313,1.054688
LDLC * kiobaNg/w/,CounterTerrorist,1654.954,2472.7,160.0313,Knife,100,100,92.54758,232.239,0,False,True,True,90.70313,1.054688
LDLC * kiobaNg/w/,CounterTerrorist,1659.405,2486.031,160.0313,M4A1,100,100,60.75275,216.6428,0,False,True,True,90.70313,1.054688
LDLC * kiobaNg/w/,CounterTerrorist,1663.502,2499.473,160.0313,M4A1,100,100,78.82208,210.7417,0,False,True,True,90.70313,1.054688
LDLC * kiobaNg/w/,CounterTerrorist,1669.363,2512.247,160.0313,M4A1,100,100,103.9894,199.5275,0,False,True,True,90.70313,1.054688
LDLC * kiobaNg/w/,CounterTerrorist,1675.553,2522.878,160.0313,M4A1,100,100,119.3457,190.7396,0,False,True,True,90.35156,1.054688
LDLC * kiobaNg/w/,CounterTerrorist,1684.502,2535.92,160.0313,M4A1,100,100,132.7516,181.6646,0,False,True,True,90.35156,1.054688
LDLC * kiobaNg/w/,CounterTerrorist,1693.093,2547.052,160.0313,M4A1,100,100,140.6815,175.5953,0,False,True,True,90.35156,1.054688
LDLC * kiobaNg/w/,CounterTerrorist,1702.083,2557.865,160.0313,M4A1,100,100,145.9569,171.2355,0,False,True,True,90.35156,1.054688
LDLC * kiobaNg/w/,CounterTerrorist,1710.168,2567.14,160.0313,M4A1,100,100,149.1122,168.4949,0,False,True,True,90.35156,1.054688
LDLC * kiobaNg/w/,CounterTerrorist,1720.749,2578.901,160.0313,M4A1,100,100,151.03,166.7781,0,False,True,True,92.8125,1.757813
LDLC * kiobaNg/w/,CounterTerrorist,1729.637,2587.234,160.0313,M4A1,100,100,173.2915,139.7237,0,False,True,True,100.5469,2.109375
LDLC * kiobaNg/w/,CounterTerrorist,1742.486,2596.396,160.0313,M4A1,100,100,179.3961,135.0268,0,False,True,True,114.9609,2.8125
LDLC * kiobaNg/w/,CounterTerrorist,1751.41,2604.689,156.3279,M4A1,100,100,149.7856,163.5206,0,False,True,True,129.0234,3.867188
LDLC * kiobaNg/w/,CounterTerrorist,1760.14,2617.363,151.963,M4A1,100,100,102.6113,192.0363,0,False,True,True,143.7891,4.21875
LDLC * kiobaNg/w/,CounterTerrorist,1764.977,2629.977,149.5446,M4A1,100,100,57.85909,208.208,0,False,True,True,153.2813,4.21875
LDLC * kiobaNg/w/,CounterTerrorist,1767.022,2641.638,148.5219,M4A1,100,100,28.05329,216.5295,0,False,True,True,160.3125,3.515625
LDLC * kiobaNg/w/,CounterTerrorist,1769.541,2657.159,147.2625,M4A1,100,100,39.4465,221.5152,0,False,True,True,166.9922,3.164063
LDLC * kiobaNg/w/,CounterTerrorist,1771.716,2669.271,143.8602,M4A1,100,100,39.30698,221.54,0,False,True,True,171.9141,2.8125
LDLC * kiobaNg/w/,CounterTerrorist,1774.296,2684.879,138.6682,M4A1,100,100,34.02519,222.4124,0,False,True,True,175.7813,2.109375
LDLC * kiobaNg/w/,CounterTerrorist,1776.201,2698.811,130.6031,M4A1,100,100,27.78373,223.278,0,False,True,True,177.5391,1.40625
LDLC * kiobaNg/w/,CounterTerrorist,1777.566,2711.04,129.1704,M4A1,100,100,22.92377,223.8292,0,False,True,True,178.2422,1.054688
LDLC * kiobaNg/w/,CounterTerrorist,1778.904,2724.167,127.6478,M4A1,100,100,15.54084,136.4852,0,False,True,True,178.2422,359.6484
LDLC * kiobaNg/w/,CounterTerrorist,1779.616,2729.836,127.0896,M4A1,100,100,11.33343,81.17352,0,True,True,True,178.9453,358.9453
LDLC * kiobaNg/w/,CounterTerrorist,1780.227,2733.242,126.971,M4A1,100,100,6.222167,22.53444,0,True,True,True,178.9453,358.9453
LDLC * kiobaNg/w/,CounterTerrorist,1780.375,2733.685,126.9539,M4A1,100,100,0,0,0,False,True,True,179.6484,359.2969
LDLC * kiobaNg/w/,CounterTerrorist,1780.375,2733.685,126.9539,M4A1,100,100,0,0,0,False,True,True,180.3516,359.6484
LDLC * kiobaNg/w/,CounterTerrorist,1780.375,2733.685,126.9539,M4A1,100,100,0,0,0,False,True,True,181.0547,0
LDLC * kiobaNg/w/,CounterTerrorist,1780.375,2733.685,126.9539,M4A1,100,100,0,0,0,False,True,True,181.0547,0.703125
LDLC * kiobaNg/w/,CounterTerrorist,1780.375,2733.685,126.9539,M4A1,100,100,0,0,0,False,True,True,181.0547,0.703125
LDLC * kiobaNg/w/,CounterTerrorist,1780.375,2733.685,126.9539,M4A1,100,100,0,0,0,False,True,True,181.0547,1.40625
LDLC * kiobaNg/w/,CounterTerrorist,1780.375,2733.685,126.9539,M4A1,100,100,0,0,0,True,True,True,181.0547,1.757813
LDLC * kiobaNg/w/,CounterTerrorist,1780.375,2733.685,126.9539,M4A1,100,100,0,0,0,True,True,True,181.4063,2.8125
LDLC * kiobaNg/w/,CounterTerrorist,1780.375,2733.685,126.9539,M4A1,100,100,0,0,0,True,True,True,181.7578,3.515625
LDLC * kiobaNg/w/,CounterTerrorist,1780.375,2733.685,126.9539,M4A1,100,100,0,0,0,False,True,True,181.7578,4.570313
LDLC * kiobaNg/w/,CounterTerrorist,1780.375,2733.685,126.9539,M4A1,100,100,0,0,0,False,True,True,181.7578,5.273438
LDLC * kiobaNg/w/,CounterTerrorist,1780.375,2733.685,126.9539,M4A1,100,100,0,0,0,False,True,True,180.7031,5.976563
LDLC * kiobaNg/w/,CounterTerrorist,1780.375,2733.685,126.9539,M4A1,100,100,0,0,0,False,True,True,177.5391,5.976563
LDLC * kiobaNg/w/,CounterTerrorist,1780.375,2733.685,126.9539,M4A1,100,100,0,0,0,False,True,True,174.7266,6.328125
LDLC * kiobaNg/w/,CounterTerrorist,1780.375,2733.685,126.9539,M4A1,100,100,0,0,0,False,True,True,177.1875,6.328125
LDLC * kiobaNg/w/,CounterTerrorist,1780.375,2733.685,126.9539,M4A1,100,100,0,0,0,False,True,True,180.3516,6.328125
LDLC * kiobaNg/w/,CounterTerrorist,1780.375,2733.685,126.9539,M4A1,100,100,0,0,0,False,True,True,177.8906,6.328125
LDLC * kiobaNg/w/,CounterTerrorist,1780.375,2733.685,126.9539,M4A1,100,100,0,0,0,False,True,True,176.4844,6.679688
LDLC * kiobaNg/w/,CounterTerrorist,1780.375,2733.685,126.9539,M4A1,100,100,0,0,0,False,True,True,176.4844,6.679688
LDLC * kiobaNg/w/,CounterTerrorist,1780.375,2733.685,126.9539,M4A1,100,100,0,0,0,False,True,True,179.6484,6.679688
LDLC * kiobaNg/w/,CounterTerrorist,1780.375,2733.685,126.9539,M4A1,100,100,0,0,0,False,True,True,180,7.03125
LDLC * kiobaNg/w/,CounterTerrorist,1780.375,2733.685,126.9539,M4A1,100,100,0,0,0,False,True,True,179.6484,7.03125
LDLC * kiobaNg/w/,CounterTerrorist,1780.375,2733.685,126.9539,M4A1,100,100,0,0,0,False,True,True,177.1875,7.03125
LDLC * kiobaNg/w/,CounterTerrorist,1780.375,2733.685,126.9539,M4A1,100,100,0,0,0,False,True,True,178.9453,7.03125
LDLC * kiobaNg/w/,CounterTerrorist,1780.366,2732.399,126.9933,M4A1,100,100,-0.4628775,-44.99688,0,False,True,True,178.9453,7.03125
LDLC * kiobaNg/w/,CounterTerrorist,1780.211,2726.801,127.2166,M4A1,100,100,-3.835572,-105.9196,0,False,True,True,177.1875,7.03125
LDLC * kiobaNg/w/,CounterTerrorist,1779.943,2718.667,128.0922,M4A1,100,100,-4.063648,-147.1515,0,False,True,True,179.6484,7.03125
LDLC * kiobaNg/w/,CounterTerrorist,1779.724,2709.742,129.0438,M4A1,100,100,-4.506974,-174.2042,0,False,True,True,177.1875,6.679688
LDLC * kiobaNg/w/,CounterTerrorist,1779.027,2696.474,130.5035,M4A1,100,100,-17.01194,-198.4298,0,False,True,True,163.125,5.625
LDLC * kiobaNg/w/,CounterTerrorist,1777.163,2683.646,137.5425,M4A1,100,100,-40.85037,-209.1185,0,False,True,True,151.1719,5.273438
LDLC * kiobaNg/w/,CounterTerrorist,1773.62,2670.474,142.6074,M4A1,100,100,-69.10729,-211.0556,0,False,True,True,142.3828,5.273438
LDLC * kiobaNg/w/,CounterTerrorist,1768.376,2657.461,147.8449,M4A1,100,100,-94.41805,-204.2308,0,False,True,True,137.4609,5.273438
LDLC * kiobaNg/w/,CounterTerrorist,1762.986,2646.267,150.5399,M4A1,100,100,-57.87863,-139.6948,0,False,True,True,132.8906,4.921875
LDLC * kiobaNg/w/,CounterTerrorist,1761.831,2640.572,151.1173,M4A1,100,100,9.417743,-57.05054,0,False,True,True,130.4297,4.921875
LDLC * kiobaNg/w/,CounterTerrorist,1764.096,2639.395,149.9851,M4A1,100,100,53.68293,6.982817,0,False,True,True,131.1328,4.921875
LDLC * kiobaNg/w/,CounterTerrorist,1768.749,2641.425,147.6584,M4A1,100,100,89.97954,50.61916,0,False,True,True,131.4844,5.273438
LDLC * kiobaNg/w/,CounterTerrorist,1774.097,2644.625,144.9846,M4A1,100,100,63.31086,34.65952,0,False,True,True,131.4844,5.273438
LDLC * kiobaNg/w/,CounterTerrorist,1775.394,2644.908,144.3358,M4A1,100,100,-5.006347,-12.85359,0,False,True,True,131.4844,5.273438
LDLC * kiobaNg/w/,CounterTerrorist,1772.857,2643.753,145.6046,M4A1,100,100,-56.97879,2.97787,0,False,True,True,131.4844,5.273438
LDLC * kiobaNg/w/,CounterTerrorist,1768.916,2645.38,147.5751,M4A1,100,100,-83.21304,48.17477,0,False,True,True,131.4844,5.273438
LDLC * kiobaNg/w/,CounterTerrorist,1764.236,2651.323,149.9147,M4A1,100,100,-54.86031,110.4446,0,False,True,True,132.5391,5.625
LDLC * kiobaNg/w/,CounterTerrorist,1761.371,2657.673,163.25,M4A1,100,100,-52.39436,116.1382,261.3684,False,True,True,133.9453,6.328125
LDLC * kiobaNg/w/,CounterTerrorist,1757.661,2665.811,188.6499,M4A1,100,100,-55.73061,112.6262,205.1184,False,True,True,136.4063,6.679688
LDLC * kiobaNg/w/,CounterTerrorist,1753.188,2671.729,199.9074,M4A1,100,100,-88.92537,73.85503,155.1184,False,True,True,140.9766,7.03125
LDLC * kiobaNg/w/,CounterTerrorist,1747.197,2674.324,207.1942,M4A1,100,100,-113.5425,42.06763,111.3684,False,True,True,145.1953,7.03125
LDLC * kiobaNg/w/,CounterTerrorist,1741.022,2676.966,213.0473,M4A1,100,100,0,33.29035,55.11838,False,True,True,149.4141,7.382813
LDLC * kiobaNg/w/,CounterTerrorist,1741.007,2678.976,214.9297,M4A1,100,100,0,33.35573,5.118378,False,True,True,152.2266,7.382813
LDLC * kiobaNg/w/,CounterTerrorist,1741.007,2681.185,213.6872,M4A1,100,100,0,35.52401,-44.88162,False,True,True,155.3906,7.382813
LDLC * kiobaNg/w/,CounterTerrorist,1741.007,2683.128,201.0365,M4A1,100,100,0,35.52401,-88.63162,False,True,True,157.8516,7.382813
LDLC * kiobaNg/w/,CounterTerrorist,1741.007,2686.97,198.0313,M4A1,100,100,0,78.36665,0,False,True,True,160.6641,7.382813
LDLC * kiobaNg/w/,CounterTerrorist,1741.007,2693.39,198.0313,M4A1,100,100,0,119.7337,0,False,True,True,161.7188,7.382813
LDLC * kiobaNg/w/,CounterTerrorist,1741.007,2700.807,198.0313,M4A1,100,100,0,146.4526,0,False,True,True,162.4219,7.382813
LDLC * kiobaNg/w/,CounterTerrorist,1741.007,2712.115,198.0313,M4A1,100,100,0,170.8598,0,False,True,True,164.5313,7.03125
LDLC * kiobaNg/w/,CounterTerrorist,1741.007,2723.298,198.0313,M4A1,100,100,0,182.4269,0,False,True,True,168.75,6.679688
LDLC * kiobaNg/w/,CounterTerrorist,1741.007,2733.317,198.0313,M4A1,100,100,0,143.6591,0,False,True,True,174.375,6.328125
LDLC * kiobaNg/w/,CounterTerrorist,1741.007,2740.856,198.0313,M4A1,100,100,0,127.9502,-3.125,False,True,True,179.2969,5.976563
LDLC * kiobaNg/w/,CounterTerrorist,1738.234,2744.762,195.834,M4A1,100,100,-69.16464,2.441058,-59.375,False,True,True,182.8125,5.625
LDLC * kiobaNg/w/,CounterTerrorist,1734.541,2743.055,191.3906,M4A1,100,100,-67.42899,-33.30898,-103.125,False,True,True,182.4609,5.625
LDLC * kiobaNg/w/,CounterTerrorist,1729.83,2742.014,182.1621,M4A1,100,100,-66.46678,0,-159.375,False,True,True,182.4609,5.625
LDLC * kiobaNg/w/,CounterTerrorist,1725.676,2742.014,170.6387,M4A1,100,100,-66.46678,0,-209.375,False,True,True,182.4609,5.625
LDLC * kiobaNg/w/,CounterTerrorist,1721.194,2741.994,160.0313,M4A1,100,100,-87.32327,-1.296883,0,False,True,True,182.4609,5.625
LDLC * kiobaNg/w/,CounterTerrorist,1715.085,2741.872,160.0313,M4A1,100,100,-128.4205,-2.71848,0,False,True,True,181.4063,4.921875
LDLC * kiobaNg/w/,CounterTerrorist,1704.454,2741.632,160.0313,M4A1,100,100,-167.4193,-3.954602,0,False,True,True,181.4063,4.921875
LDLC * kiobaNg/w/,CounterTerrorist,1693.072,2741.353,160.0313,M4A1,100,100,-192.4418,-4.806942,0,False,True,True,181.4063,4.921875
LDLC * kiobaNg/w/,CounterTerrorist,1680.368,2741.029,160.0313,M4A1,100,100,-210.8717,-5.453272,0,False,True,True,181.7578,4.921875
LDLC * kiobaNg/w/,CounterTerrorist,1668.443,2740.713,160.0313,M4A1,100,100,-222.9637,-6.014904,0,False,True,True,181.7578,4.921875
LDLC * kiobaNg/w/,CounterTerrorist,1652.633,2740.278,160.0313,M4A1,100,100,-224.9121,-6.288432,0,False,True,True,181.7578,4.921875
LDLC * kiobaNg/w/,CounterTerrorist,1638.575,2740.023,160.0313,M4A1,100,100,-224.9994,-0.5256078,0,False,True,True,181.7578,4.921875
LDLC * kiobaNg/w/,CounterTerrorist,1627.984,2740.002,160.0313,M4A1,100,100,-172.1815,0,0,False,True,True,181.7578,4.921875
LDLC * kiobaNg/w/,CounterTerrorist,1618.839,2740.002,164.6034,M4A1,100,100,-134.43,0,286.3684,False,True,True,181.7578,4.921875
LDLC * kiobaNg/w/,CounterTerrorist,1609.531,2740.002,182.7612,M4A1,100,100,-130.6568,0,230.1184,False,True,True,181.7578,5.625
LDLC * kiobaNg/w/,CounterTerrorist,1602.497,2740.002,194.1496,M4A1,100,100,-127.0197,0,186.3684,False,True,True,182.1094,6.679688
LDLC * kiobaNg/w/,CounterTerrorist,1593.728,2738.555,205.2761,M4A1,100,100,-123.9854,-34.72933,130.1184,False,True,True,182.1094,7.03125
LDLC * kiobaNg/w/,CounterTerrorist,1586.947,2736.656,211.1957,M4A1,100,100,-123.9854,-34.72933,86.36838,False,True,True,182.1094,7.03125
LDLC * kiobaNg/w/,CounterTerrorist,1578.47,2733.989,215.291,M4A1,100,100,-113.7193,-44.37973,30.11838,False,True,True,181.7578,7.382813
LDLC * kiobaNg/w/,CounterTerrorist,1572.251,2731.562,215.7419,M4A1,100,100,-113.7193,-44.37973,-13.63162,False,True,True,181.4063,7.382813
LDLC * kiobaNg/w/,CounterTerrorist,1564.255,2728.442,212.8059,M4A1,100,100,-113.7193,-44.37973,-69.88162,False,True,True,181.0547,7.382813
LDLC * kiobaNg/w/,CounterTerrorist,1558.036,2728.031,207.788,Knife,100,100,-113.7193,0,-113.6316,False,True,True,181.0547,7.382813
LDLC * kiobaNg/w/,CounterTerrorist,1550.04,2728.031,197.8208,Knife,100,100,-113.7193,0,-169.8816,False,True,True,181.0547,7.03125
LDLC * kiobaNg/w/,CounterTerrorist,1542.933,2728.031,185.6407,Knife,100,100,-113.7193,0,-219.8816,False,True,True,180.7031,5.976563
LDLC * kiobaNg/w/,CounterTerrorist,1535.825,2728.031,170.3357,Knife,100,100,-113.7193,0,-269.8816,False,True,True,181.0547,4.570313
LDLC * kiobaNg/w/,CounterTerrorist,1528.718,2728.031,151.9056,Knife,100,100,-113.7193,0,-319.8816,False,True,True,181.0547,4.570313
LDLC * kiobaNg/w/,CounterTerrorist,1522.447,2728.03,134.9122,Knife,100,100,-120.3904,-0.2051274,0,False,True,True,181.0547,4.570313
LDLC * kiobaNg/w/,CounterTerrorist,1511.936,2728.002,134.8342,Knife,100,100,-170.228,-0.2051274,0,False,True,True,181.0547,4.570313
LDLC * kiobaNg/w/,CounterTerrorist,1500.123,2728.002,134.7419,Knife,100,100,-202.2067,0,0,False,True,True,181.0547,4.570313
LDLC * kiobaNg/w/,CounterTerrorist,1486.753,2728,134.7272,Knife,100,100,-221.6628,0,0,False,True,True,181.0547,4.570313
LDLC * kiobaNg/w/,CounterTerrorist,1472.275,2728,134.7272,Knife,100,100,-239.2003,0,0,False,True,True,181.4063,4.570313
LDLC * kiobaNg/w/,CounterTerrorist,1456.854,2728,134.7272,Knife,100,100,-249.9999,0,0,False,True,True,181.4063,4.570313
LDLC * kiobaNg/w/,CounterTerrorist,1441.229,2728,134.7272,Knife,100,100,-249.9999,0,0,False,True,True,181.4063,4.570313
LDLC * kiobaNg/w/,CounterTerrorist,1427.557,2728,134.7272,Knife,100,100,-249.9999,0,0,False,True,True,181.4063,4.570313
LDLC * kiobaNg/w/,CounterTerrorist,1409.979,2728,134.605,Knife,100,100,-249.9999,0,0,False,True,True,181.4063,4.570313
LDLC * kiobaNg/w/,CounterTerrorist,1394.354,2728,134.3609,Knife,100,100,-249.9999,0,0,False,True,True,181.4063,4.570313
LDLC * kiobaNg/w/,CounterTerrorist,1378.729,2728,134.1167,Knife,100,100,-249.9999,0,0,False,True,True,181.4063,4.570313
LDLC * kiobaNg/w/,CounterTerrorist,1363.104,2728,133.8726,Knife,100,100,-249.9999,0,0,False,True,True,181.4063,4.570313
LDLC * kiobaNg/w/,CounterTerrorist,1347.479,2728,133.6284,Knife,100,100,-249.9999,0,0,False,True,True,181.4063,4.570313
LDLC * kiobaNg/w/,CounterTerrorist,1331.854,2728,133.3843,Knife,100,100,-249.9999,0,0,False,True,True,181.4063,4.570313
LDLC * kiobaNg/w/,CounterTerrorist,1316.229,2727.963,138.0313,Knife,100,100,-249.9966,-1.312905,0,False,True,True,181.4063,4.570313
LDLC * kiobaNg/w/,CounterTerrorist,1302.557,2727.853,138.0313,Knife,100,100,-249.9875,-2.503893,0,False,True,True,181.4063,4.570313
LDLC * kiobaNg/w/,CounterTerrorist,1284.98,2727.63,138.0313,Knife,100,100,-249.9736,-3.630762,0,False,True,True,181.4063,4.570313
LDLC * kiobaNg/w/,CounterTerrorist,1271.31,2727.411,138.0313,Knife,100,100,-249.9635,-4.274012,0,False,True,True,181.4063,4.570313
LDLC * kiobaNg/w/,CounterTerrorist,1253.735,2727.085,138.0313,Knife,100,100,-249.9523,-4.88383,0,False,True,True,181.4063,4.570313
LDLC * kiobaNg/w/,CounterTerrorist,1238.113,2726.766,133.2099,Knife,100,100,-249.9443,-5.274922,0,False,True,True,181.4063,4.570313
LDLC * kiobaNg/w/,CounterTerrorist,1224.445,2726.469,133.2041,Knife,100,100,-249.9388,-5.53154,0,False,True,True,181.4063,4.570313
LDLC * kiobaNg/w/,CounterTerrorist,1206.871,2726.07,133.0527,Knife,100,100,-249.9333,-5.774994,0,False,True,True,181.4063,4.570313
LDLC * kiobaNg/w/,CounterTerrorist,1193.203,2725.75,132.9357,Knife,100,100,-249.93,-5.914179,0,False,True,True,181.4063,4.570313
LDLC * kiobaNg/w/,CounterTerrorist,1175.63,2725.328,132.786,Knife,100,100,-249.9269,-6.046235,0,False,True,True,181.4063,4.570313
LDLC * kiobaNg/w/,CounterTerrorist,1160.01,2724.947,132.6535,Knife,100,100,-249.9248,-6.13097,0,False,True,True,181.4063,4.570313
LDLC * kiobaNg/w/,CounterTerrorist,1146.342,2724.61,132.5379,Knife,100,100,-249.9234,-6.186581,0,False,True,True,181.4063,4.570313
LDLC * kiobaNg/w/,CounterTerrorist,1128.77,2724.173,132.3895,Knife,100,100,-249.9221,-6.239346,0,False,True,True,181.4063,4.570313
LDLC * kiobaNg/w/,CounterTerrorist,1113.362,2722.716,132.3535,Knife,100,100,-241.2573,-45.97517,0,False,True,True,181.4063,4.570313
LDLC * kiobaNg/w/,CounterTerrorist,1098.674,2718.242,132.7583,Knife,100,100,-230.6305,-89.5621,0,False,True,True,181.4063,4.570313
LDLC * kiobaNg/w/,CounterTerrorist,1084.62,2711.502,133.3824,Knife,100,100,-219.3754,-119.8935,0,False,True,True,181.4063,4.570313
LDLC * kiobaNg/w/,CounterTerrorist,1071.239,2703.438,133.9643,Knife,100,100,-216.0111,-125.8539,0,False,True,True,181.4063,4.570313
LDLC * kiobaNg/w/,CounterTerrorist,1057.122,2696.772,134.4772,Knife,100,100,-232.0884,-92.92452,0,False,True,True,181.4063,4.570313
LDLC * kiobaNg/w/,CounterTerrorist,1043.449,2692.103,138.0313,M4A1,100,100,-215.7817,-63.74368,0,False,True,True,181.7578,4.570313
LDLC * kiobaNg/w/,CounterTerrorist,1031.519,2689.1,138.0313,M4A1,100,100,-219.6164,-48.92467,0,False,True,True,181.7578,4.570313
LDLC * kiobaNg/w/,CounterTerrorist,1015.965,2686.223,138.858,M4A1,100,100,-222.2182,-35.27109,0,False,True,True,181.7578,4.570313
LDLC * kiobaNg/w/,CounterTerrorist,1002.031,2684.327,139.5335,M4A1,100,100,-223.3746,-26.99607,0,False,True,True,181.7578,4.570313
LDLC * kiobaNg/w/,CounterTerrorist,988.0474,2682.846,140.1548,M4A1,100,100,-223.9784,-21.41691,0,False,True,True,181.7578,4.570313
LDLC * kiobaNg/w/,CounterTerrorist,974.021,2681.636,140.741,USP,100,100,-226.3077,-18.49224,0,False,True,True,184.2188,4.570313
LDLC * kiobaNg/w/,CounterTerrorist,959.3804,2680.374,141.3527,USP,100,100,-239.009,-21.78757,0,False,True,True,187.0313,5.273438
LDLC * kiobaNg/w/,CounterTerrorist,944.1581,2678.898,142.0029,Knife,100,100,-248.7327,-25.14071,0,False,True,True,187.0313,5.976563
LDLC * kiobaNg/w/,CounterTerrorist,930.7927,2677.508,142.5028,AK47,100,100,-213.7864,-22.81205,0,False,True,True,187.0313,5.976563
LDLC * kiobaNg/w/,CounterTerrorist,917.2205,2676.018,142.8222,Knife,100,100,-224.4575,-25.17716,0,False,True,True,187.0313,5.976563
LDLC * kiobaNg/w/,CounterTerrorist,902.5636,2674.365,142.7328,Knife,100,100,-241.5701,-26.95816,0,False,True,True,187.0313,5.976563
LDLC * kiobaNg/w/,CounterTerrorist,889.0583,2672.829,141.7874,Knife,100,100,-248.3625,-28.56704,0,False,True,True,187.0313,5.976563
LDLC * kiobaNg/w/,CounterTerrorist,871.5987,2670.792,140.5773,Knife,100,100,-248.2808,-29.26884,0,False,True,True,187.0313,6.328125
LDLC * kiobaNg/w/,CounterTerrorist,856.0824,2668.952,139.5084,Knife,100,100,-248.2459,-29.56275,0,False,True,True,187.0313,6.679688
LDLC * kiobaNg/w/,CounterTerrorist,840.5682,2667.095,138.4436,Knife,100,100,-248.2154,-29.81758,0,False,True,True,187.0313,6.679688
LDLC * kiobaNg/w/,CounterTerrorist,825.0554,2665.226,138.0313,Knife,100,100,-248.1898,-30.0302,0,False,True,True,187.3828,7.382813
LDLC * kiobaNg/w/,CounterTerrorist,811.4867,2663.55,134.1914,Knife,100,100,-248.0261,-31.35338,0,False,True,True,188.789,11.25
LDLC * kiobaNg/w/,CounterTerrorist,794.066,2661.204,132.6184,Knife,100,100,-247.4971,-35.28729,0,False,True,True,191.25,20.03906
LDLC * kiobaNg/w/,CounterTerrorist,780.5491,2659.152,131.4013,Knife,100,100,-246.9154,-39.15097,0,False,True,True,191.9531,26.01563
LDLC * kiobaNg/w/,CounterTerrorist,763.2123,2656.25,129.6576,Knife,100,100,-246.3558,-42.53005,0,False,True,True,191.25,31.99219
LDLC * kiobaNg/w/,CounterTerrorist,747.8207,2653.56,128.0313,Knife,100,100,-246.2321,-43.24099,0,False,True,True,190.1953,35.85938
LDLC * kiobaNg/w/,CounterTerrorist,732.4239,2651.627,128.0313,Knife,100,100,-245.8281,-9.182368,0,False,True,True,189.8437,39.02344
LDLC * kiobaNg/w/,CounterTerrorist,717.1254,2652.759,128.0313,Knife,100,100,-244.0695,37.22089,0,False,True,True,190.1953,40.42969
LDLC * kiobaNg/w/,CounterTerrorist,701.7202,2655.075,129.2067,Knife,100,100,-248.5709,26.69277,0,False,True,True,188.789,37.26563
LDLC * kiobaNg/w/,CounterTerrorist,686.1314,2656.099,130.4059,Knife,100,100,-249.7913,10.2129,0,False,True,True,184.2188,22.5
LDLC * kiobaNg/w/,CounterTerrorist,670.5132,2656.559,132.7783,Knife,100,100,-249.9174,6.425785,0,False,True,True,178.9453,10.19531
LDLC * kiobaNg/w/,CounterTerrorist,656.8461,2656.917,139.6119,Knife,100,100,-249.9087,6.756831,0,False,True,True,177.8906,7.03125
LDLC * kiobaNg/w/,CounterTerrorist,640.095,2657.393,147.9874,AK47,100,100,-214.9072,6.316733,0,False,True,True,177.8906,7.03125
LDLC * kiobaNg/w/,CounterTerrorist,626.6637,2657.801,154.7031,AK47,100,100,-214.8959,6.689105,0,False,True,True,177.8906,7.03125
LDLC * kiobaNg/w/,CounterTerrorist,613.233,2658.23,160.0313,AK47,100,100,-214.8872,6.963284,0,False,True,True,177.8906,7.03125
LDLC * kiobaNg/w/,CounterTerrorist,599.8028,2658.672,160.0313,AK47,100,100,-214.8806,7.165194,0,False,True,True,177.8906,7.03125
