Name,Team,Position.X,Position.Y,Position.Z,ActiveWeapon,HP,Armour,Velocity.X,Velocity.Y,Velocity.Z,IsDucking,HasHelmet,HasDefuseKit,ViewDirectionX,ViewDirectionY,Map = de_inferno
GeT_RiGhT-A-,CounterTerrorist,2480,2112,127.0546,P2000,100,0,0,0,0,False,False,False,188.789,18.28125
GeT_RiGhT-A-,CounterTerrorist,2480,2112,126.7755,P2000,100,0,0,0,0,False,False,False,188.789,18.28125
GeT_RiGhT-A-,CounterTerrorist,2480,2112,126.7755,P2000,100,0,0,0,0,False,False,False,188.789,18.28125
GeT_RiGhT-A-,CounterTerrorist,2480,2112,126.7755,P2000,100,0,0,0,0,False,False,False,207.4219,0
GeT_RiGhT-A-,CounterTerrorist,2480,2112,126.7755,P2000,100,0,0,0,0,False,False,False,207.4219,0
GeT_RiGhT-A-,CounterTerrorist,2480,2112,126.7755,P2000,100,0,0,0,0,False,False,False,207.4219,0
GeT_RiGhT-A-,CounterTerrorist,2480,2112,126.7755,P2000,100,0,0,0,0,False,False,False,207.4219,0
GeT_RiGhT-A-,CounterTerrorist,2480,2112,126.7755,P2000,100,0,0,0,0,False,False,False,207.4219,0
GeT_RiGhT-A-,CounterTerrorist,2480,2112,126.7755,P2000,100,0,0,0,0,False,False,False,207.4219,0
GeT_RiGhT-A-,CounterTerrorist,2480,2112,126.7755,P2000,100,0,0,0,0,False,False,False,207.4219,0
GeT_RiGhT-A-,CounterTerrorist,2480,2112,126.7755,P2000,100,0,0,0,0,False,False,False,207.4219,0
GeT_RiGhT-A-,CounterTerrorist,2480,2112,126.7755,P2000,100,0,0,0,0,False,False,False,207.4219,0.3515625
GeT_RiGhT-A-,CounterTerrorist,2480,2112,126.7755,P2000,100,0,0,0,0,False,False,False,207.0703,0.703125
GeT_RiGhT-A-,CounterTerrorist,2480,2112,126.7755,P2000,100,0,0,0,0,False,False,False,207.0703,2.460938
GeT_RiGhT-A-,CounterTerrorist,2480,2112,126.7755,P2000,100,0,0,0,0,False,False,False,207.0703,2.460938
GeT_RiGhT-A-,CounterTerrorist,2480,2112,126.7755,P2000,100,0,0,0,0,False,False,False,207.0703,2.460938
GeT_RiGhT-A-,CounterTerrorist,2480,2112,126.7755,P2000,100,0,0,0,0,False,False,False,207.0703,2.460938
GeT_RiGhT-A-,CounterTerrorist,2480,2112,126.7755,P2000,100,0,0,0,0,False,False,False,207.0703,2.460938
GeT_RiGhT-A-,CounterTerrorist,2480,2112,126.7755,P2000,100,0,0,0,0,False,False,False,207.0703,2.460938
GeT_RiGhT-A-,CounterTerrorist,2480,2112,126.7755,P2000,100,0,0,0,0,False,False,False,207.0703,2.460938
GeT_RiGhT-A-,CounterTerrorist,2480,2112,126.7755,P2000,100,0,0,0,0,False,False,False,207.4219,2.460938
GeT_RiGhT-A-,CounterTerrorist,2480,2112,126.7755,P2000,100,0,0,0,0,False,False,False,207.4219,2.8125
GeT_RiGhT-A-,CounterTerrorist,2480,2112,126.7755,P2000,100,0,0,0,0,False,False,False,207.4219,2.8125
GeT_RiGhT-A-,CounterTerrorist,2480,2112,126.7755,P2000,100,0,0,0,0,False,False,False,207.4219,2.8125
GeT_RiGhT-A-,CounterTerrorist,2480,2112,126.7755,P2000,100,0,0,0,0,False,False,False,207.4219,2.8125
GeT_RiGhT-A-,CounterTerrorist,2480,2112,126.7755,P2000,100,0,0,0,0,False,False,False,207.4219,2.8125
GeT_RiGhT-A-,CounterTerrorist,2480,2112,126.7755,P2000,100,0,0,0,0,False,False,False,207.4219,2.8125
GeT_RiGhT-A-,CounterTerrorist,2480,2112,126.7755,P2000,100,0,0,0,0,False,False,False,207.4219,2.460938
GeT_RiGhT-A-,CounterTerrorist,2480,2112,126.7755,P2000,100,0,0,0,0,False,False,False,207.4219,2.460938
GeT_RiGhT-A-,CounterTerrorist,2480,2112,126.7755,P2000,100,0,0,0,0,False,False,False,207.4219,2.460938
GeT_RiGhT-A-,CounterTerrorist,2480,2112,126.7755,P2000,100,0,0,0,0,False,False,False,207.4219,2.460938
GeT_RiGhT-A-,CounterTerrorist,2480,2112,126.7755,P2000,100,0,0,0,0,False,False,False,207.4219,2.460938
GeT_RiGhT-A-,CounterTerrorist,2480,2112,126.7755,P2000,100,0,0,0,0,False,False,False,207.4219,2.460938
GeT_RiGhT-A-,CounterTerrorist,2480,2112,126.7755,P2000,100,0,0,0,0,False,False,False,207.4219,2.460938
GeT_RiGhT-A-,CounterTerrorist,2480,2112,126.7755,P2000,100,0,0,0,0,False,False,False,207.0703,2.460938
GeT_RiGhT-A-,CounterTerrorist,2480,2112,126.7755,P2000,100,0,0,0,0,False,False,False,200.3906,3.867188
GeT_RiGhT-A-,CounterTerrorist,2480,2112,126.7755,P2000,100,0,0,0,0,False,False,False,185.625,5.976563
GeT_RiGhT-A-,CounterTerrorist,2480,2112,126.7755,P2000,100,0,0,0,0,False,False,False,166.2891,8.085938
GeT_RiGhT-A-,CounterTerrorist,2480,2112,126.7755,P2000,100,0,0,0,0,False,False,False,157.8516,8.4375
GeT_RiGhT-A-,CounterTerrorist,2480,2112,126.7755,P2000,100,0,0,0,0,False,False,False,157.5,8.789063
GeT_RiGhT-A-,CounterTerrorist,2480,2112,126.7755,P2000,100,0,0,0,0,False,False,False,157.5,8.789063
GeT_RiGhT-A-,CounterTerrorist,2480,2112,126.7755,P2000,100,0,0,0,0,False,False,False,157.5,8.789063
GeT_RiGhT-A-,CounterTerrorist,2480,2112,126.7755,P2000,100,0,0,0,0,False,False,False,157.8516,8.4375
GeT_RiGhT-A-,CounterTerrorist,2480,2112,126.7755,P2000,100,0,0,0,0,False,False,False,157.8516,8.085938
GeT_RiGhT-A-,CounterTerrorist,2480,2112,126.7755,P2000,100,0,0,0,0,False,False,False,158.2031,8.085938
GeT_RiGhT-A-,CounterTerrorist,2480,2112,126.7755,P2000,100,0,0,0,0,False,False,False,158.2031,8.085938
GeT_RiGhT-A-,CounterTerrorist,2480,2112,126.7755,P2000,100,0,0,0,0,False,False,False,158.2031,8.085938
GeT_RiGhT-A-,CounterTerrorist,2480,2112,126.7755,P2000,100,0,0,0,0,False,False,False,158.2031,8.085938
GeT_RiGhT-A-,CounterTerrorist,2480,2112,126.7755,P2000,100,0,0,0,0,False,False,False,158.2031,8.085938
GeT_RiGhT-A-,CounterTerrorist,2480,2112,126.7755,P2000,100,0,0,0,0,False,False,False,158.2031,8.085938
GeT_RiGhT-A-,CounterTerrorist,2480,2112,126.7755,P2000,100,0,0,0,0,False,False,False,158.2031,8.085938
GeT_RiGhT-A-,CounterTerrorist,2480,2112,126.7755,P2000,100,0,0,0,0,False,False,False,158.2031,8.085938
GeT_RiGhT-A-,CounterTerrorist,2480,2112,126.7755,P2000,100,0,0,0,0,False,False,False,158.2031,8.085938
GeT_RiGhT-A-,CounterTerrorist,2480,2112,126.7755,P2000,100,0,0,0,0,False,False,False,158.2031,8.085938
GeT_RiGhT-A-,CounterTerrorist,2480,2112,126.7755,P2000,100,0,0,0,0,False,False,False,158.2031,8.085938
GeT_RiGhT-A-,CounterTerrorist,2480,2112,126.7755,P2000,100,0,0,0,0,False,False,False,158.2031,8.085938
GeT_RiGhT-A-,CounterTerrorist,2480,2112,126.7755,P2000,100,0,0,0,0,False,False,False,158.2031,8.085938
GeT_RiGhT-A-,CounterTerrorist,2480,2112,126.7755,P2000,100,0,0,0,0,False,False,False,158.2031,8.085938
GeT_RiGhT-A-,CounterTerrorist,2480,2112,126.7755,P2000,100,0,0,0,0,False,False,False,158.2031,8.085938
GeT_RiGhT-A-,CounterTerrorist,2480,2112,126.7755,P2000,100,0,0,0,0,False,False,False,158.2031,8.085938
GeT_RiGhT-A-,CounterTerrorist,2480,2112,126.7755,P2000,100,0,0,0,0,False,False,False,158.2031,8.085938
GeT_RiGhT-A-,CounterTerrorist,2480,2112,126.7755,P2000,100,0,0,0,0,False,False,False,158.2031,8.085938
GeT_RiGhT-A-,CounterTerrorist,2480,2112,126.7755,P2000,100,0,0,0,0,False,False,False,158.2031,8.085938
GeT_RiGhT-A-,CounterTerrorist,2480,2112,126.7755,P2000,100,0,0,0,0,False,False,False,158.2031,8.085938
GeT_RiGhT-A-,CounterTerrorist,2480,2112,126.7755,P2000,100,0,0,0,0,False,False,False,158.2031,8.085938
GeT_RiGhT-A-,CounterTerrorist,2480,2112,126.7755,P2000,100,0,0,0,0,False,False,False,158.2031,8.085938
GeT_RiGhT-A-,CounterTerrorist,2480,2112,126.7755,P2000,100,0,0,0,0,False,False,False,158.2031,8.085938
GeT_RiGhT-A-,CounterTerrorist,2480,2112,126.7755,P2000,100,0,0,0,0,False,False,False,158.2031,8.085938
GeT_RiGhT-A-,CounterTerrorist,2480,2112,126.7755,P2000,100,0,0,0,0,False,False,False,158.2031,8.085938
GeT_RiGhT-A-,CounterTerrorist,2480,2112,126.7755,P2000,100,0,0,0,0,False,False,False,158.2031,8.085938
GeT_RiGhT-A-,CounterTerrorist,2480,2112,126.7755,P2000,100,0,0,0,0,False,False,False,158.2031,8.085938
GeT_RiGhT-A-,CounterTerrorist,2480,2112,126.7755,P2000,100,0,0,0,0,False,False,False,158.2031,8.085938
GeT_RiGhT-A-,CounterTerrorist,2480,2112,126.7755,P2000,100,0,0,0,0,False,False,False,158.2031,8.085938
GeT_RiGhT-A-,CounterTerrorist,2480,2112,126.7755,P2000,100,0,0,0,0,False,False,False,158.2031,8.085938
GeT_RiGhT-A-,CounterTerrorist,2480,2112,126.7755,P2000,100,0,0,0,0,False,False,False,158.2031,8.085938
GeT_RiGhT-A-,CounterTerrorist,2480,2112,126.7755,P2000,100,0,0,0,0,False,False,False,158.2031,8.085938
GeT_RiGhT-A-,CounterTerrorist,2480,2112,126.7755,M4A1,100,100,0,0,0,False,True,True,158.2031,8.085938
GeT_RiGhT-A-,CounterTerrorist,2480,2112,126.7755,M4A1,100,100,0,0,0,False,True,True,158.2031,8.085938
GeT_RiGhT-A-,CounterTerrorist,2480,2112,126.7755,M4A1,100,100,0,0,0,False,True,True,158.2031,8.085938
GeT_RiGhT-A-,CounterTerrorist,2480,2112,126.7755,M4A1,100,100,0,0,0,False,True,True,158.2031,8.085938
GeT_RiGhT-A-,CounterTerrorist,2480,2112,126.7755,M4A1,100,100,0,0,0,False,True,True,158.2031,8.085938
GeT_RiGhT-A-,CounterTerrorist,2480,2112,126.7755,M4A1,100,100,0,0,0,False,True,True,158.2031,8.085938
GeT_RiGhT-A-,CounterTerrorist,2480,2112,126.7755,M4A1,100,100,0,0,0,False,True,True,158.2031,8.085938
GeT_RiGhT-A-,CounterTerrorist,2480,2112,126.7755,M4A1,100,100,0,0,0,False,True,True,158.2031,8.085938
GeT_RiGhT-A-,CounterTerrorist,2480,2112,126.7755,M4A1,100,100,0,0,0,False,True,True,158.2031,8.085938
GeT_RiGhT-A-,CounterTerrorist,2480,2112,126.7755,M4A1,100,100,0,0,0,False,True,True,158.2031,8.085938
GeT_RiGhT-A-,CounterTerrorist,2480,2112,126.7755,M4A1,100,100,0,0,0,False,True,True,158.2031,8.085938
GeT_RiGhT-A-,CounterTerrorist,2480,2112,126.7755,M4A1,100,100,0,0,0,False,True,True,158.2031,8.085938
GeT_RiGhT-A-,CounterTerrorist,2480,2112,126.7755,M4A1,100,100,0,0,0,False,True,True,158.2031,8.085938
GeT_RiGhT-A-,CounterTerrorist,2480,2112,126.7755,M4A1,100,100,0,0,0,False,True,True,158.2031,8.085938
GeT_RiGhT-A-,CounterTerrorist,2480,2112,126.7755,M4A1,100,100,0,0,0,False,True,True,158.2031,8.085938
GeT_RiGhT-A-,CounterTerrorist,2480,2112,126.7755,M4A1,100,100,0,0,0,False,True,True,158.2031,8.085938
GeT_RiGhT-A-,CounterTerrorist,2480,2112,126.7755,M4A1,100,100,0,0,0,False,True,True,158.2031,8.085938
GeT_RiGhT-A-,CounterTerrorist,2480,2112,126.7755,M4A1,100,100,0,0,0,False,True,True,158.2031,8.085938
GeT_RiGhT-A-,CounterTerrorist,2480,2112,126.7755,M4A1,100,100,0,0,0,False,True,True,158.2031,8.085938
GeT_RiGhT-A-,CounterTerrorist,2480,2112,126.7755,M4A1,100,100,0,0,0,False,True,True,158.2031,8.085938
GeT_RiGhT-A-,CounterTerrorist,2480,2112,126.7755,M4A1,100,100,0,0,0,False,True,True,158.2031,8.085938
GeT_RiGhT-A-,CounterTerrorist,2480,2112,126.7755,M4A1,100,100,0,0,0,False,True,True,158.2031,8.085938
GeT_RiGhT-A-,CounterTerrorist,2480,2112,126.7755,M4A1,100,100,0,0,0,False,True,True,158.2031,8.085938
GeT_RiGhT-A-,CounterTerrorist,2480,2112,126.7755,M4A1,100,100,0,0,0,False,True,True,158.2031,8.085938
GeT_RiGhT-A-,CounterTerrorist,2480,2112,126.7755,M4A1,100,100,0,0,0,False,True,True,158.2031,8.085938
GeT_RiGhT-A-,CounterTerrorist,2480,2112,126.7755,M4A1,100,100,0,0,0,False,True,True,158.2031,8.085938
GeT_RiGhT-A-,CounterTerrorist,2480,2112,126.7755,M4A1,100,100,0,0,0,False,True,True,158.2031,8.085938
GeT_RiGhT-A-,CounterTerrorist,2480,2112,126.7755,M4A1,100,100,0,0,0,False,True,True,158.2031,8.085938
GeT_RiGhT-A-,CounterTerrorist,2480,2112,126.7755,M4A1,100,100,0,0,0,False,True,True,158.2031,8.085938
GeT_RiGhT-A-,CounterTerrorist,2480,2112,126.7755,M4A1,100,100,0,0,0,False,True,True,158.2031,8.085938
GeT_RiGhT-A-,CounterTerrorist,2480,2112,126.7755,M4A1,100,100,0,0,0,False,True,True,158.2031,8.085938
GeT_RiGhT-A-,CounterTerrorist,2480,2112,126.7755,M4A1,100,100,0,0,0,False,True,True,158.2031,8.085938
GeT_RiGhT-A-,CounterTerrorist,2480,2112,126.7755,M4A1,100,100,0,0,0,False,True,True,158.2031,8.085938
GeT_RiGhT-A-,CounterTerrorist,2480,2112,126.7755,M4A1,100,100,0,0,0,False,True,True,158.2031,8.085938
GeT_RiGhT-A-,CounterTerrorist,2480,2112,126.7755,M4A1,100,100,0,0,0,False,True,True,158.2031,8.085938
GeT_RiGhT-A-,CounterTerrorist,2480,2112,126.7755,M4A1,100,100,0,0,0,False,True,True,158.2031,8.085938
GeT_RiGhT-A-,CounterTerrorist,2480,2112,126.7755,M4A1,100,100,0,0,0,False,True,True,158.2031,8.085938
GeT_RiGhT-A-,CounterTerrorist,2480,2112,126.7755,M4A1,100,100,0,0,0,False,True,True,158.2031,8.085938
GeT_RiGhT-A-,CounterTerrorist,2480,2112,126.7755,M4A1,100,100,0,0,0,False,True,True,158.2031,8.085938
GeT_RiGhT-A-,CounterTerrorist,2480,2112,126.7755,M4A1,100,100,0,0,0,False,True,True,158.2031,8.085938
GeT_RiGhT-A-,CounterTerrorist,2480,2112,126.7755,M4A1,100,100,0,0,0,False,True,True,158.2031,8.085938
GeT_RiGhT-A-,CounterTerrorist,2480,2112,126.7755,M4A1,100,100,0,0,0,False,True,True,158.2031,8.085938
GeT_RiGhT-A-,CounterTerrorist,2480,2112,126.7755,M4A1,100,100,0,0,0,False,True,True,158.2031,8.085938
GeT_RiGhT-A-,CounterTerrorist,2480,2112,126.7755,M4A1,100,100,0,0,0,False,True,True,158.2031,8.085938
GeT_RiGhT-A-,CounterTerrorist,2480,2112,126.7755,M4A1,100,100,0,0,0,False,True,True,158.2031,8.085938
GeT_RiGhT-A-,CounterTerrorist,2480,2112,126.7755,M4A1,100,100,0,0,0,False,True,True,158.2031,8.085938
GeT_RiGhT-A-,CounterTerrorist,2480,2112,126.7755,M4A1,100,100,0,0,0,False,True,True,158.2031,8.085938
GeT_RiGhT-A-,CounterTerrorist,2480,2112,126.7755,M4A1,100,100,0,0,0,False,True,True,158.2031,8.085938
GeT_RiGhT-A-,CounterTerrorist,2480,2112,126.7755,M4A1,100,100,0,0,0,False,True,True,158.2031,8.085938
GeT_RiGhT-A-,CounterTerrorist,2480,2112,126.7755,M4A1,100,100,0,0,0,False,True,True,158.2031,8.085938
GeT_RiGhT-A-,CounterTerrorist,2480,2112,126.7755,M4A1,100,100,0,0,0,False,True,True,158.2031,8.085938
GeT_RiGhT-A-,CounterTerrorist,2480,2112,126.7755,M4A1,100,100,0,0,0,False,True,True,158.2031,8.085938
GeT_RiGhT-A-,CounterTerrorist,2480,2112,126.7755,M4A1,100,100,0,0,0,False,True,True,158.2031,8.085938
GeT_RiGhT-A-,CounterTerrorist,2480,2112,126.7755,M4A1,100,100,0,0,0,False,True,True,158.2031,8.085938
GeT_RiGhT-A-,CounterTerrorist,2480,2112,126.7755,M4A1,100,100,0,0,0,False,True,True,158.2031,8.085938
GeT_RiGhT-A-,CounterTerrorist,2480,2112,126.7755,M4A1,100,100,0,0,0,False,True,True,158.2031,8.085938
GeT_RiGhT-A-,CounterTerrorist,2480,2112,126.7755,M4A1,100,100,0,0,0,False,True,True,158.2031,8.085938
GeT_RiGhT-A-,CounterTerrorist,2480,2112,126.7755,M4A1,100,100,0,0,0,False,True,True,158.2031,8.085938
GeT_RiGhT-A-,CounterTerrorist,2480,2112,126.7755,M4A1,100,100,0,0,0,False,True,True,164.5313,9.492188
GeT_RiGhT-A-,CounterTerrorist,2480,2112,126.7755,M4A1,100,100,0,0,0,False,True,True,156.4453,9.84375
GeT_RiGhT-A-,CounterTerrorist,2480,2112,126.7755,M4A1,100,100,0,0,0,False,True,True,144.4922,10.19531
GeT_RiGhT-A-,CounterTerrorist,2480,2112,126.7755,Knife,100,100,0,0,0,False,True,True,132.8906,10.54688
GeT_RiGhT-A-,CounterTerrorist,2480,2112,126.7755,Knife,100,100,0,0,0,False,True,True,126.2109,10.89844
GeT_RiGhT-A-,CounterTerrorist,2480,2112,126.7755,Knife,100,100,0,0,0,False,True,True,125.8594,10.89844
GeT_RiGhT-A-,CounterTerrorist,2480,2112,126.7755,Knife,100,100,0,0,0,False,True,True,125.8594,10.54688
GeT_RiGhT-A-,CounterTerrorist,2480,2112,126.7755,Knife,100,100,0,0,0,False,True,True,125.8594,10.54688
GeT_RiGhT-A-,CounterTerrorist,2480,2112,126.7755,Knife,100,100,0,0,0,False,True,True,125.8594,10.54688
GeT_RiGhT-A-,CounterTerrorist,2480,2112,126.7755,Knife,100,100,0,0,0,False,True,True,125.8594,10.54688
GeT_RiGhT-A-,CounterTerrorist,2480,2112,126.7755,Knife,100,100,0,0,0,False,True,True,125.5078,10.89844
GeT_RiGhT-A-,CounterTerrorist,2480,2112,126.7755,Knife,100,100,0,0,0,False,True,True,124.1016,11.60156
GeT_RiGhT-A-,CounterTerrorist,2480,2112,126.7755,Knife,100,100,0,0,0,False,True,True,121.9922,12.30469
GeT_RiGhT-A-,CounterTerrorist,2480,2112,126.7755,Knife,100,100,0,0,0,False,True,True,120.9375,13.00781
GeT_RiGhT-A-,CounterTerrorist,2480,2112,126.7755,Knife,100,100,0,0,0,False,True,True,120.5859,13.00781
GeT_RiGhT-A-,CounterTerrorist,2480,2112,126.7755,Knife,100,100,0,0,0,False,True,True,120.5859,13.00781
GeT_RiGhT-A-,CounterTerrorist,2480,2112,126.7755,Knife,100,100,0,0,0,False,True,True,120.2344,13.35938
GeT_RiGhT-A-,CounterTerrorist,2480,2112,126.7755,Knife,100,100,0,0,0,False,True,True,119.8828,14.0625
GeT_RiGhT-A-,CounterTerrorist,2480,2112,126.7755,Knife,100,100,0,0,0,False,True,True,119.8828,14.41406
GeT_RiGhT-A-,CounterTerrorist,2480,2112,126.7755,Knife,100,100,0,0,0,False,True,True,119.8828,14.41406
GeT_RiGhT-A-,CounterTerrorist,2480,2112,126.7755,Knife,100,100,0,0,0,False,True,True,119.8828,14.41406
GeT_RiGhT-A-,CounterTerrorist,2480,2112,126.7755,Knife,100,100,0,0,0,False,True,True,120.5859,14.76563
GeT_RiGhT-A-,CounterTerrorist,2480,2112,126.7755,Knife,100,100,0,0,0,False,True,True,120.5859,14.76563
GeT_RiGhT-A-,CounterTerrorist,2480,2112,126.7755,Knife,100,100,0,0,0,False,True,True,120.5859,14.76563
GeT_RiGhT-A-,CounterTerrorist,2480,2112,126.7755,P2000,100,100,0,0,0,False,True,True,120.5859,14.76563
GeT_RiGhT-A-,CounterTerrorist,2480,2112,126.7755,Knife,100,100,0,0,0,False,True,True,120.5859,14.76563
GeT_RiGhT-A-,CounterTerrorist,2480,2112,126.7755,Knife,100,100,0,0,0,False,True,True,120.5859,14.76563
GeT_RiGhT-A-,CounterTerrorist,2480,2112,126.7755,Knife,100,100,0,0,0,False,True,True,120.5859,14.76563
GeT_RiGhT-A-,CounterTerrorist,2480,2112,126.7755,Knife,100,100,0,0,0,False,True,True,120.5859,14.76563
GeT_RiGhT-A-,CounterTerrorist,2480,2112,126.7755,Knife,100,100,0,0,0,False,True,True,120.5859,14.76563
GeT_RiGhT-A-,CounterTerrorist,2480,2112,126.7755,Knife,100,100,0,0,0,False,True,True,120.5859,14.76563
GeT_RiGhT-A-,CounterTerrorist,2480,2112,126.7755,Knife,100,100,0,0,0,False,True,True,120.5859,14.76563
GeT_RiGhT-A-,CounterTerrorist,2480,2112,126.7755,Knife,100,100,0,0,0,False,True,True,120.5859,14.76563
GeT_RiGhT-A-,CounterTerrorist,2480,2112,126.7755,Knife,100,100,0,0,0,False,True,True,120.5859,14.76563
GeT_RiGhT-A-,CounterTerrorist,2480,2112,126.7755,Knife,100,100,0,0,0,False,True,True,120.5859,14.76563
GeT_RiGhT-A-,CounterTerrorist,2480,2112,126.7755,Knife,100,100,0,0,0,False,True,True,120.5859,14.76563
GeT_RiGhT-A-,CounterTerrorist,2480,2112,126.7755,Knife,100,100,0,0,0,False,True,True,120.5859,14.76563
GeT_RiGhT-A-,CounterTerrorist,2480,2112,126.7755,Knife,100,100,0,0,0,False,True,True,120.5859,14.76563
GeT_RiGhT-A-,CounterTerrorist,2480,2112,126.7755,Knife,100,100,0,0,0,False,True,True,120.5859,14.76563
GeT_RiGhT-A-,CounterTerrorist,2480,2112,126.7755,Knife,100,100,0,0,0,False,True,True,120.5859,14.76563
GeT_RiGhT-A-,CounterTerrorist,2480,2112,126.7755,Knife,100,100,0,0,0,False,True,True,120.5859,14.76563
GeT_RiGhT-A-,CounterTerrorist,2480,2112,126.7755,Knife,100,100,0,0,0,False,True,True,120.5859,14.76563
GeT_RiGhT-A-,CounterTerrorist,2480,2112,126.7755,Knife,100,100,0,0,0,False,True,True,120.5859,14.76563
GeT_RiGhT-A-,CounterTerrorist,2480,2112,126.7755,Knife,100,100,0,0,0,False,True,True,120.5859,14.76563
GeT_RiGhT-A-,CounterTerrorist,2480,2112,126.7755,Knife,100,100,0,0,0,False,True,True,120.5859,14.76563
GeT_RiGhT-A-,CounterTerrorist,2480,2112,126.7755,Knife,100,100,0,0,0,False,True,True,120.5859,14.76563
GeT_RiGhT-A-,CounterTerrorist,2480,2112,126.7755,Knife,100,100,0,0,0,False,True,True,120.5859,14.76563
GeT_RiGhT-A-,CounterTerrorist,2480,2112,126.7755,Knife,100,100,0,0,0,False,True,True,120.5859,14.76563
GeT_RiGhT-A-,CounterTerrorist,2480,2112,126.7755,Knife,100,100,0,0,0,False,True,True,120.5859,14.76563
GeT_RiGhT-A-,CounterTerrorist,2480,2112,126.7755,Knife,100,100,0,0,0,False,True,True,120.5859,14.76563
GeT_RiGhT-A-,CounterTerrorist,2480,2112,126.7755,Knife,100,100,0,0,0,False,True,True,120.5859,14.76563
GeT_RiGhT-A-,CounterTerrorist,2480,2112,126.7755,Knife,100,100,0,0,0,False,True,True,120.5859,14.76563
GeT_RiGhT-A-,CounterTerrorist,2480,2112,126.7755,Knife,100,100,0,0,0,False,True,True,120.5859,14.76563
GeT_RiGhT-A-,CounterTerrorist,2480,2112,126.7755,Knife,100,100,0,0,0,False,True,True,120.5859,14.76563
GeT_RiGhT-A-,CounterTerrorist,2480,2112,126.7755,Knife,100,100,0,0,0,False,True,True,120.5859,14.76563
GeT_RiGhT-A-,CounterTerrorist,2480,2112,126.7755,Knife,100,100,0,0,0,False,True,True,120.5859,14.76563
GeT_RiGhT-A-,CounterTerrorist,2480,2112,126.7755,Knife,100,100,0,0,0,False,True,True,120.5859,14.76563
GeT_RiGhT-A-,CounterTerrorist,2480,2112,126.7755,Knife,100,100,0,0,0,False,True,True,120.5859,14.76563
GeT_RiGhT-A-,CounterTerrorist,2480,2112,126.7755,Knife,100,100,0,0,0,False,True,True,120.5859,14.76563
GeT_RiGhT-A-,CounterTerrorist,2480.62,2114.382,126.8188,Knife,100,100,17.07852,65.62666,0,False,True,True,120.5859,14.76563
GeT_RiGhT-A-,CounterTerrorist,2482.229,2120.565,126.9525,Knife,100,100,31.87887,122.4991,0,False,True,True,120.5859,14.76563
GeT_RiGhT-A-,CounterTerrorist,2484.624,2129.767,127.2901,Knife,100,100,42.83211,164.5885,0,False,True,True,120.5859,14.76563
GeT_RiGhT-A-,CounterTerrorist,2487.597,2141.192,127.5699,Knife,100,100,50.89979,195.5897,0,False,True,True,120.5859,14.76563
GeT_RiGhT-A-,CounterTerrorist,2489.313,2154.021,127.7816,Knife,100,100,4.938059,211.2095,0,False,True,True,120.5859,14.76563
GeT_RiGhT-A-,CounterTerrorist,2488.145,2167.612,127.8176,Knife,100,100,-35.26043,221.8324,0,False,True,True,120.5859,14.76563
GeT_RiGhT-A-,CounterTerrorist,2484.854,2181.764,127.6906,Knife,100,100,-64.86888,229.6568,0,False,True,True,120.5859,14.76563
GeT_RiGhT-A-,CounterTerrorist,2480.001,2196.322,127.3802,Knife,100,100,-86.37676,234.604,0,False,True,True,120.5859,14.76563
GeT_RiGhT-A-,CounterTerrorist,2474.145,2210.807,126.9947,Knife,100,100,-98.71114,229.687,0,False,True,True,120.5859,14.76563
GeT_RiGhT-A-,CounterTerrorist,2467.663,2225.023,126.5091,Knife,100,100,-107.0774,225.908,0,False,True,True,120.5859,14.76563
GeT_RiGhT-A-,CounterTerrorist,2460.72,2239.001,125.9949,Knife,100,100,-118.419,217.8643,0,False,True,True,120.5859,14.76563
GeT_RiGhT-A-,CounterTerrorist,2451.734,2251.221,125.4786,Knife,100,100,-161.5833,179.8208,0,False,True,True,120.5859,14.76563
GeT_RiGhT-A-,CounterTerrorist,2440.468,2261.431,124.9437,Knife,100,100,-193.3762,151.7996,0,False,True,True,120.5859,14.76563
GeT_RiGhT-A-,CounterTerrorist,2428.334,2271.162,124.3616,Knife,100,100,-187.0866,165.8271,0,False,True,True,120.5859,14.76563
GeT_RiGhT-A-,CounterTerrorist,2417.234,2282.151,123.8052,Knife,100,100,-170.819,182.5401,0,False,True,True,120.5859,14.76563
GeT_RiGhT-A-,CounterTerrorist,2407.012,2293.965,123.5023,Knife,100,100,-158.4153,193.4027,0,False,True,True,120.5859,14.76563
GeT_RiGhT-A-,CounterTerrorist,2397.448,2306.319,123.4408,Knife,100,100,-149.27,200.5454,0,False,True,True,120.5859,14.76563
GeT_RiGhT-A-,CounterTerrorist,2388.219,2318.9,123.3296,Knife,100,100,-154.4272,194.5509,0,False,True,True,120.5859,14.76563
GeT_RiGhT-A-,CounterTerrorist,2377.33,2329.888,123.2148,Knife,100,100,-188.1053,162.6491,0,False,True,True,120.5859,14.76563
GeT_RiGhT-A-,CounterTerrorist,2364.975,2339.435,123.0969,Knife,100,100,-195.2632,156.1163,0,False,True,True,120.5859,14.76563
GeT_RiGhT-A-,CounterTerrorist,2353.423,2349.946,122.7351,Knife,100,100,-177.2924,176.2595,0,False,True,True,120.5859,14.76563
GeT_RiGhT-A-,CounterTerrorist,2342.854,2361.449,122.0718,Knife,100,100,-163.2866,189.3079,0,False,True,True,120.5859,14.76563
GeT_RiGhT-A-,CounterTerrorist,2333.033,2373.6,121.4196,Knife,100,100,-152.8352,197.8418,0,False,True,True,120.5859,14.76563
GeT_RiGhT-A-,CounterTerrorist,2323.759,2386.173,121.1686,Knife,100,100,-145.3329,203.4167,0,False,True,True,120.5859,14.76563
GeT_RiGhT-A-,CounterTerrorist,2314.866,2399.021,121.4938,Knife,100,100,-140.1812,207.0006,0,False,True,True,120.5859,14.76563
GeT_RiGhT-A-,CounterTerrorist,2307.306,2410.412,122.3352,Knife,100,100,-136.9205,209.1717,0,False,True,True,120.5859,14.76563
GeT_RiGhT-A-,CounterTerrorist,2297.803,2425.2,123.3506,Knife,100,100,-133.8815,211.1297,0,False,True,True,120.5859,14.76563
GeT_RiGhT-A-,CounterTerrorist,2288,2437.064,123.9943,Knife,100,100,-172.9723,174.8604,0,False,True,True,120.5859,14.76563
GeT_RiGhT-A-,CounterTerrorist,2276.135,2447.01,124.5446,Knife,100,100,-201.513,147.9611,0,False,True,True,120.5859,14.76563
GeT_RiGhT-A-,CounterTerrorist,2263.945,2456.768,125.0625,Knife,100,100,-186.5823,166.3942,0,False,True,True,120.5859,14.76563
GeT_RiGhT-A-,CounterTerrorist,2254.204,2466.356,125.5595,Knife,100,100,-172.2259,181.2132,0,False,True,True,120.5859,14.76563
GeT_RiGhT-A-,CounterTerrorist,2242.672,2479.617,126.2469,Knife,100,100,-158.1217,193.6427,0,False,True,True,120.5859,14.76563
GeT_RiGhT-A-,CounterTerrorist,2233.123,2491.983,126.9535,Knife,100,100,-149.0588,200.7025,0,False,True,True,120.5859,14.76563
GeT_RiGhT-A-,CounterTerrorist,2224.041,2504.697,128.351,Knife,100,100,-142.7543,205.2345,0,False,True,True,120.5859,14.76563
GeT_RiGhT-A-,CounterTerrorist,2215.28,2517.635,129.6961,Knife,100,100,-138.3643,208.2194,0,False,True,True,120.5859,14.76563
GeT_RiGhT-A-,CounterTerrorist,2206.749,2530.725,131.0484,Knife,100,100,-135.2161,210.2775,0,False,True,True,120.5859,14.76563
GeT_RiGhT-A-,CounterTerrorist,2197.557,2543.213,130.6782,Knife,100,100,-163.3866,184.7832,0,False,True,True,120.5859,14.76563
GeT_RiGhT-A-,CounterTerrorist,2186.59,2554.171,129.4453,Knife,100,100,-174.2325,179.2848,0,False,True,True,120.5859,14.76563
GeT_RiGhT-A-,CounterTerrorist,2176.186,2565.825,128.6195,Knife,100,100,-160.9745,191.2779,0,False,True,True,120.5859,14.76563
GeT_RiGhT-A-,CounterTerrorist,2166.487,2578.073,128.1183,Knife,100,100,-151.1391,199.1406,0,False,True,True,120.5859,14.76563
GeT_RiGhT-A-,CounterTerrorist,2157.3,2590.711,128.0578,Knife,100,100,-144.1684,204.2437,0,False,True,True,120.5859,14.76563
GeT_RiGhT-A-,CounterTerrorist,2148.467,2603.599,128.0061,Knife,100,100,-139.364,207.5516,0,False,True,True,120.5859,14.76563
GeT_RiGhT-A-,CounterTerrorist,2139.883,2616.655,127.5446,Knife,100,100,-135.9383,209.8113,0,False,True,True,120.5859,14.76563
GeT_RiGhT-A-,CounterTerrorist,2131.478,2629.827,126.9248,Knife,100,100,-133.4527,211.4009,0,False,True,True,120.5859,14.76563
GeT_RiGhT-A-,CounterTerrorist,2123.204,2643.081,126.0492,Knife,100,100,-131.634,212.5382,0,False,True,True,120.5859,14.76563
GeT_RiGhT-A-,CounterTerrorist,2115.034,2656.399,126.6185,Knife,100,100,-130.0251,213.5263,0,False,True,True,119.8828,14.76563
GeT_RiGhT-A-,CounterTerrorist,2106.948,2669.769,126.8563,Knife,100,100,-129.0768,214.1009,0,False,True,True,120.5859,16.52344
GeT_RiGhT-A-,CounterTerrorist,2098.886,2683.153,126.9811,Knife,100,100,-128.9723,214.1638,0,False,True,True,120.9375,18.63281
GeT_RiGhT-A-,CounterTerrorist,2090.82,2696.535,126.8873,Knife,100,100,-129.1818,214.0375,0,False,True,True,121.6406,22.5
GeT_RiGhT-A-,CounterTerrorist,2082.711,2709.891,126.9332,Knife,100,100,-130.4143,213.2888,0,False,True,True,123.0469,29.53125
GeT_RiGhT-A-,CounterTerrorist,2073.689,2722.418,126.8558,Knife,100,100,-161.7234,182.7262,0,False,True,True,125.5078,37.61719
GeT_RiGhT-A-,CounterTerrorist,2062.35,2732.444,126.7939,Knife,100,100,-195.4019,143.5418,0,False,True,True,130.7813,46.40625
GeT_RiGhT-A-,CounterTerrorist,2049.265,2740.197,126.6895,Knife,100,100,-216.0032,118.5872,0,False,True,True,142.3828,52.73437
GeT_RiGhT-A-,CounterTerrorist,2035.649,2747.824,126.4312,Knife,100,100,-219.0772,120.4375,0,False,True,True,157.8516,54.49219
GeT_RiGhT-A-,CounterTerrorist,2021.654,2754.761,125.8823,Knife,100,100,-228.3491,101.7679,0,False,True,True,172.2656,48.51563
GeT_RiGhT-A-,CounterTerrorist,2007.032,2760.249,125.6582,Knife,100,100,-237.8069,77.12261,0,False,True,True,177.8906,33.04688
GeT_RiGhT-A-,CounterTerrorist,1995.755,2763.427,125.4358,Knife,100,100,-242.2635,61.71226,0,False,True,True,177.5391,20.39063
GeT_RiGhT-A-,CounterTerrorist,1976.641,2767.426,125.3095,Knife,100,100,-246.1492,43.71033,0,False,True,True,177.5391,20.39063
GeT_RiGhT-A-,CounterTerrorist,1961.198,2769.798,125.4707,Knife,100,100,-247.6716,34.04059,0,False,True,True,177.5391,20.39063
GeT_RiGhT-A-,CounterTerrorist,1945.688,2771.685,125.6023,Knife,100,100,-248.4798,27.52835,0,False,True,True,177.5391,20.39063
GeT_RiGhT-A-,CounterTerrorist,1930.141,2773.237,125.7107,Knife,100,100,-248.9414,22.98242,0,False,True,True,177.5391,20.39063
GeT_RiGhT-A-,CounterTerrorist,1914.572,2774.553,125.1399,Knife,100,100,-249.2205,19.72682,0,False,True,True,177.5391,20.39063
GeT_RiGhT-A-,CounterTerrorist,1898.989,2775.699,124.2219,Knife,100,100,-249.3962,17.36429,0,False,True,True,177.5391,20.39063
GeT_RiGhT-A-,CounterTerrorist,1883.82,2778.542,124.1955,Knife,100,100,-236.8414,67.28394,0,False,True,True,177.5391,20.39063
GeT_RiGhT-A-,CounterTerrorist,1869.402,2784.177,124.412,Knife,100,100,-226.3322,106.178,0,False,True,True,177.5391,20.39063
GeT_RiGhT-A-,CounterTerrorist,1855.746,2791.754,124.3717,Knife,100,100,-212.6469,131.4584,0,False,True,True,177.5391,20.39063
GeT_RiGhT-A-,CounterTerrorist,1842.869,2800.596,124.4291,Knife,100,100,-201.289,148.2657,0,False,True,True,177.5391,20.39063
GeT_RiGhT-A-,CounterTerrorist,1830.608,2810.278,124.3844,Knife,100,100,-192.5692,159.4274,0,False,True,True,177.8906,20.39063
GeT_RiGhT-A-,CounterTerrorist,1818.809,2820.521,124.2637,Knife,100,100,-186.1557,166.8714,0,False,True,True,177.8906,20.39063
GeT_RiGhT-A-,CounterTerrorist,1807.339,2831.13,124.1576,Knife,100,100,-181.7194,171.6918,0,False,True,True,177.8906,20.39063
GeT_RiGhT-A-,CounterTerrorist,1794.92,2840.304,123.8245,Knife,100,100,-210.6322,129.2899,0,False,True,True,177.8906,20.39063
GeT_RiGhT-A-,CounterTerrorist,1780.994,2847.22,122.8371,Knife,100,100,-230.3928,97.05241,0,False,True,True,178.2422,20.39063
GeT_RiGhT-A-,CounterTerrorist,1766.236,2852.331,121.9989,Knife,100,100,-239.736,70.89876,0,False,True,True,178.9453,20.39063
GeT_RiGhT-A-,CounterTerrorist,1751.06,2856.032,121.7732,Knife,100,100,-244.7589,50.92238,0,False,True,True,179.6484,20.74219
GeT_RiGhT-A-,CounterTerrorist,1735.659,2858.652,121.8716,Knife,100,100,-247.4821,35.39199,0,False,True,True,181.0547,21.09375
GeT_RiGhT-A-,CounterTerrorist,1720.297,2861.285,122.2593,Knife,100,100,-242.3448,59.33467,0,False,True,True,182.8125,21.44531
GeT_RiGhT-A-,CounterTerrorist,1705.485,2866.223,122.7166,Knife,100,100,-232.4958,91.90041,0,False,True,True,185.625,21.79688
GeT_RiGhT-A-,CounterTerrorist,1691.025,2872.128,123.484,Knife,100,100,-235.9881,82.52052,0,False,True,True,188.0859,22.14844
GeT_RiGhT-A-,CounterTerrorist,1675.91,2876.037,124.0564,Knife,100,100,-245.2876,48.31125,0,False,True,True,188.789,22.14844
GeT_RiGhT-A-,CounterTerrorist,1660.431,2878.117,124.0928,Knife,100,100,-248.9618,22.75963,0,False,True,True,189.1406,22.14844
GeT_RiGhT-A-,CounterTerrorist,1644.826,2878.845,124.104,Knife,100,100,-249.9717,3.762531,0,False,True,True,189.8437,22.14844
GeT_RiGhT-A-,CounterTerrorist,1629.44,2878.577,124.0381,HE,100,100,-244.7915,-10.10643,0,False,True,True,190.5469,22.5
GeT_RiGhT-A-,CounterTerrorist,1614.163,2877.557,123.9567,HE,100,100,-244.1291,-20.63981,0,False,True,True,190.8984,22.5
GeT_RiGhT-A-,CounterTerrorist,1598.93,2875.998,123.8639,HE,100,100,-243.403,-27.92844,0,False,True,True,190.8984,22.85156
GeT_RiGhT-A-,CounterTerrorist,1583.471,2874.016,123.6919,Knife,100,100,-247.6847,-33.9455,0,False,True,True,190.8984,23.20313
GeT_RiGhT-A-,CounterTerrorist,1568.01,2871.758,123.4654,Knife,100,100,-247.1497,-37.64358,0,False,True,True,190.8984,23.20313
GeT_RiGhT-A-,CounterTerrorist,1552.578,2869.307,123.2337,Knife,100,100,-246.7292,-40.3074,0,False,True,True,190.8984,23.20313
GeT_RiGhT-A-,CounterTerrorist,1537.169,2866.716,122.9981,Knife,100,100,-246.4048,-42.24522,0,False,True,True,190.8984,23.20313
GeT_RiGhT-A-,CounterTerrorist,1521.778,2864.024,122.7598,Knife,100,100,-246.1576,-43.6625,0,False,True,True,190.8984,23.20313
GeT_RiGhT-A-,CounterTerrorist,1506.401,2861.25,122.5193,Knife,100,100,-245.9164,-45.00148,0,False,True,True,191.6016,23.20313
GeT_RiGhT-A-,CounterTerrorist,1491.042,2858.444,122.282,Knife,100,100,-245.6141,-38.67127,0,False,True,True,191.9531,23.55469
GeT_RiGhT-A-,CounterTerrorist,1475.697,2857.933,122.2033,Knife,100,100,-245.5139,13.11155,0,False,True,True,192.3047,23.55469
GeT_RiGhT-A-,CounterTerrorist,1460.352,2860.134,122.2169,Knife,100,100,-244.837,50.54554,0,False,True,True,192.6563,23.55469
GeT_RiGhT-A-,CounterTerrorist,1445.23,2864.054,122.2381,Knife,100,100,-242.588,60.42414,0,False,True,True,193.0078,23.55469
GeT_RiGhT-A-,CounterTerrorist,1429.824,2866.589,122.1704,Knife,100,100,-248.5803,26.60544,0,False,True,True,193.0078,23.55469
GeT_RiGhT-A-,CounterTerrorist,1414.224,2867.348,122.0357,Knife,100,100,-249.9912,2.102486,0,False,True,True,193.0078,23.55469
GeT_RiGhT-A-,CounterTerrorist,1398.61,2866.838,121.6681,Knife,100,100,-249.5339,-15.25904,0,False,True,True,193.0078,23.55469
GeT_RiGhT-A-,CounterTerrorist,1383.05,2865.434,121.1859,Knife,100,100,-248.4891,-27.4435,0,False,True,True,193.0078,23.55469
GeT_RiGhT-A-,CounterTerrorist,1367.557,2863.409,120.6713,Knife,100,100,-247.4339,-35.72734,0,False,True,True,193.0078,23.55469
GeT_RiGhT-A-,CounterTerrorist,1352.124,2860.969,120.1355,Knife,100,100,-246.562,-41.31802,0,False,True,True,193.0078,23.55469
GeT_RiGhT-A-,CounterTerrorist,1336.739,2858.242,119.5852,Knife,100,100,-245.8711,-45.24825,0,False,True,True,193.0078,23.55469
GeT_RiGhT-A-,CounterTerrorist,1321.392,2855.311,119.0246,Knife,100,100,-245.3329,-48.08082,0,False,True,True,193.0078,23.55469
GeT_RiGhT-A-,CounterTerrorist,1306.077,2852.215,118.4559,Knife,100,100,-244.7958,-50.74449,0,False,True,True,194.0625,23.90625
GeT_RiGhT-A-,CounterTerrorist,1290.807,2848.902,118.015,Knife,100,100,-243.8402,-55.15374,0,False,True,True,196.875,23.90625
GeT_RiGhT-A-,CounterTerrorist,1275.623,2845.218,118.4287,Knife,100,100,-242.1021,-62.34227,0,False,True,True,200.0391,23.90625
GeT_RiGhT-A-,CounterTerrorist,1260.583,2840.988,119.5464,Knife,100,100,-239.4202,-71.95813,0,False,True,True,203.2031,23.90625
GeT_RiGhT-A-,CounterTerrorist,1245.724,2836.158,120.7141,Knife,100,100,-236.474,-81.11758,0,False,True,True,204.6094,23.90625
GeT_RiGhT-A-,CounterTerrorist,1231.988,2829.572,122.0006,Knife,100,100,-204.6112,-126.9787,0,False,True,True,204.6094,23.90625
GeT_RiGhT-A-,CounterTerrorist,1219.733,2820.649,123.4455,Knife,100,100,-200.706,-143.9711,0,False,True,True,204.6094,23.90625
GeT_RiGhT-A-,CounterTerrorist,1206.744,2811.99,124.8992,Knife,100,100,-211.2227,-133.7346,0,False,True,True,204.6094,23.90625
GeT_RiGhT-A-,CounterTerrorist,1193.348,2803.95,126.3115,Knife,100,100,-216.4325,-125.1278,0,False,True,True,204.6094,23.90625
GeT_RiGhT-A-,CounterTerrorist,1179.697,2796.347,127.6931,Knife,100,100,-219.728,-119.246,0,False,True,True,204.6094,23.90625
GeT_RiGhT-A-,CounterTerrorist,1165.883,2789.046,128.1701,Knife,100,100,-221.9227,-115.1101,0,False,True,True,204.6094,23.90625
GeT_RiGhT-A-,CounterTerrorist,1151.956,2781.962,128.5882,Knife,100,100,-223.4424,-112.1317,0,False,True,True,204.6094,23.90625
GeT_RiGhT-A-,CounterTerrorist,1137.952,2775.033,129.0354,Knife,100,100,-224.5184,-109.9612,0,False,True,True,204.6094,23.90625
GeT_RiGhT-A-,CounterTerrorist,1124.033,2768.284,129.5194,HE,100,100,-220.7424,-106.291,0,False,True,True,204.6094,23.90625
GeT_RiGhT-A-,CounterTerrorist,1110.216,2761.683,129.9938,HE,100,100,-221.3018,-105.1213,0,False,True,True,204.6094,23.90625
GeT_RiGhT-A-,CounterTerrorist,1096.369,2755.145,130.5441,HE,100,100,-221.7089,-104.2602,0,False,True,True,204.6094,23.90625
GeT_RiGhT-A-,CounterTerrorist,1082.358,2748.586,131.1629,Knife,100,100,-226.5536,-105.7046,0,False,True,True,204.6094,23.90625
GeT_RiGhT-A-,CounterTerrorist,1068.191,2741.997,131.7861,Knife,100,100,-226.7711,-105.2372,0,False,True,True,204.6094,23.90625
GeT_RiGhT-A-,CounterTerrorist,1054.012,2735.432,132.388,Knife,100,100,-226.9306,-104.8927,0,False,True,True,204.6094,23.90625
GeT_RiGhT-A-,CounterTerrorist,1039.824,2728.886,132.895,Knife,100,100,-227.0478,-104.6389,0,False,True,True,204.6094,23.90625
GeT_RiGhT-A-,CounterTerrorist,1025.63,2722.353,133.4014,Knife,100,100,-227.1339,-104.4519,0,False,True,True,204.6094,23.90625
GeT_RiGhT-A-,CounterTerrorist,1011.432,2715.83,133.9073,Knife,100,100,-227.1972,-104.3141,0,False,True,True,204.6094,23.90625
GeT_RiGhT-A-,CounterTerrorist,997.231,2709.314,134.4128,Knife,100,100,-227.2438,-104.2126,0,False,True,True,204.6094,23.90625
GeT_RiGhT-A-,CounterTerrorist,983.0269,2702.803,134.9181,Knife,100,100,-227.278,-104.1378,0,False,True,True,204.6094,23.90625
GeT_RiGhT-A-,CounterTerrorist,968.8212,2696.297,135.4231,Knife,100,100,-227.3033,-104.0828,0,False,True,True,204.6094,23.90625
GeT_RiGhT-A-,CounterTerrorist,954.6141,2689.793,138.6762,Knife,100,100,-227.3218,-104.0422,0,False,True,True,204.6094,23.90625
GeT_RiGhT-A-,CounterTerrorist,940.407,2683.29,140.865,Knife,100,100,-227.277,-104.14,0,False,True,True,204.9609,23.55469
GeT_RiGhT-A-,CounterTerrorist,926.2245,2676.733,142.6691,Knife,100,100,-226.3848,-106.0657,0,False,True,True,208.125,23.20313
GeT_RiGhT-A-,CounterTerrorist,912.1872,2669.872,144.1394,Knife,100,100,-222.6379,-113.7205,0,False,True,True,214.8047,22.85156
GeT_RiGhT-A-,CounterTerrorist,898.5184,2662.307,144.5981,Knife,100,100,-215.1164,-127.3771,0,False,True,True,221.8359,21.44531
GeT_RiGhT-A-,CounterTerrorist,885.4271,2653.785,144.0744,Knife,100,100,-204.85,-143.3056,0,False,True,True,226.7578,18.98438
GeT_RiGhT-A-,CounterTerrorist,874.5266,2643.418,142.9735,Knife,100,100,-150.6167,-182.0071,0,False,True,True,226.7578,16.17188
GeT_RiGhT-A-,CounterTerrorist,866.6834,2630.984,144.0313,Knife,100,100,-107.1454,-210.7909,0,False,True,True,229.5703,13.00781
GeT_RiGhT-A-,CounterTerrorist,861.4428,2617.062,144.0313,Knife,100,100,-65.06861,-230.7107,0,False,True,True,240.4688,12.65625
GeT_RiGhT-A-,CounterTerrorist,858.9539,2602.219,144.0313,Knife,100,100,-20.56958,-241.6757,0,False,True,True,248.5547,12.65625
GeT_RiGhT-A-,CounterTerrorist,859.0153,2586.874,144.0313,Knife,100,100,16.10152,-248.2028,0,False,True,True,248.9063,11.95313
GeT_RiGhT-A-,CounterTerrorist,860.9843,2571.383,144.0313,Knife,100,100,42.07452,-246.434,0,False,True,True,248.9063,11.95313
GeT_RiGhT-A-,CounterTerrorist,862.6338,2555.862,144.0313,Knife,100,100,9.40859,-249.8229,0,False,True,True,248.9063,11.95313
GeT_RiGhT-A-,CounterTerrorist,862.1173,2540.255,144.0313,Knife,100,100,-20.56674,-249.1526,0,False,True,True,248.9063,12.30469
GeT_RiGhT-A-,CounterTerrorist,861.7161,2524.65,144.0313,Knife,100,100,9.432522,-249.822,0,False,True,True,248.5547,12.30469
GeT_RiGhT-A-,CounterTerrorist,863.2572,2509.107,144.0313,Knife,100,100,34.53201,-247.6036,0,False,True,True,245.3906,12.30469
GeT_RiGhT-A-,CounterTerrorist,865.8611,2493.708,144.0313,Knife,100,100,39.57665,-246.0858,0,False,True,True,241.875,10.89844
GeT_RiGhT-A-,CounterTerrorist,866.5594,2478.255,144.0313,Knife,100,100,-9.572174,-247.6026,0,False,True,True,238.0078,9.140625
GeT_RiGhT-A-,CounterTerrorist,864.5051,2462.916,144.0313,HE,100,100,-49.04202,-240.0414,0,False,True,True,234.4922,7.734375
GeT_RiGhT-A-,CounterTerrorist,860.313,2448.199,144.0313,HE,100,100,-79.92227,-231.5976,0,False,True,True,232.0313,6.328125
GeT_RiGhT-A-,CounterTerrorist,854.4565,2434.058,144.0313,HE,100,100,-103.4242,-222.1001,0,False,True,True,230.2734,4.570313
GeT_RiGhT-A-,CounterTerrorist,847.381,2420.482,144.0313,HE,100,100,-119.8443,-213.6875,0,False,True,True,230.625,3.867188
GeT_RiGhT-A-,CounterTerrorist,839.4766,2407.369,144.0313,HE,100,100,-131.0029,-207.0344,0,False,True,True,230.625,3.867188
GeT_RiGhT-A-,CounterTerrorist,831.0087,2394.612,144.0313,HE,100,100,-138.5021,-202.0944,0,False,True,True,230.625,3.867188
GeT_RiGhT-A-,CounterTerrorist,822.1663,2382.112,144.0313,HE,100,100,-143.5066,-198.572,0,False,True,True,230.625,3.867188
GeT_RiGhT-A-,CounterTerrorist,814.3222,2369.106,143.1961,HE,100,100,-106.2325,-217.8327,0,False,True,True,230.2734,3.867188
GeT_RiGhT-A-,CounterTerrorist,808.9514,2354.857,140.5106,HE,100,100,-71.6616,-234.2853,0,False,True,True,229.2188,3.515625
GeT_RiGhT-A-,CounterTerrorist,805.9288,2340.149,138.9994,HE,100,100,-19.94864,-231.6195,0,False,True,True,227.1094,3.164063
GeT_RiGhT-A-,CounterTerrorist,806.8752,2326.005,132.1681,HE,100,100,39.37083,-223.0053,0,False,True,True,224.6484,2.8125
GeT_RiGhT-A-,CounterTerrorist,809.674,2311.775,132.834,HE,100,100,38.39225,-234.794,0,False,True,True,222.1875,2.109375
GeT_RiGhT-A-,CounterTerrorist,811.5208,2296.681,133.5168,HE,100,100,22.79637,-243.9371,0,False,True,True,220.4297,1.054688
GeT_RiGhT-A-,CounterTerrorist,812.457,2281.399,133.8748,HE,100,100,9.314023,-244.8229,0,False,True,True,219.375,0.3515625
GeT_RiGhT-A-,CounterTerrorist,812.3059,2266.208,133.8655,HE,100,100,-22.63623,-237.4432,0,False,True,True,217.6172,359.2969
GeT_RiGhT-A-,CounterTerrorist,808.907,2251.994,133.6564,HE,100,100,-76.80788,-220.2097,0,False,True,True,216.5625,358.2422
GeT_RiGhT-A-,CounterTerrorist,802.6155,2238.732,133.2692,HE,100,100,-117.4919,-206.4587,0,False,True,True,215.8594,357.1875
GeT_RiGhT-A-,CounterTerrorist,794.1636,2226.216,132.7491,HE,100,100,-147.5511,-195.5854,0,False,True,True,215.5078,355.7813
GeT_RiGhT-A-,CounterTerrorist,784.3105,2214.5,132.1427,HE,100,100,-164.3868,-181.6644,0,False,True,True,216.211,354.375
GeT_RiGhT-A-,CounterTerrorist,773.6454,2203.515,131.4864,HE,100,100,-174.7903,-171.6781,0,False,True,True,216.9141,352.2656
GeT_RiGhT-A-,CounterTerrorist,762.4777,2193.04,130.6355,HE,100,100,-181.2506,-164.843,0,False,True,True,217.2656,350.8594
GeT_RiGhT-A-,CounterTerrorist,750.9224,2183.069,130.8532,HE,100,100,-191.716,-146.5324,0,False,True,True,217.2656,350.8594
GeT_RiGhT-A-,CounterTerrorist,739.123,2177.531,130.7705,HE,100,100,-186.7434,-47.955,0,False,True,True,217.2656,350.8594
GeT_RiGhT-A-,CounterTerrorist,728.3314,2177.428,130.76,HE,100,100,-149.9387,34.27939,0,False,True,True,218.6719,354.0234
GeT_RiGhT-A-,CounterTerrorist,720.6708,2181.992,130.7793,HE,100,100,-103.6939,100.2443,0,False,True,True,220.4297,355.4297
GeT_RiGhT-A-,CounterTerrorist,715.4011,2189.867,130.884,M4A1,100,100,-70.76122,143.433,0,False,True,True,220.4297,355.4297
GeT_RiGhT-A-,CounterTerrorist,711.8674,2199.975,131.4063,M4A1,100,100,-46.5583,174.5765,0,False,True,True,220.4297,355.4297
GeT_RiGhT-A-,CounterTerrorist,709.6257,2211.896,132.0066,Knife,100,100,-28.25081,203.4732,0,False,True,True,220.4297,355.4297
GeT_RiGhT-A-,CounterTerrorist,707.5112,2225.201,132.6189,Knife,100,100,-48.73877,216.6679,0,False,True,True,210.9375,357.5391
GeT_RiGhT-A-,CounterTerrorist,704.0386,2239.29,133.3708,Knife,100,100,-53.09352,233.2936,0,False,True,True,177.8906,0.3515625
GeT_RiGhT-A-,CounterTerrorist,701.4474,2254.35,133.6873,Knife,100,100,-39.84293,246.3825,0,False,True,True,141.3281,1.054688
GeT_RiGhT-A-,CounterTerrorist,699.6832,2269.868,133.8838,Knife,100,100,-14.91346,249.5548,0,False,True,True,115.6641,1.40625
GeT_RiGhT-A-,CounterTerrorist,699.8139,2285.485,133.8822,Knife,100,100,7.409177,249.8902,0,False,True,True,114.6094,1.054688
GeT_RiGhT-A-,CounterTerrorist,699.04,2301.08,133.9128,Knife,100,100,-26.136,248.6301,0,False,True,True,114.6094,1.054688
GeT_RiGhT-A-,CounterTerrorist,696.5304,2316.497,134.068,Knife,100,100,-49.8237,244.9849,0,False,True,True,114.6094,1.054688
GeT_RiGhT-A-,CounterTerrorist,694.2874,2331.942,134.1883,Knife,100,100,-18.42668,249.32,0,False,True,True,114.6094,1.054688
GeT_RiGhT-A-,CounterTerrorist,694.3022,2347.558,133.9249,Knife,100,100,13.22366,249.65,0,False,True,True,114.6094,0.703125
GeT_RiGhT-A-,CounterTerrorist,695.9574,2363.089,133.2066,Knife,100,100,35.62087,247.4493,0,False,True,True,114.6094,1.054688
GeT_RiGhT-A-,CounterTerrorist,698.76,2378.458,132.3166,Knife,100,100,51.17889,244.7054,0,False,True,True,114.6094,1.054688
GeT_RiGhT-A-,CounterTerrorist,701.9929,2393.714,131.3639,Knife,100,100,38.87235,245.4652,0,False,True,True,114.6094,1.054688
GeT_RiGhT-A-,CounterTerrorist,702.8687,2409.239,130.7657,Knife,100,100,-3.432824,249.9764,0,False,True,True,114.6094,1.054688
GeT_RiGhT-A-,CounterTerrorist,702.2164,2423.404,130.4432,Knife,100,100,-9.607496,198.5347,0,False,True,True,114.6094,1.054688
GeT_RiGhT-A-,CounterTerrorist,701.715,2433.764,130.3832,Knife,100,100,-6.283608,129.8481,0,False,True,True,114.6094,1.054688
GeT_RiGhT-A-,CounterTerrorist,700.7836,2441.831,130.5264,Knife,100,100,-20.86318,128.315,0,False,True,True,114.6094,1.054688
GeT_RiGhT-A-,CounterTerrorist,699.1022,2449.778,130.7851,Knife,100,100,-31.06038,126.2349,0,False,True,True,114.6094,1.054688
GeT_RiGhT-A-,CounterTerrorist,696.899,2457.597,131.1241,Knife,100,100,-38.13535,124.2807,0,False,True,True,114.6094,1.054688
GeT_RiGhT-A-,CounterTerrorist,694.3394,2465.308,131.5179,Knife,100,100,-42.78779,122.7567,0,False,True,True,113.9063,0.703125
GeT_RiGhT-A-,CounterTerrorist,691.5768,2472.949,131.9429,Knife,100,100,-44.9944,121.9652,0,False,True,True,112.1484,0
GeT_RiGhT-A-,CounterTerrorist,688.7388,2480.562,132.3795,Knife,100,100,-45.55288,121.7577,0,False,True,True,110.7422,359.6484
GeT_RiGhT-A-,CounterTerrorist,685.8998,2488.175,132.8163,Knife,100,100,-45.27327,121.8619,0,False,True,True,109.6875,359.2969
GeT_RiGhT-A-,CounterTerrorist,683.0831,2495.796,133.1662,Knife,100,100,-44.92399,121.9911,0,False,True,True,109.6875,359.2969
GeT_RiGhT-A-,CounterTerrorist,680.2855,2503.424,133.2967,Knife,100,100,-44.61748,122.1036,0,False,True,True,109.3359,359.2969
GeT_RiGhT-A-,CounterTerrorist,677.5179,2511.063,133.4082,Knife,100,100,-43.93161,122.352,0,False,True,True,108.2813,358.9453
GeT_RiGhT-A-,CounterTerrorist,674.8206,2518.728,133.5284,Knife,100,100,-42.40906,122.8881,0,False,True,True,106.1719,358.2422
GeT_RiGhT-A-,CounterTerrorist,672.2533,2526.436,133.6345,Knife,100,100,-39.96884,123.7032,0,False,True,True,104.4141,357.8906
GeT_RiGhT-A-,CounterTerrorist,669.8368,2534.194,133.7231,Knife,100,100,-37.75258,124.3975,0,False,True,True,104.0625,357.8906
GeT_RiGhT-A-,CounterTerrorist,667.576,2541.828,133.7971,Flash,100,100,-35.5172,122.349,0,False,True,True,104.0625,357.8906
GeT_RiGhT-A-,CounterTerrorist,665.399,2549.487,133.8686,Flash,100,100,-34.35391,122.6807,0,False,True,True,104.0625,357.8906
GeT_RiGhT-A-,CounterTerrorist,663.2832,2557.164,133.9111,Smoke,100,100,-33.50238,122.916,0,False,True,True,104.0625,357.8906
GeT_RiGhT-A-,CounterTerrorist,661.2123,2564.853,133.9968,Smoke,100,100,-32.87705,123.0848,0,False,True,True,104.0625,357.8906
GeT_RiGhT-A-,CounterTerrorist,659.1744,2572.55,134.1013,Smoke,100,100,-32.41704,123.2067,0,False,True,True,104.0625,357.8906
GeT_RiGhT-A-,CounterTerrorist,657.1608,2580.253,139.4545,Flash,100,100,-32.0784,123.2953,0,False,True,True,104.0625,357.8906
GeT_RiGhT-A-,CounterTerrorist,655.1646,2587.961,140.4526,Flash,100,100,-31.85915,123.3521,0,False,True,True,104.4141,357.8906
GeT_RiGhT-A-,CounterTerrorist,653.1669,2595.669,141.4515,Smoke,100,100,-32.22315,123.2576,0,False,True,True,106.1719,358.2422
GeT_RiGhT-A-,CounterTerrorist,653.004,2603.522,141.5193,Smoke,100,100,0,127.3831,0,False,True,True,111.4453,358.9453
GeT_RiGhT-A-,CounterTerrorist,652.9366,2611.482,141.5666,Smoke,100,100,-5.748797,127.2702,0,False,True,True,121.6406,0.3515625
GeT_RiGhT-A-,CounterTerrorist,651.728,2619.337,142.1709,Smoke,100,100,-30.31605,123.4908,0,False,True,True,138.1641,2.460938
GeT_RiGhT-A-,CounterTerrorist,648.8892,2626.633,143.5903,Smoke,100,100,-57.36217,109.4932,0,False,True,True,163.4766,5.625
GeT_RiGhT-A-,CounterTerrorist,644.4091,2632.495,145.8304,Smoke,100,100,-81.60512,79.00137,0,False,True,True,196.1719,8.085938
GeT_RiGhT-A-,CounterTerrorist,639.0308,2636.116,148.5195,Smoke,100,100,-80.62559,46.90126,0,False,True,True,226.4063,7.734375
GeT_RiGhT-A-,CounterTerrorist,633.8645,2639.309,151.1027,Smoke,100,100,-87.41793,56.49218,0,False,True,True,232.0313,6.679688
GeT_RiGhT-A-,CounterTerrorist,628.0883,2643.194,153.9908,Smoke,100,100,-95.92809,66.13903,0,False,True,True,232.0313,6.679688
GeT_RiGhT-A-,CounterTerrorist,621.7363,2647.187,157.1668,Smoke,100,100,-107.4924,55.33687,0,False,True,True,232.0313,6.679688
GeT_RiGhT-A-,CounterTerrorist,614.6021,2649.928,160.0313,Smoke,100,100,-118.8211,35.80154,0,False,True,True,232.0313,6.679688
GeT_RiGhT-A-,CounterTerrorist,606.8909,2651.633,160.0313,Smoke,100,100,-125.634,21.13892,0,False,True,True,232.0313,6.679688
GeT_RiGhT-A-,CounterTerrorist,598.9829,2652.542,160.0313,Smoke,100,100,-127.0207,9.823366,0,False,True,True,233.4375,6.328125
GeT_RiGhT-A-,CounterTerrorist,591.0265,2652.697,160.0313,Smoke,100,100,-127.3117,-4.742548,0,False,True,True,251.3672,6.328125
GeT_RiGhT-A-,CounterTerrorist,583.1736,2651.564,160.0313,Smoke,100,100,-122.8581,-29.78442,0,False,True,True,277.7344,8.4375
GeT_RiGhT-A-,CounterTerrorist,575.9756,2648.734,160.0313,Smoke,100,100,-112.0574,-53.69478,0,False,True,True,301.6406,9.140625
GeT_RiGhT-A-,CounterTerrorist,568.8916,2645.16,160.0313,Smoke,100,100,-112.9924,-58.85136,0,False,True,True,301.9922,9.140625
GeT_RiGhT-A-,CounterTerrorist,561.8765,2641.394,160.0313,Smoke,100,100,-111.7162,-61.23933,0,False,True,True,301.9922,9.140625
GeT_RiGhT-A-,CounterTerrorist,554.9285,2637.504,160.0313,Flash,100,100,-110.7814,-62.91451,0,False,True,True,301.9922,9.140625
GeT_RiGhT-A-,CounterTerrorist,548.03,2633.528,160.0313,Flash,100,100,-110.0914,-64.11433,0,False,True,True,301.9922,9.140625
GeT_RiGhT-A-,CounterTerrorist,541.1674,2629.49,160.0313,Flash,100,100,-109.6085,-64.93647,0,False,True,True,301.6406,9.140625
GeT_RiGhT-A-,CounterTerrorist,534.6353,2625.599,160.0313,Flash,100,100,-93.90442,-56.00738,0,False,True,True,302.3438,9.492188
GeT_RiGhT-A-,CounterTerrorist,529.6747,2622.641,160.0313,Flash,100,100,-69.16588,-41.25258,0,False,True,True,304.1016,9.140625
GeT_RiGhT-A-,CounterTerrorist,526.1788,2620.683,160.0313,Flash,100,100,-42.93217,-15.31863,0,False,True,True,305.5078,8.4375
GeT_RiGhT-A-,CounterTerrorist,524.491,2621.295,160.0313,Flash,100,100,-15.77687,25.02744,0,False,True,True,306.5625,7.382813
GeT_RiGhT-A-,CounterTerrorist,524.0063,2623.708,160.0313,Flash,100,100,-3.218271,48.67977,0,False,True,True,307.2656,5.976563
GeT_RiGhT-A-,CounterTerrorist,524.211,2627.444,160.0313,Flash,100,100,13.84797,64.77666,0,False,True,True,307.6172,4.21875
GeT_RiGhT-A-,CounterTerrorist,526.0916,2631.719,160.0313,Flash,100,100,41.57556,71.42589,0,False,True,True,307.9688,2.460938
GeT_RiGhT-A-,CounterTerrorist,529.4472,2636.392,160.0313,Flash,100,100,62.2134,77.07301,0,False,True,True,307.6172,1.40625
GeT_RiGhT-A-,CounterTerrorist,533.9014,2641.352,160.0313,Flash,100,100,77.68769,80.87465,0,False,True,True,306.5625,0.3515625
GeT_RiGhT-A-,CounterTerrorist,539.0481,2646.386,160.0313,Flash,100,100,75.87098,73.21095,0,False,True,True,305.1563,359.2969
GeT_RiGhT-A-,CounterTerrorist,541.1658,2648.907,160.0313,Flash,100,100,-2.127096,11.22657,0,False,True,True,304.4531,358.9453
GeT_RiGhT-A-,CounterTerrorist,540.6288,2648.807,160.0313,Flash,100,100,0,0,0,False,True,True,304.8047,358.5938
GeT_RiGhT-A-,CounterTerrorist,540.6288,2648.807,160.0313,Flash,100,100,0,0,0,False,True,True,305.1563,358.5938
GeT_RiGhT-A-,CounterTerrorist,541.0404,2648.234,160.0313,Flash,100,100,20.10295,-27.9609,0,False,True,True,305.8594,358.2422
GeT_RiGhT-A-,CounterTerrorist,543.5934,2644.69,160.0313,Flash,100,100,56.65622,-78.59248,0,False,True,True,305.8594,357.8906
GeT_RiGhT-A-,CounterTerrorist,547.7341,2638.952,160.0313,Flash,100,100,62.1134,-86.06661,0,False,True,True,305.8594,357.8906
GeT_RiGhT-A-,CounterTerrorist,551.0152,2634.405,160.0313,Flash,100,100,45.75001,-63.39289,0,False,True,True,305.8594,357.8906
GeT_RiGhT-A-,CounterTerrorist,553.407,2631.091,160.0313,Knife,100,100,32.50774,-45.0439,0,False,True,True,305.8594,357.8906
GeT_RiGhT-A-,CounterTerrorist,554.9758,2628.917,160.0313,Knife,100,100,19.34058,-26.799,0,False,True,True,305.8594,357.8906
GeT_RiGhT-A-,CounterTerrorist,555.7217,2627.883,160.0313,Flash,100,100,6.173417,-8.55411,0,False,True,True,305.1563,358.2422
GeT_RiGhT-A-,CounterTerrorist,555.7893,2627.79,160.0313,Flash,100,100,0,0,0,False,True,True,303.0469,359.6484
GeT_RiGhT-A-,CounterTerrorist,555.7893,2627.79,160.0313,Smoke,100,100,0,0,0,False,True,True,300.5859,1.054688
GeT_RiGhT-A-,CounterTerrorist,555.7893,2627.79,160.0313,Smoke,100,100,0,0,0,False,True,True,299.5313,2.109375
GeT_RiGhT-A-,CounterTerrorist,555.7893,2627.79,160.0313,Smoke,100,100,0,0,0,False,True,True,298.8281,3.164063
GeT_RiGhT-A-,CounterTerrorist,555.7893,2627.79,160.0313,Smoke,100,100,0,0,0,False,True,True,298.4766,3.515625
GeT_RiGhT-A-,CounterTerrorist,555.7365,2627.887,160.0313,Smoke,100,100,-4.06613,7.535449,0,False,True,True,298.4766,3.515625
GeT_RiGhT-A-,CounterTerrorist,555.0983,2629.07,160.0313,Smoke,100,100,-14.98829,27.77666,0,False,True,True,298.4766,3.515625
GeT_RiGhT-A-,CounterTerrorist,554.7419,2631.608,160.0313,Smoke,100,100,1.134377,49.952,0,False,True,True,298.4766,3.515625
GeT_RiGhT-A-,CounterTerrorist,555.2104,2635.475,160.0313,Smoke,100,100,11.95291,71.17546,0,False,True,True,298.4766,3.867188
GeT_RiGhT-A-,CounterTerrorist,556.2638,2640.634,160.0313,Smoke,100,100,20.32622,90.59886,0,False,True,True,298.125,3.867188
GeT_RiGhT-A-,CounterTerrorist,557.7626,2646.824,160.0313,Smoke,100,100,26.54662,104.9734,0,False,True,True,298.125,3.867188
GeT_RiGhT-A-,CounterTerrorist,559.8433,2653.566,160.0313,Smoke,100,100,43.85602,105.1286,0,False,True,True,298.125,3.867188
GeT_RiGhT-A-,CounterTerrorist,561.9077,2658.514,160.0313,Smoke,100,100,33.56097,80.45001,0,False,True,True,298.125,3.867188
GeT_RiGhT-A-,CounterTerrorist,563.86,2663.194,160.0313,Smoke,100,100,23.38881,56.06602,0,False,True,True,298.125,3.867188
GeT_RiGhT-A-,CounterTerrorist,565.0173,2665.969,160.0313,Smoke,100,100,14.72613,35.30045,0,False,True,True,298.125,3.867188
GeT_RiGhT-A-,CounterTerrorist,565.4196,2667.315,160.0313,Smoke,100,100,-6.783082,6.152368,0,False,True,True,298.125,3.867188
GeT_RiGhT-A-,CounterTerrorist,564.3085,2666.928,160.0313,Smoke,100,100,-26.1335,-12.28912,0,False,True,True,298.125,3.867188
GeT_RiGhT-A-,CounterTerrorist,561.9753,2665.753,160.0313,Smoke,100,100,-46.09507,-23.75948,0,False,True,True,298.125,3.867188
GeT_RiGhT-A-,CounterTerrorist,558.386,2663.878,160.0313,Smoke,100,100,-66.25455,-34.83774,0,False,True,True,298.125,3.867188
GeT_RiGhT-A-,CounterTerrorist,553.7978,2661.161,160.0313,Smoke,100,100,-72.75456,-54.23317,0,False,True,True,298.125,3.867188
GeT_RiGhT-A-,CounterTerrorist,549.5304,2656.892,160.0313,Smoke,100,100,-65.12386,-78.19983,0,False,True,True,298.125,3.867188
GeT_RiGhT-A-,CounterTerrorist,545.6741,2651.354,160.0313,Smoke,100,100,-59.21569,-95.93792,0,False,True,True,298.8281,4.570313
GeT_RiGhT-A-,CounterTerrorist,542.077,2644.931,160.0313,Smoke,100,100,-60.81024,-104.1547,0,False,True,True,300.9375,5.625
GeT_RiGhT-A-,CounterTerrorist,537.6223,2638.648,160.0313,Smoke,100,100,-78.4355,-98.25805,0,False,True,True,304.1016,7.03125
GeT_RiGhT-A-,CounterTerrorist,532.3521,2632.694,160.0313,Smoke,100,100,-87.4555,-92.64067,0,False,True,True,307.2656,7.382813
GeT_RiGhT-A-,CounterTerrorist,526.7376,2627.049,160.0313,Smoke,100,100,-91.21051,-88.94606,0,False,True,True,309.7266,7.734375
GeT_RiGhT-A-,CounterTerrorist,521.1452,2621.692,160.0313,Smoke,100,100,-82.23434,-78.3714,0,False,True,True,311.1328,8.085938
GeT_RiGhT-A-,CounterTerrorist,516.8011,2617.552,160.0313,Smoke,100,100,-60.57021,-57.72494,0,False,True,True,311.1328,8.085938
GeT_RiGhT-A-,CounterTerrorist,514.9271,2615.683,160.0313,Smoke,100,100,3.849933,1.265102,0,False,True,True,311.1328,8.085938
GeT_RiGhT-A-,CounterTerrorist,516.6185,2617.144,160.0313,Smoke,100,100,39.29267,34.23218,0,False,True,True,311.1328,8.085938
GeT_RiGhT-A-,CounterTerrorist,519.6801,2619.818,160.0313,Smoke,100,100,56.54256,49.44553,0,False,True,True,311.1328,8.085938
GeT_RiGhT-A-,CounterTerrorist,523.7735,2623.394,160.0313,Smoke,100,100,71.77991,62.6577,0,False,True,True,311.1328,7.734375
GeT_RiGhT-A-,CounterTerrorist,528.6715,2627.667,160.0313,Smoke,100,100,82.98734,72.40724,0,False,True,True,311.1328,8.085938
GeT_RiGhT-A-,CounterTerrorist,534.1597,2632.459,160.0313,Smoke,100,100,91.1953,79.64207,0,False,True,True,311.1328,8.085938
GeT_RiGhT-A-,CounterTerrorist,540.0653,2637.62,160.0313,Smoke,100,100,95.9146,83.85193,0,False,True,True,311.1328,7.734375
GeT_RiGhT-A-,CounterTerrorist,545.6593,2642.509,160.0313,Smoke,100,100,79.2365,69.25777,0,False,True,True,310.7813,7.734375
GeT_RiGhT-A-,CounterTerrorist,548.6989,2645.186,160.0313,Smoke,100,100,25.94776,23.22174,0,False,True,True,310.4297,7.382813
GeT_RiGhT-A-,CounterTerrorist,548.769,2645.266,160.0313,Smoke,100,100,-10.87728,-9.302281,0,False,True,True,310.4297,7.382813
GeT_RiGhT-A-,CounterTerrorist,547.4746,2644.159,160.0313,Smoke,100,100,-28.35692,-24.25093,0,False,True,True,310.4297,7.382813
GeT_RiGhT-A-,CounterTerrorist,545.0878,2642.118,160.0313,Smoke,100,100,-45.83656,-39.19958,0,False,True,True,310.4297,7.382813
GeT_RiGhT-A-,CounterTerrorist,541.6109,2639.144,160.0313,Smoke,100,100,-63.09095,-53.95558,0,False,True,True,310.4297,7.382813
GeT_RiGhT-A-,CounterTerrorist,537.1631,2635.34,160.0313,Smoke,100,100,-76.83569,-65.71014,0,False,True,True,310.4297,7.382813
GeT_RiGhT-A-,CounterTerrorist,531.9891,2630.915,160.0313,Smoke,100,100,-86.95947,-74.36803,0,False,True,True,310.4297,7.382813
GeT_RiGhT-A-,CounterTerrorist,526.2804,2626.032,160.0313,Smoke,100,100,-94.4162,-80.74506,0,False,True,True,310.4297,7.382813
GeT_RiGhT-A-,CounterTerrorist,520.4157,2621.017,160.0313,Smoke,100,100,-86.33289,-73.83219,0,False,True,True,310.4297,7.382813
GeT_RiGhT-A-,CounterTerrorist,515.8552,2617.116,160.0313,Smoke,100,100,-63.58903,-54.38156,0,False,True,True,310.4297,7.382813
GeT_RiGhT-A-,CounterTerrorist,512.5095,2614.255,160.0313,Smoke,100,100,-46.0129,-39.35038,0,False,True,True,310.4297,7.382813
GeT_RiGhT-A-,CounterTerrorist,510.2686,2612.338,160.0313,Smoke,100,100,-24.59084,-21.03016,0,False,True,True,310.4297,7.382813
GeT_RiGhT-A-,CounterTerrorist,510.2423,2612.316,160.0313,Smoke,100,100,10.87728,9.302281,0,False,True,True,310.4297,7.382813
GeT_RiGhT-A-,CounterTerrorist,511.5367,2613.423,160.0313,Smoke,100,100,28.35692,24.25093,0,False,True,True,310.4297,7.382813
GeT_RiGhT-A-,CounterTerrorist,513.9246,2615.462,160.0313,Smoke,100,100,45.88924,39.13776,0,False,True,True,310.4297,7.382813
GeT_RiGhT-A-,CounterTerrorist,517.4106,2618.425,160.0313,Smoke,100,100,63.33433,53.66868,0,False,True,True,310.0781,7.734375
GeT_RiGhT-A-,CounterTerrorist,521.8877,2622.195,160.0313,Smoke,100,100,77.51694,64.89957,0,False,True,True,309.0234,7.734375
GeT_RiGhT-A-,CounterTerrorist,527.127,2626.541,160.0313,Smoke,100,100,88.31698,72.73508,0,False,True,True,308.3203,8.085938
GeT_RiGhT-A-,CounterTerrorist,532.9478,2631.287,160.0313,Smoke,100,100,96.55135,78.15257,0,False,True,True,307.9688,8.085938
GeT_RiGhT-A-,CounterTerrorist,538.0482,2635.416,160.0313,Smoke,100,100,71.11549,57.56376,0,False,True,True,307.6172,8.085938
GeT_RiGhT-A-,CounterTerrorist,541.6973,2638.373,160.0313,Smoke,100,100,43.17641,35.26303,0,False,True,True,307.6172,8.085938
GeT_RiGhT-A-,CounterTerrorist,542.5536,2639.146,160.0313,Smoke,100,100,-6.415696,0.2285309,0,False,True,True,307.6172,8.085938
GeT_RiGhT-A-,CounterTerrorist,541.3532,2639.29,160.0313,Smoke,100,100,-29.1816,3.636259,0,False,True,True,307.9688,8.085938
GeT_RiGhT-A-,CounterTerrorist,538.7264,2639.613,160.0313,Smoke,100,100,-52.02965,6.27693,0,False,True,True,308.3203,8.085938
GeT_RiGhT-A-,CounterTerrorist,534.7662,2639.775,160.0313,Smoke,100,100,-69.9823,-7.087143,0,False,True,True,308.6719,8.085938
GeT_RiGhT-A-,CounterTerrorist,529.9421,2638.482,160.0313,Smoke,100,100,-82.40746,-30.29257,0,False,True,True,309.0234,8.085938
GeT_RiGhT-A-,CounterTerrorist,524.4534,2635.952,160.0313,Smoke,100,100,-91.58283,-47.6608,0,False,True,True,309.375,8.085938
GeT_RiGhT-A-,CounterTerrorist,518.4852,2632.499,160.0313,Smoke,100,100,-98.229,-60.58952,0,False,True,True,309.7266,8.085938
GeT_RiGhT-A-,CounterTerrorist,512.1663,2628.362,160.0313,Smoke,100,100,-103.118,-70.11987,0,False,True,True,309.7266,8.085938
GeT_RiGhT-A-,CounterTerrorist,505.6734,2623.787,160.0313,Smoke,100,100,-103.3423,-74.50583,0,False,True,True,309.7266,8.085938
GeT_RiGhT-A-,CounterTerrorist,500.5438,2620.124,160.0313,Smoke,100,100,-59.56039,-41.15914,0,False,True,True,309.7266,8.085938
GeT_RiGhT-A-,CounterTerrorist,498.7172,2619.001,160.0313,Smoke,100,100,-5.304383,-0.517943,0,False,True,True,309.7266,8.085938
GeT_RiGhT-A-,CounterTerrorist,499.3704,2619.568,160.0313,Smoke,100,100,18.37769,15.32156,0,False,True,True,309.7266,8.085938
GeT_RiGhT-A-,CounterTerrorist,501.2305,2620.733,160.0313,Smoke,100,100,40.33524,14.70947,0,False,True,True,309.7266,8.085938
GeT_RiGhT-A-,CounterTerrorist,504.5797,2621.309,160.0313,Smoke,100,100,63.69845,5.789111,0,False,True,True,309.7266,8.085938
GeT_RiGhT-A-,CounterTerrorist,509.3554,2621.473,160.0313,Smoke,100,100,85.88448,0.472726,0,False,True,True,309.7266,8.085938
GeT_RiGhT-A-,CounterTerrorist,515.0221,2622.434,160.0313,Smoke,100,100,94.02554,25.84048,0,False,True,True,309.7266,8.085938
GeT_RiGhT-A-,CounterTerrorist,521.1189,2624.736,160.0313,Smoke,100,100,100.0219,44.52525,0,False,True,True,309.7266,8.085938
GeT_RiGhT-A-,CounterTerrorist,527.1686,2627.723,160.0313,Smoke,100,100,83.50195,40.94033,0,False,True,True,309.7266,8.085938
GeT_RiGhT-A-,CounterTerrorist,530.3745,2628.924,160.0313,Smoke,100,100,26.5977,3.419979,0,False,True,True,309.7266,8.085938
GeT_RiGhT-A-,CounterTerrorist,530.5645,2628.601,160.0313,Smoke,100,100,-0.9168795,-1.690582,0,False,True,True,310.0781,8.085938
GeT_RiGhT-A-,CounterTerrorist,530.5984,2628.629,160.0313,Smoke,100,100,4.347013,3.667579,0,False,True,True,310.0781,8.4375
GeT_RiGhT-A-,CounterTerrorist,531.4881,2629.38,160.0313,Smoke,100,100,21.92614,18.49911,0,False,True,True,310.0781,8.4375
GeT_RiGhT-A-,CounterTerrorist,533.4765,2631.058,160.0313,Smoke,100,100,39.50527,33.33064,0,False,True,True,310.0781,8.4375
GeT_RiGhT-A-,CounterTerrorist,535.2731,2632.573,160.0313,Smoke,100,100,9.267262,7.818793,0,False,True,True,310.0781,8.4375
GeT_RiGhT-A-,CounterTerrorist,534.732,2632.114,160.0313,Smoke,100,100,-16.84373,-14.34582,0,False,True,True,310.4297,8.4375
GeT_RiGhT-A-,CounterTerrorist,534.2791,2631.728,160.0313,Smoke,100,100,0,0,0,False,True,True,310.7813,8.4375
GeT_RiGhT-A-,CounterTerrorist,534.2791,2631.728,160.0313,Smoke,100,100,0,0,0,False,True,True,310.7813,8.4375
GeT_RiGhT-A-,CounterTerrorist,534.2791,2631.728,160.0313,Smoke,100,100,0,0,0,False,True,True,310.7813,8.4375
GeT_RiGhT-A-,CounterTerrorist,533.7733,2631.973,160.0313,Smoke,100,100,-18.47523,4.190464,0,False,True,True,310.7813,8.4375
GeT_RiGhT-A-,CounterTerrorist,531.848,2632.309,160.0313,Smoke,100,100,-37.7756,11.64842,0,False,True,True,311.1328,8.4375
GeT_RiGhT-A-,CounterTerrorist,529.4475,2633.585,160.0313,Smoke,100,100,-32.61085,18.85413,0,False,True,True,311.1328,8.4375
GeT_RiGhT-A-,CounterTerrorist,528.0941,2634.367,160.0313,Smoke,100,100,-13.13207,7.592375,0,False,True,True,311.1328,8.4375
GeT_RiGhT-A-,CounterTerrorist,527.8664,2634.499,160.0313,Smoke,100,100,0,0,0,False,True,True,311.1328,8.4375
GeT_RiGhT-A-,CounterTerrorist,527.8664,2634.499,160.0313,Smoke,100,100,0,0,0,False,True,True,311.1328,8.4375
GeT_RiGhT-A-,CounterTerrorist,527.8664,2634.499,160.0313,Smoke,100,100,0,0,0,False,True,True,311.1328,8.4375
GeT_RiGhT-A-,CounterTerrorist,527.8664,2634.499,160.0313,Smoke,100,100,0,0,0,False,True,True,311.1328,8.4375
GeT_RiGhT-A-,CounterTerrorist,527.8664,2634.499,160.0313,Smoke,100,100,0,0,0,False,True,True,311.1328,8.4375
GeT_RiGhT-A-,CounterTerrorist,527.8664,2634.499,160.0313,Smoke,100,100,0,0,0,False,True,True,311.1328,8.4375
GeT_RiGhT-A-,CounterTerrorist,527.8664,2634.499,160.0313,Smoke,100,100,0,0,0,False,True,True,311.4844,8.4375
GeT_RiGhT-A-,CounterTerrorist,527.8664,2634.499,160.0313,Smoke,100,100,0,0,0,False,True,True,311.4844,8.4375
GeT_RiGhT-A-,CounterTerrorist,527.8664,2634.499,160.0313,Smoke,100,100,0,0,0,False,True,True,311.4844,8.4375
GeT_RiGhT-A-,CounterTerrorist,527.8664,2634.499,160.0313,Smoke,100,100,0,0,0,False,True,True,311.4844,8.4375
GeT_RiGhT-A-,CounterTerrorist,527.8664,2634.499,160.0313,Smoke,100,100,0,0,0,False,True,True,311.4844,8.4375
GeT_RiGhT-A-,CounterTerrorist,527.8664,2634.499,160.0313,Smoke,100,100,0,0,0,False,True,True,311.4844,8.4375
GeT_RiGhT-A-,CounterTerrorist,527.8664,2634.499,160.0313,Smoke,100,100,0,0,0,False,True,True,311.4844,8.4375
GeT_RiGhT-A-,CounterTerrorist,527.8664,2634.499,160.0313,Smoke,100,100,0,0,0,False,True,True,311.4844,8.4375
GeT_RiGhT-A-,CounterTerrorist,527.8664,2634.499,160.0313,Smoke,100,100,0,0,0,False,True,True,311.4844,8.4375
GeT_RiGhT-A-,CounterTerrorist,527.8664,2634.499,160.0313,Smoke,100,100,0,0,0,False,True,True,311.4844,8.4375
GeT_RiGhT-A-,CounterTerrorist,527.8664,2634.499,160.0313,Smoke,100,100,0,0,0,False,True,True,311.4844,8.4375
GeT_RiGhT-A-,CounterTerrorist,527.8664,2634.499,160.0313,Smoke,100,100,0,0,0,False,True,True,311.4844,8.4375
GeT_RiGhT-A-,CounterTerrorist,527.8664,2634.499,160.0313,Smoke,100,100,0,0,0,False,True,True,311.4844,8.4375
GeT_RiGhT-A-,CounterTerrorist,527.8664,2634.499,160.0313,Smoke,100,100,0,0,0,False,True,True,311.4844,8.4375
GeT_RiGhT-A-,CounterTerrorist,527.8664,2634.499,160.0313,Smoke,100,100,0,0,0,False,True,True,311.4844,8.4375
GeT_RiGhT-A-,CounterTerrorist,527.8664,2634.499,160.0313,Smoke,100,100,0,0,0,False,True,True,311.4844,8.4375
GeT_RiGhT-A-,CounterTerrorist,527.8664,2634.499,160.0313,Smoke,100,100,0,0,0,False,True,True,311.4844,8.4375
GeT_RiGhT-A-,CounterTerrorist,527.8664,2634.499,160.0313,Smoke,100,100,0,0,0,False,True,True,311.4844,8.4375
GeT_RiGhT-A-,CounterTerrorist,527.8664,2634.499,160.0313,Smoke,100,100,0,0,0,False,True,True,311.4844,8.4375
GeT_RiGhT-A-,CounterTerrorist,527.8664,2634.499,160.0313,Smoke,100,100,0,0,0,False,True,True,311.4844,8.4375
GeT_RiGhT-A-,CounterTerrorist,527.8664,2634.499,160.0313,Smoke,100,100,0,0,0,False,True,True,311.4844,8.4375
GeT_RiGhT-A-,CounterTerrorist,527.8664,2634.499,160.0313,Smoke,100,100,0,0,0,False,True,True,311.4844,8.4375
GeT_RiGhT-A-,CounterTerrorist,527.8664,2634.499,160.0313,Smoke,100,100,0,0,0,False,True,True,311.4844,8.4375
GeT_RiGhT-A-,CounterTerrorist,527.8664,2634.499,160.0313,Smoke,100,100,0,0,0,False,True,True,311.4844,8.4375
GeT_RiGhT-A-,CounterTerrorist,527.8664,2634.499,160.0313,Smoke,100,100,0,0,0,False,True,True,311.4844,8.4375
GeT_RiGhT-A-,CounterTerrorist,527.8664,2634.499,160.0313,Smoke,100,100,0,0,0,False,True,True,311.4844,8.4375
GeT_RiGhT-A-,CounterTerrorist,527.8664,2634.499,160.0313,Smoke,100,100,0,0,0,False,True,True,311.4844,8.4375
GeT_RiGhT-A-,CounterTerrorist,527.8664,2634.499,160.0313,Smoke,100,100,0,0,0,False,True,True,311.4844,8.4375
GeT_RiGhT-A-,CounterTerrorist,527.8664,2634.499,160.0313,Smoke,100,100,0,0,0,False,True,True,311.4844,8.4375
GeT_RiGhT-A-,CounterTerrorist,527.8664,2634.499,160.0313,Smoke,100,100,0,0,0,False,True,True,311.4844,8.4375
GeT_RiGhT-A-,CounterTerrorist,527.8664,2634.499,160.0313,Smoke,100,100,0,0,0,False,True,True,311.4844,8.4375
GeT_RiGhT-A-,CounterTerrorist,527.8664,2634.499,160.0313,Smoke,100,100,0,0,0,False,True,True,311.4844,8.4375
GeT_RiGhT-A-,CounterTerrorist,527.8664,2634.499,160.0313,Smoke,100,100,0,0,0,False,True,True,311.4844,8.4375
GeT_RiGhT-A-,CounterTerrorist,527.8664,2634.499,160.0313,Smoke,100,100,0,0,0,False,True,True,311.4844,8.4375
GeT_RiGhT-A-,CounterTerrorist,527.8664,2634.499,160.0313,Smoke,100,100,0,0,0,False,True,True,311.4844,8.4375
GeT_RiGhT-A-,CounterTerrorist,527.8664,2634.499,160.0313,Smoke,100,100,0,0,0,False,True,True,311.4844,8.4375
GeT_RiGhT-A-,CounterTerrorist,527.8664,2634.499,160.0313,Smoke,100,100,0,0,0,False,True,True,311.4844,8.4375
GeT_RiGhT-A-,CounterTerrorist,527.8664,2634.499,160.0313,Smoke,100,100,0,0,0,False,True,True,311.4844,8.4375
GeT_RiGhT-A-,CounterTerrorist,527.8664,2634.499,160.0313,Smoke,100,100,0,0,0,False,True,True,311.4844,8.4375
GeT_RiGhT-A-,CounterTerrorist,527.8664,2634.499,160.0313,Smoke,100,100,0,0,0,False,True,True,311.4844,8.4375
GeT_RiGhT-A-,CounterTerrorist,527.8664,2634.499,160.0313,Smoke,100,100,0,0,0,False,True,True,311.4844,8.4375
GeT_RiGhT-A-,CounterTerrorist,527.8664,2634.499,160.0313,Smoke,100,100,0,0,0,False,True,True,311.4844,8.4375
GeT_RiGhT-A-,CounterTerrorist,527.8664,2634.499,160.0313,Smoke,100,100,0,0,0,False,True,True,311.4844,8.4375
GeT_RiGhT-A-,CounterTerrorist,527.8664,2634.499,160.0313,Smoke,100,100,0,0,0,False,True,True,311.4844,8.4375
GeT_RiGhT-A-,CounterTerrorist,527.8664,2634.499,160.0313,Smoke,100,100,0,0,0,False,True,True,311.4844,8.4375
GeT_RiGhT-A-,CounterTerrorist,527.8664,2634.499,160.0313,Smoke,100,100,0,0,0,False,True,True,311.4844,8.4375
GeT_RiGhT-A-,CounterTerrorist,527.8664,2634.499,160.0313,Smoke,100,100,0,0,0,False,True,True,311.4844,8.4375
GeT_RiGhT-A-,CounterTerrorist,527.8664,2634.499,160.0313,Smoke,100,100,0,0,0,False,True,True,311.4844,8.4375
GeT_RiGhT-A-,CounterTerrorist,527.8664,2634.499,160.0313,Smoke,100,100,0,0,0,False,True,True,311.4844,8.4375
GeT_RiGhT-A-,CounterTerrorist,527.8664,2634.499,160.0313,Smoke,100,100,0,0,0,False,True,True,311.4844,8.4375
GeT_RiGhT-A-,CounterTerrorist,527.8664,2634.499,160.0313,Smoke,100,100,0,0,0,False,True,True,311.4844,8.4375
GeT_RiGhT-A-,CounterTerrorist,527.8664,2634.499,160.0313,Smoke,100,100,0,0,0,False,True,True,311.4844,8.4375
GeT_RiGhT-A-,CounterTerrorist,527.8664,2634.499,160.0313,Smoke,100,100,0,0,0,False,True,True,311.4844,8.4375
GeT_RiGhT-A-,CounterTerrorist,527.8664,2634.499,160.0313,Smoke,100,100,0,0,0,False,True,True,311.4844,8.4375
GeT_RiGhT-A-,CounterTerrorist,527.8664,2634.499,160.0313,Smoke,100,100,0,0,0,False,True,True,311.4844,8.4375
GeT_RiGhT-A-,CounterTerrorist,527.8664,2634.499,160.0313,Smoke,100,100,0,0,0,False,True,True,311.4844,8.4375
GeT_RiGhT-A-,CounterTerrorist,527.8664,2634.499,160.0313,Smoke,100,100,0,0,0,False,True,True,311.4844,8.4375
GeT_RiGhT-A-,CounterTerrorist,527.8664,2634.499,160.0313,Smoke,100,100,0,0,0,False,True,True,311.4844,8.4375
GeT_RiGhT-A-,CounterTerrorist,527.8664,2634.499,160.0313,Smoke,100,100,0,0,0,False,True,True,311.4844,8.4375
GeT_RiGhT-A-,CounterTerrorist,527.8664,2634.499,160.0313,Smoke,100,100,0,0,0,False,True,True,311.4844,8.4375
GeT_RiGhT-A-,CounterTerrorist,527.8664,2634.499,160.0313,Smoke,100,100,0,0,0,False,True,True,311.4844,8.4375
GeT_RiGhT-A-,CounterTerrorist,527.8664,2634.499,160.0313,Smoke,100,100,0,0,0,False,True,True,311.4844,8.4375
GeT_RiGhT-A-,CounterTerrorist,527.8664,2634.499,160.0313,Smoke,100,100,0,0,0,False,True,True,311.4844,8.4375
GeT_RiGhT-A-,CounterTerrorist,527.8664,2634.499,160.0313,Smoke,100,100,0,0,0,False,True,True,311.4844,8.4375
GeT_RiGhT-A-,CounterTerrorist,527.8664,2634.499,160.0313,Smoke,100,100,0,0,0,False,True,True,311.4844,8.4375
GeT_RiGhT-A-,CounterTerrorist,527.8664,2634.499,160.0313,Smoke,100,100,0,0,0,False,True,True,311.4844,8.4375
GeT_RiGhT-A-,CounterTerrorist,527.8664,2634.499,160.0313,Smoke,100,100,0,0,0,False,True,True,311.4844,8.4375
GeT_RiGhT-A-,CounterTerrorist,527.8664,2634.499,160.0313,Smoke,100,100,0,0,0,False,True,True,311.4844,8.4375
GeT_RiGhT-A-,CounterTerrorist,527.8664,2634.499,160.0313,Smoke,100,100,0,0,0,False,True,True,311.4844,8.4375
GeT_RiGhT-A-,CounterTerrorist,527.8664,2634.499,160.0313,Smoke,100,100,0,0,0,False,True,True,311.4844,8.4375
GeT_RiGhT-A-,CounterTerrorist,527.8664,2634.499,160.0313,Smoke,100,100,0,0,0,False,True,True,311.4844,8.4375
GeT_RiGhT-A-,CounterTerrorist,527.8664,2634.499,160.0313,Smoke,100,100,0,0,0,False,True,True,311.4844,8.4375
GeT_RiGhT-A-,CounterTerrorist,527.8664,2634.499,160.0313,Smoke,100,100,0,0,0,False,True,True,311.4844,8.4375
GeT_RiGhT-A-,CounterTerrorist,527.8664,2634.499,160.0313,Smoke,100,100,0,0,0,False,True,True,311.4844,8.4375
GeT_RiGhT-A-,CounterTerrorist,527.8664,2634.499,160.0313,Smoke,100,100,0,0,0,False,True,True,311.4844,8.4375
GeT_RiGhT-A-,CounterTerrorist,527.8664,2634.499,160.0313,Smoke,100,100,0,0,0,False,True,True,311.4844,8.4375
GeT_RiGhT-A-,CounterTerrorist,527.8664,2634.499,160.0313,Smoke,100,100,0,0,0,False,True,True,311.4844,8.4375
GeT_RiGhT-A-,CounterTerrorist,527.8664,2634.499,160.0313,Smoke,100,100,0,0,0,False,True,True,311.4844,8.4375
GeT_RiGhT-A-,CounterTerrorist,527.8664,2634.499,160.0313,Smoke,100,100,0,0,0,False,True,True,311.4844,8.4375
GeT_RiGhT-A-,CounterTerrorist,527.8664,2634.499,160.0313,Smoke,100,100,0,0,0,False,True,True,311.4844,8.4375
GeT_RiGhT-A-,CounterTerrorist,527.8664,2634.499,160.0313,Smoke,100,100,0,0,0,False,True,True,311.4844,8.4375
GeT_RiGhT-A-,CounterTerrorist,527.8664,2634.499,160.0313,Smoke,100,100,0,0,0,False,True,True,311.4844,8.4375
GeT_RiGhT-A-,CounterTerrorist,527.8664,2634.499,160.0313,Smoke,100,100,0,0,0,False,True,True,311.4844,8.4375
GeT_RiGhT-A-,CounterTerrorist,527.8664,2634.499,160.0313,Smoke,100,100,0,0,0,False,True,True,311.4844,8.4375
GeT_RiGhT-A-,CounterTerrorist,527.8664,2634.499,160.0313,Smoke,100,100,0,0,0,False,True,True,311.4844,8.4375
GeT_RiGhT-A-,CounterTerrorist,527.8664,2634.499,160.0313,Smoke,100,100,0,0,0,False,True,True,311.4844,8.4375
GeT_RiGhT-A-,CounterTerrorist,527.8664,2634.499,160.0313,Smoke,100,100,0,0,0,False,True,True,311.4844,8.4375
GeT_RiGhT-A-,CounterTerrorist,527.8664,2634.499,160.0313,Smoke,100,100,0,0,0,False,True,True,311.4844,8.4375
GeT_RiGhT-A-,CounterTerrorist,527.8664,2634.499,160.0313,Smoke,100,100,0,0,0,False,True,True,311.4844,8.4375
GeT_RiGhT-A-,CounterTerrorist,527.8664,2634.499,160.0313,Smoke,100,100,0,0,0,False,True,True,311.4844,8.4375
GeT_RiGhT-A-,CounterTerrorist,527.8664,2634.499,160.0313,Smoke,100,100,0,0,0,False,True,True,311.4844,8.4375
GeT_RiGhT-A-,CounterTerrorist,527.8664,2634.499,160.0313,Smoke,100,100,0,0,0,False,True,True,311.4844,8.4375
GeT_RiGhT-A-,CounterTerrorist,527.8664,2634.499,160.0313,Smoke,100,100,0,0,0,False,True,True,311.4844,8.4375
GeT_RiGhT-A-,CounterTerrorist,527.8664,2634.499,160.0313,Smoke,100,100,0,0,0,False,True,True,311.4844,8.4375
GeT_RiGhT-A-,CounterTerrorist,527.8664,2634.499,160.0313,Smoke,100,100,0,0,0,False,True,True,311.4844,8.4375
GeT_RiGhT-A-,CounterTerrorist,527.8664,2634.499,160.0313,Smoke,100,100,0,0,0,False,True,True,311.4844,8.4375
GeT_RiGhT-A-,CounterTerrorist,527.8664,2634.499,160.0313,Smoke,100,100,0,0,0,False,True,True,311.4844,8.4375
GeT_RiGhT-A-,CounterTerrorist,527.8664,2634.499,160.0313,Smoke,100,100,0,0,0,False,True,True,311.4844,8.4375
GeT_RiGhT-A-,CounterTerrorist,527.8664,2634.499,160.0313,Smoke,100,100,0,0,0,False,True,True,311.4844,8.4375
GeT_RiGhT-A-,CounterTerrorist,527.8664,2634.499,160.0313,Smoke,100,100,0,0,0,False,True,True,311.4844,8.4375
GeT_RiGhT-A-,CounterTerrorist,527.8664,2634.499,160.0313,Smoke,100,100,0,0,0,False,True,True,311.4844,8.4375
GeT_RiGhT-A-,CounterTerrorist,527.8664,2634.499,160.0313,Smoke,100,100,0,0,0,False,True,True,311.4844,8.4375
GeT_RiGhT-A-,CounterTerrorist,527.8664,2634.499,160.0313,Smoke,100,100,0,0,0,False,True,True,311.4844,8.4375
GeT_RiGhT-A-,CounterTerrorist,527.8664,2634.499,160.0313,Smoke,100,100,0,0,0,False,True,True,311.4844,8.4375
GeT_RiGhT-A-,CounterTerrorist,527.8664,2634.499,160.0313,Smoke,100,100,0,0,0,False,True,True,311.4844,8.4375
GeT_RiGhT-A-,CounterTerrorist,527.8664,2634.499,160.0313,Smoke,100,100,0,0,0,False,True,True,311.4844,8.4375
GeT_RiGhT-A-,CounterTerrorist,528.2017,2634.794,160.0313,Smoke,100,100,12.89916,11.35877,0,False,True,True,311.4844,8.4375
GeT_RiGhT-A-,CounterTerrorist,529.5147,2635.95,160.0313,Smoke,100,100,21.62369,19.04143,0,False,True,True,311.1328,8.4375
GeT_RiGhT-A-,CounterTerrorist,530.2725,2636.617,160.0313,Smoke,100,100,4.737507,4.171765,0,False,True,True,311.1328,8.085938
GeT_RiGhT-A-,CounterTerrorist,530.293,2636.635,160.0313,Smoke,100,100,0,0,0,False,True,True,311.1328,8.085938
GeT_RiGhT-A-,CounterTerrorist,530.293,2636.635,160.0313,Smoke,100,100,0,0,0,False,True,True,311.1328,8.085938
GeT_RiGhT-A-,CounterTerrorist,530.0578,2636.429,160.0313,Smoke,100,100,-10.77302,-9.422824,0,False,True,True,311.1328,8.085938
GeT_RiGhT-A-,CounterTerrorist,529.1104,2635.6,160.0313,Smoke,100,100,-10.95884,-9.590101,0,False,True,True,311.1328,7.734375
GeT_RiGhT-A-,CounterTerrorist,528.9333,2635.445,160.0313,Smoke,100,100,0,0,0,False,True,True,311.1328,7.734375
GeT_RiGhT-A-,CounterTerrorist,528.9333,2635.445,160.0313,Smoke,100,100,0,0,0,False,True,True,311.1328,7.734375
GeT_RiGhT-A-,CounterTerrorist,528.9333,2635.445,160.0313,Smoke,100,100,0,0,0,False,True,True,311.1328,7.734375
GeT_RiGhT-A-,CounterTerrorist,528.9333,2635.445,160.0313,Smoke,100,100,0,0,0,False,True,True,311.1328,7.382813
GeT_RiGhT-A-,CounterTerrorist,528.9333,2635.445,160.0313,Smoke,100,100,0,0,0,False,True,True,311.1328,7.382813
GeT_RiGhT-A-,CounterTerrorist,528.9333,2635.445,160.0313,Smoke,100,100,0,0,0,False,True,True,311.1328,7.382813
GeT_RiGhT-A-,CounterTerrorist,528.9333,2635.445,160.0313,Smoke,100,100,0,0,0,False,True,True,311.1328,7.382813
GeT_RiGhT-A-,CounterTerrorist,528.9333,2635.445,160.0313,Smoke,100,100,0,0,0,False,True,True,311.1328,7.382813
GeT_RiGhT-A-,CounterTerrorist,528.9333,2635.445,160.0313,Smoke,100,100,0,0,0,False,True,True,311.1328,7.382813
GeT_RiGhT-A-,CounterTerrorist,528.9333,2635.445,160.0313,Smoke,100,100,0,0,0,False,True,True,311.1328,7.382813
GeT_RiGhT-A-,CounterTerrorist,528.9333,2635.445,160.0313,Smoke,100,100,0,0,0,False,True,True,311.1328,7.382813
GeT_RiGhT-A-,CounterTerrorist,528.9333,2635.445,160.0313,Smoke,100,100,0,0,0,False,True,True,311.1328,7.382813
GeT_RiGhT-A-,CounterTerrorist,528.9333,2635.445,160.0313,Smoke,100,100,0,0,0,False,True,True,311.1328,7.382813
GeT_RiGhT-A-,CounterTerrorist,528.9333,2635.445,160.0313,Smoke,100,100,0,0,0,False,True,True,311.1328,7.382813
GeT_RiGhT-A-,CounterTerrorist,528.9333,2635.445,160.0313,Smoke,100,100,0,0,0,False,True,True,311.1328,7.382813
GeT_RiGhT-A-,CounterTerrorist,528.9333,2635.445,160.0313,Smoke,100,100,0,0,0,False,True,True,311.1328,7.382813
GeT_RiGhT-A-,CounterTerrorist,528.9333,2635.445,160.0313,Smoke,100,100,0,0,0,False,True,True,311.1328,7.382813
GeT_RiGhT-A-,CounterTerrorist,528.9333,2635.445,160.0313,Smoke,100,100,0,0,0,False,True,True,311.1328,7.382813
GeT_RiGhT-A-,CounterTerrorist,528.9333,2635.445,160.0313,Smoke,100,100,0,0,0,False,True,True,311.1328,7.382813
GeT_RiGhT-A-,CounterTerrorist,528.9333,2635.445,160.0313,Smoke,100,100,0,0,0,False,True,True,311.1328,7.382813
GeT_RiGhT-A-,CounterTerrorist,528.9333,2635.445,160.0313,Smoke,100,100,0,0,0,False,True,True,311.1328,7.382813
GeT_RiGhT-A-,CounterTerrorist,528.9333,2635.445,160.0313,Smoke,100,100,0,0,0,False,True,True,311.1328,7.382813
GeT_RiGhT-A-,CounterTerrorist,528.9333,2635.445,160.0313,Smoke,100,100,0,0,0,False,True,True,311.1328,7.382813
GeT_RiGhT-A-,CounterTerrorist,528.9333,2635.445,160.0313,Smoke,100,100,0,0,0,False,True,True,311.1328,7.382813
GeT_RiGhT-A-,CounterTerrorist,528.9333,2635.445,160.0313,Smoke,100,100,0,0,0,False,True,True,311.1328,7.382813
GeT_RiGhT-A-,CounterTerrorist,528.9333,2635.445,160.0313,Smoke,100,100,0,0,0,False,True,True,311.1328,7.382813
GeT_RiGhT-A-,CounterTerrorist,528.9333,2635.445,160.0313,Smoke,100,100,0,0,0,False,True,True,311.1328,7.382813
GeT_RiGhT-A-,CounterTerrorist,528.9333,2635.445,160.0313,Smoke,100,100,0,0,0,False,True,True,311.1328,7.382813
GeT_RiGhT-A-,CounterTerrorist,528.9333,2635.445,160.0313,Smoke,100,100,0,0,0,False,True,True,311.1328,7.382813
GeT_RiGhT-A-,CounterTerrorist,528.9333,2635.445,160.0313,Smoke,100,100,0,0,0,False,True,True,311.1328,7.382813
GeT_RiGhT-A-,CounterTerrorist,528.9333,2635.445,160.0313,Smoke,100,100,0,0,0,False,True,True,311.1328,7.382813
GeT_RiGhT-A-,CounterTerrorist,528.9333,2635.445,160.0313,Smoke,100,100,0,0,0,False,True,True,311.1328,7.382813
GeT_RiGhT-A-,CounterTerrorist,528.9333,2635.445,160.0313,Smoke,100,100,0,0,0,False,True,True,311.1328,7.382813
GeT_RiGhT-A-,CounterTerrorist,528.9333,2635.445,160.0313,Smoke,100,100,0,0,0,False,True,True,311.1328,7.382813
GeT_RiGhT-A-,CounterTerrorist,528.9333,2635.445,160.0313,Smoke,100,100,0,0,0,False,True,True,311.1328,7.382813
GeT_RiGhT-A-,CounterTerrorist,528.9333,2635.445,160.0313,Smoke,100,100,0,0,0,False,True,True,311.1328,7.382813
GeT_RiGhT-A-,CounterTerrorist,528.9333,2635.445,160.0313,Smoke,100,100,0,0,0,False,True,True,311.1328,7.382813
GeT_RiGhT-A-,CounterTerrorist,528.9333,2635.445,160.0313,Smoke,100,100,0,0,0,False,True,True,311.1328,7.382813
GeT_RiGhT-A-,CounterTerrorist,528.9333,2635.445,160.0313,Smoke,100,100,0,0,0,False,True,True,311.1328,7.382813
GeT_RiGhT-A-,CounterTerrorist,528.9333,2635.445,160.0313,Smoke,100,100,0,0,0,False,True,True,311.1328,7.382813
GeT_RiGhT-A-,CounterTerrorist,528.9333,2635.445,160.0313,Smoke,100,100,0,0,0,False,True,True,311.1328,7.382813
GeT_RiGhT-A-,CounterTerrorist,528.9333,2635.445,160.0313,Smoke,100,100,0,0,0,False,True,True,311.1328,7.382813
GeT_RiGhT-A-,CounterTerrorist,528.9333,2635.445,160.0313,Smoke,100,100,0,0,0,False,True,True,311.1328,7.382813
GeT_RiGhT-A-,CounterTerrorist,528.9333,2635.445,160.0313,Smoke,100,100,0,0,0,False,True,True,311.1328,7.382813
GeT_RiGhT-A-,CounterTerrorist,528.9333,2635.445,160.0313,Smoke,100,100,0,0,0,False,True,True,311.1328,7.382813
GeT_RiGhT-A-,CounterTerrorist,528.9333,2635.445,160.0313,Smoke,100,100,0,0,0,False,True,True,311.1328,7.382813
GeT_RiGhT-A-,CounterTerrorist,528.9333,2635.445,160.0313,Smoke,100,100,0,0,0,False,True,True,311.1328,7.382813
GeT_RiGhT-A-,CounterTerrorist,528.9333,2635.445,160.0313,Smoke,100,100,0,0,0,False,True,True,311.1328,7.382813
GeT_RiGhT-A-,CounterTerrorist,528.9333,2635.445,160.0313,Smoke,100,100,0,0,0,False,True,True,311.1328,7.382813
GeT_RiGhT-A-,CounterTerrorist,528.9333,2635.445,160.0313,Smoke,100,100,0,0,0,False,True,True,311.1328,7.382813
GeT_RiGhT-A-,CounterTerrorist,528.9333,2635.445,160.0313,Smoke,100,100,0,0,0,False,True,True,311.1328,7.382813
GeT_RiGhT-A-,CounterTerrorist,528.9333,2635.445,160.0313,Smoke,100,100,0,0,0,False,True,True,311.1328,7.382813
GeT_RiGhT-A-,CounterTerrorist,528.9333,2635.445,160.0313,Smoke,100,100,0,0,0,False,True,True,311.1328,7.382813
GeT_RiGhT-A-,CounterTerrorist,528.9333,2635.445,160.0313,Smoke,100,100,0,0,0,False,True,True,311.1328,7.382813
GeT_RiGhT-A-,CounterTerrorist,528.9333,2635.445,160.0313,Smoke,100,100,0,0,0,False,True,True,311.1328,7.382813
GeT_RiGhT-A-,CounterTerrorist,528.9333,2635.445,160.0313,Smoke,100,100,0,0,0,False,True,True,311.1328,7.382813
GeT_RiGhT-A-,CounterTerrorist,528.9333,2635.445,160.0313,Smoke,100,100,0,0,0,False,True,True,311.1328,7.382813
GeT_RiGhT-A-,CounterTerrorist,528.9333,2635.445,160.0313,Smoke,100,100,0,0,0,False,True,True,311.1328,7.382813
GeT_RiGhT-A-,CounterTerrorist,528.9333,2635.445,160.0313,Smoke,100,100,0,0,0,False,True,True,311.1328,7.382813
GeT_RiGhT-A-,CounterTerrorist,528.9333,2635.445,160.0313,Smoke,100,100,0,0,0,False,True,True,311.1328,7.382813
GeT_RiGhT-A-,CounterTerrorist,528.9333,2635.445,160.0313,Smoke,100,100,0,0,0,False,True,True,311.1328,7.382813
GeT_RiGhT-A-,CounterTerrorist,528.9333,2635.445,160.0313,Smoke,100,100,0,0,0,False,True,True,311.1328,7.382813
GeT_RiGhT-A-,CounterTerrorist,528.9333,2635.445,160.0313,Smoke,100,100,0,0,0,False,True,True,311.1328,7.382813
GeT_RiGhT-A-,CounterTerrorist,528.9333,2635.445,160.0313,Smoke,100,100,0,0,0,False,True,True,311.1328,7.382813
GeT_RiGhT-A-,CounterTerrorist,528.9333,2635.445,160.0313,Smoke,100,100,0,0,0,False,True,True,311.1328,7.382813
GeT_RiGhT-A-,CounterTerrorist,528.9333,2635.445,160.0313,Smoke,100,100,0,0,0,False,True,True,311.1328,7.382813
GeT_RiGhT-A-,CounterTerrorist,528.9333,2635.445,160.0313,Smoke,100,100,0,0,0,False,True,True,311.1328,7.382813
GeT_RiGhT-A-,CounterTerrorist,528.9333,2635.445,160.0313,Smoke,100,100,0,0,0,False,True,True,311.1328,7.382813
GeT_RiGhT-A-,CounterTerrorist,528.9333,2635.445,160.0313,Smoke,100,100,0,0,0,False,True,True,311.1328,7.382813
GeT_RiGhT-A-,CounterTerrorist,528.9333,2635.445,160.0313,Smoke,100,100,0,0,0,False,True,True,311.1328,7.382813
GeT_RiGhT-A-,CounterTerrorist,528.9333,2635.445,160.0313,Smoke,100,100,0,0,0,False,True,True,311.1328,7.382813
GeT_RiGhT-A-,CounterTerrorist,528.9333,2635.445,160.0313,Smoke,100,100,0,0,0,False,True,True,311.1328,7.382813
GeT_RiGhT-A-,CounterTerrorist,528.9333,2635.445,160.0313,Smoke,100,100,0,0,0,False,True,True,311.1328,7.382813
GeT_RiGhT-A-,CounterTerrorist,528.9333,2635.445,160.0313,Smoke,100,100,0,0,0,False,True,True,311.1328,7.382813
GeT_RiGhT-A-,CounterTerrorist,528.9333,2635.445,160.0313,Smoke,100,100,0,0,0,False,True,True,311.1328,7.382813
GeT_RiGhT-A-,CounterTerrorist,528.9333,2635.445,160.0313,Smoke,100,100,0,0,0,False,True,True,311.1328,7.382813
GeT_RiGhT-A-,CounterTerrorist,528.9333,2635.445,160.0313,Smoke,100,100,0,0,0,False,True,True,311.1328,7.03125
GeT_RiGhT-A-,CounterTerrorist,528.9333,2635.445,160.0313,Smoke,100,100,0,0,0,False,True,True,311.1328,7.03125
GeT_RiGhT-A-,CounterTerrorist,528.9333,2635.445,160.0313,Smoke,100,100,0,0,0,False,True,True,311.1328,6.679688
GeT_RiGhT-A-,CounterTerrorist,528.9333,2635.445,160.0313,Smoke,100,100,0,0,0,False,True,True,311.1328,6.679688
GeT_RiGhT-A-,CounterTerrorist,528.9333,2635.445,160.0313,Smoke,100,100,0,0,0,False,True,True,311.1328,6.328125
GeT_RiGhT-A-,CounterTerrorist,528.9333,2635.445,160.0313,Smoke,100,100,0,0,0,False,True,True,311.1328,6.328125
GeT_RiGhT-A-,CounterTerrorist,528.9333,2635.445,160.0313,Smoke,100,100,0,0,0,False,True,True,311.1328,6.328125
GeT_RiGhT-A-,CounterTerrorist,528.9333,2635.445,160.0313,Smoke,100,100,0,0,0,False,True,True,311.1328,6.328125
GeT_RiGhT-A-,CounterTerrorist,528.9333,2635.445,160.0313,Smoke,100,100,0,0,0,False,True,True,311.1328,5.976563
GeT_RiGhT-A-,CounterTerrorist,528.9333,2635.445,160.0313,Smoke,100,100,0,0,0,False,True,True,311.1328,5.976563
GeT_RiGhT-A-,CounterTerrorist,528.9333,2635.445,160.0313,Smoke,100,100,0,0,0,False,True,True,311.1328,5.625
GeT_RiGhT-A-,CounterTerrorist,528.9333,2635.445,160.0313,Smoke,100,100,0,0,0,False,True,True,311.1328,5.625
GeT_RiGhT-A-,CounterTerrorist,528.9333,2635.445,160.0313,Smoke,100,100,0,0,0,False,True,True,311.1328,5.625
GeT_RiGhT-A-,CounterTerrorist,528.9333,2635.445,160.0313,Smoke,100,100,0,0,0,False,True,True,311.1328,5.625
GeT_RiGhT-A-,CounterTerrorist,528.9333,2635.445,160.0313,Smoke,100,100,0,0,0,False,True,True,311.1328,5.625
GeT_RiGhT-A-,CounterTerrorist,528.9333,2635.445,160.0313,Smoke,100,100,0,0,0,False,True,True,311.1328,5.625
GeT_RiGhT-A-,CounterTerrorist,528.9333,2635.445,160.0313,Smoke,100,100,0,0,0,False,True,True,311.1328,5.625
GeT_RiGhT-A-,CounterTerrorist,528.9333,2635.445,160.0313,Smoke,100,100,0,0,0,False,True,True,311.1328,5.625
GeT_RiGhT-A-,CounterTerrorist,528.9333,2635.445,160.0313,Smoke,100,100,0,0,0,False,True,True,311.1328,5.625
GeT_RiGhT-A-,CounterTerrorist,528.9333,2635.445,160.0313,Smoke,100,100,0,0,0,False,True,True,311.1328,5.625
GeT_RiGhT-A-,CounterTerrorist,528.9333,2635.445,160.0313,Smoke,100,100,0,0,0,False,True,True,311.1328,5.625
GeT_RiGhT-A-,CounterTerrorist,528.9333,2635.445,160.0313,Smoke,100,100,0,0,0,False,True,True,311.1328,5.625
GeT_RiGhT-A-,CounterTerrorist,528.9333,2635.445,160.0313,Smoke,100,100,0,0,0,False,True,True,311.1328,5.625
GeT_RiGhT-A-,CounterTerrorist,528.9333,2635.445,160.0313,Smoke,100,100,0,0,0,False,True,True,311.1328,5.625
GeT_RiGhT-A-,CounterTerrorist,528.9333,2635.445,160.0313,Smoke,100,100,0,0,0,False,True,True,311.1328,5.625
GeT_RiGhT-A-,CounterTerrorist,528.9333,2635.445,160.0313,Smoke,100,100,0,0,0,False,True,True,311.1328,5.625
GeT_RiGhT-A-,CounterTerrorist,528.9333,2635.445,160.0313,Smoke,100,100,0,0,0,False,True,True,311.1328,5.625
GeT_RiGhT-A-,CounterTerrorist,528.9333,2635.445,160.0313,Smoke,100,100,0,0,0,False,True,True,311.1328,5.625
GeT_RiGhT-A-,CounterTerrorist,528.9333,2635.445,160.0313,Smoke,100,100,0,0,0,False,True,True,311.1328,5.625
GeT_RiGhT-A-,CounterTerrorist,528.9333,2635.445,160.0313,Smoke,100,100,0,0,0,False,True,True,311.1328,5.625
GeT_RiGhT-A-,CounterTerrorist,528.9333,2635.445,160.0313,Smoke,100,100,0,0,0,False,True,True,311.1328,5.625
GeT_RiGhT-A-,CounterTerrorist,528.9333,2635.445,160.0313,Smoke,100,100,0,0,0,False,True,True,311.1328,5.625
GeT_RiGhT-A-,CounterTerrorist,528.9333,2635.445,160.0313,M4A1,100,100,0,0,0,False,True,True,311.1328,5.625
GeT_RiGhT-A-,CounterTerrorist,528.9333,2635.445,160.0313,M4A1,100,100,0,0,0,False,True,True,311.1328,5.625
GeT_RiGhT-A-,CounterTerrorist,528.9333,2635.445,160.0313,M4A1,100,100,0,0,0,False,True,True,311.1328,5.625
GeT_RiGhT-A-,CounterTerrorist,528.9333,2635.445,160.0313,M4A1,100,100,0,0,0,False,True,True,311.1328,5.625
GeT_RiGhT-A-,CounterTerrorist,528.2596,2635.72,160.0313,M4A1,100,100,-21.41428,3.92533,0,False,True,True,311.1328,5.625
GeT_RiGhT-A-,CounterTerrorist,526.1083,2635.965,160.0313,M4A1,100,100,-44.4975,4.196576,0,False,True,True,311.1328,5.625
GeT_RiGhT-A-,CounterTerrorist,522.5192,2636.266,160.0313,M4A1,100,100,-67.47646,5.345435,0,False,True,True,311.1328,5.625
GeT_RiGhT-A-,CounterTerrorist,517.5161,2636.641,160.0313,M4A1,100,100,-89.18798,6.407502,0,False,True,True,311.8359,5.625
GeT_RiGhT-A-,CounterTerrorist,511.339,2637.047,160.0313,M4A1,100,100,-105.6115,6.382696,0,False,True,True,313.2422,5.625
GeT_RiGhT-A-,CounterTerrorist,504.7137,2636.356,160.0313,M4A1,100,100,-106.0244,-23.56167,0,False,True,True,316.4063,5.273438
GeT_RiGhT-A-,CounterTerrorist,498.8971,2634.886,160.0313,M4A1,100,100,-81.10108,-20.50002,0,False,True,True,316.4063,5.273438
GeT_RiGhT-A-,CounterTerrorist,494.6301,2633.807,160.0313,M4A1,100,100,-58.68138,-14.83297,0,False,True,True,316.4063,5.273438
GeT_RiGhT-A-,CounterTerrorist,491.7294,2633.074,160.0313,M4A1,100,100,-36.86748,-9.319036,0,False,True,True,316.4063,5.273438
GeT_RiGhT-A-,CounterTerrorist,491.1735,2633.51,160.0313,M4A1,100,100,7.657515,14.28519,0,False,True,True,316.4063,5.273438
GeT_RiGhT-A-,CounterTerrorist,492.3091,2634.909,160.0313,M4A1,100,100,25.7777,29.0887,0,False,True,True,315.7031,5.273438
GeT_RiGhT-A-,CounterTerrorist,494.5118,2637.281,160.0313,M4A1,100,100,42.61624,44.80577,0,False,True,True,314.6484,4.921875
GeT_RiGhT-A-,CounterTerrorist,497.7757,2640.616,160.0313,M4A1,100,100,59.57541,59.72182,0,False,True,True,312.8906,4.570313
GeT_RiGhT-A-,CounterTerrorist,502.0074,2644.76,160.0313,M4A1,100,100,73.48512,70.82115,0,False,True,True,311.8359,4.570313
GeT_RiGhT-A-,CounterTerrorist,506.8516,2649.362,160.0313,M4A1,100,100,71.34765,67.5689,0,False,True,True,311.8359,4.570313
GeT_RiGhT-A-,CounterTerrorist,509.479,2651.91,160.0313,M4A1,100,100,20.03637,20.60102,0,False,True,True,311.4844,4.570313
GeT_RiGhT-A-,CounterTerrorist,509.3721,2651.873,160.0313,M4A1,100,100,-8.198909,-7.198449,0,False,True,True,311.4844,4.570313
GeT_RiGhT-A-,CounterTerrorist,509.279,2651.791,160.0313,M4A1,100,100,0,0,0,False,True,True,311.4844,4.21875
GeT_RiGhT-A-,CounterTerrorist,509.279,2651.791,160.0313,M4A1,100,100,0,0,0,False,True,True,311.1328,4.21875
GeT_RiGhT-A-,CounterTerrorist,509.279,2651.791,160.0313,M4A1,100,100,0,0,0,False,True,True,310.7813,3.867188
GeT_RiGhT-A-,CounterTerrorist,509.279,2651.791,160.0313,M4A1,100,100,0,0,0,False,True,True,310.4297,3.867188
GeT_RiGhT-A-,CounterTerrorist,509.279,2651.791,160.0313,M4A1,100,100,0,0,0,False,True,True,310.4297,3.867188
GeT_RiGhT-A-,CounterTerrorist,509.279,2651.791,160.0313,M4A1,100,100,0,0,0,False,True,True,310.4297,3.867188
GeT_RiGhT-A-,CounterTerrorist,509.279,2651.791,160.0313,M4A1,100,100,0,0,0,False,True,True,310.4297,3.867188
GeT_RiGhT-A-,CounterTerrorist,509.279,2651.791,160.0313,M4A1,100,100,0,0,0,False,True,True,310.4297,4.21875
GeT_RiGhT-A-,CounterTerrorist,509.279,2651.791,160.0313,M4A1,100,100,0,0,0,False,True,True,310.4297,4.21875
GeT_RiGhT-A-,CounterTerrorist,509.7405,2652.18,160.0313,M4A1,100,100,15.35506,12.9122,0,False,True,True,310.0781,4.21875
GeT_RiGhT-A-,CounterTerrorist,512.0297,2654.075,160.0313,M4A1,100,100,55.82407,45.71389,0,False,True,True,308.6719,4.21875
GeT_RiGhT-A-,CounterTerrorist,516.9861,2658.035,160.0313,M4A1,100,100,96.14833,75.40591,0,False,True,True,306.2109,4.570313
GeT_RiGhT-A-,CounterTerrorist,524.1504,2663.468,160.0313,M4A1,100,100,127.931,94.52014,0,False,True,True,303.0469,4.570313
GeT_RiGhT-A-,CounterTerrorist,533.0562,2669.815,160.0313,M4A1,100,100,152.9731,106.0969,0,False,True,True,300.9375,4.570313
GeT_RiGhT-A-,CounterTerrorist,543.3381,2676.687,160.0313,M4A1,100,100,172.8198,112.265,0,False,True,True,298.4766,4.921875
GeT_RiGhT-A-,CounterTerrorist,554.8699,2681.974,160.0313,M4A1,100,100,188.2573,57.88838,0,False,True,True,295.6641,4.921875
GeT_RiGhT-A-,CounterTerrorist,565.8681,2682.721,160.0313,M4A1,100,100,166.8155,-20.51736,0,False,True,True,292.8516,5.273438
GeT_RiGhT-A-,CounterTerrorist,575.6003,2679.271,160.0313,M4A1,100,100,147.4696,-79.73634,0,False,True,True,290.0391,4.921875
GeT_RiGhT-A-,CounterTerrorist,585.3922,2673.714,160.0313,M4A1,100,100,167.1754,-91.60809,0,False,True,True,290.3906,4.921875
GeT_RiGhT-A-,CounterTerrorist,596.5295,2667.811,160.0313,M4A1,100,100,185.9351,-96.42798,0,False,True,True,290.3906,4.921875
GeT_RiGhT-A-,CounterTerrorist,608.7343,2663.596,160.0313,M4A1,100,100,201.8737,-47.20627,0,False,True,True,289.6875,4.921875
GeT_RiGhT-A-,CounterTerrorist,621.8271,2661.839,157.1214,M4A1,100,100,215.2196,-16.06748,0,False,True,True,282.6563,3.867188
GeT_RiGhT-A-,CounterTerrorist,635.6794,2661.423,150.1952,M4A1,100,100,224.9966,-1.233558,0,False,True,True,276.3281,2.460938
GeT_RiGhT-A-,CounterTerrorist,649.7409,2661.571,143.1645,M4A1,100,100,224.9559,4.451438,0,False,True,True,274.2188,2.109375
GeT_RiGhT-A-,CounterTerrorist,663.798,2661.955,136.1359,M4A1,100,100,224.8842,7.218983,0,False,True,True,273.5156,1.757813
GeT_RiGhT-A-,CounterTerrorist,677.8516,2662.454,131.0428,M4A1,100,100,224.8448,8.356399,0,False,True,True,272.4609,1.40625
GeT_RiGhT-A-,CounterTerrorist,690.8203,2662.938,130.0452,M4A1,100,100,164.5402,6.785595,0,False,True,True,270,0.703125
GeT_RiGhT-A-,CounterTerrorist,697.0469,2663.323,129.5662,M4A1,100,100,61.50014,5.754921,0,False,True,True,268.5938,0.3515625
GeT_RiGhT-A-,CounterTerrorist,700.1031,2663.609,129.3311,M4A1,100,100,39.09801,3.658625,0,False,True,True,268.5938,0.3515625
GeT_RiGhT-A-,CounterTerrorist,701.7592,2663.764,129.2037,M4A1,100,100,16.69588,1.562329,0,False,True,True,268.5938,0.703125
GeT_RiGhT-A-,CounterTerrorist,702.0832,2663.794,129.1788,M4A1,100,100,0,0,0,False,True,True,268.5938,1.054688
GeT_RiGhT-A-,CounterTerrorist,702.0832,2663.794,129.1788,M4A1,100,100,0,0,0,False,True,True,268.5938,1.757813
GeT_RiGhT-A-,CounterTerrorist,702.0832,2663.794,129.1788,M4A1,100,100,0,0,0,False,True,True,268.5938,2.109375
GeT_RiGhT-A-,CounterTerrorist,702.2918,2663.788,129.1628,M4A1,100,100,16.86813,-0.4813678,0,False,True,True,268.2422,2.460938
GeT_RiGhT-A-,CounterTerrorist,704.903,2664.744,128.9619,M4A1,100,100,58.16655,34.61078,0,False,True,True,267.8906,3.164063
GeT_RiGhT-A-,CounterTerrorist,709.767,2668.211,128.5877,M4A1,100,100,87.78139,66.41279,0,False,True,True,267.1875,3.164063
GeT_RiGhT-A-,CounterTerrorist,715.4427,2672.66,128.1511,M4A1,100,100,91.33107,73.12752,0,False,True,True,267.1875,3.515625
GeT_RiGhT-A-,CounterTerrorist,721.1063,2677.286,128.0313,M4A1,100,100,90.11745,74.61798,0,False,True,True,267.1875,3.515625
GeT_RiGhT-A-,CounterTerrorist,726.7061,2681.989,128.0313,M4A1,100,100,89.22994,75.67704,0,False,True,True,267.1875,3.515625
GeT_RiGhT-A-,CounterTerrorist,732.2589,2686.747,128.0313,M4A1,100,100,88.57687,76.44041,0,False,True,True,267.1875,3.515625
GeT_RiGhT-A-,CounterTerrorist,737.7963,2691.52,128.0313,M4A1,100,100,90.52256,73.76748,0,False,True,True,267.1875,3.515625
GeT_RiGhT-A-,CounterTerrorist,744.0155,2695.326,128.0313,M4A1,100,100,105.1017,51.4066,0,False,True,True,266.4844,3.515625
GeT_RiGhT-A-,CounterTerrorist,750.861,2697.874,128.0313,M4A1,100,100,112.1848,33.2199,0,False,True,True,265.7813,3.164063
GeT_RiGhT-A-,CounterTerrorist,757.8973,2699.854,128.4784,M4A1,100,100,110.8742,37.36192,0,False,True,True,265.0781,3.164063
GeT_RiGhT-A-,CounterTerrorist,764.6399,2702.674,128.8945,M4A1,100,100,105.631,50.30999,0,False,True,True,264.7266,2.8125
GeT_RiGhT-A-,CounterTerrorist,771.0833,2706.128,129.2365,M4A1,100,100,101.2815,58.57521,0,False,True,True,264.375,2.8125
GeT_RiGhT-A-,CounterTerrorist,777.2943,2709.986,129.5276,M4A1,100,100,98.0864,63.78131,0,False,True,True,264.375,2.8125
GeT_RiGhT-A-,CounterTerrorist,783.3452,2714.091,129.7857,M4A1,100,100,95.94451,66.96006,0,False,True,True,264.375,2.8125
GeT_RiGhT-A-,CounterTerrorist,789.2885,2718.351,130.0226,M4A1,100,100,94.53001,68.94254,0,False,True,True,264.0234,2.460938
GeT_RiGhT-A-,CounterTerrorist,795.1685,2722.698,130.2473,M4A1,100,100,93.83793,69.88163,0,False,True,True,262.6172,2.109375
GeT_RiGhT-A-,CounterTerrorist,801.0256,2727.077,130.4676,M4A1,100,100,93.6702,70.10629,0,False,True,True,261.9141,2.109375
GeT_RiGhT-A-,CounterTerrorist,807.1161,2731.07,130.7377,M4A1,100,100,103.475,53.93897,0,False,True,True,261.2109,1.757813
GeT_RiGhT-A-,CounterTerrorist,813.9426,2733.657,131.1785,M4A1,100,100,112.4457,32.32594,0,False,True,True,260.8594,1.757813
GeT_RiGhT-A-,CounterTerrorist,821.1102,2735.076,131.3601,M4A1,100,100,115.9009,15.9995,0,False,True,True,260.5078,1.757813
GeT_RiGhT-A-,CounterTerrorist,826.3398,2736.056,131.4408,M4A1,100,100,53.24857,16.82956,0,False,True,True,260.1563,1.757813
GeT_RiGhT-A-,CounterTerrorist,827.4412,2736.992,131.4147,M4A1,100,100,-6.588324,10.73956,0,False,True,True,260.1563,1.757813
GeT_RiGhT-A-,CounterTerrorist,826.0823,2737.5,131.3357,M4A1,100,100,-32.15202,8.155774,0,False,True,True,260.5078,1.757813
GeT_RiGhT-A-,CounterTerrorist,823.2652,2738.092,131.2058,M4A1,100,100,-55.09441,10.60147,0,False,True,True,261.2109,1.757813
GeT_RiGhT-A-,CounterTerrorist,819.0193,2738.856,131.0192,M4A1,100,100,-77.8764,13.53783,0,False,True,True,261.2109,1.757813
GeT_RiGhT-A-,CounterTerrorist,813.4551,2739.793,130.6845,M4A1,100,100,-96.85927,15.99506,0,False,True,True,261.5625,1.757813
GeT_RiGhT-A-,CounterTerrorist,807.0063,2740.381,130.0462,M4A1,100,100,-105.8893,-2.030993,0,False,True,True,261.9141,1.757813
GeT_RiGhT-A-,CounterTerrorist,800.2444,2739.386,129.4948,M4A1,100,100,-109.7577,-25.73365,0,False,True,True,262.6172,1.757813
GeT_RiGhT-A-,CounterTerrorist,793.3482,2737.149,129.0219,M4A1,100,100,-109.0915,-42.28522,0,False,True,True,262.9688,1.757813
GeT_RiGhT-A-,CounterTerrorist,786.6944,2734.123,128.6292,M4A1,100,100,-104.4969,-52.62497,0,False,True,True,263.6719,1.757813
GeT_RiGhT-A-,CounterTerrorist,780.3043,2730.57,128.2993,M4A1,100,100,-100.5959,-59.74501,0,False,True,True,264.375,1.757813
GeT_RiGhT-A-,CounterTerrorist,774.1336,2726.648,128.0313,M4A1,100,100,-97.38041,-64.85411,0,False,True,True,265.7813,1.40625
GeT_RiGhT-A-,CounterTerrorist,768.1506,2722.445,128.0313,M4A1,100,100,-94.44688,-69.0564,0,False,True,True,267.8906,1.054688
GeT_RiGhT-A-,CounterTerrorist,762.1741,2718.241,128.0313,M4A1,100,100,-100.2842,-60.26674,0,False,True,True,270,0.3515625
GeT_RiGhT-A-,CounterTerrorist,755.571,2715.117,128.0313,M4A1,100,100,-108.8802,-42.82629,0,False,True,True,271.4063,359.2969
GeT_RiGhT-A-,CounterTerrorist,748.6105,2712.886,128.0313,M4A1,100,100,-112.8587,-30.85316,0,False,True,True,272.8125,358.2422
GeT_RiGhT-A-,CounterTerrorist,741.6113,2710.793,128.0313,M4A1,100,100,-109.2529,-41.8665,0,False,True,True,273.8672,357.5391
GeT_RiGhT-A-,CounterTerrorist,735.0641,2707.553,128.0313,M4A1,100,100,-101.2346,-58.65629,0,False,True,True,274.9219,357.1875
GeT_RiGhT-A-,CounterTerrorist,729.0031,2703.469,128.0313,M4A1,100,100,-93.845,-69.87213,0,False,True,True,275.625,356.8359
GeT_RiGhT-A-,CounterTerrorist,723.354,2698.828,128.0313,M4A1,100,100,-87.92401,-77.19045,0,False,True,True,275.9766,356.8359
GeT_RiGhT-A-,CounterTerrorist,717.9581,2693.894,128.0313,M4A1,100,100,-88.95759,-75.99702,0,False,True,True,276.6797,356.8359
GeT_RiGhT-A-,CounterTerrorist,711.9218,2689.784,128.422,M4A1,100,100,-101.3561,-58.44611,0,False,True,True,277.3828,356.4844
GeT_RiGhT-A-,CounterTerrorist,705.3384,2686.611,128.9284,M4A1,100,100,-107.8171,-45.43647,0,False,True,True,278.0859,356.4844
GeT_RiGhT-A-,CounterTerrorist,698.5877,2683.81,129.4477,M4A1,100,100,-105.2017,-51.20147,0,False,True,True,278.4375,356.4844
GeT_RiGhT-A-,CounterTerrorist,692.339,2680.025,129.9283,M4A1,100,100,-96.00331,-66.87572,0,False,True,True,279.1406,356.1328
GeT_RiGhT-A-,CounterTerrorist,686.6324,2675.458,130.3673,M4A1,100,100,-87.84264,-77.28305,0,False,True,True,280.5469,356.1328
GeT_RiGhT-A-,CounterTerrorist,681.3903,2670.363,130.7706,M4A1,100,100,-80.9931,-84.4341,0,False,True,True,281.6016,356.1328
GeT_RiGhT-A-,CounterTerrorist,676.5278,2664.903,131.1446,M4A1,100,100,-75.50336,-89.37695,0,False,True,True,282.6563,356.1328
GeT_RiGhT-A-,CounterTerrorist,671.3836,2659.77,132.3431,M4A1,100,100,-84.88367,-74.00227,0,False,True,True,283.0078,356.1328
GeT_RiGhT-A-,CounterTerrorist,668.3367,2656.209,133.8666,M4A1,100,100,-22.92809,-44.32767,0,False,True,True,283.3594,356.1328
GeT_RiGhT-A-,CounterTerrorist,668.5758,2654.546,133.747,M4A1,100,100,20.11179,-13.36126,0,False,True,True,283.3594,356.1328
GeT_RiGhT-A-,CounterTerrorist,670.6516,2654.311,132.7091,M4A1,100,100,42.86775,1.605524,0,False,True,True,283.0078,356.1328
GeT_RiGhT-A-,CounterTerrorist,674.1037,2654.697,131.3311,M4A1,100,100,64.90988,9.277911,0,False,True,True,281.9531,356.1328
GeT_RiGhT-A-,CounterTerrorist,678.9305,2655.483,130.9598,M4A1,100,100,86.32031,14.91226,0,False,True,True,281.6016,356.1328
GeT_RiGhT-A-,CounterTerrorist,684.9305,2656.552,130.4982,M4A1,100,100,102.833,18.43551,0,False,True,True,280.1953,356.1328
GeT_RiGhT-A-,CounterTerrorist,691.8113,2657.758,129.9689,M4A1,100,100,115.2365,19.6065,0,False,True,True,277.3828,356.1328
GeT_RiGhT-A-,CounterTerrorist,699.0357,2658.888,129.4132,M4A1,100,100,115.8388,16.44263,0,False,True,True,272.1094,356.1328
GeT_RiGhT-A-,CounterTerrorist,706.2994,2659.726,128.8545,M4A1,100,100,116.5004,10.80065,0,False,True,True,267.5391,356.4844
GeT_RiGhT-A-,CounterTerrorist,713.5963,2660.194,128.2932,M4A1,100,100,116.8906,5.058527,0,False,True,True,265.7813,356.4844
GeT_RiGhT-A-,CounterTerrorist,720.9066,2660.354,128.0313,M4A1,100,100,116.9967,0.8741416,0,False,True,True,265.4297,356.4844
GeT_RiGhT-A-,CounterTerrorist,728.2188,2660.3,128.0313,M4A1,100,100,116.9806,-2.127756,0,False,True,True,265.0781,356.4844
GeT_RiGhT-A-,CounterTerrorist,735.5279,2660.08,128.0313,M4A1,100,100,116.9125,-4.523213,0,False,True,True,264.375,356.8359
GeT_RiGhT-A-,CounterTerrorist,742.8317,2659.725,128.0313,M4A1,100,100,116.8169,-6.542354,0,False,True,True,264.0234,357.1875
GeT_RiGhT-A-,CounterTerrorist,750.1289,2659.254,128.0473,M4A1,100,100,116.7078,-8.264277,0,False,True,True,263.3203,357.5391
GeT_RiGhT-A-,CounterTerrorist,757.4191,2658.684,128.9446,M4A1,100,100,116.5914,-9.769567,0,False,True,True,262.9688,357.8906
GeT_RiGhT-A-,CounterTerrorist,764.7034,2659.065,129.8411,M4A1,100,100,115.7441,17.09656,0,False,True,True,262.6172,358.2422
GeT_RiGhT-A-,CounterTerrorist,771.7949,2660.818,130.5683,M4A1,100,100,111.493,35.47275,0,False,True,True,262.2656,358.5938
GeT_RiGhT-A-,CounterTerrorist,778.6008,2663.483,131.1568,M4A1,100,100,106.9551,47.42997,0,False,True,True,261.9141,358.5938
GeT_RiGhT-A-,CounterTerrorist,785.1532,2666.726,131.7132,M4A1,100,100,103.3732,54.79936,0,False,True,True,260.8594,358.9453
GeT_RiGhT-A-,CounterTerrorist,791.5307,2670.303,132.2485,M4A1,100,100,101.1847,58.74224,0,False,True,True,260.1563,359.2969
GeT_RiGhT-A-,CounterTerrorist,797.8935,2673.899,132.7822,M4A1,100,100,105.4008,50.7905,0,False,True,True,259.8047,359.6484
GeT_RiGhT-A-,CounterTerrorist,804.7927,2676.29,133.3834,M4A1,100,100,113.2216,29.49352,0,False,True,True,261.2109,358.9453
GeT_RiGhT-A-,CounterTerrorist,811.9816,2677.605,134.0273,M4A1,100,100,115.9667,15.51526,0,False,True,True,264.0234,358.5938
GeT_RiGhT-A-,CounterTerrorist,817.9282,2678.414,134.3691,M4A1,100,100,67.40482,12.16159,0,False,True,True,267.1875,357.5391
GeT_RiGhT-A-,CounterTerrorist,819.7839,2679.028,134.4318,M4A1,100,100,1.075711,6.180526,0,False,True,True,268.5938,356.8359
GeT_RiGhT-A-,CounterTerrorist,818.8046,2679.116,134.4003,M4A1,100,100,-25.82922,0.6711347,0,False,True,True,270,356.1328
GeT_RiGhT-A-,CounterTerrorist,816.4585,2679.324,134.3251,M4A1,100,100,-43.94467,11.5786,0,False,True,True,270.3516,356.1328
GeT_RiGhT-A-,CounterTerrorist,813.3087,2680.886,134.1008,M4A1,100,100,-55.82124,34.49864,0,False,True,True,270.3516,355.7813
GeT_RiGhT-A-,CounterTerrorist,809.3455,2683.715,133.6928,M4A1,100,100,-69.14209,53.02757,0,False,True,True,270.7031,355.7813
GeT_RiGhT-A-,CounterTerrorist,804.6408,2687.539,133.2014,M4A1,100,100,-79.5915,66.89303,0,False,True,True,271.0547,355.7813
GeT_RiGhT-A-,CounterTerrorist,799.3804,2692.091,132.6479,M4A1,100,100,-87.39777,76.99228,0,False,True,True,271.0547,355.7813
GeT_RiGhT-A-,CounterTerrorist,793.4305,2696.309,132.0178,M4A1,100,100,-101.6874,57.86776,0,False,True,True,271.4063,355.7813
GeT_RiGhT-A-,CounterTerrorist,786.7452,2699.25,131.1855,M4A1,100,100,-110.1782,39.36698,0,False,True,True,272.1094,355.7813
GeT_RiGhT-A-,CounterTerrorist,779.7029,2701.204,130.3925,M4A1,100,100,-114.1679,25.58679,0,False,True,True,272.4609,355.7813
GeT_RiGhT-A-,CounterTerrorist,772.4977,2702.44,129.637,M4A1,100,100,-115.9335,15.76128,0,False,True,True,272.4609,355.7813
GeT_RiGhT-A-,CounterTerrorist,765.2227,2703.169,128.9121,M4A1,100,100,-116.6618,8.889374,0,False,True,True,272.8125,355.7813
GeT_RiGhT-A-,CounterTerrorist,757.9211,2703.559,128.2096,M4A1,100,100,-116.9152,4.45487,0,False,True,True,272.8125,356.1328
GeT_RiGhT-A-,CounterTerrorist,750.6449,2703.352,128.0313,M4A1,100,100,-115.2976,-15.10905,0,False,True,True,270.7031,357.1875
GeT_RiGhT-A-,CounterTerrorist,743.5771,2701.545,128.0313,M4A1,100,100,-110.6397,-38.05073,0,False,True,True,268.2422,358.5938
GeT_RiGhT-A-,CounterTerrorist,736.8784,2698.626,128.0313,M4A1,100,100,-104.5474,-52.52474,0,False,True,True,267.8906,358.5938
GeT_RiGhT-A-,CounterTerrorist,730.5347,2694.993,128.0313,M4A1,100,100,-99.298,-61.87815,0,False,True,True,267.8906,358.5938
GeT_RiGhT-A-,CounterTerrorist,724.4767,2690.9,128.0313,M4A1,100,100,-95.27327,-67.91173,0,False,True,True,267.8906,358.5938
GeT_RiGhT-A-,CounterTerrorist,718.5716,2686.589,128.0313,M4A1,100,100,-97.09402,-65.28207,0,False,True,True,268.5938,358.5938
GeT_RiGhT-A-,CounterTerrorist,712.0942,2683.217,128.4087,M4A1,100,100,-107.5755,-46.00552,0,False,True,True,270.7031,358.2422
GeT_RiGhT-A-,CounterTerrorist,705.9628,2680.843,128.8804,M4A1,100,100,-73.28304,-32.30946,0,False,True,True,272.8125,357.1875
GeT_RiGhT-A-,CounterTerrorist,703.6763,2679.306,129.0508,M4A1,100,100,-9.11554,-17.22938,0,False,True,True,273.5156,356.8359
GeT_RiGhT-A-,CounterTerrorist,704.9567,2678.909,128.9578,M4A1,100,100,44.76351,-1.633746,0,False,True,True,272.8125,356.8359
GeT_RiGhT-A-,CounterTerrorist,709.5237,2678.913,128.6064,M4A1,100,100,87.65925,0.7235944,0,False,True,True,271.0547,357.8906
GeT_RiGhT-A-,CounterTerrorist,715.6216,2678.965,128.1374,M4A1,100,100,104.5202,0.7559634,0,False,True,True,270,358.5938
GeT_RiGhT-A-,CounterTerrorist,722.6101,2678.99,128.0313,M4A1,100,100,116.9365,0.02097791,0,False,True,True,268.9453,358.5938
GeT_RiGhT-A-,CounterTerrorist,729.9226,2678.959,128.0313,M4A1,100,100,116.9964,-0.9128677,0,False,True,True,267.8906,358.9453
GeT_RiGhT-A-,CounterTerrorist,737.2344,2678.865,128.0313,M4A1,100,100,116.9834,-1.967537,0,False,True,True,267.5391,359.2969
GeT_RiGhT-A-,CounterTerrorist,744.5452,2678.703,128.0313,M4A1,100,100,116.9583,-3.122183,0,False,True,True,266.4844,359.2969
GeT_RiGhT-A-,CounterTerrorist,751.8536,2678.459,128.2596,M4A1,100,100,116.9122,-4.532367,0,False,True,True,265.4297,359.2969
GeT_RiGhT-A-,CounterTerrorist,759.1583,2678.123,129.1436,M4A1,100,100,116.8422,-6.073581,0,False,True,True,264.375,359.2969
GeT_RiGhT-A-,CounterTerrorist,766.4575,2677.682,129.8239,M4A1,100,100,116.7386,-7.81663,0,False,True,True,263.3203,359.2969
GeT_RiGhT-A-,CounterTerrorist,773.7488,2677.128,130.5053,M4A1,100,100,116.596,-9.713927,0,False,True,True,262.2656,357.8906
GeT_RiGhT-A-,CounterTerrorist,779.2747,2676.694,131.0218,M4A1,100,100,58.07115,-3.625889,0,False,True,True,262.6172,356.4844
GeT_RiGhT-A-,CounterTerrorist,780.5574,2676.675,131.1405,M4A1,100,100,-5.644407,0.6988014,0,False,True,True,262.9688,357.5391
GeT_RiGhT-A-,CounterTerrorist,779.4022,2676.819,131.0317,M4A1,100,100,-28.46594,3.558401,0,False,True,True,262.9688,358.2422
GeT_RiGhT-A-,CounterTerrorist,776.8214,2677.147,130.7886,M4A1,100,100,-51.2697,6.557611,0,False,True,True,262.6172,358.5938
GeT_RiGhT-A-,CounterTerrorist,772.8152,2677.662,130.4111,M4A1,100,100,-74.07616,9.535248,0,False,True,True,262.6172,359.2969
GeT_RiGhT-A-,CounterTerrorist,767.6793,2677.499,129.9395,M4A1,100,100,-87.04112,-14.19409,0,False,True,True,262.6172,0.703125
GeT_RiGhT-A-,CounterTerrorist,761.9193,2675.853,129.4323,M4A1,100,100,-95.74564,-34.8613,0,False,True,True,262.6172,2.460938
GeT_RiGhT-A-,CounterTerrorist,755.7028,2673.112,128.7334,M4A1,100,100,-102.0688,-50.19777,0,False,True,True,262.9688,3.867188
GeT_RiGhT-A-,CounterTerrorist,749.2789,2669.663,128.0313,M4A1,100,100,-103.3058,-54.92636,0,False,True,True,263.3203,4.21875
GeT_RiGhT-A-,CounterTerrorist,742.4882,2666.978,128.0313,M4A1,100,100,-111.7888,-34.529,0,False,True,True,264.0234,4.570313
GeT_RiGhT-A-,CounterTerrorist,735.3635,2665.351,128.0313,M4A1,100,100,-115.222,-20.31991,0,False,True,True,265.4297,4.570313
GeT_RiGhT-A-,CounterTerrorist,728.2303,2663.781,128.0313,M4A1,100,100,-112.0186,-33.77613,0,False,True,True,266.8359,4.921875
GeT_RiGhT-A-,CounterTerrorist,721.4385,2661.087,128.0313,M4A1,100,100,-106.0247,-49.47484,0,False,True,True,267.8906,5.273438
GeT_RiGhT-A-,CounterTerrorist,715.0115,2657.606,128.1843,M4A1,100,100,-100.4832,-59.93427,0,False,True,True,268.2422,5.625
GeT_RiGhT-A-,CounterTerrorist,708.4808,2654.339,128.6867,M4A1,100,100,-108.3416,-44.17112,0,False,True,True,268.9453,5.976563
GeT_RiGhT-A-,CounterTerrorist,701.5229,2652.105,129.2219,M4A1,100,100,-113.1058,-29.93454,0,False,True,True,269.6484,5.625
GeT_RiGhT-A-,CounterTerrorist,694.3715,2650.588,129.772,M4A1,100,100,-115.1912,-20.49347,0,False,True,True,270.7031,4.570313
GeT_RiGhT-A-,CounterTerrorist,687.1388,2649.514,130.3284,M4A1,100,100,-115.9971,-15.28601,0,False,True,True,272.8125,3.867188
GeT_RiGhT-A-,CounterTerrorist,679.8787,2648.642,130.8868,M4A1,100,100,-116.2532,-13.1978,0,False,True,True,274.2188,5.273438
GeT_RiGhT-A-,CounterTerrorist,672.6089,2647.852,131.7305,M4A1,100,100,-116.3551,-12.26733,0,False,True,True,274.5703,7.03125
GeT_RiGhT-A-,CounterTerrorist,665.3413,2647.055,135.3643,M4A1,100,100,-115.6283,-17.86358,0,False,True,True,268.9453,8.4375
GeT_RiGhT-A-,CounterTerrorist,658.2646,2645.238,138.9026,M4A1,100,100,-111.538,-35.33079,0,False,True,True,255.2344,8.4375
GeT_RiGhT-A-,CounterTerrorist,651.3331,2642.909,142.3684,M4A1,100,100,-111.0718,-36.77035,0,False,True,True,237.6563,7.734375
GeT_RiGhT-A-,CounterTerrorist,644.2999,2640.916,145.885,M4A1,100,100,-113.8561,-26.94056,0,False,True,True,222.1875,5.976563
GeT_RiGhT-A-,CounterTerrorist,637.0907,2639.718,149.4896,M4A1,100,100,-116.2757,-12.99838,0,False,True,True,214.1016,5.273438
GeT_RiGhT-A-,CounterTerrorist,629.7906,2639.351,153.1396,M4A1,100,100,-116.9967,-0.8799538,0,False,True,True,212.6953,5.273438
GeT_RiGhT-A-,CounterTerrorist,622.4809,2639.511,156.7945,M4A1,100,100,-116.9977,-0.7375616,0,False,True,True,212.6953,5.273438
GeT_RiGhT-A-,CounterTerrorist,615.2234,2638.694,160.0313,M4A1,100,100,-114.9999,-21.54116,0,False,True,True,212.6953,5.273438
GeT_RiGhT-A-,CounterTerrorist,608.1587,2636.823,160.0313,M4A1,100,100,-111.4479,-35.61423,0,False,True,True,212.6953,5.273438
GeT_RiGhT-A-,CounterTerrorist,601.262,2634.397,160.0313,M4A1,100,100,-111.6783,-34.88487,0,False,True,True,212.6953,5.273438
GeT_RiGhT-A-,CounterTerrorist,594.1108,2632.907,160.0313,M4A1,100,100,-115.8822,-16.13449,0,False,True,True,212.6953,5.273438
GeT_RiGhT-A-,CounterTerrorist,586.8204,2632.387,160.0313,M4A1,100,100,-116.9618,-2.989065,0,False,True,True,213.0469,5.273438
GeT_RiGhT-A-,CounterTerrorist,579.5108,2632.528,160.0313,M4A1,100,100,-116.8575,5.772583,0,False,True,True,213.3984,5.273438
GeT_RiGhT-A-,CounterTerrorist,572.2277,2632.021,160.0313,M4A1,100,100,-115.6431,-17.76689,0,False,True,True,214.4531,5.273438
GeT_RiGhT-A-,CounterTerrorist,565.1264,2630.301,160.0313,M4A1,100,100,-111.8971,-34.1766,0,False,True,True,214.4531,5.273438
GeT_RiGhT-A-,CounterTerrorist,558.2744,2627.756,160.0313,M4A1,100,100,-107.9178,-45.19666,0,False,True,True,214.8047,5.625
GeT_RiGhT-A-,CounterTerrorist,551.6561,2624.649,160.0313,M4A1,100,100,-104.3918,-52.8333,0,False,True,True,215.8594,5.976563
GeT_RiGhT-A-,CounterTerrorist,545.2386,2621.146,160.0313,M4A1,100,100,-101.4546,-58.27488,0,False,True,True,216.9141,5.976563
GeT_RiGhT-A-,CounterTerrorist,538.9821,2617.361,160.0313,M4A1,100,100,-99.10917,-62.18015,0,False,True,True,217.9688,6.328125
GeT_RiGhT-A-,CounterTerrorist,532.8631,2613.358,160.0313,M4A1,100,100,-96.98646,-65.44177,0,False,True,True,219.375,6.679688
GeT_RiGhT-A-,CounterTerrorist,526.8722,2609.165,160.0313,M4A1,100,100,-94.99048,-68.30672,0,False,True,True,220.4297,6.679688
GeT_RiGhT-A-,CounterTerrorist,521.0021,2604.805,160.0313,M4A1,100,100,-93.1111,-70.84717,0,False,True,True,221.8359,7.03125
GeT_RiGhT-A-,CounterTerrorist,515.2453,2600.296,160.0313,M4A1,100,100,-91.34077,-73.11541,0,False,True,True,222.8906,7.03125
GeT_RiGhT-A-,CounterTerrorist,509.6008,2595.648,160.0313,M4A1,100,100,-89.39828,-75.47812,0,False,True,True,225.7031,7.382813
GeT_RiGhT-A-,CounterTerrorist,504.3652,2590.739,160.0313,M4A1,100,100,-68.86713,-81.04474,0,False,True,True,238.0078,8.085938
GeT_RiGhT-A-,CounterTerrorist,502.0882,2585.936,160.0313,M4A1,100,100,-12.78625,-70.99453,0,False,True,True,265.4297,10.89844
GeT_RiGhT-A-,CounterTerrorist,502.8249,2582.534,160.0313,Flash,100,100,27.35837,-37.87806,0,False,True,True,300.5859,12.65625
GeT_RiGhT-A-,CounterTerrorist,505.0434,2581.73,160.0313,Flash,100,100,37.2181,5.983447,0,False,True,True,334.3359,11.60156
GeT_RiGhT-A-,CounterTerrorist,507.1588,2583.306,160.0313,Flash,100,100,31.35338,38.35545,0,False,True,True,345.9375,8.789063
GeT_RiGhT-A-,CounterTerrorist,509.0664,2586.601,160.0313,Flash,100,100,30.59793,63.45172,0,False,True,True,345.5859,8.4375
GeT_RiGhT-A-,CounterTerrorist,511.5274,2591.021,160.0313,Flash,100,100,50.41379,72.18701,0,False,True,True,345.5859,8.4375
GeT_RiGhT-A-,CounterTerrorist,515.4523,2595.583,160.0313,Flash,100,100,71.49203,73.563,0,False,True,True,345.5859,8.4375
GeT_RiGhT-A-,CounterTerrorist,520.4919,2600.215,160.0313,Flash,100,100,87.05774,74.50823,0,False,True,True,345.5859,8.4375
GeT_RiGhT-A-,CounterTerrorist,526.3439,2604.914,160.0313,Flash,100,100,97.89729,76.19167,0,False,True,True,350.5078,9.140625
GeT_RiGhT-A-,CounterTerrorist,531.7626,2610.232,160.0313,Flash,100,100,73.94012,90.27266,0,True,True,True,12.65625,10.19531
GeT_RiGhT-A-,CounterTerrorist,535.2625,2615.861,160.0313,Flash,100,100,41.38166,88.72077,0,True,True,True,44.29688,11.25
GeT_RiGhT-A-,CounterTerrorist,536.7375,2621.049,160.0313,Flash,100,100,14.82999,75.68195,0,True,True,True,67.14844,11.25
GeT_RiGhT-A-,CounterTerrorist,537.2441,2625.073,160.0313,Flash,100,100,-2.876922,57.26716,0,False,True,True,75.58594,10.54688
GeT_RiGhT-A-,CounterTerrorist,536.2043,2628.137,160.0313,Flash,100,100,-25.77652,43.03347,0,False,True,True,75.9375,10.54688
GeT_RiGhT-A-,CounterTerrorist,534.0569,2630.454,160.0313,Flash,100,100,-40.15561,33.178,0,False,True,True,75.9375,10.54688
GeT_RiGhT-A-,CounterTerrorist,531.1722,2632.318,160.0313,Flash,100,100,-50.45922,27.73252,0,False,True,True,75.9375,10.54688
GeT_RiGhT-A-,CounterTerrorist,527.7094,2633.948,160.0313,Flash,100,100,-59.10356,25.09555,0,False,True,True,75.9375,10.54688
GeT_RiGhT-A-,CounterTerrorist,523.7694,2635.263,160.0313,Flash,100,100,-65.1888,13.45383,0,False,True,True,75.23438,10.54688
GeT_RiGhT-A-,CounterTerrorist,519.5375,2635.554,160.0313,Flash,100,100,-70.14311,-0.1301885,0,False,True,True,58.00781,10.54688
GeT_RiGhT-A-,CounterTerrorist,514.9175,2635.604,160.0313,Flash,100,100,-76.22543,4.630968,0,False,True,True,14.41406,9.84375
GeT_RiGhT-A-,CounterTerrorist,510.7518,2636.631,160.0313,M4A1,100,100,-52.57356,25.40185,0,False,True,True,325.1953,7.03125
GeT_RiGhT-A-,CounterTerrorist,508.847,2638.49,160.0313,M4A1,100,100,-13.85773,30.56293,0,False,True,True,307.2656,5.273438
GeT_RiGhT-A-,CounterTerrorist,508.9434,2640.266,160.0313,M4A1,100,100,10.78605,26.61155,0,False,True,True,306.9141,5.625
GeT_RiGhT-A-,CounterTerrorist,510.068,2641.871,160.0313,M4A1,100,100,22.60736,25.56264,0,False,True,True,306.9141,5.625
GeT_RiGhT-A-,CounterTerrorist,511.7693,2643.526,160.0313,M4A1,100,100,30.53282,27.48923,0,False,True,True,306.9141,5.625
GeT_RiGhT-A-,CounterTerrorist,513.918,2645.353,160.0313,M4A1,100,100,37.26959,30.67768,0,True,True,True,306.9141,5.273438
GeT_RiGhT-A-,CounterTerrorist,516.4698,2647.399,160.0313,M4A1,100,100,43.57664,34.37535,0,True,True,True,306.5625,5.273438
GeT_RiGhT-A-,CounterTerrorist,519.4156,2649.676,160.0313,M4A1,100,100,49.91949,37.99851,0,True,True,True,305.1563,5.625
GeT_RiGhT-A-,CounterTerrorist,523.121,2652.404,160.0313,M4A1,100,100,67.79459,48.54742,0,False,True,True,302.3438,5.625
GeT_RiGhT-A-,CounterTerrorist,527.9725,2655.703,160.0313,M4A1,100,100,84.82015,55.20772,0,False,True,True,297.0703,5.273438
GeT_RiGhT-A-,CounterTerrorist,533.7749,2659.257,160.0313,M4A1,100,100,98.50951,57.92379,0,False,True,True,295.3125,4.21875
GeT_RiGhT-A-,CounterTerrorist,540.1253,2662.86,160.0313,M4A1,100,100,102.3082,56.76291,0,False,True,True,295.6641,4.21875
GeT_RiGhT-A-,CounterTerrorist,546.5537,2666.345,160.0313,M4A1,100,100,103.2295,55.06958,0,False,True,True,295.6641,4.21875
GeT_RiGhT-A-,CounterTerrorist,552.2996,2669.394,160.0313,M4A1,100,100,72.14911,38.6977,0,False,True,True,295.6641,4.21875
GeT_RiGhT-A-,CounterTerrorist,554.66,2670.731,160.0313,M4A1,100,100,11.32406,7.811559,0,False,True,True,295.6641,4.570313
GeT_RiGhT-A-,CounterTerrorist,554.3386,2670.601,160.0313,M4A1,100,100,-3.168323,-1.501683,0,False,True,True,295.3125,4.570313
GeT_RiGhT-A-,CounterTerrorist,554.3386,2670.601,160.0313,M4A1,100,100,0,0,0,False,True,True,295.6641,4.21875
GeT_RiGhT-A-,CounterTerrorist,554.3386,2670.601,160.0313,M4A1,100,100,0,0,0,False,True,True,295.6641,4.21875
GeT_RiGhT-A-,CounterTerrorist,554.7412,2670.795,160.0313,M4A1,100,100,15.49104,7.44566,0,False,True,True,295.6641,3.867188
GeT_RiGhT-A-,CounterTerrorist,556.4394,2671.608,160.0313,M4A1,100,100,36.26518,17.31665,0,False,True,True,295.3125,3.867188
GeT_RiGhT-A-,CounterTerrorist,559.277,2672.958,160.0313,M4A1,100,100,41.65253,19.81331,0,False,True,True,295.3125,3.867188
GeT_RiGhT-A-,CounterTerrorist,559.8397,2673.228,160.0313,M4A1,100,100,-9.608242,-4.535127,0,False,True,True,295.3125,3.867188
GeT_RiGhT-A-,CounterTerrorist,558.7491,2672.713,160.0313,M4A1,100,100,-14.97551,-7.074096,0,False,True,True,295.3125,3.867188
GeT_RiGhT-A-,CounterTerrorist,558.4622,2672.578,160.0313,M4A1,100,100,0,0,0,False,True,True,295.3125,3.867188
GeT_RiGhT-A-,CounterTerrorist,558.4622,2672.578,160.0313,M4A1,100,100,0,0,0,False,True,True,295.3125,3.867188
GeT_RiGhT-A-,CounterTerrorist,558.4622,2672.578,160.0313,M4A1,100,100,0,0,0,False,True,True,295.3125,3.867188
GeT_RiGhT-A-,CounterTerrorist,558.4622,2672.578,160.0313,M4A1,100,100,0,0,0,False,True,True,295.3125,3.867188
GeT_RiGhT-A-,CounterTerrorist,558.4622,2672.578,160.0313,M4A1,100,100,0,0,0,False,True,True,295.3125,3.867188
GeT_RiGhT-A-,CounterTerrorist,558.4622,2672.578,160.0313,M4A1,100,100,0,0,0,False,True,True,295.3125,3.867188
GeT_RiGhT-A-,CounterTerrorist,558.4622,2672.578,160.0313,M4A1,100,100,0,0,0,False,True,True,295.3125,3.867188
GeT_RiGhT-A-,CounterTerrorist,558.4622,2672.578,160.0313,M4A1,100,100,0,0,0,False,True,True,295.6641,3.867188
GeT_RiGhT-A-,CounterTerrorist,558.4622,2672.578,160.0313,M4A1,100,100,0,0,0,False,True,True,295.6641,3.867188
GeT_RiGhT-A-,CounterTerrorist,557.9194,2672.314,160.0313,M4A1,100,100,-18.0397,-8.779102,0,False,True,True,296.0156,3.867188
GeT_RiGhT-A-,CounterTerrorist,556.0662,2671.409,160.0313,M4A1,100,100,-38.67536,-18.93642,0,False,True,True,296.3672,3.867188
GeT_RiGhT-A-,CounterTerrorist,553.7622,2670.277,160.0313,M4A1,100,100,-28.66598,-14.08018,0,False,True,True,296.7188,3.867188
GeT_RiGhT-A-,CounterTerrorist,552.6806,2669.746,160.0313,M4A1,100,100,-8.470628,-4.16061,0,False,True,True,296.7188,3.867188
GeT_RiGhT-A-,CounterTerrorist,552.6074,2669.71,160.0313,M4A1,100,100,0,0,0,False,True,True,296.7188,3.867188
GeT_RiGhT-A-,CounterTerrorist,552.6074,2669.71,160.0313,M4A1,100,100,0,0,0,False,True,True,296.7188,3.867188
GeT_RiGhT-A-,CounterTerrorist,552.6074,2669.71,160.0313,M4A1,100,100,0,0,0,False,True,True,296.7188,3.867188
GeT_RiGhT-A-,CounterTerrorist,552.6074,2669.71,160.0313,M4A1,100,100,0,0,0,False,True,True,296.7188,3.867188
GeT_RiGhT-A-,CounterTerrorist,552.6074,2669.71,160.0313,M4A1,100,100,0,0,0,False,True,True,296.7188,3.867188
GeT_RiGhT-A-,CounterTerrorist,552.6074,2669.71,160.0313,M4A1,100,100,0,0,0,False,True,True,296.7188,3.867188
GeT_RiGhT-A-,CounterTerrorist,552.6074,2669.71,160.0313,M4A1,100,100,0,0,0,False,True,True,296.7188,3.867188
GeT_RiGhT-A-,CounterTerrorist,552.6074,2669.71,160.0313,M4A1,100,100,0,0,0,False,True,True,296.7188,3.867188
GeT_RiGhT-A-,CounterTerrorist,552.6074,2669.71,160.0313,M4A1,100,100,0,0,0,False,True,True,296.7188,3.867188
GeT_RiGhT-A-,CounterTerrorist,552.6074,2669.71,160.0313,M4A1,100,100,0,0,0,False,True,True,296.7188,3.867188
GeT_RiGhT-A-,CounterTerrorist,552.6074,2669.71,160.0313,M4A1,100,100,0,0,0,False,True,True,296.7188,3.867188
GeT_RiGhT-A-,CounterTerrorist,552.6074,2669.71,160.0313,M4A1,100,100,0,0,0,False,True,True,296.7188,3.867188
GeT_RiGhT-A-,CounterTerrorist,552.6074,2669.71,160.0313,M4A1,100,100,0,0,0,False,True,True,296.7188,3.867188
GeT_RiGhT-A-,CounterTerrorist,552.6074,2669.71,160.0313,M4A1,100,100,0,0,0,False,True,True,296.7188,3.867188
GeT_RiGhT-A-,CounterTerrorist,552.6074,2669.71,160.0313,M4A1,100,100,0,0,0,False,True,True,296.7188,3.867188
GeT_RiGhT-A-,CounterTerrorist,552.6074,2669.71,160.0313,M4A1,100,100,0,0,0,False,True,True,296.7188,3.867188
GeT_RiGhT-A-,CounterTerrorist,552.6074,2669.71,160.0313,M4A1,100,100,0,0,0,False,True,True,296.7188,3.867188
GeT_RiGhT-A-,CounterTerrorist,552.6074,2669.71,160.0313,M4A1,100,100,0,0,0,False,True,True,296.7188,3.867188
GeT_RiGhT-A-,CounterTerrorist,552.6074,2669.71,160.0313,M4A1,100,100,0,0,0,False,True,True,296.7188,3.867188
GeT_RiGhT-A-,CounterTerrorist,553.0402,2669.866,160.0313,M4A1,100,100,19.62227,2.051627,0,False,True,True,296.7188,3.867188
GeT_RiGhT-A-,CounterTerrorist,556.1125,2669.197,160.0313,M4A1,100,100,72.25173,-19.45485,0,False,True,True,296.7188,3.867188
GeT_RiGhT-A-,CounterTerrorist,562.285,2667.385,160.0313,M4A1,100,100,111.9724,-33.92907,0,False,True,True,296.3672,3.867188
GeT_RiGhT-A-,CounterTerrorist,569.4871,2666.227,160.0313,M4A1,100,100,116.7312,-7.925798,0,False,True,True,293.9063,3.867188
GeT_RiGhT-A-,CounterTerrorist,576.7928,2666.359,160.0313,M4A1,100,100,116.6788,8.663705,0,False,True,True,290.3906,3.867188
GeT_RiGhT-A-,CounterTerrorist,584.0482,2667.257,160.0313,M4A1,100,100,115.6123,17.96663,0,False,True,True,287.5781,3.515625
GeT_RiGhT-A-,CounterTerrorist,591.2429,2668.562,160.0313,M4A1,100,100,114.7916,22.62475,0,False,True,True,285.8203,3.867188
GeT_RiGhT-A-,CounterTerrorist,598.3993,2670.064,160.0313,M4A1,100,100,114.3156,24.9185,0,False,True,True,285.1172,3.867188
GeT_RiGhT-A-,CounterTerrorist,605.5349,2671.663,160.0313,M4A1,100,100,114.0892,25.93561,0,False,True,True,283.7109,3.867188
GeT_RiGhT-A-,CounterTerrorist,612.6635,2673.292,160.0313,M4A1,100,100,114.065,26.04196,0,False,True,True,282.3047,3.867188
GeT_RiGhT-A-,CounterTerrorist,619.797,2674.9,158.1364,M4A1,100,100,114.2145,25.37805,0,False,True,True,280.8984,3.867188
GeT_RiGhT-A-,CounterTerrorist,626.9431,2676.451,154.5634,M4A1,100,100,114.4379,24.35108,0,False,True,True,280.1953,3.515625
GeT_RiGhT-A-,CounterTerrorist,634.104,2677.932,150.9829,M4A1,100,100,114.6828,23.16986,0,False,True,True,279.4922,3.515625
GeT_RiGhT-A-,CounterTerrorist,641.2805,2679.335,147.3947,M4A1,100,100,114.9405,21.85595,0,False,True,True,278.4375,3.164063
GeT_RiGhT-A-,CounterTerrorist,648.4743,2680.647,143.7978,M4A1,100,100,115.2301,20.27385,0,False,True,True,277.3828,2.8125
GeT_RiGhT-A-,CounterTerrorist,655.6876,2681.847,140.1911,M4A1,100,100,115.557,18.31848,0,False,True,True,275.9766,2.460938
GeT_RiGhT-A-,CounterTerrorist,662.9217,2682.915,136.5741,M4A1,100,100,115.8891,16.08449,0,False,True,True,274.5703,1.757813
GeT_RiGhT-A-,CounterTerrorist,670.1757,2683.837,132.9471,M4A1,100,100,116.1943,13.70741,0,False,True,True,273.1641,1.40625
GeT_RiGhT-A-,CounterTerrorist,677.4465,2684.614,131.0739,M4A1,100,100,116.4333,11.50196,0,False,True,True,272.4609,1.40625
GeT_RiGhT-A-,CounterTerrorist,684.7305,2685.26,130.5136,M4A1,100,100,116.6213,9.4062,0,False,True,True,271.4063,1.054688
GeT_RiGhT-A-,CounterTerrorist,692.0252,2685.767,129.9525,M4A1,100,100,116.7869,7.057933,0,False,True,True,269.6484,1.054688
GeT_RiGhT-A-,CounterTerrorist,699.3292,2686.116,129.3906,M4A1,100,100,116.9159,4.436168,0,False,True,True,268.2422,0.703125
GeT_RiGhT-A-,CounterTerrorist,706.6393,2686.302,128.8283,M4A1,100,100,116.985,1.871987,0,False,True,True,267.1875,0.703125
GeT_RiGhT-A-,CounterTerrorist,713.9516,2686.337,128.2658,M4A1,100,100,116.9992,-0.4213057,0,False,True,True,266.4844,0.703125
GeT_RiGhT-A-,CounterTerrorist,721.2633,2686.238,128.0313,M4A1,100,100,116.9738,-2.475394,0,False,True,True,265.7813,0.703125
GeT_RiGhT-A-,CounterTerrorist,728.5724,2686.016,128.0313,M4A1,100,100,116.9195,-4.339749,0,False,True,True,265.0781,0.703125
GeT_RiGhT-A-,CounterTerrorist,735.8774,2685.685,128.0313,M4A1,100,100,116.8437,-6.045899,0,False,True,True,264.375,0.703125
GeT_RiGhT-A-,CounterTerrorist,743.1769,2685.25,128.0313,M4A1,100,100,116.7488,-7.661989,0,False,True,True,263.6719,0.703125
GeT_RiGhT-A-,CounterTerrorist,750.2565,2683.695,128.0631,M4A1,100,100,110.7676,-36.98997,0,False,True,True,262.9688,0.3515625
GeT_RiGhT-A-,CounterTerrorist,756.8853,2680.632,128.8789,M4A1,100,100,102.083,-57.16702,0,False,True,True,261.5625,0.3515625
GeT_RiGhT-A-,CounterTerrorist,762.9446,2676.549,129.5166,M4A1,100,100,93.05017,-70.92718,0,False,True,True,259.8047,0.3515625
GeT_RiGhT-A-,CounterTerrorist,768.4847,2671.78,130.0992,M4A1,100,100,85.50318,-79.86366,0,False,True,True,259.8047,0.3515625
GeT_RiGhT-A-,CounterTerrorist,772.7453,2666.117,130.577,M4A1,100,100,56.00113,-98.16585,0,False,True,True,259.8047,0.3515625
GeT_RiGhT-A-,CounterTerrorist,775.4474,2659.486,130.9254,M4A1,100,100,34.27121,-111.6464,0,False,True,True,259.8047,0.3515625
GeT_RiGhT-A-,CounterTerrorist,776.9575,2652.338,131.1714,M4A1,100,100,17.07395,-115.7475,0,False,True,True,259.8047,0.3515625
GeT_RiGhT-A-,CounterTerrorist,778.2244,2645.142,131.3958,M4A1,100,100,27.78626,-113.6526,0,False,True,True,260.1563,0.3515625
GeT_RiGhT-A-,CounterTerrorist,780.4573,2638.183,131.7058,M4A1,100,100,41.06995,-109.5548,0,False,True,True,259.8047,0.3515625
GeT_RiGhT-A-,CounterTerrorist,783.3461,2631.467,132.0727,M4A1,100,100,49.65727,-105.9394,0,False,True,True,259.4531,0.3515625
GeT_RiGhT-A-,CounterTerrorist,786.6389,2624.938,132.4741,M4A1,100,100,54.57389,-103.4925,0,False,True,True,258.3984,0.3515625
GeT_RiGhT-A-,CounterTerrorist,790.1524,2618.526,132.8941,M4A1,100,100,57.27266,-102.0237,0,False,True,True,257.6953,0.3515625
GeT_RiGhT-A-,CounterTerrorist,793.7889,2612.182,133.3245,M4A1,100,100,58.76841,-101.1695,0,False,True,True,257.3438,0.3515625
GeT_RiGhT-A-,CounterTerrorist,797.4951,2605.878,133.7607,M4A1,100,100,59.63673,-100.6601,0,False,True,True,256.9922,0.3515625
GeT_RiGhT-A-,CounterTerrorist,801.2371,2599.596,134.1998,M4A1,100,100,59.97412,-100.4595,0,False,True,True,255.9375,0.3515625
GeT_RiGhT-A-,CounterTerrorist,805.4853,2593.677,134.6803,M4A1,100,100,77.55125,-87.60594,0,False,True,True,254.8828,0.3515625
GeT_RiGhT-A-,CounterTerrorist,810.8866,2588.762,135.2523,M4A1,100,100,92.11429,-72.13846,0,False,True,True,254.1797,0.3515625
GeT_RiGhT-A-,CounterTerrorist,816.6788,2584.305,144.0313,M4A1,100,100,88.78719,-76.19601,0,False,True,True,253.8281,0.703125
GeT_RiGhT-A-,CounterTerrorist,821.8826,2579.173,144.0313,M4A1,100,100,79.27057,-86.05333,0,False,True,True,253.125,0.703125
GeT_RiGhT-A-,CounterTerrorist,826.5617,2573.556,144.0313,M4A1,100,100,71.70236,-92.45415,0,False,True,True,252.4219,0.703125
GeT_RiGhT-A-,CounterTerrorist,830.8307,2567.62,144.0313,M4A1,100,100,65.92348,-96.65968,0,False,True,True,251.7188,0.703125
GeT_RiGhT-A-,CounterTerrorist,834.801,2561.48,144.0313,M4A1,100,100,61.85605,-99.31178,0,False,True,True,251.3672,1.054688
GeT_RiGhT-A-,CounterTerrorist,838.5549,2555.205,144.0313,M4A1,100,100,58.7794,-101.1631,0,False,True,True,250.6641,1.054688
GeT_RiGhT-A-,CounterTerrorist,842.1681,2548.848,144.0313,M4A1,100,100,59.8606,-100.4735,0,False,True,True,249.9609,1.054688
GeT_RiGhT-A-,CounterTerrorist,846.6605,2543.095,144.0313,M4A1,100,100,79.71343,-85.64325,0,False,True,True,249.2578,1.054688
GeT_RiGhT-A-,CounterTerrorist,852.0349,2538.142,144.0313,M4A1,100,100,86.91473,-78.32513,0,False,True,True,248.5547,1.054688
GeT_RiGhT-A-,CounterTerrorist,857.0436,2532.822,144.0313,M4A1,100,100,75.16238,-89.66391,0,False,True,True,247.5,1.054688
GeT_RiGhT-A-,CounterTerrorist,861.3817,2526.939,144.0313,M4A1,100,100,65.10643,-97.21189,0,False,True,True,244.6875,1.054688
GeT_RiGhT-A-,CounterTerrorist,865.1318,2520.664,144.0313,M4A1,100,100,56.29615,-102.5658,0,False,True,True,242.9297,0.3515625
GeT_RiGhT-A-,CounterTerrorist,868.411,2514.129,144.0313,M4A1,100,100,49.86129,-105.8435,0,False,True,True,242.9297,0.3515625
GeT_RiGhT-A-,CounterTerrorist,871.3732,2507.444,144.0313,M4A1,100,100,45.73309,-107.6916,0,False,True,True,242.9297,0.3515625
GeT_RiGhT-A-,CounterTerrorist,874.1287,2500.671,144.0313,M4A1,100,100,42.9584,-108.8282,0,False,True,True,242.9297,0.3515625
GeT_RiGhT-A-,CounterTerrorist,876.7417,2493.841,144.0313,M4A1,100,100,41.00521,-109.5791,0,False,True,True,242.9297,0.3515625
GeT_RiGhT-A-,CounterTerrorist,879.2527,2486.973,144.0313,M4A1,100,100,39.59878,-110.0951,0,False,True,True,242.9297,0.703125
GeT_RiGhT-A-,CounterTerrorist,879.6741,2479.946,144.0313,M4A1,100,100,-12.30115,-115.1291,0,False,True,True,241.875,0.703125
GeT_RiGhT-A-,CounterTerrorist,878.3485,2472.762,144.0313,M4A1,100,100,-27.37209,-113.7531,0,False,True,True,240.1172,0.3515625
GeT_RiGhT-A-,CounterTerrorist,876.3798,2465.721,144.0313,M4A1,100,100,-28.22896,-113.5435,0,False,True,True,238.0078,0
GeT_RiGhT-A-,CounterTerrorist,875.2493,2458.502,144.0313,M4A1,100,100,-11.10456,-116.4718,0,False,True,True,237.6563,359.6484
GeT_RiGhT-A-,CounterTerrorist,874.9932,2451.197,144.0313,M4A1,100,100,0.7058643,-116.9979,0,False,True,True,237.6563,359.6484
GeT_RiGhT-A-,CounterTerrorist,874.6883,2443.9,144.0313,M4A1,100,100,-14.08047,-116.1496,0,False,True,True,237.6563,359.6484
GeT_RiGhT-A-,CounterTerrorist,873.2145,2436.763,144.0313,M4A1,100,100,-28.98162,-111.599,0,True,True,True,237.3047,359.6484
GeT_RiGhT-A-,CounterTerrorist,871.1645,2430.062,144.0313,M4A1,100,100,-35.49454,-104.1612,0,True,True,True,236.9531,359.6484
GeT_RiGhT-A-,CounterTerrorist,868.8418,2423.895,144.0313,M4A1,100,100,-34.00132,-86.46081,0,True,True,True,236.9531,358.9453
GeT_RiGhT-A-,CounterTerrorist,867.1379,2419.562,144.0313,M4A1,100,100,-23.49021,-59.73246,0,False,True,True,236.9531,358.5938
GeT_RiGhT-A-,CounterTerrorist,865.9594,2416.565,144.0313,M4A1,100,100,-15.25578,-38.7934,0,False,True,True,236.9531,358.2422
GeT_RiGhT-A-,CounterTerrorist,865.2954,2414.877,144.0313,M4A1,100,100,-7.021348,-17.85435,0,False,True,True,236.9531,358.2422
GeT_RiGhT-A-,CounterTerrorist,865.1352,2414.469,144.0313,M4A1,100,100,0,0,0,False,True,True,236.9531,358.2422
GeT_RiGhT-A-,CounterTerrorist,865.1193,2414.445,144.0313,M4A1,100,100,-2.030121,-3.11572,0,False,True,True,236.9531,358.2422
GeT_RiGhT-A-,CounterTerrorist,864.8752,2414.032,144.0313,M4A1,100,100,-3.190249,-9.713003,0,False,True,True,236.9531,358.2422
GeT_RiGhT-A-,CounterTerrorist,864.9435,2413.181,144.0313,M4A1,100,100,2.806726,-16.58739,0,False,True,True,236.9531,358.2422
GeT_RiGhT-A-,CounterTerrorist,865.1693,2411.903,144.0313,M4A1,100,100,1.957031,-23.06654,0,False,True,True,236.9531,358.2422
GeT_RiGhT-A-,CounterTerrorist,864.7974,2410.365,144.0313,M4A1,100,100,-10.50637,-26.03377,0,False,True,True,236.9531,358.2422
GeT_RiGhT-A-,CounterTerrorist,864.1315,2408.948,144.0313,M4A1,100,100,-7.178925,-14.95117,0,False,True,True,236.9531,358.2422
GeT_RiGhT-A-,CounterTerrorist,863.9938,2408.661,144.0313,M4A1,100,100,0,0,0,False,True,True,236.9531,358.2422
GeT_RiGhT-A-,CounterTerrorist,863.9938,2408.661,144.0313,M4A1,100,100,0,0,0,False,True,True,236.9531,358.2422
GeT_RiGhT-A-,CounterTerrorist,863.9938,2408.661,144.0313,M4A1,100,100,0,0,0,False,True,True,236.9531,358.2422
GeT_RiGhT-A-,CounterTerrorist,863.9938,2408.661,144.0313,M4A1,100,100,0,0,0,False,True,True,236.9531,358.2422
GeT_RiGhT-A-,CounterTerrorist,863.8013,2408.367,144.0313,M4A1,100,100,-5.007072,-7.665907,0,False,True,True,236.9531,358.2422
GeT_RiGhT-A-,CounterTerrorist,863.3489,2407.674,144.0313,M4A1,100,100,-8.971718,-13.73584,0,False,True,True,236.9531,358.2422
GeT_RiGhT-A-,CounterTerrorist,863.2307,2406.533,144.0313,M4A1,100,100,1.448365,-21.23706,0,False,True,True,236.9531,358.2422
GeT_RiGhT-A-,CounterTerrorist,863.4783,2405.021,144.0313,M4A1,100,100,6.072474,-22.85491,0,False,True,True,236.6016,358.2422
GeT_RiGhT-A-,CounterTerrorist,863.6547,2404.358,144.0313,M4A1,100,100,0.2947578,-1.109377,0,False,True,True,236.6016,358.2422
GeT_RiGhT-A-,CounterTerrorist,863.6547,2404.358,144.0313,M4A1,100,100,0,0,0,False,True,True,236.25,358.2422
GeT_RiGhT-A-,CounterTerrorist,863.6547,2404.358,144.0313,M4A1,100,100,0,0,0,False,True,True,236.25,358.2422
GeT_RiGhT-A-,CounterTerrorist,863.6547,2404.358,144.0313,M4A1,100,100,0,0,0,False,True,True,236.25,358.2422
GeT_RiGhT-A-,CounterTerrorist,863.6547,2404.358,144.0313,M4A1,100,100,0,0,0,False,True,True,236.25,358.2422
GeT_RiGhT-A-,CounterTerrorist,863.6547,2404.358,144.0313,M4A1,100,100,0,0,0,False,True,True,236.25,358.2422
GeT_RiGhT-A-,CounterTerrorist,863.6547,2404.358,144.0313,M4A1,100,100,0,0,0,False,True,True,236.25,358.2422
GeT_RiGhT-A-,CounterTerrorist,863.6547,2404.358,144.0313,M4A1,100,100,0,0,0,False,True,True,236.25,358.2422
GeT_RiGhT-A-,CounterTerrorist,863.6547,2404.358,144.0313,M4A1,100,100,0,0,0,False,True,True,236.25,358.2422
GeT_RiGhT-A-,CounterTerrorist,863.6547,2404.358,144.0313,M4A1,100,100,0,0,0,False,True,True,236.25,358.2422
GeT_RiGhT-A-,CounterTerrorist,863.6547,2404.358,144.0313,M4A1,100,100,0,0,0,False,True,True,236.25,358.2422
GeT_RiGhT-A-,CounterTerrorist,863.6547,2404.358,144.0313,M4A1,100,100,0,0,0,False,True,True,236.25,358.2422
GeT_RiGhT-A-,CounterTerrorist,863.6547,2404.358,144.0313,M4A1,100,100,0,0,0,False,True,True,236.25,358.2422
GeT_RiGhT-A-,CounterTerrorist,863.6547,2404.358,144.0313,M4A1,100,100,0,0,0,False,True,True,236.25,358.2422
GeT_RiGhT-A-,CounterTerrorist,863.6547,2404.358,144.0313,M4A1,100,100,0,0,0,False,True,True,236.25,358.2422
GeT_RiGhT-A-,CounterTerrorist,863.6547,2404.358,144.0313,M4A1,100,100,0,0,0,False,True,True,236.25,358.2422
GeT_RiGhT-A-,CounterTerrorist,863.6547,2404.358,144.0313,M4A1,100,100,0,0,0,False,True,True,236.25,358.2422
GeT_RiGhT-A-,CounterTerrorist,863.6547,2404.358,144.0313,M4A1,100,100,0,0,0,False,True,True,236.25,358.2422
GeT_RiGhT-A-,CounterTerrorist,863.6547,2404.358,144.0313,M4A1,100,100,0,0,0,False,True,True,236.25,358.2422
GeT_RiGhT-A-,CounterTerrorist,863.6547,2404.358,144.0313,M4A1,100,100,0,0,0,False,True,True,236.25,358.2422
GeT_RiGhT-A-,CounterTerrorist,863.6547,2404.358,144.0313,M4A1,100,100,0,0,0,False,True,True,236.25,358.2422
GeT_RiGhT-A-,CounterTerrorist,863.6547,2404.358,144.0313,M4A1,100,100,0,0,0,False,True,True,236.25,358.2422
GeT_RiGhT-A-,CounterTerrorist,863.6547,2404.358,144.0313,M4A1,100,100,0,0,0,False,True,True,236.25,358.2422
GeT_RiGhT-A-,CounterTerrorist,863.6547,2404.358,144.0313,M4A1,100,100,0,0,0,False,True,True,236.25,358.2422
GeT_RiGhT-A-,CounterTerrorist,863.6547,2404.358,144.0313,M4A1,100,100,0,0,0,False,True,True,236.25,358.2422
GeT_RiGhT-A-,CounterTerrorist,863.6547,2404.358,144.0313,M4A1,100,100,0,0,0,False,True,True,236.25,358.2422
GeT_RiGhT-A-,CounterTerrorist,863.6547,2404.358,144.0313,M4A1,100,100,0,0,0,False,True,True,236.25,358.2422
GeT_RiGhT-A-,CounterTerrorist,863.6547,2404.358,144.0313,M4A1,100,100,0,0,0,False,True,True,236.25,358.2422
GeT_RiGhT-A-,CounterTerrorist,863.6547,2404.358,144.0313,M4A1,100,100,0,0,0,False,True,True,236.25,358.2422
GeT_RiGhT-A-,CounterTerrorist,863.6547,2404.358,144.0313,M4A1,100,100,0,0,0,False,True,True,236.25,358.5938
GeT_RiGhT-A-,CounterTerrorist,863.6547,2404.358,144.0313,M4A1,100,100,0,0,0,False,True,True,236.25,358.5938
GeT_RiGhT-A-,CounterTerrorist,863.6547,2404.358,144.0313,M4A1,100,100,0,0,0,False,True,True,236.25,358.5938
GeT_RiGhT-A-,CounterTerrorist,863.6547,2404.358,144.0313,M4A1,100,100,0,0,0,False,True,True,236.25,358.5938
GeT_RiGhT-A-,CounterTerrorist,863.6547,2404.358,144.0313,M4A1,100,100,0,0,0,False,True,True,236.25,358.5938
GeT_RiGhT-A-,CounterTerrorist,863.6547,2404.358,144.0313,M4A1,100,100,0,0,0,False,True,True,236.25,358.5938
GeT_RiGhT-A-,CounterTerrorist,863.6547,2404.358,144.0313,M4A1,100,100,0,0,0,False,True,True,236.25,358.5938
GeT_RiGhT-A-,CounterTerrorist,863.6547,2404.358,144.0313,M4A1,100,100,0,0,0,False,True,True,236.25,358.5938
GeT_RiGhT-A-,CounterTerrorist,863.6547,2404.358,144.0313,M4A1,100,100,0,0,0,False,True,True,236.25,358.5938
GeT_RiGhT-A-,CounterTerrorist,863.6547,2404.358,144.0313,M4A1,100,100,0,0,0,False,True,True,236.25,358.5938
GeT_RiGhT-A-,CounterTerrorist,863.6547,2404.358,144.0313,M4A1,100,100,0,0,0,False,True,True,236.25,358.5938
GeT_RiGhT-A-,CounterTerrorist,863.6547,2404.358,144.0313,M4A1,100,100,0,0,0,False,True,True,236.25,358.5938
GeT_RiGhT-A-,CounterTerrorist,863.6547,2404.358,144.0313,M4A1,100,100,0,0,0,False,True,True,236.25,358.5938
GeT_RiGhT-A-,CounterTerrorist,863.6547,2404.358,144.0313,Flash,100,100,0,0,0,False,True,True,236.25,358.5938
GeT_RiGhT-A-,CounterTerrorist,863.6547,2404.358,144.0313,Flash,100,100,0,0,0,False,True,True,236.25,358.5938
GeT_RiGhT-A-,CounterTerrorist,863.6547,2404.358,144.0313,Flash,100,100,0,0,0,False,True,True,236.25,358.5938
GeT_RiGhT-A-,CounterTerrorist,863.6547,2404.358,144.0313,Flash,100,100,0,0,0,False,True,True,236.25,358.5938
GeT_RiGhT-A-,CounterTerrorist,863.6547,2404.358,144.0313,Flash,100,100,0,0,0,False,True,True,235.8984,358.5938
GeT_RiGhT-A-,CounterTerrorist,863.6547,2404.358,144.0313,Flash,100,100,0,0,0,False,True,True,233.789,357.8906
GeT_RiGhT-A-,CounterTerrorist,863.7736,2404.253,144.0313,Flash,100,100,4.751036,-4.342796,0,False,True,True,227.1094,352.9688
GeT_RiGhT-A-,CounterTerrorist,864.2321,2403.783,144.0313,Flash,100,100,9.207624,-10.11237,0,True,True,True,220.4297,346.9922
GeT_RiGhT-A-,CounterTerrorist,864.9385,2402.928,144.0313,Flash,100,100,12.87956,-16.46463,0,False,True,True,216.211,343.125
GeT_RiGhT-A-,CounterTerrorist,865.8744,2401.679,144.0313,Flash,100,100,16.67644,-22.67317,0,False,True,True,215.8594,343.125
GeT_RiGhT-A-,CounterTerrorist,867.0612,2400.052,144.0313,Flash,100,100,20.80293,-28.63649,0,False,True,True,215.8594,342.7734
GeT_RiGhT-A-,CounterTerrorist,868.5088,2398.054,144.0313,Flash,100,100,24.9974,-34.5503,0,False,True,True,215.8594,342.7734
GeT_RiGhT-A-,CounterTerrorist,870.2193,2395.687,144.0313,Flash,100,100,29.21593,-40.44672,0,False,True,True,215.8594,342.7734
GeT_RiGhT-A-,CounterTerrorist,872.1939,2392.952,144.0313,Flash,100,100,33.44129,-46.33817,0,False,True,True,215.8594,342.7734
GeT_RiGhT-A-,CounterTerrorist,874.425,2389.844,144.0313,Flash,100,100,37.36863,-52.43977,0,False,True,True,214.1016,340.3125
GeT_RiGhT-A-,CounterTerrorist,876.784,2386.485,144.0313,Flash,100,100,34.62976,-49.57887,0,False,True,True,211.9922,336.4453
GeT_RiGhT-A-,CounterTerrorist,878.4954,2384.034,144.0313,Flash,100,100,21.7457,-31.13297,0,False,True,True,209.8828,332.2266
GeT_RiGhT-A-,CounterTerrorist,879.4015,2382.737,144.0313,Flash,100,100,8.861646,-12.68708,0,False,True,True,208.8281,329.4141
GeT_RiGhT-A-,CounterTerrorist,879.5016,2382.481,144.0313,Flash,100,100,-4.073479,-2.190295,0,False,True,True,208.125,328.0078
GeT_RiGhT-A-,CounterTerrorist,879.0226,2382.223,144.0313,Flash,100,100,-10.45551,-5.630086,0,False,True,True,208.4766,328.0078
GeT_RiGhT-A-,CounterTerrorist,878.1462,2381.748,144.0313,Flash,100,100,-16.77782,-9.17945,0,False,True,True,208.8281,327.6563
GeT_RiGhT-A-,CounterTerrorist,876.8781,2381.044,144.0313,Flash,100,100,-23.0066,-12.89505,0,False,True,True,209.8828,327.6563
GeT_RiGhT-A-,CounterTerrorist,875.2243,2380.102,144.0313,Flash,100,100,-29.11902,-16.80767,0,False,True,True,210.9375,327.3047
GeT_RiGhT-A-,CounterTerrorist,873.1934,2378.907,144.0313,Flash,100,100,-35.10162,-20.92878,0,False,True,True,211.9922,326.6016
GeT_RiGhT-A-,CounterTerrorist,870.7922,2377.45,144.0313,Flash,100,100,-40.98466,-25.19877,0,False,True,True,212.6953,325.8984
GeT_RiGhT-A-,CounterTerrorist,868.0268,2375.72,144.0313,Flash,100,100,-46.76265,-29.6194,0,False,True,True,213.75,325.1953
GeT_RiGhT-A-,CounterTerrorist,864.9056,2373.708,144.0313,Flash,100,100,-52.38727,-34.25431,0,False,True,True,214.8047,324.4922
GeT_RiGhT-A-,CounterTerrorist,861.3713,2371.708,144.0313,Flash,100,100,-60.56103,-26.19891,0,False,True,True,216.211,324.4922
GeT_RiGhT-A-,CounterTerrorist,857.3054,2370.505,144.0313,Flash,100,100,-67.26888,-12.65307,0,False,True,True,217.9688,324.4922
GeT_RiGhT-A-,CounterTerrorist,853.2369,2370.593,144.0313,Flash,100,100,-63.46143,11.07882,0,False,True,True,219.375,324.4922
GeT_RiGhT-A-,CounterTerrorist,849.2743,2371.735,144.0313,Flash,100,100,-65.81965,18.97261,0,False,True,True,220.4297,324.8438
GeT_RiGhT-A-,CounterTerrorist,844.9562,2372.587,144.0313,Flash,100,100,-69.85013,5.207296,0,False,True,True,221.8359,324.8438
GeT_RiGhT-A-,CounterTerrorist,840.6058,2372.218,144.0313,Flash,100,100,-69.42415,-13.70752,0,False,True,True,222.5391,324.8438
GeT_RiGhT-A-,CounterTerrorist,836.2565,2370.869,144.0313,Flash,100,100,-70.64849,-25.02272,0,False,True,True,222.8906,324.8438
GeT_RiGhT-A-,CounterTerrorist,831.5659,2369.583,144.0313,Flash,100,100,-78.14266,-17.47767,0,False,True,True,222.8906,324.8438
GeT_RiGhT-A-,CounterTerrorist,826.4955,2368.695,144.0313,Flash,100,100,-82.45796,-11.8142,0,False,True,True,223.2422,324.8438
GeT_RiGhT-A-,CounterTerrorist,821.2101,2368.103,144.0313,Flash,100,100,-86.43908,-7.925207,0,True,True,True,223.5938,325.1953
GeT_RiGhT-A-,CounterTerrorist,815.6848,2367.698,143.8773,Flash,100,100,-89.78984,-5.524783,0,True,True,True,224.6484,325.5469
GeT_RiGhT-A-,CounterTerrorist,810.1741,2366.837,141.122,Flash,100,100,-88.00686,-23.41983,0,False,True,True,226.0547,325.1953
GeT_RiGhT-A-,CounterTerrorist,804.5126,2364.538,138.2913,Flash,100,100,-92.30556,-46.25109,0,False,True,True,227.1094,324.8438
GeT_RiGhT-A-,CounterTerrorist,798.6432,2361.015,135.2224,Flash,100,100,-94.94646,-63.55655,0,False,True,True,228.1641,324.4922
GeT_RiGhT-A-,CounterTerrorist,792.7441,2356.656,131.6829,Flash,100,100,-88.94046,-68.4416,0,False,True,True,229.5703,323.4375
GeT_RiGhT-A-,CounterTerrorist,788.0458,2353.041,128.8639,Flash,100,100,-65.50965,-50.41109,0,False,True,True,230.2734,322.3828
GeT_RiGhT-A-,CounterTerrorist,784.6021,2350.39,127.8121,Flash,100,100,-47.26801,-36.37377,0,False,True,True,230.2734,321.6797
GeT_RiGhT-A-,CounterTerrorist,783.3373,2349.735,127.7101,Flash,100,100,1.239724,6.083756,0,False,True,True,230.2734,321.3281
GeT_RiGhT-A-,CounterTerrorist,784.0527,2350.667,127.7268,Flash,100,100,18.18504,22.42864,0,False,True,True,230.2734,321.3281
GeT_RiGhT-A-,CounterTerrorist,785.7123,2352.686,127.8002,Flash,100,100,33.03855,39.99109,0,False,True,True,230.2734,321.3281
GeT_RiGhT-A-,CounterTerrorist,788.2966,2355.805,129.0144,Flash,100,100,47.8063,57.62406,0,False,True,True,230.2734,321.3281
GeT_RiGhT-A-,CounterTerrorist,791.7629,2359.975,131.0942,Flash,100,100,60.85352,73.08116,0,False,True,True,229.9219,321.6797
GeT_RiGhT-A-,CounterTerrorist,795.9211,2364.958,133.5891,Flash,100,100,70.53485,84.41109,0,False,True,True,229.9219,322.3828
GeT_RiGhT-A-,CounterTerrorist,800.595,2370.538,136.3324,Flash,100,100,77.77987,92.65987,0,False,True,True,229.5703,324.1406
GeT_RiGhT-A-,CounterTerrorist,805.643,2376.535,138.8565,Flash,100,100,82.13324,97.39039,0,False,True,True,229.5703,326.25
GeT_RiGhT-A-,CounterTerrorist,810.7846,2382.615,141.4273,Flash,100,100,82.36436,97.19501,0,False,True,True,229.2188,329.4141
GeT_RiGhT-A-,CounterTerrorist,815.9374,2388.685,144.0036,Flash,100,100,82.4886,97.08959,0,False,True,True,229.5703,333.6328
GeT_RiGhT-A-,CounterTerrorist,821.0933,2394.754,144.0313,Flash,100,100,82.47924,97.09754,0,False,True,True,229.9219,337.5
GeT_RiGhT-A-,CounterTerrorist,825.619,2400.084,144.0313,Flash,100,100,63.10272,74.31676,0,False,True,True,230.625,341.3672
GeT_RiGhT-A-,CounterTerrorist,828.9524,2404.01,144.0313,Flash,100,100,46.46916,54.72723,0,False,True,True,231.3281,345.2344
GeT_RiGhT-A-,CounterTerrorist,831.3447,2406.827,144.0313,Flash,100,100,31.90599,37.57602,0,False,True,True,231.6797,348.0469
GeT_RiGhT-A-,CounterTerrorist,832.9283,2408.492,144.0313,Flash,100,100,25.87005,13.71627,0,False,True,True,231.3281,349.1016
GeT_RiGhT-A-,CounterTerrorist,834.2385,2407.886,144.0313,Flash,100,100,15.32446,-24.55598,0,False,True,True,231.3281,349.1016
GeT_RiGhT-A-,CounterTerrorist,835.0496,2405.479,144.0313,Flash,100,100,12.14608,-48.94437,0,False,True,True,231.3281,349.1016
GeT_RiGhT-A-,CounterTerrorist,835.8153,2401.603,144.0313,M4A1,100,100,12.53979,-72.14967,0,False,True,True,230.9766,349.8047
GeT_RiGhT-A-,CounterTerrorist,836.6295,2396.336,144.0313,M4A1,100,100,13.3392,-92.83572,0,False,True,True,230.625,349.4531
GeT_RiGhT-A-,CounterTerrorist,838.0731,2390.29,144.0313,M4A1,100,100,34.80175,-96.85754,0,False,True,True,230.625,349.8047
GeT_RiGhT-A-,CounterTerrorist,841.0485,2384.246,144.0313,M4A1,100,100,56.59115,-96.60112,0,False,True,True,230.625,349.8047
GeT_RiGhT-A-,CounterTerrorist,845.0544,2378.213,144.0313,M4A1,100,100,63.57503,-98.22023,0,False,True,True,230.625,349.8047
GeT_RiGhT-A-,CounterTerrorist,848.634,2371.839,144.0313,M4A1,100,100,59.03769,-101.0126,0,False,True,True,230.625,349.8047
GeT_RiGhT-A-,CounterTerrorist,851.2899,2366.91,144.0313,M4A1,100,100,22.43332,-56.49289,0,False,True,True,229.9219,351.9141
GeT_RiGhT-A-,CounterTerrorist,851.3746,2365.148,144.0313,M4A1,100,100,-7.954649,-9.304642,0,False,True,True,228.1641,354.375
GeT_RiGhT-A-,CounterTerrorist,851.2739,2365.031,144.0313,M4A1,100,100,0,0,0,False,True,True,228.1641,354.375
GeT_RiGhT-A-,CounterTerrorist,851.2739,2365.031,144.0313,M4A1,100,100,0,0,0,False,True,True,227.8125,354.375
GeT_RiGhT-A-,CounterTerrorist,851.2739,2365.031,144.0313,M4A1,100,100,0,0,0,False,True,True,227.8125,354.375
GeT_RiGhT-A-,CounterTerrorist,851.2739,2365.031,144.0313,M4A1,100,100,0,0,0,False,True,True,227.8125,354.375
GeT_RiGhT-A-,CounterTerrorist,851.5056,2364.821,144.0313,M4A1,100,100,10.6041,-9.612524,0,False,True,True,227.8125,354.375
GeT_RiGhT-A-,CounterTerrorist,852.7671,2363.677,144.0313,M4A1,100,100,27.6374,-25.06783,0,False,True,True,227.8125,354.375
GeT_RiGhT-A-,CounterTerrorist,854.5997,2362.014,144.0313,M4A1,100,100,23.60951,-21.41509,0,False,True,True,227.8125,354.375
GeT_RiGhT-A-,CounterTerrorist,855.4893,2361.207,144.0313,M4A1,100,100,6.943968,-6.298552,0,False,True,True,227.8125,354.7266
GeT_RiGhT-A-,CounterTerrorist,855.549,2361.153,144.0313,M4A1,100,100,0,0,0,False,True,True,227.4609,356.8359
GeT_RiGhT-A-,CounterTerrorist,855.549,2361.153,144.0313,M4A1,100,100,0,0,0,False,True,True,227.8125,358.2422
GeT_RiGhT-A-,CounterTerrorist,855.579,2361.186,144.0313,M4A1,100,100,3.84464,4.191228,0,False,True,True,227.4609,358.5938
GeT_RiGhT-A-,CounterTerrorist,856.2729,2362.076,144.0313,M4A1,100,100,11.5791,23.83816,0,False,True,True,227.4609,358.5938
GeT_RiGhT-A-,CounterTerrorist,856.6682,2364.397,144.0313,M4A1,100,100,0.3533663,45.7312,0,False,True,True,227.4609,358.5938
GeT_RiGhT-A-,CounterTerrorist,855.6423,2367.563,144.0313,M4A1,100,100,-27.84685,54.8567,0,False,True,True,227.4609,358.5938
GeT_RiGhT-A-,CounterTerrorist,853.127,2371.391,144.0313,M4A1,100,100,-49.29776,66.35408,0,False,True,True,227.4609,358.9453
GeT_RiGhT-A-,CounterTerrorist,849.4362,2375.883,144.0313,M4A1,100,100,-65.96709,75.64869,0,False,True,True,228.5156,359.6484
GeT_RiGhT-A-,CounterTerrorist,845.9515,2379.879,144.0313,M4A1,100,100,-48.58847,55.71951,0,False,True,True,229.9219,0.3515625
GeT_RiGhT-A-,CounterTerrorist,843.4346,2382.766,144.0313,M4A1,100,100,-33.80078,38.76151,0,False,True,True,231.3281,0.703125
GeT_RiGhT-A-,CounterTerrorist,841.8419,2384.592,144.0313,M4A1,100,100,-19.01307,21.8035,0,False,True,True,231.3281,0.703125
GeT_RiGhT-A-,CounterTerrorist,839.9501,2386.381,144.0313,M4A1,100,100,-38.82493,34.07473,0,False,True,True,232.7344,2.109375
GeT_RiGhT-A-,CounterTerrorist,836.8311,2388.937,144.0313,M4A1,100,100,-58.5363,46.15708,0,False,True,True,234.8437,3.164063
GeT_RiGhT-A-,CounterTerrorist,832.5393,2392.219,144.0313,M4A1,100,100,-75.77768,56.9881,0,False,True,True,234.8437,3.164063
GeT_RiGhT-A-,CounterTerrorist,827.3374,2396.075,144.0313,M4A1,100,100,-88.45231,65.0233,0,False,True,True,234.8437,3.164063
GeT_RiGhT-A-,CounterTerrorist,821.5178,2400.323,144.0313,M4A1,100,100,-94.63536,68.79787,0,False,True,True,234.4922,3.164063
GeT_RiGhT-A-,CounterTerrorist,815.5989,2404.617,143.8344,M4A1,100,100,-94.75215,68.63693,0,False,True,True,234.4922,3.515625
GeT_RiGhT-A-,CounterTerrorist,809.668,2408.895,140.8689,M4A1,100,100,-95.05937,68.21081,0,False,True,True,235.5469,3.515625
GeT_RiGhT-A-,CounterTerrorist,803.7,2413.12,137.8849,M4A1,100,100,-95.91342,67.00459,0,False,True,True,238.0078,3.515625
GeT_RiGhT-A-,CounterTerrorist,797.212,2416.295,134.3637,M4A1,100,100,-109.2309,39.00821,0,False,True,True,241.875,3.164063
GeT_RiGhT-A-,CounterTerrorist,790.1594,2418.173,130.132,M4A1,100,100,-113.0419,30.17491,0,False,True,True,247.1484,2.8125
GeT_RiGhT-A-,CounterTerrorist,783.1395,2420.219,127.202,M4A1,100,100,-111.8142,34.44667,0,False,True,True,247.8516,2.8125
GeT_RiGhT-A-,CounterTerrorist,776.1844,2422.477,125.8615,M4A1,100,100,-110.9037,37.27416,0,False,True,True,247.8516,2.8125
GeT_RiGhT-A-,CounterTerrorist,769.278,2424.88,124.534,M4A1,100,100,-110.2218,39.24481,0,False,True,True,247.5,2.8125
GeT_RiGhT-A-,CounterTerrorist,762.408,2427.385,123.4324,M4A1,100,100,-109.7081,40.65865,0,False,True,True,247.8516,2.8125
GeT_RiGhT-A-,CounterTerrorist,755.5601,2429.95,123.2856,M4A1,100,100,-109.5375,41.11616,0,False,True,True,249.9609,3.164063
GeT_RiGhT-A-,CounterTerrorist,748.7027,2432.489,124.1296,M4A1,100,100,-109.9347,40.04189,0,False,True,True,252.7734,2.8125
GeT_RiGhT-A-,CounterTerrorist,741.8069,2434.922,124.9783,M4A1,100,100,-110.6656,37.97517,0,False,True,True,254.5313,2.460938
GeT_RiGhT-A-,CounterTerrorist,734.8625,2437.212,125.833,M4A1,100,100,-111.4521,35.60083,0,False,True,True,255.9375,2.460938
GeT_RiGhT-A-,CounterTerrorist,727.7863,2438.737,126.7039,M4A1,100,100,-115.1131,11.34072,0,False,True,True,257.6953,2.460938
GeT_RiGhT-A-,CounterTerrorist,720.5001,2439.004,127.6007,M4A1,100,100,-116.8529,5.865056,0,False,True,True,259.4531,2.109375
GeT_RiGhT-A-,CounterTerrorist,713.2063,2439.523,128.6153,M4A1,100,100,-116.5974,9.697943,0,False,True,True,261.5625,2.109375
GeT_RiGhT-A-,CounterTerrorist,706.4097,2440.126,129.6609,M4A1,100,100,-96.26245,8.615825,0,False,True,True,263.6719,2.109375
GeT_RiGhT-A-,CounterTerrorist,702.8542,2440.425,130.2079,M4A1,100,100,-27.17317,2.073954,0,False,True,True,264.7266,1.757813
GeT_RiGhT-A-,CounterTerrorist,703.0594,2440.4,130.1763,M4A1,100,100,17.11827,-1.541036,0,False,True,True,264.7266,1.757813
GeT_RiGhT-A-,CounterTerrorist,704.9346,2440.231,129.8878,M4A1,100,100,40.02563,-3.603224,0,False,True,True,264.7266,1.757813
GeT_RiGhT-A-,CounterTerrorist,708.2415,2439.933,129.3791,M4A1,100,100,62.93298,-5.665411,0,False,True,True,264.7266,1.757813
GeT_RiGhT-A-,CounterTerrorist,712.9724,2439.506,128.6513,M4A1,100,100,85.2436,-7.697915,0,False,True,True,264.7266,1.757813
GeT_RiGhT-A-,CounterTerrorist,718.9363,2438.963,127.7932,M4A1,100,100,102.5653,-9.426141,0,False,True,True,264.375,1.757813
GeT_RiGhT-A-,CounterTerrorist,725.8144,2438.319,126.9466,M4A1,100,100,115.2978,-10.96373,0,False,True,True,264.0234,1.757813
GeT_RiGhT-A-,CounterTerrorist,733.0922,2437.608,126.0509,M4A1,100,100,116.4143,-11.69209,0,False,True,True,262.9688,1.757813
GeT_RiGhT-A-,CounterTerrorist,740.364,2436.838,125.1559,M4A1,100,100,116.2866,-12.90087,0,False,True,True,261.5625,1.757813
GeT_RiGhT-A-,CounterTerrorist,746.9573,2436.086,124.3444,M4A1,100,100,92.42092,-10.56644,0,False,True,True,259.8047,1.40625
GeT_RiGhT-A-,CounterTerrorist,751.576,2435.579,123.776,M4A1,100,100,51.14381,-4.53073,0,False,True,True,258.75,1.40625
GeT_RiGhT-A-,CounterTerrorist,752.4898,2435.595,123.6501,M4A1,100,100,-8.384132,1.738595,0,False,True,True,258.3984,1.054688
GeT_RiGhT-A-,CounterTerrorist,751.174,2435.868,123.8255,M4A1,100,100,-30.9063,6.402488,0,False,True,True,258.3984,1.054688
GeT_RiGhT-A-,CounterTerrorist,748.4489,2436.424,124.1609,M4A1,100,100,-53.48624,10.78027,0,False,True,True,259.1016,1.054688
GeT_RiGhT-A-,CounterTerrorist,744.3096,2437.238,124.6703,M4A1,100,100,-76.15535,14.68567,0,False,True,True,259.8047,1.054688
GeT_RiGhT-A-,CounterTerrorist,738.8396,2438.256,125.3435,M4A1,100,100,-95.52051,17.28545,0,False,True,True,261.2109,1.054688
GeT_RiGhT-A-,CounterTerrorist,732.3422,2439.384,126.1432,M4A1,100,100,-109.8992,18.45543,0,False,True,True,262.2656,1.054688
GeT_RiGhT-A-,CounterTerrorist,725.2683,2440.391,127.0138,M4A1,100,100,-108.3721,5.862843,0,False,True,True,263.3203,1.054688
GeT_RiGhT-A-,CounterTerrorist,719.3839,2439.243,127.7381,M4A1,100,100,-84.07694,-35.40981,0,False,True,True,264.0234,1.054688
GeT_RiGhT-A-,CounterTerrorist,714.8694,2435.927,128.3594,M4A1,100,100,-59.20303,-64.24007,0,False,True,True,264.375,1.054688
GeT_RiGhT-A-,CounterTerrorist,712.6735,2431.4,128.6973,M4A1,100,100,-18.24028,-78.18735,0,False,True,True,264.375,1.054688
GeT_RiGhT-A-,CounterTerrorist,712.6413,2426.136,128.7516,M4A1,100,100,11.9311,-88.4603,0,False,True,True,264.375,1.054688
GeT_RiGhT-A-,CounterTerrorist,714.4315,2420.757,128.643,M4A1,100,100,43.65558,-78.27886,0,False,True,True,264.0234,1.40625
GeT_RiGhT-A-,CounterTerrorist,718.1966,2416.466,128.2285,M4A1,100,100,71.88005,-61.93994,0,False,True,True,263.6719,1.757813
GeT_RiGhT-A-,CounterTerrorist,723.4072,2413.032,127.6897,M4A1,100,100,86.98389,-49.56745,0,False,True,True,263.3203,1.757813
GeT_RiGhT-A-,CounterTerrorist,727.8707,2410.431,127.218,M4A1,100,100,52.88129,-35.02387,0,False,True,True,262.6172,1.757813
GeT_RiGhT-A-,CounterTerrorist,729.0299,2408.981,127.1072,M4A1,100,100,-5.393696,-12.23679,0,False,True,True,262.6172,1.757813
GeT_RiGhT-A-,CounterTerrorist,727.7359,2408.791,127.2836,M4A1,100,100,-30.81342,0.7534709,0,False,True,True,262.6172,1.757813
GeT_RiGhT-A-,CounterTerrorist,725.0154,2408.979,127.6128,M4A1,100,100,-53.21876,2.480441,0,False,True,True,262.9688,1.757813
GeT_RiGhT-A-,CounterTerrorist,721.2126,2408.218,128.1035,M4A1,100,100,-66.89954,-22.39091,0,False,True,True,263.3203,1.757813
GeT_RiGhT-A-,CounterTerrorist,716.5464,2406.12,128.7545,M4A1,100,100,-80.20502,-41.51147,0,False,True,True,264.375,1.757813
GeT_RiGhT-A-,CounterTerrorist,711.1797,2402.992,129.6736,M4A1,100,100,-89.75532,-56.17134,0,False,True,True,265.4297,1.757813
GeT_RiGhT-A-,CounterTerrorist,705.3574,2399.051,130.687,M4A1,100,100,-92.40639,-69.45759,0,False,True,True,266.1328,1.757813
GeT_RiGhT-A-,CounterTerrorist,700.3865,2393.917,131.6049,M4A1,100,100,-70.43111,-91.0446,0,False,True,True,266.8359,1.757813
GeT_RiGhT-A-,CounterTerrorist,696.6339,2388.519,132.3434,M4A1,100,100,-52.35679,-75.92079,0,False,True,True,267.1875,1.757813
GeT_RiGhT-A-,CounterTerrorist,693.8693,2384.51,132.8884,M4A1,100,100,-38.43383,-55.73158,0,False,True,True,267.8906,1.757813
GeT_RiGhT-A-,CounterTerrorist,691.915,2381.633,133.2749,M4A1,100,100,-25.82253,-42.89421,0,False,True,True,268.2422,1.757813
GeT_RiGhT-A-,CounterTerrorist,690.5935,2378.067,133.5847,M4A1,100,100,-18.35555,-67.6964,0,False,True,True,268.5938,1.757813
GeT_RiGhT-A-,CounterTerrorist,689.5905,2373.038,133.8891,M4A1,100,100,-14.46834,-89.60901,0,False,True,True,268.5938,1.757813
GeT_RiGhT-A-,CounterTerrorist,688.7922,2366.838,134.197,M4A1,100,100,-11.56615,-105.9473,0,False,True,True,268.5938,2.109375
GeT_RiGhT-A-,CounterTerrorist,688.1636,2360.408,134.4857,M4A1,100,100,-8.805523,-91.60561,0,False,True,True,269.2969,2.109375
GeT_RiGhT-A-,CounterTerrorist,688.0313,2355.571,134.6504,M4A1,100,100,0,-67.20772,0,False,True,True,269.2969,2.109375
GeT_RiGhT-A-,CounterTerrorist,688.0262,2351.495,134.7226,M4A1,100,100,-0.2040588,-73.14436,0,False,True,True,269.6484,2.109375
GeT_RiGhT-A-,CounterTerrorist,688.0046,2346.167,134.7589,M4A1,100,100,-0.4388707,-93.77628,0,False,True,True,269.6484,2.109375
GeT_RiGhT-A-,CounterTerrorist,688.0004,2339.746,134.8131,M4A1,100,100,0.01090624,-109.027,0,False,True,True,270,2.109375
GeT_RiGhT-A-,CounterTerrorist,688.0085,2332.668,134.8525,M4A1,100,100,0.1940171,-108.3894,0,False,True,True,270.7031,2.460938
GeT_RiGhT-A-,CounterTerrorist,688.0188,2326.943,134.9066,M4A1,100,100,0.1429045,-79.83485,0,False,True,True,271.7578,2.460938
GeT_RiGhT-A-,CounterTerrorist,688.0284,2322.714,134.9231,M4A1,100,100,0.3767228,-62.76542,0,False,True,True,272.8125,2.460938
GeT_RiGhT-A-,CounterTerrorist,688.1265,2317.992,134.959,M4A1,100,100,2.485536,-85.15107,0,False,True,True,273.5156,2.460938
GeT_RiGhT-A-,CounterTerrorist,688.3457,2312.03,134.9753,M4A1,100,100,4.233012,-102.6019,0,False,True,True,273.5156,2.460938
GeT_RiGhT-A-,CounterTerrorist,688.6572,2305.145,134.9919,M4A1,100,100,5.460753,-115.4588,0,False,True,True,273.1641,2.460938
GeT_RiGhT-A-,CounterTerrorist,688.9756,2297.84,135.0096,M4A1,100,100,4.485328,-116.914,0,False,True,True,269.6484,3.515625
GeT_RiGhT-A-,CounterTerrorist,689.3531,2290.541,135.0088,M4A1,100,100,13.27472,-116.2035,0,False,True,True,269.6484,3.515625
GeT_RiGhT-A-,CounterTerrorist,691.0634,2283.445,134.8246,M4A1,100,100,36.99149,-110.9983,0,False,True,True,269.6484,3.515625
GeT_RiGhT-A-,CounterTerrorist,693.8728,2276.697,134.522,M4A1,100,100,45.06165,-107.9743,0,False,True,True,269.6484,3.515625
GeT_RiGhT-A-,CounterTerrorist,696.1608,2269.756,134.2757,M4A1,100,100,30.72611,-112.8933,0,False,True,True,269.6484,3.515625
GeT_RiGhT-A-,CounterTerrorist,697.773,2262.625,134.102,M4A1,100,100,26.82972,-113.8822,0,False,True,True,267.8906,3.515625
GeT_RiGhT-A-,CounterTerrorist,700.0841,2255.694,133.8374,M4A1,100,100,43.27407,-108.703,0,False,True,True,262.2656,3.164063
GeT_RiGhT-A-,CounterTerrorist,703.5164,2248.322,133.4495,M4A1,100,100,65.79155,-130.6532,0,False,True,True,256.2891,2.460938
GeT_RiGhT-A-,CounterTerrorist,708.9493,2240.073,132.738,M4A1,100,100,107.104,-126.7278,0,False,True,True,248.9063,2.460938
GeT_RiGhT-A-,CounterTerrorist,716.8605,2232.219,131.5868,M4A1,100,100,138.8132,-127.4664,0,False,True,True,233.789,2.460938
GeT_RiGhT-A-,CounterTerrorist,726.0724,2223.784,131.4609,M4A1,100,100,151.7265,-141.9972,0,False,True,True,221.4844,2.109375
GeT_RiGhT-A-,CounterTerrorist,735.7254,2214.343,131.3199,M4A1,100,100,156.0759,-157.669,0,False,True,True,219.375,2.460938
GeT_RiGhT-A-,CounterTerrorist,745.4382,2204.194,131.1562,M4A1,100,100,153.6753,-164.3438,0,False,True,True,218.6719,2.460938
GeT_RiGhT-A-,CounterTerrorist,754.9012,2193.792,130.8651,M4A1,100,100,149.6463,-168.0208,0,False,True,True,217.6172,2.460938
GeT_RiGhT-A-,CounterTerrorist,764.098,2183.155,130.8989,M4A1,100,100,145.0517,-172.0029,0,False,True,True,215.1563,2.460938
GeT_RiGhT-A-,CounterTerrorist,772.9792,2172.253,131.4221,M4A1,100,100,139.6635,-176.4061,0,False,True,True,212.6953,2.460938
GeT_RiGhT-A-,CounterTerrorist,781.4454,2161.026,131.7291,M4A1,100,100,131.3453,-182.6839,0,False,True,True,205.6641,3.164063
GeT_RiGhT-A-,CounterTerrorist,789.0873,2149.228,143.6295,M4A1,100,100,113.4235,-194.3196,0,False,True,True,191.6016,2.8125
GeT_RiGhT-A-,CounterTerrorist,795.3341,2136.638,145.0928,M4A1,100,100,89.63585,-206.3745,0,False,True,True,185.625,2.8125
GeT_RiGhT-A-,CounterTerrorist,799.8736,2127.726,146.1175,M4A1,100,100,60.00243,-90.68009,0,False,True,True,185.625,3.164063
GeT_RiGhT-A-,CounterTerrorist,802.749,2125.493,146.3743,M4A1,100,100,34.36259,3.434042,0,False,True,True,185.2734,3.164063
GeT_RiGhT-A-,CounterTerrorist,803.9801,2128.006,146.0854,M4A1,100,100,9.625031,65.39935,0,False,True,True,193.3594,3.164063
GeT_RiGhT-A-,CounterTerrorist,802.4933,2132.712,145.5442,M4A1,100,100,-52.6456,76.43674,0,False,True,True,209.1797,3.515625
GeT_RiGhT-A-,CounterTerrorist,797.2383,2137.321,145.0142,M4A1,100,100,-106.2989,71.18081,0,False,True,True,213.75,3.164063
GeT_RiGhT-A-,CounterTerrorist,789.1656,2141.391,144.5352,M4A1,100,100,-143.1594,50.88953,0,False,True,True,214.4531,2.460938
GeT_RiGhT-A-,CounterTerrorist,779.5189,2142.629,131.5029,M4A1,100,100,-162.0416,-2.251413,0,False,True,True,215.8594,1.757813
GeT_RiGhT-A-,CounterTerrorist,769.3916,2140.719,131.0212,M4A1,100,100,-150.8624,-57.24538,0,False,True,True,216.211,1.757813
GeT_RiGhT-A-,CounterTerrorist,761.0366,2135.185,130.5943,M4A1,100,100,-121.6004,-110.5194,0,False,True,True,216.211,1.757813
GeT_RiGhT-A-,CounterTerrorist,754.2302,2126.837,130.1765,M4A1,100,100,-99.9711,-149.7704,0,False,True,True,216.211,1.757813
GeT_RiGhT-A-,CounterTerrorist,748.5692,2116.414,129.9612,M4A1,100,100,-83.941,-178.6959,0,False,True,True,216.5625,1.757813
GeT_RiGhT-A-,CounterTerrorist,743.3134,2104.722,129.7138,M4A1,100,100,-94.60014,-187.319,0,False,True,True,222.5391,1.757813
GeT_RiGhT-A-,CounterTerrorist,736.5692,2093.061,129.3974,M4A1,100,100,-121.0689,-180.6353,0,False,True,True,251.0156,3.515625
GeT_RiGhT-A-,CounterTerrorist,728.494,2081.73,129.0195,M4A1,100,100,-127.4501,-185.4224,0,False,True,True,294.6094,3.867188
GeT_RiGhT-A-,CounterTerrorist,720.4473,2070.202,128.6429,M4A1,100,100,-135.3823,-179.7126,0,False,True,True,311.8359,3.164063
GeT_RiGhT-A-,CounterTerrorist,711.666,2059.219,128.2324,M4A1,100,100,-143.5338,-173.2716,0,False,True,True,315,1.757813
GeT_RiGhT-A-,CounterTerrorist,702.5524,2048.51,127.5355,M4A1,100,100,-147.0836,-170.2686,0,False,True,True,316.7578,1.40625
GeT_RiGhT-A-,CounterTerrorist,693.3191,2037.903,126.9305,M4A1,100,100,-147.7425,-169.6972,0,False,True,True,320.2734,1.40625
GeT_RiGhT-A-,CounterTerrorist,684.1806,2027.215,126.5792,M4A1,100,100,-144.5136,-172.4552,0,False,True,True,324.4922,1.40625
GeT_RiGhT-A-,CounterTerrorist,675.0104,2016.594,126.2369,M4A1,100,100,-156.6174,-159.7237,0,False,True,True,326.9531,1.054688
GeT_RiGhT-A-,CounterTerrorist,664.2932,2007.583,126.1679,M4A1,100,100,-178.0618,-137.5464,0,False,True,True,325.8984,1.40625
GeT_RiGhT-A-,CounterTerrorist,653.4605,1998.617,126.0931,M4A1,100,100,-173.224,-143.5913,0,False,True,True,303.0469,2.8125
GeT_RiGhT-A-,CounterTerrorist,642.0621,1990.412,125.2726,M4A1,100,100,-188.1735,-123.3521,0,False,True,True,254.1797,3.867188
GeT_RiGhT-A-,CounterTerrorist,629.9273,1983.318,125.0313,M4A1,100,100,-199.3452,-104.3384,0,False,True,True,236.6016,3.515625
GeT_RiGhT-A-,CounterTerrorist,617.1644,1977.424,125.0313,M4A1,100,100,-207.3787,-87.28731,0,False,True,True,236.6016,3.515625
GeT_RiGhT-A-,CounterTerrorist,604.0224,1972.425,125.0313,M4A1,100,100,-212.1744,-74.88007,0,False,True,True,236.6016,3.515625
GeT_RiGhT-A-,CounterTerrorist,590.6516,1968.072,125.0313,M4A1,100,100,-215.0887,-66.0444,0,False,True,True,236.6016,3.515625
GeT_RiGhT-A-,CounterTerrorist,577.1389,1964.18,125.0313,M4A1,100,100,-217.0079,-59.43549,0,False,True,True,235.5469,3.515625
GeT_RiGhT-A-,CounterTerrorist,563.5125,1960.708,125.5482,M4A1,100,100,-218.8255,-52.34902,0,False,True,True,232.7344,3.515625
GeT_RiGhT-A-,CounterTerrorist,549.7766,1957.698,126.4859,M4A1,100,100,-220.4235,-45.14967,0,False,True,True,231.6797,3.515625
GeT_RiGhT-A-,CounterTerrorist,535.9625,1955.068,127.38,M4A1,100,100,-221.423,-39.96087,0,False,True,True,231.6797,3.515625
GeT_RiGhT-A-,CounterTerrorist,522.1002,1952.704,127.9551,M4A1,100,100,-222.0371,-36.39396,0,False,True,True,232.0313,3.515625
GeT_RiGhT-A-,CounterTerrorist,508.2113,1950.501,128.4324,M4A1,100,100,-222.3228,-34.60616,0,False,True,True,233.0859,3.164063
GeT_RiGhT-A-,CounterTerrorist,494.3138,1948.354,128.9115,M4A1,100,100,-222.3525,-34.41484,0,False,True,True,234.1406,3.164063
GeT_RiGhT-A-,CounterTerrorist,480.4252,1946.149,128.8812,M4A1,100,100,-222.0532,-36.29573,0,False,True,True,236.6016,2.8125
GeT_RiGhT-A-,CounterTerrorist,466.5725,1943.731,128.8192,M4A1,100,100,-221.2291,-41.02063,0,False,True,True,240.1172,2.8125
GeT_RiGhT-A-,CounterTerrorist,452.7942,1940.921,128.7058,M4A1,100,100,-219.7807,-48.18124,0,False,True,True,242.9297,2.8125
GeT_RiGhT-A-,CounterTerrorist,439.1178,1937.651,128.5567,M4A1,100,100,-218.0518,-55.48354,0,False,True,True,244.6875,2.8125
GeT_RiGhT-A-,CounterTerrorist,425.5551,1933.938,128.3967,M4A1,100,100,-216.169,-62.41765,0,False,True,True,246.4453,2.8125
GeT_RiGhT-A-,CounterTerrorist,412.1196,1929.788,128.2263,M4A1,100,100,-213.9554,-69.6282,0,False,True,True,248.9063,2.8125
GeT_RiGhT-A-,CounterTerrorist,398.8468,1925.144,128.0441,M4A1,100,100,-210.9634,-78.22694,0,False,True,True,252.4219,2.8125
GeT_RiGhT-A-,CounterTerrorist,385.8047,1919.889,127.7707,M4A1,100,100,-206.7111,-88.85674,0,False,True,True,256.9922,2.8125
GeT_RiGhT-A-,CounterTerrorist,373.0696,1913.929,126.5565,M4A1,100,100,-201.3282,-100.4587,0,False,True,True,260.5078,2.8125
GeT_RiGhT-A-,CounterTerrorist,360.6987,1907.246,126.4138,M4A1,100,100,-195.2145,-111.8763,0,False,True,True,264.0234,2.8125
GeT_RiGhT-A-,CounterTerrorist,348.7322,1899.864,126.713,M4A1,100,100,-188.436,-122.9507,0,False,True,True,267.1875,2.8125
GeT_RiGhT-A-,CounterTerrorist,337.2151,1891.798,126.7129,M4A1,100,100,-180.9755,-133.6895,0,False,True,True,270.3516,3.164063
GeT_RiGhT-A-,CounterTerrorist,326.1267,1883.151,126.5235,M4A1,100,100,-175.3926,-140.9342,0,False,True,True,267.1875,3.164063
GeT_RiGhT-A-,CounterTerrorist,315.1779,1874.326,117.9941,M4A1,100,100,-175.8634,-140.3462,0,False,True,True,260.1563,2.8125
GeT_RiGhT-A-,CounterTerrorist,304.0558,1865.722,116.8443,M4A1,100,100,-179.7268,-135.3635,0,False,True,True,256.9922,2.8125
GeT_RiGhT-A-,CounterTerrorist,292.6919,1857.439,117.0121,M4A1,100,100,-183.2515,-130.5522,0,False,True,True,256.6406,2.8125
GeT_RiGhT-A-,CounterTerrorist,281.1513,1849.404,117.9291,M4A1,100,100,-185.6048,-127.1843,0,False,True,True,256.6406,2.8125
GeT_RiGhT-A-,CounterTerrorist,270.2625,1840.745,118.5659,M4A1,100,100,-159.8428,-153.0696,0,False,True,True,257.3438,3.164063
GeT_RiGhT-A-,CounterTerrorist,261.2698,1830.179,118.79,M4A1,100,100,-132.6008,-180.2811,0,False,True,True,257.6953,3.164063
GeT_RiGhT-A-,CounterTerrorist,253.8045,1818.277,119.6235,M4A1,100,100,-109.5234,-196.5442,0,False,True,True,258.3984,3.164063
GeT_RiGhT-A-,CounterTerrorist,246.4049,1806.339,119.5424,M4A1,100,100,-128.8276,-184.468,0,False,True,True,259.1016,3.515625
GeT_RiGhT-A-,CounterTerrorist,237.6546,1795.339,118.8549,M4A1,100,100,-147.4568,-169.9455,0,False,True,True,259.8047,3.515625
GeT_RiGhT-A-,CounterTerrorist,227.9865,1785.131,118.8811,M4A1,100,100,-159.6772,-158.5187,0,False,True,True,259.4531,3.515625
GeT_RiGhT-A-,CounterTerrorist,217.1955,1776.905,119.401,M4A1,100,100,-183.4082,-107.4112,0,False,True,True,256.6406,4.21875
GeT_RiGhT-A-,CounterTerrorist,209.82,1772.612,119.6585,M4A1,66,95,-38.78052,-38.29863,0,False,True,True,256.2891,4.21875
GeT_RiGhT-A-,CounterTerrorist,208.9566,1772.732,119.6959,M4A1,66,95,-2.839883,20.89891,0,True,True,True,256.9922,3.867188
GeT_RiGhT-A-,CounterTerrorist,209.1462,1773.9,119.7322,M4A1,66,95,-2.357949,13.7874,0,True,True,True,257.6953,4.570313
GeT_RiGhT-A-,CounterTerrorist,208.4271,1774.384,119.7724,M4A1,66,95,-15.92614,5.438121,0,True,True,True,258.75,5.625
GeT_RiGhT-A-,CounterTerrorist,207.4497,1774.65,119.8288,M4A1,66,95,-8.854562,2.289105,0,False,True,True,258.3984,5.976563
GeT_RiGhT-A-,CounterTerrorist,207.3752,1774.669,119.8288,M4A1,39,91,0,0,0,False,True,True,258.0469,6.679688
GeT_RiGhT-A-,CounterTerrorist,207.3752,1774.669,119.8288,M4A1,5,86,0,0,0,False,True,True,257.6953,7.382813
GeT_RiGhT-A-,CounterTerrorist,207.3752,1774.669,119.8288,M4A1,5,86,0,0,0,False,True,True,257.3438,8.4375
