Name,Team,Position.X,Position.Y,Position.Z,ActiveWeapon,HP,Armour,Velocity.X,Velocity.Y,Velocity.Z,IsDucking,HasHelmet,HasDefuseKit,ViewDirectionX,ViewDirectionY,Map = de_inferno
Delpan #NoXX,CounterTerrorist,2440,2032,123.4813,P2000,100,0,0,0,0,False,False,False,183.1641,9.84375
Delpan #NoXX,CounterTerrorist,2440,2032,123.4813,P2000,100,0,0,0,0,False,False,False,183.1641,9.84375
Delpan #NoXX,CounterTerrorist,2440,2032,123.4813,P2000,100,0,0,0,0,False,False,False,183.1641,9.84375
Delpan #NoXX,CounterTerrorist,2440,2032,123.4813,Knife,100,0,0,0,0,False,False,False,144.8438,0.703125
Delpan #NoXX,CounterTerrorist,2440,2032,123.4813,Knife,100,0,0,0,0,False,False,False,144.8438,0.703125
Delpan #NoXX,CounterTerrorist,2440,2032,123.4813,Knife,100,0,0,0,0,False,False,False,144.8438,0.703125
Delpan #NoXX,CounterTerrorist,2440,2032,123.4813,Knife,100,0,0,0,0,False,False,False,144.8438,0.703125
Delpan #NoXX,CounterTerrorist,2440,2032,123.4813,Knife,100,0,0,0,0,False,False,False,144.8438,0.703125
Delpan #NoXX,CounterTerrorist,2440,2032,123.4813,Knife,100,0,0,0,0,False,False,False,144.8438,0.703125
Delpan #NoXX,CounterTerrorist,2440,2032,123.4813,Knife,100,0,0,0,0,False,False,False,144.8438,0.703125
Delpan #NoXX,CounterTerrorist,2440,2032,123.4813,Knife,100,0,0,0,0,False,False,False,144.8438,0.703125
Delpan #NoXX,CounterTerrorist,2440,2032,123.4813,Knife,100,0,0,0,0,False,False,False,145.1953,1.054688
Delpan #NoXX,CounterTerrorist,2440,2032,123.4813,Knife,100,0,0,0,0,False,False,False,148.0078,2.460938
Delpan #NoXX,CounterTerrorist,2440,2032,123.4813,Knife,100,0,0,0,0,False,False,False,155.7422,4.921875
Delpan #NoXX,CounterTerrorist,2440,2032,123.4813,Knife,100,0,0,0,0,False,False,False,165.5859,7.03125
Delpan #NoXX,CounterTerrorist,2440,2032,123.4813,Knife,100,0,0,0,0,False,False,False,187.7344,10.19531
Delpan #NoXX,CounterTerrorist,2440,2032,123.4813,Knife,100,0,0,0,0,False,False,False,203.2031,10.19531
Delpan #NoXX,CounterTerrorist,2440,2032,123.4813,Knife,100,0,0,0,0,False,False,False,205.6641,9.492188
Delpan #NoXX,CounterTerrorist,2440,2032,123.4813,Knife,100,0,0,0,0,False,False,False,205.6641,9.492188
Delpan #NoXX,CounterTerrorist,2440,2032,123.4813,Knife,100,0,0,0,0,False,False,False,205.6641,9.492188
Delpan #NoXX,CounterTerrorist,2440,2032,123.4813,Knife,100,0,0,0,0,False,False,False,205.6641,9.492188
Delpan #NoXX,CounterTerrorist,2440,2032,123.4813,Knife,100,0,0,0,0,False,False,False,205.6641,9.492188
Delpan #NoXX,CounterTerrorist,2440,2032,123.4813,Knife,100,0,0,0,0,False,False,False,204.6094,9.492188
Delpan #NoXX,CounterTerrorist,2440,2032,123.4813,Knife,100,0,0,0,0,False,False,False,204.9609,9.492188
Delpan #NoXX,CounterTerrorist,2440,2032,123.4813,Knife,100,0,0,0,0,False,False,False,206.3672,9.84375
Delpan #NoXX,CounterTerrorist,2440,2032,123.4813,Knife,100,0,0,0,0,False,False,False,206.3672,9.84375
Delpan #NoXX,CounterTerrorist,2440,2032,123.4813,Knife,100,0,0,0,0,False,False,False,206.7188,9.84375
Delpan #NoXX,CounterTerrorist,2440,2032,123.4813,Knife,100,0,0,0,0,False,False,False,206.7188,9.84375
Delpan #NoXX,CounterTerrorist,2440,2032,123.4813,Knife,100,0,0,0,0,False,False,False,207.0703,9.84375
Delpan #NoXX,CounterTerrorist,2440,2032,123.4813,Knife,100,0,0,0,0,False,False,False,207.0703,9.84375
Delpan #NoXX,CounterTerrorist,2440,2032,123.4813,Knife,100,0,0,0,0,False,False,False,207.0703,9.84375
Delpan #NoXX,CounterTerrorist,2440,2032,123.4813,Knife,100,0,0,0,0,False,False,False,207.4219,9.492188
Delpan #NoXX,CounterTerrorist,2440,2032,123.4813,Knife,100,0,0,0,0,False,False,False,207.7734,9.492188
Delpan #NoXX,CounterTerrorist,2440,2032,123.4813,Knife,100,0,0,0,0,False,False,False,207.7734,9.492188
Delpan #NoXX,CounterTerrorist,2440,2032,123.4813,Knife,100,0,0,0,0,False,False,False,208.4766,9.492188
Delpan #NoXX,CounterTerrorist,2440,2032,123.4813,Knife,100,0,0,0,0,False,False,False,208.4766,9.492188
Delpan #NoXX,CounterTerrorist,2440,2032,123.4813,Knife,100,0,0,0,0,False,False,False,208.8281,9.492188
Delpan #NoXX,CounterTerrorist,2440,2032,123.4813,Knife,100,0,0,0,0,False,False,False,208.8281,9.492188
Delpan #NoXX,CounterTerrorist,2440,2032,123.4813,Knife,100,0,0,0,0,False,False,False,209.1797,9.492188
Delpan #NoXX,CounterTerrorist,2440,2032,123.4813,Knife,100,0,0,0,0,False,False,False,209.5313,9.492188
Delpan #NoXX,CounterTerrorist,2440,2032,123.4813,Knife,100,0,0,0,0,False,False,False,209.8828,9.492188
Delpan #NoXX,CounterTerrorist,2440,2032,123.4813,Knife,100,0,0,0,0,False,False,False,210.2344,9.492188
Delpan #NoXX,CounterTerrorist,2440,2032,123.4813,Knife,100,0,0,0,0,False,False,False,210.5859,9.84375
Delpan #NoXX,CounterTerrorist,2440,2032,123.4813,Knife,100,0,0,0,0,False,False,False,210.5859,9.84375
Delpan #NoXX,CounterTerrorist,2440,2032,123.4813,Knife,100,0,0,0,0,False,False,False,210.5859,9.84375
Delpan #NoXX,CounterTerrorist,2440,2032,123.4813,Knife,100,0,0,0,0,False,False,False,210.5859,9.84375
Delpan #NoXX,CounterTerrorist,2440,2032,123.4813,Knife,100,0,0,0,0,False,False,False,210.5859,9.84375
Delpan #NoXX,CounterTerrorist,2440,2032,123.4813,Knife,100,0,0,0,0,False,False,False,210.5859,9.84375
Delpan #NoXX,CounterTerrorist,2440,2032,123.4813,Knife,100,0,0,0,0,False,False,False,210.5859,9.84375
Delpan #NoXX,CounterTerrorist,2440,2032,123.4813,Knife,100,0,0,0,0,False,False,False,210.5859,9.84375
Delpan #NoXX,CounterTerrorist,2440,2032,123.4813,Knife,100,0,0,0,0,False,False,False,210.5859,9.84375
Delpan #NoXX,CounterTerrorist,2440,2032,123.4813,Knife,100,0,0,0,0,False,False,False,210.5859,9.84375
Delpan #NoXX,CounterTerrorist,2440,2032,123.4813,Knife,100,0,0,0,0,False,False,False,210.5859,9.84375
Delpan #NoXX,CounterTerrorist,2440,2032,123.4813,Knife,100,0,0,0,0,False,False,False,210.5859,9.84375
Delpan #NoXX,CounterTerrorist,2440,2032,123.4813,Knife,100,0,0,0,0,False,False,False,210.5859,9.84375
Delpan #NoXX,CounterTerrorist,2440,2032,123.4813,Knife,100,0,0,0,0,False,False,False,210.5859,9.84375
Delpan #NoXX,CounterTerrorist,2440,2032,123.4813,Knife,100,0,0,0,0,False,False,False,210.5859,9.84375
Delpan #NoXX,CounterTerrorist,2440,2032,123.4813,Knife,100,0,0,0,0,False,False,False,210.5859,9.84375
Delpan #NoXX,CounterTerrorist,2440,2032,123.4813,Knife,100,0,0,0,0,False,False,False,210.5859,9.84375
Delpan #NoXX,CounterTerrorist,2440,2032,123.4813,Knife,100,0,0,0,0,False,False,False,210.5859,9.84375
Delpan #NoXX,CounterTerrorist,2440,2032,123.4813,Knife,100,0,0,0,0,False,False,False,210.5859,9.84375
Delpan #NoXX,CounterTerrorist,2440,2032,123.4813,Knife,100,0,0,0,0,False,False,False,210.5859,9.84375
Delpan #NoXX,CounterTerrorist,2440,2032,123.4813,Knife,100,0,0,0,0,False,False,False,210.5859,9.84375
Delpan #NoXX,CounterTerrorist,2440,2032,123.4813,Knife,100,0,0,0,0,False,False,False,210.5859,9.84375
Delpan #NoXX,CounterTerrorist,2440,2032,123.4813,Knife,100,0,0,0,0,False,False,False,210.5859,9.84375
Delpan #NoXX,CounterTerrorist,2440,2032,123.4813,Knife,100,0,0,0,0,False,False,False,210.5859,9.84375
Delpan #NoXX,CounterTerrorist,2440,2032,123.4813,Knife,100,0,0,0,0,False,False,False,210.5859,9.84375
Delpan #NoXX,CounterTerrorist,2440,2032,123.4813,Knife,100,0,0,0,0,False,False,False,210.5859,9.84375
Delpan #NoXX,CounterTerrorist,2440,2032,123.4813,Knife,100,0,0,0,0,False,False,False,210.5859,9.84375
Delpan #NoXX,CounterTerrorist,2440,2032,123.4813,Knife,100,0,0,0,0,False,False,False,210.5859,9.84375
Delpan #NoXX,CounterTerrorist,2440,2032,123.4813,Knife,100,0,0,0,0,False,False,False,210.5859,9.84375
Delpan #NoXX,CounterTerrorist,2440,2032,123.4813,Knife,100,0,0,0,0,False,False,False,210.5859,9.84375
Delpan #NoXX,CounterTerrorist,2440,2032,123.4813,Knife,100,0,0,0,0,False,False,False,210.5859,9.84375
Delpan #NoXX,CounterTerrorist,2440,2032,123.4813,Knife,100,0,0,0,0,False,False,False,210.5859,9.84375
Delpan #NoXX,CounterTerrorist,2440,2032,123.4813,Knife,100,0,0,0,0,False,False,False,210.5859,9.84375
Delpan #NoXX,CounterTerrorist,2440,2032,123.4813,Knife,100,0,0,0,0,False,False,False,210.5859,9.84375
Delpan #NoXX,CounterTerrorist,2440,2032,123.4813,Knife,100,0,0,0,0,False,False,False,210.5859,9.84375
Delpan #NoXX,CounterTerrorist,2440,2032,123.4813,Knife,100,0,0,0,0,False,False,False,210.5859,9.84375
Delpan #NoXX,CounterTerrorist,2440,2032,123.4813,Knife,100,0,0,0,0,False,False,False,210.5859,9.84375
Delpan #NoXX,CounterTerrorist,2440,2032,123.4813,Knife,100,0,0,0,0,False,False,False,210.5859,9.84375
Delpan #NoXX,CounterTerrorist,2440,2032,123.4813,Knife,100,0,0,0,0,False,False,False,210.5859,9.84375
Delpan #NoXX,CounterTerrorist,2440,2032,123.4813,Knife,100,0,0,0,0,False,False,False,210.5859,9.84375
Delpan #NoXX,CounterTerrorist,2440,2032,123.4813,Knife,100,0,0,0,0,False,False,False,210.5859,9.84375
Delpan #NoXX,CounterTerrorist,2440,2032,123.4813,Knife,100,0,0,0,0,False,False,False,210.5859,9.84375
Delpan #NoXX,CounterTerrorist,2440,2032,123.4813,Knife,100,0,0,0,0,False,False,False,210.5859,9.84375
Delpan #NoXX,CounterTerrorist,2440,2032,123.4813,Knife,100,0,0,0,0,False,False,False,210.5859,9.84375
Delpan #NoXX,CounterTerrorist,2440,2032,123.4813,Knife,100,0,0,0,0,False,False,False,210.5859,9.84375
Delpan #NoXX,CounterTerrorist,2440,2032,123.4813,Knife,100,0,0,0,0,False,False,False,210.5859,9.84375
Delpan #NoXX,CounterTerrorist,2440,2032,123.4813,Knife,100,0,0,0,0,False,False,False,210.5859,9.84375
Delpan #NoXX,CounterTerrorist,2440,2032,123.4813,Knife,100,0,0,0,0,False,False,False,210.5859,9.84375
Delpan #NoXX,CounterTerrorist,2440,2032,123.4813,Knife,100,0,0,0,0,False,False,False,210.5859,9.84375
Delpan #NoXX,CounterTerrorist,2440,2032,123.4813,Knife,100,0,0,0,0,False,False,False,210.5859,9.84375
Delpan #NoXX,CounterTerrorist,2440,2032,123.4813,Knife,100,0,0,0,0,False,False,False,210.5859,9.84375
Delpan #NoXX,CounterTerrorist,2440,2032,123.4813,Knife,100,0,0,0,0,False,False,False,210.5859,9.84375
Delpan #NoXX,CounterTerrorist,2440,2032,123.4813,Knife,100,0,0,0,0,False,False,False,210.5859,9.84375
Delpan #NoXX,CounterTerrorist,2440,2032,123.4813,Knife,100,0,0,0,0,False,False,False,210.5859,9.84375
Delpan #NoXX,CounterTerrorist,2440,2032,123.4813,Knife,100,0,0,0,0,False,False,False,210.5859,9.84375
Delpan #NoXX,CounterTerrorist,2440,2032,123.4813,Knife,100,0,0,0,0,False,False,False,210.5859,9.84375
Delpan #NoXX,CounterTerrorist,2440,2032,123.4813,Knife,100,0,0,0,0,False,False,False,210.5859,9.84375
Delpan #NoXX,CounterTerrorist,2440,2032,123.4813,HE,100,0,0,0,0,False,False,False,210.5859,9.84375
Delpan #NoXX,CounterTerrorist,2440,2032,123.4813,HE,100,100,0,0,0,False,True,False,210.5859,9.84375
Delpan #NoXX,CounterTerrorist,2440,2032,123.4813,HE,100,100,0,0,0,False,True,False,210.5859,9.84375
Delpan #NoXX,CounterTerrorist,2440,2032,123.4813,HE,100,100,0,0,0,False,True,False,210.5859,9.84375
Delpan #NoXX,CounterTerrorist,2440,2032,123.4813,HE,100,100,0,0,0,False,True,False,210.5859,9.84375
Delpan #NoXX,CounterTerrorist,2440,2032,123.4813,HE,100,100,0,0,0,False,True,False,210.5859,9.84375
Delpan #NoXX,CounterTerrorist,2440,2032,123.4813,HE,100,100,0,0,0,False,True,False,210.5859,9.84375
Delpan #NoXX,CounterTerrorist,2440,2032,123.4813,HE,100,100,0,0,0,False,True,False,210.5859,9.84375
Delpan #NoXX,CounterTerrorist,2440,2032,123.4813,HE,100,100,0,0,0,False,True,False,210.5859,9.84375
Delpan #NoXX,CounterTerrorist,2440,2032,123.4813,HE,100,100,0,0,0,False,True,False,210.5859,9.84375
Delpan #NoXX,CounterTerrorist,2440,2032,123.4813,HE,100,100,0,0,0,False,True,False,210.5859,9.84375
Delpan #NoXX,CounterTerrorist,2440,2032,123.4813,HE,100,100,0,0,0,False,True,False,210.5859,9.84375
Delpan #NoXX,CounterTerrorist,2440,2032,123.4813,HE,100,100,0,0,0,False,True,False,210.5859,9.84375
Delpan #NoXX,CounterTerrorist,2440,2032,123.4813,HE,100,100,0,0,0,False,True,False,210.5859,9.84375
Delpan #NoXX,CounterTerrorist,2440,2032,123.4813,HE,100,100,0,0,0,False,True,False,210.5859,9.84375
Delpan #NoXX,CounterTerrorist,2440,2032,123.4813,HE,100,100,0,0,0,False,True,False,210.5859,9.84375
Delpan #NoXX,CounterTerrorist,2440,2032,123.4813,HE,100,100,0,0,0,False,True,False,210.5859,9.84375
Delpan #NoXX,CounterTerrorist,2440,2032,123.4813,HE,100,100,0,0,0,False,True,False,210.5859,9.84375
Delpan #NoXX,CounterTerrorist,2440,2032,123.4813,HE,100,100,0,0,0,False,True,True,210.5859,9.84375
Delpan #NoXX,CounterTerrorist,2440,2032,123.4813,HE,100,100,0,0,0,False,True,True,210.5859,9.84375
Delpan #NoXX,CounterTerrorist,2440,2032,123.4813,HE,100,100,0,0,0,False,True,True,210.5859,9.84375
Delpan #NoXX,CounterTerrorist,2440,2032,123.4813,HE,100,100,0,0,0,False,True,True,210.5859,9.84375
Delpan #NoXX,CounterTerrorist,2440,2032,123.4813,HE,100,100,0,0,0,False,True,True,210.5859,9.84375
Delpan #NoXX,CounterTerrorist,2440,2032,123.4813,HE,100,100,0,0,0,False,True,True,210.5859,9.84375
Delpan #NoXX,CounterTerrorist,2440,2032,123.4813,HE,100,100,0,0,0,False,True,True,210.5859,9.84375
Delpan #NoXX,CounterTerrorist,2440,2032,123.4813,HE,100,100,0,0,0,False,True,True,210.5859,9.84375
Delpan #NoXX,CounterTerrorist,2440,2032,123.4813,HE,100,100,0,0,0,False,True,True,210.5859,9.84375
Delpan #NoXX,CounterTerrorist,2440,2032,123.4813,HE,100,100,0,0,0,False,True,True,210.5859,9.84375
Delpan #NoXX,CounterTerrorist,2440,2032,123.4813,HE,100,100,0,0,0,False,True,True,210.5859,9.84375
Delpan #NoXX,CounterTerrorist,2440,2032,123.4813,HE,100,100,0,0,0,False,True,True,210.5859,9.84375
Delpan #NoXX,CounterTerrorist,2440,2032,123.4813,HE,100,100,0,0,0,False,True,True,210.5859,9.84375
Delpan #NoXX,CounterTerrorist,2440,2032,123.4813,HE,100,100,0,0,0,False,True,True,210.5859,9.84375
Delpan #NoXX,CounterTerrorist,2440,2032,123.4813,HE,100,100,0,0,0,False,True,True,210.5859,9.84375
Delpan #NoXX,CounterTerrorist,2440,2032,123.4813,HE,100,100,0,0,0,False,True,True,210.5859,9.84375
Delpan #NoXX,CounterTerrorist,2440,2032,123.4813,HE,100,100,0,0,0,False,True,True,210.5859,9.84375
Delpan #NoXX,CounterTerrorist,2440,2032,123.4813,HE,100,100,0,0,0,False,True,True,210.5859,9.84375
Delpan #NoXX,CounterTerrorist,2440,2032,123.4813,HE,100,100,0,0,0,False,True,True,210.5859,9.84375
Delpan #NoXX,CounterTerrorist,2440,2032,123.4813,HE,100,100,0,0,0,False,True,True,210.5859,9.84375
Delpan #NoXX,CounterTerrorist,2440,2032,123.4813,HE,100,100,0,0,0,False,True,True,210.5859,9.84375
Delpan #NoXX,CounterTerrorist,2440,2032,123.4813,HE,100,100,0,0,0,False,True,True,210.5859,9.84375
Delpan #NoXX,CounterTerrorist,2440,2032,123.4813,HE,100,100,0,0,0,False,True,True,210.5859,9.84375
Delpan #NoXX,CounterTerrorist,2440,2032,123.4813,HE,100,100,0,0,0,False,True,True,210.5859,9.84375
Delpan #NoXX,CounterTerrorist,2440,2032,123.4813,HE,100,100,0,0,0,False,True,True,210.5859,9.84375
Delpan #NoXX,CounterTerrorist,2440,2032,123.4813,HE,100,100,0,0,0,False,True,True,210.5859,9.84375
Delpan #NoXX,CounterTerrorist,2440,2032,123.4813,HE,100,100,0,0,0,False,True,True,210.5859,9.84375
Delpan #NoXX,CounterTerrorist,2440,2032,123.4813,HE,100,100,0,0,0,False,True,True,210.5859,9.84375
Delpan #NoXX,CounterTerrorist,2440,2032,123.4813,HE,100,100,0,0,0,False,True,True,210.5859,9.84375
Delpan #NoXX,CounterTerrorist,2440,2032,123.4813,HE,100,100,0,0,0,False,True,True,210.5859,9.84375
Delpan #NoXX,CounterTerrorist,2440,2032,123.4813,HE,100,100,0,0,0,False,True,True,210.5859,9.84375
Delpan #NoXX,CounterTerrorist,2440,2032,123.4813,HE,100,100,0,0,0,False,True,True,210.5859,9.84375
Delpan #NoXX,CounterTerrorist,2440,2032,123.4813,HE,100,100,0,0,0,False,True,True,210.5859,9.84375
Delpan #NoXX,CounterTerrorist,2440,2032,123.4813,HE,100,100,0,0,0,False,True,True,210.5859,9.84375
Delpan #NoXX,CounterTerrorist,2440,2032,123.4813,HE,100,100,0,0,0,False,True,True,210.5859,9.84375
Delpan #NoXX,CounterTerrorist,2440,2032,123.4813,HE,100,100,0,0,0,False,True,True,210.5859,9.84375
Delpan #NoXX,CounterTerrorist,2440,2032,123.4813,HE,100,100,0,0,0,False,True,True,210.5859,9.84375
Delpan #NoXX,CounterTerrorist,2440,2032,123.4813,HE,100,100,0,0,0,False,True,True,210.5859,9.84375
Delpan #NoXX,CounterTerrorist,2440,2032,123.4813,HE,100,100,0,0,0,False,True,True,210.5859,9.84375
Delpan #NoXX,CounterTerrorist,2440,2032,123.4813,HE,100,100,0,0,0,False,True,True,210.5859,9.84375
Delpan #NoXX,CounterTerrorist,2440,2032,123.4813,HE,100,100,0,0,0,False,True,True,210.5859,9.84375
Delpan #NoXX,CounterTerrorist,2440,2032,123.4813,HE,100,100,0,0,0,False,True,True,210.5859,9.84375
Delpan #NoXX,CounterTerrorist,2440,2032,123.4813,HE,100,100,0,0,0,False,True,True,212.6953,9.84375
Delpan #NoXX,CounterTerrorist,2440,2032,123.4813,HE,100,100,0,0,0,False,True,True,220.7813,11.60156
Delpan #NoXX,CounterTerrorist,2440,2032,123.4813,HE,100,100,0,0,0,False,True,True,229.2188,15.11719
Delpan #NoXX,CounterTerrorist,2440,2032,123.4813,HE,100,100,0,0,0,False,True,True,235.1953,17.22656
Delpan #NoXX,CounterTerrorist,2440,2032,123.4813,HE,100,100,0,0,0,False,True,True,238.711,18.28125
Delpan #NoXX,CounterTerrorist,2440,2032,123.4813,HE,100,100,0,0,0,False,True,True,238.711,18.28125
Delpan #NoXX,CounterTerrorist,2440,2032,123.4813,Knife,100,100,0,0,0,False,True,True,238.711,18.28125
Delpan #NoXX,CounterTerrorist,2440,2032,123.4813,Knife,100,100,0,0,0,False,True,True,238.711,18.28125
Delpan #NoXX,CounterTerrorist,2440,2032,123.4813,Knife,100,100,0,0,0,False,True,True,238.711,18.28125
Delpan #NoXX,CounterTerrorist,2440,2032,123.4813,Knife,100,100,0,0,0,False,True,True,238.711,18.28125
Delpan #NoXX,CounterTerrorist,2440,2032,123.4813,Knife,100,100,0,0,0,False,True,True,238.711,18.28125
Delpan #NoXX,CounterTerrorist,2440,2032,123.4813,Knife,100,100,0,0,0,False,True,True,239.0625,18.28125
Delpan #NoXX,CounterTerrorist,2440,2032,123.4813,Knife,100,100,0,0,0,False,True,True,239.0625,18.28125
Delpan #NoXX,CounterTerrorist,2440,2032,123.4813,Knife,100,100,0,0,0,False,True,True,239.0625,18.28125
Delpan #NoXX,CounterTerrorist,2440,2032,123.4813,Knife,100,100,0,0,0,False,True,True,239.0625,18.28125
Delpan #NoXX,CounterTerrorist,2440,2032,123.4813,Knife,100,100,0,0,0,False,True,True,239.0625,18.28125
Delpan #NoXX,CounterTerrorist,2440,2032,123.4813,Knife,100,100,0,0,0,False,True,True,239.0625,18.28125
Delpan #NoXX,CounterTerrorist,2440,2032,123.4813,Knife,100,100,0,0,0,False,True,True,239.0625,18.28125
Delpan #NoXX,CounterTerrorist,2440,2032,123.4813,Knife,100,100,0,0,0,False,True,True,239.0625,18.28125
Delpan #NoXX,CounterTerrorist,2440,2032,123.4813,Knife,100,100,0,0,0,False,True,True,239.0625,18.28125
Delpan #NoXX,CounterTerrorist,2440,2032,123.4813,Knife,100,100,0,0,0,False,True,True,239.0625,18.28125
Delpan #NoXX,CounterTerrorist,2440,2032,123.4813,Knife,100,100,0,0,0,False,True,True,239.0625,18.28125
Delpan #NoXX,CounterTerrorist,2440,2032,123.4813,Knife,100,100,0,0,0,False,True,True,239.0625,18.28125
Delpan #NoXX,CounterTerrorist,2440,2032,123.4813,Knife,100,100,0,0,0,False,True,True,239.0625,18.28125
Delpan #NoXX,CounterTerrorist,2440,2032,123.4813,Knife,100,100,0,0,0,False,True,True,239.0625,18.28125
Delpan #NoXX,CounterTerrorist,2440,2032,123.4813,Knife,100,100,0,0,0,False,True,True,239.0625,18.28125
Delpan #NoXX,CounterTerrorist,2440,2032,123.4813,CZ,100,100,0,0,0,False,True,True,239.0625,18.28125
Delpan #NoXX,CounterTerrorist,2440,2032,123.4813,CZ,100,100,0,0,0,False,True,True,239.0625,18.28125
Delpan #NoXX,CounterTerrorist,2440,2032,123.4813,CZ,100,100,0,0,0,False,True,True,238.711,18.28125
Delpan #NoXX,CounterTerrorist,2440,2032,123.4813,CZ,100,100,0,0,0,False,True,True,238.711,18.28125
Delpan #NoXX,CounterTerrorist,2440,2032,123.4813,Knife,100,100,0,0,0,False,True,True,238.711,18.28125
Delpan #NoXX,CounterTerrorist,2440,2032,123.4813,Knife,100,100,0,0,0,False,True,True,238.3594,18.28125
Delpan #NoXX,CounterTerrorist,2440,2032,123.4813,Knife,100,100,0,0,0,False,True,True,238.3594,18.28125
Delpan #NoXX,CounterTerrorist,2440,2032,123.4813,Knife,100,100,0,0,0,False,True,True,238.3594,18.28125
Delpan #NoXX,CounterTerrorist,2440,2032,123.4813,Knife,100,100,0,0,0,False,True,True,238.3594,18.28125
Delpan #NoXX,CounterTerrorist,2440,2032,123.4813,Knife,100,100,0,0,0,False,True,True,238.3594,18.28125
Delpan #NoXX,CounterTerrorist,2440,2032,123.4813,Knife,100,100,0,0,0,False,True,True,238.3594,18.28125
Delpan #NoXX,CounterTerrorist,2440,2032,123.4813,Knife,100,100,0,0,0,False,True,True,238.3594,18.28125
Delpan #NoXX,CounterTerrorist,2440,2032,123.4813,Knife,100,100,0,0,0,False,True,True,238.3594,18.28125
Delpan #NoXX,CounterTerrorist,2440,2032,123.4813,Knife,100,100,0,0,0,False,True,True,238.3594,17.92969
Delpan #NoXX,CounterTerrorist,2440,2032,123.4813,Knife,100,100,0,0,0,False,True,True,238.3594,17.92969
Delpan #NoXX,CounterTerrorist,2440,2032,123.4813,Knife,100,100,0,0,0,False,True,True,238.3594,17.92969
Delpan #NoXX,CounterTerrorist,2440,2032,123.4813,Knife,100,100,0,0,0,False,True,True,238.3594,17.92969
Delpan #NoXX,CounterTerrorist,2440,2032,123.4813,Knife,100,100,0,0,0,False,True,True,238.3594,17.92969
Delpan #NoXX,CounterTerrorist,2440,2032,123.4813,Knife,100,100,0,0,0,False,True,True,238.3594,17.92969
Delpan #NoXX,CounterTerrorist,2440,2032,123.4813,Knife,100,100,0,0,0,False,True,True,238.3594,17.92969
Delpan #NoXX,CounterTerrorist,2440,2032,123.4813,Knife,100,100,0,0,0,False,True,True,238.3594,17.92969
Delpan #NoXX,CounterTerrorist,2440,2032,123.4813,Knife,100,100,0,0,0,False,True,True,238.3594,17.92969
Delpan #NoXX,CounterTerrorist,2440,2032,123.4813,Knife,100,100,0,0,0,False,True,True,238.3594,17.92969
Delpan #NoXX,CounterTerrorist,2440,2032,123.4813,Knife,100,100,0,0,0,False,True,True,238.3594,17.92969
Delpan #NoXX,CounterTerrorist,2440,2032,123.4813,Knife,100,100,0,0,0,False,True,True,238.3594,17.92969
Delpan #NoXX,CounterTerrorist,2440,2032,123.4813,Knife,100,100,0,0,0,False,True,True,238.3594,17.92969
Delpan #NoXX,CounterTerrorist,2440,2032,123.4813,Knife,100,100,0,0,0,False,True,True,238.3594,17.92969
Delpan #NoXX,CounterTerrorist,2440,2032,123.4813,Knife,100,100,0,0,0,False,True,True,238.3594,17.92969
Delpan #NoXX,CounterTerrorist,2440,2032,123.4813,Knife,100,100,0,0,0,False,True,True,238.3594,17.92969
Delpan #NoXX,CounterTerrorist,2440,2032,123.4813,Knife,100,100,0,0,0,False,True,True,238.3594,17.92969
Delpan #NoXX,CounterTerrorist,2440,2032,123.4813,Knife,100,100,0,0,0,False,True,True,238.3594,17.92969
Delpan #NoXX,CounterTerrorist,2440,2032,123.4813,Knife,100,100,0,0,0,False,True,True,238.3594,17.92969
Delpan #NoXX,CounterTerrorist,2440,2032,123.4813,Knife,100,100,0,0,0,False,True,True,238.3594,17.92969
Delpan #NoXX,CounterTerrorist,2440,2032,123.4813,Knife,100,100,0,0,0,False,True,True,238.3594,17.92969
Delpan #NoXX,CounterTerrorist,2440,2032,123.4813,Knife,100,100,0,0,0,False,True,True,238.3594,17.92969
Delpan #NoXX,CounterTerrorist,2440,2032,123.4813,Knife,100,100,0,0,0,False,True,True,238.3594,17.92969
Delpan #NoXX,CounterTerrorist,2440,2032,123.4813,Knife,100,100,0,0,0,False,True,True,238.3594,17.92969
Delpan #NoXX,CounterTerrorist,2440,2032,123.4813,Knife,100,100,0,0,0,False,True,True,238.3594,17.92969
Delpan #NoXX,CounterTerrorist,2440,2032,123.4813,Knife,100,100,0,0,0,False,True,True,238.3594,17.92969
Delpan #NoXX,CounterTerrorist,2440,2032,123.4813,Knife,100,100,0,0,0,False,True,True,238.3594,17.92969
Delpan #NoXX,CounterTerrorist,2440,2032,123.4813,Knife,100,100,0,0,0,False,True,True,238.3594,17.92969
Delpan #NoXX,CounterTerrorist,2440,2032,123.4813,Knife,100,100,0,0,0,False,True,True,238.3594,17.92969
Delpan #NoXX,CounterTerrorist,2440,2032,123.4813,Knife,100,100,0,0,0,False,True,True,238.3594,17.92969
Delpan #NoXX,CounterTerrorist,2440,2032,123.4813,Knife,100,100,0,0,0,False,True,True,238.3594,17.92969
Delpan #NoXX,CounterTerrorist,2440,2032,123.4813,Knife,100,100,0,0,0,False,True,True,238.3594,17.92969
Delpan #NoXX,CounterTerrorist,2440,2032,123.4813,Knife,100,100,0,0,0,False,True,True,238.3594,17.92969
Delpan #NoXX,CounterTerrorist,2440,2032,123.4813,Knife,100,100,0,0,0,False,True,True,238.3594,17.92969
Delpan #NoXX,CounterTerrorist,2440,2032,123.4813,Knife,100,100,0,0,0,False,True,True,238.3594,17.92969
Delpan #NoXX,CounterTerrorist,2440,2032,123.4813,Knife,100,100,0,0,0,False,True,True,238.3594,17.92969
Delpan #NoXX,CounterTerrorist,2440,2032,123.4813,Knife,100,100,0,0,0,False,True,True,238.3594,17.92969
Delpan #NoXX,CounterTerrorist,2440,2032,123.4813,Knife,100,100,0,0,0,False,True,True,238.3594,17.92969
Delpan #NoXX,CounterTerrorist,2440,2032,123.4813,Knife,100,100,0,0,0,False,True,True,238.3594,17.92969
Delpan #NoXX,CounterTerrorist,2440,2032,123.4813,Knife,100,100,0,0,0,False,True,True,238.3594,17.92969
Delpan #NoXX,CounterTerrorist,2440,2032,123.4813,Knife,100,100,0,0,0,False,True,True,238.3594,17.92969
Delpan #NoXX,CounterTerrorist,2440,2032,123.4813,Knife,100,100,0,0,0,False,True,True,238.3594,17.92969
Delpan #NoXX,CounterTerrorist,2440,2032,123.4813,Knife,100,100,0,0,0,False,True,True,238.3594,17.92969
Delpan #NoXX,CounterTerrorist,2440,2032,123.4813,Knife,100,100,0,0,0,False,True,True,238.3594,17.92969
Delpan #NoXX,CounterTerrorist,2440,2032,123.4813,Knife,100,100,0,0,0,False,True,True,238.3594,17.92969
Delpan #NoXX,CounterTerrorist,2440,2032,123.4813,Knife,100,100,0,0,0,False,True,True,238.3594,17.92969
Delpan #NoXX,CounterTerrorist,2440,2032,123.4813,Knife,100,100,0,0,0,False,True,True,239.0625,17.57813
Delpan #NoXX,CounterTerrorist,2440,2032,123.4813,Knife,100,100,0,0,0,False,True,True,240.4688,16.17188
Delpan #NoXX,CounterTerrorist,2440,2032,123.4813,Knife,100,100,0,0,0,False,True,True,241.875,15.46875
Delpan #NoXX,CounterTerrorist,2440,2032,123.4813,Knife,100,100,0,0,0,False,True,True,241.875,15.11719
Delpan #NoXX,CounterTerrorist,2440,2032,123.4813,Knife,100,100,0,0,0,False,True,True,242.5781,14.76563
Delpan #NoXX,CounterTerrorist,2440,2032,123.4813,Knife,100,100,0,0,0,False,True,True,243.6328,15.46875
Delpan #NoXX,CounterTerrorist,2440,2032,123.4813,Knife,100,100,0,0,0,False,True,True,243.9844,15.46875
Delpan #NoXX,CounterTerrorist,2440,2032,123.4813,Knife,100,100,0,0,0,False,True,True,243.6328,15.46875
Delpan #NoXX,CounterTerrorist,2440,2032,123.4813,Knife,100,100,0,0,0,False,True,True,243.2813,15.11719
Delpan #NoXX,CounterTerrorist,2440,2032,123.4813,Knife,100,100,0,0,0,False,True,True,242.9297,14.41406
Delpan #NoXX,CounterTerrorist,2440,2032,123.4813,Knife,100,100,0,0,0,False,True,True,243.2813,14.0625
Delpan #NoXX,CounterTerrorist,2440,2032,123.4813,Knife,100,100,0,0,0,False,True,True,243.2813,14.41406
Delpan #NoXX,CounterTerrorist,2440,2032,123.4813,Knife,100,100,0,0,0,False,True,True,243.2813,14.41406
Delpan #NoXX,CounterTerrorist,2440,2032,123.4813,Knife,100,100,0,0,0,False,True,True,243.2813,14.41406
Delpan #NoXX,CounterTerrorist,2440,2032,123.4813,Knife,100,100,0,0,0,False,True,True,243.2813,14.41406
Delpan #NoXX,CounterTerrorist,2440,2032,123.4813,Knife,100,100,0,0,0,False,True,True,243.2813,14.41406
Delpan #NoXX,CounterTerrorist,2440,2032,123.4813,Knife,100,100,0,0,0,False,True,True,243.2813,14.41406
Delpan #NoXX,CounterTerrorist,2440,2032,123.4813,Knife,100,100,0,0,0,False,True,True,243.2813,14.0625
Delpan #NoXX,CounterTerrorist,2440,2032,123.4813,Knife,100,100,0,0,0,False,True,True,243.6328,14.0625
Delpan #NoXX,CounterTerrorist,2440,2032,123.4813,Knife,100,100,0,0,0,False,True,True,243.6328,14.0625
Delpan #NoXX,CounterTerrorist,2440,2032,123.4813,Knife,100,100,0,0,0,False,True,True,243.6328,14.0625
Delpan #NoXX,CounterTerrorist,2440,2032,123.4813,Knife,100,100,0,0,0,False,True,True,243.6328,14.0625
Delpan #NoXX,CounterTerrorist,2440,2032,123.4813,Knife,100,100,0,0,0,False,True,True,243.9844,13.71094
Delpan #NoXX,CounterTerrorist,2440,2032,123.4813,Knife,100,100,0,0,0,False,True,True,244.3359,13.71094
Delpan #NoXX,CounterTerrorist,2440,2032,123.4813,Knife,100,100,0,0,0,False,True,True,244.6875,13.35938
Delpan #NoXX,CounterTerrorist,2440,2032,123.4813,Knife,100,100,0,0,0,False,True,True,245.0391,13.35938
Delpan #NoXX,CounterTerrorist,2440,2032,123.4813,Knife,100,100,0,0,0,False,True,True,245.3906,13.00781
Delpan #NoXX,CounterTerrorist,2440,2032,123.4813,Knife,100,100,0,0,0,False,True,True,245.7422,12.65625
Delpan #NoXX,CounterTerrorist,2440,2032,123.4813,Knife,100,100,0,0,0,False,True,True,246.0938,12.30469
Delpan #NoXX,CounterTerrorist,2440,2032,123.4813,Knife,100,100,0,0,0,False,True,True,246.0938,11.95313
Delpan #NoXX,CounterTerrorist,2440,2032,123.4813,Knife,100,100,0,0,0,False,True,True,245.7422,12.30469
Delpan #NoXX,CounterTerrorist,2440,2032,123.4813,Knife,100,100,0,0,0,False,True,True,245.7422,12.65625
Delpan #NoXX,CounterTerrorist,2440,2032,123.4813,Knife,100,100,0,0,0,False,True,True,245.7422,12.65625
Delpan #NoXX,CounterTerrorist,2440,2032,123.4813,Knife,100,100,0,0,0,False,True,True,245.7422,12.65625
Delpan #NoXX,CounterTerrorist,2440,2032,123.4813,Knife,100,100,0,0,0,False,True,True,245.7422,12.65625
Delpan #NoXX,CounterTerrorist,2440,2032,123.4813,Knife,100,100,0,0,0,False,True,True,245.7422,12.65625
Delpan #NoXX,CounterTerrorist,2440,2032,123.4813,Knife,100,100,0,0,0,False,True,True,245.7422,12.65625
Delpan #NoXX,CounterTerrorist,2440,2032,123.4813,Knife,100,100,0,0,0,False,True,True,245.7422,12.65625
Delpan #NoXX,CounterTerrorist,2440,2032,123.4813,Knife,100,100,0,0,0,False,True,True,245.7422,12.65625
Delpan #NoXX,CounterTerrorist,2440,2032,123.4813,Knife,100,100,0,0,0,False,True,True,245.7422,12.65625
Delpan #NoXX,CounterTerrorist,2440,2032,123.4813,Knife,100,100,0,0,0,False,True,True,245.7422,12.65625
Delpan #NoXX,CounterTerrorist,2440,2032,123.4813,Knife,100,100,0,0,0,False,True,True,245.7422,12.65625
Delpan #NoXX,CounterTerrorist,2440,2032,123.4813,Knife,100,100,0,0,0,False,True,True,245.7422,12.65625
Delpan #NoXX,CounterTerrorist,2440,2032,123.4813,Knife,100,100,0,0,0,False,True,True,245.7422,12.65625
Delpan #NoXX,CounterTerrorist,2440,2032,123.4813,Knife,100,100,0,0,0,False,True,True,245.7422,12.65625
Delpan #NoXX,CounterTerrorist,2440,2032,123.4813,Knife,100,100,0,0,0,False,True,True,245.7422,12.65625
Delpan #NoXX,CounterTerrorist,2440,2032,123.4813,Knife,100,100,0,0,0,False,True,True,245.7422,12.65625
Delpan #NoXX,CounterTerrorist,2440,2032,123.4813,Knife,100,100,0,0,0,False,True,True,245.7422,12.65625
Delpan #NoXX,CounterTerrorist,2440,2032,123.4813,Knife,100,100,0,0,0,False,True,True,245.7422,13.00781
Delpan #NoXX,CounterTerrorist,2440,2032,123.4813,Knife,100,100,0,0,0,False,True,True,245.7422,13.00781
Delpan #NoXX,CounterTerrorist,2440,2032,123.4813,Knife,100,100,0,0,0,False,True,True,245.7422,13.00781
Delpan #NoXX,CounterTerrorist,2440,2032,123.4813,Knife,100,100,0,0,0,False,True,True,245.7422,13.00781
Delpan #NoXX,CounterTerrorist,2440,2032,123.4813,Knife,100,100,0,0,0,False,True,True,245.7422,12.65625
Delpan #NoXX,CounterTerrorist,2440,2032,123.4813,AK47,100,100,0,0,0,False,True,True,246.0938,12.65625
Delpan #NoXX,CounterTerrorist,2440,2032,123.4813,AK47,100,100,0,0,0,False,True,True,246.0938,12.65625
Delpan #NoXX,CounterTerrorist,2440,2032,123.4813,Knife,100,100,0,0,0,False,True,True,246.0938,12.65625
Delpan #NoXX,CounterTerrorist,2440,2032,123.4813,Knife,100,100,0,0,0,False,True,True,246.0938,12.65625
Delpan #NoXX,CounterTerrorist,2440,2032,123.4813,Knife,100,100,0,0,0,False,True,True,246.0938,12.65625
Delpan #NoXX,CounterTerrorist,2440,2032,123.4813,Knife,100,100,0,0,0,False,True,True,246.0938,12.65625
Delpan #NoXX,CounterTerrorist,2440,2032,123.4813,Knife,100,100,0,0,0,False,True,True,246.0938,12.65625
Delpan #NoXX,CounterTerrorist,2440,2032,123.4813,Knife,100,100,0,0,0,False,True,True,246.0938,12.65625
Delpan #NoXX,CounterTerrorist,2440,2032,123.4813,Knife,100,100,0,0,0,False,True,True,246.4453,12.30469
Delpan #NoXX,CounterTerrorist,2439.73,2031.369,123.4602,Knife,100,100,-13.03023,-30.55631,0,False,True,True,247.1484,12.30469
Delpan #NoXX,CounterTerrorist,2438.892,2029.361,123.3945,Knife,100,100,-27.00817,-65.31307,0,False,True,True,247.8516,12.65625
Delpan #NoXX,CounterTerrorist,2437.518,2026.013,123.2862,Knife,100,100,-40.38531,-98.62591,0,False,True,True,247.8516,12.65625
Delpan #NoXX,CounterTerrorist,2436.076,2022.485,123.1725,Knife,100,100,-49.37987,-121.0163,0,False,True,True,247.8516,12.65625
Delpan #NoXX,CounterTerrorist,2433.451,2016.039,122.9652,Knife,100,100,-60.36069,-148.3512,0,False,True,True,247.8516,12.65625
Delpan #NoXX,CounterTerrorist,2431.446,2011.108,122.8875,Knife,100,100,-66.30174,-163.1405,0,False,True,True,247.8516,12.65625
Delpan #NoXX,CounterTerrorist,2428.133,2002.95,122.8185,Knife,100,100,-73.55476,-181.1956,0,False,True,True,247.8516,12.65625
Delpan #NoXX,CounterTerrorist,2426.361,1998.585,122.7816,Knife,100,100,-76.55804,-188.6718,0,False,True,True,247.8516,12.65625
Delpan #NoXX,CounterTerrorist,2421.988,1987.804,123.0058,Knife,100,100,-82.26968,-202.8899,0,False,True,True,247.8516,12.65625
Delpan #NoXX,CounterTerrorist,2418.698,1979.688,123.2627,Knife,100,100,-85.44521,-210.7949,0,False,True,True,247.8516,12.65625
Delpan #NoXX,CounterTerrorist,2415.301,1971.298,123.3655,Knife,100,100,-87.8485,-217.2906,0,False,True,True,248.5547,12.65625
Delpan #NoXX,CounterTerrorist,2411.832,1962.68,123.4664,Knife,100,100,-89.2963,-222.7686,0,False,True,True,249.2578,12.65625
Delpan #NoXX,CounterTerrorist,2408.342,1953.86,123.545,Knife,100,100,-89.1227,-227.7197,0,False,True,True,251.3672,13.00781
Delpan #NoXX,CounterTerrorist,2404.887,1944.86,123.4689,Knife,100,100,-87.91814,-232.1092,0,False,True,True,252.0703,13.35938
Delpan #NoXX,CounterTerrorist,2401.5,1935.715,123.3894,Knife,100,100,-85.5668,-234.9007,0,False,True,True,253.4766,14.76563
Delpan #NoXX,CounterTerrorist,2398.237,1926.511,123.3019,Knife,100,100,-82.22751,-236.0903,0,False,True,True,254.1797,15.46875
Delpan #NoXX,CounterTerrorist,2395.092,1917.266,123.1855,Knife,100,100,-79.47949,-237.0296,0,False,True,True,254.1797,15.46875
Delpan #NoXX,CounterTerrorist,2392.04,1907.989,123.067,Knife,100,100,-77.27789,-237.7564,0,False,True,True,254.1797,15.46875
Delpan #NoXX,CounterTerrorist,2389.064,1898.688,123.4375,Knife,100,100,-75.50452,-238.3255,0,False,True,True,254.1797,15.46875
Delpan #NoXX,CounterTerrorist,2386.149,1889.368,123.9553,Knife,100,100,-74.07121,-238.7749,0,False,True,True,254.1797,15.46875
Delpan #NoXX,CounterTerrorist,2383.284,1880.032,124.474,Knife,100,100,-72.91022,-239.132,0,False,True,True,254.1797,15.46875
Delpan #NoXX,CounterTerrorist,2380.466,1870.682,124.9727,Knife,100,100,-71.51667,-239.5524,0,False,True,True,255.2344,15.46875
Delpan #NoXX,CounterTerrorist,2377.717,1861.311,125.2878,Knife,100,100,-69.62835,-240.1081,0,False,True,True,255.9375,15.82031
Delpan #NoXX,CounterTerrorist,2375.037,1851.92,125.6074,Knife,100,100,-67.95318,-240.5875,0,False,True,True,255.9375,15.82031
Delpan #NoXX,CounterTerrorist,2372.423,1842.511,126.274,Knife,100,100,-66.15868,-241.0872,0,False,True,True,256.9922,15.82031
Delpan #NoXX,CounterTerrorist,2369.896,1833.078,126.9434,Knife,100,100,-63.56741,-241.7833,0,False,True,True,258.3984,16.52344
Delpan #NoXX,CounterTerrorist,2367.486,1823.615,127.6164,Knife,100,100,-60.44933,-242.5817,0,False,True,True,259.4531,17.22656
Delpan #NoXX,CounterTerrorist,2365.195,1814.121,128.2929,Knife,100,100,-57.49992,-243.2977,0,False,True,True,259.8047,17.57813
Delpan #NoXX,CounterTerrorist,2363.01,1804.603,128.9725,Knife,100,100,-54.91953,-243.8931,0,False,True,True,260.1563,18.98438
Delpan #NoXX,CounterTerrorist,2360.927,1795.063,129.5734,Knife,100,100,-52.22443,-244.4844,0,False,True,True,260.8594,20.39063
Delpan #NoXX,CounterTerrorist,2358.949,1785.5,139.286,Knife,100,100,-49.62983,-245.0242,0,False,True,True,261.2109,21.44531
Delpan #NoXX,CounterTerrorist,2357.065,1775.917,144.0772,Knife,100,100,-47.31634,-245.4815,0,False,True,True,261.5625,22.5
Delpan #NoXX,CounterTerrorist,2355.265,1766.319,148.8763,Knife,100,100,-45.30665,-245.8603,0,False,True,True,261.5625,23.20313
Delpan #NoXX,CounterTerrorist,2353.537,1756.707,153.6822,Knife,100,100,-43.52591,-246.1818,0,False,True,True,261.9141,23.90625
Delpan #NoXX,CounterTerrorist,2351.874,1747.084,158.4936,Knife,100,100,-42.00368,-246.4461,0,False,True,True,261.9141,23.90625
Delpan #NoXX,CounterTerrorist,2350.582,1739.38,160.0313,Knife,100,100,-40.99797,-246.6154,0,False,True,True,261.9141,23.90625
Delpan #NoXX,CounterTerrorist,2348.694,1727.814,160.0313,Knife,100,100,-39.7736,-246.8158,0,False,True,True,261.9141,23.90625
Delpan #NoXX,CounterTerrorist,2347.16,1718.17,160.0313,Knife,100,100,-38.96363,-246.945,0,False,True,True,261.9141,23.90625
Delpan #NoXX,CounterTerrorist,2345.654,1708.521,160.0313,Knife,100,100,-38.25095,-247.0564,0,False,True,True,261.9141,23.90625
Delpan #NoXX,CounterTerrorist,2344.179,1698.867,160.0313,Knife,100,100,-37.42549,-247.1828,0,False,True,True,262.2656,23.90625
Delpan #NoXX,CounterTerrorist,2342.735,1689.209,160.0313,Knife,100,100,-36.69559,-247.2922,0,False,True,True,262.2656,23.90625
Delpan #NoXX,CounterTerrorist,2341.322,1679.546,160.0313,Knife,100,100,-35.82499,-247.4198,0,False,True,True,262.6172,23.90625
Delpan #NoXX,CounterTerrorist,2339.94,1669.879,160.0313,Knife,100,100,-35.07064,-247.5279,0,False,True,True,262.6172,23.90625
Delpan #NoXX,CounterTerrorist,2338.585,1660.208,160.0313,Knife,100,100,-34.45813,-247.6139,0,False,True,True,262.6172,23.90625
Delpan #NoXX,CounterTerrorist,2337.519,1652.468,160.0313,Knife,100,100,-33.88749,-247.6926,0,False,True,True,263.3203,23.90625
Delpan #NoXX,CounterTerrorist,2335.971,1640.852,160.0313,Knife,100,100,-32.35726,-247.8972,0,False,True,True,264.0234,23.90625
Delpan #NoXX,CounterTerrorist,2334.739,1631.165,160.0313,Knife,100,100,-30.98996,-248.0718,0,False,True,True,264.375,23.90625
Delpan #NoXX,CounterTerrorist,2333.557,1621.471,160.0313,Knife,100,100,-29.77135,-248.221,0,False,True,True,264.375,23.55469
Delpan #NoXX,CounterTerrorist,2332.709,1611.815,160.0313,Knife,100,100,-8.986041,-244.7148,0,False,True,True,264.375,23.55469
Delpan #NoXX,CounterTerrorist,2333.156,1602.439,160.0313,Knife,100,100,24.15184,-237.1327,0,False,True,True,264.375,23.55469
Delpan #NoXX,CounterTerrorist,2334.748,1593.325,160.0313,Knife,100,100,51.10635,-230.9519,0,False,True,True,264.375,23.55469
Delpan #NoXX,CounterTerrorist,2336.705,1586.192,160.0313,Knife,100,100,69.20986,-226.6668,0,False,True,True,265.0781,23.55469
Delpan #NoXX,CounterTerrorist,2340.598,1575.735,160.0313,Knife,100,100,92.43961,-220.4614,0,False,True,True,267.5391,23.20313
Delpan #NoXX,CounterTerrorist,2344.625,1567.264,160.0313,Knife,100,100,110.1025,-214.215,0,False,True,True,271.7578,22.85156
Delpan #NoXX,CounterTerrorist,2349.326,1559.077,160.0313,Knife,100,100,127.1055,-206.2766,0,False,True,True,276.3281,22.85156
Delpan #NoXX,CounterTerrorist,2354.677,1551.241,160.0313,Knife,100,100,143.4602,-196.5996,0,False,True,True,280.8984,22.14844
Delpan #NoXX,CounterTerrorist,2360.639,1543.806,160.0313,Knife,100,100,158.5037,-186.1505,0,False,True,True,283.7109,21.79688
Delpan #NoXX,CounterTerrorist,2367.145,1536.772,160.0313,Knife,100,100,171.6479,-176.1462,0,False,True,True,285.4688,21.09375
Delpan #NoXX,CounterTerrorist,2374.113,1530.097,160.0313,Knife,100,100,182.5532,-167.6301,0,False,True,True,285.4688,21.09375
Delpan #NoXX,CounterTerrorist,2381.456,1523.713,160.0313,Knife,100,100,191.3384,-160.8453,0,False,True,True,285.1172,20.74219
Delpan #NoXX,CounterTerrorist,2389.064,1517.591,160.0313,Knife,100,100,196.8543,-154.1051,0,False,True,True,285.1172,20.39063
Delpan #NoXX,CounterTerrorist,2396.856,1511.705,160.0313,Knife,100,100,201.0869,-148.5397,0,False,True,True,285.1172,20.39063
Delpan #NoXX,CounterTerrorist,2404.79,1506.012,160.0313,Knife,100,100,204.3516,-144.0154,0,False,True,True,285.1172,20.03906
Delpan #NoXX,CounterTerrorist,2412.832,1500.472,160.0313,Knife,100,100,206.7618,-140.5332,0,False,True,True,284.7656,19.33594
Delpan #NoXX,CounterTerrorist,2420.95,1495.044,160.0313,Knife,100,100,208.4637,-137.996,0,False,True,True,284.4141,19.33594
Delpan #NoXX,CounterTerrorist,2429.124,1489.7,160.0313,Knife,100,100,209.7277,-136.0672,0,False,True,True,284.0625,18.98438
Delpan #NoXX,CounterTerrorist,2437.338,1484.418,160.0313,Knife,100,100,210.5944,-134.7219,0,False,True,True,283.7109,18.98438
Delpan #NoXX,CounterTerrorist,2443.928,1480.224,160.0313,Knife,100,100,211.0616,-133.9888,0,False,True,True,283.7109,18.63281
Delpan #NoXX,CounterTerrorist,2453.833,1473.96,160.0313,Knife,100,100,211.3767,-133.4912,0,False,True,True,282.6563,18.28125
Delpan #NoXX,CounterTerrorist,2462.086,1468.74,160.0313,Knife,100,100,211.162,-133.8304,0,False,True,True,281.9531,18.28125
Delpan #NoXX,CounterTerrorist,2470.325,1463.498,160.0313,Knife,100,100,210.7669,-134.4518,0,False,True,True,281.6016,17.92969
Delpan #NoXX,CounterTerrorist,2478.545,1458.224,160.0313,Knife,100,100,210.1441,-135.4232,0,False,True,True,280.5469,17.92969
Delpan #NoXX,CounterTerrorist,2486.733,1452.903,160.0313,Knife,100,100,209.2632,-136.7805,0,False,True,True,279.8438,17.92969
Delpan #NoXX,CounterTerrorist,2493.257,1448.604,160.0313,Knife,100,100,208.4094,-138.0779,0,False,True,True,279.1406,17.57813
Delpan #NoXX,CounterTerrorist,2502.975,1442.056,160.0313,Knife,100,100,206.3772,-141.0973,0,False,True,True,276.6797,17.57813
Delpan #NoXX,CounterTerrorist,2510.667,1436.273,160.0313,Knife,100,100,184.0759,-156.6039,0,False,True,True,274.5703,17.57813
Delpan #NoXX,CounterTerrorist,2515.903,1431.051,160.0313,Knife,100,100,158.0163,-173.03,0,False,True,True,272.1094,17.57813
Delpan #NoXX,CounterTerrorist,2522.347,1422.371,160.0313,Knife,100,100,123.4571,-193.1554,0,False,True,True,268.9453,17.57813
Delpan #NoXX,CounterTerrorist,2526.569,1414.506,160.0313,Knife,100,100,98.25941,-206.4557,0,False,True,True,266.8359,17.57813
Delpan #NoXX,CounterTerrorist,2529.878,1406.183,160.0313,Knife,100,100,76.12479,-217.1695,0,False,True,True,265.0781,17.92969
Delpan #NoXX,CounterTerrorist,2532.407,1397.491,160.0313,Knife,100,100,57.65572,-225.8396,0,False,True,True,265.0781,18.28125
Delpan #NoXX,CounterTerrorist,2534.298,1388.499,160.0313,Knife,100,100,42.64549,-232.8859,0,False,True,True,265.0781,18.28125
Delpan #NoXX,CounterTerrorist,2535.433,1381.128,160.0313,Knife,100,100,32.68811,-237.5603,0,False,True,True,265.0781,18.28125
Delpan #NoXX,CounterTerrorist,2536.621,1369.831,160.0313,Knife,100,100,20.53185,-243.2669,0,False,True,True,265.0781,18.28125
Delpan #NoXX,CounterTerrorist,2537.229,1360.238,160.0313,Knife,100,100,12.47411,-247.0494,0,False,True,True,265.0781,18.28125
Delpan #NoXX,CounterTerrorist,2537.558,1350.515,160.0313,Knife,100,100,5.910995,-249.9301,0,False,True,True,265.0781,18.28125
Delpan #NoXX,CounterTerrorist,2537.651,1340.75,160.0313,Knife,100,100,0.02963873,-250,0,False,True,True,263.6719,17.92969
Delpan #NoXX,CounterTerrorist,2537.5,1330.986,160.0313,Knife,100,100,-6.707582,-249.91,0,False,True,True,260.8594,18.28125
Delpan #NoXX,CounterTerrorist,2537.056,1321.23,160.0313,Knife,100,100,-14.57234,-249.5749,0,False,True,True,258.3984,18.98438
Delpan #NoXX,CounterTerrorist,2536.294,1311.495,160.0313,Knife,100,100,-22.81695,-248.9566,0,False,True,True,256.2891,19.6875
Delpan #NoXX,CounterTerrorist,2535.214,1301.79,160.0313,Knife,100,100,-30.75094,-248.1015,0,False,True,True,254.8828,20.03906
Delpan #NoXX,CounterTerrorist,2533.841,1292.121,160.0313,Knife,100,100,-37.99565,-247.0958,0,False,True,True,253.8281,20.39063
Delpan #NoXX,CounterTerrorist,2532.191,1282.497,160.0313,Knife,100,100,-45.1162,-245.8954,0,False,True,True,252.0703,20.74219
Delpan #NoXX,CounterTerrorist,2530.256,1272.925,160.0313,Knife,100,100,-52.53806,-244.4172,0,False,True,True,249.9609,21.09375
Delpan #NoXX,CounterTerrorist,2528.018,1263.42,160.0313,Knife,100,100,-60.57497,-242.5503,0,False,True,True,247.1484,21.09375
Delpan #NoXX,CounterTerrorist,2525.445,1254,160.0313,Knife,100,100,-69.49618,-240.1464,0,False,True,True,243.9844,21.44531
Delpan #NoXX,CounterTerrorist,2522.566,1244.678,160.0313,Knife,100,100,-71.3183,-238.4653,0,False,True,True,240.1172,21.44531
Delpan #NoXX,CounterTerrorist,2520.379,1235.278,160.0313,Knife,100,100,-46.97891,-242.0826,0,False,True,True,236.25,21.09375
Delpan #NoXX,CounterTerrorist,2518.951,1225.738,160.0313,Knife,100,100,-30.51763,-245.6607,0,False,True,True,232.3828,21.09375
Delpan #NoXX,CounterTerrorist,2518.012,1216.063,160.0313,Knife,100,100,-20.5507,-248.9804,0,False,True,True,228.1641,21.09375
Delpan #NoXX,CounterTerrorist,2517.333,1206.321,160.0313,Knife,100,100,-15.95247,-249.4905,0,False,True,True,224.2969,20.74219
Delpan #NoXX,CounterTerrorist,2516.723,1196.575,160.0313,Knife,100,100,-15.92821,-249.4921,0,False,True,True,219.7266,20.74219
Delpan #NoXX,CounterTerrorist,2516.322,1190.729,160.0313,Knife,100,100,-17.83495,-249.363,0,False,True,True,216.9141,20.74219
Delpan #NoXX,CounterTerrorist,2515.101,1177.113,160.0313,Knife,100,100,-26.42404,-248.5996,0,False,True,True,210.9375,20.03906
Delpan #NoXX,CounterTerrorist,2513.866,1167.426,160.0313,Knife,100,100,-35.32354,-247.4919,0,False,True,True,206.7188,20.03906
Delpan #NoXX,CounterTerrorist,2512.324,1159.955,160.0313,Knife,100,100,-61.13077,-231.007,0,False,True,True,203.5547,19.6875
Delpan #NoXX,CounterTerrorist,2508.305,1149.968,160.0313,Knife,100,100,-102.1913,-200.5579,0,False,True,True,198.6328,19.33594
Delpan #NoXX,CounterTerrorist,2503.632,1142.695,160.0313,Knife,100,100,-130.6251,-176.7124,0,False,True,True,194.4141,18.98438
Delpan #NoXX,CounterTerrorist,2497.953,1136.337,160.0313,Knife,100,100,-154.6491,-153.6358,0,False,True,True,190.1953,18.28125
Delpan #NoXX,CounterTerrorist,2491.428,1130.874,160.0313,Knife,100,100,-174.8569,-130.5896,0,False,True,True,184.5703,17.22656
Delpan #NoXX,CounterTerrorist,2484.266,1126.49,160.0313,Knife,100,100,-185.4941,-92.60371,0,False,True,True,179.6484,15.46875
Delpan #NoXX,CounterTerrorist,2477.015,1124.105,160.0313,Knife,100,100,-187.8636,-46.15924,0,False,True,True,176.4844,13.71094
Delpan #NoXX,CounterTerrorist,2469.335,1122.61,160.0313,Knife,100,100,-202.0062,-33.14556,0,False,True,True,174.375,11.95313
Delpan #NoXX,CounterTerrorist,2464.488,1121.948,160.0313,Knife,100,100,-209.1223,-25.88191,0,False,True,True,173.3203,11.25
Delpan #NoXX,CounterTerrorist,2452.616,1121.018,160.0313,Knife,100,100,-222.4815,-10.64499,0,False,True,True,171.9141,9.140625
Delpan #NoXX,CounterTerrorist,2443.969,1119.942,160.0313,Knife,100,100,-220.7242,-37.96962,0,False,True,True,170.8594,8.085938
Delpan #NoXX,CounterTerrorist,2435.371,1117.938,160.0313,Knife,100,100,-219.8283,-59.43699,0,False,True,True,169.8047,7.03125
Delpan #NoXX,CounterTerrorist,2426.788,1115.215,160.0313,Knife,100,100,-219.7312,-75.96989,0,False,True,True,168.3984,5.976563
Delpan #NoXX,CounterTerrorist,2418.949,1111.424,160.0313,Knife,100,100,-188.9646,-110.1611,0,False,True,True,167.3438,4.921875
Delpan #NoXX,CounterTerrorist,2412.148,1106.456,160.0313,Knife,100,100,-165.0374,-137.7054,0,False,True,True,166.2891,4.21875
Delpan #NoXX,CounterTerrorist,2406.154,1100.542,160.0313,Knife,100,100,-146.2817,-159.9224,0,False,True,True,165.5859,3.515625
Delpan #NoXX,CounterTerrorist,2400.798,1093.862,160.0313,Knife,100,100,-131.5182,-177.8546,0,False,True,True,164.8828,3.164063
Delpan #NoXX,CounterTerrorist,2396.875,1088.069,160.0313,Knife,100,100,-122.1788,-189.6277,0,False,True,True,164.1797,2.8125
Delpan #NoXX,CounterTerrorist,2391.459,1078.777,157.6489,Knife,100,100,-111.2034,-203.8814,0,False,True,True,164.1797,2.460938
Delpan #NoXX,CounterTerrorist,2387.29,1070.586,157.4709,Knife,100,100,-103.9669,-213.3184,0,False,True,True,164.1797,2.460938
Delpan #NoXX,CounterTerrorist,2383.383,1062.065,157.0178,Knife,100,100,-97.30584,-221.2002,0,False,True,True,165.9375,2.8125
Delpan #NoXX,CounterTerrorist,2379.788,1053.253,156.601,Knife,100,100,-87.83504,-228.4808,0,False,True,True,172.9688,4.921875
Delpan #NoXX,CounterTerrorist,2376.655,1044.176,156.2378,Knife,100,100,-77.43064,-234.2283,0,False,True,True,182.8125,7.382813
Delpan #NoXX,CounterTerrorist,2373.279,1035.12,155.6,Knife,100,100,-90.63835,-231.2701,0,False,True,True,195.8203,10.54688
Delpan #NoXX,CounterTerrorist,2371.135,1029.678,155.0767,Knife,100,100,-91.16024,-232.787,0,False,True,True,207.0703,12.30469
Delpan #NoXX,CounterTerrorist,2367.214,1018.639,154.8582,Knife,100,100,-75.70386,-238.0678,0,False,True,True,228.8672,14.41406
Delpan #NoXX,CounterTerrorist,2364.261,1007.367,154.8462,Knife,100,100,-61.91309,-240.7819,0,False,True,True,243.2813,14.41406
Delpan #NoXX,CounterTerrorist,2361.651,997.9677,154.6971,Knife,100,100,-69.16527,-240.2419,0,False,True,True,248.9063,14.0625
Delpan #NoXX,CounterTerrorist,2358.857,988.6102,154.5374,Knife,100,100,-72.95848,-239.1172,0,False,True,True,249.2578,13.71094
Delpan #NoXX,CounterTerrorist,2355.935,979.2921,154.3704,Knife,100,100,-75.94808,-238.1846,0,False,True,True,249.2578,13.71094
Delpan #NoXX,CounterTerrorist,2352.911,970.0065,154.0169,Knife,100,100,-78.31049,-237.4183,0,False,True,True,249.2578,13.71094
Delpan #NoXX,CounterTerrorist,2349.808,960.7469,153.5605,Knife,100,100,-80.12341,-236.8127,0,False,True,True,249.6094,13.35938
Delpan #NoXX,CounterTerrorist,2349.808,960.7469,153.5605,Knife,100,100,-80.12341,-236.8127,0,False,True,True,249.6094,13.35938
Delpan #NoXX,CounterTerrorist,2343.428,942.2873,152.3048,Knife,100,100,-82.75814,-235.9048,0,False,True,True,249.6094,13.35938
Delpan #NoXX,CounterTerrorist,2340.172,933.0803,151.6672,Knife,100,100,-83.70954,-235.5689,0,False,True,True,249.6094,13.35938
Delpan #NoXX,CounterTerrorist,2337.069,923.8786,151.0471,Knife,100,100,-68.80821,-235.834,0,False,True,True,249.2578,13.00781
Delpan #NoXX,CounterTerrorist,2335.181,914.6426,150.5642,Knife,100,100,-35.58495,-236.8194,0,False,True,True,249.2578,13.00781
Delpan #NoXX,CounterTerrorist,2334.509,907.2289,150.2723,Knife,100,100,-13.55828,-237.4789,0,False,True,True,249.2578,13.35938
Delpan #NoXX,CounterTerrorist,2333.617,897.9084,149.9001,Knife,100,100,-28.58197,-239.3059,0,False,True,True,249.2578,13.35938
Delpan #NoXX,CounterTerrorist,2332.525,890.406,149.5579,Knife,100,100,-38.54828,-240.5179,0,False,True,True,249.2578,13.35938
Delpan #NoXX,CounterTerrorist,2329.964,877.1976,148.883,Knife,100,100,-52.46494,-242.2103,0,False,True,True,249.2578,13.35938
Delpan #NoXX,CounterTerrorist,2327.729,867.7173,148.3535,Knife,100,100,-60.08374,-242.6725,0,False,True,True,249.2578,13.35938
Delpan #NoXX,CounterTerrorist,2325.248,858.2724,147.797,Knife,100,100,-65.60857,-241.2375,0,False,True,True,249.6094,13.35938
Delpan #NoXX,CounterTerrorist,2322.582,848.8777,147.221,Knife,100,100,-69.85613,-240.0419,0,False,True,True,249.6094,13.35938
Delpan #NoXX,CounterTerrorist,2319.772,839.5253,147.0884,Knife,100,100,-73.22765,-239.0349,0,False,True,True,249.6094,13.35938
Delpan #NoXX,CounterTerrorist,2316.848,830.2076,147.0183,Knife,100,100,-75.84468,-238.2175,0,False,True,True,249.6094,13.35938
Delpan #NoXX,CounterTerrorist,2313.837,820.9178,146.9464,Knife,100,100,-77.8359,-237.5744,0,False,True,True,249.9609,13.35938
Delpan #NoXX,CounterTerrorist,2310.759,811.6498,146.8732,Knife,100,100,-79.36825,-237.0668,0,False,True,True,249.9609,13.00781
Delpan #NoXX,CounterTerrorist,2307.63,802.399,146.8785,Knife,100,100,-80.5547,-236.6663,0,False,True,True,249.9609,13.00781
Delpan #NoXX,CounterTerrorist,2305.098,795.0082,147.0377,Knife,100,100,-81.24223,-236.4312,0,False,True,True,250.3125,13.00781
Delpan #NoXX,CounterTerrorist,2301.277,783.93,147.2782,Knife,100,100,-81.64737,-236.2916,0,False,True,True,250.6641,12.65625
Delpan #NoXX,CounterTerrorist,2298.086,774.7004,147.479,Knife,100,100,-81.67541,-236.2819,0,False,True,True,251.0156,12.30469
Delpan #NoXX,CounterTerrorist,2295.539,767.3158,147.6212,Knife,100,100,-81.2196,-236.3283,0,False,True,True,251.0156,11.95313
Delpan #NoXX,CounterTerrorist,2291.732,756.2325,147.5675,Knife,100,100,-81.16721,-236.457,0,False,True,True,251.0156,11.95313
Delpan #NoXX,CounterTerrorist,2288.749,746.9946,147.5103,Knife,100,100,-65.40423,-236.5434,0,False,True,True,251.0156,11.95313
Delpan #NoXX,CounterTerrorist,2287.013,737.7505,147.37,Knife,100,100,-31.37289,-236.7166,0,False,True,True,251.0156,11.60156
Delpan #NoXX,CounterTerrorist,2286.453,728.4998,147.1515,Knife,100,100,-3.77126,-236.885,0,False,True,True,251.0156,11.60156
Delpan #NoXX,CounterTerrorist,2286.845,719.2432,146.8695,Knife,100,100,18.65229,-237.0262,0,False,True,True,251.0156,11.60156
Delpan #NoXX,CounterTerrorist,2287.101,709.9261,146.595,Knife,100,100,-1.023984,-239.438,0,False,True,True,251.0156,11.25
Delpan #NoXX,CounterTerrorist,2286.673,700.5267,146.3635,Knife,100,100,-17.1274,-241.3593,0,False,True,True,250.6641,11.25
Delpan #NoXX,CounterTerrorist,2285.688,691.0612,146.1673,Knife,100,100,-30.23908,-242.9124,0,False,True,True,250.6641,11.25
Delpan #NoXX,CounterTerrorist,2284.25,681.5421,145.9996,Knife,100,100,-40.89525,-244.1746,0,False,True,True,250.6641,11.25
Delpan #NoXX,CounterTerrorist,2282.444,671.9805,145.8552,Knife,100,100,-49.52445,-245.0456,0,False,True,True,250.6641,11.25
Delpan #NoXX,CounterTerrorist,2280.352,662.442,146.0038,Knife,100,100,-56.06807,-243.6316,0,False,True,True,250.6641,11.25
Delpan #NoXX,CounterTerrorist,2279.449,658.6414,146.0958,Knife,100,100,-58.30279,-243.1065,0,False,True,True,250.6641,11.25
Delpan #NoXX,CounterTerrorist,2275.54,643.514,146.504,Knife,100,100,-65.48914,-241.2699,0,False,True,True,250.6641,11.25
Delpan #NoXX,CounterTerrorist,2272.901,634.1116,146.7853,Knife,100,100,-68.81808,-240.3416,0,False,True,True,250.6641,11.25
Delpan #NoXX,CounterTerrorist,2271.074,626.6099,146.9729,Knife,100,100,-47.83166,-239.9386,0,False,True,True,250.6641,11.25
Delpan #NoXX,CounterTerrorist,2269.846,615.3739,147.0406,Knife,100,100,-11.9796,-239.544,0,False,True,True,250.6641,11.25
Delpan #NoXX,CounterTerrorist,2269.95,606.0231,146.9718,Knife,100,100,11.78481,-239.2825,0,False,True,True,250.6641,11.25
Delpan #NoXX,CounterTerrorist,2270.418,600.417,146.869,Knife,100,100,23.85,-239.1497,0,False,True,True,250.6641,11.25
Delpan #NoXX,CounterTerrorist,2271.558,587.2948,146.6223,Knife,100,100,8.955295,-241.0518,0,False,True,True,250.6641,11.25
Delpan #NoXX,CounterTerrorist,2271.476,577.8393,146.5643,Knife,100,100,-8.932981,-242.7,0,False,True,True,251.0156,11.95313
Delpan #NoXX,CounterTerrorist,2270.79,568.3222,146.586,Knife,100,100,-22.73453,-244.2865,0,False,True,True,252.4219,12.65625
Delpan #NoXX,CounterTerrorist,2269.922,560.6593,146.6451,Knife,100,100,-30.38217,-245.8008,0,False,True,True,254.8828,13.00781
Delpan #NoXX,CounterTerrorist,2268.316,549.0782,145.9229,Knife,100,100,-36.15979,-247.3711,0,False,True,True,258.75,14.0625
Delpan #NoXX,CounterTerrorist,2266.867,539.4206,145.2922,Knife,100,100,-37.61463,-247.1541,0,False,True,True,260.1563,14.41406
Delpan #NoXX,CounterTerrorist,2265.675,531.6996,144.7926,Knife,100,100,-38.47226,-247.022,0,False,True,True,260.1563,14.76563
Delpan #NoXX,CounterTerrorist,2264.152,522.0535,144.1727,Knife,100,100,-39.26201,-246.8977,0,False,True,True,260.1563,14.76563
Delpan #NoXX,CounterTerrorist,2262.608,512.4106,143.5559,Knife,100,100,-39.6562,-246.8347,0,False,True,True,260.5078,15.11719
Delpan #NoXX,CounterTerrorist,2260.737,500.8422,142.8185,Knife,100,100,-40.08497,-246.7655,0,False,True,True,260.5078,15.11719
Delpan #NoXX,CounterTerrorist,2259.164,491.204,142.2059,Knife,100,100,-40.36902,-246.7192,0,False,True,True,260.5078,15.11719
Delpan #NoXX,CounterTerrorist,2257.582,481.5675,141.5947,Knife,100,100,-40.59979,-246.6813,0,False,True,True,260.5078,15.11719
Delpan #NoXX,CounterTerrorist,2256.31,473.8592,141.1066,Knife,100,100,-40.75284,-246.6561,0,False,True,True,260.5078,15.11719
Delpan #NoXX,CounterTerrorist,2254.396,462.298,140.3756,Knife,100,100,-40.86652,-246.6372,0,False,True,True,260.8594,15.46875
Delpan #NoXX,CounterTerrorist,2253.132,454.5884,139.8863,Knife,100,100,-40.05721,-246.77,0,False,True,True,262.2656,15.46875
Delpan #NoXX,CounterTerrorist,2251.322,443.0104,139.1473,Knife,100,100,-37.4124,-247.1848,0,False,True,True,264.0234,15.82031
Delpan #NoXX,CounterTerrorist,2250.193,435.2799,138.6484,Knife,100,100,-35.35059,-247.4881,0,False,True,True,264.375,15.82031
Delpan #NoXX,CounterTerrorist,2248.865,425.605,138.0121,Knife,100,100,-33.14961,-247.7925,0,False,True,True,264.375,15.82031
Delpan #NoXX,CounterTerrorist,2247.613,415.92,137.3642,Knife,100,100,-31.37805,-248.023,0,False,True,True,264.375,15.82031
Delpan #NoXX,CounterTerrorist,2246.19,404.2881,136.5749,Knife,100,100,-29.69567,-248.2301,0,False,True,True,264.375,15.82031
Delpan #NoXX,CounterTerrorist,2245.281,396.5286,136.0426,Knife,100,100,-28.72623,-248.3441,0,False,True,True,264.7266,15.82031
Delpan #NoXX,CounterTerrorist,2244.401,388.7659,135.5061,Knife,100,100,-27.8631,-248.4424,0,False,True,True,264.7266,15.82031
Delpan #NoXX,CounterTerrorist,2242.918,375.1747,134.4439,Knife,100,100,-26.60239,-248.5806,0,False,True,True,264.7266,15.46875
Delpan #NoXX,CounterTerrorist,2242.098,367.4053,133.7294,Knife,100,100,-26.03123,-248.6411,0,False,True,True,264.7266,15.46875
Delpan #NoXX,CounterTerrorist,2240.897,355.7482,132.6545,Knife,100,100,-25.33455,-248.713,0,False,True,True,264.7266,15.46875
Delpan #NoXX,CounterTerrorist,2239.919,346.0317,132.2466,Knife,100,100,-24.87304,-248.7596,0,False,True,True,264.7266,15.46875
Delpan #NoXX,CounterTerrorist,2238.957,336.3136,132.1452,Knife,100,100,-24.49809,-248.7968,0,False,True,True,264.7266,15.46875
Delpan #NoXX,CounterTerrorist,2238.007,326.5943,132.0425,Knife,100,100,-24.20273,-248.8257,0,False,True,True,264.7266,15.46875
Delpan #NoXX,CounterTerrorist,2237.065,316.8742,131.9391,Knife,100,100,-24.09407,-248.8362,0,False,True,True,264.375,15.46875
Delpan #NoXX,CounterTerrorist,2236.123,307.1541,131.8357,Knife,100,100,-24.13319,-248.8325,0,False,True,True,264.375,15.46875
Delpan #NoXX,CounterTerrorist,2235.177,297.4344,131.7328,Knife,100,100,-24.3121,-248.815,0,False,True,True,264.0234,15.46875
Delpan #NoXX,CounterTerrorist,2234.413,289.6594,131.6511,Knife,100,100,-24.53086,-248.7936,0,False,True,True,264.0234,15.46875
Delpan #NoXX,CounterTerrorist,2233.253,277.9981,131.427,Knife,100,100,-24.86506,-248.7604,0,False,True,True,264.0234,15.46875
Delpan #NoXX,CounterTerrorist,2232.275,268.2816,131.1761,Knife,100,100,-25.14738,-248.732,0,False,True,True,264.0234,15.46875
Delpan #NoXX,CounterTerrorist,2231.281,258.5667,130.9282,Knife,100,100,-25.74433,-248.6709,0,False,True,True,263.3203,15.46875
Delpan #NoXX,CounterTerrorist,2230.25,248.8557,130.6868,Knife,100,100,-26.91876,-248.5465,0,False,True,True,262.2656,15.11719
Delpan #NoXX,CounterTerrorist,2229.154,239.1517,130.4569,Knife,100,100,-28.92394,-248.3212,0,False,True,True,260.8594,15.11719
Delpan #NoXX,CounterTerrorist,2227.96,229.4594,130.2445,Knife,100,100,-31.73155,-247.978,0,False,True,True,259.4531,15.11719
Delpan #NoXX,CounterTerrorist,2226.643,219.7831,130.0542,Knife,100,100,-35.08384,-247.526,0,False,True,True,258.3984,14.76563
Delpan #NoXX,CounterTerrorist,2225.491,212.056,129.9195,Knife,100,100,-37.94363,-247.1038,0,False,True,True,257.6953,14.76563
Delpan #NoXX,CounterTerrorist,2223.581,200.4941,129.7505,Knife,100,100,-42.89292,-246.2929,0,False,True,True,255.5859,15.11719
Delpan #NoXX,CounterTerrorist,2221.789,190.8944,129.6458,Knife,100,100,-47.9683,-245.3549,0,False,True,True,253.125,15.46875
Delpan #NoXX,CounterTerrorist,2219.777,181.3387,129.5812,Knife,100,100,-54.04512,-244.0884,0,False,True,True,250.6641,15.46875
Delpan #NoXX,CounterTerrorist,2218.446,175.6326,129.5651,Knife,100,100,-58.20759,-243.1293,0,False,True,True,248.9063,15.82031
Delpan #NoXX,CounterTerrorist,2214.948,162.4167,129.5998,Knife,100,100,-68.25541,-240.502,0,False,True,True,246.7969,16.52344
Delpan #NoXX,CounterTerrorist,2212.121,153.0696,129.6855,Knife,100,100,-75.0338,-238.4742,0,False,True,True,245.3906,17.22656
Delpan #NoXX,CounterTerrorist,2209.045,143.8013,129.8188,Knife,100,100,-81.13128,-236.4693,0,False,True,True,244.6875,17.22656
Delpan #NoXX,CounterTerrorist,2205.742,134.6113,130.0404,Knife,100,100,-86.79972,-234.4479,0,False,True,True,243.6328,17.57813
Delpan #NoXX,CounterTerrorist,2202.243,125.4957,129.4269,Knife,100,100,-91.49547,-232.6555,0,False,True,True,242.2266,17.92969
Delpan #NoXX,CounterTerrorist,2198.532,116.4627,127.9648,Knife,100,100,-97.29586,-230.2901,0,False,True,True,240.8203,18.28125
Delpan #NoXX,CounterTerrorist,2194.606,107.5213,126.5227,Knife,100,100,-102.52,-228.0124,0,False,True,True,240.4688,18.28125
Delpan #NoXX,CounterTerrorist,2190.499,98.66128,125.0795,Knife,100,100,-106.7425,-226.0665,0,False,True,True,240.4688,18.28125
Delpan #NoXX,CounterTerrorist,2186.249,89.86907,123.6169,Knife,100,100,-110.0678,-224.4662,0,False,True,True,240.4688,18.28125
Delpan #NoXX,CounterTerrorist,2181.773,81.26665,127.3247,Knife,100,100,-117.0286,-217.6706,286.3684,False,True,True,240.4688,18.28125
Delpan #NoXX,CounterTerrorist,2177.201,72.76389,137.9007,Knife,100,100,-117.0286,-217.6706,255.1184,False,True,True,238.711,18.28125
Delpan #NoXX,CounterTerrorist,2171.274,65.13946,147.2559,Knife,100,100,-168.3321,-183.9104,223.8684,False,True,True,234.4922,18.63281
Delpan #NoXX,CounterTerrorist,2164.251,58.30897,155.3904,Knife,100,100,-187.9107,-168.0121,192.6184,False,True,True,228.5156,18.98438
Delpan #NoXX,CounterTerrorist,2158.023,53.40588,161.0192,Knife,100,100,-206.0953,-149.8064,167.6184,False,True,True,222.8906,19.6875
Delpan #NoXX,CounterTerrorist,2147.721,47.17434,167.9974,Knife,100,100,-228.4789,-121.09,130.1184,False,True,True,214.4531,20.39063
Delpan #NoXX,CounterTerrorist,2142.249,44.51762,170.8273,Knife,100,100,-235.8931,-109.3995,111.3684,False,True,True,211.289,21.09375
Delpan #NoXX,CounterTerrorist,2129.083,38.99506,175.7216,Knife,100,100,-239.7243,-102.9121,67.61838,False,True,True,208.4766,22.14844
Delpan #NoXX,CounterTerrorist,2120.014,34.45071,177.7526,Knife,100,100,-226.9165,-125.3452,36.36838,False,True,True,210.9375,22.85156
Delpan #NoXX,CounterTerrorist,2111.498,29.02711,178.5629,Knife,100,100,-211.6794,-147.7923,5.118378,False,True,True,216.211,23.55469
Delpan #NoXX,CounterTerrorist,2104.14,22.19696,178.1525,Knife,100,100,-164.7851,-200.7669,-26.13162,False,True,True,223.9453,23.55469
Delpan #NoXX,CounterTerrorist,2098.382,13.74437,176.5214,Knife,100,100,-134.6773,-226.7003,-57.38162,False,True,True,232.7344,23.55469
Delpan #NoXX,CounterTerrorist,2093.885,4.389078,173.6696,Knife,100,100,-101.3176,-247.6016,-88.63162,False,True,True,241.1719,23.20313
Delpan #NoXX,CounterTerrorist,2090.137,-4.370077,174.6732,Knife,100,100,-85.35962,-201.4779,280.3077,False,True,True,248.2031,22.5
Delpan #NoXX,CounterTerrorist,2088.303,-10.96883,183.0423,Knife,100,100,-49.70172,-214.34,255.3077,False,True,True,251.0156,21.79688
Delpan #NoXX,CounterTerrorist,2084.515,-20.49724,194.131,Knife,100,100,-109.4674,-192.6093,217.8077,False,True,True,248.2031,21.79688
Delpan #NoXX,CounterTerrorist,2079.654,-27.7451,202.0287,Knife,100,100,-135.5736,-179.6583,186.5577,False,True,True,240.4688,23.90625
Delpan #NoXX,CounterTerrorist,2074.9,-33.01752,207.4681,Knife,100,100,-161.5379,-161.8595,161.5577,False,True,True,232.7344,26.36719
Delpan #NoXX,CounterTerrorist,2067.892,-38.70837,213.1686,Knife,100,100,-189.169,-135.7941,130.3077,False,True,True,221.8359,30.23438
Delpan #NoXX,CounterTerrorist,2058.61,-44.51807,218.3979,Knife,100,100,-203.8124,-114.824,92.80774,False,True,True,209.8828,34.45313
Delpan #NoXX,CounterTerrorist,2050.424,-48.52675,221.4129,Knife,100,100,-213.014,-94.13695,61.55774,False,True,True,200.3906,37.61719
Delpan #NoXX,CounterTerrorist,2041.951,-51.66948,223.2072,Knife,100,100,-219.1116,-71.0575,30.30774,False,True,True,191.6016,40.42969
Delpan #NoXX,CounterTerrorist,2033.304,-53.86651,223.7808,Knife,100,100,-222.5501,-46.15653,-0.9422607,False,True,True,185.625,42.53906
Delpan #NoXX,CounterTerrorist,2024.488,-54.15509,223.1336,Knife,100,100,-227.1974,11.60821,-32.19226,False,True,True,185.2734,44.29688
Delpan #NoXX,CounterTerrorist,2015.888,-55.41359,221.2658,Knife,100,100,-211.638,-76.20792,-63.44226,False,True,True,193.0078,46.75781
Delpan #NoXX,CounterTerrorist,2008.015,-59.57555,229.3681,Knife,100,100,-193.4533,-125.5498,263.4168,False,True,True,205.6641,48.16407
Delpan #NoXX,CounterTerrorist,2001.311,-65.76502,239.0474,Knife,100,100,-154.4033,-179.5027,232.1668,False,True,True,222.8906,49.21875
Delpan #NoXX,CounterTerrorist,1996.574,-73.81076,247.5059,Knife,100,100,-96.81372,-221.3457,200.9168,False,True,True,241.5234,49.21875
Delpan #NoXX,CounterTerrorist,1994.453,-83.03775,254.7438,Knife,100,100,-24.49415,-243.3003,169.6668,False,True,True,259.8047,48.86719
Delpan #NoXX,CounterTerrorist,1995.33,-92.63226,260.761,Knife,100,100,51.94603,-244.5994,138.4168,False,True,True,275.2734,48.16407
Delpan #NoXX,CounterTerrorist,1998.135,-102.052,265.5576,Knife,100,100,80.08388,-238.8608,107.1668,False,True,True,287.9297,47.46093
Delpan #NoXX,CounterTerrorist,2001.743,-111.1779,269.1335,Knife,100,100,100.4098,-229.4807,75.91678,False,True,True,299.8828,46.75781
Delpan #NoXX,CounterTerrorist,2005.941,-112.9688,271.4887,Knife,100,100,108.2692,0,44.66678,False,True,True,308.6719,46.05469
Delpan #NoXX,CounterTerrorist,2010.086,-112.9962,272.6232,Knife,100,100,101.0669,0,13.41678,False,True,True,315,45.35156
Delpan #NoXX,CounterTerrorist,2013.356,-112.9962,272.537,Knife,100,100,61.04798,0,-17.83322,False,True,True,316.4063,45
Delpan #NoXX,CounterTerrorist,2013.934,-112.9962,271.2301,Knife,100,100,-17.34728,0,-49.08322,False,True,True,312.5391,44.29688
Delpan #NoXX,CounterTerrorist,2012.556,-112.9966,268.7025,Knife,100,100,-37.00808,-0.02555034,-80.33322,False,True,True,303.75,43.59375
Delpan #NoXX,CounterTerrorist,2011.11,-112.9975,264.9542,Knife,100,100,-37.00808,-0.02555034,-111.5832,False,True,True,292.5,42.89063
Delpan #NoXX,CounterTerrorist,2009.194,-112.9975,259.9851,Knife,100,100,-51.96778,0,-142.8332,False,True,True,279.4922,41.83594
Delpan #NoXX,CounterTerrorist,2007.068,-112.9975,260.2991,Knife,100,100,-56.03163,0,266.8922,False,True,True,266.8359,41.48438
Delpan #NoXX,CounterTerrorist,2004.88,-112.9975,270.1141,Knife,100,100,-56.03163,0,235.6422,False,True,True,253.4766,41.13281
Delpan #NoXX,CounterTerrorist,2002.586,-112.9975,278.7085,Knife,100,100,-61.47739,0,204.3922,False,True,True,241.5234,41.48438
Delpan #NoXX,CounterTerrorist,2000.354,-112.9975,286.0822,Knife,100,100,-52.71454,0,173.1422,False,True,True,232.3828,42.1875
Delpan #NoXX,CounterTerrorist,1998.422,-112.9975,292.2351,Knife,100,100,-48.23645,0,141.8922,False,True,True,226.4063,44.29688
Delpan #NoXX,CounterTerrorist,1997.321,-113.1401,293.0313,Knife,100,100,-44.82326,-14.36635,0,False,True,True,224.6484,46.05469
Delpan #NoXX,CounterTerrorist,1995.389,-115.857,293.0313,Knife,100,100,-30.12844,-73.96716,0,False,True,True,225,50.27344
Delpan #NoXX,CounterTerrorist,1994.37,-119.605,293.0313,Knife,100,100,-23.26778,-109.6122,0,False,True,True,227.4609,53.4375
Delpan #NoXX,CounterTerrorist,1993.46,-124.524,293.0313,Knife,100,100,-30.82319,-133.5435,0,False,True,True,229.9219,56.60156
Delpan #NoXX,CounterTerrorist,1991.645,-130.065,293.0313,Knife,100,100,-55.97893,-147.204,0,False,True,True,232.3828,58.35937
Delpan #NoXX,CounterTerrorist,1989.003,-136.1111,293.0313,Knife,100,100,-74.55402,-159.7265,0,False,True,True,235.1953,59.76563
Delpan #NoXX,CounterTerrorist,1985.758,-142.6172,293.0313,Knife,100,100,-88.37702,-170.8043,0,False,True,True,235.8984,60.11719
Delpan #NoXX,CounterTerrorist,1982.051,-149.4932,292.9824,Knife,100,100,-97.54683,-178.153,-9.375,False,True,True,235.8984,60.11719
Delpan #NoXX,CounterTerrorist,1979.003,-155.0604,292.2988,Knife,100,100,-97.54683,-178.153,-34.375,False,True,True,235.8984,60.11719
Delpan #NoXX,CounterTerrorist,1974.43,-163.4113,289.8086,Knife,100,100,-97.54683,-178.153,-71.875,False,True,True,235.8984,60.11719
Delpan #NoXX,CounterTerrorist,1970.62,-170.3704,286.3906,Knife,100,100,-97.54683,-178.153,-103.125,False,True,True,235.8984,60.11719
Delpan #NoXX,CounterTerrorist,1966.809,-177.3295,281.752,Knife,100,100,-97.54683,-178.153,-134.375,False,True,True,234.4922,58.71093
Delpan #NoXX,CounterTerrorist,1962.157,-183.5838,275.8926,Knife,100,100,-150.9795,-132.4854,-165.625,False,True,True,227.8125,56.60156
Delpan #NoXX,CounterTerrorist,1956.846,-187.1045,270.3262,Knife,100,100,-178.373,-102.5829,-190.625,False,True,True,218.3203,55.19531
Delpan #NoXX,CounterTerrorist,1947.65,-190.5177,260.5117,Knife,100,100,-206.8763,-50.27654,-228.125,False,True,True,201.7969,52.73437
Delpan #NoXX,CounterTerrorist,1938.238,-191.3308,256.0313,Knife,100,100,-196.4777,1.884145,0,False,True,True,187.7344,49.57031
Delpan #NoXX,CounterTerrorist,1932.074,-190.7659,256.0313,Knife,100,100,-197.5079,27.4527,0,False,True,True,184.5703,48.16407
Delpan #NoXX,CounterTerrorist,1911.966,-189.9972,256.0313,Knife,100,100,-183.0454,-41.60469,0,False,True,True,214.4531,47.46093
Delpan #NoXX,CounterTerrorist,1911.966,-189.9972,256.0313,Knife,100,100,-183.0454,-41.60469,0,False,True,True,214.4531,47.46093
Delpan #NoXX,CounterTerrorist,1905.501,-192.6184,256.0313,Knife,100,100,-153.6718,-83.05537,0,False,True,True,222.1875,46.75781
Delpan #NoXX,CounterTerrorist,1901.161,-195.7664,256.0313,Knife,100,100,-130.0524,-110.7699,0,False,True,True,226.7578,45.35156
Delpan #NoXX,CounterTerrorist,1897.541,-199.6948,256.0313,Knife,100,100,-107.5377,-134.1681,0,False,True,True,229.5703,44.29688
Delpan #NoXX,CounterTerrorist,1892.793,-208.0853,256.0313,Knife,100,100,-72.08076,-166.4517,0,False,True,True,233.4375,41.83594
Delpan #NoXX,CounterTerrorist,1889.884,-214.8687,256.0313,Knife,100,100,-81.13305,-176.8657,0,False,True,True,233.789,40.07813
Delpan #NoXX,CounterTerrorist,1887.117,-220.5049,256.0313,Knife,100,100,-92.7808,-182.3165,0,False,True,True,233.4375,38.32031
Delpan #NoXX,CounterTerrorist,1884.014,-226.2891,256.0313,Knife,100,100,-103.0687,-186.6181,0,False,True,True,232.3828,36.91406
Delpan #NoXX,CounterTerrorist,1878.801,-235.1647,256.0313,Knife,100,100,-116.7499,-190.9933,0,False,True,True,230.9766,34.80469
Delpan #NoXX,CounterTerrorist,1873.005,-244.1964,256.0313,Knife,100,100,-128.2881,-193.6956,0,False,True,True,229.9219,33.04688
Delpan #NoXX,CounterTerrorist,1867.799,-251.7968,256.0313,Knife,100,100,-136.4358,-195.0658,0,False,True,True,229.2188,31.64063
Delpan #NoXX,CounterTerrorist,1862.275,-259.3807,256.0313,Knife,100,100,-146.9936,-188.5831,0,False,True,True,228.8672,30.23438
Delpan #NoXX,CounterTerrorist,1856.006,-265.9721,256.0313,Knife,100,100,-168.8935,-156.273,0,False,True,True,228.1641,29.17969
Delpan #NoXX,CounterTerrorist,1849.055,-271.5352,260.6034,Knife,100,100,-180.3685,-138.782,286.3684,False,True,True,225,27.42188
Delpan #NoXX,CounterTerrorist,1843.171,-275.6055,269.1617,Knife,100,100,-192.4581,-125.4971,261.3684,False,True,True,220.7813,26.01563
Delpan #NoXX,CounterTerrorist,1833.562,-280.6959,280.5344,Knife,100,100,-213.5947,-95.59043,223.8684,False,True,True,211.6406,23.90625
Delpan #NoXX,CounterTerrorist,1826.659,-283.2629,287.1396,Knife,100,100,-224.638,-74.67038,198.8684,False,True,True,205.6641,22.85156
Delpan #NoXX,CounterTerrorist,1817.611,-285.5095,294.2975,Knife,100,100,-235.8559,-45.60328,167.6184,False,True,True,198.2813,22.14844
Delpan #NoXX,CounterTerrorist,1810.138,-286.5734,299.145,Knife,100,100,-240.9796,-26.64762,142.6184,False,True,True,193.3594,21.79688
Delpan #NoXX,CounterTerrorist,1796.807,-287.2294,305.748,Knife,100,100,-245.3255,-2.057694,98.86838,False,True,True,187.3828,21.09375
Delpan #NoXX,CounterTerrorist,1791.043,-287.1555,307.8455,Knife,100,100,-246.1649,5.539237,80.11838,False,True,True,185.625,20.74219
Delpan #NoXX,CounterTerrorist,1779.482,-286.6289,310.7221,Knife,100,100,-246.8404,14.08843,42.61838,False,True,True,183.8672,19.6875
Delpan #NoXX,CounterTerrorist,1769.835,-285.9956,311.7765,Knife,100,100,-247.0422,17.70434,11.36838,False,True,True,182.8125,19.33594
Delpan #NoXX,CounterTerrorist,1760.183,-285.2581,311.6102,Knife,100,100,-247.1048,19.0626,-19.88162,False,True,True,182.4609,18.63281
Delpan #NoXX,CounterTerrorist,1750.53,-284.5135,310.2231,Knife,100,100,-247.1048,19.0626,-51.13162,False,True,True,182.4609,18.28125
Delpan #NoXX,CounterTerrorist,1738.947,-283.6199,306.9474,Knife,100,100,-247.1048,19.0626,-88.63162,False,True,True,182.1094,17.92969
Delpan #NoXX,CounterTerrorist,1731.225,-283.0242,303.787,Knife,100,100,-247.1048,19.0626,-113.6316,False,True,True,182.1094,17.57813
Delpan #NoXX,CounterTerrorist,1721.572,-282.2796,298.7379,Knife,100,100,-247.1048,19.0626,-144.8816,False,True,True,182.1094,17.22656
Delpan #NoXX,CounterTerrorist,1711.92,-281.5349,292.468,Knife,100,100,-247.1048,19.0626,-176.1316,False,True,True,181.7578,16.875
Delpan #NoXX,CounterTerrorist,1700.336,-280.6414,283.3329,Knife,100,100,-247.1048,19.0626,-213.6316,False,True,True,181.7578,16.52344
Delpan #NoXX,CounterTerrorist,1690.684,-279.8968,274.3775,Knife,100,100,-247.1048,19.0626,-244.8816,False,True,True,181.7578,16.17188
Delpan #NoXX,CounterTerrorist,1681.031,-279.1521,264.2014,Knife,100,100,-247.1048,19.0626,-276.1316,False,True,True,181.4063,16.17188
Delpan #NoXX,CounterTerrorist,1675.239,-278.7054,257.5098,Knife,100,100,-247.1048,19.0626,0,False,True,True,181.4063,16.17188
Delpan #NoXX,CounterTerrorist,1666.44,-278.1399,256.0313,Knife,100,100,-192.9436,10.21338,0,False,True,True,181.0547,15.82031
Delpan #NoXX,CounterTerrorist,1658.656,-277.8083,256.0313,Knife,100,100,-203.516,7.477162,0,False,True,True,180.7031,15.82031
Delpan #NoXX,CounterTerrorist,1648.765,-277.5211,256.0313,Knife,100,100,-216.2831,5.326586,0,False,True,True,180.3516,15.46875
Delpan #NoXX,CounterTerrorist,1641.859,-277.3704,256.0313,Knife,100,100,-223.6417,4.597187,0,False,True,True,179.6484,15.11719
Delpan #NoXX,CounterTerrorist,1632.939,-277.1954,256.0313,Knife,100,100,-231.2727,4.508848,0,False,True,True,178.9453,14.76563
Delpan #NoXX,CounterTerrorist,1621.893,-276.9633,256.0313,Knife,100,100,-238.5448,5.387832,0,False,True,True,177.8906,14.41406
Delpan #NoXX,CounterTerrorist,1614.36,-276.775,256.0313,Knife,100,100,-242.4567,6.445373,0,False,True,True,177.1875,14.0625
Delpan #NoXX,CounterTerrorist,1604.792,-276.4852,256.0313,Knife,100,100,-246.4871,8.105825,0,False,True,True,176.4844,13.71094
Delpan #NoXX,CounterTerrorist,1595.085,-276.1267,256.0313,Knife,100,100,-249.7352,9.8986,0,False,True,True,176.1328,13.35938
Delpan #NoXX,CounterTerrorist,1583.378,-275.6076,256.0313,Knife,100,100,-249.7165,11.90349,0,False,True,True,175.4297,13.00781
Delpan #NoXX,CounterTerrorist,1581.427,-275.5121,256.0313,Knife,100,100,-249.7013,12.21686,0,False,True,True,175.4297,13.00781
Delpan #NoXX,CounterTerrorist,1566.153,-276.2203,262.8162,Knife,100,100,-242.1247,-19.71773,280.1184,False,True,True,175.7813,13.00781
Delpan #NoXX,CounterTerrorist,1556.694,-277.0385,273.1479,Knife,100,100,-242.2438,-25.34781,248.8684,False,True,True,178.9453,14.41406
Delpan #NoXX,CounterTerrorist,1547.247,-278.5963,282.259,Knife,100,100,-241.143,-50.63298,217.6184,False,True,True,184.9219,17.22656
Delpan #NoXX,CounterTerrorist,1537.939,-281.3249,290.1493,Knife,100,100,-235.7745,-82.85689,186.3684,False,True,True,192.3047,21.09375
Delpan #NoXX,CounterTerrorist,1527.254,-286.3989,298.0063,Knife,100,100,-221.3177,-125.9097,148.8684,False,True,True,202.8516,25.3125
Delpan #NoXX,CounterTerrorist,1522.015,-289.2563,301.2757,Knife,100,100,-227.5473,-113.9001,130.1184,False,True,True,207.7734,27.07031
Delpan #NoXX,CounterTerrorist,1509.298,-295.0059,307.1952,Knife,100,100,-233.1848,-104.027,86.36838,False,True,True,212.6953,28.82813
Delpan #NoXX,CounterTerrorist,1503.833,-297.4441,308.9997,CZ,100,100,-233.1848,-104.027,67.61838,False,True,True,211.9922,28.82813
Delpan #NoXX,CounterTerrorist,1494.642,-301.3621,311.0306,AK47,100,100,-238.5631,-94.33568,36.36838,False,True,True,208.125,28.125
Delpan #NoXX,CounterTerrorist,1485.088,-304.5574,311.8409,AK47,100,100,-248.4176,-73.18587,5.118378,False,True,True,202.8516,26.71875
Delpan #NoXX,CounterTerrorist,1473.178,-307.2715,311.2018,AK47,100,100,-257.2589,-48.32571,-32.38162,False,True,True,197.2266,24.96094
Delpan #NoXX,CounterTerrorist,1463.039,-308.8414,309.3265,AK47,100,100,-261.0088,-34.65162,-63.63162,False,True,True,194.0625,23.55469
Delpan #NoXX,CounterTerrorist,1450.744,-310.205,305.4648,AK47,100,100,-262.9099,-26.41612,-101.1316,False,True,True,192.3047,22.5
Delpan #NoXX,CounterTerrorist,1442.519,-310.9898,301.9138,AK47,100,100,-263.312,-24.52223,-126.1316,False,True,True,191.9531,21.79688
Delpan #NoXX,CounterTerrorist,1432.228,-311.9236,296.3764,AK47,100,100,-263.5085,-23.57373,-157.3816,False,True,True,191.6016,21.44531
Delpan #NoXX,CounterTerrorist,1419.874,-313.0194,288.1202,AK47,100,100,-263.557,-23.33643,-194.8816,False,True,True,191.6016,20.74219
Delpan #NoXX,CounterTerrorist,1411.638,-313.7486,281.6395,AK47,100,100,-263.557,-23.33643,-219.8816,False,True,True,191.6016,20.39063
Delpan #NoXX,CounterTerrorist,1401.343,-314.6602,272.4399,AK47,100,100,-263.557,-23.33643,-251.1316,False,True,True,191.6016,20.03906
Delpan #NoXX,CounterTerrorist,1388.988,-315.7541,259.7892,AK47,100,100,-263.557,-23.33643,-288.6316,False,True,True,191.6016,20.03906
Delpan #NoXX,CounterTerrorist,1378.693,-316.6656,265.1547,AK47,100,100,-263.557,-23.33643,232.1379,False,True,True,191.6016,20.03906
Delpan #NoXX,CounterTerrorist,1368.397,-317.5772,273.6122,AK47,100,100,-263.557,-23.33643,200.8879,False,True,True,191.25,20.03906
Delpan #NoXX,CounterTerrorist,1360.161,-318.3064,279.4993,AK47,100,100,-263.557,-23.33643,175.8879,False,True,True,191.25,20.03906
Delpan #NoXX,CounterTerrorist,1347.806,-319.4003,286.8651,AK47,100,100,-263.557,-23.33643,138.3879,False,True,True,191.25,20.03906
Delpan #NoXX,CounterTerrorist,1339.57,-320.1295,290.799,AK47,100,100,-263.557,-23.33643,113.3879,False,True,True,190.8984,20.39063
Delpan #NoXX,CounterTerrorist,1333.406,-320.7442,293.2368,AK47,100,100,-262.4332,-29.12353,94.63788,False,True,True,190.8984,20.39063
Delpan #NoXX,CounterTerrorist,1317.171,-323.4167,297.5891,AK47,100,100,-257.5764,-53.70083,44.63788,False,True,True,191.6016,20.74219
Delpan #NoXX,CounterTerrorist,1309.176,-325.3501,298.5934,AK47,100,100,-254.769,-66.83826,19.63788,False,True,True,192.3047,21.44531
Delpan #NoXX,CounterTerrorist,1299.334,-328.4267,298.7501,AK47,100,100,-248.6307,-92.40501,-11.61212,False,True,True,194.0625,22.5
Delpan #NoXX,CounterTerrorist,1287.79,-333.1615,297.3268,AK47,100,100,-244.0625,-108.3313,-49.11212,False,True,True,197.5781,23.90625
Delpan #NoXX,CounterTerrorist,1278.429,-337.8747,294.798,AK47,100,100,-236.2802,-129.2747,-80.36212,False,True,True,202.1484,25.3125
Delpan #NoXX,CounterTerrorist,1273.024,-341.1924,292.6947,AK47,100,100,-227.1599,-148.5137,-99.11212,False,True,True,206.7188,26.36719
Delpan #NoXX,CounterTerrorist,1263.116,-349.3426,287.1699,AK47,100,100,-197.0954,-193.8066,-136.6121,False,True,True,218.3203,27.42188
Delpan #NoXX,CounterTerrorist,1256.22,-357.7689,281.2231,AK47,100,100,-162.4343,-229.0977,-167.8621,False,True,True,228.5156,28.125
Delpan #NoXX,CounterTerrorist,1250.805,-367.4136,274.0556,AK47,100,100,-123.0135,-257.2477,-199.1121,False,True,True,238.3594,28.125
Delpan #NoXX,CounterTerrorist,1247.413,-368.1602,263.8432,AK47,100,100,-26.63209,-16.20409,-236.6121,False,True,True,246.7969,28.125
Delpan #NoXX,CounterTerrorist,1247.899,-369.4013,256.0313,AK47,100,100,20.33098,-36.22725,0,False,True,True,251.3672,27.77344
Delpan #NoXX,CounterTerrorist,1247.989,-370.6805,256.0313,AK47,100,100,0,-43.47261,0,False,True,True,253.125,27.77344
Delpan #NoXX,CounterTerrorist,1247.989,-372.99,256.0313,AK47,100,100,0,-53.39576,0,False,True,True,253.8281,27.42188
Delpan #NoXX,CounterTerrorist,1247.989,-374.7874,256.0313,AK47,100,100,0,-59.99147,0,False,True,True,253.8281,27.42188
Delpan #NoXX,CounterTerrorist,1247.989,-377.3241,256.0313,AK47,100,100,0,-68.23613,0,False,True,True,253.8281,27.42188
Delpan #NoXX,CounterTerrorist,1247.87,-380.2188,256.0313,AK47,100,100,-5.934152,-78.32397,0,False,True,True,253.4766,27.42188
Delpan #NoXX,CounterTerrorist,1247.386,-384.2212,256.0313,AK47,100,100,-13.22871,-90.06425,0,False,True,True,253.4766,27.42188
Delpan #NoXX,CounterTerrorist,1247.028,-386.4094,256.0313,AK47,100,100,-16.26765,-94.94607,0,False,True,True,253.4766,27.42188
Delpan #NoXX,CounterTerrorist,1246.04,-391.8931,256.0313,AK47,100,100,-14.08783,-103.4159,0,False,True,True,252.0703,27.07031
Delpan #NoXX,CounterTerrorist,1245.831,-395.1842,256.0313,AK47,100,100,-2.55692,-106.4179,0,False,True,True,251.0156,27.07031
Delpan #NoXX,CounterTerrorist,1246.093,-400.2841,256.0313,AK47,100,100,10.83656,-110.4128,0,False,True,True,249.6094,26.71875
Delpan #NoXX,CounterTerrorist,1246.565,-403.7449,256.0313,AK47,100,100,17.42637,-110.4335,0,False,True,True,248.9063,26.71875
Delpan #NoXX,CounterTerrorist,1247.394,-408.0321,256.0313,AK47,100,100,23.48599,-109.3053,0,False,True,True,247.8516,26.71875
Delpan #NoXX,CounterTerrorist,1247.989,-413.1436,255.2751,AK47,100,100,0,-109.9576,0,False,True,True,247.1484,26.71875
Delpan #NoXX,CounterTerrorist,1247.989,-416.6248,252.9543,AK47,100,100,0,-111.7815,0,False,True,True,246.4453,26.36719
Delpan #NoXX,CounterTerrorist,1247.989,-420.9913,250.0434,AK47,100,100,0,-111.7834,0,False,True,True,245.3906,26.36719
Delpan #NoXX,CounterTerrorist,1247.989,-426.2312,246.5501,AK47,100,100,0,-111.7865,0,False,True,True,243.2813,26.01563
Delpan #NoXX,CounterTerrorist,1247.989,-429.7246,244.2211,AK47,100,100,0,-111.7886,0,False,True,True,241.875,25.66406
Delpan #NoXX,CounterTerrorist,1247.989,-434.9647,240.7277,AK47,100,100,0,-111.79,0,False,True,True,240.8203,25.66406
Delpan #NoXX,CounterTerrorist,1247.989,-436.7114,239.5632,AK47,100,100,0,-111.79,0,False,True,True,240.4688,25.66406
Delpan #NoXX,CounterTerrorist,1247.989,-443.6982,234.9054,AK47,100,100,0,-111.7901,0,False,True,True,240.4688,25.66406
Delpan #NoXX,CounterTerrorist,1247.989,-448.065,231.9942,AK47,100,100,0,-111.7906,0,False,True,True,240.1172,25.3125
Delpan #NoXX,CounterTerrorist,1247.989,-449.8117,230.8297,AK47,100,100,0,-111.7909,0,False,True,True,239.7656,25.3125
Delpan #NoXX,CounterTerrorist,1248,-455.9252,226.7541,AK47,100,100,0,-111.7932,0,False,True,True,238.0078,24.60938
Delpan #NoXX,CounterTerrorist,1248,-460.2921,223.8428,AK47,100,100,0,-111.7948,0,False,True,True,236.25,24.25781
Delpan #NoXX,CounterTerrorist,1248,-465.5326,220.3491,AK47,100,100,0,-111.7963,0,False,True,True,234.4922,23.90625
Delpan #NoXX,CounterTerrorist,1248,-469.0262,218.02,AK47,100,100,0,-111.7971,0,False,True,True,233.4375,23.55469
Delpan #NoXX,CounterTerrorist,1248,-473.3933,215.1087,AK47,100,100,0,-111.7974,0,False,True,True,233.0859,23.20313
Delpan #NoXX,CounterTerrorist,1248,-477.6313,212.2833,AK47,100,100,0,-106.4551,0,False,True,True,232.7344,22.85156
Delpan #NoXX,CounterTerrorist,1248,-481.5321,209.6828,AK47,100,100,0,-92.40666,0,False,True,True,232.3828,22.85156
Delpan #NoXX,CounterTerrorist,1248,-484.7244,207.5546,AK47,100,100,0,-75.03109,0,False,True,True,232.3828,22.85156
Delpan #NoXX,CounterTerrorist,1248,-487.2744,205.8546,AK47,100,100,0,-58.78109,0,False,True,True,232.0313,22.85156
Delpan #NoXX,CounterTerrorist,1248,-489.1897,204.5777,AK47,100,100,0,-42.53109,0,False,True,True,231.6797,22.5
Delpan #NoXX,CounterTerrorist,1248,-490.2649,203.8609,AK47,100,100,0,-29.53109,0,False,True,True,231.3281,22.5
Delpan #NoXX,CounterTerrorist,1248,-491.6348,202.9477,AK47,100,100,0,-39.16445,0,False,True,True,230.9766,22.5
Delpan #NoXX,CounterTerrorist,1248,-494.4452,201.0741,AK47,100,100,0,-74.81437,0,False,True,True,230.625,22.14844
Delpan #NoXX,CounterTerrorist,1248,-498.0439,198.6749,AK47,100,100,0,-103.0328,0,False,True,True,229.9219,21.79688
Delpan #NoXX,CounterTerrorist,1248,-501.6404,196.2773,AK47,100,100,0,-121.9379,0,False,True,True,229.2188,21.44531
Delpan #NoXX,CounterTerrorist,1248,-506.8775,192.7859,AK47,100,100,0,-141.6228,0,False,True,True,227.8125,20.74219
Delpan #NoXX,CounterTerrorist,1248,-512.796,188.8402,AK47,100,100,0,-157.6694,0,False,True,True,225.7031,20.03906
Delpan #NoXX,CounterTerrorist,1247.975,-520.6208,183.6237,AK47,100,100,-1.401835,-173.0014,0,False,True,True,221.8359,18.28125
Delpan #NoXX,CounterTerrorist,1247.831,-527.6193,178.958,AK47,100,100,-5.628027,-182.941,0,False,True,True,216.9141,16.17188
Delpan #NoXX,CounterTerrorist,1247.553,-533.4613,175.0633,AK47,100,100,-11.07066,-189.1544,0,False,True,True,213.0469,14.41406
Delpan #NoXX,CounterTerrorist,1245.965,-550.2415,163.8766,AK47,100,100,-12.41637,-198.5905,0,False,True,True,202.8516,10.54688
Delpan #NoXX,CounterTerrorist,1245.861,-553.3563,161.8,AK47,100,100,-4.758351,-199.6101,0,False,True,True,201.4453,9.84375
Delpan #NoXX,CounterTerrorist,1246.25,-564.3974,154.4393,AK47,100,100,14.45241,-203.6911,0,False,True,True,196.5234,8.789063
Delpan #NoXX,CounterTerrorist,1247.018,-572.425,149.0875,AK47,100,100,22.69893,-206.697,0,False,True,True,194.0625,8.4375
Delpan #NoXX,CounterTerrorist,1247.969,-580.5651,143.6608,AK47,100,100,0,-209.4824,0,False,True,True,191.9531,8.085938
Delpan #NoXX,CounterTerrorist,1247.996,-588.8115,138.1632,AK47,100,100,0,-212.1852,0,False,True,True,188.789,7.734375
Delpan #NoXX,CounterTerrorist,1247.996,-597.16,128.0313,AK47,100,100,0,-214.7092,0,False,True,True,186.3281,7.382813
Delpan #NoXX,CounterTerrorist,1247.996,-605.5584,128.0313,AK47,100,100,0,-214.9988,0,False,True,True,184.5703,8.085938
Delpan #NoXX,CounterTerrorist,1248,-613.9568,128.0313,AK47,100,100,0,-214.9996,0,False,True,True,182.4609,8.789063
Delpan #NoXX,CounterTerrorist,1248,-620.6756,128.0313,AK47,100,100,0,-214.9999,0,False,True,True,181.4063,8.789063
Delpan #NoXX,CounterTerrorist,1247.991,-632.4334,128.0313,AK47,100,100,-0.5827278,-214.9992,0,False,True,True,178.2422,9.140625
Delpan #NoXX,CounterTerrorist,1247.941,-639.1519,128.0313,AK47,100,100,-2.325658,-214.9874,0,False,True,True,176.4844,9.492188
Delpan #NoXX,CounterTerrorist,1247.875,-646.367,128.0313,AK47,100,100,-0.6336657,-156.6674,0,False,True,True,176.1328,10.54688
Delpan #NoXX,CounterTerrorist,1247.958,-651.3215,128.0313,AK47,100,100,3.537237,-72.22227,0,False,True,True,174.7266,11.95313
Delpan #NoXX,CounterTerrorist,1247.999,-652.6066,128.0313,AK47,100,100,0,-22.45984,0,False,True,True,174.375,12.30469
Delpan #NoXX,CounterTerrorist,1247.999,-652.0972,128.0313,AK47,100,100,0,27.16269,0,False,True,True,178.2422,14.41406
Delpan #NoXX,CounterTerrorist,1247.999,-650.7806,128.0313,AK47,100,100,0,51.10928,0,False,True,True,178.9453,14.76563
Delpan #NoXX,CounterTerrorist,1247.999,-647.4034,128.0313,AK47,100,100,0,86.97767,0,False,True,True,178.5938,14.76563
Delpan #NoXX,CounterTerrorist,1248,-644.2574,128.0313,AK47,100,100,0.007427879,108.4417,0,False,True,True,180,15.46875
Delpan #NoXX,CounterTerrorist,1247.996,-638.8519,128.0313,AK47,100,100,-0.1177612,113.6295,0,True,True,True,180.3516,15.82031
Delpan #NoXX,CounterTerrorist,1247.99,-635.3733,128.0313,AK47,100,100,-0.2893457,110.0011,0,True,True,True,181.4063,15.46875
Delpan #NoXX,CounterTerrorist,1247.955,-630.3428,128.0313,AK47,100,100,-1.113211,105.5534,0,True,True,True,183.1641,15.46875
Delpan #NoXX,CounterTerrorist,1247.907,-626.6237,128.0313,AK47,100,100,-1.097834,82.8282,0,True,True,True,183.1641,15.46875
Delpan #NoXX,CounterTerrorist,1247.861,-623.7137,128.0313,AK47,100,100,-1.430691,73.08599,0,False,True,True,184.2188,15.46875
Delpan #NoXX,CounterTerrorist,1247.819,-621.9822,128.0313,AK47,100,100,-1.947087,74.2709,0,False,True,True,183.5156,14.76563
Delpan #NoXX,CounterTerrorist,1247.72,-618.4633,128.0313,AK47,100,100,-2.043251,73.07143,0,True,True,True,181.0547,13.71094
Delpan #NoXX,CounterTerrorist,1247.64,-615.5618,128.0313,AK47,100,100,-2.175128,75.07911,0,True,True,True,182.8125,13.35938
Delpan #NoXX,CounterTerrorist,1247.542,-612.5823,128.0313,AK47,100,100,-2.725056,77.06797,0,True,True,True,183.5156,13.71094
Delpan #NoXX,CounterTerrorist,1247.393,-608.9048,128.0313,AK47,100,100,-3.59215,79.43513,0,True,True,True,185.2734,15.46875
Delpan #NoXX,CounterTerrorist,1247.263,-606.3927,128.0313,AK47,100,100,-4.493324,80.9379,0,True,True,True,186.3281,16.875
Delpan #NoXX,CounterTerrorist,1247.028,-602.7755,128.0313,AK47,100,100,-7.176792,103.4702,0,False,True,True,184.9219,16.875
Delpan #NoXX,CounterTerrorist,1246.792,-599.5134,128.0313,AK47,70,95,-5.040894,66.50863,0,False,True,True,186.3281,17.22656
Delpan #NoXX,CounterTerrorist,1246.552,-596.7665,128.0313,AK47,70,95,-7.017342,72.89566,0,False,True,True,189.1406,18.28125
Delpan #NoXX,CounterTerrorist,1246.156,-593.1422,128.0313,AK47,70,95,-9.289335,79.82794,0,False,True,True,189.1406,18.28125
Delpan #NoXX,CounterTerrorist,1245.842,-590.5975,136.9725,AK47,70,95,-10.58292,82.37713,0,False,True,True,191.25,18.63281
Delpan #NoXX,CounterTerrorist,1245.254,-586.6378,139.6124,AK47,70,95,-14.1674,85.92526,0,False,True,True,196.1719,20.39063
Delpan #NoXX,CounterTerrorist,1244.935,-584.8182,140.8254,AK47,40,90,-10.5605,59.35336,0,False,True,True,196.1719,20.39063
Delpan #NoXX,CounterTerrorist,1244.217,-581.3242,143.1548,AK47,40,90,-14.96486,67.40066,0,False,True,True,196.5234,20.03906
Delpan #NoXX,CounterTerrorist,1243.561,-578.5491,145.0048,AK47,40,90,-17.947,73.39099,0,False,True,True,196.875,20.39063
Delpan #NoXX,CounterTerrorist,1242.976,-576.2077,146.5657,AK47,40,90,-19.16625,75.85718,0,False,True,True,195.4688,20.03906
Delpan #NoXX,CounterTerrorist,1242.197,-573.1708,148.5903,AK47,40,90,-20.44672,78.9972,0,False,True,True,195.8203,20.03906
Delpan #NoXX,CounterTerrorist,1241.192,-569.3661,151.1268,AK47,40,90,-22.17575,82.71045,0,False,True,True,196.5234,20.74219
Delpan #NoXX,CounterTerrorist,1240.479,-566.7325,152.8825,AK47,40,90,-23.2072,85.21563,0,False,True,True,196.1719,20.74219
Delpan #NoXX,CounterTerrorist,1239.542,-563.3303,155.1507,AK47,40,90,-24.50828,88.34197,0,False,True,True,196.875,20.39063
Delpan #NoXX,CounterTerrorist,1238.344,-559.0888,157.9783,AK47,40,90,-26.32576,92.01807,0,False,True,True,197.2266,20.03906
Delpan #NoXX,CounterTerrorist,1237.317,-555.5238,160.355,AK47,40,90,-24.91641,86.42659,0,False,True,True,196.5234,20.03906
Delpan #NoXX,CounterTerrorist,1236.52,-552.7462,162.2067,AK47,40,90,-14.81093,52.39703,0,False,True,True,196.875,20.03906
Delpan #NoXX,CounterTerrorist,1236.355,-552.1027,162.6357,AK47,40,90,2.525188,-7.545156,0,False,True,True,196.875,20.03906
Delpan #NoXX,CounterTerrorist,1236.355,-552.1027,162.6357,AK47,40,90,2.525188,-7.545156,0,False,True,True,196.875,20.03906
Delpan #NoXX,CounterTerrorist,1237.139,-554.6494,160.938,AK47,40,90,18.13592,-59.13094,0,False,True,True,196.875,20.03906
Delpan #NoXX,CounterTerrorist,1238.051,-557.6289,158.9516,AK47,40,90,26.72976,-87.56638,0,False,True,True,196.875,20.03906
Delpan #NoXX,CounterTerrorist,1239.27,-561.6367,156.2797,AK47,40,90,33.99353,-111.9491,0,False,True,True,196.875,20.03906
Delpan #NoXX,CounterTerrorist,1240.635,-566.1441,153.2748,AK47,40,90,35.26535,-116.7011,0,False,True,True,196.1719,19.6875
Delpan #NoXX,CounterTerrorist,1242.298,-571.7267,149.5531,AK47,40,90,35.46672,-120.8474,0,False,True,True,194.0625,19.6875
Delpan #NoXX,CounterTerrorist,1243.366,-575.2274,147.2193,AK47,40,90,21.00009,-64.34618,0,False,True,True,192.6563,19.6875
Delpan #NoXX,CounterTerrorist,1243.822,-576.3263,146.4867,AK47,40,90,5.065258,-4.167764,0,False,True,True,192.3047,19.6875
Delpan #NoXX,CounterTerrorist,1243.705,-575.6027,146.9691,AK47,40,90,-6.011385,30.16131,0,False,True,True,192.3047,19.6875
Delpan #NoXX,CounterTerrorist,1243.315,-573.7399,148.211,AK47,40,90,-12.57908,59.37537,0,False,True,True,192.3047,19.6875
Delpan #NoXX,CounterTerrorist,1242.822,-571.4274,149.7526,AK47,40,90,-17.65094,82.78532,0,False,True,True,191.9531,19.33594
Delpan #NoXX,CounterTerrorist,1241.855,-566.6432,152.9421,CZ,40,90,-21.81379,116.0898,0,False,True,True,185.625,18.63281
Delpan #NoXX,CounterTerrorist,1241.253,-562.5972,155.6394,CZ,40,90,-16.43649,136.9848,0,False,True,True,170.8594,17.57813
Delpan #NoXX,CounterTerrorist,1241.098,-556.8046,159.5011,CZ,40,90,6.706082,153.9465,0,False,True,True,144.4922,15.82031
Delpan #NoXX,CounterTerrorist,1242.632,-549.6277,164.2857,CZ,40,90,52.59789,148.0032,0,False,True,True,106.5234,10.89844
Delpan #NoXX,CounterTerrorist,1245.329,-543.8701,168.1242,CZ,40,90,77.76888,150.2236,0,False,True,True,88.94531,5.625
Delpan #NoXX,CounterTerrorist,1247.539,-538.86,171.4642,CZ,40,90,66.71493,166.0547,0,False,True,True,88.59375,5.625
Delpan #NoXX,CounterTerrorist,1247.985,-531.9777,176.0524,CZ,40,90,0.8340597,182.4852,0,False,True,True,88.59375,5.625
Delpan #NoXX,CounterTerrorist,1247.999,-523.1921,181.9095,CZ,40,90,0.1816728,189.3391,0,False,True,True,88.59375,5.625
Delpan #NoXX,CounterTerrorist,1247.999,-517.2167,185.893,CZ,40,90,0,192.3391,0,False,True,True,88.59375,5.625
Delpan #NoXX,CounterTerrorist,1247.999,-508.0779,191.9856,CZ,40,90,0,196.8391,0,False,True,True,88.59375,5.625
Delpan #NoXX,CounterTerrorist,1247.999,-501.868,196.1255,CZ,40,90,0,199.8391,0,False,True,True,88.59375,5.625
Delpan #NoXX,CounterTerrorist,1247.305,-494.0869,201.3129,CZ,40,90,-30.57101,197.9075,0,False,True,True,88.59375,5.625
Delpan #NoXX,CounterTerrorist,1244.969,-484.9009,207.4369,CZ,40,90,-62.51943,194.6924,0,False,True,True,88.59375,5.625
Delpan #NoXX,CounterTerrorist,1242.67,-478.8515,211.4699,CZ,40,90,-79.80479,192.9529,0,False,True,True,88.59375,5.625
Delpan #NoXX,CounterTerrorist,1239.176,-471.3367,216.4798,CZ,40,90,-90.5552,193.944,0,False,True,True,89.29688,5.625
Delpan #NoXX,CounterTerrorist,1236.056,-463.4906,221.7105,CZ,40,90,-73.23397,205.1609,0,False,True,True,89.64844,5.625
Delpan #NoXX,CounterTerrorist,1233.086,-453.572,228.3229,CZ,40,90,-56.98364,215.6889,0,False,True,True,90.35156,5.625
Delpan #NoXX,CounterTerrorist,1231.089,-445.0001,234.0375,CZ,40,90,-47.89914,221.7245,0,False,True,True,93.51563,6.328125
Delpan #NoXX,CounterTerrorist,1229.667,-437.9956,238.7072,CZ,40,90,-44.52264,225.4858,0,False,True,True,97.73438,7.03125
Delpan #NoXX,CounterTerrorist,1227.886,-429.1063,244.6333,CZ,40,90,-47.31491,228.7472,0,False,True,True,107.2266,8.085938
Delpan #NoXX,CounterTerrorist,1225.814,-420.1457,250.6071,CZ,40,90,-57.70448,229.3133,0,False,True,True,117.7734,9.140625
Delpan #NoXX,CounterTerrorist,1223.22,-411.2482,256.0313,CZ,40,90,-72.63902,226.2874,0,False,True,True,125.8594,9.140625
Delpan #NoXX,CounterTerrorist,1219.999,-402.5325,256.0313,CZ,40,90,-88.92915,220.8621,0,False,True,True,130.4297,9.492188
Delpan #NoXX,CounterTerrorist,1216.172,-394.0377,256.0313,HE,40,90,-103.7419,215.4203,0,False,True,True,131.4844,9.492188
Delpan #NoXX,CounterTerrorist,1211.815,-385.7175,256.0313,HE,40,90,-116.3929,211.4922,0,False,True,True,131.4844,9.492188
Delpan #NoXX,CounterTerrorist,1206.017,-375.91,256.0313,HE,40,90,-128.4874,207.7369,0,False,True,True,131.4844,9.492188
Delpan #NoXX,CounterTerrorist,1201.88,-369.471,256.0313,HE,40,90,-134.4506,204.8122,0,False,True,True,131.4844,9.492188
Delpan #NoXX,CounterTerrorist,1196.492,-361.5619,256.0313,HE,40,90,-140.0781,201.0053,0,False,True,True,131.4844,9.492188
Delpan #NoXX,CounterTerrorist,1191.246,-353.6481,256.0313,HE,40,90,-123.4573,206.5611,0,False,True,True,131.4844,9.492188
Delpan #NoXX,CounterTerrorist,1186.851,-345.4613,256.0313,HE,40,90,-115.7562,203.9677,0,False,True,True,131.4844,9.492188
Delpan #NoXX,CounterTerrorist,1182.852,-339.8268,256.0313,HE,40,90,-133.0609,161.0962,0,False,True,True,127.9687,9.140625
Delpan #NoXX,CounterTerrorist,1176.058,-334.0952,256.0313,HE,40,90,-154.2042,99.59666,0,False,True,True,107.5781,9.140625
Delpan #NoXX,CounterTerrorist,1169.675,-331.0826,256.0313,HE,40,90,-166.6384,58.40948,0,False,True,True,85.42969,10.54688
Delpan #NoXX,CounterTerrorist,1164.43,-329.9604,256.0313,HE,40,90,-164.9114,20.13528,0,False,True,True,65.39063,11.95313
Delpan #NoXX,CounterTerrorist,1155.491,-330.7103,256.0313,HE,40,90,-165.7335,-34.00939,0,False,True,True,40.42969,12.65625
Delpan #NoXX,CounterTerrorist,1150.19,-332.1487,256.0313,HE,40,90,-172.0008,-52.68917,0,False,True,True,36.5625,13.00781
Delpan #NoXX,CounterTerrorist,1143.308,-334.6662,256.0313,HE,40,90,-178.7487,-71.75796,0,False,True,True,36.5625,13.00781
Delpan #NoXX,CounterTerrorist,1136.618,-338.1228,256.0313,HE,40,90,-161.056,-101.9229,0,False,True,True,36.5625,13.00781
Delpan #NoXX,CounterTerrorist,1129.836,-343.8628,256.0313,HE,40,90,-133.9135,-135.9437,0,False,True,True,36.5625,13.00781
Delpan #NoXX,CounterTerrorist,1125.05,-349.7178,256.0313,HE,40,90,-115.2011,-158.5925,0,False,True,True,38.32031,13.00781
Delpan #NoXX,CounterTerrorist,1121.721,-354.9762,256.0313,HE,40,90,-101.48,-173.7693,0,False,True,True,40.07813,12.65625
Delpan #NoXX,CounterTerrorist,1117.477,-363.6491,256.0313,HE,40,90,-83.03773,-192.4377,0,False,True,True,41.83594,12.30469
Delpan #NoXX,CounterTerrorist,1115.732,-368.101,256.0313,HE,40,90,-68.85658,-184.8152,0,True,True,True,43.59375,11.95313
Delpan #NoXX,CounterTerrorist,1113.061,-377.2047,256.0313,HE,40,90,-34.97097,-153.7161,0,True,True,True,49.57031,11.25
Delpan #NoXX,CounterTerrorist,1112.287,-381.7127,256.0313,HE,40,90,-18.90178,-138.8111,0,True,True,True,52.38281,10.54688
Delpan #NoXX,CounterTerrorist,1111.076,-385.166,256.0313,HE,40,90,-53.7385,-93.11507,0,True,True,True,55.54688,9.84375
Delpan #NoXX,CounterTerrorist,1109.035,-388.7022,256.0313,HE,40,90,-36.77826,-63.72731,0,False,True,True,58.35937,8.4375
Delpan #NoXX,CounterTerrorist,1107.983,-390.5305,256.0313,HE,40,90,-20.06613,-34.83904,0,False,True,True,59.41407,7.382813
Delpan #NoXX,CounterTerrorist,1107.75,-390.9349,256.0313,HE,40,90,-13.15603,-22.88836,0,False,True,True,60.11719,7.03125
Delpan #NoXX,CounterTerrorist,1107.67,-391.0649,256.0313,HE,40,90,2.310456,4.274959,0,False,True,True,61.52344,6.328125
Delpan #NoXX,CounterTerrorist,1107.782,-390.8564,256.0313,HE,40,90,3.267952,6.044201,0,True,True,True,61.52344,5.976563
Delpan #NoXX,CounterTerrorist,1107.968,-390.5154,256.0313,HE,40,90,4.447256,8.150812,0,True,True,True,61.17188,5.273438
Delpan #NoXX,CounterTerrorist,1108.122,-390.2335,256.0313,HE,40,90,5.258611,9.541306,0,True,True,True,60.82031,4.921875
Delpan #NoXX,CounterTerrorist,1108.354,-389.8215,256.0313,HE,40,90,6.403716,11.20459,0,True,True,True,59.76563,4.21875
Delpan #NoXX,CounterTerrorist,1108.632,-389.3458,256.0313,HE,40,90,7.611412,12.82795,0,True,True,True,58.71093,3.515625
Delpan #NoXX,CounterTerrorist,1109.232,-388.3455,256.0313,HE,40,90,22.19338,38.45544,0,False,True,True,57.30469,2.460938
Delpan #NoXX,CounterTerrorist,1110.835,-385.5873,256.0313,AK47,40,90,38.69458,67.04779,0,False,True,True,56.25,1.40625
Delpan #NoXX,CounterTerrorist,1112.156,-383.2982,256.0313,AK47,40,90,30.57202,52.97346,0,False,True,True,56.25,1.40625
Delpan #NoXX,CounterTerrorist,1112.985,-381.8626,256.0313,AK47,40,90,24.07397,41.714,0,False,True,True,56.25,1.40625
Delpan #NoXX,CounterTerrorist,1113.61,-380.779,256.0313,CZ,40,90,17.57591,30.45455,0,False,True,True,56.25,1.40625
Delpan #NoXX,CounterTerrorist,1113.581,-379.3821,256.0313,CZ,40,90,-20.31261,35.54903,0,False,True,True,55.89844,1.40625
Delpan #NoXX,CounterTerrorist,1111.555,-377.1773,256.0313,CZ,40,90,-58.67911,56.06041,0,False,True,True,53.78907,2.109375
Delpan #NoXX,CounterTerrorist,1109.915,-375.6825,256.0313,CZ,40,90,-75.37762,67.575,0,False,True,True,52.03125,2.8125
Delpan #NoXX,CounterTerrorist,1106.851,-372.9361,256.0313,CZ,40,90,-58.77232,52.68857,0,False,True,True,47.8125,4.21875
Delpan #NoXX,CounterTerrorist,1105.278,-369.9984,256.0313,CZ,40,90,-11.93566,73.91415,0,False,True,True,45.35156,5.625
Delpan #NoXX,CounterTerrorist,1105.488,-367.3729,256.0313,CZ,40,90,17.27968,89.88287,0,False,True,True,45,5.625
Delpan #NoXX,CounterTerrorist,1107.305,-362.5982,256.0313,CZ,40,90,52.90763,109.7315,0,False,True,True,45,5.625
Delpan #NoXX,CounterTerrorist,1109.343,-358.955,256.0313,CZ,40,90,72.18375,120.4704,0,False,True,True,45,5.625
Delpan #NoXX,CounterTerrorist,1113.392,-352.9371,256.0313,CZ,40,90,95.71659,133.5808,0,False,True,True,45,5.625
Delpan #NoXX,CounterTerrorist,1116.637,-348.6213,256.0313,CZ,40,90,108.4488,140.6741,0,False,True,True,45,5.625
Delpan #NoXX,CounterTerrorist,1122.496,-342.5433,256.0313,CZ,40,90,137.8769,118.6105,0,False,True,True,51.67969,5.976563
Delpan #NoXX,CounterTerrorist,1128.363,-338.3592,256.0313,CZ,40,90,157.147,93.94309,0,False,True,True,67.5,6.679688
Delpan #NoXX,CounterTerrorist,1133.546,-335.8833,256.0313,CZ,40,90,171.1162,72.27679,0,False,True,True,84.72656,6.328125
Delpan #NoXX,CounterTerrorist,1142.062,-332.7637,256.0313,CZ,40,90,187.9865,66.43024,0,False,True,True,110.3906,6.328125
Delpan #NoXX,CounterTerrorist,1148.066,-330.5659,256.0313,CZ,40,90,194.3069,72.88856,0,False,True,True,116.3672,5.625
Delpan #NoXX,CounterTerrorist,1155.805,-327.5387,256.0313,CZ,40,90,200.5058,80.36326,0,False,True,True,116.3672,5.625
Delpan #NoXX,CounterTerrorist,1165.372,-326.0313,256.0313,CZ,40,90,206.4319,0,0,False,True,True,116.3672,5.625
Delpan #NoXX,CounterTerrorist,1173.53,-326.0313,256.0313,CZ,40,90,210.3601,0,0,False,True,True,116.3672,5.625
Delpan #NoXX,CounterTerrorist,1181.687,-325.9549,256.0313,CZ,40,90,201.9017,9.772878,0,False,True,True,116.3672,5.625
Delpan #NoXX,CounterTerrorist,1187.628,-324.9462,256.0313,CZ,40,90,183.4262,45.0522,0,False,True,True,116.3672,5.625
Delpan #NoXX,CounterTerrorist,1194.317,-322.3001,256.0313,CZ,40,90,163.4093,81.93806,0,False,True,True,118.4766,5.273438
Delpan #NoXX,CounterTerrorist,1201.329,-317.4325,256.0313,CZ,40,90,139.5796,118.4395,0,False,True,True,124.8047,4.921875
Delpan #NoXX,CounterTerrorist,1205.373,-313.3263,256.0313,CZ,40,90,123.2715,138.8024,0,False,True,True,129.0234,4.921875
Delpan #NoXX,CounterTerrorist,1210.453,-306.1052,256.0313,CZ,40,90,97.60697,164.0973,0,False,True,True,136.0547,4.570313
Delpan #NoXX,CounterTerrorist,1213.162,-300.705,256.0313,CZ,40,90,80.17136,177.7273,0,False,True,True,140.2734,3.867188
Delpan #NoXX,CounterTerrorist,1216.205,-291.9148,256.0313,CZ,40,90,54.17308,193.8544,0,False,True,True,145.5469,3.515625
Delpan #NoXX,CounterTerrorist,1217.842,-284.0963,256.0313,CZ,40,90,33.97888,204.0122,0,False,True,True,148.0078,3.164063
Delpan #NoXX,CounterTerrorist,1218.615,-277.5915,256.0313,CZ,40,90,19.39422,210.4756,0,False,True,True,149.4141,2.8125
Delpan #NoXX,CounterTerrorist,1218.965,-270.9075,256.0313,CZ,40,90,6.539205,215.8238,0,False,True,True,149.7656,2.8125
Delpan #NoXX,CounterTerrorist,1218.746,-258.8597,256.0313,CZ,40,90,-11.17514,223.3535,0,False,True,True,149.4141,2.8125
Delpan #NoXX,CounterTerrorist,1218.236,-251.8118,256.0313,CZ,40,90,-19.2097,226.7716,0,False,True,True,149.4141,2.8125
Delpan #NoXX,CounterTerrorist,1217.285,-242.868,256.0313,CZ,40,90,-27.54843,230.3192,0,False,True,True,149.4141,2.8125
Delpan #NoXX,CounterTerrorist,1215.797,-231.9881,260.6034,CZ,40,90,-33.08012,232.6725,286.3684,False,True,True,149.4141,2.8125
Delpan #NoXX,CounterTerrorist,1214.764,-224.7171,269.1617,CZ,40,90,-33.08012,232.6725,261.3684,False,True,True,149.4141,2.8125
Delpan #NoXX,CounterTerrorist,1213.213,-213.8107,280.5344,CZ,40,90,-33.08012,232.6725,223.8684,False,True,True,139.2188,4.570313
Delpan #NoXX,CounterTerrorist,1212.179,-206.5397,287.1396,CZ,40,90,-33.08012,232.6725,198.8684,False,True,True,129.375,6.679688
Delpan #NoXX,CounterTerrorist,1210.887,-197.4509,294.2975,CZ,40,90,-33.08012,232.6725,167.6184,False,True,True,118.8281,10.54688
Delpan #NoXX,CounterTerrorist,1209.337,-186.5444,301.2757,CZ,40,90,-33.08012,232.6725,130.1184,False,True,True,109.6875,15.46875
Delpan #NoXX,CounterTerrorist,1208.055,-177.4528,305.748,CZ,40,90,-31.73651,233.0347,98.86838,False,True,True,105.1172,19.33594
Delpan #NoXX,CounterTerrorist,1206.864,-168.3371,308.9997,CZ,40,90,-30.48892,233.3635,67.61838,False,True,True,105.8203,21.79688
Delpan #NoXX,CounterTerrorist,1205.674,-159.2213,320.0306,CZ,40,90,-30.48892,233.3635,36.36838,False,True,True,106.1719,22.14844
Delpan #NoXX,CounterTerrorist,1204.483,-150.1056,320.8409,CZ,40,90,-30.48892,233.3635,5.118378,False,True,True,106.1719,22.14844
Delpan #NoXX,CounterTerrorist,1203.53,-142.813,320.6102,CZ,40,90,-30.48892,233.3635,-19.88162,False,True,True,106.1719,22.14844
Delpan #NoXX,CounterTerrorist,1202.339,-133.6972,319.2231,CZ,40,90,-30.48892,233.3635,-51.13162,True,True,True,106.1719,22.14844
Delpan #NoXX,CounterTerrorist,1201.149,-124.5815,316.6154,CZ,40,90,-30.48892,233.3635,-82.38162,True,True,True,106.1719,22.14844
Delpan #NoXX,CounterTerrorist,1199.958,-115.4657,312.787,CZ,40,90,-30.48892,233.3635,-113.6316,True,True,True,107.2266,20.74219
Delpan #NoXX,CounterTerrorist,1198.767,-106.35,298.7379,CZ,40,90,-30.48892,233.3635,-144.8816,False,True,True,108.6328,19.33594
Delpan #NoXX,CounterTerrorist,1197.576,-97.23421,292.468,CZ,40,90,-30.48892,233.3635,-176.1316,False,True,True,110.3906,17.57813
Delpan #NoXX,CounterTerrorist,1196.147,-86.2953,283.3329,CZ,40,90,-30.48892,233.3635,-213.6316,False,True,True,113.9063,15.46875
Delpan #NoXX,CounterTerrorist,1195.195,-79.0027,276.2662,CZ,40,90,-30.48892,233.3635,-238.6316,False,True,True,116.3672,14.0625
Delpan #NoXX,CounterTerrorist,1193.766,-68.0638,264.2014,CZ,40,90,-30.48892,233.3635,-276.1316,False,True,True,121.9922,11.60156
Delpan #NoXX,CounterTerrorist,1192.873,-61.23305,256.0313,CZ,40,90,-22.76523,174.246,0,False,True,True,128.6719,10.54688
Delpan #NoXX,CounterTerrorist,1192.272,-55.62223,256.0313,CZ,40,90,-18.11327,182.6163,0,False,True,True,137.1094,9.84375
Delpan #NoXX,CounterTerrorist,1191.318,-46.745,256.0313,CZ,40,90,-23.68191,194.0675,0,False,True,True,150.1172,7.734375
Delpan #NoXX,CounterTerrorist,1190.7,-38.98338,256.0313,CZ,40,90,-7.072787,201.7628,0,False,True,True,161.3672,5.976563
Delpan #NoXX,CounterTerrorist,1190.722,-30.89981,256.0313,CZ,40,90,3.977846,210.4351,0,False,True,True,172.2656,4.921875
Delpan #NoXX,CounterTerrorist,1190.356,-21.02382,256.0313,CZ,40,90,-25.32117,206.4505,0,False,True,True,187.3828,4.21875
Delpan #NoXX,CounterTerrorist,1188.513,-13.28092,256.0313,CZ,40,90,-61.39301,192.0428,0,False,True,True,197.9297,3.164063
Delpan #NoXX,CounterTerrorist,1185.337,-6.202952,256.0313,CZ,40,90,-94.05434,173.5893,0,False,True,True,206.0156,2.8125
Delpan #NoXX,CounterTerrorist,1183.577,0.1166157,256.0313,CZ,40,90,-28.68654,153.9812,0,False,True,True,210.9375,2.109375
Delpan #NoXX,CounterTerrorist,1181.472,5.698974,256.0313,CZ,40,90,-69.63175,135.8486,0,False,True,True,212.3437,1.40625
Delpan #NoXX,CounterTerrorist,1178.435,10.52986,256.0313,CZ,40,90,-78.56264,115.1573,0,True,True,True,213.0469,1.054688
Delpan #NoXX,CounterTerrorist,1175.951,13.83477,256.0313,CZ,40,90,-79.9937,100.4221,0,True,True,True,213.0469,1.054688
Delpan #NoXX,CounterTerrorist,1173.427,16.72397,256.0313,CZ,40,90,-81.20876,87.92625,0,True,True,True,213.0469,0.703125
Delpan #NoXX,CounterTerrorist,1169.578,17.99146,256.0313,CZ,40,90,-82.71728,0.7292688,0,True,True,True,213.3984,0.3515625
Delpan #NoXX,CounterTerrorist,1165.667,17.99711,256.0313,CZ,40,90,-83.91333,0,0,True,True,True,213.75,359.6484
Delpan #NoXX,CounterTerrorist,1163.032,17.99711,256.0313,CZ,40,90,-84.53253,0,0,True,True,True,212.6953,359.6484
Delpan #NoXX,CounterTerrorist,1159.717,17.99711,256.0313,CZ,40,90,-85.07314,0,0,True,True,True,210.9375,359.6484
Delpan #NoXX,CounterTerrorist,1156.341,17.99711,256.0313,CZ,40,90,-89.11195,0,0,False,True,True,210.2344,0.3515625
Delpan #NoXX,CounterTerrorist,1152.663,17.99711,256.0313,CZ,40,90,-97.31417,0,0,False,True,True,210.2344,0.703125
Delpan #NoXX,CounterTerrorist,1148.714,17.93244,256.0313,CZ,40,90,-102.8689,-5.480786,0,False,True,True,209.8828,0.703125
Delpan #NoXX,CounterTerrorist,1144.623,17.43252,256.0313,CZ,40,90,-105.8959,-17.34482,0,False,True,True,209.8828,0.703125
Delpan #NoXX,CounterTerrorist,1140.426,16.52385,256.0313,CZ,40,90,-108.3845,-26.9375,0,False,True,True,209.8828,0.703125
Delpan #NoXX,CounterTerrorist,1135.278,15.00199,256.0313,CZ,40,90,-110.7689,-36.09905,0,False,True,True,209.8828,0.703125
Delpan #NoXX,CounterTerrorist,1130.913,13.44611,256.0313,CZ,40,90,-112.3612,-42.15117,0,False,True,True,209.8828,1.054688
Delpan #NoXX,CounterTerrorist,1127.381,12.04857,256.0313,CZ,40,90,-113.3996,-46.19701,0,False,True,True,210.2344,0.703125
Delpan #NoXX,CounterTerrorist,1123.091,10.01758,256.0313,CZ,40,90,-104.0207,-58.17043,0,False,True,True,213.0469,358.5938
Delpan #NoXX,CounterTerrorist,1120.123,7.924303,256.0313,CZ,40,90,-91.20985,-63.10501,0,False,True,True,214.4531,355.7813
