Name,Team,Position.X,Position.Y,Position.Z,ActiveWeapon,HP,Armour,Velocity.X,Velocity.Y,Velocity.Z,IsDucking,HasHelmet,HasDefuseKit,ViewDirectionX,ViewDirectionY,Map = de_inferno
LighteRTZ - ISGaming,CounterTerrorist,2361,2008,126.8642,P2000,100,0,0,0,0,False,False,False,84.72656,6.679688
LighteRTZ - ISGaming,CounterTerrorist,2361,2008,126.0593,P2000,100,0,0,0,0,False,False,False,84.72656,6.679688
LighteRTZ - ISGaming,CounterTerrorist,2361,2008,126.0593,P2000,100,0,0,0,0,False,False,False,84.72656,6.679688
LighteRTZ - ISGaming,CounterTerrorist,2361,2008,126.0593,P2000,100,0,0,0,0,False,False,False,84.72656,6.679688
LighteRTZ - ISGaming,CounterTerrorist,2361,2008,126.0593,P2000,100,0,0,0,0,False,False,False,117.4219,0
LighteRTZ - ISGaming,CounterTerrorist,2361,2008,126.0593,P2000,100,0,0,0,0,False,False,False,117.4219,0
LighteRTZ - ISGaming,CounterTerrorist,2361,2008,126.0593,P2000,100,0,0,0,0,False,False,False,117.4219,359.6484
LighteRTZ - ISGaming,CounterTerrorist,2361,2008,126.0593,P2000,100,0,0,0,0,False,False,False,117.7734,359.6484
LighteRTZ - ISGaming,CounterTerrorist,2361,2008,126.0593,P2000,100,0,0,0,0,False,False,False,117.7734,359.6484
LighteRTZ - ISGaming,CounterTerrorist,2361,2008,126.0593,P2000,100,0,0,0,0,False,False,False,117.7734,359.6484
LighteRTZ - ISGaming,CounterTerrorist,2361,2008,126.0593,P2000,100,0,0,0,0,False,False,False,117.7734,359.6484
LighteRTZ - ISGaming,CounterTerrorist,2361,2008,126.0593,P2000,100,0,0,0,0,False,False,False,117.7734,359.6484
LighteRTZ - ISGaming,CounterTerrorist,2361,2008,126.0593,P2000,100,0,0,0,0,False,False,False,117.7734,359.6484
LighteRTZ - ISGaming,CounterTerrorist,2361,2008,126.0593,P2000,100,0,0,0,0,False,False,False,117.7734,359.6484
LighteRTZ - ISGaming,CounterTerrorist,2361,2008,126.0593,P2000,100,0,0,0,0,False,False,False,117.7734,359.6484
LighteRTZ - ISGaming,CounterTerrorist,2361,2008,126.0593,P2000,100,0,0,0,0,False,False,False,117.7734,359.6484
LighteRTZ - ISGaming,CounterTerrorist,2361,2008,126.0593,P2000,100,0,0,0,0,False,False,False,117.7734,359.6484
LighteRTZ - ISGaming,CounterTerrorist,2361,2008,126.0593,P2000,100,0,0,0,0,False,False,False,117.7734,359.6484
LighteRTZ - ISGaming,CounterTerrorist,2361,2008,126.0593,P2000,100,0,0,0,0,False,False,False,117.7734,359.6484
LighteRTZ - ISGaming,CounterTerrorist,2361,2008,126.0593,P2000,100,0,0,0,0,False,False,False,117.4219,0
LighteRTZ - ISGaming,CounterTerrorist,2361,2008,126.0593,P2000,100,0,0,0,0,False,False,False,116.7187,0.3515625
LighteRTZ - ISGaming,CounterTerrorist,2361,2008,126.0593,P2000,100,0,0,0,0,False,False,False,115.3125,0.3515625
LighteRTZ - ISGaming,CounterTerrorist,2361,2008,126.0593,P2000,100,0,0,0,0,False,False,False,111.7969,0.703125
LighteRTZ - ISGaming,CounterTerrorist,2361,2008,126.0593,P2000,100,0,0,0,0,False,False,False,106.5234,1.054688
LighteRTZ - ISGaming,CounterTerrorist,2361,2008,126.0593,P2000,100,0,0,0,0,False,False,False,100.1953,1.40625
LighteRTZ - ISGaming,CounterTerrorist,2361,2008,126.0593,P2000,100,0,0,0,0,False,False,False,94.21874,1.40625
LighteRTZ - ISGaming,CounterTerrorist,2361,2008,126.0593,P2000,100,0,0,0,0,False,False,False,90,1.40625
LighteRTZ - ISGaming,CounterTerrorist,2361,2008,126.0593,Knife,100,0,0,0,0,False,False,False,88.24219,1.40625
LighteRTZ - ISGaming,CounterTerrorist,2361,2008,126.0593,Knife,100,0,0,0,0,False,False,False,88.24219,1.40625
LighteRTZ - ISGaming,CounterTerrorist,2361,2008,126.0593,Knife,100,0,0,0,0,False,False,False,88.24219,1.40625
LighteRTZ - ISGaming,CounterTerrorist,2361,2008,126.0593,Knife,100,0,0,0,0,False,False,False,88.24219,1.40625
LighteRTZ - ISGaming,CounterTerrorist,2361,2008,126.0593,Knife,100,0,0,0,0,False,False,False,88.24219,1.40625
LighteRTZ - ISGaming,CounterTerrorist,2361,2008,126.0593,Knife,100,0,0,0,0,False,False,False,87.89063,1.40625
LighteRTZ - ISGaming,CounterTerrorist,2361,2008,126.0593,Knife,100,0,0,0,0,False,False,False,87.89063,1.40625
LighteRTZ - ISGaming,CounterTerrorist,2361,2008,126.0593,Knife,100,0,0,0,0,False,False,False,88.94531,1.054688
LighteRTZ - ISGaming,CounterTerrorist,2361,2008,126.0593,Knife,100,0,0,0,0,False,False,False,93.16406,1.40625
LighteRTZ - ISGaming,CounterTerrorist,2361,2008,126.0593,Knife,100,0,0,0,0,False,False,False,103.7109,2.109375
LighteRTZ - ISGaming,CounterTerrorist,2361,2008,126.0593,Knife,100,0,0,0,0,False,False,False,126.5625,4.21875
LighteRTZ - ISGaming,CounterTerrorist,2361,2008,126.0593,Knife,100,0,0,0,0,False,False,False,151.5234,5.273438
LighteRTZ - ISGaming,CounterTerrorist,2361,2008,126.0593,Knife,100,0,0,0,0,False,False,False,178.2422,5.625
LighteRTZ - ISGaming,CounterTerrorist,2361,2008,126.0593,Knife,100,0,0,0,0,False,False,False,202.8516,4.921875
LighteRTZ - ISGaming,CounterTerrorist,2361,2008,126.0593,Knife,100,0,0,0,0,False,False,False,218.3203,4.21875
LighteRTZ - ISGaming,CounterTerrorist,2361,2008,126.0593,Knife,100,0,0,0,0,False,False,False,222.5391,4.21875
LighteRTZ - ISGaming,CounterTerrorist,2361,2008,126.0593,Knife,100,0,0,0,0,False,False,False,222.5391,4.21875
LighteRTZ - ISGaming,CounterTerrorist,2361,2008,126.0593,Knife,100,0,0,0,0,False,False,False,222.5391,4.21875
LighteRTZ - ISGaming,CounterTerrorist,2361,2008,126.0593,Knife,100,0,0,0,0,False,False,False,222.5391,4.21875
LighteRTZ - ISGaming,CounterTerrorist,2361,2008,126.0593,Knife,100,0,0,0,0,False,False,False,222.5391,4.21875
LighteRTZ - ISGaming,CounterTerrorist,2361,2008,126.0593,Knife,100,0,0,0,0,False,False,False,222.5391,4.21875
LighteRTZ - ISGaming,CounterTerrorist,2361,2008,126.0593,Knife,100,0,0,0,0,False,False,False,222.5391,4.21875
LighteRTZ - ISGaming,CounterTerrorist,2361,2008,126.0593,Knife,100,0,0,0,0,False,False,False,222.5391,4.21875
LighteRTZ - ISGaming,CounterTerrorist,2361,2008,126.0593,Knife,100,0,0,0,0,False,False,False,222.5391,4.21875
LighteRTZ - ISGaming,CounterTerrorist,2361,2008,126.0593,Knife,100,0,0,0,0,False,False,False,222.5391,4.21875
LighteRTZ - ISGaming,CounterTerrorist,2361,2008,126.0593,Knife,100,0,0,0,0,False,False,False,222.5391,4.21875
LighteRTZ - ISGaming,CounterTerrorist,2361,2008,126.0593,Knife,100,0,0,0,0,False,False,False,222.5391,4.21875
LighteRTZ - ISGaming,CounterTerrorist,2361,2008,126.0593,Knife,100,0,0,0,0,False,False,False,222.5391,4.21875
LighteRTZ - ISGaming,CounterTerrorist,2361,2008,126.0593,Knife,100,0,0,0,0,False,False,False,222.5391,4.21875
LighteRTZ - ISGaming,CounterTerrorist,2361,2008,126.0593,Knife,100,0,0,0,0,False,False,False,222.5391,4.21875
LighteRTZ - ISGaming,CounterTerrorist,2361,2008,126.0593,Knife,100,0,0,0,0,False,False,False,222.5391,4.21875
LighteRTZ - ISGaming,CounterTerrorist,2361,2008,126.0593,Knife,100,0,0,0,0,False,False,False,222.5391,4.21875
LighteRTZ - ISGaming,CounterTerrorist,2361,2008,126.0593,Knife,100,0,0,0,0,False,False,False,222.5391,4.21875
LighteRTZ - ISGaming,CounterTerrorist,2361,2008,126.0593,Knife,100,0,0,0,0,False,False,False,222.5391,4.21875
LighteRTZ - ISGaming,CounterTerrorist,2361,2008,126.0593,Knife,100,0,0,0,0,False,False,False,222.5391,4.21875
LighteRTZ - ISGaming,CounterTerrorist,2361,2008,126.0593,Knife,100,0,0,0,0,False,False,False,222.5391,4.21875
LighteRTZ - ISGaming,CounterTerrorist,2361,2008,126.0593,Knife,100,0,0,0,0,False,False,False,222.5391,4.21875
LighteRTZ - ISGaming,CounterTerrorist,2361,2008,126.0593,Knife,100,0,0,0,0,False,False,False,222.5391,4.21875
LighteRTZ - ISGaming,CounterTerrorist,2361,2008,126.0593,Knife,100,0,0,0,0,False,False,False,222.5391,4.21875
LighteRTZ - ISGaming,CounterTerrorist,2361,2008,126.0593,Knife,100,0,0,0,0,False,False,False,222.5391,4.21875
LighteRTZ - ISGaming,CounterTerrorist,2361,2008,126.0593,Knife,100,0,0,0,0,False,False,False,222.8906,4.21875
LighteRTZ - ISGaming,CounterTerrorist,2361,2008,126.0593,Knife,100,0,0,0,0,False,False,False,223.2422,4.21875
LighteRTZ - ISGaming,CounterTerrorist,2361,2008,126.0593,Knife,100,0,0,0,0,False,False,False,223.2422,4.21875
LighteRTZ - ISGaming,CounterTerrorist,2361,2008,126.0593,Knife,100,0,0,0,0,False,False,False,223.2422,4.21875
LighteRTZ - ISGaming,CounterTerrorist,2361,2008,126.0593,Knife,100,0,0,0,0,False,False,False,223.5938,4.21875
LighteRTZ - ISGaming,CounterTerrorist,2361,2008,126.0593,Knife,100,0,0,0,0,False,False,False,223.5938,4.21875
LighteRTZ - ISGaming,CounterTerrorist,2361,2008,126.0593,Knife,100,0,0,0,0,False,False,False,223.5938,4.21875
LighteRTZ - ISGaming,CounterTerrorist,2361,2008,126.0593,Knife,100,0,0,0,0,False,False,False,223.9453,4.21875
LighteRTZ - ISGaming,CounterTerrorist,2361,2008,126.0593,Knife,100,0,0,0,0,False,False,False,224.2969,4.21875
LighteRTZ - ISGaming,CounterTerrorist,2361,2008,126.0593,Knife,100,0,0,0,0,False,False,False,224.2969,4.21875
LighteRTZ - ISGaming,CounterTerrorist,2361,2008,126.0593,Knife,100,0,0,0,0,False,False,False,224.6484,4.21875
LighteRTZ - ISGaming,CounterTerrorist,2361,2008,126.0593,Knife,100,0,0,0,0,False,False,False,225,4.570313
LighteRTZ - ISGaming,CounterTerrorist,2361,2008,126.0593,Knife,100,0,0,0,0,False,False,False,225,4.570313
LighteRTZ - ISGaming,CounterTerrorist,2361,2008,126.0593,Knife,100,0,0,0,0,False,False,False,225.3516,4.570313
LighteRTZ - ISGaming,CounterTerrorist,2361,2008,126.0593,Knife,100,0,0,0,0,False,False,False,226.0547,4.570313
LighteRTZ - ISGaming,CounterTerrorist,2361,2008,126.0593,Knife,100,0,0,0,0,False,False,False,227.1094,4.570313
LighteRTZ - ISGaming,CounterTerrorist,2361,2008,126.0593,Knife,100,0,0,0,0,False,False,False,228.8672,4.21875
LighteRTZ - ISGaming,CounterTerrorist,2361,2008,126.0593,Knife,100,0,0,0,0,False,False,False,230.625,4.21875
LighteRTZ - ISGaming,CounterTerrorist,2361,2008,126.0593,Knife,100,0,0,0,0,False,False,False,232.3828,4.21875
LighteRTZ - ISGaming,CounterTerrorist,2361,2008,126.0593,Knife,100,0,0,0,0,False,False,False,232.7344,3.867188
LighteRTZ - ISGaming,CounterTerrorist,2361,2008,126.0593,Knife,100,0,0,0,0,False,False,False,232.7344,3.867188
LighteRTZ - ISGaming,CounterTerrorist,2361,2008,126.0593,Knife,100,0,0,0,0,False,False,False,232.7344,3.867188
LighteRTZ - ISGaming,CounterTerrorist,2361,2008,126.0593,Knife,100,0,0,0,0,False,False,False,232.7344,3.867188
LighteRTZ - ISGaming,CounterTerrorist,2361,2008,126.0593,Knife,100,0,0,0,0,False,False,False,232.7344,3.867188
LighteRTZ - ISGaming,CounterTerrorist,2361,2008,126.0593,Knife,100,0,0,0,0,False,False,False,232.7344,3.867188
LighteRTZ - ISGaming,CounterTerrorist,2361,2008,126.0593,Knife,100,0,0,0,0,False,False,False,232.7344,3.867188
LighteRTZ - ISGaming,CounterTerrorist,2361,2008,126.0593,Knife,100,0,0,0,0,False,False,False,232.7344,3.867188
LighteRTZ - ISGaming,CounterTerrorist,2361,2008,126.0593,Knife,100,0,0,0,0,False,False,False,232.7344,3.867188
LighteRTZ - ISGaming,CounterTerrorist,2361,2008,126.0593,Knife,100,0,0,0,0,False,False,False,232.7344,3.867188
LighteRTZ - ISGaming,CounterTerrorist,2361,2008,126.0593,Knife,100,0,0,0,0,False,False,False,232.7344,3.867188
LighteRTZ - ISGaming,CounterTerrorist,2361,2008,126.0593,Knife,100,0,0,0,0,False,False,False,232.7344,3.867188
LighteRTZ - ISGaming,CounterTerrorist,2361,2008,126.0593,Knife,100,0,0,0,0,False,False,False,232.7344,3.867188
LighteRTZ - ISGaming,CounterTerrorist,2361,2008,126.0593,Knife,100,0,0,0,0,False,False,False,232.7344,3.867188
LighteRTZ - ISGaming,CounterTerrorist,2361,2008,126.0593,Knife,100,0,0,0,0,False,False,False,232.7344,3.867188
LighteRTZ - ISGaming,CounterTerrorist,2361,2008,126.0593,Knife,100,0,0,0,0,False,False,False,232.7344,3.867188
LighteRTZ - ISGaming,CounterTerrorist,2361,2008,126.0593,Knife,100,0,0,0,0,False,False,False,232.7344,3.867188
LighteRTZ - ISGaming,CounterTerrorist,2361,2008,126.0593,Knife,100,0,0,0,0,False,False,False,232.7344,3.867188
LighteRTZ - ISGaming,CounterTerrorist,2361,2008,126.0593,Knife,100,0,0,0,0,False,False,False,232.7344,3.867188
LighteRTZ - ISGaming,CounterTerrorist,2361,2008,126.0593,Knife,100,0,0,0,0,False,False,False,232.7344,3.867188
LighteRTZ - ISGaming,CounterTerrorist,2361,2008,126.0593,Knife,100,0,0,0,0,False,False,False,232.7344,3.867188
LighteRTZ - ISGaming,CounterTerrorist,2361,2008,126.0593,Knife,100,0,0,0,0,False,False,False,232.7344,3.867188
LighteRTZ - ISGaming,CounterTerrorist,2361,2008,126.0593,Knife,100,0,0,0,0,False,False,False,232.7344,3.867188
LighteRTZ - ISGaming,CounterTerrorist,2361,2008,126.0593,Knife,100,0,0,0,0,False,False,False,232.7344,3.867188
LighteRTZ - ISGaming,CounterTerrorist,2361,2008,126.0593,Knife,100,0,0,0,0,False,False,False,232.7344,3.867188
LighteRTZ - ISGaming,CounterTerrorist,2361,2008,126.0593,Knife,100,0,0,0,0,False,False,False,232.7344,3.867188
LighteRTZ - ISGaming,CounterTerrorist,2361,2008,126.0593,Knife,100,0,0,0,0,False,False,False,232.7344,3.867188
LighteRTZ - ISGaming,CounterTerrorist,2361,2008,126.0593,Knife,100,0,0,0,0,False,False,False,232.7344,3.867188
LighteRTZ - ISGaming,CounterTerrorist,2361,2008,126.0593,Knife,100,0,0,0,0,False,False,False,232.7344,3.867188
LighteRTZ - ISGaming,CounterTerrorist,2361,2008,126.0593,Knife,100,0,0,0,0,False,False,False,232.7344,3.867188
LighteRTZ - ISGaming,CounterTerrorist,2361,2008,126.0593,Knife,100,0,0,0,0,False,False,False,232.7344,3.867188
LighteRTZ - ISGaming,CounterTerrorist,2361,2008,126.0593,Knife,100,0,0,0,0,False,False,False,232.7344,3.867188
LighteRTZ - ISGaming,CounterTerrorist,2361,2008,126.0593,Knife,100,0,0,0,0,False,False,False,232.7344,3.867188
LighteRTZ - ISGaming,CounterTerrorist,2361,2008,126.0593,Knife,100,0,0,0,0,False,False,False,232.7344,3.867188
LighteRTZ - ISGaming,CounterTerrorist,2361,2008,126.0593,Knife,100,0,0,0,0,False,False,False,232.7344,3.867188
LighteRTZ - ISGaming,CounterTerrorist,2361,2008,126.0593,Knife,100,0,0,0,0,False,False,False,232.7344,3.867188
LighteRTZ - ISGaming,CounterTerrorist,2361,2008,126.0593,Knife,100,0,0,0,0,False,False,False,232.7344,3.867188
LighteRTZ - ISGaming,CounterTerrorist,2361,2008,126.0593,Knife,100,0,0,0,0,False,False,False,232.7344,3.867188
LighteRTZ - ISGaming,CounterTerrorist,2361,2008,126.0593,Knife,100,0,0,0,0,False,False,False,232.7344,3.515625
LighteRTZ - ISGaming,CounterTerrorist,2361,2008,126.0593,P2000,100,0,0,0,0,False,False,False,232.7344,3.164063
LighteRTZ - ISGaming,CounterTerrorist,2361,2008,126.0593,P2000,100,0,0,0,0,False,False,False,232.7344,3.164063
LighteRTZ - ISGaming,CounterTerrorist,2361,2008,126.0593,P2000,100,0,0,0,0,False,False,False,232.7344,3.164063
LighteRTZ - ISGaming,CounterTerrorist,2361,2008,126.0593,P2000,100,0,0,0,0,False,False,False,232.7344,3.164063
LighteRTZ - ISGaming,CounterTerrorist,2361,2008,126.0593,P2000,100,0,0,0,0,False,False,False,232.7344,3.164063
LighteRTZ - ISGaming,CounterTerrorist,2361,2008,126.0593,P2000,100,0,0,0,0,False,False,False,232.7344,3.164063
LighteRTZ - ISGaming,CounterTerrorist,2361,2008,126.0593,P2000,100,0,0,0,0,False,False,False,232.7344,3.164063
LighteRTZ - ISGaming,CounterTerrorist,2361,2008,126.0593,P2000,100,0,0,0,0,False,False,False,233.0859,3.164063
LighteRTZ - ISGaming,CounterTerrorist,2361,2008,126.0593,P2000,100,0,0,0,0,False,False,False,233.789,3.164063
LighteRTZ - ISGaming,CounterTerrorist,2361,2008,126.0593,P2000,100,0,0,0,0,False,False,False,234.8437,3.515625
LighteRTZ - ISGaming,CounterTerrorist,2361,2008,126.0593,P2000,100,0,0,0,0,False,False,False,236.25,3.515625
LighteRTZ - ISGaming,CounterTerrorist,2361,2008,126.0593,P2000,100,0,0,0,0,False,False,False,237.3047,3.867188
LighteRTZ - ISGaming,CounterTerrorist,2361,2008,126.0593,P2000,100,0,0,0,0,False,False,False,238.0078,3.867188
LighteRTZ - ISGaming,CounterTerrorist,2361,2008,126.0593,P2000,100,0,0,0,0,False,False,False,238.3594,3.867188
LighteRTZ - ISGaming,CounterTerrorist,2361,2008,126.0593,P2000,100,0,0,0,0,False,False,False,239.0625,3.867188
LighteRTZ - ISGaming,CounterTerrorist,2361,2008,126.0593,P2000,100,0,0,0,0,False,False,False,239.4141,3.867188
LighteRTZ - ISGaming,CounterTerrorist,2361,2008,126.0593,P2000,100,0,0,0,0,False,False,False,240.4688,3.867188
LighteRTZ - ISGaming,CounterTerrorist,2361,2008,126.0593,P2000,100,0,0,0,0,False,False,False,241.1719,3.867188
LighteRTZ - ISGaming,CounterTerrorist,2361,2008,126.0593,P2000,100,0,0,0,0,False,False,False,241.1719,4.21875
LighteRTZ - ISGaming,CounterTerrorist,2361,2008,126.0593,P2000,100,0,0,0,0,False,False,False,241.5234,4.21875
LighteRTZ - ISGaming,CounterTerrorist,2361,2008,126.0593,P2000,100,0,0,0,0,False,False,False,241.5234,4.21875
LighteRTZ - ISGaming,CounterTerrorist,2361,2008,126.0593,P2000,100,0,0,0,0,False,False,False,241.5234,4.21875
LighteRTZ - ISGaming,CounterTerrorist,2361,2008,126.0593,P2000,100,0,0,0,0,False,False,False,241.5234,4.21875
LighteRTZ - ISGaming,CounterTerrorist,2361,2008,126.0593,P2000,100,0,0,0,0,False,False,False,241.5234,4.21875
LighteRTZ - ISGaming,CounterTerrorist,2361,2008,126.0593,P2000,100,0,0,0,0,False,False,False,241.5234,4.21875
LighteRTZ - ISGaming,CounterTerrorist,2361,2008,126.0593,P2000,100,0,0,0,0,False,False,False,241.5234,4.21875
LighteRTZ - ISGaming,CounterTerrorist,2361,2008,126.0593,P2000,100,0,0,0,0,False,False,False,241.5234,4.21875
LighteRTZ - ISGaming,CounterTerrorist,2361,2008,126.0593,P2000,100,0,0,0,0,False,False,False,241.5234,4.21875
LighteRTZ - ISGaming,CounterTerrorist,2361,2008,126.0593,P2000,100,0,0,0,0,False,False,False,241.5234,4.21875
LighteRTZ - ISGaming,CounterTerrorist,2361,2008,126.0593,P2000,100,0,0,0,0,False,False,False,241.5234,4.21875
LighteRTZ - ISGaming,CounterTerrorist,2361,2008,126.0593,P2000,100,0,0,0,0,False,False,False,241.5234,4.21875
LighteRTZ - ISGaming,CounterTerrorist,2361,2008,126.0593,P2000,100,0,0,0,0,False,False,False,241.5234,4.21875
LighteRTZ - ISGaming,CounterTerrorist,2361,2008,126.0593,P2000,100,0,0,0,0,False,False,False,241.5234,4.21875
LighteRTZ - ISGaming,CounterTerrorist,2361,2008,126.0593,P2000,100,0,0,0,0,False,False,False,241.5234,4.21875
LighteRTZ - ISGaming,CounterTerrorist,2361,2008,126.0593,P2000,100,0,0,0,0,False,False,False,241.5234,4.21875
LighteRTZ - ISGaming,CounterTerrorist,2361,2008,126.0593,P2000,100,0,0,0,0,False,False,False,241.5234,4.21875
LighteRTZ - ISGaming,CounterTerrorist,2361,2008,126.0593,P2000,100,0,0,0,0,False,False,False,241.5234,4.21875
LighteRTZ - ISGaming,CounterTerrorist,2361,2008,126.0593,P2000,100,0,0,0,0,False,False,False,241.5234,4.21875
LighteRTZ - ISGaming,CounterTerrorist,2361,2008,126.0593,P2000,100,0,0,0,0,False,False,False,241.5234,4.21875
LighteRTZ - ISGaming,CounterTerrorist,2361,2008,126.0593,P2000,100,0,0,0,0,False,False,False,241.5234,4.21875
LighteRTZ - ISGaming,CounterTerrorist,2361,2008,126.0593,P2000,100,0,0,0,0,False,False,False,241.5234,4.21875
LighteRTZ - ISGaming,CounterTerrorist,2361,2008,126.0593,P2000,100,0,0,0,0,False,False,False,241.5234,4.21875
LighteRTZ - ISGaming,CounterTerrorist,2361,2008,126.0593,P2000,100,0,0,0,0,False,False,False,241.5234,4.21875
LighteRTZ - ISGaming,CounterTerrorist,2361,2008,126.0593,P2000,100,0,0,0,0,False,False,False,241.5234,4.21875
LighteRTZ - ISGaming,CounterTerrorist,2361,2008,126.0593,P2000,100,0,0,0,0,False,False,False,241.5234,4.21875
LighteRTZ - ISGaming,CounterTerrorist,2361,2008,126.0593,P2000,100,0,0,0,0,False,False,False,241.5234,4.21875
LighteRTZ - ISGaming,CounterTerrorist,2361,2008,126.0593,P2000,100,0,0,0,0,False,False,False,241.5234,4.21875
LighteRTZ - ISGaming,CounterTerrorist,2361,2008,126.0593,P2000,100,0,0,0,0,False,False,False,241.5234,4.21875
LighteRTZ - ISGaming,CounterTerrorist,2361,2008,126.0593,P2000,100,0,0,0,0,False,False,False,241.5234,4.21875
LighteRTZ - ISGaming,CounterTerrorist,2361,2008,126.0593,P2000,100,0,0,0,0,False,False,False,241.5234,4.21875
LighteRTZ - ISGaming,CounterTerrorist,2361,2008,126.0593,P2000,100,0,0,0,0,False,False,False,241.5234,4.21875
LighteRTZ - ISGaming,CounterTerrorist,2361,2008,126.0593,P2000,100,0,0,0,0,False,False,False,241.5234,4.21875
LighteRTZ - ISGaming,CounterTerrorist,2361,2008,126.0593,P2000,100,0,0,0,0,False,False,False,241.5234,4.21875
LighteRTZ - ISGaming,CounterTerrorist,2361,2008,126.0593,P2000,100,0,0,0,0,False,False,False,241.5234,4.21875
LighteRTZ - ISGaming,CounterTerrorist,2361,2008,126.0593,P2000,100,0,0,0,0,False,False,False,241.5234,4.21875
LighteRTZ - ISGaming,CounterTerrorist,2361,2008,126.0593,P2000,100,0,0,0,0,False,False,False,241.5234,4.21875
LighteRTZ - ISGaming,CounterTerrorist,2361,2008,126.0593,P2000,100,0,0,0,0,False,False,False,241.5234,4.21875
LighteRTZ - ISGaming,CounterTerrorist,2361,2008,126.0593,P2000,100,0,0,0,0,False,False,False,241.5234,4.21875
LighteRTZ - ISGaming,CounterTerrorist,2361,2008,126.0593,P2000,100,0,0,0,0,False,False,False,241.5234,4.21875
LighteRTZ - ISGaming,CounterTerrorist,2361,2008,126.0593,P2000,100,0,0,0,0,False,False,False,241.5234,4.21875
LighteRTZ - ISGaming,CounterTerrorist,2361,2008,126.0593,P2000,100,0,0,0,0,False,False,False,241.5234,4.21875
LighteRTZ - ISGaming,CounterTerrorist,2361,2008,126.0593,P2000,100,0,0,0,0,False,False,False,241.5234,4.21875
LighteRTZ - ISGaming,CounterTerrorist,2361,2008,126.0593,P2000,100,0,0,0,0,False,False,False,241.5234,4.21875
LighteRTZ - ISGaming,CounterTerrorist,2361,2008,126.0593,P2000,100,0,0,0,0,False,False,False,241.5234,4.21875
LighteRTZ - ISGaming,CounterTerrorist,2361,2008,126.0593,P2000,100,0,0,0,0,False,False,False,241.5234,4.21875
LighteRTZ - ISGaming,CounterTerrorist,2361,2008,126.0593,P2000,100,0,0,0,0,False,False,False,241.5234,4.21875
LighteRTZ - ISGaming,CounterTerrorist,2361,2008,126.0593,P2000,100,0,0,0,0,False,False,False,241.5234,4.21875
LighteRTZ - ISGaming,CounterTerrorist,2361,2008,126.0593,P2000,100,0,0,0,0,False,False,False,241.5234,4.21875
LighteRTZ - ISGaming,CounterTerrorist,2361,2008,126.0593,P2000,100,0,0,0,0,False,False,False,241.5234,4.21875
LighteRTZ - ISGaming,CounterTerrorist,2361,2008,126.0593,P2000,100,0,0,0,0,False,False,False,241.5234,4.21875
LighteRTZ - ISGaming,CounterTerrorist,2361,2008,126.0593,P2000,100,0,0,0,0,False,False,False,241.5234,4.21875
LighteRTZ - ISGaming,CounterTerrorist,2361,2008,126.0593,P2000,100,0,0,0,0,False,False,False,241.5234,4.21875
LighteRTZ - ISGaming,CounterTerrorist,2361,2008,126.0593,P2000,100,0,0,0,0,False,False,False,241.5234,4.21875
LighteRTZ - ISGaming,CounterTerrorist,2361,2008,126.0593,P2000,100,0,0,0,0,False,False,False,241.5234,4.21875
LighteRTZ - ISGaming,CounterTerrorist,2361,2008,126.0593,P2000,100,0,0,0,0,False,False,False,241.5234,4.21875
LighteRTZ - ISGaming,CounterTerrorist,2361,2008,126.0593,P2000,100,0,0,0,0,False,False,False,241.5234,4.21875
LighteRTZ - ISGaming,CounterTerrorist,2361,2008,126.0593,P2000,100,0,0,0,0,False,False,False,241.5234,4.21875
LighteRTZ - ISGaming,CounterTerrorist,2361,2008,126.0593,P2000,100,0,0,0,0,False,False,False,241.5234,4.21875
LighteRTZ - ISGaming,CounterTerrorist,2361,2008,126.0593,P2000,100,0,0,0,0,False,False,False,241.5234,4.21875
LighteRTZ - ISGaming,CounterTerrorist,2361,2008,126.0593,P2000,100,0,0,0,0,False,False,False,241.5234,4.21875
LighteRTZ - ISGaming,CounterTerrorist,2361,2008,126.0593,P2000,100,0,0,0,0,False,False,False,241.5234,4.21875
LighteRTZ - ISGaming,CounterTerrorist,2361,2008,126.0593,P2000,100,0,0,0,0,False,False,False,241.5234,4.21875
LighteRTZ - ISGaming,CounterTerrorist,2361,2008,126.0593,P2000,100,0,0,0,0,False,False,False,241.5234,4.21875
LighteRTZ - ISGaming,CounterTerrorist,2361,2008,126.0593,P2000,100,0,0,0,0,False,False,False,241.5234,4.21875
LighteRTZ - ISGaming,CounterTerrorist,2361,2008,126.0593,P2000,100,0,0,0,0,False,False,False,241.5234,4.21875
LighteRTZ - ISGaming,CounterTerrorist,2361,2008,126.0593,P2000,100,0,0,0,0,False,False,False,241.5234,4.21875
LighteRTZ - ISGaming,CounterTerrorist,2361,2008,126.0593,P2000,100,0,0,0,0,False,False,False,241.5234,4.21875
LighteRTZ - ISGaming,CounterTerrorist,2361,2008,126.0593,P2000,100,0,0,0,0,False,False,False,241.5234,4.21875
LighteRTZ - ISGaming,CounterTerrorist,2361,2008,126.0593,P2000,100,0,0,0,0,False,False,False,241.5234,4.21875
LighteRTZ - ISGaming,CounterTerrorist,2361,2008,126.0593,P2000,100,0,0,0,0,False,False,False,241.5234,4.21875
LighteRTZ - ISGaming,CounterTerrorist,2361,2008,126.0593,P2000,100,0,0,0,0,False,False,False,241.5234,4.21875
LighteRTZ - ISGaming,CounterTerrorist,2361,2008,126.0593,P2000,100,0,0,0,0,False,False,False,241.5234,4.21875
LighteRTZ - ISGaming,CounterTerrorist,2361,2008,126.0593,P2000,100,0,0,0,0,False,False,False,241.5234,4.21875
LighteRTZ - ISGaming,CounterTerrorist,2361,2008,126.0593,P2000,100,0,0,0,0,False,False,False,241.5234,4.21875
LighteRTZ - ISGaming,CounterTerrorist,2361,2008,126.0593,P2000,100,0,0,0,0,False,False,False,241.5234,4.21875
LighteRTZ - ISGaming,CounterTerrorist,2361,2008,126.0593,P2000,100,0,0,0,0,False,False,False,241.5234,4.21875
LighteRTZ - ISGaming,CounterTerrorist,2361,2008,126.0593,P2000,100,0,0,0,0,False,False,False,241.5234,4.21875
LighteRTZ - ISGaming,CounterTerrorist,2361,2008,126.0593,P2000,100,0,0,0,0,False,False,False,241.5234,4.21875
LighteRTZ - ISGaming,CounterTerrorist,2361,2008,126.0593,P2000,100,0,0,0,0,False,False,False,241.5234,4.21875
LighteRTZ - ISGaming,CounterTerrorist,2361,2008,126.0593,P2000,100,0,0,0,0,False,False,False,241.5234,4.21875
LighteRTZ - ISGaming,CounterTerrorist,2361,2008,126.0593,P2000,100,0,0,0,0,False,False,False,241.5234,4.21875
LighteRTZ - ISGaming,CounterTerrorist,2361,2008,126.0593,P2000,100,0,0,0,0,False,False,False,241.5234,4.21875
LighteRTZ - ISGaming,CounterTerrorist,2361,2008,126.0593,P2000,100,0,0,0,0,False,False,False,241.5234,4.21875
LighteRTZ - ISGaming,CounterTerrorist,2361,2008,126.0593,P2000,100,0,0,0,0,False,False,False,241.5234,4.21875
LighteRTZ - ISGaming,CounterTerrorist,2361,2008,126.0593,P2000,100,0,0,0,0,False,False,False,241.5234,4.21875
LighteRTZ - ISGaming,CounterTerrorist,2361,2008,126.0593,P2000,100,0,0,0,0,False,False,False,241.5234,4.21875
LighteRTZ - ISGaming,CounterTerrorist,2361,2008,126.0593,P2000,100,0,0,0,0,False,False,False,241.5234,4.21875
LighteRTZ - ISGaming,CounterTerrorist,2361,2008,126.0593,P2000,100,0,0,0,0,False,False,False,241.5234,4.21875
LighteRTZ - ISGaming,CounterTerrorist,2361,2008,126.0593,P2000,100,0,0,0,0,False,False,False,241.5234,4.21875
LighteRTZ - ISGaming,CounterTerrorist,2361,2008,126.0593,P2000,100,0,0,0,0,False,False,False,241.5234,4.21875
LighteRTZ - ISGaming,CounterTerrorist,2361,2008,126.0593,P2000,100,0,0,0,0,False,False,False,241.5234,4.21875
LighteRTZ - ISGaming,CounterTerrorist,2361,2008,126.0593,P2000,100,0,0,0,0,False,False,False,241.5234,4.21875
LighteRTZ - ISGaming,CounterTerrorist,2361,2008,126.0593,P2000,100,0,0,0,0,False,False,False,241.5234,4.21875
LighteRTZ - ISGaming,CounterTerrorist,2361,2008,126.0593,P2000,100,0,0,0,0,False,False,False,241.5234,4.21875
LighteRTZ - ISGaming,CounterTerrorist,2361,2008,126.0593,P2000,100,0,0,0,0,False,False,False,241.5234,4.21875
LighteRTZ - ISGaming,CounterTerrorist,2361,2008,126.0593,P2000,100,0,0,0,0,False,False,False,241.5234,4.21875
LighteRTZ - ISGaming,CounterTerrorist,2361,2008,126.0593,P2000,100,0,0,0,0,False,False,False,241.5234,4.21875
LighteRTZ - ISGaming,CounterTerrorist,2361,2008,126.0593,P2000,100,0,0,0,0,False,False,False,241.5234,4.21875
LighteRTZ - ISGaming,CounterTerrorist,2361,2008,126.0593,P2000,100,0,0,0,0,False,False,False,241.5234,4.21875
LighteRTZ - ISGaming,CounterTerrorist,2361,2008,126.0593,P2000,100,0,0,0,0,False,False,False,241.5234,4.21875
LighteRTZ - ISGaming,CounterTerrorist,2361,2008,126.0593,P2000,100,0,0,0,0,False,False,False,241.5234,4.21875
LighteRTZ - ISGaming,CounterTerrorist,2361,2008,126.0593,P2000,100,0,0,0,0,False,False,False,241.5234,4.21875
LighteRTZ - ISGaming,CounterTerrorist,2361,2008,126.0593,P2000,100,0,0,0,0,False,False,False,241.5234,4.21875
LighteRTZ - ISGaming,CounterTerrorist,2361,2008,126.0593,P2000,100,0,0,0,0,False,False,False,241.5234,4.21875
LighteRTZ - ISGaming,CounterTerrorist,2361,2008,126.0593,P2000,100,0,0,0,0,False,False,False,241.5234,4.21875
LighteRTZ - ISGaming,CounterTerrorist,2361,2008,126.0593,P2000,100,0,0,0,0,False,False,False,241.5234,4.21875
LighteRTZ - ISGaming,CounterTerrorist,2361,2008,126.0593,P2000,100,0,0,0,0,False,False,False,241.5234,4.21875
LighteRTZ - ISGaming,CounterTerrorist,2361,2008,126.0593,P2000,100,0,0,0,0,False,False,False,241.5234,4.21875
LighteRTZ - ISGaming,CounterTerrorist,2361,2008,126.0593,P2000,100,0,0,0,0,False,False,False,241.5234,4.21875
LighteRTZ - ISGaming,CounterTerrorist,2361,2008,126.0593,P2000,100,0,0,0,0,False,False,False,241.5234,4.21875
LighteRTZ - ISGaming,CounterTerrorist,2361,2008,126.0593,P2000,100,0,0,0,0,False,False,False,241.5234,4.21875
LighteRTZ - ISGaming,CounterTerrorist,2361,2008,126.0593,P2000,100,0,0,0,0,False,False,False,241.5234,4.21875
LighteRTZ - ISGaming,CounterTerrorist,2361,2008,126.0593,P2000,100,0,0,0,0,False,False,False,241.5234,4.21875
LighteRTZ - ISGaming,CounterTerrorist,2361,2008,126.0593,P2000,100,0,0,0,0,False,False,False,241.5234,4.21875
LighteRTZ - ISGaming,CounterTerrorist,2361,2008,126.0593,P2000,100,0,0,0,0,False,False,False,241.5234,4.21875
LighteRTZ - ISGaming,CounterTerrorist,2361,2008,126.0593,P2000,100,0,0,0,0,False,False,False,241.5234,4.21875
LighteRTZ - ISGaming,CounterTerrorist,2361,2008,126.0593,P2000,100,0,0,0,0,False,False,False,241.5234,4.21875
LighteRTZ - ISGaming,CounterTerrorist,2361,2008,126.0593,P2000,100,0,0,0,0,False,False,False,241.5234,4.21875
LighteRTZ - ISGaming,CounterTerrorist,2361,2008,126.0593,P2000,100,0,0,0,0,False,False,False,241.5234,4.21875
LighteRTZ - ISGaming,CounterTerrorist,2361,2008,126.0593,P2000,100,0,0,0,0,False,False,False,241.5234,4.21875
LighteRTZ - ISGaming,CounterTerrorist,2361,2008,126.0593,P2000,100,0,0,0,0,False,False,False,241.5234,4.21875
LighteRTZ - ISGaming,CounterTerrorist,2361,2008,126.0593,P2000,100,0,0,0,0,False,False,False,241.5234,4.21875
LighteRTZ - ISGaming,CounterTerrorist,2361,2008,126.0593,P2000,100,0,0,0,0,False,False,False,241.5234,4.21875
LighteRTZ - ISGaming,CounterTerrorist,2361,2008,126.0593,P2000,100,0,0,0,0,False,False,False,241.5234,4.21875
LighteRTZ - ISGaming,CounterTerrorist,2361,2008,126.0593,P2000,100,0,0,0,0,False,False,False,241.5234,4.21875
LighteRTZ - ISGaming,CounterTerrorist,2361,2008,126.0593,P2000,100,0,0,0,0,False,False,False,241.5234,4.21875
LighteRTZ - ISGaming,CounterTerrorist,2361,2008,126.0593,P2000,100,0,0,0,0,False,False,False,241.5234,4.21875
LighteRTZ - ISGaming,CounterTerrorist,2361,2008,126.0593,P2000,100,0,0,0,0,False,False,False,241.5234,4.21875
LighteRTZ - ISGaming,CounterTerrorist,2361,2008,126.0593,P2000,100,0,0,0,0,False,False,False,241.5234,4.21875
LighteRTZ - ISGaming,CounterTerrorist,2361,2008,126.0593,P2000,100,0,0,0,0,False,False,False,241.5234,4.21875
LighteRTZ - ISGaming,CounterTerrorist,2361,2008,126.0593,P2000,100,0,0,0,0,False,False,False,241.5234,4.21875
LighteRTZ - ISGaming,CounterTerrorist,2361,2008,126.0593,P2000,100,0,0,0,0,False,False,False,241.5234,4.21875
LighteRTZ - ISGaming,CounterTerrorist,2361,2008,126.0593,P2000,100,0,0,0,0,False,False,False,241.5234,4.21875
LighteRTZ - ISGaming,CounterTerrorist,2361,2008,126.0593,P2000,100,0,0,0,0,False,False,False,241.5234,4.21875
LighteRTZ - ISGaming,CounterTerrorist,2361,2008,126.0593,P2000,100,0,0,0,0,False,False,False,241.5234,4.21875
LighteRTZ - ISGaming,CounterTerrorist,2361,2008,126.0593,P2000,100,0,0,0,0,False,False,False,241.5234,4.21875
LighteRTZ - ISGaming,CounterTerrorist,2361,2008,126.0593,P2000,100,0,0,0,0,False,False,False,241.5234,4.21875
LighteRTZ - ISGaming,CounterTerrorist,2361,2008,126.0593,P2000,100,0,0,0,0,False,False,False,241.5234,4.21875
LighteRTZ - ISGaming,CounterTerrorist,2361,2008,126.0593,P2000,100,0,0,0,0,False,False,False,241.5234,4.21875
LighteRTZ - ISGaming,CounterTerrorist,2361,2008,126.0593,P2000,100,0,0,0,0,False,False,False,241.5234,4.21875
LighteRTZ - ISGaming,CounterTerrorist,2361,2008,126.0593,P2000,100,0,0,0,0,False,False,False,241.5234,4.21875
LighteRTZ - ISGaming,CounterTerrorist,2361,2008,126.0593,P2000,100,0,0,0,0,False,False,False,241.5234,4.21875
LighteRTZ - ISGaming,CounterTerrorist,2361,2008,126.0593,P2000,100,0,0,0,0,False,False,False,241.5234,4.21875
LighteRTZ - ISGaming,CounterTerrorist,2361,2008,126.0593,P2000,100,0,0,0,0,False,False,False,241.5234,4.21875
LighteRTZ - ISGaming,CounterTerrorist,2361,2008,126.0593,P2000,100,0,0,0,0,False,False,False,241.5234,4.21875
LighteRTZ - ISGaming,CounterTerrorist,2361,2008,126.0593,P2000,100,0,0,0,0,False,False,False,241.5234,4.21875
LighteRTZ - ISGaming,CounterTerrorist,2361,2008,126.0593,P2000,100,0,0,0,0,False,False,False,241.5234,4.21875
LighteRTZ - ISGaming,CounterTerrorist,2361,2008,126.0593,P2000,100,0,0,0,0,False,False,False,241.5234,4.21875
LighteRTZ - ISGaming,CounterTerrorist,2361,2008,126.0593,P2000,100,0,0,0,0,False,False,False,241.5234,4.21875
LighteRTZ - ISGaming,CounterTerrorist,2361,2008,126.0593,P2000,100,0,0,0,0,False,False,False,241.5234,4.21875
LighteRTZ - ISGaming,CounterTerrorist,2361,2008,126.0593,P2000,100,0,0,0,0,False,False,False,241.5234,4.21875
LighteRTZ - ISGaming,CounterTerrorist,2361,2008,126.0593,P2000,100,0,0,0,0,False,False,False,241.5234,4.21875
LighteRTZ - ISGaming,CounterTerrorist,2361,2008,126.0593,P2000,100,0,0,0,0,False,False,False,241.5234,4.21875
LighteRTZ - ISGaming,CounterTerrorist,2361,2008,126.0593,P2000,100,0,0,0,0,False,False,False,241.5234,4.21875
LighteRTZ - ISGaming,CounterTerrorist,2361,2008,126.0593,P2000,100,0,0,0,0,False,False,False,241.5234,4.21875
LighteRTZ - ISGaming,CounterTerrorist,2361,2008,126.0593,P2000,100,0,0,0,0,False,False,False,241.5234,4.21875
LighteRTZ - ISGaming,CounterTerrorist,2361,2008,126.0593,P2000,100,0,0,0,0,False,False,False,241.5234,4.21875
LighteRTZ - ISGaming,CounterTerrorist,2361,2008,126.0593,P2000,100,0,0,0,0,False,False,False,241.5234,4.21875
LighteRTZ - ISGaming,CounterTerrorist,2361,2008,126.0593,P2000,100,0,0,0,0,False,False,False,241.5234,4.21875
LighteRTZ - ISGaming,CounterTerrorist,2361,2008,126.0593,P2000,100,0,0,0,0,False,False,False,241.5234,4.21875
LighteRTZ - ISGaming,CounterTerrorist,2361,2008,126.0593,P2000,100,0,0,0,0,False,False,False,241.5234,4.21875
LighteRTZ - ISGaming,CounterTerrorist,2361,2008,126.0593,P2000,100,0,0,0,0,False,False,False,241.5234,4.21875
LighteRTZ - ISGaming,CounterTerrorist,2361,2008,126.0593,P2000,100,0,0,0,0,False,False,False,241.5234,4.21875
LighteRTZ - ISGaming,CounterTerrorist,2361,2008,126.0593,P2000,100,0,0,0,0,False,False,False,241.5234,4.21875
LighteRTZ - ISGaming,CounterTerrorist,2361,2008,126.0593,P2000,100,0,0,0,0,False,False,False,241.5234,4.21875
LighteRTZ - ISGaming,CounterTerrorist,2361,2008,126.0593,P2000,100,0,0,0,0,False,False,False,241.5234,4.21875
LighteRTZ - ISGaming,CounterTerrorist,2361,2008,126.0593,P2000,100,0,0,0,0,False,False,False,241.5234,4.21875
LighteRTZ - ISGaming,CounterTerrorist,2361,2008,126.0593,P2000,100,0,0,0,0,False,False,False,241.5234,4.21875
LighteRTZ - ISGaming,CounterTerrorist,2361,2008,126.0593,P2000,100,0,0,0,0,False,False,False,241.5234,4.21875
LighteRTZ - ISGaming,CounterTerrorist,2361,2008,126.0593,P2000,100,0,0,0,0,False,False,False,241.5234,4.21875
LighteRTZ - ISGaming,CounterTerrorist,2361,2008,126.0593,P2000,100,0,0,0,0,False,False,False,241.5234,4.21875
LighteRTZ - ISGaming,CounterTerrorist,2361,2008,126.0593,P2000,100,0,0,0,0,False,False,False,241.5234,4.21875
LighteRTZ - ISGaming,CounterTerrorist,2361,2008,126.0593,P2000,100,0,0,0,0,False,False,False,241.5234,4.21875
LighteRTZ - ISGaming,CounterTerrorist,2361,2008,126.0593,P2000,100,0,0,0,0,False,False,False,241.5234,4.21875
LighteRTZ - ISGaming,CounterTerrorist,2361,2008,126.0593,P2000,100,0,0,0,0,False,False,False,241.5234,4.21875
LighteRTZ - ISGaming,CounterTerrorist,2361,2008,126.0593,P2000,100,0,0,0,0,False,False,False,241.5234,4.21875
LighteRTZ - ISGaming,CounterTerrorist,2361,2008,126.0593,P2000,100,0,0,0,0,False,False,False,241.5234,4.21875
LighteRTZ - ISGaming,CounterTerrorist,2361,2008,126.0593,P2000,100,0,0,0,0,False,False,False,241.5234,4.21875
LighteRTZ - ISGaming,CounterTerrorist,2361,2008,126.0593,P2000,100,0,0,0,0,False,False,False,241.5234,4.21875
LighteRTZ - ISGaming,CounterTerrorist,2361,2008,126.0593,P2000,100,0,0,0,0,False,False,False,241.5234,4.21875
LighteRTZ - ISGaming,CounterTerrorist,2361,2008,126.0593,P2000,100,0,0,0,0,False,False,False,241.5234,4.21875
LighteRTZ - ISGaming,CounterTerrorist,2361,2008,126.0593,P2000,100,0,0,0,0,False,False,False,241.5234,4.21875
LighteRTZ - ISGaming,CounterTerrorist,2361,2008,126.0593,P2000,100,0,0,0,0,False,False,False,241.5234,4.21875
LighteRTZ - ISGaming,CounterTerrorist,2361,2008,126.0593,P2000,100,0,0,0,0,False,False,False,241.5234,4.21875
LighteRTZ - ISGaming,CounterTerrorist,2361,2008,126.0593,P2000,100,0,0,0,0,False,False,False,241.5234,4.21875
LighteRTZ - ISGaming,CounterTerrorist,2361,2008,126.0593,P2000,100,0,0,0,0,False,False,False,241.5234,4.21875
LighteRTZ - ISGaming,CounterTerrorist,2361,2008,126.0593,P2000,100,0,0,0,0,False,False,False,241.5234,4.21875
LighteRTZ - ISGaming,CounterTerrorist,2361,2008,126.0593,P2000,100,0,0,0,0,False,False,False,241.5234,4.21875
LighteRTZ - ISGaming,CounterTerrorist,2361,2008,126.0593,P2000,100,0,0,0,0,False,False,False,241.5234,4.21875
LighteRTZ - ISGaming,CounterTerrorist,2361,2008,126.0593,P2000,100,0,0,0,0,False,False,False,241.5234,4.21875
LighteRTZ - ISGaming,CounterTerrorist,2361,2008,126.0593,P2000,100,0,0,0,0,False,False,False,241.5234,4.21875
LighteRTZ - ISGaming,CounterTerrorist,2361,2008,126.0593,P2000,100,0,0,0,0,False,False,False,241.5234,4.21875
LighteRTZ - ISGaming,CounterTerrorist,2361,2008,126.0593,P2000,100,0,0,0,0,False,False,False,241.5234,4.21875
LighteRTZ - ISGaming,CounterTerrorist,2361,2008,126.0593,P2000,100,0,0,0,0,False,False,False,241.5234,4.21875
LighteRTZ - ISGaming,CounterTerrorist,2361,2008,126.0593,P2000,100,0,0,0,0,False,False,False,241.5234,4.21875
LighteRTZ - ISGaming,CounterTerrorist,2361,2008,126.0593,P2000,100,0,0,0,0,False,False,False,241.5234,4.21875
LighteRTZ - ISGaming,CounterTerrorist,2361,2008,126.0593,P2000,100,0,0,0,0,False,False,False,241.5234,4.21875
LighteRTZ - ISGaming,CounterTerrorist,2361,2008,126.0593,P2000,100,0,0,0,0,False,False,False,241.5234,4.21875
LighteRTZ - ISGaming,CounterTerrorist,2361,2008,126.0593,P2000,100,0,0,0,0,False,False,False,241.5234,4.21875
LighteRTZ - ISGaming,CounterTerrorist,2361,2008,126.0593,P2000,100,0,0,0,0,False,False,False,241.5234,4.21875
LighteRTZ - ISGaming,CounterTerrorist,2361,2008,126.0593,P2000,100,0,0,0,0,False,False,False,241.5234,4.21875
LighteRTZ - ISGaming,CounterTerrorist,2361,2008,126.0593,P2000,100,0,0,0,0,False,False,False,241.5234,4.21875
LighteRTZ - ISGaming,CounterTerrorist,2361,2008,126.0593,P2000,100,0,0,0,0,False,False,False,241.5234,4.21875
LighteRTZ - ISGaming,CounterTerrorist,2361,2008,126.0593,P2000,100,0,0,0,0,False,False,False,241.5234,4.21875
LighteRTZ - ISGaming,CounterTerrorist,2361,2008,126.0593,P2000,100,0,0,0,0,False,False,False,241.5234,4.21875
LighteRTZ - ISGaming,CounterTerrorist,2361,2008,126.0593,P2000,100,0,0,0,0,False,False,False,241.5234,4.21875
LighteRTZ - ISGaming,CounterTerrorist,2361,2008,126.0593,P2000,100,0,0,0,0,False,False,False,241.5234,4.21875
LighteRTZ - ISGaming,CounterTerrorist,2361,2008,126.0593,P2000,100,0,0,0,0,False,False,False,241.5234,4.21875
LighteRTZ - ISGaming,CounterTerrorist,2361,2008,126.0593,P2000,100,0,0,0,0,False,False,False,241.5234,4.21875
LighteRTZ - ISGaming,CounterTerrorist,2361,2008,126.0593,P2000,100,0,0,0,0,False,False,False,241.5234,4.21875
LighteRTZ - ISGaming,CounterTerrorist,2361,2008,126.0593,P2000,100,0,0,0,0,False,False,False,241.5234,4.21875
LighteRTZ - ISGaming,CounterTerrorist,2361,2008,126.0593,P2000,100,0,0,0,0,False,False,False,241.5234,4.21875
LighteRTZ - ISGaming,CounterTerrorist,2361,2008,126.0593,P2000,100,0,0,0,0,False,False,False,241.5234,4.21875
LighteRTZ - ISGaming,CounterTerrorist,2361,2008,126.0593,P2000,100,0,0,0,0,False,False,False,241.5234,4.21875
LighteRTZ - ISGaming,CounterTerrorist,2361,2008,126.0593,P2000,100,0,0,0,0,False,False,False,241.5234,4.21875
LighteRTZ - ISGaming,CounterTerrorist,2361,2008,126.0593,P2000,100,0,0,0,0,False,False,False,241.5234,4.21875
LighteRTZ - ISGaming,CounterTerrorist,2361,2008,126.0593,P2000,100,0,0,0,0,False,False,False,241.5234,4.21875
LighteRTZ - ISGaming,CounterTerrorist,2361,2008,126.0593,P2000,100,0,0,0,0,False,False,False,241.5234,4.21875
LighteRTZ - ISGaming,CounterTerrorist,2361,2008,126.0593,P2000,100,0,0,0,0,False,False,False,241.5234,4.21875
LighteRTZ - ISGaming,CounterTerrorist,2361,2008,126.0593,P2000,100,0,0,0,0,False,False,False,241.5234,4.21875
LighteRTZ - ISGaming,CounterTerrorist,2361,2008,126.0593,P2000,100,0,0,0,0,False,False,False,241.5234,4.21875
LighteRTZ - ISGaming,CounterTerrorist,2361,2008,126.0593,P2000,100,0,0,0,0,False,False,False,241.5234,4.21875
LighteRTZ - ISGaming,CounterTerrorist,2361,2008,126.0593,P2000,100,0,0,0,0,False,False,False,241.5234,4.21875
LighteRTZ - ISGaming,CounterTerrorist,2361,2008,126.0593,P2000,100,0,0,0,0,False,False,False,241.5234,4.21875
LighteRTZ - ISGaming,CounterTerrorist,2361,2008,126.0593,P2000,100,0,0,0,0,False,False,False,241.5234,4.21875
LighteRTZ - ISGaming,CounterTerrorist,2361,2008,126.0593,P2000,100,0,0,0,0,False,False,False,241.5234,4.21875
LighteRTZ - ISGaming,CounterTerrorist,2361,2008,126.0593,P2000,100,0,0,0,0,False,False,False,241.5234,4.21875
LighteRTZ - ISGaming,CounterTerrorist,2361,2008,126.0593,P2000,100,0,0,0,0,False,False,False,241.5234,4.21875
LighteRTZ - ISGaming,CounterTerrorist,2361,2008,126.0593,P2000,100,0,0,0,0,False,False,False,241.5234,4.21875
LighteRTZ - ISGaming,CounterTerrorist,2361,2008,126.0593,P2000,100,0,0,0,0,False,False,False,241.5234,4.21875
LighteRTZ - ISGaming,CounterTerrorist,2361,2008,126.0593,P2000,100,0,0,0,0,False,False,False,241.5234,4.21875
LighteRTZ - ISGaming,CounterTerrorist,2361,2008,126.0593,P2000,100,0,0,0,0,False,False,False,241.5234,4.21875
LighteRTZ - ISGaming,CounterTerrorist,2361,2008,126.0593,P2000,100,0,0,0,0,False,False,False,241.1719,4.570313
LighteRTZ - ISGaming,CounterTerrorist,2361,2008,126.0593,P2000,100,0,0,0,0,False,False,False,240.1172,4.570313
LighteRTZ - ISGaming,CounterTerrorist,2361,2008,126.0593,P2000,100,0,0,0,0,False,False,False,236.9531,4.570313
LighteRTZ - ISGaming,CounterTerrorist,2361,2008,126.0593,P2000,100,0,0,0,0,False,False,False,229.5703,5.273438
LighteRTZ - ISGaming,CounterTerrorist,2361,2008,126.0593,P2000,100,0,0,0,0,False,False,False,215.5078,5.976563
LighteRTZ - ISGaming,CounterTerrorist,2361,2008,126.0593,P2000,100,0,0,0,0,False,False,False,197.9297,6.328125
LighteRTZ - ISGaming,CounterTerrorist,2361,2008,126.0593,P2000,100,0,0,0,0,False,False,False,184.5703,6.328125
LighteRTZ - ISGaming,CounterTerrorist,2361,2008,126.0593,P2000,100,0,0,0,0,False,False,False,169.8047,5.976563
LighteRTZ - ISGaming,CounterTerrorist,2361,2008,126.0593,P2000,100,0,0,0,0,False,False,False,158.9063,5.273438
LighteRTZ - ISGaming,CounterTerrorist,2361,2008,126.0593,P2000,100,0,0,0,0,False,False,False,154.3359,4.921875
LighteRTZ - ISGaming,CounterTerrorist,2361,2008,126.0593,P2000,100,0,0,0,0,False,False,False,153.2813,4.921875
LighteRTZ - ISGaming,CounterTerrorist,2361,2008,126.0593,P2000,100,0,0,0,0,False,False,False,153.2813,4.921875
LighteRTZ - ISGaming,CounterTerrorist,2361,2008,126.0593,P2000,100,0,0,0,0,False,False,False,153.2813,4.921875
LighteRTZ - ISGaming,CounterTerrorist,2361,2008,126.0593,P2000,100,0,0,0,0,False,False,False,153.2813,4.921875
LighteRTZ - ISGaming,CounterTerrorist,2361,2008,126.0593,P2000,100,0,0,0,0,False,False,False,153.2813,4.921875
LighteRTZ - ISGaming,CounterTerrorist,2361,2008,126.0593,P2000,100,0,0,0,0,False,False,False,153.2813,4.921875
LighteRTZ - ISGaming,CounterTerrorist,2361,2008,126.0593,P2000,100,0,0,0,0,False,False,False,153.2813,4.921875
LighteRTZ - ISGaming,CounterTerrorist,2361,2008,126.0593,P2000,100,0,0,0,0,False,False,False,153.2813,4.921875
LighteRTZ - ISGaming,CounterTerrorist,2361.585,2007.71,125.9733,P2000,100,0,28.21734,-14.00102,0,False,False,False,153.6328,4.921875
LighteRTZ - ISGaming,CounterTerrorist,2362.954,2007.012,125.7704,P2000,100,0,53.06776,-27.43989,0,False,False,False,151.1719,4.921875
LighteRTZ - ISGaming,CounterTerrorist,2365.083,2005.867,125.449,P2000,100,0,76.96705,-42.46598,0,False,False,False,147.6563,5.273438
LighteRTZ - ISGaming,CounterTerrorist,2367.883,2004.22,125.013,P2000,100,0,96.49129,-58.9017,0,False,False,False,141.6797,5.976563
LighteRTZ - ISGaming,CounterTerrorist,2371.188,2002.052,124.6479,P2000,100,0,110.7543,-75.6481,0,False,False,False,136.7578,6.679688
LighteRTZ - ISGaming,CounterTerrorist,2374.857,1999.369,124.5412,P2000,100,0,120.9313,-91.84268,0,False,False,False,133.2422,7.03125
LighteRTZ - ISGaming,CounterTerrorist,2378.781,1996.201,124.4272,P2000,100,0,128.1037,-106.9111,0,False,False,False,130.7813,7.03125
LighteRTZ - ISGaming,CounterTerrorist,2382.893,1992.594,124.3076,P2000,100,0,133.4753,-120.2836,0,False,False,False,129.7266,7.03125
LighteRTZ - ISGaming,CounterTerrorist,2387.149,1988.605,124.1839,P2000,100,0,137.7423,-131.8482,0,False,False,False,129.375,7.03125
LighteRTZ - ISGaming,CounterTerrorist,2391.525,1984.289,124.0567,P2000,100,0,141.3129,-141.6813,0,False,False,False,129.375,7.03125
LighteRTZ - ISGaming,CounterTerrorist,2396.001,1979.695,123.9266,P2000,100,0,144.3219,-150.0243,0,False,False,False,129.375,7.382813
LighteRTZ - ISGaming,CounterTerrorist,2400.634,1974.977,123.7919,P2000,100,0,153.321,-146.5755,0,False,False,False,129.375,7.382813
LighteRTZ - ISGaming,CounterTerrorist,2405.728,1970.765,123.6438,P2000,100,0,168.4881,-128.099,0,False,False,False,129.0234,7.382813
LighteRTZ - ISGaming,CounterTerrorist,2411.249,1967.072,123.4833,P2000,100,0,181.3244,-112.5659,0,False,False,False,129.0234,7.382813
LighteRTZ - ISGaming,CounterTerrorist,2417.132,1963.814,123.3123,P2000,100,0,192.1794,-99.58475,0,False,False,False,128.6719,7.382813
LighteRTZ - ISGaming,CounterTerrorist,2423.156,1961.488,123.1372,P2000,100,0,193.1326,-60.15869,0,False,False,False,128.6719,7.03125
LighteRTZ - ISGaming,CounterTerrorist,2429.209,1960.273,123.4297,P2000,100,0,194.0016,-26.83664,0,False,False,False,128.3203,7.03125
LighteRTZ - ISGaming,CounterTerrorist,2435.289,1959.998,123.75,Knife,100,0,195.1178,1.603917,0,False,False,False,128.3203,7.03125
LighteRTZ - ISGaming,CounterTerrorist,2441.425,1960.542,124.0669,Knife,100,0,197.0576,26.35334,0,False,False,False,128.3203,7.03125
LighteRTZ - ISGaming,CounterTerrorist,2447.422,1961.629,124.3724,Knife,100,0,182.1775,34.28125,0,False,False,False,127.9687,7.03125
LighteRTZ - ISGaming,CounterTerrorist,2452.062,1963.23,124.6031,Knife,100,0,129.3825,60.84467,0,False,False,False,127.9687,7.03125
LighteRTZ - ISGaming,CounterTerrorist,2455.214,1965.58,124.7502,Knife,100,0,84.65795,83.34753,0,False,False,False,127.9687,7.03125
LighteRTZ - ISGaming,CounterTerrorist,2457.104,1968.564,124.8134,Knife,100,0,46.77011,102.4105,0,False,False,False,127.9687,7.03125
LighteRTZ - ISGaming,CounterTerrorist,2457.926,1972.087,124.8358,Knife,100,0,14.67393,118.5595,0,False,False,False,127.9687,7.03125
LighteRTZ - ISGaming,CounterTerrorist,2457.843,1976.064,124.8083,Knife,100,0,-12.51594,132.2399,0,False,False,False,127.9687,7.03125
LighteRTZ - ISGaming,CounterTerrorist,2456.992,1980.428,124.7308,Knife,100,0,-35.54948,143.829,0,False,False,False,127.9687,7.03125
LighteRTZ - ISGaming,CounterTerrorist,2455.492,1985.118,124.6168,Knife,100,0,-55.06203,153.6466,0,False,False,False,127.9687,7.03125
LighteRTZ - ISGaming,CounterTerrorist,2453.442,1990.086,124.4718,Knife,100,0,-71.59184,161.9635,0,False,False,False,127.9687,7.03125
LighteRTZ - ISGaming,CounterTerrorist,2450.925,1995.287,124.2597,Knife,100,0,-85.6272,168.9836,0,False,False,False,128.3203,7.03125
LighteRTZ - ISGaming,CounterTerrorist,2448.014,2000.684,124.0087,P2000,100,0,-97.25155,174.5928,0,False,False,False,128.3203,7.03125
LighteRTZ - ISGaming,CounterTerrorist,2444.793,2006.215,123.7376,P2000,100,0,-106.3963,178.3868,0,False,False,False,128.3203,7.03125
LighteRTZ - ISGaming,CounterTerrorist,2441.313,2011.854,123.4499,P2000,100,0,-114.1594,181.5882,0,False,False,False,128.3203,7.03125
LighteRTZ - ISGaming,CounterTerrorist,2438.093,2016.975,123.2431,P2000,100,0,-96.70863,153.83,0,False,False,False,128.3203,7.03125
LighteRTZ - ISGaming,CounterTerrorist,2435.366,2021.313,123.1212,P2000,100,0,-81.92545,130.3151,0,False,False,False,128.3203,7.03125
LighteRTZ - ISGaming,CounterTerrorist,2433.055,2024.988,123.0181,P2000,100,0,-69.40206,110.3947,0,False,False,False,128.6719,7.03125
LighteRTZ - ISGaming,CounterTerrorist,2431.098,2028.102,122.9307,P2000,100,0,-58.79305,93.51943,0,False,False,False,128.6719,6.679688
LighteRTZ - ISGaming,CounterTerrorist,2429.377,2030.688,122.8525,P2000,100,0,-57.80193,72.71153,0,False,False,False,129.0234,6.679688
LighteRTZ - ISGaming,CounterTerrorist,2427.151,2032.246,122.7363,P2000,100,0,-78.80222,36.78765,0,False,False,False,130.0781,6.679688
LighteRTZ - ISGaming,CounterTerrorist,2424.351,2032.769,122.6595,P2000,100,0,-95.47605,5.081747,0,False,False,False,133.9453,7.03125
LighteRTZ - ISGaming,CounterTerrorist,2421.144,2032.335,122.7863,P2000,100,0,-105.8628,-25.30465,0,False,False,False,144.4922,7.734375
LighteRTZ - ISGaming,CounterTerrorist,2417.813,2030.933,122.91,P2000,100,0,-105.3012,-56.73839,0,False,False,False,163.8281,8.789063
LighteRTZ - ISGaming,CounterTerrorist,2414.8,2028.566,123.0126,P2000,100,0,-88.96774,-86.53138,0,False,False,False,189.8437,9.140625
LighteRTZ - ISGaming,CounterTerrorist,2412.604,2025.427,123.0753,P2000,100,0,-57.19702,-107.0915,0,False,False,False,218.6719,8.085938
LighteRTZ - ISGaming,CounterTerrorist,2411.604,2021.941,123.0753,P2000,100,0,-16.57611,-112.4431,0,False,False,False,243.9844,6.328125
LighteRTZ - ISGaming,CounterTerrorist,2411.55,2018.122,123.0564,P2000,100,0,5.758529,-128.3874,0,False,False,False,254.5313,4.921875
LighteRTZ - ISGaming,CounterTerrorist,2412.092,2013.827,123.0143,P2000,100,0,23.92021,-142.5719,0,False,False,False,254.5313,4.921875
LighteRTZ - ISGaming,CounterTerrorist,2413.146,2009.132,123.0302,P2000,100,0,39.30564,-154.5882,0,False,False,False,254.5313,4.921875
LighteRTZ - ISGaming,CounterTerrorist,2414.634,2004.099,123.0476,P2000,100,0,52.33921,-164.7676,0,False,False,False,254.5313,4.921875
LighteRTZ - ISGaming,CounterTerrorist,2416.49,1998.777,123.0634,P2000,100,0,63.38042,-173.3909,0,False,False,False,254.5313,4.921875
LighteRTZ - ISGaming,CounterTerrorist,2418.695,1993.262,123.0572,P2000,100,0,77.60528,-174.4859,0,False,False,False,254.5313,4.921875
LighteRTZ - ISGaming,CounterTerrorist,2421.551,1988.155,123.0184,P2000,100,0,93.1824,-155.481,0,False,False,False,254.5313,4.921875
LighteRTZ - ISGaming,CounterTerrorist,2424.179,1983.769,122.9778,P2000,100,0,78.93826,-131.7137,0,False,False,False,254.5313,4.921875
LighteRTZ - ISGaming,CounterTerrorist,2426.405,1980.055,123.0649,P2000,100,0,66.87152,-111.5795,0,False,False,False,253.4766,4.921875
LighteRTZ - ISGaming,CounterTerrorist,2428.291,1976.908,123.2223,P2000,100,0,56.64934,-94.52312,0,False,False,False,252.0703,4.570313
LighteRTZ - ISGaming,CounterTerrorist,2429.889,1974.242,123.3556,P2000,100,0,47.98974,-80.07403,0,False,False,False,251.7188,4.570313
LighteRTZ - ISGaming,CounterTerrorist,2431.242,1971.984,123.4474,P2000,100,0,40.65388,-67.83367,0,False,False,False,251.3672,4.570313
LighteRTZ - ISGaming,CounterTerrorist,2432.382,1970.082,123.5214,P2000,100,0,33.97104,-56.68291,0,False,False,False,251.0156,4.921875
LighteRTZ - ISGaming,CounterTerrorist,2433.313,1968.528,123.5681,P2000,100,0,27.2882,-45.53215,0,False,False,False,250.6641,4.921875
LighteRTZ - ISGaming,CounterTerrorist,2434.035,1967.323,123.6184,P2000,100,0,20.60535,-34.38138,0,False,False,False,250.3125,4.921875
LighteRTZ - ISGaming,CounterTerrorist,2434.549,1966.466,123.6551,P2000,100,0,13.9225,-23.23061,0,False,False,False,250.3125,4.921875
LighteRTZ - ISGaming,CounterTerrorist,2434.854,1965.958,123.6738,P2000,100,0,7.23966,-12.07985,0,False,False,False,250.3125,4.921875
LighteRTZ - ISGaming,CounterTerrorist,2434.949,1965.799,123.6738,P2000,100,0,0.5568151,-0.9290826,0,False,False,False,250.3125,4.921875
LighteRTZ - ISGaming,CounterTerrorist,2434.949,1965.799,123.6738,P2000,100,0,0,0,0,False,False,False,250.3125,4.921875
LighteRTZ - ISGaming,CounterTerrorist,2434.949,1965.799,123.6738,P2000,100,0,0,0,0,False,False,False,250.3125,4.921875
LighteRTZ - ISGaming,CounterTerrorist,2434.949,1965.799,123.6738,P2000,100,0,0,0,0,False,False,False,250.3125,4.921875
LighteRTZ - ISGaming,CounterTerrorist,2434.949,1965.799,123.6738,P2000,100,0,0,0,0,False,False,False,250.3125,4.921875
LighteRTZ - ISGaming,CounterTerrorist,2434.949,1965.799,123.6738,P2000,100,0,0,0,0,False,False,False,250.3125,4.921875
LighteRTZ - ISGaming,CounterTerrorist,2434.949,1965.799,123.6738,P2000,100,0,0,0,0,False,False,False,250.3125,4.921875
LighteRTZ - ISGaming,CounterTerrorist,2434.949,1965.799,123.6738,P2000,100,0,0,0,0,False,False,False,250.3125,4.921875
LighteRTZ - ISGaming,CounterTerrorist,2434.949,1965.799,123.6738,P2000,100,0,0,0,0,False,False,False,250.3125,4.921875
LighteRTZ - ISGaming,CounterTerrorist,2434.949,1965.799,123.6738,P2000,100,0,0,0,0,False,False,False,250.3125,4.921875
LighteRTZ - ISGaming,CounterTerrorist,2434.949,1965.799,123.6738,P2000,100,0,0,0,0,False,False,False,250.3125,4.921875
LighteRTZ - ISGaming,CounterTerrorist,2434.949,1965.799,123.6738,P2000,100,0,0,0,0,False,False,False,250.3125,4.921875
LighteRTZ - ISGaming,CounterTerrorist,2434.949,1965.799,123.6738,P2000,100,0,0,0,0,False,False,False,250.3125,4.921875
LighteRTZ - ISGaming,CounterTerrorist,2434.949,1965.799,123.6738,P2000,100,0,0,0,0,False,False,False,250.3125,4.921875
LighteRTZ - ISGaming,CounterTerrorist,2434.949,1965.799,123.6738,P2000,100,0,0,0,0,False,False,False,250.3125,4.921875
LighteRTZ - ISGaming,CounterTerrorist,2434.949,1965.799,123.6738,P2000,100,0,0,0,0,False,False,False,250.3125,4.921875
LighteRTZ - ISGaming,CounterTerrorist,2434.949,1965.799,123.6738,P2000,100,0,0,0,0,False,False,False,250.3125,4.921875
LighteRTZ - ISGaming,CounterTerrorist,2434.949,1965.799,123.6738,P2000,100,0,0,0,0,False,False,False,250.3125,4.921875
LighteRTZ - ISGaming,CounterTerrorist,2434.949,1965.799,123.6738,P2000,100,0,0,0,0,False,False,False,250.3125,4.921875
LighteRTZ - ISGaming,CounterTerrorist,2434.949,1965.799,123.6738,P2000,100,0,0,0,0,False,False,False,250.3125,4.921875
LighteRTZ - ISGaming,CounterTerrorist,2434.949,1965.799,123.6738,P2000,100,0,0,0,0,False,False,False,250.3125,4.921875
LighteRTZ - ISGaming,CounterTerrorist,2434.949,1965.799,123.6738,P2000,100,0,0,0,0,False,False,False,250.3125,4.921875
LighteRTZ - ISGaming,CounterTerrorist,2434.949,1965.799,123.6738,P2000,100,0,0,0,0,False,False,False,250.3125,4.921875
LighteRTZ - ISGaming,CounterTerrorist,2434.949,1965.799,123.6738,P2000,100,0,0,0,0,False,False,False,250.3125,4.921875
LighteRTZ - ISGaming,CounterTerrorist,2434.949,1965.799,123.6738,P2000,100,0,0,0,0,False,False,False,250.3125,4.921875
LighteRTZ - ISGaming,CounterTerrorist,2434.949,1965.799,123.6738,P2000,100,0,0,0,0,False,False,False,250.3125,4.921875
LighteRTZ - ISGaming,CounterTerrorist,2434.949,1965.799,123.6738,P250,100,0,0,0,0,False,False,False,250.3125,4.921875
LighteRTZ - ISGaming,CounterTerrorist,2434.949,1965.799,123.6738,P250,100,0,0,0,0,False,False,False,250.3125,4.921875
LighteRTZ - ISGaming,CounterTerrorist,2434.949,1965.799,123.6738,P250,100,0,0,0,0,False,False,False,250.3125,4.921875
LighteRTZ - ISGaming,CounterTerrorist,2434.949,1965.799,123.6738,P250,100,0,0,0,0,False,False,False,250.3125,4.921875
LighteRTZ - ISGaming,CounterTerrorist,2434.949,1965.799,123.6738,P250,100,0,0,0,0,False,False,False,256.2891,6.328125
LighteRTZ - ISGaming,CounterTerrorist,2434.949,1965.799,123.6738,P250,100,0,0,0,0,False,False,False,256.2891,6.328125
LighteRTZ - ISGaming,CounterTerrorist,2434.949,1965.799,123.6738,P250,100,0,0,0,0,False,False,False,256.2891,6.328125
LighteRTZ - ISGaming,CounterTerrorist,2434.949,1965.799,123.6738,P250,100,0,0,0,0,False,False,False,255.9375,6.328125
LighteRTZ - ISGaming,CounterTerrorist,2434.949,1965.799,123.6738,P250,100,0,0,0,0,False,False,False,255.5859,6.328125
LighteRTZ - ISGaming,CounterTerrorist,2434.949,1965.799,123.6738,P250,100,0,0,0,0,False,False,False,254.8828,6.328125
LighteRTZ - ISGaming,CounterTerrorist,2434.949,1965.799,123.6738,P250,100,0,0,0,0,False,False,False,254.5313,6.328125
LighteRTZ - ISGaming,CounterTerrorist,2434.928,1965.721,123.6738,P250,100,0,-2.76513,-9.934875,0,False,False,False,254.5313,6.679688
LighteRTZ - ISGaming,CounterTerrorist,2434.684,1964.846,123.6738,Knife,100,0,-10.80076,-38.80622,0,False,False,False,254.5313,6.679688
LighteRTZ - ISGaming,CounterTerrorist,2434.19,1963.07,123.6691,Knife,100,0,-18.84693,-67.67464,0,False,False,False,254.5313,6.679688
LighteRTZ - ISGaming,CounterTerrorist,2433.445,1960.399,123.6504,Knife,100,0,-26.75831,-95.83206,0,False,False,False,254.1797,6.328125
LighteRTZ - ISGaming,CounterTerrorist,2432.471,1956.921,123.6757,Knife,100,0,-33.70687,-120.0668,0,False,False,False,254.1797,6.328125
LighteRTZ - ISGaming,CounterTerrorist,2431.296,1952.76,123.7278,Knife,100,0,-39.81995,-140.5319,0,False,False,False,253.8281,5.976563
LighteRTZ - ISGaming,CounterTerrorist,2429.948,1948.023,123.7873,Knife,100,0,-45.04569,-157.8549,0,False,False,False,253.8281,5.976563
LighteRTZ - ISGaming,CounterTerrorist,2428.452,1942.798,123.7427,Knife,100,0,-49.47261,-172.5299,0,False,False,False,253.8281,5.976563
LighteRTZ - ISGaming,CounterTerrorist,2426.831,1937.158,123.6913,Knife,100,0,-53.22281,-184.9616,0,False,False,False,253.8281,5.976563
LighteRTZ - ISGaming,CounterTerrorist,2425.104,1931.168,123.6364,Knife,100,0,-56.39974,-195.493,0,False,False,False,253.8281,5.976563
LighteRTZ - ISGaming,CounterTerrorist,2423.288,1924.881,123.5784,Knife,100,0,-59.09105,-204.4145,0,False,False,False,253.8281,5.976563
LighteRTZ - ISGaming,CounterTerrorist,2421.396,1918.342,123.5179,Knife,100,0,-61.39192,-211.9661,0,False,False,False,253.4766,6.328125
LighteRTZ - ISGaming,CounterTerrorist,2419.435,1911.592,123.455,Knife,100,0,-63.50689,-218.3145,0,False,False,False,253.4766,7.03125
LighteRTZ - ISGaming,CounterTerrorist,2417.419,1904.661,123.4523,Knife,100,0,-64.98746,-223.7833,0,False,False,False,254.1797,7.382813
LighteRTZ - ISGaming,CounterTerrorist,2415.371,1897.573,123.7151,Knife,100,0,-65.85899,-228.5244,0,False,False,False,254.5313,7.382813
LighteRTZ - ISGaming,CounterTerrorist,2413.299,1890.352,123.9838,Knife,100,0,-66.55042,-232.5539,0,False,False,False,254.5313,7.382813
LighteRTZ - ISGaming,CounterTerrorist,2411.207,1883.016,124.3082,Knife,100,0,-67.14668,-235.9645,0,False,False,False,254.5313,7.382813
LighteRTZ - ISGaming,CounterTerrorist,2409.097,1875.585,124.721,Knife,100,0,-67.72053,-238.8346,0,False,False,False,254.5313,7.382813
LighteRTZ - ISGaming,CounterTerrorist,2406.973,1868.08,125.138,Knife,100,0,-68.00314,-240.5734,0,False,False,False,254.5313,7.03125
LighteRTZ - ISGaming,CounterTerrorist,2404.858,1860.559,125.5558,Knife,100,0,-67.39169,-240.7454,0,False,False,False,255.5859,7.03125
LighteRTZ - ISGaming,CounterTerrorist,2402.79,1853.025,125.8862,Knife,100,0,-65.1992,-241.3484,0,False,False,False,258.75,6.679688
LighteRTZ - ISGaming,CounterTerrorist,2400.364,1845.679,126.3642,Knife,100,0,-85.92264,-230.2683,0,False,False,False,261.5625,6.679688
LighteRTZ - ISGaming,CounterTerrorist,2397.678,1838.483,135.3133,Knife,100,0,-85.92264,-230.2683,273.8684,False,False,False,261.2109,7.03125
LighteRTZ - ISGaming,CounterTerrorist,2394.993,1831.288,143.4811,Knife,100,0,-85.92264,-230.2683,248.8684,False,False,False,256.6406,7.734375
LighteRTZ - ISGaming,CounterTerrorist,2391.874,1824.219,150.8676,Knife,100,0,-109.0736,-223.1785,223.8684,False,False,False,251.0156,8.085938
LighteRTZ - ISGaming,CounterTerrorist,2388.004,1817.431,157.4729,Knife,100,0,-131.8709,-213.6352,198.8684,False,False,False,245.0391,8.4375
LighteRTZ - ISGaming,CounterTerrorist,2383.641,1810.875,163.2969,Knife,100,0,-143.4591,-207.8057,173.8684,False,False,False,242.2266,8.4375
LighteRTZ - ISGaming,CounterTerrorist,2379.092,1804.416,168.3397,Knife,100,0,-145.9327,-206.4765,148.8684,False,False,False,241.5234,8.4375
LighteRTZ - ISGaming,CounterTerrorist,2374.563,1797.947,172.6012,Knife,100,0,-141.8955,-208.61,123.8684,False,False,False,242.2266,8.4375
LighteRTZ - ISGaming,CounterTerrorist,2370.454,1791.264,176.0815,Knife,100,0,-125.1016,-216.953,98.86838,False,False,False,244.6875,8.4375
LighteRTZ - ISGaming,CounterTerrorist,2366.893,1784.333,178.7806,Knife,100,0,-107.1206,-224.6141,73.86838,False,False,False,248.2031,8.4375
LighteRTZ - ISGaming,CounterTerrorist,2363.918,1777.181,180.6983,Knife,100,0,-87.89583,-231.303,48.86838,False,False,False,252.0703,8.085938
LighteRTZ - ISGaming,CounterTerrorist,2361.567,1769.839,181.8349,Knife,100,0,-67.47868,-236.9479,23.86838,False,False,False,255.5859,8.085938
LighteRTZ - ISGaming,CounterTerrorist,2359.624,1762.396,182.1902,Knife,100,0,-62.19476,-238.1893,-1.131622,False,False,False,258.3984,7.734375
LighteRTZ - ISGaming,CounterTerrorist,2357.681,1754.953,181.7642,Knife,100,0,-62.19476,-238.1893,-26.13162,False,False,False,259.4531,7.734375
LighteRTZ - ISGaming,CounterTerrorist,2355.737,1747.509,180.557,Knife,100,0,-62.19476,-238.1893,-51.13162,False,False,False,259.8047,7.734375
LighteRTZ - ISGaming,CounterTerrorist,2353.794,1740.066,178.5685,Knife,100,0,-62.19476,-238.1893,-76.13162,False,False,False,259.8047,7.382813
LighteRTZ - ISGaming,CounterTerrorist,2351.851,1732.623,175.7988,Knife,100,0,-62.19476,-238.1893,-101.1316,False,False,False,260.5078,7.382813
LighteRTZ - ISGaming,CounterTerrorist,2349.907,1725.179,172.2478,Knife,100,0,-62.19476,-238.1893,-126.1316,False,False,False,261.2109,7.03125
LighteRTZ - ISGaming,CounterTerrorist,2347.964,1717.736,167.9156,Knife,100,0,-62.19476,-238.1893,-151.1316,False,False,False,261.5625,7.03125
LighteRTZ - ISGaming,CounterTerrorist,2346.021,1710.293,162.8022,Knife,100,0,-62.19476,-238.1893,-176.1316,False,False,False,262.9688,6.679688
LighteRTZ - ISGaming,CounterTerrorist,2344.333,1703.659,160.0313,Knife,100,0,-50.01525,-206.1229,0,False,False,False,265.7813,6.328125
LighteRTZ - ISGaming,CounterTerrorist,2342.891,1697.04,160.0313,Knife,100,0,-43.57737,-215.0087,0,False,False,False,269.6484,5.976563
LighteRTZ - ISGaming,CounterTerrorist,2341.698,1690.172,160.0313,Knife,100,0,-34.6126,-222.485,0,False,False,False,275.2734,5.976563
LighteRTZ - ISGaming,CounterTerrorist,2340.83,1683.099,160.0313,Knife,100,0,-23.40567,-228.4463,0,False,False,False,280.1953,5.625
LighteRTZ - ISGaming,CounterTerrorist,2340.348,1675.87,160.0313,Knife,100,0,-10.39174,-232.8151,0,False,False,False,285.4688,5.625
LighteRTZ - ISGaming,CounterTerrorist,2340.291,1668.534,160.0313,Knife,100,0,3.405718,-235.7505,0,False,False,False,288.9844,5.273438
LighteRTZ - ISGaming,CounterTerrorist,2340.673,1661.132,160.0313,Knife,100,0,17.5735,-237.3625,0,False,False,False,292.5,4.921875
LighteRTZ - ISGaming,CounterTerrorist,2340.881,1653.685,160.0313,Knife,100,0,0.6792533,-238.9155,0,False,False,False,295.3125,4.570313
LighteRTZ - ISGaming,CounterTerrorist,2340.648,1646.182,160.0313,Knife,100,0,-11.87046,-240.848,0,False,False,False,298.125,4.570313
LighteRTZ - ISGaming,CounterTerrorist,2340.092,1638.615,160.0313,Knife,100,0,-20.9374,-242.9569,0,False,False,False,300.2344,4.21875
LighteRTZ - ISGaming,CounterTerrorist,2339.311,1630.98,160.0313,Knife,100,0,-27.0859,-245.1396,0,False,False,False,302.3438,3.867188
LighteRTZ - ISGaming,CounterTerrorist,2338.386,1623.276,160.0313,Knife,100,0,-30.79928,-247.3148,0,False,False,False,304.4531,3.867188
LighteRTZ - ISGaming,CounterTerrorist,2337.392,1615.529,160.0313,Knife,100,0,-32.13052,-247.9267,0,False,False,False,306.9141,3.515625
LighteRTZ - ISGaming,CounterTerrorist,2336.395,1607.78,160.0313,Knife,100,0,-31.53848,-248.0027,0,False,False,False,309.375,3.515625
LighteRTZ - ISGaming,CounterTerrorist,2335.446,1600.026,160.0313,Knife,100,0,-29.51632,-248.2514,0,False,False,False,311.4844,3.515625
LighteRTZ - ISGaming,CounterTerrorist,2334.588,1592.261,160.0313,Knife,100,0,-26.01419,-248.6428,0,False,False,False,314.2969,3.515625
LighteRTZ - ISGaming,CounterTerrorist,2333.863,1584.482,160.0313,Knife,100,0,-21.39906,-249.0825,0,False,False,False,316.4063,3.515625
LighteRTZ - ISGaming,CounterTerrorist,2333.633,1576.827,160.0313,Knife,100,0,5.124129,-240.8177,0,False,False,False,318.1641,3.515625
LighteRTZ - ISGaming,CounterTerrorist,2334.385,1569.506,160.0313,Knife,100,0,34.88662,-230.4766,0,False,False,False,319.5703,3.515625
LighteRTZ - ISGaming,CounterTerrorist,2335.987,1562.488,160.0313,Knife,100,0,60.59766,-221.1308,0,False,False,False,320.625,3.515625
LighteRTZ - ISGaming,CounterTerrorist,2338.321,1555.744,160.0313,Knife,100,0,82.74306,-212.7701,0,False,False,False,321.3281,3.515625
LighteRTZ - ISGaming,CounterTerrorist,2341.286,1549.242,160.0313,Knife,100,0,101.7726,-205.3515,0,False,False,False,321.6797,3.515625
LighteRTZ - ISGaming,CounterTerrorist,2344.792,1542.956,160.0313,Knife,100,0,118.1519,-198.7372,0,False,False,False,322.3828,3.515625
LighteRTZ - ISGaming,CounterTerrorist,2348.761,1536.857,160.0313,Knife,100,0,131.9696,-193.2077,0,False,False,False,321.6797,3.515625
LighteRTZ - ISGaming,CounterTerrorist,2353.102,1530.892,160.0313,Knife,100,0,142.6181,-189.8101,0,False,False,False,318.1641,3.867188
LighteRTZ - ISGaming,CounterTerrorist,2357.742,1525.153,160.0313,Knife,100,0,152.3688,-170.5365,0,False,False,False,312.1875,3.867188
LighteRTZ - ISGaming,CounterTerrorist,2362.635,1520.599,164.6034,Knife,100,0,157.9909,-141.5785,286.3684,False,False,False,309.7266,4.21875
LighteRTZ - ISGaming,CounterTerrorist,2367.574,1516.176,173.1618,Knife,100,0,158.1545,-141.4409,261.3684,False,False,False,310.0781,4.570313
LighteRTZ - ISGaming,CounterTerrorist,2372.631,1511.857,180.939,Knife,100,0,164.8825,-135.4599,236.3684,False,False,False,312.5391,4.921875
LighteRTZ - ISGaming,CounterTerrorist,2377.952,1507.788,187.9349,Knife,100,0,173.9344,-126.5048,211.3684,False,False,False,316.0547,5.273438
LighteRTZ - ISGaming,CounterTerrorist,2383.536,1503.996,194.1496,Knife,100,0,181.2368,-118.4514,186.3684,False,False,False,318.8672,5.625
LighteRTZ - ISGaming,CounterTerrorist,2389.324,1500.444,199.583,Knife,100,0,187.3629,-111.0236,161.3684,False,False,False,321.3281,5.976563
LighteRTZ - ISGaming,CounterTerrorist,2395.284,1497.111,204.2351,Knife,100,0,192.4146,-104.3602,136.3684,False,False,False,323.7891,5.976563
LighteRTZ - ISGaming,CounterTerrorist,2401.403,1494.001,208.106,Knife,100,0,197.7189,-96.73073,111.3684,False,False,False,325.8984,6.328125
LighteRTZ - ISGaming,CounterTerrorist,2407.67,1491.116,211.1957,Knife,100,0,202.146,-89.79325,86.36838,False,False,False,328.3594,6.328125
LighteRTZ - ISGaming,CounterTerrorist,2414.062,1488.434,213.5041,Knife,100,0,205.7824,-83.63612,61.36838,False,False,False,330.1172,6.328125
LighteRTZ - ISGaming,CounterTerrorist,2420.561,1485.945,215.0313,Knife,100,0,209.2317,-77.33706,36.36838,False,False,False,331.875,6.328125
LighteRTZ - ISGaming,CounterTerrorist,2427.154,1483.634,215.7772,Knife,100,0,211.9949,-71.91726,11.36838,False,False,False,333.6328,6.328125
LighteRTZ - ISGaming,CounterTerrorist,2433.829,1481.49,215.7419,Knife,100,0,214.4302,-66.8161,-13.63162,False,False,False,335.0391,6.328125
LighteRTZ - ISGaming,CounterTerrorist,2440.56,1479.468,214.9253,Knife,100,0,215.9285,-63.51234,-38.63162,False,False,False,335.7422,5.976563
LighteRTZ - ISGaming,CounterTerrorist,2447.323,1477.519,213.3274,Knife,100,0,216.6603,-61.84941,-63.63162,False,False,False,336.4453,5.976563
LighteRTZ - ISGaming,CounterTerrorist,2454.099,1475.598,210.9483,Knife,100,0,216.8415,-61.43258,-88.63162,False,False,False,336.4453,5.976563
LighteRTZ - ISGaming,CounterTerrorist,2460.875,1473.678,207.788,Knife,100,0,216.8415,-61.43258,-113.6316,False,False,False,336.4453,5.976563
LighteRTZ - ISGaming,CounterTerrorist,2467.432,1471.255,203.8464,Knife,100,0,198.0655,-104.3828,-138.6316,False,False,False,336.0938,5.625
LighteRTZ - ISGaming,CounterTerrorist,2473.396,1467.486,199.1236,Knife,100,0,189.2136,-124.0269,-163.6316,False,False,False,334.3359,5.625
LighteRTZ - ISGaming,CounterTerrorist,2479.17,1463.346,193.6195,Knife,100,0,183.8614,-134.1413,-188.6316,False,False,False,328.3594,5.625
LighteRTZ - ISGaming,CounterTerrorist,2484.916,1459.155,187.3341,Knife,100,0,183.8614,-134.1413,-213.6316,False,False,False,318.5156,5.273438
LighteRTZ - ISGaming,CounterTerrorist,2490.662,1454.963,180.2675,Knife,100,0,183.8614,-134.1413,-238.6316,False,False,False,308.3203,5.273438
LighteRTZ - ISGaming,CounterTerrorist,2496.408,1450.771,172.4197,Knife,100,0,183.8614,-134.1413,-263.6316,False,False,False,297.7734,4.921875
LighteRTZ - ISGaming,CounterTerrorist,2502.155,1446.579,163.7906,Knife,100,0,183.8614,-134.1413,-288.6316,False,False,False,290.3906,4.21875
LighteRTZ - ISGaming,CounterTerrorist,2506.939,1442.801,160.0313,Knife,100,0,139.9244,-122.1429,0,False,False,False,285.4688,3.867188
LighteRTZ - ISGaming,CounterTerrorist,2511.089,1438.577,160.0313,Knife,100,0,128.6258,-142.6118,0,False,False,False,284.0625,3.867188
LighteRTZ - ISGaming,CounterTerrorist,2514.912,1433.773,160.0313,Knife,100,0,118.7853,-160.0209,0,False,False,False,284.0625,3.867188
LighteRTZ - ISGaming,CounterTerrorist,2518.458,1428.479,160.0313,Knife,100,0,110.449,-174.7687,0,False,False,False,284.0625,3.867188
LighteRTZ - ISGaming,CounterTerrorist,2521.768,1422.768,160.0313,Knife,100,0,103.3765,-187.2648,0,False,False,False,284.0625,3.867188
LighteRTZ - ISGaming,CounterTerrorist,2524.875,1416.704,160.0313,Knife,100,0,97.12055,-197.9157,0,False,False,False,283.3594,4.21875
LighteRTZ - ISGaming,CounterTerrorist,2527.797,1410.337,160.0313,Knife,100,0,91.37009,-207.0453,0,False,False,False,282.6563,4.21875
LighteRTZ - ISGaming,CounterTerrorist,2530.546,1403.711,160.0313,Knife,100,0,86.01796,-214.8874,0,False,False,False,281.9531,4.21875
LighteRTZ - ISGaming,CounterTerrorist,2533.137,1396.862,160.0313,Knife,100,0,81.10227,-221.612,0,False,False,False,281.6016,4.21875
LighteRTZ - ISGaming,CounterTerrorist,2535.583,1389.822,160.0313,Knife,100,0,76.62679,-227.3722,0,False,False,False,281.25,4.570313
LighteRTZ - ISGaming,CounterTerrorist,2537.899,1382.618,160.0313,Knife,100,0,72.65725,-232.2872,0,False,False,False,280.8984,4.570313
LighteRTZ - ISGaming,CounterTerrorist,2540.102,1375.276,160.0313,Knife,100,0,69.28502,-236.4528,0,False,False,False,280.8984,4.570313
LighteRTZ - ISGaming,CounterTerrorist,2542.215,1367.818,160.0313,Knife,100,0,66.72964,-239.9211,0,False,False,False,281.9531,4.570313
LighteRTZ - ISGaming,CounterTerrorist,2544.269,1360.283,160.0313,Knife,100,0,65.30296,-241.3204,0,False,False,False,283.7109,4.570313
LighteRTZ - ISGaming,CounterTerrorist,2546.304,1352.74,160.0313,Knife,100,0,65.12621,-241.3681,0,False,False,False,285.1172,4.921875
LighteRTZ - ISGaming,CounterTerrorist,2548.339,1345.197,168.9803,P250,100,0,65.12621,-241.3681,273.8684,False,False,False,282.6563,5.976563
LighteRTZ - ISGaming,CounterTerrorist,2550.375,1337.654,177.1481,P250,100,0,65.12621,-241.3681,248.8684,False,False,False,273.1641,7.382813
LighteRTZ - ISGaming,CounterTerrorist,2552.41,1330.111,184.5346,P250,100,0,65.12621,-241.3681,223.8684,False,False,False,256.9922,8.4375
LighteRTZ - ISGaming,CounterTerrorist,2554.445,1322.568,191.1399,P250,100,0,65.12621,-241.3681,198.8684,False,False,False,241.1719,9.140625
LighteRTZ - ISGaming,CounterTerrorist,2556.48,1315.026,196.9639,P250,100,0,65.12621,-241.3681,173.8684,False,False,False,226.0547,8.789063
LighteRTZ - ISGaming,CounterTerrorist,2558.515,1307.483,202.0067,P250,100,0,65.12621,-241.3681,148.8684,False,False,False,217.6172,8.4375
LighteRTZ - ISGaming,CounterTerrorist,2560.55,1299.94,206.2682,P250,100,0,65.12621,-241.3681,123.8684,False,False,False,216.9141,8.085938
LighteRTZ - ISGaming,CounterTerrorist,2562.585,1292.397,209.7485,P250,100,0,65.12621,-241.3681,98.86838,False,False,False,216.9141,8.085938
LighteRTZ - ISGaming,CounterTerrorist,2564.621,1284.854,212.4476,P250,100,0,65.12621,-241.3681,73.86838,False,False,False,216.9141,8.085938
LighteRTZ - ISGaming,CounterTerrorist,2566.656,1277.311,214.3654,P250,100,0,65.12621,-241.3681,48.86838,False,False,False,216.9141,8.085938
LighteRTZ - ISGaming,CounterTerrorist,2568.691,1269.768,215.5019,P250,100,0,65.12621,-241.3681,23.86838,False,False,False,216.9141,8.085938
LighteRTZ - ISGaming,CounterTerrorist,2570.726,1262.225,215.8572,P250,100,0,65.12621,-241.3681,-1.131622,False,False,False,216.9141,8.085938
LighteRTZ - ISGaming,CounterTerrorist,2572.761,1254.682,215.4312,P250,100,0,65.12621,-241.3681,-26.13162,False,False,False,216.9141,8.085938
LighteRTZ - ISGaming,CounterTerrorist,2574.796,1247.139,214.224,P250,100,0,65.12621,-241.3681,-51.13162,False,False,False,216.5625,7.734375
LighteRTZ - ISGaming,CounterTerrorist,2576.832,1239.596,212.2355,P250,100,0,65.12621,-241.3681,-76.13162,False,False,False,214.8047,7.734375
LighteRTZ - ISGaming,CounterTerrorist,2578.867,1232.053,209.4658,P250,100,0,65.12621,-241.3681,-101.1316,False,False,False,212.6953,7.734375
LighteRTZ - ISGaming,CounterTerrorist,2580.902,1224.51,205.9149,P250,100,0,65.12621,-241.3681,-126.1316,False,False,False,208.4766,7.734375
LighteRTZ - ISGaming,CounterTerrorist,2582.937,1216.967,201.5826,P250,100,0,65.12621,-241.3681,-151.1316,False,False,False,204.6094,7.03125
LighteRTZ - ISGaming,CounterTerrorist,2584.972,1209.424,196.4692,P250,100,0,65.12621,-241.3681,-176.1316,False,False,False,200.7422,6.328125
LighteRTZ - ISGaming,CounterTerrorist,2587.007,1201.881,190.5745,P250,100,0,65.12621,-241.3681,-201.1316,False,False,False,197.5781,5.625
LighteRTZ - ISGaming,CounterTerrorist,2589.042,1194.338,183.8985,P250,100,0,65.12621,-241.3681,-226.1316,False,False,False,195.4688,4.921875
LighteRTZ - ISGaming,CounterTerrorist,2591.078,1186.795,176.4413,P250,100,0,65.12621,-241.3681,-251.1316,False,False,False,193.711,4.21875
LighteRTZ - ISGaming,CounterTerrorist,2593.113,1179.252,168.2028,P250,100,0,65.12621,-241.3681,-276.1316,False,False,False,191.9531,3.515625
LighteRTZ - ISGaming,CounterTerrorist,2594.997,1172.269,160.0313,P250,100,0,45.7777,-169.6595,0,False,False,False,190.8984,2.8125
LighteRTZ - ISGaming,CounterTerrorist,2596.927,1167.048,160.0313,P250,100,0,70.79997,-165.644,0,False,False,False,190.5469,2.109375
LighteRTZ - ISGaming,CounterTerrorist,2599.56,1161.937,160.0313,P250,100,0,91.88962,-162.3985,0,False,False,False,190.1953,1.757813
LighteRTZ - ISGaming,CounterTerrorist,2602.785,1156.913,160.0313,P250,100,0,109.6082,-159.8605,0,False,False,False,189.8437,1.40625
LighteRTZ - ISGaming,CounterTerrorist,2606.543,1152.688,160.0313,P250,100,0,122.9685,-115.9158,0,False,False,False,189.1406,0.703125
LighteRTZ - ISGaming,CounterTerrorist,2609.889,1150.182,160.0313,P250,100,0,98.07171,-59.87528,0,False,False,False,188.789,0.3515625
LighteRTZ - ISGaming,CounterTerrorist,2612.536,1149.258,160.0313,P250,100,0,77.12437,-12.37863,0,False,False,False,188.789,359.6484
LighteRTZ - ISGaming,CounterTerrorist,2614.573,1149.672,160.0313,P250,100,0,58.10529,27.6662,0,False,False,False,188.4375,359.6484
LighteRTZ - ISGaming,CounterTerrorist,2616.06,1151.193,160.0313,P250,100,0,41.83204,60.58698,0,False,False,False,188.4375,359.6484
LighteRTZ - ISGaming,CounterTerrorist,2617.12,1153.66,160.0313,P250,100,0,29.5329,89.45586,0,False,False,False,188.4375,359.6484
LighteRTZ - ISGaming,CounterTerrorist,2617.839,1156.947,160.0313,P250,100,0,19.27649,114.1579,0,False,False,False,188.4375,359.6484
LighteRTZ - ISGaming,CounterTerrorist,2618.268,1160.932,160.0313,P250,100,0,10.59829,135.0854,0,False,False,False,188.4375,359.6484
LighteRTZ - ISGaming,CounterTerrorist,2618.488,1165.271,160.0313,P250,100,0,6.244961,132.8316,0,False,False,False,188.4375,359.6484
LighteRTZ - ISGaming,CounterTerrorist,2618.699,1168.781,160.0313,P250,100,0,8.239617,92.53685,0,False,False,False,188.4375,0
LighteRTZ - ISGaming,CounterTerrorist,2619.551,1170.925,160.0313,P250,100,0,37.93285,54.80948,0,False,False,False,188.4375,0
LighteRTZ - ISGaming,CounterTerrorist,2621.209,1171.977,160.0313,P250,100,0,61.455,21.74929,0,False,False,False,188.4375,0
LighteRTZ - ISGaming,CounterTerrorist,2623.53,1172.12,160.0313,P250,100,0,81.84131,-5.028644,0,False,False,False,188.4375,0
LighteRTZ - ISGaming,CounterTerrorist,2626.458,1171.515,160.0313,P250,100,0,100.3777,-27.5368,0,False,False,False,188.0859,0
LighteRTZ - ISGaming,CounterTerrorist,2629.906,1170.272,160.0313,P250,100,0,115.993,-46.72084,0,False,False,False,187.7344,0.3515625
LighteRTZ - ISGaming,CounterTerrorist,2633.854,1168.889,160.0313,P250,100,0,130.9495,-34.20047,0,False,False,False,187.7344,0.3515625
LighteRTZ - ISGaming,CounterTerrorist,2637.666,1168.633,160.0313,P250,100,0,112.3636,7.705399,0,False,False,False,187.7344,0.3515625
LighteRTZ - ISGaming,CounterTerrorist,2640.729,1169.616,160.0313,P250,100,0,89.87535,44.96594,0,False,False,False,187.7344,0.3515625
LighteRTZ - ISGaming,CounterTerrorist,2643.157,1171.651,160.0313,P250,100,0,70.82472,76.53071,0,False,False,False,187.7344,0.3515625
LighteRTZ - ISGaming,CounterTerrorist,2645.049,1174.575,160.0313,P250,100,0,54.68624,103.2704,0,False,False,False,187.7344,0.3515625
LighteRTZ - ISGaming,CounterTerrorist,2646.561,1177.708,160.0313,P250,100,0,46.49189,86.28905,0,False,False,False,187.7344,0.3515625
LighteRTZ - ISGaming,CounterTerrorist,2647.972,1179.37,160.0313,P250,100,0,44.14578,34.05653,0,False,False,False,187.7344,0.3515625
LighteRTZ - ISGaming,CounterTerrorist,2649.239,1179.528,160.0313,P250,100,0,37.91644,-10.96959,0,False,False,False,187.7344,0.3515625
LighteRTZ - ISGaming,CounterTerrorist,2650.314,1178.504,160.0313,P250,100,0,32.91975,-44.85805,0,False,False,False,187.7344,0.3515625
LighteRTZ - ISGaming,CounterTerrorist,2651.317,1176.518,160.0313,P250,100,0,31.96369,-74.54052,0,False,False,False,187.7344,0.3515625
LighteRTZ - ISGaming,CounterTerrorist,2652.312,1173.729,160.0313,P250,100,0,30.92044,-91.3769,0,False,False,False,187.7344,0
LighteRTZ - ISGaming,CounterTerrorist,2653.119,1171.623,160.0313,P250,100,0,21.97787,-47.381,0,False,False,False,187.7344,0
LighteRTZ - ISGaming,CounterTerrorist,2653.566,1171.154,160.0313,P250,100,0,8.788986,3.624697,0,False,False,False,187.7344,0
LighteRTZ - ISGaming,CounterTerrorist,2653.633,1171.522,160.0313,P250,100,0,0.03943819,15.384,0,False,False,False,187.7344,0
LighteRTZ - ISGaming,CounterTerrorist,2653.584,1172.181,160.0313,P250,100,0,-2.340468,24.54789,0,False,False,False,187.7344,0
LighteRTZ - ISGaming,CounterTerrorist,2653.484,1173.085,160.0313,P250,100,0,-3.218604,28.22706,0,False,False,False,187.7344,0
LighteRTZ - ISGaming,CounterTerrorist,2653.413,1173.715,160.0313,P250,100,0,-1.745817,15.31076,0,False,False,False,187.7344,0
LighteRTZ - ISGaming,CounterTerrorist,2653.387,1173.941,160.0313,P250,100,0,-0.2730291,2.394457,0,False,False,False,187.7344,0.3515625
LighteRTZ - ISGaming,CounterTerrorist,2653.387,1173.941,160.0313,P250,100,0,0,0,0,False,False,False,187.7344,0.3515625
LighteRTZ - ISGaming,CounterTerrorist,2653.425,1173.66,160.0313,P250,100,0,1.716944,-12.47616,0,False,False,False,187.7344,0.3515625
LighteRTZ - ISGaming,CounterTerrorist,2653.504,1173.089,160.0313,P250,100,0,3.014474,-21.72939,0,False,False,False,187.7344,0.3515625
LighteRTZ - ISGaming,CounterTerrorist,2653.624,1172.229,160.0313,P250,100,0,4.326376,-30.9806,0,False,False,False,188.0859,0.3515625
LighteRTZ - ISGaming,CounterTerrorist,2653.785,1171.08,160.0313,P250,100,0,5.650172,-40.23013,0,False,False,False,188.0859,0.3515625
LighteRTZ - ISGaming,CounterTerrorist,2653.982,1169.686,160.0313,P250,100,0,6.199547,-43.94764,0,False,False,False,188.0859,0.703125
LighteRTZ - ISGaming,CounterTerrorist,2654.14,1168.563,160.0313,P250,100,0,4.38366,-31.07509,0,False,False,False,188.0859,0.703125
LighteRTZ - ISGaming,CounterTerrorist,2654.241,1167.844,160.0313,P250,100,0,2.567772,-18.20254,0,False,False,False,188.0859,0.703125
LighteRTZ - ISGaming,CounterTerrorist,2654.237,1167.874,160.0313,P250,100,0,-1.116389,7.842818,0,False,False,False,188.0859,0.703125
LighteRTZ - ISGaming,CounterTerrorist,2654.176,1168.3,160.0313,P250,100,0,-2.433155,17.09332,0,False,False,False,188.0859,0.703125
LighteRTZ - ISGaming,CounterTerrorist,2654.075,1169.015,160.0313,P250,100,0,-3.749921,26.34382,0,False,False,False,188.0859,0.703125
LighteRTZ - ISGaming,CounterTerrorist,2653.969,1169.76,160.0313,P250,100,0,-2.705096,19.00375,0,False,False,False,188.0859,0.703125
LighteRTZ - ISGaming,CounterTerrorist,2653.92,1170.102,160.0313,P250,100,0,-0.8730737,6.133488,0,False,False,False,188.0859,0.703125
LighteRTZ - ISGaming,CounterTerrorist,2653.917,1170.125,160.0313,P250,100,0,0,0,0,False,False,False,188.0859,0.703125
LighteRTZ - ISGaming,CounterTerrorist,2653.917,1170.125,160.0313,P250,100,0,0,0,0,False,False,False,188.0859,0.703125
LighteRTZ - ISGaming,CounterTerrorist,2653.917,1170.125,160.0313,P250,100,0,0,0,0,False,False,False,188.0859,0.703125
LighteRTZ - ISGaming,CounterTerrorist,2653.917,1170.125,160.0313,P250,100,0,0,0,0,False,False,False,188.0859,0.703125
LighteRTZ - ISGaming,CounterTerrorist,2653.917,1170.125,160.0313,P250,100,0,0,0,0,False,False,False,188.0859,0.703125
LighteRTZ - ISGaming,CounterTerrorist,2653.917,1170.125,160.0313,P250,100,0,0,0,0,False,False,False,188.0859,0.703125
LighteRTZ - ISGaming,CounterTerrorist,2653.917,1170.125,160.0313,P250,100,0,0,0,0,False,False,False,188.0859,0.703125
LighteRTZ - ISGaming,CounterTerrorist,2653.917,1170.125,160.0313,P250,100,0,0,0,0,False,False,False,188.0859,0.703125
LighteRTZ - ISGaming,CounterTerrorist,2653.917,1170.125,160.0313,P250,100,0,0,0,0,False,False,False,188.0859,0.703125
LighteRTZ - ISGaming,CounterTerrorist,2653.917,1170.125,160.0313,P250,100,0,0,0,0,False,False,False,188.0859,0.703125
LighteRTZ - ISGaming,CounterTerrorist,2653.917,1170.125,160.0313,P250,100,0,0,0,0,False,False,False,188.0859,0.703125
LighteRTZ - ISGaming,CounterTerrorist,2653.917,1170.125,160.0313,P250,100,0,0,0,0,False,False,False,188.0859,0.703125
LighteRTZ - ISGaming,CounterTerrorist,2653.917,1170.125,160.0313,P250,100,0,0,0,0,False,False,False,188.0859,0.703125
LighteRTZ - ISGaming,CounterTerrorist,2653.917,1170.125,160.0313,P250,100,0,0,0,0,False,False,False,188.0859,0.703125
LighteRTZ - ISGaming,CounterTerrorist,2653.917,1170.125,160.0313,P250,100,0,0,0,0,True,False,False,188.0859,0.703125
LighteRTZ - ISGaming,CounterTerrorist,2653.917,1170.125,160.0313,P250,100,0,0,0,0,True,False,False,188.0859,0.703125
LighteRTZ - ISGaming,CounterTerrorist,2653.917,1170.125,160.0313,P250,100,0,0,0,0,True,False,False,188.0859,0.3515625
LighteRTZ - ISGaming,CounterTerrorist,2653.917,1170.125,160.0313,P250,100,0,0,0,0,True,False,False,188.0859,0
LighteRTZ - ISGaming,CounterTerrorist,2653.917,1170.125,160.0313,P250,100,0,0,0,0,True,False,False,188.0859,359.6484
LighteRTZ - ISGaming,CounterTerrorist,2653.917,1170.125,160.0313,P250,100,0,0,0,0,True,False,False,188.0859,359.6484
LighteRTZ - ISGaming,CounterTerrorist,2653.917,1170.125,160.0313,P250,100,0,0,0,0,False,False,False,188.0859,359.6484
LighteRTZ - ISGaming,CounterTerrorist,2653.917,1170.125,160.0313,P250,100,0,0,0,0,False,False,False,188.0859,359.6484
LighteRTZ - ISGaming,CounterTerrorist,2653.917,1170.125,160.0313,P250,100,0,0,0,0,False,False,False,188.0859,359.6484
LighteRTZ - ISGaming,CounterTerrorist,2653.917,1170.125,160.0313,P250,100,0,0,0,0,False,False,False,188.0859,359.6484
LighteRTZ - ISGaming,CounterTerrorist,2653.917,1170.125,160.0313,P250,100,0,0,0,0,False,False,False,188.0859,359.6484
LighteRTZ - ISGaming,CounterTerrorist,2653.917,1170.125,160.0313,P250,100,0,0,0,0,False,False,False,188.0859,359.6484
LighteRTZ - ISGaming,CounterTerrorist,2653.917,1170.125,160.0313,P250,100,0,0,0,0,False,False,False,188.0859,359.6484
LighteRTZ - ISGaming,CounterTerrorist,2653.917,1170.125,160.0313,P250,100,0,0,0,0,False,False,False,188.0859,359.6484
LighteRTZ - ISGaming,CounterTerrorist,2653.917,1170.125,160.0313,P250,100,0,0,0,0,False,False,False,188.0859,359.6484
LighteRTZ - ISGaming,CounterTerrorist,2653.917,1170.125,160.0313,P250,100,0,0,0,0,False,False,False,188.0859,359.6484
LighteRTZ - ISGaming,CounterTerrorist,2653.917,1170.125,160.0313,P250,100,0,0,0,0,False,False,False,188.0859,359.6484
LighteRTZ - ISGaming,CounterTerrorist,2653.917,1170.125,160.0313,P250,100,0,0,0,0,False,False,False,188.0859,359.6484
LighteRTZ - ISGaming,CounterTerrorist,2653.917,1170.125,160.0313,P250,100,0,0,0,0,False,False,False,188.0859,359.6484
LighteRTZ - ISGaming,CounterTerrorist,2653.917,1170.125,160.0313,P250,100,0,0,0,0,False,False,False,188.0859,359.6484
LighteRTZ - ISGaming,CounterTerrorist,2653.917,1170.125,160.0313,P250,100,0,0,0,0,False,False,False,188.0859,359.6484
LighteRTZ - ISGaming,CounterTerrorist,2653.917,1170.125,160.0313,P250,100,0,0,0,0,False,False,False,188.0859,359.6484
LighteRTZ - ISGaming,CounterTerrorist,2653.917,1170.125,160.0313,P250,100,0,0,0,0,False,False,False,188.0859,359.6484
LighteRTZ - ISGaming,CounterTerrorist,2653.917,1170.125,160.0313,P250,100,0,0,0,0,False,False,False,188.0859,359.6484
LighteRTZ - ISGaming,CounterTerrorist,2653.917,1170.125,160.0313,P250,100,0,0,0,0,False,False,False,188.0859,359.6484
LighteRTZ - ISGaming,CounterTerrorist,2653.917,1170.125,160.0313,P250,100,0,0,0,0,False,False,False,188.0859,359.6484
LighteRTZ - ISGaming,CounterTerrorist,2653.917,1170.125,160.0313,P250,100,0,0,0,0,False,False,False,188.0859,359.6484
LighteRTZ - ISGaming,CounterTerrorist,2653.917,1170.125,160.0313,P250,100,0,0,0,0,False,False,False,188.0859,359.6484
LighteRTZ - ISGaming,CounterTerrorist,2653.917,1170.125,160.0313,P250,100,0,0,0,0,False,False,False,188.0859,359.6484
LighteRTZ - ISGaming,CounterTerrorist,2653.917,1170.125,160.0313,P250,100,0,0,0,0,False,False,False,188.0859,359.6484
LighteRTZ - ISGaming,CounterTerrorist,2653.917,1170.125,160.0313,P250,100,0,0,0,0,False,False,False,188.0859,359.6484
LighteRTZ - ISGaming,CounterTerrorist,2653.917,1170.125,160.0313,P250,100,0,0,0,0,False,False,False,188.0859,359.6484
LighteRTZ - ISGaming,CounterTerrorist,2653.917,1170.125,160.0313,P250,100,0,0,0,0,False,False,False,188.0859,359.6484
LighteRTZ - ISGaming,CounterTerrorist,2653.917,1170.125,160.0313,P250,100,0,0,0,0,False,False,False,188.0859,359.6484
LighteRTZ - ISGaming,CounterTerrorist,2653.917,1170.125,160.0313,P250,100,0,0,0,0,False,False,False,188.0859,359.6484
LighteRTZ - ISGaming,CounterTerrorist,2653.917,1170.125,160.0313,P250,100,0,0,0,0,False,False,False,188.0859,359.6484
LighteRTZ - ISGaming,CounterTerrorist,2653.917,1170.125,160.0313,P250,100,0,0,0,0,False,False,False,188.0859,359.6484
LighteRTZ - ISGaming,CounterTerrorist,2653.917,1170.125,160.0313,P250,100,0,0,0,0,False,False,False,188.0859,359.6484
LighteRTZ - ISGaming,CounterTerrorist,2653.917,1170.125,160.0313,P250,100,0,0,0,0,False,False,False,188.0859,359.6484
LighteRTZ - ISGaming,CounterTerrorist,2653.917,1170.125,160.0313,P250,100,0,0,0,0,False,False,False,188.0859,359.6484
LighteRTZ - ISGaming,CounterTerrorist,2653.917,1170.125,160.0313,P250,100,0,0,0,0,False,False,False,188.0859,359.6484
LighteRTZ - ISGaming,CounterTerrorist,2653.917,1170.125,160.0313,P250,100,0,0,0,0,False,False,False,188.0859,359.6484
LighteRTZ - ISGaming,CounterTerrorist,2653.917,1170.125,160.0313,P250,100,0,0,0,0,False,False,False,188.0859,359.6484
LighteRTZ - ISGaming,CounterTerrorist,2653.917,1170.125,160.0313,P250,100,0,0,0,0,False,False,False,188.0859,359.6484
LighteRTZ - ISGaming,CounterTerrorist,2653.917,1170.125,160.0313,P250,100,0,0,0,0,False,False,False,188.0859,359.6484
LighteRTZ - ISGaming,CounterTerrorist,2653.917,1170.125,160.0313,P250,100,0,0,0,0,False,False,False,188.0859,359.6484
LighteRTZ - ISGaming,CounterTerrorist,2653.917,1170.125,160.0313,P250,100,0,0,0,0,False,False,False,188.0859,359.6484
LighteRTZ - ISGaming,CounterTerrorist,2653.917,1170.125,160.0313,P250,100,0,0,0,0,False,False,False,188.0859,359.6484
LighteRTZ - ISGaming,CounterTerrorist,2653.917,1170.125,160.0313,P250,100,0,0,0,0,False,False,False,188.0859,359.6484
LighteRTZ - ISGaming,CounterTerrorist,2653.917,1170.125,160.0313,P250,100,0,0,0,0,False,False,False,188.0859,359.6484
LighteRTZ - ISGaming,CounterTerrorist,2653.917,1170.125,160.0313,P250,100,0,0,0,0,False,False,False,188.0859,359.6484
LighteRTZ - ISGaming,CounterTerrorist,2653.917,1170.125,160.0313,P250,100,0,0,0,0,False,False,False,188.0859,359.6484
LighteRTZ - ISGaming,CounterTerrorist,2653.917,1170.125,160.0313,P250,100,0,0,0,0,False,False,False,188.0859,359.6484
LighteRTZ - ISGaming,CounterTerrorist,2653.917,1170.125,160.0313,P250,100,0,0,0,0,False,False,False,188.0859,359.6484
LighteRTZ - ISGaming,CounterTerrorist,2653.917,1170.125,160.0313,P250,100,0,0,0,0,False,False,False,188.0859,359.6484
LighteRTZ - ISGaming,CounterTerrorist,2653.917,1170.125,160.0313,P250,100,0,0,0,0,False,False,False,188.0859,359.6484
LighteRTZ - ISGaming,CounterTerrorist,2653.917,1170.125,160.0313,P250,100,0,0,0,0,False,False,False,188.0859,359.6484
LighteRTZ - ISGaming,CounterTerrorist,2653.917,1170.125,160.0313,P250,100,0,0,0,0,False,False,False,188.0859,359.6484
LighteRTZ - ISGaming,CounterTerrorist,2653.917,1170.125,160.0313,P250,100,0,0,0,0,False,False,False,188.0859,359.6484
LighteRTZ - ISGaming,CounterTerrorist,2653.917,1170.125,160.0313,P250,100,0,0,0,0,False,False,False,188.0859,359.6484
LighteRTZ - ISGaming,CounterTerrorist,2653.917,1170.125,160.0313,P250,100,0,0,0,0,False,False,False,188.0859,359.6484
LighteRTZ - ISGaming,CounterTerrorist,2653.917,1170.125,160.0313,P250,100,0,0,0,0,False,False,False,188.0859,359.6484
LighteRTZ - ISGaming,CounterTerrorist,2653.917,1170.125,160.0313,P250,100,0,0,0,0,False,False,False,188.0859,359.6484
LighteRTZ - ISGaming,CounterTerrorist,2653.917,1170.125,160.0313,P250,100,0,0,0,0,False,False,False,188.0859,359.6484
LighteRTZ - ISGaming,CounterTerrorist,2653.917,1170.125,160.0313,P250,100,0,0,0,0,False,False,False,188.0859,359.6484
LighteRTZ - ISGaming,CounterTerrorist,2653.917,1170.125,160.0313,P250,100,0,0,0,0,False,False,False,188.0859,359.6484
LighteRTZ - ISGaming,CounterTerrorist,2653.917,1170.125,160.0313,P250,100,0,0,0,0,False,False,False,188.0859,359.6484
LighteRTZ - ISGaming,CounterTerrorist,2653.917,1170.125,160.0313,P250,100,0,0,0,0,False,False,False,188.0859,359.6484
LighteRTZ - ISGaming,CounterTerrorist,2653.917,1170.125,160.0313,P250,100,0,0,0,0,False,False,False,188.0859,359.6484
LighteRTZ - ISGaming,CounterTerrorist,2653.917,1170.125,160.0313,P250,100,0,0,0,0,False,False,False,188.0859,359.6484
LighteRTZ - ISGaming,CounterTerrorist,2653.917,1170.125,160.0313,P250,100,0,0,0,0,False,False,False,188.0859,359.6484
LighteRTZ - ISGaming,CounterTerrorist,2653.917,1170.125,160.0313,P250,100,0,0,0,0,False,False,False,188.0859,359.6484
LighteRTZ - ISGaming,CounterTerrorist,2653.917,1170.125,160.0313,P250,100,0,0,0,0,False,False,False,188.0859,359.6484
LighteRTZ - ISGaming,CounterTerrorist,2653.917,1170.125,160.0313,P250,100,0,0,0,0,False,False,False,188.0859,359.6484
LighteRTZ - ISGaming,CounterTerrorist,2653.917,1170.125,160.0313,P250,100,0,0,0,0,False,False,False,188.0859,359.6484
LighteRTZ - ISGaming,CounterTerrorist,2653.917,1170.125,160.0313,P250,100,0,0,0,0,False,False,False,188.0859,359.6484
LighteRTZ - ISGaming,CounterTerrorist,2653.917,1170.125,160.0313,P250,100,0,0,0,0,False,False,False,188.0859,359.6484
LighteRTZ - ISGaming,CounterTerrorist,2653.917,1170.125,160.0313,P250,100,0,0,0,0,False,False,False,188.0859,359.6484
LighteRTZ - ISGaming,CounterTerrorist,2653.917,1170.125,160.0313,P250,100,0,0,0,0,False,False,False,188.0859,359.6484
LighteRTZ - ISGaming,CounterTerrorist,2653.917,1170.125,160.0313,P250,100,0,0,0,0,False,False,False,188.0859,359.6484
LighteRTZ - ISGaming,CounterTerrorist,2653.917,1170.125,160.0313,P250,100,0,0,0,0,False,False,False,188.0859,359.6484
LighteRTZ - ISGaming,CounterTerrorist,2653.917,1170.125,160.0313,P250,100,0,0,0,0,False,False,False,188.0859,359.6484
LighteRTZ - ISGaming,CounterTerrorist,2653.917,1170.125,160.0313,P250,100,0,0,0,0,False,False,False,188.0859,359.6484
LighteRTZ - ISGaming,CounterTerrorist,2653.917,1170.125,160.0313,P250,100,0,0,0,0,False,False,False,188.0859,359.6484
LighteRTZ - ISGaming,CounterTerrorist,2653.917,1170.125,160.0313,P250,100,0,0,0,0,False,False,False,188.0859,359.6484
LighteRTZ - ISGaming,CounterTerrorist,2653.917,1170.125,160.0313,P250,100,0,0,0,0,False,False,False,188.0859,359.6484
LighteRTZ - ISGaming,CounterTerrorist,2653.917,1170.125,160.0313,P250,100,0,0,0,0,False,False,False,188.0859,359.6484
LighteRTZ - ISGaming,CounterTerrorist,2653.917,1170.125,160.0313,P250,100,0,0,0,0,False,False,False,188.0859,359.6484
LighteRTZ - ISGaming,CounterTerrorist,2653.917,1170.125,160.0313,P250,100,0,0,0,0,False,False,False,188.0859,359.6484
LighteRTZ - ISGaming,CounterTerrorist,2653.917,1170.125,160.0313,P250,100,0,0,0,0,False,False,False,188.0859,359.6484
LighteRTZ - ISGaming,CounterTerrorist,2653.917,1170.125,160.0313,P250,100,0,0,0,0,False,False,False,188.0859,359.6484
LighteRTZ - ISGaming,CounterTerrorist,2653.917,1170.125,160.0313,P250,100,0,0,0,0,False,False,False,188.0859,359.6484
LighteRTZ - ISGaming,CounterTerrorist,2653.917,1170.125,160.0313,P250,100,0,0,0,0,False,False,False,188.0859,359.6484
LighteRTZ - ISGaming,CounterTerrorist,2653.917,1170.125,160.0313,P250,100,0,0,0,0,False,False,False,188.0859,359.6484
LighteRTZ - ISGaming,CounterTerrorist,2654.048,1170.144,160.0313,P250,100,0,4.811574,0.6799107,0,False,False,False,188.0859,359.6484
LighteRTZ - ISGaming,CounterTerrorist,2654.229,1170.169,160.0313,P250,100,0,6.405117,0.90509,0,False,False,False,188.0859,359.6484
LighteRTZ - ISGaming,CounterTerrorist,2654.461,1170.202,160.0313,P250,100,0,7.998661,1.130269,0,False,False,False,188.0859,359.6484
LighteRTZ - ISGaming,CounterTerrorist,2654.742,1170.242,160.0313,P250,100,0,9.592205,1.355449,0,False,False,False,188.0859,359.6484
LighteRTZ - ISGaming,CounterTerrorist,2654.988,1170.276,160.0313,P250,100,0,3.952916,0.558576,0,False,False,False,188.0859,359.6484
LighteRTZ - ISGaming,CounterTerrorist,2654.988,1170.276,160.0313,P250,100,0,0,0,0,False,False,False,188.0859,359.6484
LighteRTZ - ISGaming,CounterTerrorist,2654.991,1170.248,160.0313,P250,100,0,0.5073459,-3.616935,0,False,False,False,188.0859,359.6484
LighteRTZ - ISGaming,CounterTerrorist,2655.012,1170.104,160.0313,P250,100,0,0.7309035,-5.210705,0,False,False,False,188.0859,359.6484
LighteRTZ - ISGaming,CounterTerrorist,2655.039,1169.91,160.0313,P250,100,0,0.954461,-6.804476,0,False,False,False,188.0859,359.6484
LighteRTZ - ISGaming,CounterTerrorist,2655.061,1169.751,160.0313,P250,100,0,0.1633269,-1.164378,0,False,False,False,188.0859,359.6484
LighteRTZ - ISGaming,CounterTerrorist,2655.061,1169.751,160.0313,P250,100,0,0,0,0,False,False,False,188.0859,359.6484
LighteRTZ - ISGaming,CounterTerrorist,2655.061,1169.751,160.0313,P250,100,0,0,0,0,False,False,False,188.0859,359.6484
LighteRTZ - ISGaming,CounterTerrorist,2655.061,1169.751,160.0313,P250,100,0,0,0,0,False,False,False,188.0859,359.6484
LighteRTZ - ISGaming,CounterTerrorist,2655.061,1169.751,160.0313,P250,100,0,0,0,0,False,False,False,188.0859,359.6484
LighteRTZ - ISGaming,CounterTerrorist,2655.061,1169.751,160.0313,P250,100,0,0,0,0,False,False,False,188.0859,359.6484
LighteRTZ - ISGaming,CounterTerrorist,2655.061,1169.751,160.0313,P250,100,0,0,0,0,False,False,False,188.0859,359.6484
LighteRTZ - ISGaming,CounterTerrorist,2655.061,1169.751,160.0313,P250,100,0,0,0,0,False,False,False,188.0859,359.6484
LighteRTZ - ISGaming,CounterTerrorist,2655.061,1169.751,160.0313,P250,100,0,0,0,0,False,False,False,188.0859,359.6484
LighteRTZ - ISGaming,CounterTerrorist,2655.061,1169.751,160.0313,P250,100,0,0,0,0,False,False,False,188.0859,359.6484
LighteRTZ - ISGaming,CounterTerrorist,2655.002,1169.743,160.0313,P250,100,0,-4.014802,-0.5673209,0,False,False,False,188.0859,359.6484
LighteRTZ - ISGaming,CounterTerrorist,2654.845,1169.721,160.0313,P250,100,0,-5.608346,-0.7925003,0,False,False,False,188.0859,359.6484
LighteRTZ - ISGaming,CounterTerrorist,2654.639,1169.691,160.0313,P250,100,0,-7.200954,-1.024263,0,False,False,False,188.0859,359.6484
LighteRTZ - ISGaming,CounterTerrorist,2654.383,1169.655,160.0313,P250,100,0,-8.794176,-1.251721,0,False,False,False,188.0859,359.6484
LighteRTZ - ISGaming,CounterTerrorist,2654.077,1169.611,160.0313,P250,100,0,-10.38748,-1.478593,0,False,False,False,188.0859,359.6484
LighteRTZ - ISGaming,CounterTerrorist,2653.721,1169.561,160.0313,P250,100,0,-11.98079,-1.705406,0,False,False,False,188.0859,359.6484
LighteRTZ - ISGaming,CounterTerrorist,2653.316,1169.503,160.0313,P250,100,0,-13.57411,-1.93221,0,False,False,False,188.0859,359.6484
LighteRTZ - ISGaming,CounterTerrorist,2652.86,1169.438,160.0313,P250,100,0,-15.16742,-2.159012,0,False,False,False,188.0859,359.6484
LighteRTZ - ISGaming,CounterTerrorist,2652.355,1169.366,160.0313,P250,100,0,-16.76073,-2.385813,0,False,False,False,188.0859,359.6484
LighteRTZ - ISGaming,CounterTerrorist,2651.97,1169.312,160.0313,P250,100,0,-7.506365,-1.068496,0,False,False,False,188.0859,359.6484
LighteRTZ - ISGaming,CounterTerrorist,2651.928,1169.306,160.0313,P250,100,0,0,0,0,False,False,False,188.0859,359.6484
LighteRTZ - ISGaming,CounterTerrorist,2651.928,1169.306,160.0313,P250,100,0,0,0,0,False,False,False,188.0859,359.6484
LighteRTZ - ISGaming,CounterTerrorist,2651.928,1169.306,160.0313,P250,100,0,0,0,0,False,False,False,188.0859,359.6484
LighteRTZ - ISGaming,CounterTerrorist,2651.928,1169.306,160.0313,P250,100,0,0,0,0,False,False,False,187.7344,359.6484
LighteRTZ - ISGaming,CounterTerrorist,2651.928,1169.306,160.0313,P250,100,0,0,0,0,False,False,False,187.7344,359.6484
LighteRTZ - ISGaming,CounterTerrorist,2651.928,1169.306,160.0313,P250,100,0,0,0,0,False,False,False,187.7344,359.6484
LighteRTZ - ISGaming,CounterTerrorist,2651.928,1169.306,160.0313,P250,100,0,0,0,0,False,False,False,187.7344,359.6484
LighteRTZ - ISGaming,CounterTerrorist,2651.928,1169.306,160.0313,P250,100,0,0,0,0,False,False,False,187.7344,359.6484
LighteRTZ - ISGaming,CounterTerrorist,2651.928,1169.306,160.0313,P250,100,0,0,0,0,False,False,False,187.7344,359.6484
LighteRTZ - ISGaming,CounterTerrorist,2651.928,1169.306,160.0313,P250,100,0,0,0,0,False,False,False,188.0859,359.6484
LighteRTZ - ISGaming,CounterTerrorist,2651.928,1169.306,160.0313,P250,100,0,0,0,0,False,False,False,188.0859,359.6484
LighteRTZ - ISGaming,CounterTerrorist,2651.928,1169.306,160.0313,P250,100,0,0,0,0,False,False,False,188.0859,359.6484
LighteRTZ - ISGaming,CounterTerrorist,2651.928,1169.306,160.0313,P250,100,0,0,0,0,False,False,False,188.0859,359.6484
LighteRTZ - ISGaming,CounterTerrorist,2651.834,1169.292,160.0313,P250,100,0,-4.411264,-0.637085,0,False,False,False,188.0859,359.6484
LighteRTZ - ISGaming,CounterTerrorist,2651.665,1169.268,160.0313,P250,100,0,-6.004113,-0.8671281,0,False,False,False,188.0859,359.6484
LighteRTZ - ISGaming,CounterTerrorist,2651.447,1169.236,160.0313,P250,100,0,-7.596961,-1.097171,0,False,False,False,188.0859,359.6484
LighteRTZ - ISGaming,CounterTerrorist,2651.178,1169.197,160.0313,P250,100,0,-9.18981,-1.327214,0,False,False,False,188.0859,359.6484
LighteRTZ - ISGaming,CounterTerrorist,2650.888,1169.155,160.0313,P250,100,0,-7.16782,-1.035194,0,False,False,False,188.0859,359.6484
LighteRTZ - ISGaming,CounterTerrorist,2650.857,1169.151,160.0313,P250,100,0,0,0,0,False,False,False,188.0859,359.6484
LighteRTZ - ISGaming,CounterTerrorist,2650.857,1169.151,160.0313,P250,100,0,0,0,0,False,False,False,188.0859,359.6484
LighteRTZ - ISGaming,CounterTerrorist,2650.857,1169.151,160.0313,P250,100,0,0,0,0,False,False,False,188.0859,359.6484
LighteRTZ - ISGaming,CounterTerrorist,2650.857,1169.151,160.0313,P250,100,0,0,0,0,False,False,False,188.0859,359.6484
LighteRTZ - ISGaming,CounterTerrorist,2650.857,1169.151,160.0313,P250,100,0,0,0,0,False,False,False,188.0859,359.6484
LighteRTZ - ISGaming,CounterTerrorist,2650.857,1169.151,160.0313,P250,100,0,0,0,0,False,False,False,188.0859,359.6484
LighteRTZ - ISGaming,CounterTerrorist,2650.857,1169.151,160.0313,P250,100,0,0,0,0,False,False,False,188.0859,359.6484
LighteRTZ - ISGaming,CounterTerrorist,2650.857,1169.151,160.0313,P250,100,0,0,0,0,False,False,False,188.0859,359.6484
LighteRTZ - ISGaming,CounterTerrorist,2650.857,1169.151,160.0313,P250,100,0,0,0,0,False,False,False,188.0859,359.6484
LighteRTZ - ISGaming,CounterTerrorist,2650.857,1169.151,160.0313,P250,100,0,0,0,0,False,False,False,188.0859,359.6484
LighteRTZ - ISGaming,CounterTerrorist,2650.726,1169.132,160.0313,P250,100,0,-4.809476,-0.6945959,0,False,False,False,188.0859,359.6484
LighteRTZ - ISGaming,CounterTerrorist,2650.544,1169.106,160.0313,P250,100,0,-6.402324,-0.9246389,0,False,False,False,188.0859,359.6484
LighteRTZ - ISGaming,CounterTerrorist,2650.318,1169.094,160.0313,P250,100,0,-7.305566,1.554305,0,False,False,False,188.0859,359.6484
LighteRTZ - ISGaming,CounterTerrorist,2650.096,1169.223,160.0313,P250,100,0,-7.281331,4.977408,0,False,False,False,188.0859,359.6484
LighteRTZ - ISGaming,CounterTerrorist,2649.835,1169.346,160.0313,P250,100,0,-9.340892,1.573037,0,False,False,False,188.0859,359.6484
LighteRTZ - ISGaming,CounterTerrorist,2649.764,1169.358,160.0313,P250,100,0,0,0,0,False,False,False,188.0859,359.6484
LighteRTZ - ISGaming,CounterTerrorist,2649.764,1169.358,160.0313,P250,100,0,0,0,0,False,False,False,188.0859,359.6484
LighteRTZ - ISGaming,CounterTerrorist,2649.764,1169.358,160.0313,P250,100,0,0,0,0,False,False,False,188.0859,359.6484
LighteRTZ - ISGaming,CounterTerrorist,2649.764,1169.358,160.0313,P250,100,0,0,0,0,False,False,False,188.0859,359.6484
LighteRTZ - ISGaming,CounterTerrorist,2649.764,1169.358,160.0313,P250,100,0,0,0,0,False,False,False,188.0859,359.6484
LighteRTZ - ISGaming,CounterTerrorist,2649.764,1169.358,160.0313,P250,100,0,0,0,0,False,False,False,188.0859,359.6484
LighteRTZ - ISGaming,CounterTerrorist,2649.764,1169.358,160.0313,P250,100,0,0,0,0,False,False,False,188.0859,359.6484
LighteRTZ - ISGaming,CounterTerrorist,2649.764,1169.358,160.0313,P250,100,0,0,0,0,False,False,False,188.0859,359.6484
LighteRTZ - ISGaming,CounterTerrorist,2649.67,1169.345,160.0313,P250,100,0,-4.413188,-0.6236157,0,False,False,False,188.0859,359.6484
LighteRTZ - ISGaming,CounterTerrorist,2649.501,1169.321,160.0313,P250,100,0,-6.006732,-0.8487952,0,False,False,False,188.0859,359.6484
LighteRTZ - ISGaming,CounterTerrorist,2649.282,1169.29,160.0313,P250,100,0,-7.600275,-1.073974,0,False,False,False,188.0859,359.6484
LighteRTZ - ISGaming,CounterTerrorist,2649.014,1169.252,160.0313,P250,100,0,-9.193819,-1.299154,0,False,False,False,188.0859,359.6484
LighteRTZ - ISGaming,CounterTerrorist,2648.946,1169.242,160.0313,P250,100,0,0,0,0,False,False,False,188.0859,359.6484
LighteRTZ - ISGaming,CounterTerrorist,2648.946,1169.242,160.0313,P250,100,0,0,0,0,False,False,False,188.0859,359.6484
LighteRTZ - ISGaming,CounterTerrorist,2648.946,1169.242,160.0313,P250,100,0,0,0,0,False,False,False,188.0859,359.6484
LighteRTZ - ISGaming,CounterTerrorist,2648.946,1169.242,160.0313,P250,100,0,0,0,0,False,False,False,187.7344,359.6484
LighteRTZ - ISGaming,CounterTerrorist,2648.964,1169.11,160.0313,P250,100,0,0.665439,-4.813597,0,False,False,False,187.7344,359.6484
LighteRTZ - ISGaming,CounterTerrorist,2648.989,1168.929,160.0313,P250,100,0,0.8676254,-6.410296,0,False,False,False,187.7344,359.6484
LighteRTZ - ISGaming,CounterTerrorist,2649.02,1168.697,160.0313,P250,100,0,1.070265,-8.006904,0,False,False,False,187.7344,359.6484
LighteRTZ - ISGaming,CounterTerrorist,2649.057,1168.416,160.0313,P250,100,0,1.261965,-9.604936,0,False,False,False,187.3828,359.6484
LighteRTZ - ISGaming,CounterTerrorist,2649.101,1168.084,160.0313,P250,100,0,1.467636,-11.20112,0,False,False,False,187.3828,359.6484
LighteRTZ - ISGaming,CounterTerrorist,2649.128,1167.873,160.0313,P250,100,0,0.2531821,-1.932688,0,False,False,False,187.3828,359.6484
LighteRTZ - ISGaming,CounterTerrorist,2649.128,1167.873,160.0313,P250,100,0,0,0,0,False,False,False,187.3828,359.6484
LighteRTZ - ISGaming,CounterTerrorist,2649.128,1167.873,160.0313,P250,100,0,0,0,0,False,False,False,187.3828,359.6484
LighteRTZ - ISGaming,CounterTerrorist,2649.128,1167.873,160.0313,P250,100,0,0,0,0,False,False,False,187.3828,359.6484
LighteRTZ - ISGaming,CounterTerrorist,2649.128,1167.873,160.0313,P250,100,0,0,0,0,False,False,False,187.3828,359.6484
LighteRTZ - ISGaming,CounterTerrorist,2649.034,1167.861,160.0313,P250,100,0,-4.419305,-0.578676,0,False,False,False,187.3828,359.6484
LighteRTZ - ISGaming,CounterTerrorist,2648.865,1167.839,160.0313,P250,100,0,-6.015058,-0.7876283,0,False,False,False,187.3828,359.6484
LighteRTZ - ISGaming,CounterTerrorist,2648.646,1167.81,160.0313,P250,100,0,-7.61081,-0.9965805,0,False,False,False,187.3828,359.6484
LighteRTZ - ISGaming,CounterTerrorist,2648.377,1167.775,160.0313,P250,100,0,-9.206563,-1.205533,0,False,False,False,187.3828,359.6484
LighteRTZ - ISGaming,CounterTerrorist,2648.058,1167.733,160.0313,P250,100,0,-10.80232,-1.414485,0,False,False,False,187.3828,359.6484
LighteRTZ - ISGaming,CounterTerrorist,2647.689,1167.684,160.0313,P250,100,0,-12.39679,-1.63315,0,False,False,False,187.3828,359.6484
LighteRTZ - ISGaming,CounterTerrorist,2647.271,1167.629,160.0313,P250,100,0,-13.99207,-1.845701,0,False,False,False,187.3828,359.6484
LighteRTZ - ISGaming,CounterTerrorist,2646.802,1167.567,160.0313,P250,100,0,-15.58753,-2.056863,0,False,False,False,187.3828,359.6484
LighteRTZ - ISGaming,CounterTerrorist,2646.289,1167.487,160.0313,P250,100,0,-16.58706,-3.836524,0,False,False,False,187.3828,359.6484
LighteRTZ - ISGaming,CounterTerrorist,2645.894,1167.214,160.0313,P250,100,0,-8.528699,-11.35756,0,False,False,False,187.3828,359.6484
LighteRTZ - ISGaming,CounterTerrorist,2645.78,1166.799,160.0313,P250,100,0,-1.602976,-14.04449,0,False,False,False,187.3828,359.6484
LighteRTZ - ISGaming,CounterTerrorist,2645.772,1166.415,160.0313,P250,100,0,-0.06092914,-8.311967,0,False,False,False,187.3828,359.6484
LighteRTZ - ISGaming,CounterTerrorist,2645.772,1166.361,160.0313,P250,100,0,0,0,0,False,False,False,187.3828,359.6484
LighteRTZ - ISGaming,CounterTerrorist,2645.772,1166.361,160.0313,P250,100,0,0,0,0,False,False,False,187.3828,359.6484
LighteRTZ - ISGaming,CounterTerrorist,2645.772,1166.361,160.0313,P250,100,0,0,0,0,False,False,False,187.3828,359.6484
LighteRTZ - ISGaming,CounterTerrorist,2645.772,1166.361,160.0313,P250,100,0,0,0,0,False,False,False,187.3828,359.6484
LighteRTZ - ISGaming,CounterTerrorist,2645.772,1166.361,160.0313,P250,100,0,0,0,0,False,False,False,187.3828,359.6484
LighteRTZ - ISGaming,CounterTerrorist,2645.772,1166.361,160.0313,P250,100,0,0,0,0,False,False,False,187.3828,359.6484
LighteRTZ - ISGaming,CounterTerrorist,2645.772,1166.361,160.0313,P250,100,0,0,0,0,False,False,False,187.3828,359.6484
LighteRTZ - ISGaming,CounterTerrorist,2645.772,1166.361,160.0313,P250,100,0,0,0,0,False,False,False,187.3828,359.6484
LighteRTZ - ISGaming,CounterTerrorist,2645.772,1166.361,160.0313,P250,100,0,0,0,0,True,False,False,187.3828,359.6484
LighteRTZ - ISGaming,CounterTerrorist,2645.772,1166.361,160.0313,P250,100,0,0,0,0,True,False,False,187.3828,359.6484
LighteRTZ - ISGaming,CounterTerrorist,2645.772,1166.361,160.0313,P250,100,0,0,0,0,True,False,False,187.7344,0
LighteRTZ - ISGaming,CounterTerrorist,2645.772,1166.361,160.0313,P250,100,0,0,0,0,True,False,False,187.7344,0
LighteRTZ - ISGaming,CounterTerrorist,2645.772,1166.361,160.0313,P250,100,0,0,0,0,True,False,False,187.7344,0
LighteRTZ - ISGaming,CounterTerrorist,2645.772,1166.361,160.0313,P250,100,0,0,0,0,True,False,False,187.7344,0
LighteRTZ - ISGaming,CounterTerrorist,2645.772,1166.361,160.0313,P250,100,0,0,0,0,True,False,False,187.7344,0
LighteRTZ - ISGaming,CounterTerrorist,2645.772,1166.361,160.0313,P250,100,0,0,0,0,False,False,False,187.7344,0
LighteRTZ - ISGaming,CounterTerrorist,2645.772,1166.361,160.0313,P250,100,0,0,0,0,False,False,False,187.7344,0
LighteRTZ - ISGaming,CounterTerrorist,2645.785,1166.267,160.0313,P250,100,0,0.5884804,-4.418011,0,False,False,False,187.7344,0
LighteRTZ - ISGaming,CounterTerrorist,2645.807,1166.098,160.0313,P250,100,0,0.7961957,-6.01393,0,False,False,False,187.3828,0
LighteRTZ - ISGaming,CounterTerrorist,2645.836,1165.879,160.0313,P250,100,0,0.9987662,-7.610523,0,False,False,False,187.3828,0
LighteRTZ - ISGaming,CounterTerrorist,2645.871,1165.609,160.0313,P250,100,0,1.197502,-9.207607,0,False,False,False,187.3828,0
LighteRTZ - ISGaming,CounterTerrorist,2645.912,1165.291,160.0313,P250,100,0,1.403762,-10.80371,0,False,False,False,187.3828,0
LighteRTZ - ISGaming,CounterTerrorist,2645.938,1165.092,160.0313,P250,100,0,0.199302,-1.533976,0,False,False,False,187.3828,0
LighteRTZ - ISGaming,CounterTerrorist,2645.938,1165.092,160.0313,P250,100,0,0,0,0,False,False,False,187.3828,0
LighteRTZ - ISGaming,CounterTerrorist,2645.926,1165.186,160.0313,P250,100,0,-0.5741788,4.419892,0,False,False,False,187.3828,0
LighteRTZ - ISGaming,CounterTerrorist,2645.904,1165.355,160.0313,P250,100,0,-0.7815071,6.015857,0,False,False,False,187.3828,0
LighteRTZ - ISGaming,CounterTerrorist,2645.875,1165.574,160.0313,P250,100,0,-0.9888356,7.611822,0,False,False,False,187.3828,0
LighteRTZ - ISGaming,CounterTerrorist,2645.852,1165.759,160.0313,P250,100,0,-0.2551346,1.963966,0,False,False,False,187.3828,0
LighteRTZ - ISGaming,CounterTerrorist,2645.852,1165.759,160.0313,P250,100,0,0,0,0,False,False,False,187.3828,0
LighteRTZ - ISGaming,CounterTerrorist,2645.852,1165.759,160.0313,P250,100,0,0,0,0,False,False,False,187.3828,0
LighteRTZ - ISGaming,CounterTerrorist,2645.852,1165.759,160.0313,P250,100,0,0,0,0,False,False,False,187.3828,0
LighteRTZ - ISGaming,CounterTerrorist,2645.852,1165.759,160.0313,P250,100,0,0,0,0,False,False,False,187.3828,0
LighteRTZ - ISGaming,CounterTerrorist,2645.852,1165.759,160.0313,P250,100,0,0,0,0,False,False,False,187.3828,0
LighteRTZ - ISGaming,CounterTerrorist,2645.852,1165.759,160.0313,P250,100,0,0,0,0,False,False,False,187.3828,0
LighteRTZ - ISGaming,CounterTerrorist,2645.852,1165.759,160.0313,P250,100,0,0,0,0,False,False,False,187.3828,0
LighteRTZ - ISGaming,CounterTerrorist,2645.852,1165.759,160.0313,P250,100,0,0,0,0,False,False,False,187.3828,0
LighteRTZ - ISGaming,CounterTerrorist,2645.852,1165.759,160.0313,P250,100,0,0,0,0,False,False,False,187.3828,0
LighteRTZ - ISGaming,CounterTerrorist,2645.852,1165.759,160.0313,P250,100,0,0,0,0,False,False,False,187.3828,0
LighteRTZ - ISGaming,CounterTerrorist,2645.852,1165.759,160.0313,P250,100,0,0,0,0,False,False,False,187.3828,0
LighteRTZ - ISGaming,CounterTerrorist,2645.852,1165.759,160.0313,P250,100,0,0,0,0,False,False,False,187.3828,0
LighteRTZ - ISGaming,CounterTerrorist,2645.852,1165.759,160.0313,P250,100,0,0,0,0,False,False,False,187.3828,0
LighteRTZ - ISGaming,CounterTerrorist,2645.852,1165.759,160.0313,P250,100,0,0,0,0,False,False,False,187.3828,0
LighteRTZ - ISGaming,CounterTerrorist,2645.852,1165.759,160.0313,P250,100,0,0,0,0,False,False,False,187.3828,0
LighteRTZ - ISGaming,CounterTerrorist,2645.852,1165.759,160.0313,P250,100,0,0,0,0,False,False,False,187.3828,0
LighteRTZ - ISGaming,CounterTerrorist,2645.852,1165.759,160.0313,P250,100,0,0,0,0,False,False,False,187.3828,0
LighteRTZ - ISGaming,CounterTerrorist,2645.852,1165.759,160.0313,P250,100,0,0,0,0,False,False,False,187.3828,0
LighteRTZ - ISGaming,CounterTerrorist,2645.852,1165.759,160.0313,P250,100,0,0,0,0,False,False,False,187.3828,0
LighteRTZ - ISGaming,CounterTerrorist,2645.852,1165.759,160.0313,P250,100,0,0,0,0,False,False,False,187.3828,0
LighteRTZ - ISGaming,CounterTerrorist,2645.852,1165.759,160.0313,P250,100,0,0,0,0,False,False,False,187.3828,0
LighteRTZ - ISGaming,CounterTerrorist,2645.852,1165.759,160.0313,P250,100,0,0,0,0,False,False,False,187.3828,0
LighteRTZ - ISGaming,CounterTerrorist,2645.859,1165.699,160.0313,P250,100,0,0.5264379,-4.020367,0,False,False,False,187.3828,0
LighteRTZ - ISGaming,CounterTerrorist,2645.88,1165.542,160.0313,P250,100,0,0.7353903,-5.61612,0,False,False,False,187.3828,0
LighteRTZ - ISGaming,CounterTerrorist,2645.907,1165.335,160.0313,P250,100,0,0.9443425,-7.211873,0,False,False,False,187.3828,0
LighteRTZ - ISGaming,CounterTerrorist,2645.93,1165.164,160.0313,P250,100,0,0.2048949,-1.564767,0,False,False,False,187.3828,0
LighteRTZ - ISGaming,CounterTerrorist,2645.93,1165.164,160.0313,P250,100,0,0,0,0,False,False,False,187.3828,0
LighteRTZ - ISGaming,CounterTerrorist,2645.93,1165.164,160.0313,P250,100,0,0,0,0,False,False,False,187.3828,0
LighteRTZ - ISGaming,CounterTerrorist,2645.93,1165.164,160.0313,P250,100,0,0,0,0,False,False,False,187.3828,0
LighteRTZ - ISGaming,CounterTerrorist,2645.93,1165.164,160.0313,P250,100,0,0,0,0,False,False,False,187.3828,0
LighteRTZ - ISGaming,CounterTerrorist,2645.93,1165.164,160.0313,P250,100,0,0,0,0,False,False,False,187.3828,0
LighteRTZ - ISGaming,CounterTerrorist,2645.93,1165.164,160.0313,P250,100,0,0,0,0,False,False,False,187.3828,0
LighteRTZ - ISGaming,CounterTerrorist,2645.93,1165.164,160.0313,P250,100,0,0,0,0,False,False,False,187.3828,0
LighteRTZ - ISGaming,CounterTerrorist,2645.93,1165.164,160.0313,P250,100,0,0,0,0,False,False,False,187.3828,0
LighteRTZ - ISGaming,CounterTerrorist,2645.93,1165.164,160.0313,P250,100,0,0,0,0,False,False,False,187.3828,0
LighteRTZ - ISGaming,CounterTerrorist,2645.93,1165.164,160.0313,P250,100,0,0,0,0,False,False,False,187.3828,0
LighteRTZ - ISGaming,CounterTerrorist,2645.93,1165.164,160.0313,P250,100,0,0,0,0,False,False,False,187.3828,0
LighteRTZ - ISGaming,CounterTerrorist,2645.93,1165.164,160.0313,P250,100,0,0,0,0,False,False,False,187.3828,0
LighteRTZ - ISGaming,CounterTerrorist,2645.93,1165.164,160.0313,P250,100,0,0,0,0,False,False,False,187.3828,0
LighteRTZ - ISGaming,CounterTerrorist,2645.93,1165.164,160.0313,P250,100,0,0,0,0,False,False,False,187.3828,0
LighteRTZ - ISGaming,CounterTerrorist,2645.93,1165.164,160.0313,P250,100,0,0,0,0,False,False,False,187.3828,0
LighteRTZ - ISGaming,CounterTerrorist,2645.93,1165.164,160.0313,P250,100,0,0,0,0,False,False,False,187.3828,0
LighteRTZ - ISGaming,CounterTerrorist,2645.93,1165.164,160.0313,P250,100,0,0,0,0,False,False,False,187.3828,0
LighteRTZ - ISGaming,CounterTerrorist,2645.93,1165.164,160.0313,P250,100,0,0,0,0,False,False,False,187.3828,0
LighteRTZ - ISGaming,CounterTerrorist,2645.93,1165.164,160.0313,P250,100,0,0,0,0,False,False,False,187.3828,0
LighteRTZ - ISGaming,CounterTerrorist,2645.93,1165.164,160.0313,P250,100,0,0,0,0,False,False,False,187.3828,0
LighteRTZ - ISGaming,CounterTerrorist,2645.93,1165.164,160.0313,P250,100,0,0,0,0,False,False,False,187.3828,0
LighteRTZ - ISGaming,CounterTerrorist,2645.93,1165.164,160.0313,P250,100,0,0,0,0,False,False,False,187.3828,0
LighteRTZ - ISGaming,CounterTerrorist,2645.93,1165.164,160.0313,P250,100,0,0,0,0,False,False,False,187.3828,0
LighteRTZ - ISGaming,CounterTerrorist,2645.93,1165.164,160.0313,P250,100,0,0,0,0,False,False,False,187.3828,0
LighteRTZ - ISGaming,CounterTerrorist,2645.93,1165.164,160.0313,P250,100,0,0,0,0,False,False,False,187.3828,0
LighteRTZ - ISGaming,CounterTerrorist,2645.93,1165.164,160.0313,P250,100,0,0,0,0,False,False,False,187.3828,0
LighteRTZ - ISGaming,CounterTerrorist,2645.93,1165.164,160.0313,P250,100,0,0,0,0,False,False,False,187.3828,0
LighteRTZ - ISGaming,CounterTerrorist,2645.93,1165.164,160.0313,P250,100,0,0,0,0,False,False,False,187.3828,0
LighteRTZ - ISGaming,CounterTerrorist,2645.93,1165.164,160.0313,P250,100,0,0,0,0,False,False,False,187.3828,0
LighteRTZ - ISGaming,CounterTerrorist,2645.93,1165.164,160.0313,P250,100,0,0,0,0,False,False,False,187.7344,0
LighteRTZ - ISGaming,CounterTerrorist,2645.93,1165.164,160.0313,P250,100,0,0,0,0,False,False,False,187.7344,0
LighteRTZ - ISGaming,CounterTerrorist,2645.93,1165.164,160.0313,P250,100,0,0,0,0,False,False,False,187.7344,0
LighteRTZ - ISGaming,CounterTerrorist,2645.93,1165.164,160.0313,P250,100,0,0,0,0,False,False,False,187.7344,0
LighteRTZ - ISGaming,CounterTerrorist,2645.93,1165.164,160.0313,P250,100,0,0,0,0,False,False,False,187.7344,0
LighteRTZ - ISGaming,CounterTerrorist,2645.93,1165.164,160.0313,P250,100,0,0,0,0,False,False,False,187.7344,0
LighteRTZ - ISGaming,CounterTerrorist,2645.93,1165.164,160.0313,P250,100,0,0,0,0,False,False,False,187.7344,0
LighteRTZ - ISGaming,CounterTerrorist,2645.93,1165.164,160.0313,P250,100,0,0,0,0,False,False,False,187.7344,0
LighteRTZ - ISGaming,CounterTerrorist,2645.93,1165.164,160.0313,P250,100,0,0,0,0,False,False,False,187.7344,0
LighteRTZ - ISGaming,CounterTerrorist,2645.93,1165.164,160.0313,P250,100,0,0,0,0,False,False,False,187.7344,0
LighteRTZ - ISGaming,CounterTerrorist,2645.93,1165.164,160.0313,P250,100,0,0,0,0,False,False,False,187.7344,0
LighteRTZ - ISGaming,CounterTerrorist,2645.93,1165.164,160.0313,P250,100,0,0,0,0,False,False,False,187.7344,0
LighteRTZ - ISGaming,CounterTerrorist,2645.93,1165.164,160.0313,P250,100,0,0,0,0,False,False,False,187.7344,0
LighteRTZ - ISGaming,CounterTerrorist,2645.93,1165.164,160.0313,P250,100,0,0,0,0,False,False,False,187.7344,0
LighteRTZ - ISGaming,CounterTerrorist,2645.93,1165.164,160.0313,P250,100,0,0,0,0,False,False,False,187.7344,0
LighteRTZ - ISGaming,CounterTerrorist,2645.93,1165.164,160.0313,P250,100,0,0,0,0,False,False,False,187.7344,0
LighteRTZ - ISGaming,CounterTerrorist,2645.93,1165.164,160.0313,P250,100,0,0,0,0,False,False,False,187.7344,0
LighteRTZ - ISGaming,CounterTerrorist,2645.93,1165.164,160.0313,P250,100,0,0,0,0,False,False,False,187.7344,0
LighteRTZ - ISGaming,CounterTerrorist,2645.93,1165.164,160.0313,P250,100,0,0,0,0,False,False,False,187.7344,0
LighteRTZ - ISGaming,CounterTerrorist,2645.93,1165.164,160.0313,P250,100,0,0,0,0,False,False,False,187.7344,0
LighteRTZ - ISGaming,CounterTerrorist,2645.93,1165.164,160.0313,P250,100,0,0,0,0,False,False,False,187.7344,0
LighteRTZ - ISGaming,CounterTerrorist,2645.93,1165.164,160.0313,P250,100,0,0,0,0,False,False,False,187.7344,0
LighteRTZ - ISGaming,CounterTerrorist,2645.93,1165.164,160.0313,P250,100,0,0,0,0,False,False,False,187.7344,0
LighteRTZ - ISGaming,CounterTerrorist,2645.93,1165.164,160.0313,P250,100,0,0,0,0,False,False,False,187.7344,0
LighteRTZ - ISGaming,CounterTerrorist,2645.93,1165.164,160.0313,P250,100,0,0,0,0,False,False,False,187.7344,0
LighteRTZ - ISGaming,CounterTerrorist,2645.93,1165.164,160.0313,P250,100,0,0,0,0,False,False,False,187.7344,0
LighteRTZ - ISGaming,CounterTerrorist,2645.93,1165.164,160.0313,P250,100,0,0,0,0,False,False,False,187.7344,0
LighteRTZ - ISGaming,CounterTerrorist,2645.93,1165.164,160.0313,P250,100,0,0,0,0,False,False,False,187.7344,0
LighteRTZ - ISGaming,CounterTerrorist,2645.93,1165.164,160.0313,P250,100,0,0,0,0,False,False,False,187.7344,0
LighteRTZ - ISGaming,CounterTerrorist,2645.93,1165.164,160.0313,P250,100,0,0,0,0,False,False,False,187.7344,0
LighteRTZ - ISGaming,CounterTerrorist,2645.93,1165.164,160.0313,P250,100,0,0,0,0,False,False,False,187.7344,0
LighteRTZ - ISGaming,CounterTerrorist,2645.93,1165.164,160.0313,P250,100,0,0,0,0,False,False,False,187.7344,0
LighteRTZ - ISGaming,CounterTerrorist,2645.93,1165.164,160.0313,P250,100,0,0,0,0,False,False,False,187.7344,0
LighteRTZ - ISGaming,CounterTerrorist,2645.93,1165.164,160.0313,P250,100,0,0,0,0,False,False,False,187.7344,0
LighteRTZ - ISGaming,CounterTerrorist,2645.93,1165.164,160.0313,P250,100,0,0,0,0,False,False,False,187.7344,0
LighteRTZ - ISGaming,CounterTerrorist,2645.93,1165.164,160.0313,P250,100,0,0,0,0,False,False,False,187.7344,0
LighteRTZ - ISGaming,CounterTerrorist,2645.93,1165.164,160.0313,P250,100,0,0,0,0,False,False,False,187.7344,0
LighteRTZ - ISGaming,CounterTerrorist,2645.93,1165.164,160.0313,P250,100,0,0,0,0,False,False,False,187.7344,0
LighteRTZ - ISGaming,CounterTerrorist,2645.93,1165.164,160.0313,P250,100,0,0,0,0,False,False,False,187.7344,0
LighteRTZ - ISGaming,CounterTerrorist,2645.93,1165.164,160.0313,P250,100,0,0,0,0,False,False,False,187.7344,0
LighteRTZ - ISGaming,CounterTerrorist,2645.93,1165.164,160.0313,P250,100,0,0,0,0,False,False,False,187.7344,0
LighteRTZ - ISGaming,CounterTerrorist,2645.93,1165.164,160.0313,P250,100,0,0,0,0,False,False,False,187.7344,0
LighteRTZ - ISGaming,CounterTerrorist,2645.93,1165.164,160.0313,P250,100,0,0,0,0,False,False,False,187.7344,0
LighteRTZ - ISGaming,CounterTerrorist,2645.93,1165.164,160.0313,P250,100,0,0,0,0,False,False,False,187.7344,0
LighteRTZ - ISGaming,CounterTerrorist,2645.93,1165.164,160.0313,P250,100,0,0,0,0,False,False,False,187.7344,0
LighteRTZ - ISGaming,CounterTerrorist,2645.93,1165.164,160.0313,P250,100,0,0,0,0,False,False,False,187.7344,0
LighteRTZ - ISGaming,CounterTerrorist,2645.93,1165.164,160.0313,P250,100,0,0,0,0,False,False,False,187.7344,0
LighteRTZ - ISGaming,CounterTerrorist,2645.93,1165.164,160.0313,P250,100,0,0,0,0,False,False,False,187.7344,0
LighteRTZ - ISGaming,CounterTerrorist,2645.93,1165.164,160.0313,P250,100,0,0,0,0,False,False,False,187.7344,0
LighteRTZ - ISGaming,CounterTerrorist,2645.93,1165.164,160.0313,P250,100,0,0,0,0,False,False,False,187.7344,0
LighteRTZ - ISGaming,CounterTerrorist,2645.93,1165.164,160.0313,P250,100,0,0,0,0,False,False,False,187.7344,0
LighteRTZ - ISGaming,CounterTerrorist,2645.93,1165.164,160.0313,P250,100,0,0,0,0,False,False,False,187.7344,0
LighteRTZ - ISGaming,CounterTerrorist,2645.93,1165.164,160.0313,P250,100,0,0,0,0,False,False,False,187.7344,0
LighteRTZ - ISGaming,CounterTerrorist,2645.93,1165.164,160.0313,P250,100,0,0,0,0,False,False,False,187.7344,0
LighteRTZ - ISGaming,CounterTerrorist,2645.93,1165.164,160.0313,P250,100,0,0,0,0,False,False,False,187.7344,0
LighteRTZ - ISGaming,CounterTerrorist,2645.93,1165.164,160.0313,P250,100,0,0,0,0,False,False,False,187.7344,0
LighteRTZ - ISGaming,CounterTerrorist,2645.93,1165.164,160.0313,P250,100,0,0,0,0,False,False,False,187.7344,0
LighteRTZ - ISGaming,CounterTerrorist,2645.93,1165.164,160.0313,P250,100,0,0,0,0,False,False,False,187.7344,0
LighteRTZ - ISGaming,CounterTerrorist,2645.93,1165.164,160.0313,P250,100,0,0,0,0,False,False,False,187.7344,0
LighteRTZ - ISGaming,CounterTerrorist,2645.93,1165.164,160.0313,P250,100,0,0,0,0,False,False,False,187.7344,0
LighteRTZ - ISGaming,CounterTerrorist,2645.93,1165.164,160.0313,P250,100,0,0,0,0,False,False,False,187.7344,0
LighteRTZ - ISGaming,CounterTerrorist,2645.93,1165.164,160.0313,P250,100,0,0,0,0,False,False,False,187.7344,0
LighteRTZ - ISGaming,CounterTerrorist,2645.93,1165.164,160.0313,P250,100,0,0,0,0,False,False,False,187.7344,0
LighteRTZ - ISGaming,CounterTerrorist,2645.93,1165.164,160.0313,P250,100,0,0,0,0,False,False,False,187.7344,0
LighteRTZ - ISGaming,CounterTerrorist,2645.93,1165.164,160.0313,P250,100,0,0,0,0,False,False,False,187.7344,0
LighteRTZ - ISGaming,CounterTerrorist,2645.93,1165.164,160.0313,P250,100,0,0,0,0,False,False,False,187.7344,0
LighteRTZ - ISGaming,CounterTerrorist,2645.93,1165.164,160.0313,P250,100,0,0,0,0,False,False,False,187.7344,0
LighteRTZ - ISGaming,CounterTerrorist,2645.93,1165.164,160.0313,P250,100,0,0,0,0,False,False,False,187.7344,0
LighteRTZ - ISGaming,CounterTerrorist,2645.93,1165.164,160.0313,P250,100,0,0,0,0,False,False,False,187.7344,0
LighteRTZ - ISGaming,CounterTerrorist,2645.93,1165.164,160.0313,P250,100,0,0,0,0,False,False,False,187.7344,0
LighteRTZ - ISGaming,CounterTerrorist,2645.93,1165.164,160.0313,P250,100,0,0,0,0,False,False,False,187.7344,0
LighteRTZ - ISGaming,CounterTerrorist,2645.93,1165.164,160.0313,P250,100,0,0,0,0,False,False,False,187.7344,0
LighteRTZ - ISGaming,CounterTerrorist,2645.93,1165.164,160.0313,P250,100,0,0,0,0,False,False,False,187.7344,0
LighteRTZ - ISGaming,CounterTerrorist,2645.93,1165.164,160.0313,P250,100,0,0,0,0,False,False,False,187.7344,0
LighteRTZ - ISGaming,CounterTerrorist,2645.93,1165.164,160.0313,P250,100,0,0,0,0,False,False,False,187.7344,0
LighteRTZ - ISGaming,CounterTerrorist,2645.93,1165.164,160.0313,P250,100,0,0,0,0,False,False,False,187.7344,0
LighteRTZ - ISGaming,CounterTerrorist,2645.93,1165.164,160.0313,P250,100,0,0,0,0,False,False,False,187.7344,0
LighteRTZ - ISGaming,CounterTerrorist,2645.93,1165.164,160.0313,P250,100,0,0,0,0,False,False,False,187.7344,0
LighteRTZ - ISGaming,CounterTerrorist,2645.93,1165.164,160.0313,P250,100,0,0,0,0,False,False,False,187.7344,0
LighteRTZ - ISGaming,CounterTerrorist,2645.93,1165.164,160.0313,P250,100,0,0,0,0,False,False,False,187.7344,0
LighteRTZ - ISGaming,CounterTerrorist,2645.93,1165.164,160.0313,P250,100,0,0,0,0,False,False,False,187.7344,0
LighteRTZ - ISGaming,CounterTerrorist,2645.93,1165.164,160.0313,P250,100,0,0,0,0,False,False,False,187.7344,0
LighteRTZ - ISGaming,CounterTerrorist,2645.93,1165.164,160.0313,P250,100,0,0,0,0,False,False,False,187.7344,0
LighteRTZ - ISGaming,CounterTerrorist,2645.93,1165.164,160.0313,P250,100,0,0,0,0,False,False,False,187.7344,0
LighteRTZ - ISGaming,CounterTerrorist,2645.93,1165.164,160.0313,P250,100,0,0,0,0,False,False,False,187.7344,0
LighteRTZ - ISGaming,CounterTerrorist,2645.93,1165.164,160.0313,P250,100,0,0,0,0,False,False,False,187.7344,0
LighteRTZ - ISGaming,CounterTerrorist,2645.93,1165.164,160.0313,P250,100,0,0,0,0,False,False,False,187.7344,0
LighteRTZ - ISGaming,CounterTerrorist,2645.93,1165.164,160.0313,P250,100,0,0,0,0,False,False,False,187.7344,0
LighteRTZ - ISGaming,CounterTerrorist,2645.93,1165.164,160.0313,P250,100,0,0,0,0,False,False,False,187.7344,0
LighteRTZ - ISGaming,CounterTerrorist,2645.93,1165.164,160.0313,P250,100,0,0,0,0,False,False,False,187.7344,0
LighteRTZ - ISGaming,CounterTerrorist,2645.93,1165.164,160.0313,P250,100,0,0,0,0,False,False,False,187.7344,0
LighteRTZ - ISGaming,CounterTerrorist,2645.93,1165.164,160.0313,P250,100,0,0,0,0,False,False,False,187.7344,0
LighteRTZ - ISGaming,CounterTerrorist,2645.93,1165.164,160.0313,P250,100,0,0,0,0,False,False,False,187.7344,0
LighteRTZ - ISGaming,CounterTerrorist,2645.93,1165.164,160.0313,P250,100,0,0,0,0,False,False,False,187.7344,0
LighteRTZ - ISGaming,CounterTerrorist,2645.93,1165.164,160.0313,P250,100,0,0,0,0,False,False,False,187.7344,0
LighteRTZ - ISGaming,CounterTerrorist,2645.93,1165.164,160.0313,P250,100,0,0,0,0,False,False,False,187.7344,0
LighteRTZ - ISGaming,CounterTerrorist,2645.93,1165.164,160.0313,P250,100,0,0,0,0,False,False,False,187.7344,0
LighteRTZ - ISGaming,CounterTerrorist,2645.93,1165.164,160.0313,P250,100,0,0,0,0,False,False,False,187.7344,0
LighteRTZ - ISGaming,CounterTerrorist,2645.93,1165.164,160.0313,P250,100,0,0,0,0,False,False,False,187.7344,0
LighteRTZ - ISGaming,CounterTerrorist,2645.93,1165.164,160.0313,P250,100,0,0,0,0,False,False,False,187.7344,0
LighteRTZ - ISGaming,CounterTerrorist,2645.93,1165.164,160.0313,P250,100,0,0,0,0,False,False,False,187.7344,0
LighteRTZ - ISGaming,CounterTerrorist,2645.93,1165.164,160.0313,P250,100,0,0,0,0,False,False,False,187.7344,0
LighteRTZ - ISGaming,CounterTerrorist,2645.93,1165.164,160.0313,P250,100,0,0,0,0,False,False,False,187.7344,0
LighteRTZ - ISGaming,CounterTerrorist,2645.93,1165.164,160.0313,P250,100,0,0,0,0,False,False,False,187.7344,0
LighteRTZ - ISGaming,CounterTerrorist,2645.93,1165.164,160.0313,P250,100,0,0,0,0,False,False,False,187.7344,0
LighteRTZ - ISGaming,CounterTerrorist,2645.93,1165.164,160.0313,P250,100,0,0,0,0,False,False,False,187.7344,0
LighteRTZ - ISGaming,CounterTerrorist,2645.93,1165.164,160.0313,P250,100,0,0,0,0,False,False,False,187.7344,0
LighteRTZ - ISGaming,CounterTerrorist,2645.93,1165.164,160.0313,P250,100,0,0,0,0,False,False,False,187.7344,0
LighteRTZ - ISGaming,CounterTerrorist,2645.93,1165.164,160.0313,P250,100,0,0,0,0,False,False,False,187.7344,0
LighteRTZ - ISGaming,CounterTerrorist,2645.93,1165.164,160.0313,P250,100,0,0,0,0,False,False,False,187.7344,0
LighteRTZ - ISGaming,CounterTerrorist,2645.93,1165.164,160.0313,P250,100,0,0,0,0,False,False,False,187.7344,0
LighteRTZ - ISGaming,CounterTerrorist,2645.93,1165.164,160.0313,P250,100,0,0,0,0,False,False,False,187.7344,0
LighteRTZ - ISGaming,CounterTerrorist,2645.93,1165.164,160.0313,P250,100,0,0,0,0,False,False,False,187.7344,0
LighteRTZ - ISGaming,CounterTerrorist,2645.93,1165.164,160.0313,P250,100,0,0,0,0,False,False,False,187.7344,0
LighteRTZ - ISGaming,CounterTerrorist,2645.93,1165.164,160.0313,P250,100,0,0,0,0,False,False,False,187.7344,0
LighteRTZ - ISGaming,CounterTerrorist,2645.93,1165.164,160.0313,P250,100,0,0,0,0,False,False,False,187.7344,0
LighteRTZ - ISGaming,CounterTerrorist,2645.93,1165.164,160.0313,P250,100,0,0,0,0,False,False,False,187.7344,0
LighteRTZ - ISGaming,CounterTerrorist,2645.93,1165.164,160.0313,P250,100,0,0,0,0,False,False,False,187.7344,0
LighteRTZ - ISGaming,CounterTerrorist,2645.93,1165.164,160.0313,P250,100,0,0,0,0,False,False,False,187.7344,0
LighteRTZ - ISGaming,CounterTerrorist,2645.93,1165.164,160.0313,P250,100,0,0,0,0,False,False,False,187.7344,0
LighteRTZ - ISGaming,CounterTerrorist,2645.93,1165.164,160.0313,P250,100,0,0,0,0,False,False,False,187.7344,0
LighteRTZ - ISGaming,CounterTerrorist,2645.93,1165.164,160.0313,P250,100,0,0,0,0,False,False,False,187.7344,0
LighteRTZ - ISGaming,CounterTerrorist,2645.93,1165.164,160.0313,P250,100,0,0,0,0,False,False,False,187.7344,0
LighteRTZ - ISGaming,CounterTerrorist,2645.93,1165.164,160.0313,P250,100,0,0,0,0,False,False,False,187.7344,0
LighteRTZ - ISGaming,CounterTerrorist,2645.93,1165.164,160.0313,P250,100,0,0,0,0,False,False,False,187.7344,0
LighteRTZ - ISGaming,CounterTerrorist,2645.93,1165.164,160.0313,P250,100,0,0,0,0,False,False,False,187.7344,0
LighteRTZ - ISGaming,CounterTerrorist,2645.93,1165.164,160.0313,P250,100,0,0,0,0,False,False,False,187.7344,0
LighteRTZ - ISGaming,CounterTerrorist,2645.93,1165.164,160.0313,P250,100,0,0,0,0,False,False,False,187.7344,0
LighteRTZ - ISGaming,CounterTerrorist,2645.93,1165.164,160.0313,P250,100,0,0,0,0,False,False,False,187.7344,0
LighteRTZ - ISGaming,CounterTerrorist,2645.93,1165.164,160.0313,P250,100,0,0,0,0,False,False,False,187.7344,0
LighteRTZ - ISGaming,CounterTerrorist,2645.93,1165.164,160.0313,P250,100,0,0,0,0,False,False,False,187.7344,0
LighteRTZ - ISGaming,CounterTerrorist,2645.93,1165.164,160.0313,P250,100,0,0,0,0,False,False,False,187.7344,0
LighteRTZ - ISGaming,CounterTerrorist,2645.93,1165.164,160.0313,P250,100,0,0,0,0,False,False,False,187.7344,0
LighteRTZ - ISGaming,CounterTerrorist,2645.93,1165.164,160.0313,P250,100,0,0,0,0,False,False,False,187.7344,0
LighteRTZ - ISGaming,CounterTerrorist,2645.93,1165.164,160.0313,P250,100,0,0,0,0,False,False,False,187.7344,0.3515625
LighteRTZ - ISGaming,CounterTerrorist,2645.93,1165.164,160.0313,P250,100,0,0,0,0,False,False,False,187.7344,0.3515625
LighteRTZ - ISGaming,CounterTerrorist,2645.93,1165.164,160.0313,P250,100,0,0,0,0,False,False,False,187.7344,0.3515625
LighteRTZ - ISGaming,CounterTerrorist,2645.93,1165.164,160.0313,P250,100,0,0,0,0,False,False,False,187.7344,0.3515625
LighteRTZ - ISGaming,CounterTerrorist,2645.93,1165.164,160.0313,P250,100,0,0,0,0,False,False,False,187.7344,0.3515625
LighteRTZ - ISGaming,CounterTerrorist,2645.93,1165.164,160.0313,P250,100,0,0,0,0,False,False,False,187.7344,0.3515625
LighteRTZ - ISGaming,CounterTerrorist,2645.93,1165.164,160.0313,P250,100,0,0,0,0,False,False,False,187.7344,0.3515625
LighteRTZ - ISGaming,CounterTerrorist,2645.93,1165.164,160.0313,P250,100,0,0,0,0,False,False,False,187.7344,0.3515625
LighteRTZ - ISGaming,CounterTerrorist,2645.93,1165.164,160.0313,P250,100,0,0,0,0,False,False,False,187.7344,0.3515625
LighteRTZ - ISGaming,CounterTerrorist,2645.93,1165.164,160.0313,P250,100,0,0,0,0,False,False,False,187.7344,0.3515625
LighteRTZ - ISGaming,CounterTerrorist,2645.93,1165.164,160.0313,P250,100,0,0,0,0,False,False,False,187.7344,0.3515625
LighteRTZ - ISGaming,CounterTerrorist,2645.93,1165.164,160.0313,P250,100,0,0,0,0,False,False,False,187.7344,0.3515625
LighteRTZ - ISGaming,CounterTerrorist,2645.93,1165.164,160.0313,P250,100,0,0,0,0,False,False,False,187.7344,0
LighteRTZ - ISGaming,CounterTerrorist,2645.93,1165.164,160.0313,P250,100,0,0,0,0,False,False,False,187.7344,0
LighteRTZ - ISGaming,CounterTerrorist,2645.93,1165.164,160.0313,P250,100,0,0,0,0,False,False,False,187.7344,0
LighteRTZ - ISGaming,CounterTerrorist,2645.93,1165.164,160.0313,P250,100,0,0,0,0,False,False,False,187.7344,0
LighteRTZ - ISGaming,CounterTerrorist,2645.93,1165.164,160.0313,P250,100,0,0,0,0,False,False,False,187.7344,0
LighteRTZ - ISGaming,CounterTerrorist,2645.93,1165.164,160.0313,P250,100,0,0,0,0,False,False,False,187.7344,0
LighteRTZ - ISGaming,CounterTerrorist,2645.93,1165.164,160.0313,P250,100,0,0,0,0,False,False,False,187.7344,0
LighteRTZ - ISGaming,CounterTerrorist,2645.93,1165.164,160.0313,P250,100,0,0,0,0,False,False,False,187.7344,0
LighteRTZ - ISGaming,CounterTerrorist,2645.93,1165.164,160.0313,P250,100,0,0,0,0,False,False,False,187.7344,0
LighteRTZ - ISGaming,CounterTerrorist,2645.93,1165.164,160.0313,P250,100,0,0,0,0,False,False,False,187.7344,0
LighteRTZ - ISGaming,CounterTerrorist,2645.93,1165.164,160.0313,P250,100,0,0,0,0,False,False,False,187.7344,0
LighteRTZ - ISGaming,CounterTerrorist,2645.93,1165.164,160.0313,P250,100,0,0,0,0,False,False,False,187.7344,0
LighteRTZ - ISGaming,CounterTerrorist,2645.93,1165.164,160.0313,P250,100,0,0,0,0,False,False,False,187.7344,0
LighteRTZ - ISGaming,CounterTerrorist,2645.93,1165.164,160.0313,P250,100,0,0,0,0,False,False,False,187.7344,0
LighteRTZ - ISGaming,CounterTerrorist,2645.93,1165.164,160.0313,P250,100,0,0,0,0,False,False,False,187.7344,0
LighteRTZ - ISGaming,CounterTerrorist,2645.93,1165.164,160.0313,P250,100,0,0,0,0,False,False,False,187.7344,0
LighteRTZ - ISGaming,CounterTerrorist,2645.93,1165.164,160.0313,P250,100,0,0,0,0,False,False,False,187.7344,0
LighteRTZ - ISGaming,CounterTerrorist,2645.93,1165.164,160.0313,P250,100,0,0,0,0,False,False,False,187.7344,0
LighteRTZ - ISGaming,CounterTerrorist,2645.93,1165.164,160.0313,P250,100,0,0,0,0,False,False,False,187.7344,0
LighteRTZ - ISGaming,CounterTerrorist,2645.93,1165.164,160.0313,P250,100,0,0,0,0,False,False,False,187.7344,0
LighteRTZ - ISGaming,CounterTerrorist,2645.93,1165.164,160.0313,P250,100,0,0,0,0,False,False,False,187.7344,0
LighteRTZ - ISGaming,CounterTerrorist,2645.93,1165.164,160.0313,P250,100,0,0,0,0,False,False,False,187.7344,0
LighteRTZ - ISGaming,CounterTerrorist,2645.93,1165.164,160.0313,P250,100,0,0,0,0,False,False,False,187.7344,0
LighteRTZ - ISGaming,CounterTerrorist,2645.93,1165.164,160.0313,P250,100,0,0,0,0,False,False,False,187.7344,0
LighteRTZ - ISGaming,CounterTerrorist,2645.93,1165.164,160.0313,P250,100,0,0,0,0,False,False,False,187.7344,0
LighteRTZ - ISGaming,CounterTerrorist,2645.93,1165.164,160.0313,P250,100,0,0,0,0,False,False,False,187.7344,0
LighteRTZ - ISGaming,CounterTerrorist,2645.93,1165.164,160.0313,P250,100,0,0,0,0,False,False,False,187.7344,0
LighteRTZ - ISGaming,CounterTerrorist,2645.93,1165.164,160.0313,P250,100,0,0,0,0,False,False,False,187.7344,0
LighteRTZ - ISGaming,CounterTerrorist,2645.93,1165.164,160.0313,P250,100,0,0,0,0,False,False,False,187.7344,0
LighteRTZ - ISGaming,CounterTerrorist,2645.93,1165.164,160.0313,P250,100,0,0,0,0,False,False,False,187.7344,0.3515625
LighteRTZ - ISGaming,CounterTerrorist,2645.93,1165.164,160.0313,P250,100,0,0,0,0,False,False,False,187.7344,0.3515625
LighteRTZ - ISGaming,CounterTerrorist,2645.93,1165.164,160.0313,P250,100,0,0,0,0,False,False,False,187.7344,0.3515625
LighteRTZ - ISGaming,CounterTerrorist,2645.93,1165.164,160.0313,P250,100,0,0,0,0,False,False,False,187.7344,0.3515625
LighteRTZ - ISGaming,CounterTerrorist,2645.93,1165.164,160.0313,P250,100,0,0,0,0,False,False,False,187.7344,0.3515625
LighteRTZ - ISGaming,CounterTerrorist,2645.93,1165.164,160.0313,P250,100,0,0,0,0,False,False,False,187.7344,0.3515625
LighteRTZ - ISGaming,CounterTerrorist,2645.93,1165.164,160.0313,P250,100,0,0,0,0,False,False,False,187.7344,0.3515625
LighteRTZ - ISGaming,CounterTerrorist,2645.93,1165.164,160.0313,P250,100,0,0,0,0,False,False,False,187.7344,0.3515625
LighteRTZ - ISGaming,CounterTerrorist,2645.93,1165.164,160.0313,P250,100,0,0,0,0,False,False,False,187.7344,0.3515625
LighteRTZ - ISGaming,CounterTerrorist,2645.93,1165.164,160.0313,P250,100,0,0,0,0,False,False,False,187.7344,0.3515625
LighteRTZ - ISGaming,CounterTerrorist,2645.93,1165.164,160.0313,P250,100,0,0,0,0,False,False,False,187.7344,0.3515625
LighteRTZ - ISGaming,CounterTerrorist,2645.93,1165.164,160.0313,P250,100,0,0,0,0,False,False,False,187.7344,0.3515625
LighteRTZ - ISGaming,CounterTerrorist,2645.93,1165.164,160.0313,P250,100,0,0,0,0,False,False,False,187.7344,0.3515625
LighteRTZ - ISGaming,CounterTerrorist,2645.93,1165.164,160.0313,P250,100,0,0,0,0,False,False,False,187.7344,0.3515625
LighteRTZ - ISGaming,CounterTerrorist,2645.93,1165.164,160.0313,P250,100,0,0,0,0,False,False,False,187.7344,0.3515625
LighteRTZ - ISGaming,CounterTerrorist,2645.93,1165.164,160.0313,P250,100,0,0,0,0,False,False,False,187.7344,0
LighteRTZ - ISGaming,CounterTerrorist,2645.917,1165.258,160.0313,P250,100,0,-0.6093297,4.415183,0,False,False,False,187.7344,0
LighteRTZ - ISGaming,CounterTerrorist,2645.894,1165.427,160.0313,P250,100,0,-0.8304427,6.009296,0,False,False,False,187.7344,0
LighteRTZ - ISGaming,CounterTerrorist,2645.875,1165.559,160.0313,P250,100,0,0,0,0,False,False,False,187.7344,359.6484
LighteRTZ - ISGaming,CounterTerrorist,2645.875,1165.559,160.0313,P250,100,0,0,0,0,False,False,False,187.7344,359.6484
LighteRTZ - ISGaming,CounterTerrorist,2645.875,1165.559,160.0313,P250,100,0,0,0,0,False,False,False,187.7344,359.6484
LighteRTZ - ISGaming,CounterTerrorist,2645.875,1165.559,160.0313,P250,100,0,0,0,0,False,False,False,188.0859,359.6484
LighteRTZ - ISGaming,CounterTerrorist,2645.875,1165.559,160.0313,P250,100,0,0,0,0,False,False,False,188.0859,359.6484
LighteRTZ - ISGaming,CounterTerrorist,2645.872,1165.587,160.0313,P250,100,0,-0.5110261,3.616416,0,False,False,False,188.0859,359.6484
LighteRTZ - ISGaming,CounterTerrorist,2645.851,1165.731,160.0313,P250,100,0,-0.7362055,5.20996,0,False,False,False,188.0859,359.6484
LighteRTZ - ISGaming,CounterTerrorist,2645.824,1165.925,160.0313,P250,100,0,-0.9613848,6.803503,0,False,False,False,188.0859,359.6484
LighteRTZ - ISGaming,CounterTerrorist,2645.789,1166.168,160.0313,P250,100,0,-1.186564,8.397047,0,False,False,False,188.0859,359.6484
LighteRTZ - ISGaming,CounterTerrorist,2645.76,1166.377,160.0313,P250,100,0,-0.3896914,2.757758,0,False,False,False,188.0859,359.6484
LighteRTZ - ISGaming,CounterTerrorist,2645.76,1166.377,160.0313,P250,100,0,0,0,0,True,False,False,188.0859,0
LighteRTZ - ISGaming,CounterTerrorist,2645.76,1166.377,160.0313,P250,100,0,0,0,0,True,False,False,188.0859,0.3515625
LighteRTZ - ISGaming,CounterTerrorist,2645.751,1166.437,160.0313,P250,100,0,-0.5673209,4.014802,0,True,False,False,188.0859,0.703125
LighteRTZ - ISGaming,CounterTerrorist,2645.729,1166.593,160.0313,P250,100,0,-0.7925004,5.608346,0,True,False,False,188.0859,0.703125
LighteRTZ - ISGaming,CounterTerrorist,2645.7,1166.799,160.0313,P250,100,0,-1.01768,7.201889,0,True,False,False,188.0859,0.703125
LighteRTZ - ISGaming,CounterTerrorist,2645.642,1167.21,160.0313,P250,100,0,-3.106601,21.98472,0,False,False,False,188.0859,0.703125
LighteRTZ - ISGaming,CounterTerrorist,2645.468,1168.443,160.0313,P250,100,0,-7.059266,49.95683,0,False,False,False,188.0859,0.703125
LighteRTZ - ISGaming,CounterTerrorist,2645.181,1170.471,160.0313,P250,100,0,-9.569033,67.71788,0,False,False,False,188.0859,0.703125
LighteRTZ - ISGaming,CounterTerrorist,2644.985,1171.857,160.0313,P250,100,0,-3.421416,24.21258,0,False,False,False,188.0859,0.703125
LighteRTZ - ISGaming,CounterTerrorist,2645.007,1171.707,160.0313,P250,100,0,2.431063,-17.20409,0,False,False,False,188.0859,0.703125
LighteRTZ - ISGaming,CounterTerrorist,2645.16,1170.623,160.0313,P250,100,0,6.383728,-45.1762,0,False,False,False,188.0859,0.703125
LighteRTZ - ISGaming,CounterTerrorist,2645.436,1168.665,160.0313,P250,100,0,10.326,-73.14978,0,False,False,False,188.0859,0.703125
LighteRTZ - ISGaming,CounterTerrorist,2645.833,1165.843,160.0313,P250,100,0,14.07711,-100.182,0,False,False,False,187.7344,0.703125
LighteRTZ - ISGaming,CounterTerrorist,2646.336,1162.251,160.0313,P250,100,0,17.22684,-123.3077,0,False,False,False,187.7344,0.3515625
LighteRTZ - ISGaming,CounterTerrorist,2646.717,1159.54,160.0313,P250,100,0,9.340985,-66.01192,0,False,False,False,187.7344,0.3515625
LighteRTZ - ISGaming,CounterTerrorist,2646.865,1158.527,160.0313,P250,100,0,1.925243,-12.27148,0,False,False,False,187.7344,0.3515625
LighteRTZ - ISGaming,CounterTerrorist,2646.81,1158.939,160.0313,P250,100,0,-3.296069,24.2142,0,False,False,False,187.7344,0.3515625
LighteRTZ - ISGaming,CounterTerrorist,2646.633,1160.243,160.0313,P250,100,0,-7.106358,52.20605,0,False,False,False,187.7344,0.3515625
LighteRTZ - ISGaming,CounterTerrorist,2646.336,1162.421,160.0313,P250,100,0,-10.92705,80.1965,0,False,False,False,187.7344,0.3515625
LighteRTZ - ISGaming,CounterTerrorist,2645.922,1165.449,160.0313,P250,100,0,-14.59028,106.3728,0,False,False,False,188.0859,0.3515625
LighteRTZ - ISGaming,CounterTerrorist,2645.436,1168.979,160.0313,P250,100,0,-14.95292,108.5283,0,False,False,False,188.0859,0.3515625
LighteRTZ - ISGaming,CounterTerrorist,2645.125,1171.27,160.0313,P250,100,0,-7.0787,53.00723,0,False,False,False,188.0859,0.3515625
LighteRTZ - ISGaming,CounterTerrorist,2645.048,1171.883,160.0313,P250,100,0,0,0,0,False,False,False,188.0859,0.3515625
LighteRTZ - ISGaming,CounterTerrorist,2645.142,1171.236,160.0313,P250,100,0,4.534313,-31.17195,0,False,False,False,188.0859,0.3515625
LighteRTZ - ISGaming,CounterTerrorist,2645.363,1169.716,160.0313,P250,100,0,8.6008,-59.12775,0,False,False,False,188.0859,0.3515625
LighteRTZ - ISGaming,CounterTerrorist,2645.711,1167.323,160.0313,P250,100,0,12.6618,-87.04586,0,False,False,False,188.0859,0.3515625
LighteRTZ - ISGaming,CounterTerrorist,2646.156,1164.262,160.0313,P250,100,0,13.34304,-91.72914,0,False,False,False,188.0859,0.3515625
LighteRTZ - ISGaming,CounterTerrorist,2646.419,1162.46,160.0313,P250,100,0,5.459712,-37.53377,0,False,False,False,188.0859,0.3515625
LighteRTZ - ISGaming,CounterTerrorist,2646.443,1162.289,160.0313,P250,100,0,-1.484448,10.2051,0,False,False,False,188.0859,0.3515625
LighteRTZ - ISGaming,CounterTerrorist,2646.317,1163.154,160.0313,P250,100,0,-5.550935,38.1609,0,False,False,False,188.0859,0.3515625
LighteRTZ - ISGaming,CounterTerrorist,2646.064,1164.892,160.0313,P250,100,0,-9.617421,66.1167,0,False,False,False,188.0859,0.3515625
LighteRTZ - ISGaming,CounterTerrorist,2645.685,1167.501,160.0313,P250,100,0,-13.65221,93.71175,0,False,False,False,188.4375,0.3515625
LighteRTZ - ISGaming,CounterTerrorist,2645.222,1170.674,160.0313,P250,100,0,-14.27064,97.7865,0,False,False,False,188.4375,0.3515625
LighteRTZ - ISGaming,CounterTerrorist,2644.819,1173.432,160.0313,P250,100,0,-12.08919,82.83855,0,False,False,False,188.4375,0.3515625
LighteRTZ - ISGaming,CounterTerrorist,2644.479,1175.764,160.0313,P250,100,0,-10.18825,69.81277,0,False,False,False,188.4375,0.3515625
LighteRTZ - ISGaming,CounterTerrorist,2644.197,1177.694,160.0313,P250,100,0,-8.310953,56.94903,0,False,False,False,188.4375,0.3515625
LighteRTZ - ISGaming,CounterTerrorist,2644.092,1178.426,160.0313,P250,100,0,-0.3925072,3.280141,0,False,False,False,188.4375,0.3515625
LighteRTZ - ISGaming,CounterTerrorist,2644.188,1177.781,160.0313,P250,100,0,4.622315,-31.10491,0,False,False,False,188.4375,0.3515625
LighteRTZ - ISGaming,CounterTerrorist,2644.414,1176.263,160.0313,P250,100,0,8.773924,-59.04819,0,False,False,False,188.4375,0.3515625
LighteRTZ - ISGaming,CounterTerrorist,2644.769,1173.873,160.0313,P250,100,0,12.92037,-86.95593,0,False,False,False,188.4375,0.3515625
LighteRTZ - ISGaming,CounterTerrorist,2645.247,1170.655,160.0313,P250,100,0,16.64819,-112.046,0,False,False,False,188.4375,0.3515625
LighteRTZ - ISGaming,CounterTerrorist,2645.83,1166.73,160.0313,P250,100,0,19.80616,-133.3006,0,False,False,False,188.4375,0.3515625
LighteRTZ - ISGaming,CounterTerrorist,2646.502,1162.206,160.0313,P250,100,0,22.48139,-151.3062,0,False,False,False,188.4375,0.3515625
LighteRTZ - ISGaming,CounterTerrorist,2647.146,1157.874,160.0313,P250,100,0,17.41348,-117.1976,0,False,False,False,188.4375,0.3515625
LighteRTZ - ISGaming,CounterTerrorist,2647.523,1155.336,160.0313,P250,100,0,9.018433,-60.69608,0,False,False,False,188.4375,0.3515625
LighteRTZ - ISGaming,CounterTerrorist,2647.649,1154.487,160.0313,P250,100,0,1.045417,-7.035166,0,False,False,False,188.4375,0.3515625
LighteRTZ - ISGaming,CounterTerrorist,2647.571,1155.014,160.0313,P250,100,0,-4.061788,27.33748,0,False,False,False,188.4375,0.3515625
LighteRTZ - ISGaming,CounterTerrorist,2647.363,1156.414,160.0313,P250,100,0,-8.213609,55.28072,0,False,False,False,188.4375,0.3515625
LighteRTZ - ISGaming,CounterTerrorist,2647.024,1158.688,160.0313,P250,100,0,-12.40422,83.21819,0,False,False,False,188.4375,0.3515625
LighteRTZ - ISGaming,CounterTerrorist,2646.56,1161.8,160.0313,P250,100,0,-16.24998,108.8737,0,False,False,False,188.4375,0.3515625
LighteRTZ - ISGaming,CounterTerrorist,2645.999,1165.555,160.0313,P250,100,0,-17.9819,120.4085,0,False,False,False,188.4375,0.3515625
LighteRTZ - ISGaming,CounterTerrorist,2645.607,1168.185,160.0313,P250,100,0,-9.478043,63.5377,0,False,False,False,188.4375,0.3515625
LighteRTZ - ISGaming,CounterTerrorist,2645.467,1169.123,160.0313,P250,100,0,-1.458883,9.883667,0,False,False,False,188.4375,0.3515625
LighteRTZ - ISGaming,CounterTerrorist,2645.532,1168.685,160.0313,P250,100,0,3.664385,-24.48662,0,False,False,False,188.4375,0.3515625
LighteRTZ - ISGaming,CounterTerrorist,2645.729,1167.375,160.0313,P250,100,0,7.844407,-52.42566,0,False,False,False,188.4375,0.3515625
LighteRTZ - ISGaming,CounterTerrorist,2646.055,1165.19,160.0313,P250,100,0,11.98589,-80.37045,0,False,False,False,188.4375,0.3515625
LighteRTZ - ISGaming,CounterTerrorist,2646.505,1162.158,160.0313,P250,100,0,15.81749,-106.4729,0,False,False,False,188.4375,0.3515625
LighteRTZ - ISGaming,CounterTerrorist,2646.984,1158.936,160.0313,P250,100,0,13.22348,-89.00359,0,False,False,False,188.4375,0.3515625
LighteRTZ - ISGaming,CounterTerrorist,2647.24,1157.215,160.0313,P250,100,0,5.229119,-34.93596,0,False,False,False,188.4375,0.3515625
LighteRTZ - ISGaming,CounterTerrorist,2647.255,1157.121,160.0313,P250,100,0,-1.800122,12.29382,0,False,False,False,188.4375,0.3515625
LighteRTZ - ISGaming,CounterTerrorist,2647.118,1158.051,160.0313,P250,100,0,-5.930375,40.24026,0,False,False,False,188.4375,0.3515625
LighteRTZ - ISGaming,CounterTerrorist,2646.852,1159.854,160.0313,P250,100,0,-10.0553,68.18748,0,False,False,False,188.4375,0.3515625
LighteRTZ - ISGaming,CounterTerrorist,2646.458,1162.526,160.0313,P250,100,0,-14.10216,95.61081,0,False,False,False,188.4375,0.3515625
LighteRTZ - ISGaming,CounterTerrorist,2645.947,1165.988,160.0313,P250,100,0,-17.61027,119.3836,0,False,False,False,188.4375,0.3515625
LighteRTZ - ISGaming,CounterTerrorist,2645.475,1169.189,160.0313,P250,100,0,-11.91274,80.76312,0,False,False,False,188.4375,0.3515625
LighteRTZ - ISGaming,CounterTerrorist,2645.257,1170.663,160.0313,P250,100,0,-3.985322,27.02824,0,False,False,False,188.4375,0.3515625
LighteRTZ - ISGaming,CounterTerrorist,2645.273,1170.555,160.0313,P250,100,0,2.490684,-17.19555,0,False,False,False,188.0859,0.3515625
LighteRTZ - ISGaming,CounterTerrorist,2645.428,1169.471,160.0313,P250,100,0,6.411265,-45.17219,0,False,False,False,187.7344,0.3515625
LighteRTZ - ISGaming,CounterTerrorist,2645.702,1167.513,160.0313,P250,100,0,10.17367,-73.17069,0,False,False,False,187.7344,0.3515625
LighteRTZ - ISGaming,CounterTerrorist,2646.059,1164.926,160.0313,P250,100,0,11.07788,-80.19823,0,False,False,False,187.7344,0.3515625
LighteRTZ - ISGaming,CounterTerrorist,2646.338,1162.912,160.0313,P250,100,0,6.531046,-46.84274,0,False,False,False,187.7344,0.3515625
LighteRTZ - ISGaming,CounterTerrorist,2646.399,1162.498,160.0313,P250,100,0,-0.8592359,6.900731,0,False,False,False,187.7344,0.3515625
LighteRTZ - ISGaming,CounterTerrorist,2646.297,1163.26,160.0313,P250,100,0,-4.690779,34.88993,0,False,False,False,187.7344,0.3515625
LighteRTZ - ISGaming,CounterTerrorist,2646.076,1164.897,160.0313,P250,100,0,-8.498535,62.88215,0,False,False,False,187.7344,0.3515625
LighteRTZ - ISGaming,CounterTerrorist,2645.736,1167.408,160.0313,P250,100,0,-12.31385,90.68304,0,False,False,False,187.7344,0.3515625
LighteRTZ - ISGaming,CounterTerrorist,2645.282,1170.731,160.0313,P250,100,0,-15.76388,115.2565,0,False,False,False,187.7344,0.3515625
LighteRTZ - ISGaming,CounterTerrorist,2644.861,1173.816,160.0313,P250,100,0,-10.49417,77.24599,0,False,False,False,188.0859,0.3515625
LighteRTZ - ISGaming,CounterTerrorist,2644.679,1175.181,160.0313,P250,100,0,-3.032787,23.51173,0,False,False,False,188.0859,0.3515625
LighteRTZ - ISGaming,CounterTerrorist,2644.705,1175.016,160.0313,P250,100,0,2.44278,-17.37635,0,False,False,False,188.0859,0.3515625
LighteRTZ - ISGaming,CounterTerrorist,2644.858,1173.927,160.0313,P250,100,0,6.364759,-45.35278,0,False,False,False,188.0859,0.3515625
LighteRTZ - ISGaming,CounterTerrorist,2645.134,1171.963,160.0313,P250,100,0,10.28829,-73.32899,0,False,False,False,188.0859,0.3515625
LighteRTZ - ISGaming,CounterTerrorist,2645.52,1169.216,160.0313,P250,100,0,12.64363,-90.12323,0,False,False,False,187.7344,0.3515625
LighteRTZ - ISGaming,CounterTerrorist,2645.767,1167.463,160.0313,P250,100,0,5.083447,-35.95112,0,False,False,False,187.7344,0.3515625
LighteRTZ - ISGaming,CounterTerrorist,2645.785,1167.338,160.0313,P250,100,0,-1.567855,11.33345,0,False,False,False,187.7344,0.3515625
LighteRTZ - ISGaming,CounterTerrorist,2645.66,1168.239,160.0313,P250,100,0,-5.46891,39.31281,0,False,False,False,187.7344,0.3515625
LighteRTZ - ISGaming,CounterTerrorist,2645.413,1170.014,160.0313,P250,100,0,-9.365746,67.29276,0,False,False,False,187.7344,0.3515625
LighteRTZ - ISGaming,CounterTerrorist,2645.044,1172.659,160.0313,P250,100,0,-13.25923,94.81738,0,False,False,False,188.0859,0.3515625
LighteRTZ - ISGaming,CounterTerrorist,2644.606,1175.783,160.0313,P250,100,0,-12.39162,88.52695,0,False,False,False,188.0859,0.3515625
LighteRTZ - ISGaming,CounterTerrorist,2644.369,1177.489,160.0313,P250,100,0,-4.769539,34.42981,0,False,False,False,188.0859,0.3515625
LighteRTZ - ISGaming,CounterTerrorist,2644.36,1177.566,160.0313,P250,100,0,1.836401,-12.861,0,False,False,False,188.0859,0.3515625
LighteRTZ - ISGaming,CounterTerrorist,2644.494,1176.617,160.0313,P250,100,0,5.779736,-40.83443,0,False,False,False,188.0859,0.3515625
LighteRTZ - ISGaming,CounterTerrorist,2644.752,1174.795,160.0313,P250,100,0,9.730219,-68.80686,0,False,False,False,188.0859,0.3515625
LighteRTZ - ISGaming,CounterTerrorist,2645.132,1172.104,160.0313,P250,100,0,13.60132,-96.21001,0,False,False,False,188.0859,0.3515625
LighteRTZ - ISGaming,CounterTerrorist,2645.624,1168.625,160.0313,P250,100,0,16.95149,-119.9251,0,False,False,False,188.0859,0.3515625
LighteRTZ - ISGaming,CounterTerrorist,2646.091,1165.322,160.0313,P250,100,0,12.93812,-91.37897,0,False,False,False,187.7344,0.3515625
LighteRTZ - ISGaming,CounterTerrorist,2646.347,1163.532,160.0313,P250,100,0,5.38785,-37.15288,0,False,False,False,187.7344,0.3515625
LighteRTZ - ISGaming,CounterTerrorist,2646.374,1163.37,160.0313,P250,100,0,-1.41172,10.21542,0,False,False,False,187.7344,0.3515625
LighteRTZ - ISGaming,CounterTerrorist,2646.254,1164.236,160.0313,P250,100,0,-5.278975,38.19946,0,False,False,False,187.7344,0.3515625
LighteRTZ - ISGaming,CounterTerrorist,2646.013,1165.977,160.0313,P250,100,0,-9.146232,66.18352,0,False,False,False,187.7344,0.3515625
LighteRTZ - ISGaming,CounterTerrorist,2645.652,1168.588,160.0313,P250,100,0,-12.96399,93.80943,0,False,False,False,187.7344,0.3515625
LighteRTZ - ISGaming,CounterTerrorist,2645.181,1172,160.0313,P250,100,0,-16.29427,117.9078,0,False,False,False,187.7344,0.3515625
LighteRTZ - ISGaming,CounterTerrorist,2644.68,1175.626,160.0313,P250,100,0,-15.05004,108.9044,0,False,False,False,187.7344,0.3515625
LighteRTZ - ISGaming,CounterTerrorist,2644.362,1177.927,160.0313,P250,100,0,-7.367268,53.31065,0,False,False,False,187.7344,0.3515625
LighteRTZ - ISGaming,CounterTerrorist,2644.276,1178.547,160.0313,P250,100,0,0,0,0,False,False,False,187.7344,0.3515625
LighteRTZ - ISGaming,CounterTerrorist,2644.365,1177.899,160.0313,P250,100,0,4.312161,-31.20345,0,False,False,False,187.7344,0.3515625
LighteRTZ - ISGaming,CounterTerrorist,2644.576,1176.378,160.0313,P250,100,0,8.179418,-59.1875,0,False,False,False,187.7344,0.3515625
LighteRTZ - ISGaming,CounterTerrorist,2644.907,1173.982,160.0313,P250,100,0,12.04146,-87.13383,0,False,False,False,187.7344,0.3515625
LighteRTZ - ISGaming,CounterTerrorist,2645.353,1170.758,160.0313,P250,100,0,15.51276,-112.2527,0,False,False,False,187.7344,0.3515625
LighteRTZ - ISGaming,CounterTerrorist,2645.896,1166.826,160.0313,P250,100,0,18.45343,-133.5318,0,False,False,False,187.7344,0.3515625
LighteRTZ - ISGaming,CounterTerrorist,2646.522,1162.294,160.0313,P250,100,0,20.94458,-151.5581,0,False,False,False,187.7344,0.3515625
LighteRTZ - ISGaming,CounterTerrorist,2647.007,1158.786,160.0313,P250,100,0,12.43093,-89.95204,0,False,False,False,187.7344,0.3515625
LighteRTZ - ISGaming,CounterTerrorist,2647.249,1157.038,160.0313,P250,100,0,4.944324,-35.77786,0,False,False,False,187.7344,0.3515625
LighteRTZ - ISGaming,CounterTerrorist,2647.265,1156.919,160.0313,P250,100,0,-1.592367,11.52261,0,False,False,False,187.7344,0.3515625
LighteRTZ - ISGaming,CounterTerrorist,2647.139,1157.826,160.0313,P250,100,0,-5.459622,39.50665,0,False,False,False,187.7344,0.3515625
LighteRTZ - ISGaming,CounterTerrorist,2646.893,1159.607,160.0313,P250,100,0,-9.326879,67.49071,0,False,False,False,187.7344,0.3515625
LighteRTZ - ISGaming,CounterTerrorist,2646.527,1162.258,160.0313,P250,100,0,-13.13026,95.01256,0,False,False,False,187.7344,0.3515625
LighteRTZ - ISGaming,CounterTerrorist,2646.083,1165.468,160.0313,P250,100,0,-13.66904,98.91122,0,False,False,False,187.7344,0.3515625
LighteRTZ - ISGaming,CounterTerrorist,2645.731,1168.021,160.0313,P250,100,0,-8.781186,63.69209,0,False,False,False,187.7344,0.3515625
LighteRTZ - ISGaming,CounterTerrorist,2645.602,1168.961,160.0313,P250,100,0,-1.325616,9.956858,0,False,False,False,187.7344,0.3515625
LighteRTZ - ISGaming,CounterTerrorist,2645.663,1168.525,160.0313,P250,100,0,3.408689,-24.46935,0,False,False,False,187.7344,0.3515625
LighteRTZ - ISGaming,CounterTerrorist,2645.846,1167.214,160.0313,P250,100,0,7.303834,-52.44953,0,False,False,False,187.7344,0.3515625
LighteRTZ - ISGaming,CounterTerrorist,2646.15,1165.028,160.0313,P250,100,0,11.15916,-80.43522,0,False,False,False,187.7344,0.3515625
LighteRTZ - ISGaming,CounterTerrorist,2646.57,1161.993,160.0313,P250,100,0,14.70584,-106.5862,0,False,False,False,187.7344,0.3515625
LighteRTZ - ISGaming,CounterTerrorist,2647.078,1158.3,160.0313,P250,100,0,16.30068,-118.524,0,False,False,False,187.7344,0.3515625
LighteRTZ - ISGaming,CounterTerrorist,2647.505,1155.194,160.0313,P250,100,0,11.08356,-80.38462,0,False,False,False,187.7344,0.3515625
LighteRTZ - ISGaming,CounterTerrorist,2647.708,1153.733,160.0313,P250,100,0,3.730901,-26.58826,0,False,False,False,187.7344,0.3515625
LighteRTZ - ISGaming,CounterTerrorist,2647.693,1153.844,160.0313,P250,100,0,-2.343496,17.21623,0,False,False,False,187.7344,0.3515625
LighteRTZ - ISGaming,CounterTerrorist,2647.546,1154.929,160.0313,P250,100,0,-6.153786,45.20809,0,False,False,False,187.7344,0.3515625
LighteRTZ - ISGaming,CounterTerrorist,2647.279,1156.889,160.0313,P250,100,0,-9.964076,73.19994,0,False,False,False,187.7344,0.3515625
LighteRTZ - ISGaming,CounterTerrorist,2646.895,1159.712,160.0313,P250,100,0,-13.65545,100.2404,0,False,False,False,187.7344,0.3515625
LighteRTZ - ISGaming,CounterTerrorist,2646.404,1163.306,160.0313,P250,100,0,-16.90161,123.3527,0,False,False,False,188.0859,0.3515625
LighteRTZ - ISGaming,CounterTerrorist,2645.994,1166.319,160.0313,P250,100,0,-10.13284,75.09532,0,False,False,False,188.0859,0.3515625
LighteRTZ - ISGaming,CounterTerrorist,2645.824,1167.616,160.0313,P250,100,0,-2.61427,21.36937,0,False,False,False,188.0859,0.3515625
LighteRTZ - ISGaming,CounterTerrorist,2645.863,1167.385,160.0313,P250,100,0,2.84534,-19.51778,0,False,False,False,188.0859,0.3515625
LighteRTZ - ISGaming,CounterTerrorist,2646.029,1166.229,160.0313,P250,100,0,6.800879,-47.48953,0,False,False,False,188.0859,0.3515625
LighteRTZ - ISGaming,CounterTerrorist,2646.319,1164.198,160.0313,P250,100,0,10.75337,-75.46168,0,False,False,False,188.0859,0.3515625
LighteRTZ - ISGaming,CounterTerrorist,2646.729,1161.309,160.0313,P250,100,0,14.46949,-102.2214,0,False,False,False,187.7344,0.3515625
LighteRTZ - ISGaming,CounterTerrorist,2647.146,1158.362,160.0313,P250,100,0,10.73812,-75.59996,0,False,False,False,187.7344,0.3515625
LighteRTZ - ISGaming,CounterTerrorist,2647.335,1157.048,160.0313,P250,100,0,3.24626,-21.8699,0,False,False,False,187.7344,0.3515625
LighteRTZ - ISGaming,CounterTerrorist,2647.308,1157.263,160.0313,P250,100,0,-2.590454,18.96548,0,False,False,False,187.7344,0.3515625
LighteRTZ - ISGaming,CounterTerrorist,2647.152,1158.402,160.0313,P250,100,0,-6.469576,46.9479,0,False,False,False,187.7344,0.3515625
LighteRTZ - ISGaming,CounterTerrorist,2646.874,1160.416,160.0313,P250,100,0,-10.36091,74.9286,0,False,False,False,187.7344,0.3515625
LighteRTZ - ISGaming,CounterTerrorist,2646.475,1163.29,160.0313,P250,100,0,-14.16627,101.7446,0,False,False,False,188.0859,0.3515625
LighteRTZ - ISGaming,CounterTerrorist,2645.977,1166.846,160.0313,P250,100,0,-16.03541,114.3956,0,False,False,False,188.0859,0.3515625
LighteRTZ - ISGaming,CounterTerrorist,2645.636,1169.304,160.0313,P250,100,0,-7.955787,58.19942,0,False,False,False,188.0859,0.3515625
LighteRTZ - ISGaming,CounterTerrorist,2645.538,1170.074,160.0313,P250,100,0,-0.2905726,4.495067,0,False,False,False,188.4375,0.3515625
LighteRTZ - ISGaming,CounterTerrorist,2645.629,1169.466,160.0313,P250,100,0,4.428997,-29.92394,0,False,False,False,188.4375,0.3515625
LighteRTZ - ISGaming,CounterTerrorist,2645.847,1167.985,160.0313,P250,100,0,8.511004,-57.87749,0,False,False,False,188.4375,0.3515625
LighteRTZ - ISGaming,CounterTerrorist,2646.193,1165.631,160.0313,P250,100,0,12.59,-85.83145,0,False,False,False,188.0859,0.3515625
LighteRTZ - ISGaming,CounterTerrorist,2646.659,1162.444,160.0313,P250,100,0,16.21082,-111.1164,0,False,False,False,188.0859,0.3515625
LighteRTZ - ISGaming,CounterTerrorist,2647.225,1158.545,160.0313,P250,100,0,19.18083,-132.5502,0,False,False,False,188.0859,0.3515625
LighteRTZ - ISGaming,CounterTerrorist,2647.743,1154.972,160.0313,P250,100,0,13.39758,-91.89481,0,False,False,False,188.0859,0.3515625
LighteRTZ - ISGaming,CounterTerrorist,2648.011,1153.166,160.0313,P250,100,0,5.699069,-37.66609,0,False,False,False,188.0859,0.3515625
LighteRTZ - ISGaming,CounterTerrorist,2648.042,1152.992,160.0313,P250,100,0,-1.432506,10.21252,0,False,False,False,188.0859,0.3515625
LighteRTZ - ISGaming,CounterTerrorist,2647.921,1153.858,160.0313,P250,100,0,-5.356705,38.18864,0,False,False,False,188.0859,0.3515625
LighteRTZ - ISGaming,CounterTerrorist,2647.677,1155.597,160.0313,P250,100,0,-9.280904,66.16476,0,False,False,False,188.0859,0.3515625
LighteRTZ - ISGaming,CounterTerrorist,2647.31,1158.208,160.0313,P250,100,0,-13.2247,93.77298,0,False,False,False,188.0859,0.3515625
LighteRTZ - ISGaming,CounterTerrorist,2646.872,1161.303,160.0313,P250,100,0,-12.36785,87.64146,0,False,False,False,188.0859,0.3515625
LighteRTZ - ISGaming,CounterTerrorist,2646.638,1162.982,160.0313,P250,100,0,-4.580111,33.60419,0,False,False,False,188.0859,0.3515625
LighteRTZ - ISGaming,CounterTerrorist,2646.636,1163.033,160.0313,P250,100,0,2.053623,-13.68157,0,False,False,False,188.0859,0.3515625
LighteRTZ - ISGaming,CounterTerrorist,2646.779,1162.06,160.0313,P250,100,0,6.090152,-41.64177,0,False,False,False,188.0859,0.3515625
LighteRTZ - ISGaming,CounterTerrorist,2647.049,1160.213,160.0313,P250,100,0,10.14924,-69.59864,0,False,False,False,188.0859,0.3515625
LighteRTZ - ISGaming,CounterTerrorist,2647.443,1157.498,160.0313,P250,100,0,14.05997,-96.92837,0,False,False,False,188.0859,0.3515625
LighteRTZ - ISGaming,CounterTerrorist,2647.927,1154.158,160.0313,P250,100,0,14.48172,-100.1076,0,False,False,False,188.0859,0.3515625
LighteRTZ - ISGaming,CounterTerrorist,2648.224,1152.111,160.0313,P250,100,0,6.638591,-45.28326,0,False,False,False,188.0859,0.3515625
LighteRTZ - ISGaming,CounterTerrorist,2648.28,1151.745,160.0313,P250,100,0,-1.148351,8.403864,0,False,False,False,188.0859,0.3515625
LighteRTZ - ISGaming,CounterTerrorist,2648.166,1152.554,160.0313,P250,100,0,-5.158971,36.36781,0,False,False,False,188.0859,0.3515625
LighteRTZ - ISGaming,CounterTerrorist,2647.927,1154.236,160.0313,P250,100,0,-9.14454,64.33524,0,False,False,False,188.0859,0.3515625
LighteRTZ - ISGaming,CounterTerrorist,2647.562,1156.791,160.0313,P250,100,0,-13.15189,92.04637,0,False,False,False,188.0859,0.3515625
LighteRTZ - ISGaming,CounterTerrorist,2647.079,1160.152,160.0313,P250,100,0,-16.76739,116.3696,0,False,False,False,188.4375,0.3515625
LighteRTZ - ISGaming,CounterTerrorist,2646.492,1164.199,160.0313,P250,100,0,-19.9474,136.9573,0,False,False,False,188.4375,0.3515625
LighteRTZ - ISGaming,CounterTerrorist,2645.862,1168.512,160.0313,P250,100,0,-18.13168,124.2144,0,False,False,False,188.4375,0.3515625
LighteRTZ - ISGaming,CounterTerrorist,2645.467,1171.25,160.0313,P250,100,0,-9.540009,66.86185,0,False,False,False,188.4375,0.3515625
LighteRTZ - ISGaming,CounterTerrorist,2645.325,1172.291,160.0313,P250,100,0,-1.566697,13.20187,0,False,False,False,188.4375,0.3515625
LighteRTZ - ISGaming,CounterTerrorist,2645.386,1171.889,160.0313,P250,100,0,3.665277,-24.16107,0,False,False,False,188.4375,0.3515625
LighteRTZ - ISGaming,CounterTerrorist,2645.583,1170.588,160.0313,P250,100,0,7.902375,-52.09151,0,False,False,False,188.4375,0.3515625
LighteRTZ - ISGaming,CounterTerrorist,2645.913,1168.415,160.0313,P250,100,0,12.13947,-80.02196,0,False,False,False,188.4375,0.3515625
LighteRTZ - ISGaming,CounterTerrorist,2646.264,1166.097,160.0313,P250,100,0,8.561965,-56.43945,0,False,False,False,188.4375,0.3515625
LighteRTZ - ISGaming,CounterTerrorist,2646.373,1165.381,160.0313,P250,100,0,0.4252372,-2.803108,0,False,False,False,188.4375,0.3515625
LighteRTZ - ISGaming,CounterTerrorist,2646.276,1166.027,160.0313,P250,100,0,-4.724551,31.14368,0,False,False,False,188.4375,0.3515625
LighteRTZ - ISGaming,CounterTerrorist,2646.045,1167.545,160.0313,P250,100,0,-8.96165,59.07412,0,False,False,False,188.4375,0.3515625
LighteRTZ - ISGaming,CounterTerrorist,2645.682,1169.937,160.0313,P250,100,0,-13.20341,86.96533,0,False,False,False,188.789,0.3515625
LighteRTZ - ISGaming,CounterTerrorist,2645.193,1173.154,160.0313,P250,100,0,-17.07401,112.0258,0,False,False,False,188.789,0.3515625
LighteRTZ - ISGaming,CounterTerrorist,2644.593,1177.078,160.0313,P250,100,0,-20.42143,133.2448,0,False,False,False,188.789,0.3515625
LighteRTZ - ISGaming,CounterTerrorist,2644.136,1180.072,160.0313,P250,100,0,-11.28463,74.54196,0,False,False,False,188.789,0.3515625
LighteRTZ - ISGaming,CounterTerrorist,2643.947,1181.354,160.0313,P250,100,0,-2.969069,20.93334,0,False,False,False,188.789,0.3515625
LighteRTZ - ISGaming,CounterTerrorist,2643.989,1181.111,160.0313,P250,100,0,3.168154,-19.85712,0,False,False,False,188.789,0.3515625
LighteRTZ - ISGaming,CounterTerrorist,2644.173,1179.945,160.0313,P250,100,0,7.527655,-47.76875,0,False,False,False,188.789,0.3515625
LighteRTZ - ISGaming,CounterTerrorist,2644.493,1177.907,160.0313,P250,100,0,11.88994,-75.67992,0,False,False,False,188.789,0.3515625
LighteRTZ - ISGaming,CounterTerrorist,2644.946,1175.013,160.0313,P250,100,0,15.95993,-102.3426,0,False,False,False,188.789,0.3515625
LighteRTZ - ISGaming,CounterTerrorist,2645.512,1171.361,160.0313,P250,100,0,19.29999,-125.0691,0,False,False,False,188.4375,0.3515625
LighteRTZ - ISGaming,CounterTerrorist,2646.169,1167.069,160.0313,P250,100,0,22.01231,-144.3389,0,False,False,False,188.4375,0.3515625
LighteRTZ - ISGaming,CounterTerrorist,2646.766,1163.164,160.0313,P250,100,0,15.7037,-101.8947,0,False,False,False,188.0859,0.3515625
LighteRTZ - ISGaming,CounterTerrorist,2647.097,1161.065,160.0313,P250,100,0,7.604248,-46.95155,0,False,False,False,188.0859,0.3515625
LighteRTZ - ISGaming,CounterTerrorist,2647.176,1160.645,160.0313,P250,100,0,-0.6524904,6.654161,0,False,False,False,188.0859,0.3515625
LighteRTZ - ISGaming,CounterTerrorist,2647.071,1161.398,160.0313,P250,100,0,-4.90487,34.58684,0,False,False,False,188.0859,0.3515625
LighteRTZ - ISGaming,CounterTerrorist,2646.838,1163.025,160.0313,P250,100,0,-8.96624,62.5434,0,False,False,False,188.0859,0.3515625
LighteRTZ - ISGaming,CounterTerrorist,2646.479,1165.524,160.0313,P250,100,0,-13.01976,90.32169,0,False,False,False,188.0859,0.3515625
LighteRTZ - ISGaming,CounterTerrorist,2646.011,1168.757,160.0313,P250,100,0,-15.13073,104.7093,0,False,False,False,188.0859,0.3515625
LighteRTZ - ISGaming,CounterTerrorist,2645.619,1171.474,160.0313,P250,100,0,-9.90921,68.70751,0,False,False,False,188.0859,0.3515625
LighteRTZ - ISGaming,CounterTerrorist,2645.461,1172.573,160.0313,P250,100,0,-2.122199,15.01931,0,False,False,False,188.0859,0.3515625
LighteRTZ - ISGaming,CounterTerrorist,2645.519,1172.182,160.0313,P250,100,0,3.517691,-24.183,0,False,False,False,188.0859,0.3515625
LighteRTZ - ISGaming,CounterTerrorist,2645.708,1170.881,160.0313,P250,100,0,7.584178,-52.1388,0,False,False,False,188.0859,0.3515625
LighteRTZ - ISGaming,CounterTerrorist,2646.024,1168.705,160.0313,P250,100,0,11.59166,-80.10312,0,False,False,False,188.0859,0.3515625
LighteRTZ - ISGaming,CounterTerrorist,2646.326,1166.621,160.0313,P250,100,0,6.780095,-46.45892,0,False,False,False,188.0859,0.3515625
LighteRTZ - ISGaming,CounterTerrorist,2646.387,1166.218,160.0313,P250,100,0,-0.9536524,7.236143,0,False,False,False,188.0859,0.3515625
LighteRTZ - ISGaming,CounterTerrorist,2646.279,1166.99,160.0313,P250,100,0,-4.952081,35.20195,0,False,False,False,188.0859,0.3515625
LighteRTZ - ISGaming,CounterTerrorist,2646.047,1168.637,160.0313,P250,100,0,-8.910419,63.17326,0,False,False,False,188.0859,0.3515625
LighteRTZ - ISGaming,CounterTerrorist,2645.692,1171.156,160.0313,P250,100,0,-12.83744,90.94443,0,False,False,False,188.0859,0.3515625
LighteRTZ - ISGaming,CounterTerrorist,2645.397,1173.245,160.0313,P250,100,0,-6.578602,46.63588,0,False,False,False,188.0859,0.3515625
LighteRTZ - ISGaming,CounterTerrorist,2645.339,1173.653,160.0313,P250,100,0,1.004621,-7.081501,0,False,False,False,188.0859,0.3515625
LighteRTZ - ISGaming,CounterTerrorist,2645.448,1172.886,160.0313,P250,100,0,4.954633,-35.05399,0,False,False,False,188.0859,0.3515625
LighteRTZ - ISGaming,CounterTerrorist,2645.68,1171.244,160.0313,P250,100,0,8.906977,-63.02615,0,False,False,False,188.0859,0.3515625
LighteRTZ - ISGaming,CounterTerrorist,2646.035,1168.73,160.0313,P250,100,0,12.82159,-90.80505,0,False,False,False,188.0859,0.3515625
LighteRTZ - ISGaming,CounterTerrorist,2646.504,1165.402,160.0313,P250,100,0,16.23149,-115.3547,0,False,False,False,187.7344,0.3515625
LighteRTZ - ISGaming,CounterTerrorist,2646.856,1162.918,160.0313,P250,100,0,8.439591,-59.00234,0,False,False,False,187.7344,0.3515625
LighteRTZ - ISGaming,CounterTerrorist,2646.975,1162.124,160.0313,P250,100,0,1.045099,-5.259716,0,False,False,False,187.7344,0.3515625
LighteRTZ - ISGaming,CounterTerrorist,2646.9,1162.706,160.0313,P250,100,0,-3.851608,29.13872,0,False,False,False,187.7344,0.3515625
LighteRTZ - ISGaming,CounterTerrorist,2646.706,1164.164,160.0313,P250,100,0,-7.62088,57.13615,0,False,False,False,187.7344,0.3515625
LighteRTZ - ISGaming,CounterTerrorist,2646.394,1166.496,160.0313,P250,100,0,-11.4013,85.13206,0,False,False,False,187.7344,0.3515625
LighteRTZ - ISGaming,CounterTerrorist,2646,1169.427,160.0313,P250,100,0,-12.17644,90.54493,0,False,False,False,187.7344,0.3515625
LighteRTZ - ISGaming,CounterTerrorist,2645.765,1171.193,160.0313,P250,100,0,-4.727486,36.34303,0,False,False,False,187.7344,0.3515625
LighteRTZ - ISGaming,CounterTerrorist,2645.752,1171.329,160.0313,P250,100,0,1.564177,-10.99287,0,False,False,False,187.7344,0.3515625
LighteRTZ - ISGaming,CounterTerrorist,2645.877,1170.439,160.0313,P250,100,0,5.441937,-38.97549,0,False,False,False,187.7344,0.3515625
LighteRTZ - ISGaming,CounterTerrorist,2646.123,1168.674,160.0313,P250,100,0,9.334039,-66.95609,0,False,False,False,187.7344,0.3515625
LighteRTZ - ISGaming,CounterTerrorist,2646.49,1166.039,160.0313,P250,100,0,13.14902,-94.51881,0,False,False,False,187.7344,0.3515625
LighteRTZ - ISGaming,CounterTerrorist,2646.956,1162.687,160.0313,P250,100,0,15.0393,-108.2934,0,False,False,False,187.7344,0.3515625
LighteRTZ - ISGaming,CounterTerrorist,2647.315,1160.1,160.0313,P250,100,0,8.654403,-62.17375,0,False,False,False,187.7344,0.3515625
LighteRTZ - ISGaming,CounterTerrorist,2647.44,1159.207,160.0313,P250,100,0,1.208736,-8.437141,0,False,False,False,187.7344,0.3515625
LighteRTZ - ISGaming,CounterTerrorist,2647.374,1159.691,160.0313,P250,100,0,-3.584696,25.9807,0,False,False,False,187.7344,0.3515625
LighteRTZ - ISGaming,CounterTerrorist,2647.186,1161.049,160.0313,P250,100,0,-7.45376,53.96449,0,False,False,False,187.7344,0.3515625
LighteRTZ - ISGaming,CounterTerrorist,2646.878,1163.282,160.0313,P250,100,0,-11.32173,81.94844,0,False,False,False,187.7344,0.3515625
LighteRTZ - ISGaming,CounterTerrorist,2646.496,1166.044,160.0313,P250,100,0,-10.72524,77.62872,0,False,False,False,187.7344,0.3515625
LighteRTZ - ISGaming,CounterTerrorist,2646.306,1167.42,160.0313,P250,100,0,-3.299318,23.88935,0,False,False,False,187.7344,0.3515625
LighteRTZ - ISGaming,CounterTerrorist,2646.327,1167.264,160.0313,P250,100,0,2.378534,-17.21143,0,False,False,False,187.7344,0.3515625
LighteRTZ - ISGaming,CounterTerrorist,2646.477,1166.179,160.0313,P250,100,0,6.24579,-45.19548,0,False,False,False,187.7344,0.3515625
LighteRTZ - ISGaming,CounterTerrorist,2646.748,1164.221,160.0313,P250,100,0,10.11305,-73.17953,0,False,False,False,187.7344,0.3515625
LighteRTZ - ISGaming,CounterTerrorist,2646.963,1162.664,160.0313,P250,100,0,4.098265,-29.65567,0,False,False,False,187.7344,0.3515625
LighteRTZ - ISGaming,CounterTerrorist,2646.954,1162.73,160.0313,P250,100,0,-2.378534,17.21143,0,False,False,False,187.7344,0.3515625
LighteRTZ - ISGaming,CounterTerrorist,2646.804,1163.814,160.0313,P250,100,0,-6.24579,45.19548,0,False,False,False,187.7344,0.3515625
LighteRTZ - ISGaming,CounterTerrorist,2646.533,1165.773,160.0313,P250,100,0,-10.11305,73.17953,0,False,False,False,187.7344,0.3515625
LighteRTZ - ISGaming,CounterTerrorist,2646.143,1168.596,160.0313,P250,100,0,-13.84905,100.2138,0,False,False,False,187.7344,0.3515625
LighteRTZ - ISGaming,CounterTerrorist,2645.647,1172.189,160.0313,P250,100,0,-17.04404,123.3332,0,False,False,False,187.7344,0.3515625
LighteRTZ - ISGaming,CounterTerrorist,2645.231,1175.201,160.0313,P250,100,0,-10.3732,75.06205,0,False,False,False,187.7344,0.3515625
LighteRTZ - ISGaming,CounterTerrorist,2645.052,1176.497,160.0313,P250,100,0,-2.946701,21.32277,0,False,False,False,187.7344,0.3515625
LighteRTZ - ISGaming,CounterTerrorist,2645.084,1176.265,160.0313,P250,100,0,2.731932,-19.53448,0,False,False,False,188.0859,0.3515625
LighteRTZ - ISGaming,CounterTerrorist,2645.246,1175.108,160.0313,P250,100,0,6.659246,-47.51016,0,False,False,False,188.0859,0.3515625
LighteRTZ - ISGaming,CounterTerrorist,2645.531,1173.077,160.0313,P250,100,0,10.58446,-75.48613,0,False,False,False,188.0859,0.3515625
LighteRTZ - ISGaming,CounterTerrorist,2645.937,1170.187,160.0313,P250,100,0,14.33789,-102.2405,0,False,False,False,188.0859,0.3515625
LighteRTZ - ISGaming,CounterTerrorist,2646.382,1167.009,160.0313,P250,100,0,11.92274,-85.01888,0,False,False,False,188.0859,0.3515625
LighteRTZ - ISGaming,CounterTerrorist,2646.606,1165.409,160.0313,P250,100,0,4.354416,-31.05936,0,False,False,False,188.0859,0.3515625
LighteRTZ - ISGaming,CounterTerrorist,2646.603,1165.438,160.0313,P250,100,0,-2.276544,16.22798,0,False,False,False,188.0859,0.3515625
LighteRTZ - ISGaming,CounterTerrorist,2646.455,1166.491,160.0313,P250,100,0,-6.200634,44.20411,0,False,False,False,188.0859,0.3515625
LighteRTZ - ISGaming,CounterTerrorist,2646.184,1168.419,160.0313,P250,100,0,-10.1248,72.18022,0,False,False,False,188.0859,0.3515625
LighteRTZ - ISGaming,CounterTerrorist,2645.804,1171.132,160.0313,P250,100,0,-12.49909,89.10696,0,False,False,False,188.0859,0.3515625
LighteRTZ - ISGaming,CounterTerrorist,2645.518,1173.168,160.0313,P250,100,0,-6.303728,44.93954,0,False,False,False,188.0859,0.3515625
LighteRTZ - ISGaming,CounterTerrorist,2645.468,1173.523,160.0313,P250,100,0,1.232182,-8.784502,0,False,False,False,188.0859,0.3515625
LighteRTZ - ISGaming,CounterTerrorist,2645.583,1172.702,160.0313,P250,100,0,5.156391,-36.76062,0,False,False,False,188.0859,0.3515625
LighteRTZ - ISGaming,CounterTerrorist,2645.642,1172.284,160.0313,P250,100,0,-0.9469497,6.750911,0,False,False,False,188.0859,0.3515625
LighteRTZ - ISGaming,CounterTerrorist,2645.536,1173.041,160.0313,P250,100,0,-4.871147,34.72703,0,False,False,False,188.0859,0.3515625
LighteRTZ - ISGaming,CounterTerrorist,2645.386,1174.114,160.0313,P250,100,0,-3.06532,21.85307,0,False,False,False,188.0859,0.3515625
LighteRTZ - ISGaming,CounterTerrorist,2645.405,1173.979,160.0313,P250,100,0,1.239803,-8.783427,0,False,False,False,188.0859,0.3515625
LighteRTZ - ISGaming,CounterTerrorist,2645.362,1174.283,160.0313,P250,100,0,-3.087721,21.84991,0,False,False,False,188.0859,0.3515625
LighteRTZ - ISGaming,CounterTerrorist,2645.188,1175.512,160.0313,P250,100,0,-7.069071,49.81796,0,False,False,False,188.0859,0.3515625
LighteRTZ - ISGaming,CounterTerrorist,2644.888,1177.615,160.0313,P250,100,0,-11.09468,77.77967,0,False,False,False,188.0859,0.3515625
LighteRTZ - ISGaming,CounterTerrorist,2644.465,1180.573,160.0313,P250,100,0,-14.93803,104.2444,0,False,False,False,188.0859,0.3515625
LighteRTZ - ISGaming,CounterTerrorist,2643.933,1184.278,160.0313,P250,100,0,-18.22148,126.7116,0,False,False,False,188.0859,0.3515625
LighteRTZ - ISGaming,CounterTerrorist,2643.307,1188.617,160.0313,P250,100,0,-21.08116,145.733,0,False,False,False,188.4375,0.3515625
LighteRTZ - ISGaming,CounterTerrorist,2642.599,1193.493,160.0313,P250,100,0,-23.54277,161.8409,0,False,False,False,188.4375,0.3515625
LighteRTZ - ISGaming,CounterTerrorist,2641.822,1198.822,160.0313,P250,100,0,-25.65719,175.4822,0,False,False,False,188.4375,0.3515625
LighteRTZ - ISGaming,CounterTerrorist,2640.983,1204.536,160.0313,P250,100,0,-27.51733,187.0279,0,False,False,False,188.4375,0.3515625
LighteRTZ - ISGaming,CounterTerrorist,2640.09,1210.575,160.0313,P250,100,0,-29.16082,196.7985,0,False,False,False,188.789,0.3515625
LighteRTZ - ISGaming,CounterTerrorist,2639.15,1216.89,160.0313,P250,100,0,-30.61165,205.0665,0,False,False,False,188.789,0.3515625
LighteRTZ - ISGaming,CounterTerrorist,2638.169,1223.438,160.0313,P250,100,0,-31.86935,212.0662,0,False,False,False,188.789,0.3515625
LighteRTZ - ISGaming,CounterTerrorist,2637.151,1230.183,160.0313,P250,100,0,-32.97382,217.9899,0,False,False,False,188.789,0.3515625
LighteRTZ - ISGaming,CounterTerrorist,2636.102,1237.096,160.0313,P250,100,0,-33.90945,223.0081,0,False,False,False,188.789,0.3515625
LighteRTZ - ISGaming,CounterTerrorist,2635.063,1243.914,160.0313,P250,100,0,-31.59015,207.2941,0,False,False,False,188.789,0.3515625
LighteRTZ - ISGaming,CounterTerrorist,2634.245,1249.295,160.0313,P250,100,0,-22.14725,146.2694,0,False,False,False,188.789,0.3515625
LighteRTZ - ISGaming,CounterTerrorist,2633.742,1252.656,160.0313,P250,100,0,-12.68731,85.58492,0,False,False,False,189.1406,0.703125
LighteRTZ - ISGaming,CounterTerrorist,2633.51,1254.276,160.0313,P250,100,0,-4.30298,31.71959,0,False,False,False,189.1406,0.703125
LighteRTZ - ISGaming,CounterTerrorist,2633.522,1254.269,160.0313,P250,100,0,2.582315,-15.51319,0,False,False,False,189.1406,0.703125
LighteRTZ - ISGaming,CounterTerrorist,2633.688,1253.24,160.0313,P250,100,0,6.967782,-43.42089,0,False,False,False,189.1406,0.703125
LighteRTZ - ISGaming,CounterTerrorist,2633.992,1251.338,160.0313,P250,100,0,11.38986,-71.32266,0,False,False,False,189.1406,0.703125
LighteRTZ - ISGaming,CounterTerrorist,2634.433,1248.572,160.0313,P250,100,0,15.69374,-98.44077,0,False,False,False,189.1406,0.703125
LighteRTZ - ISGaming,CounterTerrorist,2634.998,1245.032,160.0313,P250,100,0,19.38788,-121.7151,0,False,False,False,189.1406,0.703125
LighteRTZ - ISGaming,CounterTerrorist,2635.666,1240.835,160.0313,P250,100,0,22.51733,-141.4317,0,False,False,False,189.1406,0.703125
LighteRTZ - ISGaming,CounterTerrorist,2636.422,1236.082,160.0313,P250,100,0,25.1684,-158.1344,0,False,False,False,189.1406,0.703125
LighteRTZ - ISGaming,CounterTerrorist,2637.253,1230.858,160.0313,P250,100,0,27.41422,-172.2838,0,False,False,False,189.1406,0.703125
LighteRTZ - ISGaming,CounterTerrorist,2638.148,1225.236,160.0313,P250,100,0,29.31673,-184.2703,0,False,False,False,189.1406,0.703125
LighteRTZ - ISGaming,CounterTerrorist,2639.096,1219.275,160.0313,P250,100,0,30.92842,-194.4245,0,False,False,False,189.1406,0.703125
LighteRTZ - ISGaming,CounterTerrorist,2640.09,1213.027,160.0313,P250,100,0,32.29375,-203.0265,0,False,False,False,189.1406,0.703125
LighteRTZ - ISGaming,CounterTerrorist,2641.122,1206.537,160.0313,P250,100,0,33.45036,-210.3136,0,False,False,False,189.1406,0.703125
LighteRTZ - ISGaming,CounterTerrorist,2642.187,1199.842,160.0313,P250,100,0,34.43017,-216.4868,0,False,False,False,189.1406,0.703125
LighteRTZ - ISGaming,CounterTerrorist,2643.28,1192.973,160.0313,P250,100,0,35.26021,-221.7163,0,False,False,False,189.1406,0.703125
LighteRTZ - ISGaming,CounterTerrorist,2644.395,1185.956,160.0313,P250,100,0,35.953,-226.148,0,False,False,False,188.789,0.703125
LighteRTZ - ISGaming,CounterTerrorist,2645.529,1178.814,160.0313,P250,100,0,36.42002,-229.9211,0,False,False,False,188.789,0.3515625
LighteRTZ - ISGaming,CounterTerrorist,2646.544,1172.409,160.0313,P250,100,0,29.34753,-184.5726,0,False,False,False,188.4375,0.3515625
LighteRTZ - ISGaming,CounterTerrorist,2647.26,1167.969,160.0313,P250,100,0,19.25699,-117.9614,0,False,False,False,188.0859,0.3515625
LighteRTZ - ISGaming,CounterTerrorist,2647.691,1165.409,160.0313,P250,100,0,10.69935,-61.36359,0,False,False,False,188.0859,0.3515625
LighteRTZ - ISGaming,CounterTerrorist,2647.864,1164.538,160.0313,P250,100,0,2.340353,-7.77196,0,False,False,False,188.0859,0.3515625
LighteRTZ - ISGaming,CounterTerrorist,2647.802,1165.038,160.0313,P250,100,0,-3.663436,26.46327,0,False,False,False,188.0859,0.3515625
LighteRTZ - ISGaming,CounterTerrorist,2647.607,1166.411,160.0313,P250,100,0,-7.788014,54.41076,0,False,False,False,188.0859,0.3515625
LighteRTZ - ISGaming,CounterTerrorist,2647.284,1168.658,160.0313,P250,100,0,-11.87765,82.36321,0,False,False,False,188.0859,0.3515625
LighteRTZ - ISGaming,CounterTerrorist,2646.838,1171.746,160.0313,P250,100,0,-15.64765,108.1725,0,False,False,False,188.0859,0.3515625
LighteRTZ - ISGaming,CounterTerrorist,2646.285,1175.562,160.0313,P250,100,0,-18.85174,130.035,0,False,False,False,188.4375,0.3515625
LighteRTZ - ISGaming,CounterTerrorist,2645.641,1179.995,160.0313,P250,100,0,-21.59474,148.5513,0,False,False,False,188.4375,0.3515625
LighteRTZ - ISGaming,CounterTerrorist,2644.92,1184.95,160.0313,P250,100,0,-23.91842,164.2372,0,False,False,False,188.4375,0.3515625
LighteRTZ - ISGaming,CounterTerrorist,2644.132,1190.347,160.0313,P250,100,0,-25.93636,177.518,0,False,False,False,188.4375,0.3515625
LighteRTZ - ISGaming,CounterTerrorist,2643.47,1194.888,160.0313,P250,100,0,-17.59669,121.0083,0,False,False,False,188.4375,0.3515625
LighteRTZ - ISGaming,CounterTerrorist,2643.088,1197.535,160.0313,P250,100,0,-9.154931,64.06485,0,False,False,False,188.4375,0.3515625
LighteRTZ - ISGaming,CounterTerrorist,2642.957,1198.489,160.0313,P250,100,0,-1.25268,10.394,0,False,False,False,188.4375,0.3515625
LighteRTZ - ISGaming,CounterTerrorist,2643.022,1198.063,160.0313,P250,100,0,3.616098,-24.16848,0,False,False,False,188.4375,0.3515625
LighteRTZ - ISGaming,CounterTerrorist,2643.217,1196.762,160.0313,P250,100,0,7.796346,-52.10749,0,False,False,False,188.4375,0.3515625
LighteRTZ - ISGaming,CounterTerrorist,2643.542,1194.588,160.0313,P250,100,0,11.97659,-80.0465,0,False,False,False,188.4375,0.3515625
LighteRTZ - ISGaming,CounterTerrorist,2643.994,1191.565,160.0313,P250,100,0,15.88773,-106.1869,0,False,False,False,188.4375,0.3515625
LighteRTZ - ISGaming,CounterTerrorist,2644.557,1187.805,160.0313,P250,100,0,19.201,-128.3314,0,False,False,False,188.4375,0.3515625
LighteRTZ - ISGaming,CounterTerrorist,2645.213,1183.421,160.0313,P250,100,0,21.96752,-147.0968,0,False,False,False,188.4375,0.3515625
LighteRTZ - ISGaming,CounterTerrorist,2645.945,1178.507,160.0313,P250,100,0,24.23301,-163.0051,0,False,False,False,188.0859,0.3515625
LighteRTZ - ISGaming,CounterTerrorist,2646.739,1173.144,160.0313,P250,100,0,26.05368,-176.496,0,False,False,False,188.0859,0.3515625
LighteRTZ - ISGaming,CounterTerrorist,2647.537,1167.716,160.0313,P250,100,0,23.25394,-157.7167,0,False,False,False,187.7344,0.3515625
LighteRTZ - ISGaming,CounterTerrorist,2648.09,1164.035,160.0313,P250,100,0,14.55498,-95.14642,0,False,False,False,187.7344,0.3515625
LighteRTZ - ISGaming,CounterTerrorist,2648.397,1162.134,160.0313,P250,100,0,7.01591,-40.6762,0,False,False,False,187.3828,0.3515625
LighteRTZ - ISGaming,CounterTerrorist,2648.46,1161.889,160.0313,P250,100,0,-1.349322,10.22385,0,False,False,False,187.3828,0.3515625
LighteRTZ - ISGaming,CounterTerrorist,2648.345,1162.756,160.0313,P250,100,0,-5.045646,38.23099,0,False,False,False,187.3828,0.3515625
LighteRTZ - ISGaming,CounterTerrorist,2648.115,1164.497,160.0313,P250,100,0,-8.741969,66.23813,0,False,False,False,187.3828,0.703125
LighteRTZ - ISGaming,CounterTerrorist,2647.77,1167.111,160.0313,P250,100,0,-12.45173,93.87875,0,False,False,False,187.7344,0.703125
LighteRTZ - ISGaming,CounterTerrorist,2647.315,1170.525,160.0313,P250,100,0,-15.78328,117.9771,0,False,False,False,187.7344,0.703125
LighteRTZ - ISGaming,CounterTerrorist,2646.764,1174.619,160.0313,P250,100,0,-18.70417,138.3782,0,False,False,False,188.0859,0.703125
LighteRTZ - ISGaming,CounterTerrorist,2646.172,1178.972,160.0313,P250,100,0,-16.99302,125.4305,0,False,False,False,188.0859,0.703125
LighteRTZ - ISGaming,CounterTerrorist,2645.803,1181.743,160.0313,P250,100,0,-8.858006,67.85025,0,False,False,False,188.0859,0.703125
LighteRTZ - ISGaming,CounterTerrorist,2645.674,1182.814,160.0313,P250,100,0,-1.353872,14.12383,0,False,False,False,188.0859,0.703125
LighteRTZ - ISGaming,CounterTerrorist,2645.732,1182.411,160.0313,P250,100,0,3.493081,-24.18656,0,False,False,False,188.0859,0.703125
LighteRTZ - ISGaming,CounterTerrorist,2645.92,1181.109,160.0313,P250,100,0,7.531119,-52.14648,0,False,False,False,188.0859,0.703125
LighteRTZ - ISGaming,CounterTerrorist,2646.234,1178.934,160.0313,P250,100,0,11.56916,-80.1064,0,False,False,False,188.0859,0.703125
LighteRTZ - ISGaming,CounterTerrorist,2646.671,1175.909,160.0313,P250,100,0,15.34723,-106.2663,0,False,False,False,188.0859,0.703125
LighteRTZ - ISGaming,CounterTerrorist,2647.214,1172.146,160.0313,P250,100,0,18.54778,-128.4274,0,False,False,False,188.0859,0.703125
LighteRTZ - ISGaming,CounterTerrorist,2647.847,1167.758,160.0313,P250,100,0,21.19965,-147.2094,0,False,False,False,188.0859,0.703125
LighteRTZ - ISGaming,CounterTerrorist,2648.541,1162.921,160.0313,P250,100,0,21.92589,-152.9202,0,False,False,False,187.7344,0.703125
LighteRTZ - ISGaming,CounterTerrorist,2649.149,1158.688,160.0313,P250,100,0,17.16251,-119.3289,0,False,False,False,187.7344,0.703125
LighteRTZ - ISGaming,CounterTerrorist,2649.527,1156.09,160.0313,P250,100,0,9.207959,-62.51913,0,False,False,False,187.7344,0.703125
LighteRTZ - ISGaming,CounterTerrorist,2649.667,1155.185,160.0313,P250,100,0,1.608885,-8.805002,0,False,False,False,187.7344,0.703125
LighteRTZ - ISGaming,CounterTerrorist,2649.605,1155.656,160.0313,P250,100,0,-3.4897,25.57235,0,False,False,False,187.7344,0.703125
LighteRTZ - ISGaming,CounterTerrorist,2649.42,1157.002,160.0313,P250,100,0,-7.37114,53.55444,0,False,False,False,187.7344,0.703125
LighteRTZ - ISGaming,CounterTerrorist,2649.114,1159.222,160.0313,P250,100,0,-11.24393,81.53773,0,False,False,False,187.7344,0.703125
LighteRTZ - ISGaming,CounterTerrorist,2648.69,1162.288,160.0313,P250,100,0,-14.86707,107.5079,0,False,False,False,187.7344,0.703125
LighteRTZ - ISGaming,CounterTerrorist,2648.163,1166.086,160.0313,P250,100,0,-18.00502,129.4985,0,False,False,False,188.0859,0.703125
LighteRTZ - ISGaming,CounterTerrorist,2647.546,1170.504,160.0313,P250,100,0,-20.74147,148.1165,0,False,False,False,188.0859,0.703125
LighteRTZ - ISGaming,CounterTerrorist,2646.85,1175.447,160.0313,P250,100,0,-23.14735,163.8759,0,False,False,False,188.0859,0.703125
LighteRTZ - ISGaming,CounterTerrorist,2646.232,1179.833,160.0313,P250,100,0,-16.68004,118.8327,0,False,False,False,188.4375,0.703125
LighteRTZ - ISGaming,CounterTerrorist,2645.873,1182.417,160.0313,P250,100,0,-8.484797,62.12325,0,False,False,False,188.4375,0.703125
LighteRTZ - ISGaming,CounterTerrorist,2645.758,1183.31,160.0313,P250,100,0,-0.8108803,8.419978,0,False,False,False,188.4375,0.703125
LighteRTZ - ISGaming,CounterTerrorist,2645.833,1182.825,160.0313,P250,100,0,3.869144,-26.0156,0,False,False,False,188.4375,0.703125
LighteRTZ - ISGaming,CounterTerrorist,2646.033,1181.466,160.0313,P250,100,0,7.945825,-53.96992,0,False,False,False,188.4375,0.703125
LighteRTZ - ISGaming,CounterTerrorist,2646.362,1179.233,160.0313,P250,100,0,12.03355,-81.92262,0,False,False,False,188.4375,0.703125
LighteRTZ - ISGaming,CounterTerrorist,2646.801,1176.237,160.0313,P250,100,0,14.32396,-97.58997,0,False,False,False,188.4375,0.703125
LighteRTZ - ISGaming,CounterTerrorist,2647.091,1174.263,160.0313,P250,100,0,6.320545,-42.99103,0,False,False,False,188.4375,0.703125
LighteRTZ - ISGaming,CounterTerrorist,2647.135,1173.964,160.0313,P250,100,0,-1.494831,10.20359,0,False,False,False,188.4375,0.703125
LighteRTZ - ISGaming,CounterTerrorist,2647.008,1174.829,160.0313,P250,100,0,-5.589762,38.15523,0,False,False,False,188.4375,0.703125
LighteRTZ - ISGaming,CounterTerrorist,2646.754,1176.567,160.0313,P250,100,0,-9.684694,66.10687,0,False,False,False,188.4375,0.703125
LighteRTZ - ISGaming,CounterTerrorist,2646.372,1179.176,160.0313,P250,100,0,-13.72722,93.70078,0,False,False,False,188.4375,0.703125
LighteRTZ - ISGaming,CounterTerrorist,2645.872,1182.584,160.0313,P250,100,0,-17.25356,117.7713,0,False,False,False,188.4375,0.703125
LighteRTZ - ISGaming,CounterTerrorist,2645.273,1186.671,160.0313,P250,100,0,-20.2612,138.1593,0,False,False,False,188.4375,0.703125
LighteRTZ - ISGaming,CounterTerrorist,2644.588,1191.333,160.0313,P250,100,0,-22.86808,155.422,0,False,False,False,188.4375,0.703125
LighteRTZ - ISGaming,CounterTerrorist,2643.828,1196.481,160.0313,P250,100,0,-25.15457,170.0342,0,False,False,False,188.4375,0.703125
LighteRTZ - ISGaming,CounterTerrorist,2643.003,1202.041,160.0313,P250,100,0,-27.12937,182.407,0,False,False,False,188.4375,0.703125
LighteRTZ - ISGaming,CounterTerrorist,2642.121,1207.95,160.0313,P250,100,0,-28.86165,192.8794,0,False,False,False,188.789,0.703125
LighteRTZ - ISGaming,CounterTerrorist,2641.188,1214.154,160.0313,P250,100,0,-30.38687,201.7421,0,False,False,False,188.789,0.703125
LighteRTZ - ISGaming,CounterTerrorist,2640.212,1220.608,160.0313,P250,100,0,-31.71916,209.2438,0,False,False,False,188.789,0.703125
LighteRTZ - ISGaming,CounterTerrorist,2639.198,1227.274,160.0313,P250,100,0,-32.91545,215.5881,0,False,False,False,188.789,0.703125
LighteRTZ - ISGaming,CounterTerrorist,2638.149,1234.118,160.0313,P250,100,0,-33.93803,220.9612,0,False,False,False,188.789,0.703125
LighteRTZ - ISGaming,CounterTerrorist,2637.072,1241.114,160.0313,P250,100,0,-34.72218,225.5257,0,False,False,False,188.4375,1.054688
LighteRTZ - ISGaming,CounterTerrorist,2635.997,1248.274,160.0313,Knife,100,0,-33.56914,231.235,0,False,False,False,183.1641,1.757813
LighteRTZ - ISGaming,CounterTerrorist,2635.089,1255.599,160.0313,Knife,100,0,-25.15971,236.0742,0,False,False,False,169.8047,3.515625
LighteRTZ - ISGaming,CounterTerrorist,2634.314,1263.031,160.0313,Knife,100,0,-28.81993,238.4259,0,False,False,False,155.3906,4.21875
LighteRTZ - ISGaming,CounterTerrorist,2633.305,1270.535,160.0313,Knife,100,0,-33.08885,241.3773,0,False,False,False,143.0859,4.21875
LighteRTZ - ISGaming,CounterTerrorist,2632.326,1278.147,160.0313,Knife,100,0,-29.6754,244.8429,0,False,False,False,134.6484,4.21875
LighteRTZ - ISGaming,CounterTerrorist,2631.521,1285.857,160.0313,Knife,100,0,-23.23501,247.7868,0,False,False,False,131.4844,4.21875
LighteRTZ - ISGaming,CounterTerrorist,2630.929,1293.641,160.0313,Knife,100,0,-16.37173,249.4633,0,False,False,False,130.0781,4.570313
LighteRTZ - ISGaming,CounterTerrorist,2630.542,1301.443,160.0313,Knife,100,0,-10.13785,249.7944,0,False,False,False,129.7266,4.570313
LighteRTZ - ISGaming,CounterTerrorist,2630.33,1309.253,160.0313,Knife,100,0,-4.885479,249.9523,0,False,False,False,129.7266,4.570313
LighteRTZ - ISGaming,CounterTerrorist,2630.295,1311.969,160.0313,Knife,100,0,0.9079687,0,0,False,False,False,130.0781,4.570313
LighteRTZ - ISGaming,CounterTerrorist,2630.053,1311.969,160.0313,Knife,100,0,-14.30504,0,0,False,False,False,130.0781,4.570313
LighteRTZ - ISGaming,CounterTerrorist,2629.318,1311.969,160.0313,Knife,100,0,-29.02003,0,0,False,False,False,130.0781,4.570313
LighteRTZ - ISGaming,CounterTerrorist,2628.126,1311.969,160.0313,Knife,100,0,-43.59272,0,0,False,False,False,129.7266,4.570313
LighteRTZ - ISGaming,CounterTerrorist,2626.483,1311.969,160.0313,Knife,100,0,-57.97214,0,0,False,False,False,129.375,4.570313
LighteRTZ - ISGaming,CounterTerrorist,2624.391,1311.969,160.0313,Knife,100,0,-72.30943,0,0,False,False,False,129.375,4.570313
LighteRTZ - ISGaming,CounterTerrorist,2621.676,1311.992,160.0313,Knife,100,0,-97.65656,0,0,False,False,False,129.7266,4.570313
LighteRTZ - ISGaming,CounterTerrorist,2618.12,1311.992,160.0313,Knife,100,0,-122.9714,0,0,False,False,False,129.7266,4.570313
LighteRTZ - ISGaming,CounterTerrorist,2613.85,1311.992,160.0313,Knife,100,0,-144.4165,0,0,False,False,False,129.7266,4.570313
LighteRTZ - ISGaming,CounterTerrorist,2608.974,1311.992,160.0313,Knife,100,0,-162.5834,0,0,False,False,False,129.7266,4.570313
LighteRTZ - ISGaming,CounterTerrorist,2603.587,1311.992,160.0313,Knife,100,0,-177.9773,0,0,False,False,False,129.7266,4.570313
LighteRTZ - ISGaming,CounterTerrorist,2598.051,1312.057,160.0313,Knife,100,0,-176.6871,8.23183,0,False,False,False,130.0781,4.570313
LighteRTZ - ISGaming,CounterTerrorist,2592.55,1312.906,160.0313,Knife,100,0,-175.6952,37.90787,0,False,False,False,130.0781,4.570313
LighteRTZ - ISGaming,CounterTerrorist,2587.076,1314.591,160.0313,Knife,100,0,-174.87,63.03484,0,False,False,False,130.0781,4.570313
LighteRTZ - ISGaming,CounterTerrorist,2581.623,1316.984,160.0313,Knife,100,0,-174.2751,84.23276,0,False,False,False,130.4297,4.570313
LighteRTZ - ISGaming,CounterTerrorist,2576.184,1319.972,160.0313,Knife,100,0,-173.9433,102.0435,0,False,False,False,130.7813,4.570313
LighteRTZ - ISGaming,CounterTerrorist,2570.878,1323.514,160.0313,Knife,100,0,-161.9052,121.7869,0,False,False,False,131.1328,4.21875
LighteRTZ - ISGaming,CounterTerrorist,2566.362,1327.753,160.0313,Knife,100,0,-134.6971,143.5157,0,False,False,False,131.8359,4.21875
LighteRTZ - ISGaming,CounterTerrorist,2562.605,1332.605,160.0313,Knife,100,0,-112.0614,161.946,0,False,False,False,132.1875,3.867188
LighteRTZ - ISGaming,CounterTerrorist,2559.478,1337.978,160.0313,Knife,100,0,-93.31557,177.5784,0,False,False,False,132.8906,3.867188
LighteRTZ - ISGaming,CounterTerrorist,2556.871,1343.791,160.0313,Knife,100,0,-77.88831,190.8369,0,False,False,False,133.5938,3.867188
LighteRTZ - ISGaming,CounterTerrorist,2554.116,1349.755,160.0313,Knife,100,0,-93.99608,190.8031,0,False,False,False,133.9453,3.867188
LighteRTZ - ISGaming,CounterTerrorist,2550.964,1355.738,160.0313,Knife,100,0,-100.1437,193.684,0,False,False,False,134.2969,3.867188
LighteRTZ - ISGaming,CounterTerrorist,2548.148,1362.006,160.0313,Knife,100,0,-84.44225,204.4954,0,False,False,False,134.6484,3.867188
LighteRTZ - ISGaming,CounterTerrorist,2545.767,1368.579,160.0313,Knife,100,0,-71.5863,213.6558,0,False,False,False,135.3516,3.867188
LighteRTZ - ISGaming,CounterTerrorist,2543.738,1375.411,160.0313,Knife,100,0,-61.26082,221.4112,0,False,False,False,136.0547,3.867188
LighteRTZ - ISGaming,CounterTerrorist,2541.645,1382.306,160.0313,Knife,100,0,-74.71407,218.1851,0,False,False,False,137.1094,3.867188
LighteRTZ - ISGaming,CounterTerrorist,2538.941,1389.001,160.0313,Knife,100,0,-93.2863,211.9282,0,False,False,False,138.5156,4.21875
LighteRTZ - ISGaming,CounterTerrorist,2535.701,1395.506,160.0313,Knife,100,0,-109.6611,205.8994,0,False,False,False,139.9219,4.21875
LighteRTZ - ISGaming,CounterTerrorist,2531.983,1401.82,160.0313,Knife,100,0,-124.3951,199.7551,0,False,False,False,141.6797,4.21875
LighteRTZ - ISGaming,CounterTerrorist,2527.834,1407.943,160.0313,Knife,100,0,-137.577,193.6554,0,False,False,False,143.0859,4.21875
LighteRTZ - ISGaming,CounterTerrorist,2523.304,1413.88,160.0313,Knife,100,0,-149.2214,187.8461,0,False,False,False,144.1406,3.867188
LighteRTZ - ISGaming,CounterTerrorist,2518.437,1419.643,160.0313,Knife,100,0,-159.4796,182.3748,0,False,False,False,145.1953,3.867188
LighteRTZ - ISGaming,CounterTerrorist,2513.276,1425.243,160.0313,Knife,100,0,-168.4025,177.4055,0,False,False,False,145.5469,3.867188
LighteRTZ - ISGaming,CounterTerrorist,2507.861,1430.7,160.0313,Knife,100,0,-176.0887,173.0098,0,False,False,False,145.8984,3.867188
LighteRTZ - ISGaming,CounterTerrorist,2502.227,1436.031,160.0313,Knife,100,0,-182.6739,169.1769,0,False,False,False,145.8984,3.867188
LighteRTZ - ISGaming,CounterTerrorist,2496.414,1441.245,160.0313,Knife,100,0,-187.5812,165.2674,0,False,False,False,145.8984,3.867188
LighteRTZ - ISGaming,CounterTerrorist,2490.484,1446.331,160.0313,Knife,100,0,-190.9872,161.3193,0,False,False,False,145.8984,3.867188
LighteRTZ - ISGaming,CounterTerrorist,2484.46,1451.305,160.0313,Knife,100,0,-193.7842,157.9483,0,False,False,False,145.8984,3.867188
LighteRTZ - ISGaming,CounterTerrorist,2478.358,1456.183,160.0313,Knife,100,0,-196.0874,155.0798,0,False,False,False,145.8984,3.867188
LighteRTZ - ISGaming,CounterTerrorist,2472.192,1460.981,160.0313,Knife,100,0,-197.9869,152.6473,0,False,False,False,145.8984,3.867188
LighteRTZ - ISGaming,CounterTerrorist,2465.974,1465.71,160.0313,Knife,100,0,-199.5409,150.6101,0,False,False,False,145.8984,3.867188
LighteRTZ - ISGaming,CounterTerrorist,2459.712,1470.383,160.0313,Knife,100,0,-200.8183,148.9027,0,False,False,False,145.8984,3.867188
LighteRTZ - ISGaming,CounterTerrorist,2453.416,1475.007,160.0313,Knife,100,0,-201.8756,147.466,0,False,False,False,145.8984,3.867188
LighteRTZ - ISGaming,CounterTerrorist,2447.089,1479.591,160.0313,Knife,100,0,-202.7554,146.254,0,False,False,False,145.8984,3.867188
LighteRTZ - ISGaming,CounterTerrorist,2443.917,1481.87,160.0313,Knife,100,0,-203.133,145.7291,0,False,False,False,145.8984,3.867188
LighteRTZ - ISGaming,CounterTerrorist,2434.372,1488.669,160.0313,Knife,100,0,-203.9338,144.6064,0,False,False,False,145.5469,4.21875
LighteRTZ - ISGaming,CounterTerrorist,2427.992,1493.179,160.0313,Knife,100,0,-204.2448,144.1669,0,False,False,False,145.1953,4.21875
LighteRTZ - ISGaming,CounterTerrorist,2421.606,1497.679,160.0313,Knife,100,0,-204.395,143.9537,0,False,False,False,145.1953,4.21875
LighteRTZ - ISGaming,CounterTerrorist,2415.218,1502.177,160.0313,Knife,100,0,-204.3931,143.9565,0,False,False,False,144.8438,4.570313
LighteRTZ - ISGaming,CounterTerrorist,2408.833,1506.679,160.0313,Knife,100,0,-204.2748,144.1243,0,False,False,False,144.4922,4.570313
LighteRTZ - ISGaming,CounterTerrorist,2402.452,1511.187,160.0313,Knife,100,0,-204.13,144.3293,0,False,False,False,144.4922,4.570313
LighteRTZ - ISGaming,CounterTerrorist,2396.076,1515.701,160.0313,Knife,100,0,-203.9907,144.5262,0,False,False,False,144.4922,4.570313
LighteRTZ - ISGaming,CounterTerrorist,2389.703,1520.221,160.0313,Knife,100,0,-203.8725,144.6928,0,False,False,False,144.4922,4.570313
LighteRTZ - ISGaming,CounterTerrorist,2383.334,1524.745,160.0313,Knife,100,0,-203.7723,144.8338,0,False,False,False,144.4922,4.570313
LighteRTZ - ISGaming,CounterTerrorist,2376.968,1529.274,160.0313,Knife,100,0,-203.6934,144.9448,0,False,False,False,144.4922,4.570313
LighteRTZ - ISGaming,CounterTerrorist,2371.091,1534.156,160.0313,Knife,100,0,-179.2132,162.6567,0,False,False,False,144.4922,4.570313
LighteRTZ - ISGaming,CounterTerrorist,2365.903,1539.538,160.0313,Knife,100,0,-158.5463,177.6491,0,False,False,False,144.4922,4.921875
LighteRTZ - ISGaming,CounterTerrorist,2361.297,1545.343,160.0313,Knife,100,0,-141.0581,190.3465,0,False,False,False,144.4922,4.921875
LighteRTZ - ISGaming,CounterTerrorist,2357.183,1551.505,160.0313,Knife,100,0,-126.2837,201.0959,0,False,False,False,144.4922,4.921875
LighteRTZ - ISGaming,CounterTerrorist,2353.486,1557.971,160.0313,Knife,100,0,-113.7678,210.2022,0,False,False,False,144.4922,4.921875
LighteRTZ - ISGaming,CounterTerrorist,2350.142,1559.969,160.0313,Knife,100,0,-103.1651,0,0,False,False,False,144.4922,4.921875
LighteRTZ - ISGaming,CounterTerrorist,2347.099,1560.452,160.0313,Knife,100,0,-94.04649,30.51863,0,False,False,False,144.1406,4.921875
LighteRTZ - ISGaming,CounterTerrorist,2344.33,1562.11,160.0313,Knife,100,0,-85.32982,65.87313,0,False,False,False,142.0313,5.273438
LighteRTZ - ISGaming,CounterTerrorist,2341.865,1564.771,160.0313,Knife,100,0,-74.57182,96.13806,0,False,False,False,135.3516,6.328125
LighteRTZ - ISGaming,CounterTerrorist,2339.821,1568.286,160.0313,Knife,100,0,-59.44633,121.6542,0,False,False,False,126.9141,6.679688
LighteRTZ - ISGaming,CounterTerrorist,2338.334,1572.499,160.0313,Knife,100,0,-39.93741,142.0637,0,False,False,False,116.3672,7.03125
LighteRTZ - ISGaming,CounterTerrorist,2337.52,1577.248,160.0313,Knife,100,0,-17.55772,157.3189,0,False,False,False,108.2813,6.679688
LighteRTZ - ISGaming,CounterTerrorist,2337.43,1582.381,160.0313,Knife,100,0,5.88052,167.9392,0,False,False,False,101.9531,6.679688
LighteRTZ - ISGaming,CounterTerrorist,2337.45,1587.91,160.0313,Knife,100,0,-2.004802,182.0746,0,False,False,False,98.78906,6.328125
LighteRTZ - ISGaming,CounterTerrorist,2337.283,1593.843,160.0313,Knife,100,0,-7.104032,194.2982,0,False,False,False,97.03126,6.328125
LighteRTZ - ISGaming,CounterTerrorist,2336.989,1600.123,160.0313,Knife,100,0,-10.66786,204.7491,0,False,False,False,96.32813,6.328125
LighteRTZ - ISGaming,CounterTerrorist,2336.6,1606.699,160.0313,Knife,100,0,-13.39463,213.6354,0,False,False,False,95.97657,6.679688
LighteRTZ - ISGaming,CounterTerrorist,2336.137,1613.525,160.0313,Knife,100,0,-15.64535,221.1698,0,False,False,False,95.97657,6.679688
LighteRTZ - ISGaming,CounterTerrorist,2335.61,1620.564,160.0313,Knife,100,0,-17.55203,227.5524,0,False,False,False,95.97657,6.679688
LighteRTZ - ISGaming,CounterTerrorist,2335.029,1627.783,160.0313,Knife,100,0,-19.16724,232.9594,0,False,False,False,95.97657,6.679688
LighteRTZ - ISGaming,CounterTerrorist,2334.404,1635.154,160.0313,Knife,100,0,-20.50425,237.5431,0,False,False,False,95.97657,6.679688
LighteRTZ - ISGaming,CounterTerrorist,2333.742,1642.655,160.0313,Knife,100,0,-21.55421,241.4349,0,False,False,False,95.97657,6.679688
LighteRTZ - ISGaming,CounterTerrorist,2333.052,1650.266,160.0313,Knife,100,0,-22.34141,244.7422,0,False,False,False,95.62501,6.679688
LighteRTZ - ISGaming,CounterTerrorist,2332.343,1657.97,160.0313,Knife,100,0,-22.90683,247.5543,0,False,False,False,95.62501,6.328125
LighteRTZ - ISGaming,CounterTerrorist,2331.618,1665.742,160.0313,Knife,100,0,-23.27524,248.9142,0,False,False,False,95.62501,6.328125
LighteRTZ - ISGaming,CounterTerrorist,2330.887,1673.52,160.0313,Knife,100,0,-23.4718,248.8957,0,False,False,False,95.62501,6.328125
LighteRTZ - ISGaming,CounterTerrorist,2330.15,1681.298,160.0313,Knife,100,0,-23.63828,248.8799,0,False,False,False,95.62501,6.328125
LighteRTZ - ISGaming,CounterTerrorist,2329.409,1689.075,160.0313,Knife,100,0,-23.78958,248.8655,0,False,False,False,95.62501,6.328125
LighteRTZ - ISGaming,CounterTerrorist,2328.659,1696.851,160.0313,Knife,100,0,-24.14524,248.8313,0,False,False,False,96.32813,6.328125
LighteRTZ - ISGaming,CounterTerrorist,2327.887,1704.626,160.0313,Knife,100,0,-25.13698,248.7331,0,False,False,False,97.38281,5.976563
LighteRTZ - ISGaming,CounterTerrorist,2327.067,1712.395,160.0313,Knife,100,0,-27.06307,248.5309,0,False,False,False,99.14063,5.976563
LighteRTZ - ISGaming,CounterTerrorist,2326.165,1720.155,160.0313,Knife,100,0,-30.04082,248.1885,0,False,False,False,101.25,5.625
LighteRTZ - ISGaming,CounterTerrorist,2325.155,1727.902,160.0313,Knife,100,0,-33.76767,247.709,0,False,False,False,103.0078,5.273438
LighteRTZ - ISGaming,CounterTerrorist,2324.02,1735.631,160.0313,Knife,100,0,-37.91554,247.1081,0,False,False,False,104.0625,5.273438
LighteRTZ - ISGaming,CounterTerrorist,2323.046,1743.343,160.0313,Knife,100,0,-21.95358,245.9949,0,False,False,False,105.4687,5.273438
LighteRTZ - ISGaming,CounterTerrorist,2322.821,1750.984,156.5441,Knife,100,0,1.081409,243.6975,0,False,False,False,106.1719,4.921875
LighteRTZ - ISGaming,CounterTerrorist,2323.236,1758.565,152.7535,Knife,100,0,20.15537,241.9931,0,False,False,False,106.875,4.921875
LighteRTZ - ISGaming,CounterTerrorist,2324.182,1766.101,148.9851,Knife,100,0,35.96913,240.7335,0,False,False,False,107.2266,4.921875
LighteRTZ - ISGaming,CounterTerrorist,2325.567,1773.606,145.2327,Knife,100,0,49.01035,239.8521,0,False,False,False,107.9297,4.570313
LighteRTZ - ISGaming,CounterTerrorist,2326.939,1781.118,141.477,Knife,100,0,36.12548,241.014,0,False,False,False,108.2813,4.570313
LighteRTZ - ISGaming,CounterTerrorist,2327.7,1788.678,137.6967,Knife,100,0,17.61099,242.4472,0,False,False,False,108.9844,4.21875
LighteRTZ - ISGaming,CounterTerrorist,2327.993,1796.273,129.2057,Knife,100,0,9.594222,243.1015,0,False,False,False,110.0391,4.21875
LighteRTZ - ISGaming,CounterTerrorist,2328.599,1803.861,128.8223,Knife,100,0,24.86879,242.7304,0,False,False,False,110.7422,4.21875
LighteRTZ - ISGaming,CounterTerrorist,2329.331,1809.55,128.4494,Knife,100,0,34.23396,242.7283,0,False,False,False,111.7969,3.867188
LighteRTZ - ISGaming,CounterTerrorist,2330.957,1819.044,127.787,Knife,100,0,46.07792,243.3027,0,False,False,False,113.9063,3.867188
LighteRTZ - ISGaming,CounterTerrorist,2332.475,1826.658,127.2054,Knife,100,0,44.87048,243.6441,0,False,False,False,114.9609,3.515625
LighteRTZ - ISGaming,CounterTerrorist,2333.23,1832.358,126.7744,Knife,100,0,26.13896,242.9822,0,False,False,False,116.0156,3.515625
LighteRTZ - ISGaming,CounterTerrorist,2333.591,1841.816,126.0696,Knife,100,0,-1.465528,241.4814,0,False,False,False,118.125,3.164063
LighteRTZ - ISGaming,CounterTerrorist,2333.352,1849.355,125.5139,Knife,100,0,-4.772634,241.8592,0,False,False,False,119.5313,3.164063
LighteRTZ - ISGaming,CounterTerrorist,2333.422,1856.956,125.1335,Knife,100,0,6.060542,244.0238,0,False,False,False,121.2891,2.8125
LighteRTZ - ISGaming,CounterTerrorist,2333.775,1864.623,124.8455,Knife,100,0,14.12991,246.1271,0,False,False,False,122.6953,2.460938
LighteRTZ - ISGaming,CounterTerrorist,2334.338,1872.353,124.5526,Knife,100,0,20.09176,248.0983,0,False,False,False,124.1016,2.109375
LighteRTZ - ISGaming,CounterTerrorist,2335.049,1880.129,124.6863,Knife,100,0,24.06788,248.8388,0,False,False,False,125.5078,2.109375
LighteRTZ - ISGaming,CounterTerrorist,2335.847,1887.901,125.2202,Knife,100,0,26.23356,248.6198,0,False,False,False,126.9141,1.757813
LighteRTZ - ISGaming,CounterTerrorist,2336.625,1895.655,125.2965,Knife,100,0,19.21787,246.876,0,False,False,False,128.3203,1.40625
LighteRTZ - ISGaming,CounterTerrorist,2336.662,1903.245,125.4339,Knife,100,0,-9.156898,240.5499,0,False,False,False,129.375,1.054688
LighteRTZ - ISGaming,CounterTerrorist,2335.888,1910.648,125.6385,Knife,100,0,-33.67509,234.7959,0,False,False,False,130.0781,0.703125
LighteRTZ - ISGaming,CounterTerrorist,2334.417,1917.885,125.9007,Knife,100,0,-54.64712,229.7519,0,False,False,False,130.4297,0.3515625
LighteRTZ - ISGaming,CounterTerrorist,2332.354,1924.979,126.212,Knife,100,0,-72.49075,225.4133,0,False,False,False,130.4297,0.3515625
LighteRTZ - ISGaming,CounterTerrorist,2329.787,1931.949,126.5516,Knife,100,0,-87.62975,221.7183,0,False,False,False,130.4297,0.3515625
LighteRTZ - ISGaming,CounterTerrorist,2326.974,1938.874,126.9019,Knife,100,0,-85.12858,223.5508,0,False,False,False,130.4297,0.3515625
LighteRTZ - ISGaming,CounterTerrorist,2324.637,1945.982,127.2134,Knife,100,0,-68.93511,229.6734,0,False,False,False,130.4297,0.3515625
LighteRTZ - ISGaming,CounterTerrorist,2322.756,1953.262,127.4877,Knife,100,0,-55.22664,234.8608,0,False,False,False,130.4297,0.3515625
LighteRTZ - ISGaming,CounterTerrorist,2321.262,1960.689,127.7306,Knife,100,0,-43.6137,239.2553,0,False,False,False,130.4297,0.3515625
LighteRTZ - ISGaming,CounterTerrorist,2320.095,1968.24,128.1489,Knife,100,0,-33.77595,242.978,0,False,False,False,130.4297,0.3515625
LighteRTZ - ISGaming,CounterTerrorist,2319.205,1975.896,128.8478,Knife,100,0,-25.4734,246.134,0,False,False,False,130.4297,0.3515625
LighteRTZ - ISGaming,CounterTerrorist,2318.549,1983.642,129.5223,Knife,100,0,-18.44963,248.8084,0,False,False,False,130.4297,0.3515625
LighteRTZ - ISGaming,CounterTerrorist,2318.093,1991.44,130.1742,Knife,100,0,-12.42316,249.6911,0,False,False,False,130.4297,0.3515625
LighteRTZ - ISGaming,CounterTerrorist,2317.805,1999.247,130.8438,Knife,100,0,-7.386013,249.8909,0,False,False,False,130.7813,1.054688
LighteRTZ - ISGaming,CounterTerrorist,2317.659,2007.059,131.5143,Knife,100,0,-3.171779,249.9799,0,False,False,False,130.7813,1.054688
LighteRTZ - ISGaming,CounterTerrorist,2317.63,2014.871,132.1692,Knife,100,0,0.3680108,249.9997,0,False,False,False,130.7813,1.054688
LighteRTZ - ISGaming,CounterTerrorist,2317.701,2022.683,132.8172,Knife,100,0,3.332888,249.9778,0,False,False,False,130.7813,1.054688
LighteRTZ - ISGaming,CounterTerrorist,2317.854,2030.494,133.5387,Knife,100,0,5.791808,249.9329,0,False,False,False,130.7813,1.054688
LighteRTZ - ISGaming,CounterTerrorist,2318.077,2038.304,134.2513,Knife,100,0,7.840452,249.877,0,False,False,False,130.7813,1.054688
LighteRTZ - ISGaming,CounterTerrorist,2318.356,2046.111,134.9565,Knife,100,0,9.555364,249.8173,0,False,False,False,130.7813,1.054688
LighteRTZ - ISGaming,CounterTerrorist,2318.684,2053.917,135.5603,Knife,100,0,10.99573,249.7581,0,False,False,False,130.7813,1.054688
LighteRTZ - ISGaming,CounterTerrorist,2319.039,2061.564,135.5148,P250,100,0,11.44434,239.727,0,False,False,False,130.7813,1.054688
LighteRTZ - ISGaming,CounterTerrorist,2319.411,2069.055,135.4673,P250,100,0,12.04263,239.6977,0,False,False,False,131.8359,1.40625
LighteRTZ - ISGaming,CounterTerrorist,2319.773,2076.546,135.4209,P250,100,0,11.11039,239.7427,0,False,False,False,134.6484,1.054688
LighteRTZ - ISGaming,CounterTerrorist,2320.078,2084.04,135.382,P250,100,0,8.835858,239.8373,0,False,False,False,136.4063,1.054688
LighteRTZ - ISGaming,CounterTerrorist,2320.301,2091.537,135.2406,P250,100,0,6.114514,239.9221,0,False,False,False,137.1094,1.054688
LighteRTZ - ISGaming,CounterTerrorist,2320.439,2099.035,135.0958,P250,100,0,3.401791,239.9759,0,False,False,False,137.8125,1.054688
LighteRTZ - ISGaming,CounterTerrorist,2320.496,2106.535,134.9614,P250,100,0,0.8965626,239.9983,0,False,False,False,138.1641,1.054688
LighteRTZ - ISGaming,CounterTerrorist,2320.48,2114.035,134.8363,P250,100,0,-1.318778,239.9964,0,False,False,False,138.1641,0.703125
LighteRTZ - ISGaming,CounterTerrorist,2320.398,2121.535,134.5053,P250,100,0,-3.401803,239.9759,0,False,False,False,138.5156,0.703125
LighteRTZ - ISGaming,CounterTerrorist,2320.252,2129.033,133.9261,P250,100,0,-5.423277,239.9387,0,False,False,False,139.2188,0.703125
LighteRTZ - ISGaming,CounterTerrorist,2320.042,2136.53,133.3526,P250,100,0,-7.545416,239.8813,0,False,False,False,139.9219,0.703125
LighteRTZ - ISGaming,CounterTerrorist,2319.763,2144.025,132.834,P250,100,0,-9.708688,239.8035,0,False,False,False,140.2734,0.703125
LighteRTZ - ISGaming,CounterTerrorist,2319.418,2151.517,132.6299,P250,100,0,-11.81494,239.709,0,False,False,False,140.625,0.703125
LighteRTZ - ISGaming,CounterTerrorist,2319.008,2159.006,132.4316,P250,100,0,-13.89469,239.5974,0,False,False,False,140.9766,0.703125
LighteRTZ - ISGaming,CounterTerrorist,2318.535,2166.491,132.2183,P250,100,0,-15.89176,239.4733,0,False,False,False,141.3281,0.3515625
LighteRTZ - ISGaming,CounterTerrorist,2318,2173.972,131.9292,P250,100,0,-17.88132,239.3329,0,False,False,False,142.0313,0.3515625
LighteRTZ - ISGaming,CounterTerrorist,2317.402,2181.448,131.6462,P250,100,0,-19.88256,239.175,0,False,False,False,142.3828,0.3515625
LighteRTZ - ISGaming,CounterTerrorist,2316.74,2188.918,131.3695,P250,100,0,-21.94551,238.9946,0,False,False,False,143.0859,0
LighteRTZ - ISGaming,CounterTerrorist,2316.012,2196.383,131.1087,P250,100,0,-24.14017,238.7829,0,False,False,False,143.7891,0
LighteRTZ - ISGaming,CounterTerrorist,2315.159,2203.812,130.8909,P250,100,0,-33.26541,234.8687,0,False,False,False,144.4922,0
LighteRTZ - ISGaming,CounterTerrorist,2313.588,2210.879,130.7562,P250,100,0,-59.99293,221.1849,0,False,False,False,145.1953,0
LighteRTZ - ISGaming,CounterTerrorist,2311.258,2217.555,130.7098,P250,100,0,-82.83061,209.3098,0,False,False,False,145.5469,359.6484
LighteRTZ - ISGaming,CounterTerrorist,2308.777,2224.218,130.6783,P250,100,0,-77.44395,215.4297,0,False,False,False,145.8984,359.6484
LighteRTZ - ISGaming,CounterTerrorist,2306.447,2231.054,130.6254,P250,100,0,-72.89929,220.6105,0,False,False,False,145.8984,359.6484
LighteRTZ - ISGaming,CounterTerrorist,2304.245,2238.036,130.2801,P250,100,0,-69.11861,224.9861,0,False,False,False,145.8984,359.6484
LighteRTZ - ISGaming,CounterTerrorist,2302.146,2245.14,129.8245,P250,100,0,-66.06179,228.6642,0,False,False,False,146.25,359.6484
LighteRTZ - ISGaming,CounterTerrorist,2300.131,2252.345,129.3571,P250,100,0,-63.58908,231.4226,0,False,False,False,146.6016,359.6484
LighteRTZ - ISGaming,CounterTerrorist,2298.19,2259.589,128.8829,P250,100,0,-61.28653,232.043,0,False,False,False,146.9531,359.6484
LighteRTZ - ISGaming,CounterTerrorist,2296.308,2266.849,128.4047,P250,100,0,-59.70322,232.4554,0,False,False,False,147.6563,359.6484
LighteRTZ - ISGaming,CounterTerrorist,2294.463,2274.119,127.9239,P250,100,0,-58.66502,232.7196,0,False,False,False,147.6563,359.6484
LighteRTZ - ISGaming,CounterTerrorist,2292.647,2281.396,127.4412,P250,100,0,-57.79644,232.9368,0,False,False,False,147.6563,359.6484
LighteRTZ - ISGaming,CounterTerrorist,2290.856,2288.679,126.9567,P250,100,0,-57.06187,233.1179,0,False,False,False,147.6563,359.6484
LighteRTZ - ISGaming,CounterTerrorist,2289.085,2295.967,126.5205,P250,100,0,-56.44027,233.2692,0,False,False,False,147.6563,359.6484
LighteRTZ - ISGaming,CounterTerrorist,2287.332,2303.259,126.2057,P250,100,0,-55.91407,233.3958,0,False,False,False,147.6563,359.6484
LighteRTZ - ISGaming,CounterTerrorist,2285.594,2310.555,125.8901,P250,100,0,-55.46849,233.5021,0,False,False,False,147.6563,359.6484
LighteRTZ - ISGaming,CounterTerrorist,2283.867,2317.854,125.5736,P250,100,0,-55.09113,233.5914,0,False,False,False,147.6563,359.6484
LighteRTZ - ISGaming,CounterTerrorist,2282.15,2325.154,125.2567,P250,100,0,-54.93973,233.6271,0,False,False,False,148.3594,359.6484
LighteRTZ - ISGaming,CounterTerrorist,2280.43,2332.454,124.9399,P250,100,0,-55.13713,233.5806,0,False,False,False,148.7109,359.6484
LighteRTZ - ISGaming,CounterTerrorist,2278.7,2339.752,124.6236,P250,100,0,-55.47617,233.5003,0,False,False,False,149.0625,359.6484
LighteRTZ - ISGaming,CounterTerrorist,2276.957,2347.047,124.3083,P250,100,0,-55.99264,233.377,0,False,False,False,149.4141,359.6484
LighteRTZ - ISGaming,CounterTerrorist,2275.192,2354.336,123.9943,P250,100,0,-56.7771,233.1874,0,False,False,False,149.7656,359.6484
LighteRTZ - ISGaming,CounterTerrorist,2273.4,2361.618,123.6821,P250,100,0,-57.73306,232.9526,0,False,False,False,150.4688,359.6484
LighteRTZ - ISGaming,CounterTerrorist,2271.575,2368.893,123.3699,P250,100,0,-58.79872,232.6859,0,False,False,False,150.8203,359.6484
LighteRTZ - ISGaming,CounterTerrorist,2269.714,2376.158,123.0534,P250,100,0,-59.98416,232.3831,0,False,False,False,151.1719,359.6484
LighteRTZ - ISGaming,CounterTerrorist,2267.814,2383.414,122.7393,P250,100,0,-61.28867,232.0424,0,False,False,False,151.875,359.6484
LighteRTZ - ISGaming,CounterTerrorist,2265.872,2390.657,122.4277,P250,100,0,-62.73173,231.6565,0,False,False,False,152.2266,359.6484
LighteRTZ - ISGaming,CounterTerrorist,2263.881,2397.888,122.1047,P250,100,0,-64.29997,231.2261,0,False,False,False,152.9297,359.6484
LighteRTZ - ISGaming,CounterTerrorist,2261.839,2405.105,122.3845,P250,100,0,-65.94383,230.7627,0,False,False,False,153.2813,359.6484
LighteRTZ - ISGaming,CounterTerrorist,2259.746,2412.307,122.7578,P250,100,0,-67.62337,230.2761,0,False,False,False,153.6328,359.6484
LighteRTZ - ISGaming,CounterTerrorist,2257.599,2419.494,123.1303,P250,100,0,-69.33919,229.7653,0,False,False,False,154.3359,359.6484
LighteRTZ - ISGaming,CounterTerrorist,2255.4,2426.664,123.502,P250,100,0,-71.00962,229.2545,0,False,False,False,154.6875,359.6484
LighteRTZ - ISGaming,CounterTerrorist,2253.149,2433.818,123.8728,P250,100,0,-72.63415,228.745,0,False,False,False,155.0391,359.6484
LighteRTZ - ISGaming,CounterTerrorist,2250.848,2440.956,124.2428,P250,100,0,-74.26485,228.2208,0,False,False,False,155.3906,359.2969
LighteRTZ - ISGaming,CounterTerrorist,2248.495,2448.078,124.612,P250,100,0,-75.89128,227.6851,0,False,False,False,155.7422,359.2969
LighteRTZ - ISGaming,CounterTerrorist,2246.091,2455.182,124.9802,P250,100,0,-77.52254,227.1349,0,False,False,False,156.0938,359.2969
LighteRTZ - ISGaming,CounterTerrorist,2243.637,2462.269,125.3476,P250,100,0,-79.10952,226.587,0,False,False,False,156.4453,359.2969
LighteRTZ - ISGaming,CounterTerrorist,2241.136,2469.34,125.7141,P250,100,0,-80.59611,226.0625,0,False,False,False,156.7969,359.2969
LighteRTZ - ISGaming,CounterTerrorist,2238.589,2476.394,126.0774,P250,100,0,-82.05386,225.5375,0,False,False,False,157.1484,359.6484
LighteRTZ - ISGaming,CounterTerrorist,2235.997,2483.432,126.4378,P250,100,0,-83.45859,225.0215,0,False,False,False,157.5,359.6484
LighteRTZ - ISGaming,CounterTerrorist,2233.362,2490.454,126.7974,P250,100,0,-84.82863,224.5086,0,False,False,False,157.8516,359.6484
LighteRTZ - ISGaming,CounterTerrorist,2230.682,2497.459,127.5472,P250,100,0,-86.32606,223.9371,0,False,False,False,158.5547,359.2969
LighteRTZ - ISGaming,CounterTerrorist,2227.951,2504.444,128.3025,P250,100,0,-88.05824,223.2616,0,False,False,False,159.2578,359.2969
LighteRTZ - ISGaming,CounterTerrorist,2225.161,2511.405,129.0526,P250,100,0,-90.10105,222.4451,0,False,False,False,160.3125,359.2969
LighteRTZ - ISGaming,CounterTerrorist,2222.3,2518.338,129.7688,P250,100,0,-92.41546,221.4935,0,False,False,False,161.0156,359.2969
LighteRTZ - ISGaming,CounterTerrorist,2219.329,2525.201,130.4778,P250,100,0,-99.87785,215.2446,0,False,False,False,161.0156,359.2969
LighteRTZ - ISGaming,CounterTerrorist,2215.781,2531.524,131.131,P250,100,0,-121.2853,195.0169,0,False,False,False,161.0156,359.2969
LighteRTZ - ISGaming,CounterTerrorist,2211.63,2537.277,131.7253,P250,100,0,-139.4204,177.8813,0,False,False,False,161.0156,359.2969
LighteRTZ - ISGaming,CounterTerrorist,2206.967,2542.546,132.028,P250,100,0,-154.7833,163.3651,0,False,False,False,161.0156,359.2969
LighteRTZ - ISGaming,CounterTerrorist,2201.87,2547.406,131.4473,P250,100,0,-167.7978,151.0679,0,False,False,False,161.0156,359.2969
LighteRTZ - ISGaming,CounterTerrorist,2196.528,2552.056,130.8237,P250,100,0,-168.5621,152.2214,0,False,False,False,161.0156,359.2969
LighteRTZ - ISGaming,CounterTerrorist,2191.435,2557.045,130.2478,P250,100,0,-159.8124,163.8255,0,False,False,False,161.0156,359.2969
LighteRTZ - ISGaming,CounterTerrorist,2186.584,2562.358,129.7179,P250,100,0,-152.7022,173.5067,0,False,False,False,161.7188,359.6484
LighteRTZ - ISGaming,CounterTerrorist,2181.923,2567.939,129.2286,P250,100,0,-147.2313,181.4262,0,False,False,False,162.7734,359.6484
LighteRTZ - ISGaming,CounterTerrorist,2177.396,2573.732,128.9972,P250,100,0,-143.6838,187.5485,0,False,False,False,164.8828,359.6484
LighteRTZ - ISGaming,CounterTerrorist,2172.951,2579.688,128.7791,P250,100,0,-141.4624,192.2846,0,False,False,False,165.9375,0
LighteRTZ - ISGaming,CounterTerrorist,2168.564,2585.763,128.5703,P250,100,0,-139.604,195.2197,0,False,False,False,166.6406,0
LighteRTZ - ISGaming,CounterTerrorist,2164.239,2591.89,128.7142,P250,100,0,-137.7743,196.5152,0,False,False,False,167.3438,359.6484
LighteRTZ - ISGaming,CounterTerrorist,2159.96,2598.049,129.101,P250,100,0,-136.4486,197.4381,0,False,False,False,167.6953,359.6484
LighteRTZ - ISGaming,CounterTerrorist,2155.69,2604.208,128.9495,P250,100,0,-136.6439,197.3029,0,False,False,False,168.0469,359.6484
LighteRTZ - ISGaming,CounterTerrorist,2151.437,2610.386,128.6203,P250,100,0,-135.8372,197.8592,0,False,False,False,168.3984,359.6484
LighteRTZ - ISGaming,CounterTerrorist,2147.199,2616.574,128.4361,P250,100,0,-135.5287,198.0706,0,False,False,False,169.1016,359.6484
LighteRTZ - ISGaming,CounterTerrorist,2142.962,2622.762,128.1442,P250,100,0,-135.66,197.9807,0,False,False,False,169.8047,359.6484
LighteRTZ - ISGaming,CounterTerrorist,2138.771,2628.96,127.7958,P250,100,0,-128.876,199.8663,0,False,False,False,170.8594,359.6484
LighteRTZ - ISGaming,CounterTerrorist,2135.254,2635.361,127.4186,P250,100,0,-103.3213,207.6733,0,False,False,False,171.5625,359.2969
LighteRTZ - ISGaming,CounterTerrorist,2132.34,2641.219,127.0375,P250,100,0,-87.52728,175.9277,0,False,False,False,172.2656,359.2969
LighteRTZ - ISGaming,CounterTerrorist,2129.77,2645.413,126.7015,P250,100,0,-79.2254,110.5648,0,False,False,False,172.6172,359.2969
LighteRTZ - ISGaming,CounterTerrorist,2126.882,2648.164,126.3238,P250,100,0,-101.4226,80.39989,0,False,False,False,172.6172,359.2969
LighteRTZ - ISGaming,CounterTerrorist,2123.255,2650.53,126.202,P250,100,0,-124.4041,73.07087,0,False,False,False,172.6172,359.2969
LighteRTZ - ISGaming,CounterTerrorist,2119.448,2653.25,126.4147,P250,100,0,-114.2452,96.64886,0,False,False,False,172.9688,359.2969
LighteRTZ - ISGaming,CounterTerrorist,2116.323,2656.744,126.5806,P250,100,0,-91.99731,120.3825,0,False,False,False,172.9688,359.2969
LighteRTZ - ISGaming,CounterTerrorist,2113.821,2660.907,126.6542,P250,100,0,-73.30704,140.5072,0,False,False,False,173.3203,359.2969
LighteRTZ - ISGaming,CounterTerrorist,2111.843,2665.638,126.6991,P250,100,0,-57.64027,157.5753,0,False,False,False,173.3203,359.2969
LighteRTZ - ISGaming,CounterTerrorist,2110.303,2670.851,126.7474,P250,100,0,-44.52615,172.0522,0,False,False,False,173.6719,359.2969
LighteRTZ - ISGaming,CounterTerrorist,2109.129,2676.472,126.7844,P250,100,0,-33.69352,184.3458,0,False,False,False,174.375,359.2969
LighteRTZ - ISGaming,CounterTerrorist,2108.245,2682.361,126.8061,P250,100,0,-25.82297,184.5272,0,False,False,False,174.7266,359.2969
LighteRTZ - ISGaming,CounterTerrorist,2107.517,2687.565,126.7352,P250,100,0,-21.87559,156.3198,0,False,False,False,175.0781,359.2969
LighteRTZ - ISGaming,CounterTerrorist,2106.9,2691.974,126.6618,P250,100,0,-18.53162,132.4243,0,False,False,False,175.4297,359.2969
LighteRTZ - ISGaming,CounterTerrorist,2106.377,2695.708,126.5996,P250,100,0,-15.69882,112.1815,0,False,False,False,175.7813,359.2969
LighteRTZ - ISGaming,CounterTerrorist,2105.988,2699.644,126.5533,P250,100,0,-10.63715,133.7454,0,False,False,False,176.1328,359.2969
LighteRTZ - ISGaming,CounterTerrorist,2105.738,2704.188,126.5354,P250,100,0,-6.506817,152.0234,0,False,False,False,176.4844,359.2969
LighteRTZ - ISGaming,CounterTerrorist,2105.602,2709.247,126.5125,P250,100,0,-3.186026,167.5185,0,False,False,False,176.4844,359.2969
LighteRTZ - ISGaming,CounterTerrorist,2105.554,2714.744,126.4854,P250,100,0,-0.6500534,180.6606,0,False,False,False,177.1875,359.2969
LighteRTZ - ISGaming,CounterTerrorist,2105.569,2720.612,126.455,P250,100,0,1.07164,191.8138,0,False,False,False,177.8906,359.2969
LighteRTZ - ISGaming,CounterTerrorist,2105.625,2726.795,126.4863,P250,100,0,2.147656,201.2763,0,False,False,False,178.2422,359.2969
LighteRTZ - ISGaming,CounterTerrorist,2105.703,2733.245,126.616,P250,100,0,2.633018,209.3035,0,False,False,False,178.9453,359.2969
LighteRTZ - ISGaming,CounterTerrorist,2105.786,2739.921,126.7503,P250,100,0,2.621651,216.1103,0,False,False,False,179.6484,359.2969
LighteRTZ - ISGaming,CounterTerrorist,2105.861,2746.239,126.8773,P250,100,0,2.257938,181.8685,0,False,False,False,180,359.2969
LighteRTZ - ISGaming,CounterTerrorist,2105.925,2750.594,126.9302,P250,100,0,1.912027,115.2638,0,False,False,False,180,359.2969
LighteRTZ - ISGaming,CounterTerrorist,2105.979,2753.069,126.9675,P250,100,0,1.641612,58.51968,0,False,False,False,180,359.2969
LighteRTZ - ISGaming,CounterTerrorist,2106.022,2753.839,126.9834,P250,100,0,1.088672,4.285262,0,False,False,False,180,359.2969
LighteRTZ - ISGaming,CounterTerrorist,2106.029,2753.221,126.9756,P250,100,0,0.1590831,-30.36673,0,False,False,False,180,359.2969
LighteRTZ - ISGaming,CounterTerrorist,2106.034,2751.72,126.9567,P250,100,0,0.149709,-58.61681,0,False,False,False,180,359.2969
LighteRTZ - ISGaming,CounterTerrorist,2106.036,2749.336,126.9265,P250,100,0,0.009578452,-86.86655,0,False,False,False,179.6484,359.2969
LighteRTZ - ISGaming,CounterTerrorist,2106.027,2746.113,126.8757,P250,100,0,-0.5112475,-112.3879,0,False,False,False,178.9453,359.2969
LighteRTZ - ISGaming,CounterTerrorist,2105.995,2742.169,126.7965,P250,100,0,-1.396776,-133.9995,0,False,False,False,178.2422,359.2969
LighteRTZ - ISGaming,CounterTerrorist,2105.93,2737.617,126.7049,P250,100,0,-2.459832,-152.2986,0,False,False,False,177.8906,359.2969
LighteRTZ - ISGaming,CounterTerrorist,2105.861,2733.322,126.6185,P250,100,0,-2.083814,-129.0178,0,False,False,False,177.8906,359.2969
LighteRTZ - ISGaming,CounterTerrorist,2105.029,2729.711,126.5413,P250,100,0,-40.5425,-107.8625,0,False,False,False,177.8906,359.2969
LighteRTZ - ISGaming,CounterTerrorist,2103.36,2727.237,126.4822,P250,100,0,-60.70165,-62.89523,0,False,False,False,177.8906,359.2969
LighteRTZ - ISGaming,CounterTerrorist,2101.123,2726.031,126.5084,P250,100,0,-77.77921,-24.80179,0,False,False,False,177.8906,359.2969
LighteRTZ - ISGaming,CounterTerrorist,2098.404,2725.899,126.5662,P250,100,0,-92.24624,7.468574,0,False,False,False,177.8906,359.2969
LighteRTZ - ISGaming,CounterTerrorist,2095.277,2726.677,126.6442,P250,100,0,-104.5018,34.80599,0,False,False,False,177.8906,359.2969
LighteRTZ - ISGaming,CounterTerrorist,2091.804,2728.227,126.7105,P250,100,0,-114.8839,57.96452,0,False,False,False,177.8906,359.2969
LighteRTZ - ISGaming,CounterTerrorist,2088.039,2730.43,126.7799,P250,100,0,-123.679,77.58297,0,False,False,False,177.8906,359.2969
LighteRTZ - ISGaming,CounterTerrorist,2084.025,2733.186,126.7894,P250,100,0,-131.1297,94.20248,0,False,False,False,177.8906,359.2969
LighteRTZ - ISGaming,CounterTerrorist,2079.8,2736.409,126.7695,P250,100,0,-137.5456,108.1846,0,False,False,False,178.2422,359.2969
LighteRTZ - ISGaming,CounterTerrorist,2075.389,2740.021,126.7472,P250,100,0,-143.2768,119.7501,0,False,False,False,178.9453,359.2969
LighteRTZ - ISGaming,CounterTerrorist,2070.808,2743.952,126.7229,P250,100,0,-148.5304,129.1628,0,False,False,False,179.6484,359.6484
LighteRTZ - ISGaming,CounterTerrorist,2066.071,2748.14,126.7732,P250,100,0,-153.3506,136.7697,0,False,False,False,180.3516,359.6484
LighteRTZ - ISGaming,CounterTerrorist,2061.194,2752.539,126.9802,P250,100,0,-157.6122,143.0336,0,False,False,False,180.7031,359.6484
LighteRTZ - ISGaming,CounterTerrorist,2056.195,2757.113,127.1954,P250,100,0,-161.3253,148.2345,0,False,False,False,180.7031,359.6484
LighteRTZ - ISGaming,CounterTerrorist,2051.089,2761.833,127.4175,P250,100,0,-164.5181,152.5919,0,False,False,False,180.7031,359.6484
LighteRTZ - ISGaming,CounterTerrorist,2045.88,2766.58,127.6409,P250,100,0,-168.9854,144.2952,0,False,False,False,181.0547,359.6484
LighteRTZ - ISGaming,CounterTerrorist,2040.578,2770.09,127.7723,P250,100,0,-170.0423,94.05206,0,False,False,False,181.0547,359.6484
LighteRTZ - ISGaming,CounterTerrorist,2035.248,2772.184,127.6972,P250,100,0,-170.8512,51.61477,0,False,False,False,181.4063,359.6484
LighteRTZ - ISGaming,CounterTerrorist,2029.898,2773.077,127.5358,P250,100,0,-171.3637,15.50064,0,False,False,False,181.7578,359.2969
LighteRTZ - ISGaming,CounterTerrorist,2024.709,2772.885,127.3036,P250,100,0,-157.0407,-20.64907,0,False,False,False,182.4609,359.2969
LighteRTZ - ISGaming,CounterTerrorist,2020.32,2771.53,127.0222,P250,100,0,-130.9644,-56.24051,0,False,False,False,183.5156,358.9453
LighteRTZ - ISGaming,CounterTerrorist,2016.678,2769.172,126.7007,P250,100,0,-108.3069,-86.35718,0,False,False,False,184.2188,358.9453
LighteRTZ - ISGaming,CounterTerrorist,2013.678,2765.965,126.3457,P250,100,0,-89.00041,-111.8625,0,False,False,False,183.8672,358.9453
LighteRTZ - ISGaming,CounterTerrorist,2011.218,2762.038,125.9621,P250,100,0,-72.96688,-133.4902,0,False,False,False,183.1641,359.2969
LighteRTZ - ISGaming,CounterTerrorist,2009.201,2757.501,125.5535,P250,100,0,-59.8247,-151.8371,0,False,False,False,182.8125,359.2969
LighteRTZ - ISGaming,CounterTerrorist,2007.548,2752.446,125.1234,P250,100,0,-48.95626,-167.3922,0,False,False,False,182.4609,359.2969
LighteRTZ - ISGaming,CounterTerrorist,2006.197,2746.952,125.1106,P250,100,0,-40.02622,-180.5808,0,False,False,False,182.1094,359.6484
LighteRTZ - ISGaming,CounterTerrorist,2005.094,2741.086,125.2496,P250,100,0,-32.63594,-191.7595,0,False,False,False,181.7578,359.6484
LighteRTZ - ISGaming,CounterTerrorist,2004.199,2734.905,125.4082,P250,100,0,-26.38462,-201.2297,0,False,False,False,181.7578,359.6484
LighteRTZ - ISGaming,CounterTerrorist,2003.48,2728.456,125.5836,P250,100,0,-21.08889,-209.2523,0,False,False,False,181.7578,359.6484
LighteRTZ - ISGaming,CounterTerrorist,2002.356,2721.99,125.741,P250,100,0,-44.39632,-205.5819,0,False,False,False,181.7578,359.6484
LighteRTZ - ISGaming,CounterTerrorist,2000.574,2715.628,125.8648,P250,100,0,-64.19231,-202.4242,0,False,False,False,181.7578,359.6484
LighteRTZ - ISGaming,CounterTerrorist,1997.991,2709.897,125.9316,P250,100,0,-93.16769,-172.5844,0,False,False,False,181.4063,359.6484
LighteRTZ - ISGaming,CounterTerrorist,1994.59,2705.009,125.9556,P250,100,0,-117.7157,-147.2375,0,False,False,False,181.4063,359.6484
LighteRTZ - ISGaming,CounterTerrorist,1990.584,2701.111,126.1233,P250,100,0,-132.0835,-107.047,0,False,False,False,181.4063,359.6484
LighteRTZ - ISGaming,CounterTerrorist,1986.297,2698.624,126.2302,P250,100,0,-140.0468,-63.97989,0,False,False,False,181.4063,359.6484
LighteRTZ - ISGaming,CounterTerrorist,1981.786,2697.352,126.2757,P250,100,0,-146.7929,-27.49619,0,False,False,False,181.4063,359.6484
LighteRTZ - ISGaming,CounterTerrorist,1976.873,2696.556,126.311,P250,100,0,-163.1438,-24.31871,0,False,False,False,181.4063,359.6484
LighteRTZ - ISGaming,CounterTerrorist,1971.498,2696.019,126.497,P250,100,0,-176.9953,0,0,False,False,False,181.4063,359.6484
LighteRTZ - ISGaming,CounterTerrorist,1965.733,2696.007,126.7876,P250,100,0,-188.7294,0,0,False,False,False,181.4063,359.6484
LighteRTZ - ISGaming,CounterTerrorist,1959.637,2696,126.8502,P250,100,0,-198.6698,0,0,False,False,False,181.4063,359.6484
LighteRTZ - ISGaming,CounterTerrorist,1953.261,2696,126.8502,P250,100,0,-207.0907,0,0,False,False,False,181.4063,359.6484
LighteRTZ - ISGaming,CounterTerrorist,1946.647,2695.988,126.8502,P250,100,0,-214.2243,-0.7849754,0,False,False,False,181.4063,359.6484
LighteRTZ - ISGaming,CounterTerrorist,1939.832,2695.945,126.8502,P250,100,0,-220.2675,-1.690649,0,False,False,False,181.4063,359.6484
LighteRTZ - ISGaming,CounterTerrorist,1932.847,2695.877,126.8502,P250,100,0,-225.3869,-2.45788,0,False,False,False,181.4063,359.6484
LighteRTZ - ISGaming,CounterTerrorist,1925.717,2695.787,125.2672,P250,100,0,-229.7237,-3.107829,0,False,False,False,181.4063,359.6484
LighteRTZ - ISGaming,CounterTerrorist,1918.465,2695.679,123.5668,P250,100,0,-233.3976,-3.658424,0,False,False,False,181.4063,359.6484
LighteRTZ - ISGaming,CounterTerrorist,1911.109,2695.556,122.7758,P250,100,0,-236.5099,-4.124854,0,False,False,False,181.4063,359.6484
LighteRTZ - ISGaming,CounterTerrorist,1903.666,2695.419,122.6613,P250,100,0,-239.1467,-4.509493,0,False,False,False,181.4063,359.6484
LighteRTZ - ISGaming,CounterTerrorist,1896.169,2695.273,122.5684,P250,100,0,-239.9528,-4.760173,0,False,False,False,181.4063,359.6484
LighteRTZ - ISGaming,CounterTerrorist,1888.671,2695.121,122.4784,P250,100,0,-239.9494,-4.927641,0,False,False,False,181.4063,359.6484
LighteRTZ - ISGaming,CounterTerrorist,1881.172,2694.964,122.3886,P250,100,0,-239.9467,-5.059573,0,False,False,False,181.4063,359.6484
LighteRTZ - ISGaming,CounterTerrorist,1873.674,2694.804,122.2987,P250,100,0,-239.9449,-5.143919,0,False,False,False,181.4063,359.6484
LighteRTZ - ISGaming,CounterTerrorist,1866.176,2694.642,122.6873,P250,100,0,-239.9438,-5.195934,0,False,False,False,181.4063,359.6484
LighteRTZ - ISGaming,CounterTerrorist,1858.678,2694.479,123.278,P250,100,0,-239.9432,-5.222107,0,False,False,False,181.4063,359.6484
LighteRTZ - ISGaming,CounterTerrorist,1851.18,2694.316,123.8688,P250,100,0,-239.9427,-5.244278,0,False,False,False,181.4063,359.6484
LighteRTZ - ISGaming,CounterTerrorist,1843.682,2694.152,124.4596,P250,100,0,-239.9423,-5.263062,0,False,False,False,181.4063,359.6484
LighteRTZ - ISGaming,CounterTerrorist,1836.183,2693.987,125.0504,P250,100,0,-239.9419,-5.278973,0,False,False,False,181.4063,359.6484
LighteRTZ - ISGaming,CounterTerrorist,1828.685,2693.822,125.6412,P250,100,0,-239.9416,-5.292453,0,False,False,False,181.4063,359.6484
LighteRTZ - ISGaming,CounterTerrorist,1821.25,2693.93,126.2625,P250,100,0,-235.0568,13.34265,0,False,False,False,181.4063,359.6484
LighteRTZ - ISGaming,CounterTerrorist,1814.062,2694.841,126.7854,P250,100,0,-227.1704,38.12096,0,False,False,False,181.4063,359.6484
LighteRTZ - ISGaming,CounterTerrorist,1807.152,2696.475,127.2749,P250,100,0,-213.3015,62.27959,0,False,False,False,181.4063,359.6484
LighteRTZ - ISGaming,CounterTerrorist,1801.117,2699.005,127.5689,P250,100,0,-181.683,91.55048,0,False,False,False,181.4063,359.6484
LighteRTZ - ISGaming,CounterTerrorist,1795.971,2702.36,127.8435,P250,100,0,-154.9868,116.3446,0,False,False,False,181.7578,359.6484
LighteRTZ - ISGaming,CounterTerrorist,1791.578,2706.415,127.9408,P250,100,0,-132.4608,137.3459,0,False,False,False,181.7578,359.6484
LighteRTZ - ISGaming,CounterTerrorist,1787.816,2711.061,127.9282,P250,100,0,-113.5362,155.1319,0,False,False,False,182.1094,359.6484
LighteRTZ - ISGaming,CounterTerrorist,1784.586,2716.209,127.7852,P250,100,0,-97.61232,170.1952,0,False,False,False,182.1094,359.6484
LighteRTZ - ISGaming,CounterTerrorist,1781.803,2721.782,127.5443,P250,100,0,-84.21078,182.9526,0,False,False,False,182.1094,359.6484
LighteRTZ - ISGaming,CounterTerrorist,1779.396,2727.715,127.2203,P250,100,0,-72.91625,193.7575,0,False,False,False,182.4609,359.6484
LighteRTZ - ISGaming,CounterTerrorist,1777.307,2733.952,127.02,P250,100,0,-63.39815,202.9087,0,False,False,False,182.4609,359.6484
LighteRTZ - ISGaming,CounterTerrorist,1775.486,2740.447,126.866,P250,100,0,-55.39417,210.6585,0,False,False,False,182.4609,359.6484
LighteRTZ - ISGaming,CounterTerrorist,1773.889,2747.161,126.7,P250,100,0,-48.69343,217.22,0,False,False,False,182.8125,359.6484
LighteRTZ - ISGaming,CounterTerrorist,1772.478,2754.06,126.5238,P250,100,0,-43.20699,222.7693,0,False,False,False,183.1641,359.6484
LighteRTZ - ISGaming,CounterTerrorist,1771.214,2761.115,126.3393,P250,100,0,-38.90477,227.4513,0,False,False,False,183.5156,359.6484
LighteRTZ - ISGaming,CounterTerrorist,1770.066,2768.302,126.148,P250,100,0,-35.5244,231.4011,0,False,False,False,183.8672,359.6484
LighteRTZ - ISGaming,CounterTerrorist,1769.011,2775.599,125.951,P250,100,0,-32.79783,234.7377,0,False,False,False,184.2188,359.6484
LighteRTZ - ISGaming,CounterTerrorist,1768.03,2782.991,125.6885,P250,100,0,-30.58571,237.5574,0,False,False,False,184.2188,359.6484
LighteRTZ - ISGaming,CounterTerrorist,1767.111,2790.435,125.393,P250,100,0,-28.74739,238.2721,0,False,False,False,184.5703,359.2969
LighteRTZ - ISGaming,CounterTerrorist,1766.24,2797.884,125.0961,P250,100,0,-27.41653,238.4289,0,False,False,False,184.9219,359.2969
LighteRTZ - ISGaming,CounterTerrorist,1765.402,2805.337,124.7983,P250,100,0,-26.46473,238.5364,0,False,False,False,185.2734,359.2969
LighteRTZ - ISGaming,CounterTerrorist,1764.584,2812.792,124.4098,P250,100,0,-26.11713,238.5747,0,False,False,False,186.3281,359.2969
LighteRTZ - ISGaming,CounterTerrorist,1763.765,2820.247,123.9553,P250,100,0,-26.27005,238.5579,0,False,False,False,186.6797,359.6484
LighteRTZ - ISGaming,CounterTerrorist,1762.94,2827.702,123.5007,P250,100,0,-26.49322,238.5332,0,False,False,False,186.6797,359.6484
LighteRTZ - ISGaming,CounterTerrorist,1762.112,2835.156,132.4497,P250,100,0,-26.49322,238.5332,273.8684,False,False,False,187.3828,359.6484
LighteRTZ - ISGaming,CounterTerrorist,1761.284,2842.61,140.6175,P250,100,0,-26.49322,238.5332,248.8684,False,False,False,187.0313,0
LighteRTZ - ISGaming,CounterTerrorist,1760.456,2850.064,148.0041,P250,100,0,-26.49322,238.5332,223.8684,False,False,False,185.9766,1.054688
LighteRTZ - ISGaming,CounterTerrorist,1759.628,2857.518,154.6093,P250,100,0,-26.49322,238.5332,198.8684,False,False,False,184.9219,1.757813
LighteRTZ - ISGaming,CounterTerrorist,1758.8,2864.972,160.4334,P250,100,0,-26.49322,238.5332,173.8684,False,False,False,184.9219,2.109375
LighteRTZ - ISGaming,CounterTerrorist,1757.971,2872.427,165.4762,P250,100,0,-26.49322,238.5332,148.8684,False,False,False,185.625,2.460938
LighteRTZ - ISGaming,CounterTerrorist,1757.143,2879.881,169.7377,P250,100,0,-26.49322,238.5332,123.8684,False,False,False,185.9766,2.460938
LighteRTZ - ISGaming,CounterTerrorist,1756.315,2887.335,173.218,P250,100,0,-26.49322,238.5332,98.86838,False,False,False,185.9766,2.460938
LighteRTZ - ISGaming,CounterTerrorist,1755.487,2894.789,175.917,P250,100,0,-26.49322,238.5332,73.86838,False,False,False,186.3281,2.8125
LighteRTZ - ISGaming,CounterTerrorist,1754.659,2902.243,177.8348,P250,100,0,-26.49322,238.5332,48.86838,False,False,False,186.3281,2.8125
LighteRTZ - ISGaming,CounterTerrorist,1753.831,2909.697,178.9713,P250,100,0,-26.49322,238.5332,23.86838,False,False,False,186.3281,2.8125
LighteRTZ - ISGaming,CounterTerrorist,1752.961,2917.147,179.3266,P250,100,0,-31.82612,237.9559,-1.131622,False,False,False,186.3281,2.8125
LighteRTZ - ISGaming,CounterTerrorist,1751.366,2924.518,178.9007,P250,100,0,-55.65804,235.3757,-26.13162,False,False,False,186.3281,2.8125
LighteRTZ - ISGaming,CounterTerrorist,1749.627,2931.873,177.6935,P250,100,0,-55.65804,235.3757,-51.13162,False,False,False,186.3281,2.8125
LighteRTZ - ISGaming,CounterTerrorist,1747.887,2939.229,175.705,P250,100,0,-55.65804,235.3757,-76.13162,False,False,False,186.3281,2.8125
LighteRTZ - ISGaming,CounterTerrorist,1746.137,2946.583,172.9353,P250,100,0,-56.38641,235.2954,-101.1316,False,False,False,186.3281,2.8125
LighteRTZ - ISGaming,CounterTerrorist,1744.346,2953.933,169.3843,P250,100,0,-57.84316,235.1274,-126.1316,False,False,False,186.6797,2.8125
LighteRTZ - ISGaming,CounterTerrorist,1741.765,2960.574,165.0521,P250,100,0,-104.635,187.3018,-151.1316,False,False,False,187.0313,2.460938
LighteRTZ - ISGaming,CounterTerrorist,1737.415,2965.042,159.9386,P250,100,0,-159.9421,116.3009,-176.1316,False,False,False,187.0313,2.460938
LighteRTZ - ISGaming,CounterTerrorist,1731.956,2968.082,154.0439,P250,100,0,-175.2329,96.55976,-201.1316,False,False,False,187.3828,2.460938
LighteRTZ - ISGaming,CounterTerrorist,1726.466,2971.08,147.368,P250,100,0,-175.9644,95.59805,-226.1316,False,False,False,187.7344,2.109375
LighteRTZ - ISGaming,CounterTerrorist,1720.956,2974.054,139.9107,P250,100,0,-176.4492,94.95394,-251.1316,False,False,False,188.0859,1.757813
LighteRTZ - ISGaming,CounterTerrorist,1715.43,2977.005,131.6723,P250,100,0,-177.0517,94.14532,-276.1316,False,False,False,188.4375,1.40625
LighteRTZ - ISGaming,CounterTerrorist,1709.913,2977.259,123.5839,P250,100,0,-175.0191,-44.81007,0,False,False,False,188.789,1.40625
LighteRTZ - ISGaming,CounterTerrorist,1704.278,2975.89,123.8566,P250,100,0,-183.53,-43.25086,0,False,False,False,188.789,1.40625
LighteRTZ - ISGaming,CounterTerrorist,1698.376,2974.56,124.1421,P250,100,0,-192.0309,-42.22791,0,False,False,False,188.789,1.40625
LighteRTZ - ISGaming,CounterTerrorist,1692.209,2973.252,124.4326,P250,100,0,-200.5578,-41.65155,0,False,False,False,188.789,1.40625
LighteRTZ - ISGaming,CounterTerrorist,1685.788,2971.959,124.7134,P250,100,0,-208.2405,-41.2618,0,False,False,False,188.789,1.40625
LighteRTZ - ISGaming,CounterTerrorist,1679.151,2970.676,124.9662,P250,100,0,-214.7488,-40.93162,0,False,False,False,188.789,1.40625
LighteRTZ - ISGaming,CounterTerrorist,1672.33,2969.402,124.9623,P250,100,0,-220.2623,-40.65192,0,False,False,False,188.789,1.40625
LighteRTZ - ISGaming,CounterTerrorist,1665.354,2968.137,124.9585,P250,100,0,-224.9329,-40.41497,0,False,False,False,188.789,1.40625
LighteRTZ - ISGaming,CounterTerrorist,1658.246,2966.878,124.9547,P250,100,0,-228.8879,-40.22461,0,False,False,False,188.789,1.40625
LighteRTZ - ISGaming,CounterTerrorist,1651.026,2965.623,124.9508,P250,100,0,-232.2339,-40.09199,0,False,False,False,188.789,1.40625
LighteRTZ - ISGaming,CounterTerrorist,1643.713,2964.373,124.9303,P250,100,0,-235.0684,-39.97964,0,False,False,False,188.789,1.40625
LighteRTZ - ISGaming,CounterTerrorist,1636.327,2963.126,124.9654,P250,100,0,-236.6835,-39.76078,0,False,False,False,188.789,1.40625
LighteRTZ - ISGaming,CounterTerrorist,1628.929,2961.892,125.049,P250,100,0,-236.7487,-39.37077,0,False,False,False,188.789,1.40625
LighteRTZ - ISGaming,CounterTerrorist,1621.53,2960.668,125.1329,P250,100,0,-236.8034,-39.04047,0,False,False,False,188.789,1.40625
LighteRTZ - ISGaming,CounterTerrorist,1614.851,2959.567,125.2087,P250,100,0,-200.6049,-33.07262,0,False,False,False,188.789,1.40625
LighteRTZ - ISGaming,CounterTerrorist,1609.193,2958.634,125.2579,P250,100,0,-169.9398,-28.01703,0,False,False,False,188.789,1.40625
LighteRTZ - ISGaming,CounterTerrorist,1604.401,2957.844,125.3146,P250,100,0,-143.9622,-23.73426,0,False,False,False,188.789,1.40625
LighteRTZ - ISGaming,CounterTerrorist,1600.341,2957.175,125.3626,P250,100,0,-121.9557,-20.10617,0,False,False,False,189.1406,1.40625
LighteRTZ - ISGaming,CounterTerrorist,1596.901,2956.608,125.4033,P250,100,0,-103.3132,-17.03267,0,False,False,False,190.1953,1.40625
LighteRTZ - ISGaming,CounterTerrorist,1593.988,2956.127,125.4378,P250,100,0,-87.52042,-14.42901,0,False,False,False,191.25,1.40625
LighteRTZ - ISGaming,CounterTerrorist,1591.52,2955.72,125.4602,P250,100,0,-74.07461,-12.21227,0,False,False,False,192.6563,1.40625
LighteRTZ - ISGaming,CounterTerrorist,1589.436,2955.458,125.4993,P250,100,0,-63.7207,-0.08596992,0,False,False,False,193.711,1.40625
LighteRTZ - ISGaming,CounterTerrorist,1587.491,2956.198,125.5489,P250,100,0,-61.66324,36.99554,0,False,False,False,195.1172,1.40625
LighteRTZ - ISGaming,CounterTerrorist,1585.556,2957.98,125.6253,P250,100,0,-62.31865,68.48576,0,False,False,False,195.8203,1.40625
LighteRTZ - ISGaming,CounterTerrorist,1583.583,2960.654,125.7255,P250,100,0,-63.65554,95.26881,0,False,False,False,196.5234,1.40625
LighteRTZ - ISGaming,CounterTerrorist,1581.612,2963.928,125.8411,P250,100,0,-59.10195,98.13178,0,False,False,False,196.875,1.40625
LighteRTZ - ISGaming,CounterTerrorist,1580.175,2965.954,125.9021,P250,100,0,-38.40302,45.82796,0,False,False,False,197.2266,1.40625
LighteRTZ - ISGaming,CounterTerrorist,1579.4,2966.446,125.9269,P250,100,0,-16.00903,-1.56273,0,False,False,False,197.5781,1.40625
LighteRTZ - ISGaming,CounterTerrorist,1579.308,2965.771,125.9249,P250,100,0,2.718961,-31.68004,0,False,False,False,197.5781,1.40625
LighteRTZ - ISGaming,CounterTerrorist,1579.389,2964.957,125.9025,P250,100,0,-1.879016,-8.951082,0,False,False,False,197.9297,1.40625
LighteRTZ - ISGaming,CounterTerrorist,1579.189,2965.422,125.9025,P250,100,0,-9.049356,25.26301,0,False,False,False,197.9297,1.40625
LighteRTZ - ISGaming,CounterTerrorist,1578.741,2966.738,125.9461,P250,100,0,-17.51105,52.22029,0,False,False,False,197.9297,1.40625
LighteRTZ - ISGaming,CounterTerrorist,1578.175,2968.435,125.9995,P250,100,0,-16.57269,49.69983,0,False,False,False,197.9297,1.40625
LighteRTZ - ISGaming,CounterTerrorist,1577.814,2969.772,126.0434,P250,100,0,-2.650145,40.54656,0,False,False,False,197.9297,1.40625
LighteRTZ - ISGaming,CounterTerrorist,1578.458,2971.043,126.0592,P250,100,0,33.27531,41.05314,0,False,False,False,197.9297,1.40625
LighteRTZ - ISGaming,CounterTerrorist,1580.089,2972.392,126.0782,P250,100,0,63.18309,44.78802,0,False,False,False,197.9297,1.40625
LighteRTZ - ISGaming,CounterTerrorist,1582.604,2973.892,126.0782,P250,100,0,90.36381,49.85111,0,False,False,False,197.9297,1.40625
LighteRTZ - ISGaming,CounterTerrorist,1585.889,2975.536,126.0751,P250,100,0,113.4643,54.1932,0,False,False,False,197.9297,1.40625
LighteRTZ - ISGaming,CounterTerrorist,1589.825,2977.303,126.0594,P250,100,0,133.0336,57.87154,0,False,False,False,197.9297,1.40625
LighteRTZ - ISGaming,CounterTerrorist,1594.313,2979.173,126.0377,P250,100,0,149.6115,60.9876,0,False,False,False,197.9297,1.40625
LighteRTZ - ISGaming,CounterTerrorist,1599.266,2981.136,126.0112,P250,100,0,163.5705,63.88501,0,False,False,False,198.6328,1.757813
LighteRTZ - ISGaming,CounterTerrorist,1604.613,2983.185,125.9808,P250,100,0,175.328,66.54239,0,False,False,False,198.6328,1.757813
LighteRTZ - ISGaming,CounterTerrorist,1610.214,2985.285,125.9477,P250,100,0,175.5054,65.53028,0,False,False,False,198.6328,1.40625
LighteRTZ - ISGaming,CounterTerrorist,1615.163,2987.133,125.9182,P250,100,0,148.6771,55.51311,0,False,False,False,198.6328,1.40625
LighteRTZ - ISGaming,CounterTerrorist,1619.345,2987.922,125.8733,P250,100,0,125.2726,-1.739899,0,False,False,False,198.2813,1.40625
LighteRTZ - ISGaming,CounterTerrorist,1623.027,2987.427,125.8029,P250,100,0,115.5079,-29.64973,0,False,False,False,198.2813,1.40625
LighteRTZ - ISGaming,CounterTerrorist,1626.529,2985.857,125.7075,P250,100,0,110.1136,-61.93257,0,False,False,False,198.2813,1.40625
LighteRTZ - ISGaming,CounterTerrorist,1629.88,2983.377,125.5909,P250,100,0,105.6008,-89.26151,0,False,False,False,198.6328,1.40625
LighteRTZ - ISGaming,CounterTerrorist,1632.858,2980.859,125.4791,P250,100,0,89.45835,-75.61672,0,False,False,False,198.6328,1.40625
LighteRTZ - ISGaming,CounterTerrorist,1635.607,2978.803,125.3829,P250,100,0,94.92455,-57.58438,0,False,False,False,198.6328,1.40625
LighteRTZ - ISGaming,CounterTerrorist,1639.017,2977.428,125.294,P250,100,0,117.1533,-36.29356,0,False,False,False,198.9844,1.40625
LighteRTZ - ISGaming,CounterTerrorist,1642.976,2976.629,125.2114,P250,100,0,126.1986,-21.51266,0,False,False,False,198.9844,1.054688
LighteRTZ - ISGaming,CounterTerrorist,1646.536,2976.022,125.1401,P250,100,0,106.9075,-18.22417,0,False,False,False,198.9844,1.054688
LighteRTZ - ISGaming,CounterTerrorist,1649.551,2975.508,125.0797,P250,100,0,90.56524,-15.43836,0,False,False,False,198.9844,0.703125
LighteRTZ - ISGaming,CounterTerrorist,1651.847,2975.803,125.0514,P250,100,0,63.55413,23.50773,0,False,False,False,198.9844,0.703125
LighteRTZ - ISGaming,CounterTerrorist,1653.35,2977.176,125.0509,P250,100,0,39.38906,55.37383,0,False,False,False,198.9844,0.3515625
LighteRTZ - ISGaming,CounterTerrorist,1654.193,2979.447,125.0949,P250,100,0,20.12832,82.74086,0,False,False,False,199.3359,0.3515625
LighteRTZ - ISGaming,CounterTerrorist,1654.522,2982.355,125.1794,P250,100,0,6.344149,86.7433,0,False,False,False,199.3359,0.3515625
LighteRTZ - ISGaming,CounterTerrorist,1654.372,2984.075,125.2263,P250,100,0,-10.96875,36.19886,0,False,False,False,199.6875,0
LighteRTZ - ISGaming,CounterTerrorist,1653.827,2984.284,125.2263,P250,100,0,-19.70029,-9.041598,0,False,False,False,200.3906,0
LighteRTZ - ISGaming,CounterTerrorist,1653.079,2983.416,125.2263,P250,100,0,-27.09815,-38.24895,0,False,False,False,200.3906,359.6484
LighteRTZ - ISGaming,CounterTerrorist,1652.039,2981.698,125.2012,P250,100,0,-37.10707,-64.88667,0,False,False,False,200.7422,359.6484
LighteRTZ - ISGaming,CounterTerrorist,1650.859,2979.163,125.1539,P250,100,0,-31.86305,-90.6521,0,False,False,False,200.7422,359.6484
LighteRTZ - ISGaming,CounterTerrorist,1650.234,2975.883,125.0787,P250,100,0,-13.27878,-113.0944,0,False,False,False,200.7422,359.6484
LighteRTZ - ISGaming,CounterTerrorist,1650.133,2971.969,124.9788,P250,100,0,2.464656,-132.1061,0,False,False,False,200.7422,359.6484
LighteRTZ - ISGaming,CounterTerrorist,1650.476,2967.52,124.9566,P250,100,0,15.79168,-148.2153,0,False,False,False,200.7422,359.6484
LighteRTZ - ISGaming,CounterTerrorist,1651.191,2962.615,124.9417,P250,100,0,26.86358,-161.9433,0,False,False,False,200.0391,359.2969
LighteRTZ - ISGaming,CounterTerrorist,1652.205,2957.317,124.9255,P250,100,0,35.41463,-173.8676,0,False,False,False,198.2813,359.2969
LighteRTZ - ISGaming,CounterTerrorist,1653.431,2951.675,124.9083,P250,100,0,41.25938,-184.4224,0,False,False,False,196.1719,358.9453
LighteRTZ - ISGaming,CounterTerrorist,1654.796,2945.727,124.8902,P250,100,0,44.92289,-193.7307,0,False,False,False,194.4141,358.5938
LighteRTZ - ISGaming,CounterTerrorist,1656.245,2939.511,124.8712,P250,100,0,47.07391,-201.8572,0,False,False,False,193.0078,358.5938
LighteRTZ - ISGaming,CounterTerrorist,1657.744,2933.063,124.8516,P250,100,0,48.42103,-208.8522,0,False,False,False,192.6563,358.5938
LighteRTZ - ISGaming,CounterTerrorist,1659.278,2926.418,124.8313,P250,100,0,49.47895,-214.7967,0,False,False,False,192.6563,358.5938
LighteRTZ - ISGaming,CounterTerrorist,1660.842,2919.606,124.8105,P250,100,0,50.37515,-219.8325,0,False,False,False,192.6563,358.5938
LighteRTZ - ISGaming,CounterTerrorist,1662.431,2912.651,124.7893,P250,100,0,51.09581,-224.1072,0,False,False,False,192.6563,358.5938
LighteRTZ - ISGaming,CounterTerrorist,1664.039,2905.575,124.6868,P250,100,0,51.70631,-227.7284,0,False,False,False,192.6563,358.5938
LighteRTZ - ISGaming,CounterTerrorist,1665.445,2899.385,124.5547,P250,100,0,39.33656,-173.2107,0,False,False,False,192.6563,358.5938
LighteRTZ - ISGaming,CounterTerrorist,1666.377,2895.254,124.4666,P250,100,0,24.3455,-108.9828,0,False,False,False,193.711,358.9453
LighteRTZ - ISGaming,CounterTerrorist,1666.872,2892.933,124.417,P250,100,0,10.87396,-54.30085,0,False,False,False,194.7656,359.2969
LighteRTZ - ISGaming,CounterTerrorist,1666.96,2892.264,124.4028,P250,100,0,-1.825416,-1.634686,0,False,False,False,195.1172,359.2969
LighteRTZ - ISGaming,CounterTerrorist,1666.787,2892.894,124.4028,P250,100,0,-8.329184,30.37885,0,False,False,False,195.4688,359.2969
LighteRTZ - ISGaming,CounterTerrorist,1666.381,2894.375,124.4382,P250,100,0,-15.80913,57.6206,0,False,False,False,195.4688,359.2969
LighteRTZ - ISGaming,CounterTerrorist,1665.74,2896.708,124.4834,P250,67,0,-23.35396,84.80495,0,False,False,False,195.4688,359.2969
LighteRTZ - ISGaming,CounterTerrorist,1664.874,2899.845,124.5645,P250,67,0,-30.15862,109.2325,0,False,False,False,195.4688,359.2969
LighteRTZ - ISGaming,CounterTerrorist,1663.85,2903.551,124.6436,P250,67,0,-33.40499,120.8505,0,False,False,False,195.4688,359.2969
LighteRTZ - ISGaming,CounterTerrorist,1662.862,2907.124,124.7199,P250,67,0,-29.67818,107.3491,0,False,False,False,195.4688,359.2969
LighteRTZ - ISGaming,CounterTerrorist,1662.151,2909.698,124.7644,P250,67,0,-17.18136,62.24997,0,False,False,False,195.4688,359.2969
LighteRTZ - ISGaming,CounterTerrorist,1661.898,2910.622,124.7815,P250,67,0,-2.675311,9.975394,0,False,False,False,195.4688,359.2969
LighteRTZ - ISGaming,CounterTerrorist,1662.014,2910.206,124.7815,P250,67,0,6.557602,-23.54123,0,False,False,False,195.4688,359.2969
LighteRTZ - ISGaming,CounterTerrorist,1662.205,2909.522,124.7711,P250,67,0,5.029312,-18.0548,0,True,False,False,195.4688,359.2969
LighteRTZ - ISGaming,CounterTerrorist,1662.294,2909.203,124.7642,P250,67,0,1.54087,-5.53159,0,True,False,False,195.4688,359.2969
LighteRTZ - ISGaming,CounterTerrorist,1662.299,2909.184,124.7638,P250,67,0,0,0,0,True,False,False,195.4688,359.6484
LighteRTZ - ISGaming,CounterTerrorist,1662.299,2909.184,124.7638,P250,67,0,0,0,0,True,False,False,195.4688,359.6484
LighteRTZ - ISGaming,CounterTerrorist,1662.299,2909.184,124.7638,P250,67,0,0,0,0,True,False,False,195.4688,359.6484
LighteRTZ - ISGaming,CounterTerrorist,1662.299,2909.184,124.7638,P250,67,0,0,0,0,False,False,False,195.4688,359.6484
LighteRTZ - ISGaming,CounterTerrorist,1662.299,2909.184,124.7638,P250,67,0,0,0,0,False,False,False,195.4688,358.9453
LighteRTZ - ISGaming,CounterTerrorist,1662.299,2909.184,124.7638,P250,67,0,0,0,0,False,False,False,195.4688,358.5938
LighteRTZ - ISGaming,CounterTerrorist,1662.299,2909.184,124.7638,P250,67,0,0,0,0,False,False,False,195.4688,358.2422
LighteRTZ - ISGaming,CounterTerrorist,1662.299,2909.184,124.7638,P250,67,0,0,0,0,False,False,False,195.4688,358.2422
LighteRTZ - ISGaming,CounterTerrorist,1662.299,2909.184,124.7638,P250,67,0,0,0,0,False,False,False,195.4688,358.2422
LighteRTZ - ISGaming,CounterTerrorist,1662.299,2909.184,124.7638,P250,67,0,0,0,0,False,False,False,195.4688,358.2422
LighteRTZ - ISGaming,CounterTerrorist,1662.299,2909.184,124.7638,P250,67,0,0,0,0,False,False,False,195.4688,358.2422
LighteRTZ - ISGaming,CounterTerrorist,1662.299,2909.184,124.7638,P250,67,0,0,0,0,False,False,False,195.4688,358.2422
LighteRTZ - ISGaming,CounterTerrorist,1662.299,2909.184,124.7638,P250,67,0,0,0,0,False,False,False,195.1172,358.5938
LighteRTZ - ISGaming,CounterTerrorist,1662.299,2909.184,124.7638,P250,67,0,0,0,0,False,False,False,194.7656,358.5938
LighteRTZ - ISGaming,CounterTerrorist,1662.299,2909.184,124.7638,P250,67,0,0,0,0,False,False,False,194.4141,358.9453
LighteRTZ - ISGaming,CounterTerrorist,1662.299,2909.184,124.7638,P250,67,0,0,0,0,False,False,False,194.4141,358.9453
LighteRTZ - ISGaming,CounterTerrorist,1662.284,2909.242,124.7638,P250,67,0,-1.015925,3.925352,0,False,False,False,194.4141,359.2969
LighteRTZ - ISGaming,CounterTerrorist,1662.244,2909.395,124.7638,P250,67,0,-1.444225,5.476838,0,True,False,False,194.7656,359.2969
LighteRTZ - ISGaming,CounterTerrorist,1662.19,2909.596,124.7638,P250,67,0,-1.882478,7.025591,0,True,False,False,195.1172,0
LighteRTZ - ISGaming,CounterTerrorist,1662.123,2909.846,124.7638,P250,34,0,-2.288045,8.583054,0,True,False,False,194.7656,0.703125
LighteRTZ - ISGaming,CounterTerrorist,1662.044,2910.145,124.7795,P250,34,0,-2.675225,10.14536,0,True,False,False,194.7656,1.054688
LighteRTZ - ISGaming,CounterTerrorist,1661.953,2910.493,124.7795,P250,34,0,-3.072609,11.70495,0,True,False,False,194.7656,1.40625
LighteRTZ - ISGaming,CounterTerrorist,1661.849,2910.889,124.7795,P250,34,0,-3.509959,13.25398,0,True,False,False,195.1172,1.757813
LighteRTZ - ISGaming,CounterTerrorist,1661.648,2911.634,124.7795,P250,34,0,-9.23444,34.07129,0,False,False,False,195.4688,2.460938
LighteRTZ - ISGaming,CounterTerrorist,1661.211,2913.23,124.7795,P250,34,0,-16.79573,61.2907,0,False,False,False,195.4688,2.8125
