Name,Team,Position.X,Position.Y,Position.Z,ActiveWeapon,HP,Armour,Velocity.X,Velocity.Y,Velocity.Z,IsDucking,HasHelmet,HasDefuseKit,ViewDirectionX,ViewDirectionY,Map = de_inferno
LDLC kiokiNg * CMSTORM,CounterTerrorist,2480,2112,127.0546,P2000,100,0,0,0,0,False,False,False,346.6406,354.375
LDLC kiokiNg * CMSTORM,CounterTerrorist,2480,2112,126.7755,P2000,100,0,0,0,0,False,False,False,346.6406,354.375
LDLC kiokiNg * CMSTORM,CounterTerrorist,2480,2112,126.7755,P2000,100,0,0,0,0,False,False,False,207.4219,0
LDLC kiokiNg * CMSTORM,CounterTerrorist,2480,2112,126.7755,P2000,100,0,0,0,0,False,False,False,207.4219,0
LDLC kiokiNg * CMSTORM,CounterTerrorist,2480,2112,126.7755,P2000,100,0,0,0,0,False,False,False,207.4219,0
LDLC kiokiNg * CMSTORM,CounterTerrorist,2480,2112,126.7755,P2000,100,0,0,0,0,False,False,False,207.4219,0
LDLC kiokiNg * CMSTORM,CounterTerrorist,2480,2112,126.7755,P2000,100,0,0,0,0,False,False,False,207.4219,0
LDLC kiokiNg * CMSTORM,CounterTerrorist,2480,2112,126.7755,P2000,100,0,0,0,0,False,False,False,207.4219,0
LDLC kiokiNg * CMSTORM,CounterTerrorist,2480,2112,126.7755,P2000,100,0,0,0,0,False,False,False,207.4219,0
LDLC kiokiNg * CMSTORM,CounterTerrorist,2480,2112,126.7755,P2000,100,0,0,0,0,False,False,False,207.4219,0
LDLC kiokiNg * CMSTORM,CounterTerrorist,2480,2112,126.7755,P2000,100,0,0,0,0,False,False,False,207.4219,0
LDLC kiokiNg * CMSTORM,CounterTerrorist,2480,2112,126.7755,P2000,100,0,0,0,0,False,False,False,207.4219,0
LDLC kiokiNg * CMSTORM,CounterTerrorist,2480,2112,126.7755,P2000,100,0,0,0,0,False,False,False,207.4219,0
LDLC kiokiNg * CMSTORM,CounterTerrorist,2480,2112,126.7755,P2000,100,0,0,0,0,False,False,False,207.4219,0
LDLC kiokiNg * CMSTORM,CounterTerrorist,2480,2112,126.7755,P2000,100,0,0,0,0,False,False,False,207.4219,0
LDLC kiokiNg * CMSTORM,CounterTerrorist,2480,2112,126.7755,P2000,100,0,0,0,0,False,False,False,207.4219,0
LDLC kiokiNg * CMSTORM,CounterTerrorist,2480,2112,126.7755,P2000,100,0,0,0,0,False,False,False,207.4219,0
LDLC kiokiNg * CMSTORM,CounterTerrorist,2480,2112,126.7755,Knife,100,0,0,0,0,False,False,False,207.4219,0
LDLC kiokiNg * CMSTORM,CounterTerrorist,2480,2112,126.7755,Knife,100,0,0,0,0,False,False,False,207.4219,0
LDLC kiokiNg * CMSTORM,CounterTerrorist,2480,2112,126.7755,Knife,100,0,0,0,0,False,False,False,207.4219,0
LDLC kiokiNg * CMSTORM,CounterTerrorist,2480,2112,126.7755,Knife,100,0,0,0,0,False,False,False,207.4219,0
LDLC kiokiNg * CMSTORM,CounterTerrorist,2480,2112,126.7755,Knife,100,0,0,0,0,False,False,False,207.4219,0
LDLC kiokiNg * CMSTORM,CounterTerrorist,2480,2112,126.7755,Knife,100,0,0,0,0,False,False,False,207.4219,0
LDLC kiokiNg * CMSTORM,CounterTerrorist,2480,2112,126.7755,Knife,100,0,0,0,0,False,False,False,207.4219,0
LDLC kiokiNg * CMSTORM,CounterTerrorist,2480,2112,126.7755,Knife,100,0,0,0,0,False,False,False,207.4219,0
LDLC kiokiNg * CMSTORM,CounterTerrorist,2480,2112,126.7755,Knife,100,0,0,0,0,False,False,False,207.4219,0
LDLC kiokiNg * CMSTORM,CounterTerrorist,2480,2112,126.7755,Knife,100,0,0,0,0,False,False,False,207.4219,0
LDLC kiokiNg * CMSTORM,CounterTerrorist,2480,2112,126.7755,Knife,100,0,0,0,0,False,False,False,207.4219,0
LDLC kiokiNg * CMSTORM,CounterTerrorist,2480,2112,126.7755,Knife,100,0,0,0,0,False,False,False,207.4219,0
LDLC kiokiNg * CMSTORM,CounterTerrorist,2480,2112,126.7755,Knife,100,0,0,0,0,False,False,False,207.4219,0
LDLC kiokiNg * CMSTORM,CounterTerrorist,2480,2112,126.7755,Knife,100,0,0,0,0,False,False,False,207.4219,0
LDLC kiokiNg * CMSTORM,CounterTerrorist,2480,2112,126.7755,Knife,100,0,0,0,0,False,False,False,207.4219,0
LDLC kiokiNg * CMSTORM,CounterTerrorist,2480,2112,126.7755,Knife,100,0,0,0,0,False,False,False,207.4219,0
LDLC kiokiNg * CMSTORM,CounterTerrorist,2480,2112,126.7755,Knife,100,0,0,0,0,False,False,False,207.4219,0
LDLC kiokiNg * CMSTORM,CounterTerrorist,2480,2112,126.7755,Knife,100,0,0,0,0,False,False,False,207.4219,0
LDLC kiokiNg * CMSTORM,CounterTerrorist,2480,2112,126.7755,Knife,100,0,0,0,0,False,False,False,207.4219,0
LDLC kiokiNg * CMSTORM,CounterTerrorist,2480,2112,126.7755,Knife,100,0,0,0,0,False,False,False,207.4219,0
LDLC kiokiNg * CMSTORM,CounterTerrorist,2480,2112,126.7755,Knife,100,0,0,0,0,False,False,False,207.4219,0
LDLC kiokiNg * CMSTORM,CounterTerrorist,2480,2112,126.7755,Knife,100,0,0,0,0,False,False,False,207.4219,0
LDLC kiokiNg * CMSTORM,CounterTerrorist,2480,2112,126.7755,Knife,100,0,0,0,0,False,False,False,207.4219,0
LDLC kiokiNg * CMSTORM,CounterTerrorist,2480,2112,126.7755,Knife,100,0,0,0,0,False,False,False,207.4219,0
LDLC kiokiNg * CMSTORM,CounterTerrorist,2480,2112,126.7755,Knife,100,0,0,0,0,False,False,False,207.4219,0
LDLC kiokiNg * CMSTORM,CounterTerrorist,2480,2112,126.7755,Knife,100,0,0,0,0,False,False,False,207.4219,0
LDLC kiokiNg * CMSTORM,CounterTerrorist,2480,2112,126.7755,Knife,100,0,0,0,0,False,False,False,207.4219,0
LDLC kiokiNg * CMSTORM,CounterTerrorist,2480,2112,126.7755,Knife,100,0,0,0,0,False,False,False,207.4219,0
LDLC kiokiNg * CMSTORM,CounterTerrorist,2480,2112,126.7755,Knife,100,0,0,0,0,False,False,False,207.4219,0
LDLC kiokiNg * CMSTORM,CounterTerrorist,2480,2112,126.7755,Knife,100,0,0,0,0,False,False,False,207.4219,0
LDLC kiokiNg * CMSTORM,CounterTerrorist,2480,2112,126.7755,Knife,100,0,0,0,0,False,False,False,207.4219,0
LDLC kiokiNg * CMSTORM,CounterTerrorist,2480,2112,126.7755,Knife,100,0,0,0,0,False,False,False,207.4219,0
LDLC kiokiNg * CMSTORM,CounterTerrorist,2480,2112,126.7755,Knife,100,0,0,0,0,False,False,False,207.4219,0
LDLC kiokiNg * CMSTORM,CounterTerrorist,2480,2112,126.7755,Knife,100,0,0,0,0,False,False,False,207.4219,0
LDLC kiokiNg * CMSTORM,CounterTerrorist,2480,2112,126.7755,Knife,100,0,0,0,0,False,False,False,207.4219,0
LDLC kiokiNg * CMSTORM,CounterTerrorist,2480,2112,126.7755,Knife,100,0,0,0,0,False,False,False,207.4219,0
LDLC kiokiNg * CMSTORM,CounterTerrorist,2480,2112,126.7755,Knife,100,0,0,0,0,False,False,False,207.4219,0
LDLC kiokiNg * CMSTORM,CounterTerrorist,2480,2112,126.7755,Knife,100,0,0,0,0,False,False,False,207.4219,0
LDLC kiokiNg * CMSTORM,CounterTerrorist,2480,2112,126.7755,Knife,100,0,0,0,0,False,False,False,207.4219,0
LDLC kiokiNg * CMSTORM,CounterTerrorist,2480,2112,126.7755,Knife,100,0,0,0,0,False,False,False,207.4219,0
LDLC kiokiNg * CMSTORM,CounterTerrorist,2480,2112,126.7755,Knife,100,0,0,0,0,False,False,False,207.4219,0
LDLC kiokiNg * CMSTORM,CounterTerrorist,2480,2112,126.7755,Knife,100,0,0,0,0,False,False,False,207.4219,0
LDLC kiokiNg * CMSTORM,CounterTerrorist,2480,2112,126.7755,Knife,100,0,0,0,0,False,False,False,207.4219,0
LDLC kiokiNg * CMSTORM,CounterTerrorist,2480,2112,126.7755,Knife,100,0,0,0,0,False,False,False,207.4219,0
LDLC kiokiNg * CMSTORM,CounterTerrorist,2480,2112,126.7755,Knife,100,0,0,0,0,False,False,False,207.4219,0
LDLC kiokiNg * CMSTORM,CounterTerrorist,2480,2112,126.7755,Knife,100,0,0,0,0,False,False,False,207.4219,0
LDLC kiokiNg * CMSTORM,CounterTerrorist,2480,2112,126.7755,Knife,100,0,0,0,0,False,False,False,207.4219,0
LDLC kiokiNg * CMSTORM,CounterTerrorist,2480,2112,126.7755,Knife,100,0,0,0,0,False,False,False,207.4219,0
LDLC kiokiNg * CMSTORM,CounterTerrorist,2480,2112,126.7755,Knife,100,0,0,0,0,False,False,False,207.4219,0
LDLC kiokiNg * CMSTORM,CounterTerrorist,2480,2112,126.7755,Knife,100,0,0,0,0,False,False,False,207.4219,0
LDLC kiokiNg * CMSTORM,CounterTerrorist,2480,2112,126.7755,Knife,100,0,0,0,0,False,False,False,207.4219,0
LDLC kiokiNg * CMSTORM,CounterTerrorist,2480,2112,126.7755,Knife,100,0,0,0,0,False,False,False,207.4219,0
LDLC kiokiNg * CMSTORM,CounterTerrorist,2480,2112,126.7755,Knife,100,0,0,0,0,False,False,False,207.4219,0
LDLC kiokiNg * CMSTORM,CounterTerrorist,2480,2112,126.7755,Knife,100,0,0,0,0,False,False,False,207.4219,0
LDLC kiokiNg * CMSTORM,CounterTerrorist,2480,2112,126.7755,M4A4,100,0,0,0,0,False,False,False,207.4219,0
LDLC kiokiNg * CMSTORM,CounterTerrorist,2480,2112,126.7755,M4A4,100,0,0,0,0,False,False,False,207.4219,0
LDLC kiokiNg * CMSTORM,CounterTerrorist,2480,2112,126.7755,M4A4,100,0,0,0,0,False,False,False,207.4219,0
LDLC kiokiNg * CMSTORM,CounterTerrorist,2480,2112,126.7755,M4A4,100,0,0,0,0,False,False,False,207.4219,0
LDLC kiokiNg * CMSTORM,CounterTerrorist,2480,2112,126.7755,M4A4,100,0,0,0,0,False,False,False,207.4219,0
LDLC kiokiNg * CMSTORM,CounterTerrorist,2480,2112,126.7755,M4A4,100,0,0,0,0,False,False,False,207.4219,0
LDLC kiokiNg * CMSTORM,CounterTerrorist,2480,2112,126.7755,M4A4,100,0,0,0,0,False,False,False,207.4219,0
LDLC kiokiNg * CMSTORM,CounterTerrorist,2480,2112,126.7755,M4A4,100,0,0,0,0,False,False,False,207.4219,0
LDLC kiokiNg * CMSTORM,CounterTerrorist,2480,2112,126.7755,M4A4,100,0,0,0,0,False,False,False,207.4219,0
LDLC kiokiNg * CMSTORM,CounterTerrorist,2480,2112,126.7755,M4A4,100,0,0,0,0,False,False,False,207.4219,0
LDLC kiokiNg * CMSTORM,CounterTerrorist,2480,2112,126.7755,M4A4,100,0,0,0,0,False,False,False,207.4219,0
LDLC kiokiNg * CMSTORM,CounterTerrorist,2480,2112,126.7755,M4A4,100,0,0,0,0,False,False,False,207.4219,0
LDLC kiokiNg * CMSTORM,CounterTerrorist,2480,2112,126.7755,M4A4,100,0,0,0,0,False,False,False,207.4219,0
LDLC kiokiNg * CMSTORM,CounterTerrorist,2480,2112,126.7755,M4A4,100,0,0,0,0,False,False,False,207.4219,0
LDLC kiokiNg * CMSTORM,CounterTerrorist,2480,2112,126.7755,M4A4,100,0,0,0,0,False,False,False,207.4219,0
LDLC kiokiNg * CMSTORM,CounterTerrorist,2480,2112,126.7755,M4A4,100,0,0,0,0,False,False,False,207.4219,0
LDLC kiokiNg * CMSTORM,CounterTerrorist,2480,2112,126.7755,M4A4,100,0,0,0,0,False,False,False,207.4219,0
LDLC kiokiNg * CMSTORM,CounterTerrorist,2480,2112,126.7755,M4A4,100,0,0,0,0,False,False,False,207.4219,0
LDLC kiokiNg * CMSTORM,CounterTerrorist,2480,2112,126.7755,M4A4,100,0,0,0,0,False,False,False,207.4219,0
LDLC kiokiNg * CMSTORM,CounterTerrorist,2480,2112,126.7755,M4A4,100,0,0,0,0,False,False,False,207.4219,0
LDLC kiokiNg * CMSTORM,CounterTerrorist,2480,2112,126.7755,M4A4,100,0,0,0,0,False,False,False,207.4219,0
LDLC kiokiNg * CMSTORM,CounterTerrorist,2480,2112,126.7755,M4A4,100,100,0,0,0,False,False,False,207.4219,0
LDLC kiokiNg * CMSTORM,CounterTerrorist,2480,2112,126.7755,M4A4,100,100,0,0,0,False,False,False,207.4219,0
LDLC kiokiNg * CMSTORM,CounterTerrorist,2480,2112,126.7755,M4A4,100,100,0,0,0,False,False,False,207.4219,0
LDLC kiokiNg * CMSTORM,CounterTerrorist,2480,2112,126.7755,M4A4,100,100,0,0,0,False,False,False,207.4219,0
LDLC kiokiNg * CMSTORM,CounterTerrorist,2480,2112,126.7755,M4A4,100,100,0,0,0,False,False,False,207.4219,0
LDLC kiokiNg * CMSTORM,CounterTerrorist,2480,2112,126.7755,M4A4,100,100,0,0,0,False,False,True,207.4219,0
LDLC kiokiNg * CMSTORM,CounterTerrorist,2480,2112,126.7755,M4A4,100,100,0,0,0,False,False,True,207.4219,0
LDLC kiokiNg * CMSTORM,CounterTerrorist,2480,2112,126.7755,M4A4,100,100,0,0,0,False,False,True,207.4219,0
LDLC kiokiNg * CMSTORM,CounterTerrorist,2480,2112,126.7755,M4A4,100,100,0,0,0,False,False,True,207.4219,0
LDLC kiokiNg * CMSTORM,CounterTerrorist,2480,2112,126.7755,M4A4,100,100,0,0,0,False,False,True,207.4219,0
LDLC kiokiNg * CMSTORM,CounterTerrorist,2480,2112,126.7755,M4A4,100,100,0,0,0,False,False,True,207.4219,0
LDLC kiokiNg * CMSTORM,CounterTerrorist,2480,2112,126.7755,M4A4,100,100,0,0,0,False,False,True,207.4219,0
LDLC kiokiNg * CMSTORM,CounterTerrorist,2480,2112,126.7755,M4A4,100,100,0,0,0,False,False,True,207.4219,0
LDLC kiokiNg * CMSTORM,CounterTerrorist,2480,2112,126.7755,M4A4,100,100,0,0,0,False,False,True,207.4219,0
LDLC kiokiNg * CMSTORM,CounterTerrorist,2480,2112,126.7755,M4A4,100,100,0,0,0,False,False,True,207.4219,0
LDLC kiokiNg * CMSTORM,CounterTerrorist,2480,2112,126.7755,M4A4,100,100,0,0,0,False,False,True,207.4219,0
LDLC kiokiNg * CMSTORM,CounterTerrorist,2480,2112,126.7755,M4A4,100,100,0,0,0,False,False,True,207.4219,0
LDLC kiokiNg * CMSTORM,CounterTerrorist,2480,2112,126.7755,M4A4,100,100,0,0,0,False,False,True,207.4219,0
LDLC kiokiNg * CMSTORM,CounterTerrorist,2480,2112,126.7755,M4A4,100,100,0,0,0,False,False,True,207.4219,0
LDLC kiokiNg * CMSTORM,CounterTerrorist,2480,2112,126.7755,M4A4,100,100,0,0,0,False,False,True,207.4219,0
LDLC kiokiNg * CMSTORM,CounterTerrorist,2480,2112,126.7755,M4A4,100,100,0,0,0,False,False,True,207.4219,0
LDLC kiokiNg * CMSTORM,CounterTerrorist,2480,2112,126.7755,M4A4,100,100,0,0,0,False,False,True,207.4219,0
LDLC kiokiNg * CMSTORM,CounterTerrorist,2480,2112,126.7755,M4A4,100,100,0,0,0,False,False,True,207.4219,0
LDLC kiokiNg * CMSTORM,CounterTerrorist,2480,2112,126.7755,M4A4,100,100,0,0,0,False,False,True,207.4219,0
LDLC kiokiNg * CMSTORM,CounterTerrorist,2480,2112,126.7755,M4A4,100,100,0,0,0,False,False,True,207.4219,0
LDLC kiokiNg * CMSTORM,CounterTerrorist,2480,2112,126.7755,M4A4,100,100,0,0,0,False,False,True,207.4219,0
LDLC kiokiNg * CMSTORM,CounterTerrorist,2480,2112,126.7755,M4A4,100,100,0,0,0,False,False,True,207.4219,0
LDLC kiokiNg * CMSTORM,CounterTerrorist,2480,2112,126.7755,M4A4,100,100,0,0,0,False,False,True,207.4219,0
LDLC kiokiNg * CMSTORM,CounterTerrorist,2480,2112,126.7755,M4A4,100,100,0,0,0,False,False,True,207.4219,0
LDLC kiokiNg * CMSTORM,CounterTerrorist,2480,2112,126.7755,M4A4,100,100,0,0,0,False,False,True,207.4219,0
LDLC kiokiNg * CMSTORM,CounterTerrorist,2480,2112,126.7755,M4A4,100,100,0,0,0,False,False,True,207.4219,0
LDLC kiokiNg * CMSTORM,CounterTerrorist,2480,2112,126.7755,M4A4,100,100,0,0,0,False,False,True,207.4219,0
LDLC kiokiNg * CMSTORM,CounterTerrorist,2480,2112,126.7755,M4A4,100,100,0,0,0,False,False,True,207.4219,0
LDLC kiokiNg * CMSTORM,CounterTerrorist,2480,2112,126.7755,Knife,100,100,0,0,0,False,False,True,207.4219,0
LDLC kiokiNg * CMSTORM,CounterTerrorist,2480,2112,126.7755,Knife,100,100,0,0,0,False,False,True,207.4219,0
LDLC kiokiNg * CMSTORM,CounterTerrorist,2480,2112,126.7755,Knife,100,100,0,0,0,False,False,True,207.4219,0
LDLC kiokiNg * CMSTORM,CounterTerrorist,2480,2112,126.7755,Knife,100,100,0,0,0,False,False,True,207.4219,0
LDLC kiokiNg * CMSTORM,CounterTerrorist,2480,2112,126.7755,Knife,100,100,0,0,0,False,False,True,223.9453,0.3515625
LDLC kiokiNg * CMSTORM,CounterTerrorist,2480,2112,126.7755,Knife,100,100,0,0,0,False,False,True,250.3125,358.5938
LDLC kiokiNg * CMSTORM,CounterTerrorist,2480,2112,126.7755,Knife,100,100,0,0,0,False,False,True,257.6953,359.6484
LDLC kiokiNg * CMSTORM,CounterTerrorist,2480,2112,126.7755,Knife,100,100,0,0,0,False,False,True,257.6953,359.6484
LDLC kiokiNg * CMSTORM,CounterTerrorist,2480,2112,126.7755,Knife,100,100,0,0,0,False,False,True,257.6953,359.6484
LDLC kiokiNg * CMSTORM,CounterTerrorist,2480,2112,126.7755,Knife,100,100,0,0,0,False,False,True,257.6953,359.6484
LDLC kiokiNg * CMSTORM,CounterTerrorist,2480,2112,126.7755,Knife,100,100,0,0,0,False,False,True,257.6953,0.3515625
LDLC kiokiNg * CMSTORM,CounterTerrorist,2480,2112,126.7755,Knife,100,100,0,0,0,False,False,True,256.9922,1.054688
LDLC kiokiNg * CMSTORM,CounterTerrorist,2480,2112,126.7755,Knife,100,100,0,0,0,False,False,True,255.5859,1.054688
LDLC kiokiNg * CMSTORM,CounterTerrorist,2480,2112,126.7755,Knife,100,100,0,0,0,False,False,True,255.5859,1.054688
LDLC kiokiNg * CMSTORM,CounterTerrorist,2480,2112,126.7755,Knife,100,100,0,0,0,False,False,True,255.5859,1.054688
LDLC kiokiNg * CMSTORM,CounterTerrorist,2480,2112,126.7755,Knife,100,100,0,0,0,False,False,True,255.5859,1.054688
LDLC kiokiNg * CMSTORM,CounterTerrorist,2480,2112,126.7755,Knife,100,100,0,0,0,False,False,True,255.5859,1.054688
LDLC kiokiNg * CMSTORM,CounterTerrorist,2480,2112,126.7755,Knife,100,100,0,0,0,False,False,True,255.5859,1.054688
LDLC kiokiNg * CMSTORM,CounterTerrorist,2480,2112,126.7755,Knife,100,100,0,0,0,False,False,True,255.5859,1.054688
LDLC kiokiNg * CMSTORM,CounterTerrorist,2480,2112,126.7755,Knife,100,100,0,0,0,False,False,True,255.5859,1.054688
LDLC kiokiNg * CMSTORM,CounterTerrorist,2480,2112,126.7755,Knife,100,100,0,0,0,False,False,True,255.5859,1.054688
LDLC kiokiNg * CMSTORM,CounterTerrorist,2480,2112,126.7755,Knife,100,100,0,0,0,False,False,True,255.5859,1.054688
LDLC kiokiNg * CMSTORM,CounterTerrorist,2480,2112,126.7755,Knife,100,100,0,0,0,False,False,True,255.5859,1.054688
LDLC kiokiNg * CMSTORM,CounterTerrorist,2480,2112,126.7755,Knife,100,100,0,0,0,False,False,True,255.5859,1.054688
LDLC kiokiNg * CMSTORM,CounterTerrorist,2480,2112,126.7755,Knife,100,100,0,0,0,False,False,True,255.5859,1.054688
LDLC kiokiNg * CMSTORM,CounterTerrorist,2480,2112,126.7755,Knife,100,100,0,0,0,False,False,True,255.5859,1.054688
LDLC kiokiNg * CMSTORM,CounterTerrorist,2480,2112,126.7755,Knife,100,100,0,0,0,False,False,True,255.5859,1.054688
LDLC kiokiNg * CMSTORM,CounterTerrorist,2480,2112,126.7755,Knife,100,100,0,0,0,False,False,True,255.5859,1.054688
LDLC kiokiNg * CMSTORM,CounterTerrorist,2480,2112,126.7755,Knife,100,100,0,0,0,False,False,True,255.5859,1.054688
LDLC kiokiNg * CMSTORM,CounterTerrorist,2480,2112,126.7755,Knife,100,100,0,0,0,False,False,True,255.5859,1.054688
LDLC kiokiNg * CMSTORM,CounterTerrorist,2480,2112,126.7755,Knife,100,100,0,0,0,False,False,True,255.5859,1.054688
LDLC kiokiNg * CMSTORM,CounterTerrorist,2480,2112,126.7755,Knife,100,100,0,0,0,False,False,True,255.5859,1.054688
LDLC kiokiNg * CMSTORM,CounterTerrorist,2480,2112,126.7755,Knife,100,100,0,0,0,False,False,True,255.5859,1.054688
LDLC kiokiNg * CMSTORM,CounterTerrorist,2480,2112,126.7755,Knife,100,100,0,0,0,False,False,True,255.5859,1.054688
LDLC kiokiNg * CMSTORM,CounterTerrorist,2480,2112,126.7755,Knife,100,100,0,0,0,False,False,True,255.5859,1.054688
LDLC kiokiNg * CMSTORM,CounterTerrorist,2480,2112,126.7755,Knife,100,100,0,0,0,False,False,True,255.5859,1.054688
LDLC kiokiNg * CMSTORM,CounterTerrorist,2480,2112,126.7755,Knife,100,100,0,0,0,False,False,True,255.5859,1.054688
LDLC kiokiNg * CMSTORM,CounterTerrorist,2480,2112,126.7755,Knife,100,100,0,0,0,False,False,True,255.5859,1.054688
LDLC kiokiNg * CMSTORM,CounterTerrorist,2480,2112,126.7755,Knife,100,100,0,0,0,False,False,True,255.5859,1.054688
LDLC kiokiNg * CMSTORM,CounterTerrorist,2480,2112,126.7755,Knife,100,100,0,0,0,False,False,True,255.5859,1.054688
LDLC kiokiNg * CMSTORM,CounterTerrorist,2480,2112,126.7755,Knife,100,100,0,0,0,False,False,True,255.5859,1.054688
LDLC kiokiNg * CMSTORM,CounterTerrorist,2480,2112,126.7755,Knife,100,100,0,0,0,False,False,True,255.5859,1.054688
LDLC kiokiNg * CMSTORM,CounterTerrorist,2480,2112,126.7755,Knife,100,100,0,0,0,False,False,True,255.5859,1.054688
LDLC kiokiNg * CMSTORM,CounterTerrorist,2480,2112,126.7755,Knife,100,100,0,0,0,False,False,True,255.5859,1.054688
LDLC kiokiNg * CMSTORM,CounterTerrorist,2480,2112,126.7755,Knife,100,100,0,0,0,False,False,True,255.5859,1.054688
LDLC kiokiNg * CMSTORM,CounterTerrorist,2480,2112,126.7755,Knife,100,100,0,0,0,False,False,True,255.5859,1.054688
LDLC kiokiNg * CMSTORM,CounterTerrorist,2480,2112,126.7755,Knife,100,100,0,0,0,False,False,True,255.5859,1.054688
LDLC kiokiNg * CMSTORM,CounterTerrorist,2480,2112,126.7755,Knife,100,100,0,0,0,False,False,True,255.5859,1.054688
LDLC kiokiNg * CMSTORM,CounterTerrorist,2480,2112,126.7755,Knife,100,100,0,0,0,False,False,True,255.5859,1.054688
LDLC kiokiNg * CMSTORM,CounterTerrorist,2480,2112,126.7755,Knife,100,100,0,0,0,False,False,True,255.5859,1.054688
LDLC kiokiNg * CMSTORM,CounterTerrorist,2480,2112,126.7755,Knife,100,100,0,0,0,False,False,True,255.5859,1.054688
LDLC kiokiNg * CMSTORM,CounterTerrorist,2480,2112,126.7755,Knife,100,100,0,0,0,False,False,True,255.5859,1.054688
LDLC kiokiNg * CMSTORM,CounterTerrorist,2480,2112,126.7755,Knife,100,100,0,0,0,False,False,True,255.5859,1.054688
LDLC kiokiNg * CMSTORM,CounterTerrorist,2480,2112,126.7755,Knife,100,100,0,0,0,False,False,True,255.5859,1.054688
LDLC kiokiNg * CMSTORM,CounterTerrorist,2480,2112,126.7755,Knife,100,100,0,0,0,False,False,True,255.5859,1.054688
LDLC kiokiNg * CMSTORM,CounterTerrorist,2480,2112,126.7755,Knife,100,100,0,0,0,False,False,True,255.5859,1.054688
LDLC kiokiNg * CMSTORM,CounterTerrorist,2480,2112,126.7755,Knife,100,100,0,0,0,False,False,True,255.5859,1.054688
LDLC kiokiNg * CMSTORM,CounterTerrorist,2480,2112,126.7755,Knife,100,100,0,0,0,False,False,True,255.5859,1.054688
LDLC kiokiNg * CMSTORM,CounterTerrorist,2480,2112,126.7755,Knife,100,100,0,0,0,False,False,True,255.5859,1.054688
LDLC kiokiNg * CMSTORM,CounterTerrorist,2480,2112,126.7755,Knife,100,100,0,0,0,False,False,True,255.5859,1.054688
LDLC kiokiNg * CMSTORM,CounterTerrorist,2480,2112,126.7755,Knife,100,100,0,0,0,False,False,True,255.5859,1.054688
LDLC kiokiNg * CMSTORM,CounterTerrorist,2480,2112,126.7755,Knife,100,100,0,0,0,False,False,True,255.5859,1.054688
LDLC kiokiNg * CMSTORM,CounterTerrorist,2480,2112,126.7755,Knife,100,100,0,0,0,False,False,True,255.5859,1.054688
LDLC kiokiNg * CMSTORM,CounterTerrorist,2480,2112,126.7755,Knife,100,100,0,0,0,False,False,True,255.5859,1.054688
LDLC kiokiNg * CMSTORM,CounterTerrorist,2480,2112,126.7755,Knife,100,100,0,0,0,False,False,True,255.5859,1.054688
LDLC kiokiNg * CMSTORM,CounterTerrorist,2480,2112,126.7755,Knife,100,100,0,0,0,False,False,True,255.5859,1.054688
LDLC kiokiNg * CMSTORM,CounterTerrorist,2480,2112,126.7755,Knife,100,100,0,0,0,False,False,True,255.5859,1.054688
LDLC kiokiNg * CMSTORM,CounterTerrorist,2480,2112,126.7755,Knife,100,100,0,0,0,False,False,True,255.5859,1.054688
LDLC kiokiNg * CMSTORM,CounterTerrorist,2479.424,2109.763,126.7353,Knife,100,100,-15.74614,-61.19411,0,False,False,True,255.5859,1.054688
LDLC kiokiNg * CMSTORM,CounterTerrorist,2477.933,2103.967,126.6313,Knife,100,100,-29.68977,-115.3831,0,False,False,True,255.5859,1.054688
LDLC kiokiNg * CMSTORM,CounterTerrorist,2475.701,2095.291,126.4755,Knife,100,100,-39.91221,-155.1105,0,False,False,True,255.5859,1.054688
LDLC kiokiNg * CMSTORM,CounterTerrorist,2472.936,2084.545,126.2827,Knife,100,100,-47.24826,-183.6205,0,False,False,True,255.5859,1.054688
LDLC kiokiNg * CMSTORM,CounterTerrorist,2469.789,2072.315,126.0631,Knife,100,100,-52.51289,-204.0805,0,False,False,True,255.5859,1.054688
LDLC kiokiNg * CMSTORM,CounterTerrorist,2466.368,2059.019,125.8244,Knife,100,100,-56.29102,-218.7634,0,False,False,True,255.5859,1.054688
LDLC kiokiNg * CMSTORM,CounterTerrorist,2462.75,2044.958,125.3346,Knife,100,100,-59.00236,-229.3005,0,False,False,True,255.5859,1.054688
LDLC kiokiNg * CMSTORM,CounterTerrorist,2458.99,2030.348,124.722,Knife,100,100,-60.94812,-236.8623,0,False,False,True,255.5859,1.054688
LDLC kiokiNg * CMSTORM,CounterTerrorist,2455.127,2015.347,124.2196,Knife,100,100,-62.45911,-242.072,0,False,False,True,255.2344,0.703125
LDLC kiokiNg * CMSTORM,CounterTerrorist,2451.203,2000.222,124.2003,Knife,100,100,-63.2017,-241.8792,0,False,False,True,254.5313,0.703125
LDLC kiokiNg * CMSTORM,CounterTerrorist,2447.207,1985.117,124.1832,Knife,100,100,-64.45005,-241.5496,0,False,False,True,254.1797,0.703125
LDLC kiokiNg * CMSTORM,CounterTerrorist,2443.145,1970.029,124.085,Knife,100,100,-65.35,-241.3076,0,False,False,True,254.1797,0.703125
LDLC kiokiNg * CMSTORM,CounterTerrorist,2438.022,1955.647,124.0001,Knife,100,100,-101.892,-216.6219,0,False,False,True,254.1797,0.703125
LDLC kiokiNg * CMSTORM,CounterTerrorist,2430.444,1942.924,123.869,Knife,100,100,-126.5077,-201.1375,0,False,False,True,252.7734,1.40625
LDLC kiokiNg * CMSTORM,CounterTerrorist,2423.033,1929.819,123.5164,Knife,100,100,-113.0458,-215.6116,0,False,False,True,252.7734,1.757813
LDLC kiokiNg * CMSTORM,CounterTerrorist,2416.324,1915.961,123.2156,Knife,100,100,-103.385,-225.9989,0,False,False,True,252.7734,1.757813
LDLC kiokiNg * CMSTORM,CounterTerrorist,2410.144,1901.622,123.2745,Knife,100,100,-95.44131,-231.0648,0,False,False,True,252.7734,1.757813
LDLC kiokiNg * CMSTORM,CounterTerrorist,2404.404,1887.09,124.0819,Knife,100,100,-89.34021,-233.4916,0,False,False,True,252.7734,1.757813
LDLC kiokiNg * CMSTORM,CounterTerrorist,2398.978,1872.437,124.8959,Knife,100,100,-85.07386,-235.0796,0,False,False,True,252.7734,1.757813
LDLC kiokiNg * CMSTORM,CounterTerrorist,2393.772,1857.705,125.608,Knife,100,100,-82.07051,-236.1449,0,False,False,True,252.7734,1.757813
LDLC kiokiNg * CMSTORM,CounterTerrorist,2388.722,1842.919,126.4333,Knife,100,100,-79.93417,-236.8766,0,False,False,True,252.7734,1.757813
LDLC kiokiNg * CMSTORM,CounterTerrorist,2383.782,1828.095,127.474,Knife,100,100,-78.40692,-237.3865,0,False,False,True,252.7734,1.757813
LDLC kiokiNg * CMSTORM,CounterTerrorist,2378.925,1813.244,128.5176,Knife,100,100,-77.19194,-237.7844,0,False,False,True,252.7734,1.757813
LDLC kiokiNg * CMSTORM,CounterTerrorist,2374.149,1798.367,129.5641,Knife,100,100,-75.79404,-238.2336,0,False,False,True,253.125,1.757813
LDLC kiokiNg * CMSTORM,CounterTerrorist,2369.455,1783.464,140.3036,Knife,100,100,-74.61441,-238.6057,0,False,False,True,253.4766,1.757813
LDLC kiokiNg * CMSTORM,CounterTerrorist,2364.837,1768.537,147.7672,Knife,100,100,-73.24539,-239.0295,0,False,False,True,254.1797,1.757813
LDLC kiokiNg * CMSTORM,CounterTerrorist,2360.338,1753.574,155.2488,Knife,100,100,-70.57172,-239.8325,0,False,False,True,256.6406,2.109375
LDLC kiokiNg * CMSTORM,CounterTerrorist,2356.135,1738.526,160.0313,Knife,100,100,-64.17415,-241.623,0,False,False,True,260.1563,2.460938
LDLC kiokiNg * CMSTORM,CounterTerrorist,2352.417,1723.35,160.0313,Knife,100,100,-55.64979,-243.7275,0,False,False,True,262.9688,2.460938
LDLC kiokiNg * CMSTORM,CounterTerrorist,2349.273,1708.046,160.0313,Knife,100,100,-46.29552,-245.6761,0,False,False,True,265.0781,2.460938
LDLC kiokiNg * CMSTORM,CounterTerrorist,2346.656,1692.642,160.0313,Knife,100,100,-38.71195,-246.9846,0,False,False,True,265.4297,2.460938
LDLC kiokiNg * CMSTORM,CounterTerrorist,2344.44,1677.175,160.0313,Knife,100,100,-33.23367,-247.7812,0,False,False,True,265.4297,2.460938
LDLC kiokiNg * CMSTORM,CounterTerrorist,2342.503,1661.671,160.0313,Knife,100,100,-29.42364,-248.2625,0,False,False,True,265.4297,2.460938
LDLC kiokiNg * CMSTORM,CounterTerrorist,2340.764,1646.143,160.0313,Knife,100,100,-26.73412,-248.5665,0,False,False,True,265.4297,2.460938
LDLC kiokiNg * CMSTORM,CounterTerrorist,2339.163,1630.6,160.0313,Knife,100,100,-24.81978,-248.7649,0,False,False,True,265.4297,2.460938
LDLC kiokiNg * CMSTORM,CounterTerrorist,2337.663,1615.047,160.0313,Knife,100,100,-23.45154,-248.8976,0,False,False,True,265.4297,2.460938
LDLC kiokiNg * CMSTORM,CounterTerrorist,2336.992,1599.641,160.0313,Knife,100,100,10.95077,-241.4814,0,False,False,True,265.4297,2.460938
LDLC kiokiNg * CMSTORM,CounterTerrorist,2339.359,1584.977,160.0313,Knife,100,100,56.75389,-229.7206,0,False,False,True,266.1328,2.460938
LDLC kiokiNg * CMSTORM,CounterTerrorist,2344.162,1570.97,160.0313,Knife,100,100,91.23233,-219.8376,0,False,False,True,268.5938,2.460938
LDLC kiokiNg * CMSTORM,CounterTerrorist,2350.875,1557.587,160.0313,Knife,100,100,119.2815,-209.4996,0,False,False,True,272.8125,2.460938
LDLC kiokiNg * CMSTORM,CounterTerrorist,2359.192,1544.9,160.0313,Knife,100,100,143.2967,-197.702,0,False,False,True,277.7344,2.109375
LDLC kiokiNg * CMSTORM,CounterTerrorist,2368.911,1533.025,160.0313,Knife,100,100,164.7028,-183.6191,0,False,False,True,283.3594,2.109375
LDLC kiokiNg * CMSTORM,CounterTerrorist,2379.881,1522.096,160.0313,Knife,100,100,183.4787,-167.969,0,False,False,True,287.5781,2.109375
LDLC kiokiNg * CMSTORM,CounterTerrorist,2391.863,1512.097,160.0313,Knife,100,100,196.9244,-154.0155,0,False,False,True,287.5781,2.109375
LDLC kiokiNg * CMSTORM,CounterTerrorist,2404.474,1502.876,160.0313,Knife,100,100,205.0725,-142.987,0,False,False,True,287.5781,2.109375
LDLC kiokiNg * CMSTORM,CounterTerrorist,2417.492,1494.236,160.0313,Knife,100,100,210.458,-134.9348,0,False,False,True,287.5781,2.109375
LDLC kiokiNg * CMSTORM,CounterTerrorist,2430.779,1486.016,160.0313,Knife,100,100,214.0663,-129.1341,0,False,False,True,287.5781,2.109375
LDLC kiokiNg * CMSTORM,CounterTerrorist,2444.249,1478.097,160.0313,Knife,100,100,216.4879,-125.032,0,False,False,True,287.5781,2.109375
LDLC kiokiNg * CMSTORM,CounterTerrorist,2457.842,1470.393,160.0313,Knife,100,100,218.1924,-122.0332,0,False,False,True,287.5781,2.109375
LDLC kiokiNg * CMSTORM,CounterTerrorist,2471.523,1462.845,160.0313,Knife,100,100,219.3679,-119.9072,0,False,False,True,287.5781,2.109375
LDLC kiokiNg * CMSTORM,CounterTerrorist,2485.256,1455.393,160.0313,Knife,100,100,219.8996,-118.9293,0,False,False,True,286.875,2.109375
LDLC kiokiNg * CMSTORM,CounterTerrorist,2498.854,1447.823,160.0313,Knife,100,100,207.7627,-130.0603,0,False,False,True,285.1172,1.757813
LDLC kiokiNg * CMSTORM,CounterTerrorist,2510.346,1438.379,160.0313,Knife,100,100,166.8049,-165.8645,0,False,False,True,282.6563,1.757813
LDLC kiokiNg * CMSTORM,CounterTerrorist,2519.581,1427.042,160.0313,Knife,100,100,133.8002,-192.3406,0,False,False,True,279.4922,1.40625
LDLC kiokiNg * CMSTORM,CounterTerrorist,2526.948,1414.299,160.0313,Knife,100,100,106.1994,-211.989,0,False,False,True,276.6797,1.40625
LDLC kiokiNg * CMSTORM,CounterTerrorist,2532.729,1400.516,160.0313,Knife,100,100,82.27499,-226.5383,0,False,False,True,273.5156,1.054688
LDLC kiokiNg * CMSTORM,CounterTerrorist,2537.122,1385.965,160.0313,Knife,100,100,61.36489,-237.1921,0,False,False,True,270.7031,1.054688
LDLC kiokiNg * CMSTORM,CounterTerrorist,2540.278,1370.858,160.0313,Knife,100,100,42.16484,-244.8453,0,False,False,True,266.8359,0.703125
LDLC kiokiNg * CMSTORM,CounterTerrorist,2542.225,1355.38,160.0313,Knife,100,100,22.33552,-249.0003,0,False,False,True,261.9141,0.703125
LDLC kiokiNg * CMSTORM,CounterTerrorist,2542.922,1339.774,160.0313,Knife,100,100,2.71993,-249.9852,0,False,False,True,258.3984,1.054688
LDLC kiokiNg * CMSTORM,CounterTerrorist,2542.473,1324.159,160.0313,Knife,100,100,-14.59193,-249.5738,0,False,False,True,255.9375,1.40625
LDLC kiokiNg * CMSTORM,CounterTerrorist,2541,1308.606,160.0313,Knife,100,100,-30.48816,-248.134,0,False,False,True,252.7734,1.40625
LDLC kiokiNg * CMSTORM,CounterTerrorist,2538.529,1293.18,160.0313,Knife,100,100,-46.67398,-245.6044,0,False,False,True,248.5547,1.757813
LDLC kiokiNg * CMSTORM,CounterTerrorist,2535.927,1277.884,160.0313,Knife,100,100,-25.95428,-245.065,0,False,False,True,243.9844,1.757813
LDLC kiokiNg * CMSTORM,CounterTerrorist,2535.397,1262.492,160.0313,Knife,100,100,2.967967,-247.3281,0,False,False,True,240.4688,1.757813
LDLC kiokiNg * CMSTORM,CounterTerrorist,2534.973,1247.136,160.0313,Knife,100,100,-24.42721,-242.8327,0,False,False,True,237.3047,1.757813
LDLC kiokiNg * CMSTORM,CounterTerrorist,2532.157,1232.208,160.0313,Knife,100,100,-59.98247,-235.6726,0,False,False,True,234.1406,2.109375
LDLC kiokiNg * CMSTORM,CounterTerrorist,2527.467,1217.709,160.0313,Knife,100,100,-77.75108,-232.0083,0,False,False,True,229.2188,2.460938
LDLC kiokiNg * CMSTORM,CounterTerrorist,2523.49,1202.899,160.0313,Knife,100,100,-60.62303,-238.0421,0,False,False,True,225.7031,2.460938
LDLC kiokiNg * CMSTORM,CounterTerrorist,2518.371,1188.567,160.0313,Knife,100,100,-97.0367,-222.8683,0,False,False,True,223.2422,2.460938
LDLC kiokiNg * CMSTORM,CounterTerrorist,2511.275,1175.111,160.0313,Knife,100,100,-125.3702,-209.6125,0,False,False,True,220.7813,2.460938
LDLC kiokiNg * CMSTORM,CounterTerrorist,2503.307,1162.034,160.0313,Knife,100,100,-117.3943,-215.0795,0,False,False,True,217.9688,2.460938
LDLC kiokiNg * CMSTORM,CounterTerrorist,2496.756,1148.139,160.0313,Knife,100,100,-102.103,-223.8708,0,False,False,True,215.5078,2.460938
LDLC kiokiNg * CMSTORM,CounterTerrorist,2489.174,1134.911,160.0313,Knife,100,100,-134.9611,-202.7089,0,False,False,True,213.0469,2.109375
LDLC kiokiNg * CMSTORM,CounterTerrorist,2479.464,1124.976,160.0313,Knife,100,100,-169.4177,-127.9259,0,False,False,True,210.2344,1.757813
LDLC kiokiNg * CMSTORM,CounterTerrorist,2467.991,1119.063,160.0313,Knife,100,100,-193.2531,-70.90765,0,False,False,True,207.7734,1.757813
LDLC kiokiNg * CMSTORM,CounterTerrorist,2455.3,1116.197,160.0313,Knife,100,100,-209.8675,-28.35457,0,False,False,True,207.4219,1.757813
LDLC kiokiNg * CMSTORM,CounterTerrorist,2441.745,1115.555,160.0313,Knife,100,100,-221.7514,2.30736,0,False,False,True,207.4219,1.757813
LDLC kiokiNg * CMSTORM,CounterTerrorist,2427.679,1115.251,160.0313,Knife,100,100,-226.4257,-20.29723,0,False,False,True,207.7734,2.109375
LDLC kiokiNg * CMSTORM,CounterTerrorist,2413.479,1112.857,160.0313,Knife,100,100,-227.3373,-51.54562,0,False,False,True,211.289,5.273438
LDLC kiokiNg * CMSTORM,CounterTerrorist,2400.417,1107.958,160.0313,Knife,100,100,-186.3679,-103.2705,0,False,False,True,217.9688,11.25
LDLC kiokiNg * CMSTORM,CounterTerrorist,2390.565,1099.832,156.5964,Knife,100,100,-135.5175,-148.6604,0,False,False,True,227.8125,18.28125
LDLC kiokiNg * CMSTORM,CounterTerrorist,2383.868,1089.364,156.2917,Knife,100,100,-84.93884,-180.1928,0,False,False,True,239.7656,26.01563
LDLC kiokiNg * CMSTORM,CounterTerrorist,2380.453,1077.426,156.4336,Knife,100,100,-30.26622,-197.0844,0,False,False,True,256.2891,35.85938
LDLC kiokiNg * CMSTORM,CounterTerrorist,2378.971,1064.519,156.5064,Knife,100,100,-22.12765,-214.4814,0,False,False,True,270.3516,44.64844
LDLC kiokiNg * CMSTORM,CounterTerrorist,2377.967,1050.599,156.3899,Knife,100,100,-10.9593,-228.403,0,False,False,True,274.9219,48.16407
LDLC kiokiNg * CMSTORM,CounterTerrorist,2377.54,1035.954,156.1361,Knife,100,100,-5.732578,-238.4756,0,False,False,True,267.5391,41.48438
LDLC kiokiNg * CMSTORM,CounterTerrorist,2376.901,1020.803,155.3799,Knife,100,100,-15.26924,-244.8846,0,False,False,True,258.0469,24.60938
LDLC kiokiNg * CMSTORM,CounterTerrorist,2375.433,1005.378,155.4846,Knife,100,100,-30.0653,-247.8987,0,False,False,True,253.4766,10.19531
LDLC kiokiNg * CMSTORM,CounterTerrorist,2373.03,989.9413,155.3473,Knife,100,100,-44.88755,-245.9372,0,False,False,True,249.9609,2.109375
LDLC kiokiNg * CMSTORM,CounterTerrorist,2369.745,974.6675,155.1194,Knife,100,100,-58.06581,-243.1632,0,False,False,True,248.9063,0.703125
LDLC kiokiNg * CMSTORM,CounterTerrorist,2365.761,959.5597,154.4363,Knife,100,100,-67.67456,-240.6661,0,False,False,True,248.5547,0.703125
LDLC kiokiNg * CMSTORM,CounterTerrorist,2361.266,944.5959,153.7282,Knife,100,100,-74.90511,-238.5146,0,False,False,True,248.2031,1.054688
LDLC kiokiNg * CMSTORM,CounterTerrorist,2356.371,929.7582,153.0011,Knife,100,100,-81.0657,-236.4918,0,False,False,True,246.7969,0.3515625
LDLC kiokiNg * CMSTORM,CounterTerrorist,2351.063,915.0629,152.2547,Knife,100,100,-88.03879,-233.9854,0,False,False,True,244.3359,0
LDLC kiokiNg * CMSTORM,CounterTerrorist,2345.328,900.5287,151.307,Knife,100,100,-94.32442,-231.523,0,False,False,True,243.9844,0
LDLC kiokiNg * CMSTORM,CounterTerrorist,2339.272,886.1252,150.2002,Knife,100,100,-98.66009,-229.7089,0,False,False,True,243.9844,0
LDLC kiokiNg * CMSTORM,CounterTerrorist,2332.995,871.8168,149.071,Knife,100,100,-101.6699,-228.3927,0,False,False,True,243.9844,0
LDLC kiokiNg * CMSTORM,CounterTerrorist,2326.562,857.5775,147.9262,Knife,100,100,-103.7905,-227.4369,0,False,False,True,243.9844,0
LDLC kiokiNg * CMSTORM,CounterTerrorist,2320.015,843.3901,147.098,Knife,100,100,-105.5531,-226.6242,0,False,False,True,243.2813,0
LDLC kiokiNg * CMSTORM,CounterTerrorist,2313.325,829.2698,146.9461,Knife,100,100,-108.3014,-225.3238,0,False,False,True,242.2266,0.3515625
LDLC kiokiNg * CMSTORM,CounterTerrorist,2306.459,815.2341,146.9716,Knife,100,100,-110.9591,-224.027,0,False,False,True,241.875,0
LDLC kiokiNg * CMSTORM,CounterTerrorist,2299.448,801.2704,147.4205,Knife,100,100,-113.0391,-222.9847,0,False,False,True,241.875,0
LDLC kiokiNg * CMSTORM,CounterTerrorist,2292.328,787.3619,147.8765,Knife,100,100,-114.5291,-222.2231,0,False,False,True,241.875,0
LDLC kiokiNg * CMSTORM,CounterTerrorist,2285.131,773.4933,148.3378,Knife,100,100,-115.5914,-221.6724,0,False,False,True,241.875,0
LDLC kiokiNg * CMSTORM,CounterTerrorist,2277.893,759.6476,148.5809,Knife,100,100,-116.0228,-221.4469,0,False,False,True,241.875,0
LDLC kiokiNg * CMSTORM,CounterTerrorist,2270.618,745.8195,148.6818,Knife,100,100,-116.6595,-221.1121,0,False,False,True,241.875,0
LDLC kiokiNg * CMSTORM,CounterTerrorist,2263.458,732.2842,148.7831,HE,100,100,-114.75,-216.4658,0,False,False,True,241.875,0
LDLC kiokiNg * CMSTORM,CounterTerrorist,2256.274,718.7615,149.6061,HE,100,100,-115.0768,-216.2922,0,False,False,True,241.875,0
LDLC kiokiNg * CMSTORM,CounterTerrorist,2249.073,705.2479,150.4807,Flash,100,100,-115.3112,-216.1674,0,False,False,True,241.875,0
LDLC kiokiNg * CMSTORM,CounterTerrorist,2241.86,691.7407,151.3941,Flash,100,100,-115.4793,-216.0776,0,False,False,True,241.875,0
LDLC kiokiNg * CMSTORM,CounterTerrorist,2234.638,678.2382,152.3087,Smoke,100,100,-115.5998,-216.0131,0,False,False,True,241.875,0
LDLC kiokiNg * CMSTORM,CounterTerrorist,2227.41,664.7391,153.2243,Smoke,100,100,-115.6863,-215.9668,0,False,False,True,241.875,0
LDLC kiokiNg * CMSTORM,CounterTerrorist,2220.473,651.7932,154.1031,M4A4,100,100,-106.2934,-198.3096,0,False,False,True,241.875,0
LDLC kiokiNg * CMSTORM,CounterTerrorist,2213.828,639.3997,154.9449,M4A4,100,100,-106.336,-198.2868,0,False,False,True,241.875,0
LDLC kiokiNg * CMSTORM,CounterTerrorist,2207.181,627.0073,155.7871,M4A4,100,100,-106.3666,-198.2704,0,False,False,True,241.875,0
LDLC kiokiNg * CMSTORM,CounterTerrorist,2200.532,614.6159,156.6294,M4A4,100,100,-106.3886,-198.2586,0,False,False,True,241.875,0
LDLC kiokiNg * CMSTORM,CounterTerrorist,2193.75,601.9785,160.0313,Smoke,100,100,-110.4733,-205.8277,0,False,False,True,241.875,0
LDLC kiokiNg * CMSTORM,CounterTerrorist,2186.719,588.8803,160.0313,Smoke,100,100,-113.8954,-212.1735,0,False,False,True,241.875,0
LDLC kiokiNg * CMSTORM,CounterTerrorist,2179.515,575.4613,160.0313,Smoke,100,100,-115.8854,-215.86,0,False,False,True,241.875,0
LDLC kiokiNg * CMSTORM,CounterTerrorist,2172.272,561.9701,160.0313,Smoke,100,100,-115.8913,-215.8569,0,False,False,True,241.875,0
LDLC kiokiNg * CMSTORM,CounterTerrorist,2165.028,548.4791,160.0313,Smoke,100,100,-115.8955,-215.8546,0,False,False,True,241.875,0
LDLC kiokiNg * CMSTORM,CounterTerrorist,2157.784,534.9884,160.0313,Smoke,100,100,-115.8985,-215.853,0,False,False,True,241.875,0
LDLC kiokiNg * CMSTORM,CounterTerrorist,2150.54,521.4977,160.0313,Smoke,100,100,-115.9007,-215.8519,0,False,False,True,241.875,0
LDLC kiokiNg * CMSTORM,CounterTerrorist,2143.296,508.007,160.0313,Smoke,100,100,-115.9022,-215.851,0,False,False,True,241.875,0
LDLC kiokiNg * CMSTORM,CounterTerrorist,2136.052,494.5162,160.0313,Smoke,100,100,-115.9033,-215.8504,0,False,False,True,241.875,0
LDLC kiokiNg * CMSTORM,CounterTerrorist,2128.807,481.0255,160.0313,Smoke,100,100,-115.9041,-215.85,0,False,False,True,241.875,0
LDLC kiokiNg * CMSTORM,CounterTerrorist,2121.563,467.5348,160.0313,Smoke,100,100,-115.9047,-215.8497,0,False,False,True,241.875,0
LDLC kiokiNg * CMSTORM,CounterTerrorist,2114.319,454.0442,160.0313,Smoke,100,100,-115.9051,-215.8495,0,False,False,True,241.875,0
LDLC kiokiNg * CMSTORM,CounterTerrorist,2107.076,440.5531,160.0313,Smoke,100,100,-115.8666,-215.8702,0,False,False,True,241.875,0.3515625
LDLC kiokiNg * CMSTORM,CounterTerrorist,2099.836,427.0603,160.0313,Smoke,100,100,-115.8192,-215.8956,0,False,False,True,241.875,0.3515625
LDLC kiokiNg * CMSTORM,CounterTerrorist,2092.599,413.5662,160.0313,Smoke,100,100,-115.7852,-215.9138,0,False,False,True,241.875,0.3515625
LDLC kiokiNg * CMSTORM,CounterTerrorist,2085.364,400.0707,160.0313,Smoke,100,100,-115.7291,-215.9439,0,False,False,True,241.875,0.3515625
LDLC kiokiNg * CMSTORM,CounterTerrorist,2076.835,387.8734,160.0313,Smoke,100,100,-151.9496,-178.5123,0,False,False,True,241.875,0.3515625
LDLC kiokiNg * CMSTORM,CounterTerrorist,2066.459,377.6418,160.0313,Smoke,100,100,-168.9521,-161.698,0,False,False,True,242.2266,0.3515625
LDLC kiokiNg * CMSTORM,CounterTerrorist,2056.401,366.8329,160.0313,Smoke,100,100,-155.3286,-180.7879,0,False,False,True,242.2266,0.3515625
LDLC kiokiNg * CMSTORM,CounterTerrorist,2050.623,354.6966,160.0313,Smoke,100,100,-38.07367,-196.9618,0,False,False,True,242.2266,0.703125
LDLC kiokiNg * CMSTORM,CounterTerrorist,2046.066,343.6335,160.0313,Smoke,100,100,-97.17635,-163.125,0,False,False,True,242.2266,0.703125
LDLC kiokiNg * CMSTORM,CounterTerrorist,2038.429,334.3326,160.0313,Smoke,100,100,-139.5822,-138.8702,0,False,False,True,242.2266,0.703125
LDLC kiokiNg * CMSTORM,CounterTerrorist,2029.914,327.2361,160.0313,Smoke,100,100,-166.6408,-123.6489,0,False,False,True,242.9297,0.703125
LDLC kiokiNg * CMSTORM,CounterTerrorist,2017.173,319.0992,160.0313,Smoke,100,100,-191.4578,-110.2135,0,False,False,True,243.2813,1.054688
LDLC kiokiNg * CMSTORM,CounterTerrorist,2005.225,311.834,160.0313,Smoke,100,100,-182.5007,-130.223,0,False,False,True,243.6328,1.40625
LDLC kiokiNg * CMSTORM,CounterTerrorist,1994.542,302.6231,160.0313,Smoke,100,100,-162.6846,-159.3907,0,False,False,True,244.3359,1.40625
LDLC kiokiNg * CMSTORM,CounterTerrorist,1985.681,291.8174,160.0313,Smoke,100,100,-113.9497,-182.8798,0,False,False,True,244.3359,1.40625
LDLC kiokiNg * CMSTORM,CounterTerrorist,1980.646,279.7488,160.0313,Smoke,100,100,-57.33236,-200.2077,0,False,False,True,244.3359,1.40625
LDLC kiokiNg * CMSTORM,CounterTerrorist,1978.56,266.7775,160.0313,Smoke,100,100,-16.70144,-212.6429,0,False,False,True,244.3359,1.40625
LDLC kiokiNg * CMSTORM,CounterTerrorist,1978.591,253.1584,160.0313,Smoke,100,100,12.45699,-221.5669,0,False,False,True,244.3359,1.40625
LDLC kiokiNg * CMSTORM,CounterTerrorist,1980.141,239.0744,160.0313,Smoke,100,100,33.38227,-227.9712,0,False,False,True,244.3359,1.40625
LDLC kiokiNg * CMSTORM,CounterTerrorist,1982.784,224.6583,160.0313,Smoke,100,100,48.51693,-232.5252,0,False,False,True,244.6875,1.40625
LDLC kiokiNg * CMSTORM,CounterTerrorist,1986.217,210.0051,160.0313,Smoke,100,100,59.36531,-235.7979,0,False,False,True,244.6875,1.757813
LDLC kiokiNg * CMSTORM,CounterTerrorist,1989.312,195.2277,160.0313,Smoke,100,100,29.7504,-236.172,0,False,False,True,244.3359,1.757813
LDLC kiokiNg * CMSTORM,CounterTerrorist,1989.675,180.5032,160.0313,Smoke,100,100,-10.99294,-235.1186,0,False,False,True,243.2813,1.757813
LDLC kiokiNg * CMSTORM,CounterTerrorist,1987.864,165.8596,160.0313,Smoke,100,100,-42.09794,-233.3981,0,False,False,True,240.4688,1.757813
LDLC kiokiNg * CMSTORM,CounterTerrorist,1984.206,151.44,159.716,Smoke,100,100,-71.7479,-227.6083,0,False,False,True,230.625,1.40625
LDLC kiokiNg * CMSTORM,CounterTerrorist,1978.506,137.7451,151.8676,Smoke,100,100,-107.1893,-210.3156,0,False,False,True,212.3437,0.703125
LDLC kiokiNg * CMSTORM,CounterTerrorist,1970.466,125.6951,143.8343,Smoke,100,100,-144.8855,-177.3165,0,False,False,True,194.7656,1.054688
LDLC kiokiNg * CMSTORM,CounterTerrorist,1960.269,115.9642,137.347,Smoke,100,100,-176.1027,-139.3149,0,False,False,True,187.3828,2.8125
LDLC kiokiNg * CMSTORM,CounterTerrorist,1948.418,108.3828,132.292,Smoke,100,100,-199.0233,-108.7203,0,False,False,True,186.6797,2.8125
LDLC kiokiNg * CMSTORM,CounterTerrorist,1935.372,102.399,128.3019,Smoke,100,100,-215.4785,-86.71114,0,False,False,True,186.6797,2.8125
LDLC kiokiNg * CMSTORM,CounterTerrorist,1921.47,97.5616,126.6053,Smoke,100,100,-227.2875,-70.9165,0,False,False,True,186.6797,2.8125
LDLC kiokiNg * CMSTORM,CounterTerrorist,1906.952,93.54705,126.4454,Smoke,100,100,-235.762,-59.58162,0,False,False,True,186.6797,2.8125
LDLC kiokiNg * CMSTORM,CounterTerrorist,1892.043,90.13418,126.3576,Smoke,100,100,-239.6412,-50.9617,0,False,False,True,186.6797,2.8125
LDLC kiokiNg * CMSTORM,CounterTerrorist,1877.017,87.18624,126.322,Smoke,100,100,-240.9174,-44.54013,0,False,False,True,186.6797,2.8125
LDLC kiokiNg * CMSTORM,CounterTerrorist,1861.93,84.56805,126.4647,Smoke,100,100,-241.7015,-40.06701,0,False,False,True,186.6797,2.8125
LDLC kiokiNg * CMSTORM,CounterTerrorist,1846.805,82.17972,126.7039,Smoke,100,100,-242.2007,-36.93014,0,False,False,True,186.6797,2.8125
LDLC kiokiNg * CMSTORM,CounterTerrorist,1831.655,79.9537,126.9614,Smoke,100,100,-242.5296,-34.70441,0,False,False,True,186.6797,2.8125
LDLC kiokiNg * CMSTORM,CounterTerrorist,1816.489,77.84324,127.2319,Smoke,100,100,-242.7516,-33.11597,0,False,False,True,186.6797,2.8125
LDLC kiokiNg * CMSTORM,CounterTerrorist,1801.311,75.81541,127.5116,Smoke,100,100,-242.904,-31.97907,0,False,False,True,186.6797,2.8125
LDLC kiokiNg * CMSTORM,CounterTerrorist,1786.354,73.87408,127.7934,Smoke,100,100,-223.6452,-28.84834,0,False,False,True,186.6797,2.8125
LDLC kiokiNg * CMSTORM,CounterTerrorist,1774.704,72.37125,128.014,Smoke,100,100,-160.4969,-20.70275,0,False,False,True,186.6797,2.8125
LDLC kiokiNg * CMSTORM,CounterTerrorist,1766.343,71.29278,128.1795,Smoke,100,100,-115.1792,-14.85714,0,False,False,True,186.6797,2.8125
LDLC kiokiNg * CMSTORM,CounterTerrorist,1760.343,70.51881,128.2881,Smoke,100,100,-82.65725,-10.66209,0,False,False,True,186.6797,2.8125
LDLC kiokiNg * CMSTORM,CounterTerrorist,1756.091,69.97045,128.3783,Smoke,100,100,-56.73623,-7.318496,0,False,False,True,186.6797,2.8125
LDLC kiokiNg * CMSTORM,CounterTerrorist,1753.452,69.62998,128.4359,Smoke,100,100,-30.94988,-3.992274,0,False,False,True,186.6797,2.8125
LDLC kiokiNg * CMSTORM,CounterTerrorist,1752.424,69.4974,128.4525,Smoke,100,100,-5.163518,-0.6660504,0,False,False,True,186.6797,2.8125
LDLC kiokiNg * CMSTORM,CounterTerrorist,1752.409,69.49545,128.4525,Smoke,100,100,0,0,0,False,False,True,186.6797,2.8125
LDLC kiokiNg * CMSTORM,CounterTerrorist,1752.409,69.49545,128.4525,Smoke,100,100,0,0,0,False,False,True,186.6797,2.8125
LDLC kiokiNg * CMSTORM,CounterTerrorist,1752.409,69.49545,128.4525,Smoke,100,100,0,0,0,False,False,True,186.6797,2.8125
LDLC kiokiNg * CMSTORM,CounterTerrorist,1752.409,69.49545,128.4525,Smoke,100,100,0,0,0,False,False,True,186.6797,2.8125
LDLC kiokiNg * CMSTORM,CounterTerrorist,1752.409,69.49545,128.4525,Smoke,100,100,0,0,0,False,False,True,186.6797,2.8125
LDLC kiokiNg * CMSTORM,CounterTerrorist,1752.409,69.49545,128.4525,Smoke,100,100,0,0,0,False,False,True,186.6797,2.8125
LDLC kiokiNg * CMSTORM,CounterTerrorist,1752.409,69.49545,128.4525,Smoke,100,100,0,0,0,False,False,True,186.6797,2.8125
LDLC kiokiNg * CMSTORM,CounterTerrorist,1752.409,69.49545,128.4525,Smoke,100,100,0,0,0,False,False,True,186.6797,2.8125
LDLC kiokiNg * CMSTORM,CounterTerrorist,1752.409,69.49545,128.4525,Smoke,100,100,0,0,0,False,False,True,186.6797,2.8125
LDLC kiokiNg * CMSTORM,CounterTerrorist,1752.409,69.49545,128.4525,Smoke,100,100,0,0,0,False,False,True,186.6797,2.8125
LDLC kiokiNg * CMSTORM,CounterTerrorist,1752.409,69.49545,128.4525,Smoke,100,100,0,0,0,False,False,True,186.6797,2.8125
LDLC kiokiNg * CMSTORM,CounterTerrorist,1752.409,69.49545,128.4525,Smoke,100,100,0,0,0,False,False,True,186.6797,2.8125
LDLC kiokiNg * CMSTORM,CounterTerrorist,1752.409,69.49545,128.4525,Smoke,100,100,0,0,0,False,False,True,186.6797,2.8125
LDLC kiokiNg * CMSTORM,CounterTerrorist,1752.409,69.49545,128.4525,Smoke,100,100,0,0,0,False,False,True,186.6797,2.8125
LDLC kiokiNg * CMSTORM,CounterTerrorist,1750.175,69.22826,128.5093,Smoke,100,100,-61.03378,-7.299603,0,False,False,True,186.6797,2.8125
LDLC kiokiNg * CMSTORM,CounterTerrorist,1744.615,68.08292,128.5804,Smoke,100,100,-102.6627,-37.9776,0,False,False,True,186.3281,2.460938
LDLC kiokiNg * CMSTORM,CounterTerrorist,1737.583,63.99877,128.4141,Smoke,100,100,-119.4099,-84.36831,0,False,False,True,186.3281,2.460938
LDLC kiokiNg * CMSTORM,CounterTerrorist,1729.854,57.44802,128.2797,Smoke,100,100,-116.3134,-122.038,0,False,False,True,186.3281,2.460938
LDLC kiokiNg * CMSTORM,CounterTerrorist,1724.087,48.40988,128.0345,Smoke,100,100,-75.72877,-160.3362,0,False,False,True,185.2734,2.109375
LDLC kiokiNg * CMSTORM,CounterTerrorist,1720.168,37.36589,127.5786,Smoke,100,100,-56.79325,-187.9775,0,False,False,True,170.8594,1.40625
LDLC kiokiNg * CMSTORM,CounterTerrorist,1716.371,25.02397,127.0399,Smoke,100,100,-68.00576,-202.2626,0,False,False,True,148.0078,1.054688
LDLC kiokiNg * CMSTORM,CounterTerrorist,1712.185,13.61826,126.8571,Smoke,100,100,-58.397,-158.0546,0,False,False,True,137.4609,0.703125
LDLC kiokiNg * CMSTORM,CounterTerrorist,1709.052,5.597202,127.3398,Smoke,100,100,-51.53551,-116.5112,0,False,False,True,137.4609,0.703125
LDLC kiokiNg * CMSTORM,CounterTerrorist,1705.42,-1.485321,127.7579,Smoke,100,100,-62.59708,-110.9611,0,False,False,True,137.4609,0.703125
LDLC kiokiNg * CMSTORM,CounterTerrorist,1701.23,-8.254787,128.1575,Smoke,100,100,-70.05622,-106.409,0,False,False,True,137.4609,0.703125
LDLC kiokiNg * CMSTORM,CounterTerrorist,1696.664,-14.77723,128.5425,Smoke,100,100,-75.10208,-102.9098,0,False,False,True,137.4609,0.703125
LDLC kiokiNg * CMSTORM,CounterTerrorist,1691.843,-21.1137,128.9165,Smoke,100,100,-78.53584,-100.3139,0,False,False,True,137.4609,0.703125
LDLC kiokiNg * CMSTORM,CounterTerrorist,1686.846,-27.3132,129.2824,Smoke,100,100,-80.94585,-98.3795,0,False,False,True,137.1094,0.703125
LDLC kiokiNg * CMSTORM,CounterTerrorist,1681.719,-33.40495,129.642,Smoke,100,100,-82.83332,-96.79566,0,False,False,True,136.4063,0.703125
LDLC kiokiNg * CMSTORM,CounterTerrorist,1676.484,-39.40426,129.912,Smoke,100,100,-84.45176,-95.38689,0,False,False,True,135.7031,0.703125
LDLC kiokiNg * CMSTORM,CounterTerrorist,1671.153,-45.31954,129.9091,Smoke,100,100,-85.9072,-94.07822,0,False,False,True,135,0.703125
LDLC kiokiNg * CMSTORM,CounterTerrorist,1665.74,-51.15842,130.0044,Smoke,100,100,-87.12357,-92.9529,0,False,False,True,135,1.054688
LDLC kiokiNg * CMSTORM,CounterTerrorist,1660.261,-56.93646,130.0924,Smoke,100,100,-88.0362,-92.08901,0,False,False,True,134.6484,1.054688
LDLC kiokiNg * CMSTORM,CounterTerrorist,1654.733,-62.66688,130.1747,Smoke,100,100,-88.74941,-91.40188,0,False,False,True,134.6484,1.054688
LDLC kiokiNg * CMSTORM,CounterTerrorist,1649.891,-67.62096,130.2522,Smoke,100,100,-85.57487,-87.2682,0,False,False,True,134.6484,1.054688
LDLC kiokiNg * CMSTORM,CounterTerrorist,1644.973,-72.63649,130.3069,Smoke,100,100,-58.91716,-60.083,0,False,False,True,134.6484,1.054688
LDLC kiokiNg * CMSTORM,CounterTerrorist,1641.939,-75.73035,130.3615,Smoke,100,100,-40.57454,-41.37741,0,False,False,True,134.6484,1.054688
LDLC kiokiNg * CMSTORM,CounterTerrorist,1640.043,-77.6638,130.3796,Smoke,100,100,-22.37075,-22.81342,0,False,False,True,134.6484,1.054688
LDLC kiokiNg * CMSTORM,CounterTerrorist,1639.318,-78.40381,130.3958,Smoke,100,100,-6.442436,-6.569918,0,False,False,True,134.6484,1.054688
LDLC kiokiNg * CMSTORM,CounterTerrorist,1639.27,-78.45207,130.3958,Smoke,100,100,0,0,0,False,False,True,134.6484,1.054688
LDLC kiokiNg * CMSTORM,CounterTerrorist,1639.27,-78.45207,130.3958,Smoke,100,100,0,0,0,False,False,True,134.6484,1.054688
LDLC kiokiNg * CMSTORM,CounterTerrorist,1639.27,-78.45207,130.3958,Smoke,100,100,0,0,0,False,False,True,134.6484,1.054688
LDLC kiokiNg * CMSTORM,CounterTerrorist,1639.27,-78.45207,130.3958,Smoke,100,100,0,0,0,False,False,True,134.6484,1.054688
LDLC kiokiNg * CMSTORM,CounterTerrorist,1639.27,-78.45207,130.3958,Smoke,100,100,0,0,0,False,False,True,134.6484,1.054688
LDLC kiokiNg * CMSTORM,CounterTerrorist,1639.27,-78.45207,130.3958,Smoke,100,100,0,0,0,False,False,True,134.6484,1.054688
LDLC kiokiNg * CMSTORM,CounterTerrorist,1639.27,-78.45207,130.3958,Smoke,100,100,0,0,0,False,False,True,134.6484,1.054688
LDLC kiokiNg * CMSTORM,CounterTerrorist,1639.27,-78.45207,130.3958,Smoke,100,100,0,0,0,False,False,True,134.2969,1.054688
LDLC kiokiNg * CMSTORM,CounterTerrorist,1639.27,-78.45207,130.3958,Smoke,100,100,0,0,0,False,False,True,134.2969,1.054688
LDLC kiokiNg * CMSTORM,CounterTerrorist,1639.27,-78.45207,130.3958,Smoke,100,100,0,0,0,False,False,True,133.5938,1.054688
LDLC kiokiNg * CMSTORM,CounterTerrorist,1639.238,-78.4817,130.3958,Smoke,100,100,-4.101492,-3.792157,0,False,False,True,132.8906,1.054688
LDLC kiokiNg * CMSTORM,CounterTerrorist,1638.496,-79.16132,130.3958,Smoke,100,100,-17.93394,-16.35753,0,False,False,True,132.1875,1.054688
LDLC kiokiNg * CMSTORM,CounterTerrorist,1636.871,-80.59725,130.4122,Smoke,100,100,-33.30028,-26.25058,0,False,False,True,130.7813,1.054688
LDLC kiokiNg * CMSTORM,CounterTerrorist,1634.022,-81.66421,130.3365,Smoke,100,100,-54.32825,-11.28512,0,False,False,True,128.3203,1.40625
LDLC kiokiNg * CMSTORM,CounterTerrorist,1629.974,-82.02067,130.1564,Smoke,100,100,-72.72466,-1.710759,0,False,False,True,125.1563,1.757813
LDLC kiokiNg * CMSTORM,CounterTerrorist,1624.814,-81.8335,129.8866,Smoke,100,100,-89.73254,6.561028,0,False,False,True,122.3438,1.757813
LDLC kiokiNg * CMSTORM,CounterTerrorist,1618.75,-81.14711,129.5406,Smoke,100,100,-101.995,14.36835,0,False,False,True,119.5313,2.109375
LDLC kiokiNg * CMSTORM,CounterTerrorist,1612.097,-80.31364,129.1558,Smoke,100,100,-108.8129,5.381791,0,False,False,True,118.125,2.109375
LDLC kiokiNg * CMSTORM,CounterTerrorist,1605.167,-80.70901,128.834,Smoke,100,100,-112.3107,-14.47297,0,False,False,True,118.125,2.109375
LDLC kiokiNg * CMSTORM,CounterTerrorist,1598.055,-82.1387,128.5678,Smoke,100,100,-114.8209,-28.72154,0,False,False,True,118.125,2.109375
LDLC kiokiNg * CMSTORM,CounterTerrorist,1591.723,-84.00512,128.3678,Smoke,100,100,-116.4772,-37.75454,0,False,False,True,117.7734,1.757813
LDLC kiokiNg * CMSTORM,CounterTerrorist,1583.446,-86.95653,128.1384,Smoke,100,100,-118.8177,-44.48727,0,False,False,True,113.9063,2.109375
LDLC kiokiNg * CMSTORM,CounterTerrorist,1576.001,-89.77843,128.0313,Smoke,100,100,-119.1678,-45.05318,0,False,False,True,109.3359,2.460938
LDLC kiokiNg * CMSTORM,CounterTerrorist,1568.528,-92.52728,128.0313,Smoke,100,100,-119.9675,-42.87852,0,False,False,True,105.8203,2.8125
LDLC kiokiNg * CMSTORM,CounterTerrorist,1562.362,-94.73775,128.0313,Smoke,100,100,-68.91586,-26.01443,0,False,False,True,105.4687,2.8125
LDLC kiokiNg * CMSTORM,CounterTerrorist,1560.412,-95.59239,128.0313,Smoke,100,100,-2.214604,-3.360681,0,False,False,True,105.4687,2.8125
LDLC kiokiNg * CMSTORM,CounterTerrorist,1560.956,-95.44862,128.0313,Smoke,100,100,4.447733,1.224422,0,False,False,True,105.4687,2.8125
LDLC kiokiNg * CMSTORM,CounterTerrorist,1560.966,-95.44579,128.0313,Smoke,100,100,0,0,0,False,False,True,105.4687,2.8125
LDLC kiokiNg * CMSTORM,CounterTerrorist,1560.966,-95.44579,128.0313,Smoke,100,100,0,0,0,False,False,True,105.4687,2.8125
LDLC kiokiNg * CMSTORM,CounterTerrorist,1560.966,-95.44579,128.0313,Smoke,100,100,0,0,0,False,False,True,105.4687,2.8125
LDLC kiokiNg * CMSTORM,CounterTerrorist,1560.966,-95.44579,128.0313,Smoke,100,100,0,0,0,False,False,True,105.4687,2.8125
LDLC kiokiNg * CMSTORM,CounterTerrorist,1560.966,-95.44579,128.0313,Smoke,100,100,0,0,0,False,False,True,105.4687,2.8125
LDLC kiokiNg * CMSTORM,CounterTerrorist,1560.966,-95.44579,128.0313,Smoke,100,100,0,0,0,False,False,True,105.4687,2.8125
LDLC kiokiNg * CMSTORM,CounterTerrorist,1560.966,-95.44579,128.0313,Smoke,100,100,0,0,0,False,False,True,105.4687,2.8125
LDLC kiokiNg * CMSTORM,CounterTerrorist,1560.966,-95.44579,128.0313,Smoke,100,100,0,0,0,False,False,True,105.4687,2.8125
LDLC kiokiNg * CMSTORM,CounterTerrorist,1560.966,-95.44579,128.0313,Smoke,100,100,0,0,0,False,False,True,105.4687,2.8125
LDLC kiokiNg * CMSTORM,CounterTerrorist,1560.966,-95.44579,128.0313,Smoke,100,100,0,0,0,False,False,True,105.4687,2.8125
LDLC kiokiNg * CMSTORM,CounterTerrorist,1559.263,-95.92451,128.0313,Smoke,100,100,-52.12918,-14.80517,0,False,False,True,106.1719,2.8125
LDLC kiokiNg * CMSTORM,CounterTerrorist,1554.092,-97.47985,128.0313,Smoke,100,100,-105.0916,-32.98207,0,False,False,True,109.6875,2.460938
LDLC kiokiNg * CMSTORM,CounterTerrorist,1546.771,-99.89375,128.0313,Smoke,100,100,-96.32428,-31.23085,0,False,False,True,112.1484,2.460938
LDLC kiokiNg * CMSTORM,CounterTerrorist,1544.426,-100.4606,128.0313,Smoke,100,100,7.242754,5.541054,0,False,False,True,113.2031,2.109375
LDLC kiokiNg * CMSTORM,CounterTerrorist,1546.796,-99.3745,128.0313,Smoke,100,100,61.3899,27.29682,0,False,False,True,113.5547,2.460938
LDLC kiokiNg * CMSTORM,CounterTerrorist,1552.428,-96.88618,128.0313,Smoke,100,100,110.4962,48.86354,0,False,False,True,114.2578,2.460938
LDLC kiokiNg * CMSTORM,CounterTerrorist,1560.63,-93.20611,128.0313,Smoke,100,100,145.4973,66.22162,0,False,False,True,116.0156,2.8125
LDLC kiokiNg * CMSTORM,CounterTerrorist,1570.615,-88.5367,128.0313,Smoke,100,100,169.5038,80.94069,0,False,False,True,117.7734,2.8125
LDLC kiokiNg * CMSTORM,CounterTerrorist,1581.812,-83.02821,127.8753,Smoke,100,100,185.7287,93.39146,0,False,False,True,119.1797,2.8125
LDLC kiokiNg * CMSTORM,CounterTerrorist,1593.42,-77.07909,128.1243,Smoke,100,100,170.6639,87.98048,0,False,False,True,119.1797,2.8125
LDLC kiokiNg * CMSTORM,CounterTerrorist,1600.902,-73.28565,128.285,Smoke,100,100,72.6832,35.21798,0,False,False,True,119.1797,2.8125
LDLC kiokiNg * CMSTORM,CounterTerrorist,1602.125,-72.81121,128.3035,Smoke,100,100,-15.43543,-8.874359,0,False,False,True,119.8828,2.8125
LDLC kiokiNg * CMSTORM,CounterTerrorist,1601.853,-72.96803,128.3035,Smoke,100,100,0,0,0,False,False,True,120.5859,2.8125
LDLC kiokiNg * CMSTORM,CounterTerrorist,1601.923,-72.9263,128.3035,Smoke,100,100,9.071502,5.341612,0,False,False,True,120.5859,2.8125
LDLC kiokiNg * CMSTORM,CounterTerrorist,1604.255,-71.55519,128.3471,Smoke,100,100,59.26528,34.83749,0,False,False,True,120.5859,2.460938
LDLC kiokiNg * CMSTORM,CounterTerrorist,1607.171,-69.84105,128.4053,Smoke,100,100,36.85094,21.66183,0,False,False,True,120.5859,2.460938
LDLC kiokiNg * CMSTORM,CounterTerrorist,1608.503,-69.05862,128.441,Smoke,100,100,8.182326,4.765416,0,False,False,True,120.5859,2.460938
LDLC kiokiNg * CMSTORM,CounterTerrorist,1608.467,-69.08049,128.441,Smoke,100,100,0,0,0,False,False,True,121.2891,2.460938
LDLC kiokiNg * CMSTORM,CounterTerrorist,1608.467,-69.08049,128.441,Smoke,100,100,0,0,0,False,False,True,120.9375,2.109375
LDLC kiokiNg * CMSTORM,CounterTerrorist,1608.467,-69.08049,128.441,Smoke,100,100,0,0,0,False,False,True,120.5859,1.757813
LDLC kiokiNg * CMSTORM,CounterTerrorist,1608.467,-69.08049,128.441,Smoke,100,100,0,0,0,False,False,True,120.5859,1.757813
LDLC kiokiNg * CMSTORM,CounterTerrorist,1608.467,-69.08049,128.441,Smoke,100,100,0,0,0,False,False,True,120.5859,1.757813
LDLC kiokiNg * CMSTORM,CounterTerrorist,1608.467,-69.08049,128.441,Smoke,100,100,0,0,0,False,False,True,120.5859,1.757813
LDLC kiokiNg * CMSTORM,CounterTerrorist,1608.467,-69.08049,128.441,Smoke,100,100,0,0,0,False,False,True,120.5859,1.757813
LDLC kiokiNg * CMSTORM,CounterTerrorist,1608.467,-69.08049,128.441,Smoke,100,100,0,0,0,False,False,True,120.5859,1.054688
LDLC kiokiNg * CMSTORM,CounterTerrorist,1608.467,-69.08049,128.441,Smoke,100,100,0,0,0,False,False,True,119.5313,0.3515625
LDLC kiokiNg * CMSTORM,CounterTerrorist,1608.467,-69.08049,128.441,Smoke,100,100,0,0,0,False,False,True,119.5313,0.3515625
LDLC kiokiNg * CMSTORM,CounterTerrorist,1608.467,-69.08049,128.441,M4A4,100,100,0,0,0,False,False,True,119.5313,0.3515625
LDLC kiokiNg * CMSTORM,CounterTerrorist,1608.467,-69.08049,128.441,M4A4,100,100,0,0,0,False,False,True,119.5313,0.3515625
LDLC kiokiNg * CMSTORM,CounterTerrorist,1608.467,-69.08049,128.441,P2000,100,100,0,0,0,False,False,True,119.5313,0.703125
LDLC kiokiNg * CMSTORM,CounterTerrorist,1608.467,-69.08049,128.441,P2000,100,100,0,0,0,False,False,True,119.1797,1.054688
LDLC kiokiNg * CMSTORM,CounterTerrorist,1608.467,-69.08049,128.441,P2000,100,100,0,0,0,False,False,True,116.3672,2.8125
LDLC kiokiNg * CMSTORM,CounterTerrorist,1608.467,-69.08049,128.441,P2000,100,100,0,0,0,False,False,True,108.9844,4.570313
LDLC kiokiNg * CMSTORM,CounterTerrorist,1607.815,-69.11803,128.4288,P2000,100,100,-31.45062,-0.9709294,0,False,False,True,88.94531,4.921875
LDLC kiokiNg * CMSTORM,CounterTerrorist,1603.937,-68.62508,128.3285,P2000,100,100,-84.6113,18.62692,0,False,False,True,63.98437,3.867188
LDLC kiokiNg * CMSTORM,CounterTerrorist,1597.543,-66.31289,128.1526,P2000,100,100,-102.5029,43.18531,0,False,False,True,44.64844,2.460938
LDLC kiokiNg * CMSTORM,CounterTerrorist,1592.336,-64.26267,128.0082,P2000,100,100,-62.29041,14.02169,0,False,False,True,32.69531,2.109375
LDLC kiokiNg * CMSTORM,CounterTerrorist,1590.699,-65.70069,127.9745,P2000,100,100,-2.454698,-46.53166,0,False,False,True,28.125,1.757813
LDLC kiokiNg * CMSTORM,CounterTerrorist,1591.658,-70.06761,128.0315,P2000,100,100,21.37021,-75.84664,0,False,False,True,26.36719,1.40625
LDLC kiokiNg * CMSTORM,CounterTerrorist,1592.745,-73.92822,128.0741,P2000,100,100,14.3191,-50.82101,0,False,False,True,26.36719,1.40625
LDLC kiokiNg * CMSTORM,CounterTerrorist,1593.393,-76.22472,128.1082,P2000,100,100,7.267991,-25.79538,0,False,False,True,26.36719,1.40625
LDLC kiokiNg * CMSTORM,CounterTerrorist,1593.597,-76.95112,128.124,P2000,100,100,0,0,0,False,False,True,26.01563,1.40625
LDLC kiokiNg * CMSTORM,CounterTerrorist,1593.597,-76.95112,128.124,P2000,100,100,0,0,0,False,False,True,26.01563,1.40625
LDLC kiokiNg * CMSTORM,CounterTerrorist,1593.597,-76.95112,128.124,P2000,100,100,0,0,0,False,False,True,26.01563,1.40625
LDLC kiokiNg * CMSTORM,CounterTerrorist,1593.597,-76.95112,128.124,P2000,100,100,0,0,0,False,False,True,26.01563,1.40625
LDLC kiokiNg * CMSTORM,CounterTerrorist,1593.597,-76.95112,128.124,P2000,100,100,0,0,0,False,False,True,27.77344,1.40625
LDLC kiokiNg * CMSTORM,CounterTerrorist,1593.735,-77.1182,128.124,P2000,100,100,11.14361,-13.32679,0,False,False,True,40.78125,2.109375
LDLC kiokiNg * CMSTORM,CounterTerrorist,1596.252,-78.16039,128.229,P2000,100,100,64.88509,-7.084806,0,False,False,True,61.52344,3.164063
LDLC kiokiNg * CMSTORM,CounterTerrorist,1601.956,-77.39388,128.4663,P2000,100,100,108.49,29.02862,0,False,False,True,81.21094,4.570313
LDLC kiokiNg * CMSTORM,CounterTerrorist,1608.536,-74.64478,128.6235,P2000,100,100,126.8631,66.2826,0,False,False,True,94.21874,4.570313
LDLC kiokiNg * CMSTORM,CounterTerrorist,1617.72,-68.18761,128.6711,P2000,100,100,130.9588,111.4237,0,False,False,True,106.5234,3.867188
LDLC kiokiNg * CMSTORM,CounterTerrorist,1625.464,-59.98959,128.8067,P2000,100,100,107.0811,145.2114,0,False,False,True,114.6094,3.164063
LDLC kiokiNg * CMSTORM,CounterTerrorist,1629.815,-50.08742,128.8443,P2000,100,100,42.23489,166.9208,0,False,False,True,121.9922,2.8125
LDLC kiokiNg * CMSTORM,CounterTerrorist,1630.214,-39.72224,128.777,P2000,100,100,-26.39504,152.6551,0,False,False,True,127.6172,2.8125
LDLC kiokiNg * CMSTORM,CounterTerrorist,1626.209,-31.52898,128.3924,P2000,100,100,-90.376,115.2471,0,False,False,True,132.1875,3.515625
LDLC kiokiNg * CMSTORM,CounterTerrorist,1618.891,-27.00594,143.9315,P2000,100,100,-130.1633,0,280.1184,False,False,True,136.7578,4.921875
LDLC kiokiNg * CMSTORM,CounterTerrorist,1610.757,-27.00594,159.8765,P2000,100,100,-130.1633,0,230.1184,False,False,True,138.1641,5.976563
LDLC kiokiNg * CMSTORM,CounterTerrorist,1602.622,-27.00594,172.6964,P2000,100,100,-130.1633,0,180.1184,False,False,True,138.5156,6.679688
LDLC kiokiNg * CMSTORM,CounterTerrorist,1594.487,-27.00594,182.3914,P2000,100,100,-130.1633,0,130.1184,False,False,True,138.5156,6.679688
LDLC kiokiNg * CMSTORM,CounterTerrorist,1586.352,-26.99344,188.9613,P2000,100,100,-130.2651,1.600032,80.11838,False,False,True,138.5156,6.679688
LDLC kiokiNg * CMSTORM,CounterTerrorist,1578.238,-26.44781,192.4063,P2000,100,100,-127.376,13.71856,30.11838,False,False,True,138.5156,6.679688
LDLC kiokiNg * CMSTORM,CounterTerrorist,1576.155,-25.37227,192.8571,P2000,100,100,8.58723,27.33401,-13.63162,False,False,True,138.1641,6.679688
LDLC kiokiNg * CMSTORM,CounterTerrorist,1576.949,-23.23849,189.9211,P2000,100,100,11.44523,30.51491,-69.88162,False,False,True,136.4063,6.328125
LDLC kiokiNg * CMSTORM,CounterTerrorist,1577.673,-21.32222,183.9911,P2000,100,100,11.64667,30.72135,-119.8816,False,False,True,135,6.328125
LDLC kiokiNg * CMSTORM,CounterTerrorist,1578.43,-19.56919,180.0136,P2000,100,100,10.13177,21.09337,0,True,False,True,135.3516,6.328125
LDLC kiokiNg * CMSTORM,CounterTerrorist,1578.674,-19.06107,180.0136,P2000,100,100,0,0,0,True,False,True,135.3516,6.328125
LDLC kiokiNg * CMSTORM,CounterTerrorist,1578.674,-19.06107,180.0136,P2000,100,100,0,0,0,True,False,True,135.3516,6.328125
LDLC kiokiNg * CMSTORM,CounterTerrorist,1578.674,-19.06107,195.3326,M4A4,100,100,0,0,258.2434,False,False,True,135.3516,6.679688
LDLC kiokiNg * CMSTORM,CounterTerrorist,1578.674,-19.06107,209.9104,M4A4,100,100,0,0,208.2434,False,False,True,133.2422,8.085938
LDLC kiokiNg * CMSTORM,CounterTerrorist,1578.713,-18.24183,221.3631,M4A4,100,100,1.433584,29.96573,158.2434,False,False,True,132.1875,8.789063
LDLC kiokiNg * CMSTORM,CounterTerrorist,1578.692,-16.24627,229.6908,M4A4,100,100,-4.475616,36.46874,108.2434,False,False,True,132.1875,8.789063
LDLC kiokiNg * CMSTORM,CounterTerrorist,1578.412,-13.96698,234.8934,M4A4,100,100,-4.475617,36.46874,58.24338,False,False,True,132.1875,8.789063
LDLC kiokiNg * CMSTORM,CounterTerrorist,1578.133,-11.68768,236.971,M4A4,100,100,-4.475617,36.46874,8.243378,False,False,True,132.1875,8.789063
LDLC kiokiNg * CMSTORM,CounterTerrorist,1577.854,-9.408384,235.9237,M4A4,100,100,-4.475617,36.46874,-41.75662,False,False,True,131.1328,8.789063
LDLC kiokiNg * CMSTORM,CounterTerrorist,1577.574,-7.129087,231.7513,M4A4,100,100,-4.475617,36.46874,-91.75662,False,False,True,128.6719,9.492188
LDLC kiokiNg * CMSTORM,CounterTerrorist,1577.295,-4.849791,224.4539,M4A4,100,100,-4.475617,36.46874,-141.7566,False,False,True,126.2109,10.19531
LDLC kiokiNg * CMSTORM,CounterTerrorist,1577.016,-2.570494,214.0316,M4A4,100,100,-4.475617,36.46874,-191.7566,False,False,True,125.1563,10.19531
LDLC kiokiNg * CMSTORM,CounterTerrorist,1576.737,-0.2911975,200.4844,M4A4,100,100,-4.475617,36.46874,-241.7566,False,False,True,125.1563,10.19531
LDLC kiokiNg * CMSTORM,CounterTerrorist,1576.544,1.282455,198.0136,M4A4,100,100,-1.70442,13.88815,0,False,False,True,125.5078,10.19531
LDLC kiokiNg * CMSTORM,CounterTerrorist,1576.522,1.45675,198.0136,M4A4,100,100,0,0,0,False,False,True,128.6719,10.54688
LDLC kiokiNg * CMSTORM,CounterTerrorist,1576.522,1.45675,198.0136,M4A4,100,100,0,0,0,False,False,True,132.1875,10.54688
LDLC kiokiNg * CMSTORM,CounterTerrorist,1576.522,1.45675,198.0136,M4A4,100,100,0,0,0,False,False,True,133.9453,10.54688
LDLC kiokiNg * CMSTORM,CounterTerrorist,1576.522,1.45675,198.0136,M4A4,100,100,0,0,0,False,False,True,133.9453,10.54688
LDLC kiokiNg * CMSTORM,CounterTerrorist,1576.522,1.45675,198.0136,M4A4,100,100,0,0,0,False,False,True,134.2969,10.89844
LDLC kiokiNg * CMSTORM,CounterTerrorist,1576.522,1.45675,198.0136,M4A4,100,100,0,0,0,False,False,True,134.2969,10.89844
LDLC kiokiNg * CMSTORM,CounterTerrorist,1576.522,1.45675,198.0136,M4A4,100,100,0,0,0,False,False,True,134.2969,11.25
LDLC kiokiNg * CMSTORM,CounterTerrorist,1576.522,1.45675,198.0136,M4A4,100,100,0,0,0,False,False,True,134.6484,11.60156
LDLC kiokiNg * CMSTORM,CounterTerrorist,1576.522,1.45675,215.3257,M4A4,100,100,0,0,251.9934,False,False,True,135,11.95313
LDLC kiokiNg * CMSTORM,CounterTerrorist,1576.522,1.45675,229.5128,M4A4,100,100,0,0,201.9934,False,False,True,136.0547,12.65625
LDLC kiokiNg * CMSTORM,CounterTerrorist,1576.031,2.268942,240.5748,M4A4,100,100,0,31.4603,151.9934,False,False,True,136.7578,14.41406
LDLC kiokiNg * CMSTORM,CounterTerrorist,1576.001,4.880424,257.5118,M4A4,100,100,0,43.98722,101.9934,False,False,True,137.4609,16.17188
LDLC kiokiNg * CMSTORM,CounterTerrorist,1576.001,7.322821,261.8932,M4A4,100,100,0,45.04197,58.24338,False,False,True,138.5156,17.57813
LDLC kiokiNg * CMSTORM,CounterTerrorist,1575.881,10.43279,263.4366,M4A4,100,100,-8.427727,38.34473,0,False,False,True,139.5703,18.98438
LDLC kiokiNg * CMSTORM,CounterTerrorist,1574.724,11.94242,263.0347,M4A4,100,100,-23.79258,14.77021,0,False,False,True,139.5703,18.98438
LDLC kiokiNg * CMSTORM,CounterTerrorist,1573.048,12.43081,262.9047,M4A4,100,100,-28.58546,4.024013,0,False,False,True,138.8672,18.28125
LDLC kiokiNg * CMSTORM,CounterTerrorist,1571.174,12.47975,262.8789,M4A4,100,100,-29.45167,-4.318982,0,False,False,True,137.8125,17.22656
LDLC kiokiNg * CMSTORM,CounterTerrorist,1569.49,11.73647,263.0895,M4A4,100,100,-25.79861,-16.00163,0,False,False,True,133.2422,15.82031
LDLC kiokiNg * CMSTORM,CounterTerrorist,1567.86,10.57362,263.3991,M4A4,100,100,-26.78234,-19.99516,0,True,False,True,127.2656,15.11719
LDLC kiokiNg * CMSTORM,CounterTerrorist,1566.086,9.269294,263.7463,M4A4,100,100,-29.66175,-21.50564,0,True,False,True,125.1563,15.11719
LDLC kiokiNg * CMSTORM,CounterTerrorist,1564.121,7.86011,264.1215,M4A4,100,100,-34.0342,-24.24749,0,False,False,True,125.1563,15.11719
LDLC kiokiNg * CMSTORM,CounterTerrorist,1561.454,5.970341,264.6246,M4A4,100,100,-49.38451,-34.90636,0,False,False,True,125.1563,15.11719
LDLC kiokiNg * CMSTORM,CounterTerrorist,1557.829,3.41257,265.3056,M4A4,100,100,-64.71507,-45.59291,0,False,False,True,124.8047,14.76563
LDLC kiokiNg * CMSTORM,CounterTerrorist,1553.267,0.2479278,266.1481,M4A4,100,100,-79.06974,-53.69157,0,False,False,True,120.5859,14.41406
LDLC kiokiNg * CMSTORM,CounterTerrorist,1547.891,-3.231411,267.0745,M4A4,100,100,-91.0532,-56.68846,0,False,False,True,116.7187,14.0625
LDLC kiokiNg * CMSTORM,CounterTerrorist,1542.64,-6.350535,267.9049,M4A4,100,100,-99.49207,-57.08084,0,False,False,True,114.2578,13.71094
LDLC kiokiNg * CMSTORM,CounterTerrorist,1536.236,-9.848402,268.8361,M4A4,100,100,-103.5244,-54.51324,0,False,False,True,112.5,13.71094
LDLC kiokiNg * CMSTORM,CounterTerrorist,1529.721,-13.16207,269.7183,M4A4,100,100,-103.0408,-54.54568,0,False,False,True,111.0938,13.71094
LDLC kiokiNg * CMSTORM,CounterTerrorist,1523.066,-17.90077,270.9799,M4A4,100,100,-88.73638,-76.25518,0,False,False,True,109.6875,13.71094
LDLC kiokiNg * CMSTORM,CounterTerrorist,1517.905,-23.07516,272.3575,M4A4,100,100,-78.21564,-87.0133,0,False,False,True,108.2813,13.71094
LDLC kiokiNg * CMSTORM,CounterTerrorist,1513.149,-28.62575,273.8353,M4A4,100,100,-79.93434,-85.4371,0,False,False,True,107.5781,14.0625
LDLC kiokiNg * CMSTORM,CounterTerrorist,1507.666,-33.45319,275.1205,M4A4,100,100,-92.82449,-71.22227,0,False,False,True,106.5234,14.0625
LDLC kiokiNg * CMSTORM,CounterTerrorist,1501.574,-37.48979,276.1952,M4A4,100,100,-100.5271,-59.86059,0,False,False,True,106.1719,14.41406
LDLC kiokiNg * CMSTORM,CounterTerrorist,1495.116,-40.9164,277.1075,M4A4,100,100,-105.1606,-51.28588,0,False,False,True,105.8203,14.41406
LDLC kiokiNg * CMSTORM,CounterTerrorist,1488.436,-43.88743,277.8985,M4A4,100,100,-108.0499,-44.87999,0,False,False,True,105.1172,14.76563
LDLC kiokiNg * CMSTORM,CounterTerrorist,1481.613,-46.51636,278.5984,M4A4,100,100,-109.9145,-40.09745,0,False,False,True,104.4141,14.76563
LDLC kiokiNg * CMSTORM,CounterTerrorist,1474.698,-48.89391,279.2314,M4A4,100,100,-111.1311,-36.5906,0,False,False,True,103.7109,15.11719
LDLC kiokiNg * CMSTORM,CounterTerrorist,1468.596,-50.81863,279.7438,M4A4,100,100,-111.8864,-34.21174,0,False,False,True,103.3594,15.46875
LDLC kiokiNg * CMSTORM,CounterTerrorist,1461.579,-52.87669,280.2917,M4A4,100,100,-112.5382,-32.0023,0,False,False,True,103.0078,15.46875
LDLC kiokiNg * CMSTORM,CounterTerrorist,1453.644,-55.04557,280.8692,M4A4,100,100,-113.0959,-29.97193,0,False,False,True,102.3047,15.82031
LDLC kiokiNg * CMSTORM,CounterTerrorist,1446.56,-56.86087,281.3525,M4A4,100,100,-113.5183,-28.32988,0,False,False,True,101.6016,15.82031
LDLC kiokiNg * CMSTORM,CounterTerrorist,1439.452,-58.57593,281.8091,M4A4,100,100,-113.9023,-26.74462,0,False,False,True,100.8984,16.17188
LDLC kiokiNg * CMSTORM,CounterTerrorist,1432.319,-60.19061,282.239,M4A4,100,100,-114.2668,-25.14169,0,False,False,True,100.1953,16.17188
LDLC kiokiNg * CMSTORM,CounterTerrorist,1425.167,-61.70954,282.6433,M4A4,100,100,-114.5846,-23.65085,0,False,False,True,99.49219,16.52344
LDLC kiokiNg * CMSTORM,CounterTerrorist,1417.993,-63.12871,283.0211,M4A4,100,100,-114.9297,-21.91239,0,False,False,True,98.08594,16.875
LDLC kiokiNg * CMSTORM,CounterTerrorist,1411.059,-65.19617,283.5716,M4A4,100,100,-107.3248,-43.51453,0,False,False,True,96.32813,17.22656
LDLC kiokiNg * CMSTORM,CounterTerrorist,1404.594,-68.561,284.4674,M4A4,100,100,-100.1125,-60.55151,0,False,False,True,95.62501,17.22656
LDLC kiokiNg * CMSTORM,CounterTerrorist,1399.317,-72.1756,285.4297,M4A4,100,100,-93.99316,-69.67268,0,False,False,True,94.5703,17.57813
LDLC kiokiNg * CMSTORM,CounterTerrorist,1392.453,-76.63184,286.6162,M4A4,100,100,-103.2337,-52.048,0,False,False,True,93.86719,17.57813
LDLC kiokiNg * CMSTORM,CounterTerrorist,1386.568,-79.10611,287.2749,M4A4,100,100,-109.8508,-40.27161,0,False,False,True,93.16406,17.57813
LDLC kiokiNg * CMSTORM,CounterTerrorist,1379.572,-81.22636,287.8394,M4A4,100,100,-113.2359,-29.43868,0,False,False,True,92.46094,17.57813
LDLC kiokiNg * CMSTORM,CounterTerrorist,1371.526,-82.92884,288.2926,M4A4,100,100,-115.1914,-20.49262,0,False,False,True,91.75781,17.57813
LDLC kiokiNg * CMSTORM,CounterTerrorist,1364.293,-83.99998,288.5778,M4A4,100,100,-116.0616,-14.78847,0,False,False,True,91.05469,17.57813
LDLC kiokiNg * CMSTORM,CounterTerrorist,1357.022,-84.77567,288.7843,M4A4,100,100,-116.5038,-10.76421,0,False,False,True,90.70313,17.57813
LDLC kiokiNg * CMSTORM,CounterTerrorist,1349.822,-85.77577,289.0506,M4A4,100,100,-112.9986,-25.92583,0,False,False,True,89.64844,17.92969
LDLC kiokiNg * CMSTORM,CounterTerrorist,1343.772,-87.7686,289.5811,M4A4,100,100,-108.6565,-43.39071,0,False,False,True,89.29688,17.92969
LDLC kiokiNg * CMSTORM,CounterTerrorist,1336.405,-91.41703,290.5525,M4A4,100,100,-101.8153,-57.64232,0,False,False,True,88.94531,17.92969
LDLC kiokiNg * CMSTORM,CounterTerrorist,1330.219,-95.31265,291.5896,M4A4,100,100,-96.97729,-65.45537,0,False,False,True,88.59375,18.63281
LDLC kiokiNg * CMSTORM,CounterTerrorist,1324.289,-99.59093,292.7287,M4A4,100,100,-93.39648,-70.47052,0,False,False,True,88.24219,19.33594
LDLC kiokiNg * CMSTORM,CounterTerrorist,1318.545,-104.1159,293.9333,M4A4,100,100,-90.84364,-73.73216,0,False,False,True,88.94531,20.74219
LDLC kiokiNg * CMSTORM,CounterTerrorist,1312.943,-108.8151,295.1844,M4A4,100,100,-88.76833,-76.21799,0,False,False,True,89.64844,21.44531
LDLC kiokiNg * CMSTORM,CounterTerrorist,1312,-111.9994,296.0313,M4A4,100,100,0,0,0,False,False,True,89.64844,21.44531
LDLC kiokiNg * CMSTORM,CounterTerrorist,1312,-111.9994,296.0313,M4A4,100,100,0,0,0,False,False,True,89.64844,21.79688
LDLC kiokiNg * CMSTORM,CounterTerrorist,1312,-111.9994,296.0313,M4A4,100,100,0,0,0,False,False,True,90,21.79688
LDLC kiokiNg * CMSTORM,CounterTerrorist,1312,-111.9994,296.0313,M4A4,100,100,0,0,0,False,False,True,90,21.79688
LDLC kiokiNg * CMSTORM,CounterTerrorist,1312,-111.9994,296.0313,M4A4,100,100,0,0,0,False,False,True,90,21.79688
LDLC kiokiNg * CMSTORM,CounterTerrorist,1312,-111.9994,296.0313,M4A4,100,100,0,0,0,False,False,True,90,21.79688
LDLC kiokiNg * CMSTORM,CounterTerrorist,1312.003,-111.9994,296.0313,M4A4,100,100,0,0,0,False,False,True,90,21.79688
LDLC kiokiNg * CMSTORM,CounterTerrorist,1312.003,-111.9994,296.0313,M4A4,100,100,0,0,0,False,False,True,90,21.79688
LDLC kiokiNg * CMSTORM,CounterTerrorist,1312.003,-111.9994,296.0313,M4A4,100,100,0,0,0,False,False,True,90,21.79688
LDLC kiokiNg * CMSTORM,CounterTerrorist,1312.003,-111.9994,296.0313,M4A4,100,100,0,0,0,False,False,True,90,21.79688
LDLC kiokiNg * CMSTORM,CounterTerrorist,1312.003,-111.9994,296.0313,M4A4,100,100,0,0,0,False,False,True,95.27343,22.14844
LDLC kiokiNg * CMSTORM,CounterTerrorist,1312.003,-111.9994,296.0313,M4A4,100,100,0,0,0,False,False,True,135.7031,20.74219
LDLC kiokiNg * CMSTORM,CounterTerrorist,1312.003,-111.9994,296.0313,M4A4,100,100,0,0,0,True,False,True,199.6875,17.22656
LDLC kiokiNg * CMSTORM,CounterTerrorist,1312.003,-111.9871,296.0289,M4A4,100,100,0,1.580975,0,True,False,True,244.3359,12.65625
LDLC kiokiNg * CMSTORM,CounterTerrorist,1312.003,-111.9415,296.0168,M4A4,100,100,0,0.2884388,0,True,False,True,265.4297,9.492188
LDLC kiokiNg * CMSTORM,CounterTerrorist,1312.003,-111.9408,296.016,M4A4,100,100,0,-0.2181188,0,False,False,True,271.7578,7.734375
LDLC kiokiNg * CMSTORM,CounterTerrorist,1312.003,-111.9521,296.016,M4A4,100,100,0,-0.1564758,0,False,False,True,272.4609,7.734375
LDLC kiokiNg * CMSTORM,CounterTerrorist,1312.003,-111.963,296.016,M4A4,100,100,0,-0.2474905,0,False,False,True,273.8672,7.734375
LDLC kiokiNg * CMSTORM,CounterTerrorist,1312.003,-111.9837,296.016,M4A4,100,100,0,-0.3278766,0,False,False,True,275.2734,6.679688
LDLC kiokiNg * CMSTORM,CounterTerrorist,1312.003,-111.9883,296.016,M4A4,100,100,0,0,0,False,False,True,272.4609,6.328125
LDLC kiokiNg * CMSTORM,CounterTerrorist,1312.003,-111.9883,296.016,M4A4,100,100,0,0,0,False,False,True,272.1094,7.03125
LDLC kiokiNg * CMSTORM,CounterTerrorist,1312.003,-111.9883,296.016,M4A4,100,100,0,0,0,False,False,True,271.7578,8.085938
LDLC kiokiNg * CMSTORM,CounterTerrorist,1312.003,-111.9883,296.016,M4A4,100,100,0,0,0,False,False,True,271.4063,8.789063
LDLC kiokiNg * CMSTORM,CounterTerrorist,1312.003,-111.9913,296.016,M4A4,100,100,0,0,0,False,False,True,271.7578,8.789063
LDLC kiokiNg * CMSTORM,CounterTerrorist,1312.003,-111.9913,296.016,M4A4,100,100,0,0,0,False,False,True,272.1094,10.19531
LDLC kiokiNg * CMSTORM,CounterTerrorist,1312.003,-111.9913,296.016,HE,100,100,0,0,0,False,False,True,272.1094,11.25
LDLC kiokiNg * CMSTORM,CounterTerrorist,1312.003,-111.9913,296.016,HE,100,100,0,0,0,False,False,True,272.1094,11.25
LDLC kiokiNg * CMSTORM,CounterTerrorist,1312.003,-111.9913,296.016,HE,100,100,0,0,0,False,False,True,272.1094,11.25
LDLC kiokiNg * CMSTORM,CounterTerrorist,1312.003,-111.9913,296.016,Flash,100,100,0,0,0,False,False,True,272.1094,11.25
LDLC kiokiNg * CMSTORM,CounterTerrorist,1312.003,-111.9913,296.016,M4A4,100,100,0,0,0,False,False,True,272.1094,11.25
LDLC kiokiNg * CMSTORM,CounterTerrorist,1312.003,-111.9913,296.016,M4A4,100,100,0,0,0,False,False,True,272.1094,11.25
LDLC kiokiNg * CMSTORM,CounterTerrorist,1312.003,-111.9913,296.016,M4A4,100,100,0,0,0,False,False,True,272.1094,11.25
LDLC kiokiNg * CMSTORM,CounterTerrorist,1312.003,-111.9913,296.016,M4A4,100,100,0,0,0,False,False,True,272.1094,11.25
LDLC kiokiNg * CMSTORM,CounterTerrorist,1312.003,-111.9913,296.016,M4A4,100,100,0,0,0,False,False,True,272.1094,11.25
LDLC kiokiNg * CMSTORM,CounterTerrorist,1312.003,-111.9913,296.016,M4A4,100,100,0,0,0,False,False,True,272.1094,11.25
LDLC kiokiNg * CMSTORM,CounterTerrorist,1312.003,-111.9913,296.016,M4A4,100,100,0,0,0,False,False,True,272.1094,11.25
LDLC kiokiNg * CMSTORM,CounterTerrorist,1312.003,-111.9913,296.016,M4A4,100,100,0,0,0,False,False,True,272.4609,11.25
LDLC kiokiNg * CMSTORM,CounterTerrorist,1312.003,-111.9913,296.016,M4A4,100,100,0,0,0,False,False,True,272.4609,11.25
LDLC kiokiNg * CMSTORM,CounterTerrorist,1312.003,-111.9913,296.016,M4A4,100,100,0,0,0,False,False,True,272.4609,11.25
LDLC kiokiNg * CMSTORM,CounterTerrorist,1312.003,-111.9913,296.016,M4A4,100,100,0,0,0,False,False,True,272.4609,11.25
LDLC kiokiNg * CMSTORM,CounterTerrorist,1312.003,-111.9913,296.016,M4A4,100,100,0,0,0,False,False,True,267.8906,11.25
LDLC kiokiNg * CMSTORM,CounterTerrorist,1312.003,-111.9913,296.016,M4A4,100,100,0,0,0,False,False,True,232.7344,12.30469
LDLC kiokiNg * CMSTORM,CounterTerrorist,1312.003,-111.9913,296.016,M4A4,100,100,0,0,0,False,False,True,175.7813,15.46875
LDLC kiokiNg * CMSTORM,CounterTerrorist,1312.003,-111.9913,296.016,M4A4,100,100,0,0,0,False,False,True,126.5625,16.875
LDLC kiokiNg * CMSTORM,CounterTerrorist,1312.003,-111.9913,296.016,M4A4,100,100,0,0,0,False,False,True,101.9531,16.875
LDLC kiokiNg * CMSTORM,CounterTerrorist,1312.003,-111.9913,296.016,M4A4,100,100,0,0,0,False,False,True,91.75781,16.52344
LDLC kiokiNg * CMSTORM,CounterTerrorist,1312.003,-111.9913,296.016,M4A4,100,100,0,0,0,False,False,True,90,16.17188
LDLC kiokiNg * CMSTORM,CounterTerrorist,1312.003,-111.9913,296.016,M4A4,100,100,0,0,0,False,False,True,90,16.17188
LDLC kiokiNg * CMSTORM,CounterTerrorist,1312.003,-111.9913,296.016,M4A4,100,100,0,0,0,False,False,True,90,16.17188
LDLC kiokiNg * CMSTORM,CounterTerrorist,1312.003,-111.9913,296.016,M4A4,100,100,0,0,0,False,False,True,90,16.17188
LDLC kiokiNg * CMSTORM,CounterTerrorist,1312.003,-111.9913,296.016,M4A4,100,100,0,0,0,False,False,True,90,16.17188
LDLC kiokiNg * CMSTORM,CounterTerrorist,1312.003,-111.9913,296.016,M4A4,100,100,0,0,0,False,False,True,90,16.17188
LDLC kiokiNg * CMSTORM,CounterTerrorist,1312.003,-111.9913,296.016,M4A4,100,100,0,0,0,False,False,True,90,16.17188
LDLC kiokiNg * CMSTORM,CounterTerrorist,1312.003,-111.9913,296.016,M4A4,100,100,0,0,0,False,False,True,90.35156,16.52344
LDLC kiokiNg * CMSTORM,CounterTerrorist,1312.003,-111.9913,296.016,M4A4,100,100,0,0,0,False,False,True,90.70313,16.52344
LDLC kiokiNg * CMSTORM,CounterTerrorist,1312.003,-111.9913,296.016,M4A4,100,100,0,0,0,False,False,True,90.70313,16.52344
LDLC kiokiNg * CMSTORM,CounterTerrorist,1312.003,-111.9913,296.016,M4A4,100,100,0,0,0,False,False,True,90.70313,16.52344
LDLC kiokiNg * CMSTORM,CounterTerrorist,1312.003,-111.9913,296.016,M4A4,100,100,0,0,0,False,False,True,90.70313,16.52344
LDLC kiokiNg * CMSTORM,CounterTerrorist,1312.003,-111.9913,296.016,M4A4,100,100,0,0,0,False,False,True,90.70313,16.52344
LDLC kiokiNg * CMSTORM,CounterTerrorist,1312.003,-111.9913,296.016,M4A4,100,100,0,0,0,False,False,True,90.70313,16.875
LDLC kiokiNg * CMSTORM,CounterTerrorist,1312.003,-111.9913,296.016,M4A4,100,100,0,0,0,False,False,True,90.35156,17.22656
LDLC kiokiNg * CMSTORM,CounterTerrorist,1312.003,-111.9913,296.016,M4A4,100,100,0,0,0,False,False,True,90.70313,17.92969
LDLC kiokiNg * CMSTORM,CounterTerrorist,1312.003,-111.9913,296.016,M4A4,100,100,0,0,0,False,False,True,90.70313,18.98438
LDLC kiokiNg * CMSTORM,CounterTerrorist,1312.003,-111.9913,296.016,M4A4,100,100,0,0,0,False,False,True,90.70313,19.6875
LDLC kiokiNg * CMSTORM,CounterTerrorist,1312.003,-111.9913,296.016,M4A4,100,100,0,0,0,False,False,True,90.70313,19.6875
LDLC kiokiNg * CMSTORM,CounterTerrorist,1312.003,-111.9913,296.016,M4A4,100,100,0,0,0,False,False,True,90.70313,19.6875
LDLC kiokiNg * CMSTORM,CounterTerrorist,1312.003,-111.9913,296.016,M4A4,100,100,0,0,0,False,False,True,90.70313,19.6875
LDLC kiokiNg * CMSTORM,CounterTerrorist,1312.003,-111.9913,296.016,M4A4,100,100,0,0,0,False,False,True,90.70313,19.6875
LDLC kiokiNg * CMSTORM,CounterTerrorist,1312.003,-111.9913,296.016,M4A4,100,100,0,0,0,False,False,True,90.70313,19.6875
LDLC kiokiNg * CMSTORM,CounterTerrorist,1312.003,-111.9913,296.016,M4A4,100,100,0,0,0,False,False,True,90.70313,19.6875
LDLC kiokiNg * CMSTORM,CounterTerrorist,1312.003,-111.9913,296.016,M4A4,100,100,0,0,0,False,False,True,90.70313,19.6875
LDLC kiokiNg * CMSTORM,CounterTerrorist,1312.003,-111.9913,296.016,M4A4,100,100,0,0,0,False,False,True,90.70313,19.6875
LDLC kiokiNg * CMSTORM,CounterTerrorist,1312.003,-111.9913,296.016,M4A4,100,100,0,0,0,False,False,True,90.70313,19.6875
LDLC kiokiNg * CMSTORM,CounterTerrorist,1312.003,-111.9913,296.016,M4A4,100,100,0,0,0,False,False,True,90.70313,19.6875
LDLC kiokiNg * CMSTORM,CounterTerrorist,1312.003,-111.9916,296.016,M4A4,100,100,0,-0.03635795,0,False,False,True,90.70313,19.6875
LDLC kiokiNg * CMSTORM,CounterTerrorist,1312.003,-111.9964,296.016,M4A4,100,100,0,-0.1090738,0,False,False,True,90.70313,19.6875
LDLC kiokiNg * CMSTORM,CounterTerrorist,1312.003,-111.9998,296.016,M4A4,100,100,0,0,0,False,False,True,90.70313,19.6875
LDLC kiokiNg * CMSTORM,CounterTerrorist,1312.003,-111.9998,296.016,M4A4,100,100,0,0,0,False,False,True,90.70313,19.6875
LDLC kiokiNg * CMSTORM,CounterTerrorist,1312.003,-111.9998,296.016,M4A4,100,100,0,0,0,False,False,True,90.70313,19.6875
LDLC kiokiNg * CMSTORM,CounterTerrorist,1312.003,-111.9998,296.016,M4A4,100,100,0,0,0,False,False,True,90.70313,19.6875
LDLC kiokiNg * CMSTORM,CounterTerrorist,1312.003,-111.9998,296.016,M4A4,100,100,0,0,0,False,False,True,90.70313,19.6875
LDLC kiokiNg * CMSTORM,CounterTerrorist,1312.003,-111.9998,296.016,M4A4,100,100,0,0,0,False,False,True,90.70313,19.6875
LDLC kiokiNg * CMSTORM,CounterTerrorist,1312.003,-111.9998,296.016,M4A4,100,100,0,0,0,False,False,True,90.70313,19.6875
LDLC kiokiNg * CMSTORM,CounterTerrorist,1312.003,-111.9998,296.016,M4A4,100,100,0,0,0,False,False,True,90.70313,19.6875
LDLC kiokiNg * CMSTORM,CounterTerrorist,1312.003,-111.9998,296.016,M4A4,100,100,0,0,0,False,False,True,90.35156,19.6875
LDLC kiokiNg * CMSTORM,CounterTerrorist,1312.003,-111.9998,296.016,M4A4,100,100,0,0,0,False,False,True,90.35156,19.6875
LDLC kiokiNg * CMSTORM,CounterTerrorist,1312.003,-111.9998,296.016,M4A4,100,100,0,0,0,False,False,True,90.35156,19.6875
LDLC kiokiNg * CMSTORM,CounterTerrorist,1312.003,-111.9998,296.016,M4A4,100,100,0,0,0,False,False,True,90.35156,19.6875
LDLC kiokiNg * CMSTORM,CounterTerrorist,1312.003,-111.9998,296.016,M4A4,100,100,0,0,0,False,False,True,90.35156,19.6875
LDLC kiokiNg * CMSTORM,CounterTerrorist,1312.003,-111.9998,296.016,M4A4,100,100,0,0,0,False,False,True,90.35156,19.6875
LDLC kiokiNg * CMSTORM,CounterTerrorist,1312.003,-111.9998,296.016,M4A4,100,100,0,0,0,False,False,True,90.35156,19.6875
LDLC kiokiNg * CMSTORM,CounterTerrorist,1312.003,-111.9998,296.016,M4A4,100,100,0,0,0,False,False,True,95.97657,19.6875
LDLC kiokiNg * CMSTORM,CounterTerrorist,1312.003,-111.9998,296.016,M4A4,100,100,0,0,0,False,False,True,137.8125,17.57813
LDLC kiokiNg * CMSTORM,CounterTerrorist,1312.003,-111.9998,296.016,M4A4,100,100,0,0,0,False,False,True,194.0625,15.82031
LDLC kiokiNg * CMSTORM,CounterTerrorist,1312.003,-111.9998,296.016,M4A4,100,100,0,0,0,False,False,True,233.0859,14.41406
LDLC kiokiNg * CMSTORM,CounterTerrorist,1312.003,-111.9998,296.016,M4A4,100,100,0,0,0,False,False,True,256.2891,13.00781
LDLC kiokiNg * CMSTORM,CounterTerrorist,1312.003,-111.9998,296.016,M4A4,100,100,0,0,0,False,False,True,265.0781,11.95313
LDLC kiokiNg * CMSTORM,CounterTerrorist,1312.003,-111.9998,296.016,M4A4,100,100,0,0,0,False,False,True,263.6719,10.54688
LDLC kiokiNg * CMSTORM,CounterTerrorist,1312.003,-111.9998,296.016,M4A4,100,100,0,0,0,False,False,True,261.2109,8.789063
LDLC kiokiNg * CMSTORM,CounterTerrorist,1312.003,-111.9998,296.016,M4A4,100,100,0,0,0,False,False,True,264.0234,9.492188
LDLC kiokiNg * CMSTORM,CounterTerrorist,1312.003,-111.9998,296.016,M4A4,100,100,0,0,0,False,False,True,268.2422,10.89844
LDLC kiokiNg * CMSTORM,CounterTerrorist,1312.003,-111.9998,296.016,M4A4,100,100,0,0,0,False,False,True,268.9453,11.25
LDLC kiokiNg * CMSTORM,CounterTerrorist,1312.003,-111.9998,296.016,M4A4,100,100,0,0,0,False,False,True,268.9453,11.25
LDLC kiokiNg * CMSTORM,CounterTerrorist,1312.003,-111.9998,296.016,M4A4,100,100,0,0,0,False,False,True,268.9453,11.25
LDLC kiokiNg * CMSTORM,CounterTerrorist,1312.003,-111.9998,296.016,M4A4,100,100,0,0,0,False,False,True,268.9453,11.25
LDLC kiokiNg * CMSTORM,CounterTerrorist,1312.003,-111.9998,296.016,M4A4,100,100,0,0,0,False,False,True,268.9453,11.25
LDLC kiokiNg * CMSTORM,CounterTerrorist,1312.003,-111.9998,296.016,M4A4,100,100,0,0,0,False,False,True,268.9453,11.25
LDLC kiokiNg * CMSTORM,CounterTerrorist,1312.003,-111.9998,296.016,M4A4,100,100,0,0,0,False,False,True,268.9453,11.25
LDLC kiokiNg * CMSTORM,CounterTerrorist,1312.003,-111.9998,296.016,M4A4,100,100,0,0,0,False,False,True,268.9453,11.25
LDLC kiokiNg * CMSTORM,CounterTerrorist,1312.003,-111.9998,296.016,M4A4,100,100,0,0,0,False,False,True,268.9453,11.25
LDLC kiokiNg * CMSTORM,CounterTerrorist,1312.003,-111.9998,296.016,M4A4,100,100,0,0,0,False,False,True,268.9453,11.25
LDLC kiokiNg * CMSTORM,CounterTerrorist,1312.003,-111.9998,296.016,M4A4,100,100,0,0,0,False,False,True,268.5938,11.25
LDLC kiokiNg * CMSTORM,CounterTerrorist,1312.003,-111.9998,296.016,M4A4,100,100,0,0,0,False,False,True,268.5938,11.25
LDLC kiokiNg * CMSTORM,CounterTerrorist,1312.003,-111.9998,296.016,M4A4,100,100,0,0,0,False,False,True,268.5938,11.25
LDLC kiokiNg * CMSTORM,CounterTerrorist,1312.003,-111.9998,296.016,M4A4,100,100,0,0,0,False,False,True,268.9453,11.25
LDLC kiokiNg * CMSTORM,CounterTerrorist,1312.003,-111.9998,296.016,M4A4,100,100,0,0,0,False,False,True,268.9453,11.25
LDLC kiokiNg * CMSTORM,CounterTerrorist,1312.003,-111.9998,296.016,M4A4,100,100,0,0,0,False,False,True,268.9453,11.25
LDLC kiokiNg * CMSTORM,CounterTerrorist,1312.003,-111.9998,296.016,M4A4,100,100,0,0,0,False,False,True,268.9453,11.25
LDLC kiokiNg * CMSTORM,CounterTerrorist,1312.003,-111.9998,296.016,M4A4,100,100,0,0,0,False,False,True,269.2969,11.25
LDLC kiokiNg * CMSTORM,CounterTerrorist,1312.003,-111.9998,296.016,M4A4,100,100,0,0,0,False,False,True,269.2969,11.25
LDLC kiokiNg * CMSTORM,CounterTerrorist,1312.003,-111.9998,296.016,M4A4,100,100,0,0,0,False,False,True,269.2969,11.25
LDLC kiokiNg * CMSTORM,CounterTerrorist,1312.003,-111.9998,296.016,M4A4,100,100,0,0,0,False,False,True,269.2969,11.25
LDLC kiokiNg * CMSTORM,CounterTerrorist,1312.003,-111.9998,296.016,M4A4,100,100,0,0,0,False,False,True,269.2969,11.25
LDLC kiokiNg * CMSTORM,CounterTerrorist,1312.003,-111.9998,296.016,M4A4,100,100,0,0,0,False,False,True,269.2969,11.25
LDLC kiokiNg * CMSTORM,CounterTerrorist,1312.003,-111.9998,296.016,M4A4,100,100,0,0,0,False,False,True,269.2969,11.25
LDLC kiokiNg * CMSTORM,CounterTerrorist,1312.003,-111.9998,296.016,M4A4,100,100,0,0,0,False,False,True,269.2969,11.25
LDLC kiokiNg * CMSTORM,CounterTerrorist,1312.003,-111.9998,296.016,M4A4,100,100,0,0,0,False,False,True,269.2969,11.25
LDLC kiokiNg * CMSTORM,CounterTerrorist,1312.003,-111.9998,296.016,M4A4,100,100,0,0,0,False,False,True,269.2969,11.25
LDLC kiokiNg * CMSTORM,CounterTerrorist,1312.003,-111.9998,296.016,M4A4,100,100,0,0,0,False,False,True,269.2969,11.25
LDLC kiokiNg * CMSTORM,CounterTerrorist,1312.003,-111.9998,296.016,M4A4,100,100,0,0,0,False,False,True,269.2969,11.25
LDLC kiokiNg * CMSTORM,CounterTerrorist,1312.003,-111.9998,296.016,M4A4,100,100,0,0,0,False,False,True,269.2969,11.25
LDLC kiokiNg * CMSTORM,CounterTerrorist,1312.003,-111.9998,296.016,M4A4,100,100,0,0,0,False,False,True,269.2969,11.25
LDLC kiokiNg * CMSTORM,CounterTerrorist,1312.003,-111.9998,296.016,M4A4,100,100,0,0,0,False,False,True,269.2969,11.25
LDLC kiokiNg * CMSTORM,CounterTerrorist,1312.003,-111.9998,296.016,M4A4,100,100,0,0,0,False,False,True,269.2969,11.25
LDLC kiokiNg * CMSTORM,CounterTerrorist,1312.003,-111.9998,296.016,M4A4,100,100,0,0,0,False,False,True,269.2969,11.25
LDLC kiokiNg * CMSTORM,CounterTerrorist,1312.003,-111.9998,296.016,M4A4,100,100,0,0,0,False,False,True,269.2969,11.25
LDLC kiokiNg * CMSTORM,CounterTerrorist,1312.003,-111.9998,296.016,M4A4,100,100,0,0,0,False,False,True,269.2969,11.25
LDLC kiokiNg * CMSTORM,CounterTerrorist,1312.003,-111.9998,296.016,M4A4,100,100,0,0,0,False,False,True,269.2969,11.25
LDLC kiokiNg * CMSTORM,CounterTerrorist,1312.003,-111.9998,296.016,M4A4,100,100,0,0,0,False,False,True,269.2969,11.25
LDLC kiokiNg * CMSTORM,CounterTerrorist,1312.003,-111.9998,296.016,M4A4,100,100,0,0,0,False,False,True,269.2969,11.25
LDLC kiokiNg * CMSTORM,CounterTerrorist,1312.003,-111.9998,296.016,M4A4,100,100,0,0,0,False,False,True,269.2969,11.25
LDLC kiokiNg * CMSTORM,CounterTerrorist,1312.003,-111.9998,296.016,M4A4,100,100,0,0,0,False,False,True,269.2969,11.25
LDLC kiokiNg * CMSTORM,CounterTerrorist,1312.003,-111.9998,296.016,M4A4,100,100,0,0,0,False,False,True,269.2969,11.25
LDLC kiokiNg * CMSTORM,CounterTerrorist,1312.003,-111.9998,296.016,M4A4,100,100,0,0,0,False,False,True,269.2969,11.25
LDLC kiokiNg * CMSTORM,CounterTerrorist,1312.003,-111.9998,296.016,M4A4,100,100,0,0,0,False,False,True,269.2969,11.25
LDLC kiokiNg * CMSTORM,CounterTerrorist,1312.003,-111.9998,296.016,M4A4,100,100,0,0,0,False,False,True,269.2969,11.25
LDLC kiokiNg * CMSTORM,CounterTerrorist,1312.003,-111.9998,296.016,M4A4,100,100,0,0,0,False,False,True,269.2969,11.25
LDLC kiokiNg * CMSTORM,CounterTerrorist,1312.003,-111.9998,296.016,M4A4,100,100,0,0,0,False,False,True,269.2969,11.25
LDLC kiokiNg * CMSTORM,CounterTerrorist,1312.003,-111.9998,296.016,M4A4,100,100,0,0,0,False,False,True,269.2969,11.25
LDLC kiokiNg * CMSTORM,CounterTerrorist,1312.003,-111.9998,296.016,M4A4,100,100,0,0,0,False,False,True,269.2969,11.25
LDLC kiokiNg * CMSTORM,CounterTerrorist,1312.003,-111.9998,296.016,M4A4,100,100,0,0,0,False,False,True,269.2969,11.25
LDLC kiokiNg * CMSTORM,CounterTerrorist,1312.003,-111.9998,296.016,M4A4,100,100,0,0,0,False,False,True,269.2969,11.25
LDLC kiokiNg * CMSTORM,CounterTerrorist,1312.003,-111.9998,296.016,M4A4,100,100,0,0,0,False,False,True,269.2969,11.25
LDLC kiokiNg * CMSTORM,CounterTerrorist,1312.003,-111.9998,296.016,M4A4,100,100,0,0,0,False,False,True,269.2969,11.25
LDLC kiokiNg * CMSTORM,CounterTerrorist,1312.003,-111.9998,296.016,M4A4,100,100,0,0,0,False,False,True,269.2969,11.25
LDLC kiokiNg * CMSTORM,CounterTerrorist,1312.003,-111.9998,296.016,M4A4,100,100,0,0,0,False,False,True,269.2969,11.25
LDLC kiokiNg * CMSTORM,CounterTerrorist,1312.003,-111.9998,296.016,M4A4,100,100,0,0,0,False,False,True,269.2969,11.25
LDLC kiokiNg * CMSTORM,CounterTerrorist,1312.003,-111.9998,296.016,M4A4,100,100,0,0,0,False,False,True,269.2969,11.25
LDLC kiokiNg * CMSTORM,CounterTerrorist,1312.003,-111.9998,296.016,M4A4,100,100,0,0,0,False,False,True,269.2969,11.25
LDLC kiokiNg * CMSTORM,CounterTerrorist,1312.003,-111.9998,296.016,M4A4,100,100,0,0,0,False,False,True,269.2969,11.25
LDLC kiokiNg * CMSTORM,CounterTerrorist,1312.003,-111.9998,296.016,M4A4,100,100,0,0,0,False,False,True,269.2969,11.25
LDLC kiokiNg * CMSTORM,CounterTerrorist,1312.003,-111.9998,296.016,M4A4,100,100,0,0,0,False,False,True,269.2969,11.25
LDLC kiokiNg * CMSTORM,CounterTerrorist,1312.003,-111.9998,296.016,M4A4,100,100,0,0,0,False,False,True,269.2969,11.25
LDLC kiokiNg * CMSTORM,CounterTerrorist,1312.003,-111.9998,296.016,M4A4,100,100,0,0,0,False,False,True,269.2969,11.25
LDLC kiokiNg * CMSTORM,CounterTerrorist,1312.003,-111.9998,296.016,M4A4,100,100,0,0,0,False,False,True,269.2969,11.25
LDLC kiokiNg * CMSTORM,CounterTerrorist,1312.003,-111.9998,296.016,M4A4,100,100,0,0,0,False,False,True,269.2969,11.25
LDLC kiokiNg * CMSTORM,CounterTerrorist,1312.003,-111.9998,296.016,M4A4,100,100,0,0,0,False,False,True,269.2969,11.25
LDLC kiokiNg * CMSTORM,CounterTerrorist,1312.003,-111.9998,296.016,M4A4,100,100,0,0,0,False,False,True,269.2969,11.25
LDLC kiokiNg * CMSTORM,CounterTerrorist,1312.003,-111.9998,296.016,M4A4,100,100,0,0,0,False,False,True,269.2969,11.25
LDLC kiokiNg * CMSTORM,CounterTerrorist,1312.003,-111.9998,296.016,M4A4,100,100,0,0,0,False,False,True,269.2969,11.25
LDLC kiokiNg * CMSTORM,CounterTerrorist,1312.003,-111.9998,296.016,M4A4,100,100,0,0,0,False,False,True,269.2969,11.25
LDLC kiokiNg * CMSTORM,CounterTerrorist,1312.003,-111.9998,296.016,M4A4,100,100,0,0,0,False,False,True,269.2969,11.25
LDLC kiokiNg * CMSTORM,CounterTerrorist,1312.003,-111.9998,296.016,M4A4,100,100,0,0,0,False,False,True,269.2969,11.25
LDLC kiokiNg * CMSTORM,CounterTerrorist,1312.003,-111.9998,296.016,M4A4,100,100,0,0,0,False,False,True,269.2969,11.25
LDLC kiokiNg * CMSTORM,CounterTerrorist,1312.003,-111.9998,296.016,M4A4,100,100,0,0,0,False,False,True,269.2969,11.25
LDLC kiokiNg * CMSTORM,CounterTerrorist,1312.003,-111.9998,296.016,M4A4,100,100,0,0,0,False,False,True,269.2969,11.25
LDLC kiokiNg * CMSTORM,CounterTerrorist,1312.003,-111.9998,296.016,M4A4,100,100,0,0,0,False,False,True,269.2969,11.25
LDLC kiokiNg * CMSTORM,CounterTerrorist,1312.003,-111.9998,296.016,M4A4,100,100,0,0,0,False,False,True,269.2969,11.25
LDLC kiokiNg * CMSTORM,CounterTerrorist,1312.003,-111.9998,296.016,M4A4,100,100,0,0,0,False,False,True,269.2969,11.25
LDLC kiokiNg * CMSTORM,CounterTerrorist,1312.003,-111.9998,296.016,M4A4,100,100,0,0,0,False,False,True,269.2969,11.25
LDLC kiokiNg * CMSTORM,CounterTerrorist,1312.003,-111.9998,296.016,M4A4,100,100,0,0,0,False,False,True,269.6484,11.25
LDLC kiokiNg * CMSTORM,CounterTerrorist,1312.003,-111.9998,296.016,M4A4,100,100,0,0,0,False,False,True,269.6484,11.25
LDLC kiokiNg * CMSTORM,CounterTerrorist,1312.003,-111.9998,296.016,M4A4,100,100,0,0,0,False,False,True,269.6484,11.25
LDLC kiokiNg * CMSTORM,CounterTerrorist,1312.003,-111.9998,296.016,M4A4,100,100,0,0,0,False,False,True,269.6484,11.25
LDLC kiokiNg * CMSTORM,CounterTerrorist,1312.003,-111.9998,296.016,M4A4,100,100,0,0,0,False,False,True,269.6484,11.25
LDLC kiokiNg * CMSTORM,CounterTerrorist,1312.003,-111.9998,296.016,M4A4,100,100,0,0,0,False,False,True,269.6484,11.25
LDLC kiokiNg * CMSTORM,CounterTerrorist,1312.003,-111.9998,296.016,M4A4,100,100,0,0,0,False,False,True,269.6484,11.25
LDLC kiokiNg * CMSTORM,CounterTerrorist,1312.003,-111.9998,296.016,M4A4,100,100,0,0,0,False,False,True,269.6484,11.25
LDLC kiokiNg * CMSTORM,CounterTerrorist,1312.003,-111.9998,296.016,M4A4,100,100,0,0,0,False,False,True,269.6484,11.25
LDLC kiokiNg * CMSTORM,CounterTerrorist,1312.003,-111.9998,296.016,M4A4,100,100,0,0,0,False,False,True,269.6484,11.25
LDLC kiokiNg * CMSTORM,CounterTerrorist,1312.003,-111.9998,296.016,M4A4,100,100,0,0,0,False,False,True,269.6484,11.25
LDLC kiokiNg * CMSTORM,CounterTerrorist,1312.003,-111.9998,296.016,M4A4,100,100,0,0,0,False,False,True,269.6484,11.25
LDLC kiokiNg * CMSTORM,CounterTerrorist,1312.003,-111.9998,296.016,M4A4,100,100,0,0,0,False,False,True,269.6484,11.25
LDLC kiokiNg * CMSTORM,CounterTerrorist,1312.003,-111.9998,296.016,M4A4,100,100,0,0,0,False,False,True,269.6484,11.25
LDLC kiokiNg * CMSTORM,CounterTerrorist,1312,-111.9998,296.016,M4A4,100,100,-0.04455645,0,0,False,False,True,269.6484,11.25
LDLC kiokiNg * CMSTORM,CounterTerrorist,1312,-111.9998,296.016,M4A4,100,100,0,0,0,False,False,True,269.6484,11.25
LDLC kiokiNg * CMSTORM,CounterTerrorist,1312,-111.9998,296.016,M4A4,100,100,0,0,0,False,False,True,269.6484,11.25
LDLC kiokiNg * CMSTORM,CounterTerrorist,1312,-111.9998,296.016,M4A4,100,100,0,0,0,False,False,True,269.6484,11.25
LDLC kiokiNg * CMSTORM,CounterTerrorist,1312,-111.9998,296.016,M4A4,100,100,0,0,0,False,False,True,269.6484,11.25
LDLC kiokiNg * CMSTORM,CounterTerrorist,1312,-111.9998,296.016,M4A4,100,100,0,0,0,False,False,True,269.6484,11.25
LDLC kiokiNg * CMSTORM,CounterTerrorist,1312,-111.9998,296.016,M4A4,100,100,0,0,0,False,False,True,269.6484,11.25
LDLC kiokiNg * CMSTORM,CounterTerrorist,1312,-111.9998,296.016,M4A4,100,100,0,0,0,False,False,True,269.6484,11.25
LDLC kiokiNg * CMSTORM,CounterTerrorist,1312,-111.9998,296.016,M4A4,100,100,0,0,0,False,False,True,269.6484,11.25
LDLC kiokiNg * CMSTORM,CounterTerrorist,1312,-111.9998,296.016,M4A4,100,100,0,0,0,False,False,True,269.6484,11.25
LDLC kiokiNg * CMSTORM,CounterTerrorist,1312,-111.9998,296.016,M4A4,100,100,0,0,0,False,False,True,269.6484,11.25
LDLC kiokiNg * CMSTORM,CounterTerrorist,1312,-111.9998,296.016,M4A4,100,100,0,0,0,False,False,True,269.6484,11.25
LDLC kiokiNg * CMSTORM,CounterTerrorist,1312,-111.9998,296.016,M4A4,100,100,0,0,0,False,False,True,269.6484,11.25
LDLC kiokiNg * CMSTORM,CounterTerrorist,1312,-111.9998,296.016,M4A4,100,100,0,0,0,False,False,True,269.6484,11.25
LDLC kiokiNg * CMSTORM,CounterTerrorist,1312,-111.9998,296.016,M4A4,100,100,0,0,0,False,False,True,269.6484,11.25
LDLC kiokiNg * CMSTORM,CounterTerrorist,1312,-111.9998,296.016,M4A4,100,100,0,0,0,False,False,True,269.6484,11.25
LDLC kiokiNg * CMSTORM,CounterTerrorist,1312,-111.9998,296.016,M4A4,100,100,0,0,0,False,False,True,269.6484,11.25
LDLC kiokiNg * CMSTORM,CounterTerrorist,1312,-111.9998,296.016,M4A4,100,100,0,0,0,False,False,True,269.6484,11.25
LDLC kiokiNg * CMSTORM,CounterTerrorist,1312,-111.9998,296.016,M4A4,100,100,0,0,0,False,False,True,269.6484,11.25
LDLC kiokiNg * CMSTORM,CounterTerrorist,1312,-111.9998,296.016,M4A4,100,100,0,0,0,False,False,True,269.6484,11.25
LDLC kiokiNg * CMSTORM,CounterTerrorist,1312,-111.9998,296.016,M4A4,100,100,0,0,0,False,False,True,269.6484,11.25
LDLC kiokiNg * CMSTORM,CounterTerrorist,1312,-111.9998,296.016,M4A4,100,100,0,0,0,False,False,True,269.6484,11.25
LDLC kiokiNg * CMSTORM,CounterTerrorist,1312,-111.9998,296.016,M4A4,100,100,0,0,0,False,False,True,269.6484,11.25
LDLC kiokiNg * CMSTORM,CounterTerrorist,1312,-111.9998,296.016,M4A4,100,100,0,0,0,False,False,True,269.6484,11.25
LDLC kiokiNg * CMSTORM,CounterTerrorist,1312,-111.9998,296.016,M4A4,100,100,0,0,0,False,False,True,269.6484,11.25
LDLC kiokiNg * CMSTORM,CounterTerrorist,1312,-111.9998,296.016,M4A4,100,100,0,0,0,False,False,True,269.6484,11.25
LDLC kiokiNg * CMSTORM,CounterTerrorist,1312,-111.9998,296.016,M4A4,100,100,0,0,0,False,False,True,269.6484,11.25
LDLC kiokiNg * CMSTORM,CounterTerrorist,1312,-111.9998,296.016,M4A4,100,100,0,0,0,False,False,True,269.6484,11.25
LDLC kiokiNg * CMSTORM,CounterTerrorist,1312,-111.9998,296.016,M4A4,100,100,0,0,0,False,False,True,269.6484,11.25
LDLC kiokiNg * CMSTORM,CounterTerrorist,1312,-111.9998,296.016,M4A4,100,100,0,0,0,False,False,True,269.2969,11.25
LDLC kiokiNg * CMSTORM,CounterTerrorist,1312,-111.9998,296.016,M4A4,100,100,0,0,0,False,False,True,254.5313,12.30469
LDLC kiokiNg * CMSTORM,CounterTerrorist,1312,-111.9998,296.016,M4A4,100,100,0,0,0,False,False,True,206.7188,15.82031
LDLC kiokiNg * CMSTORM,CounterTerrorist,1312,-111.9998,296.016,M4A4,100,100,0,0,0,False,False,True,151.1719,18.28125
LDLC kiokiNg * CMSTORM,CounterTerrorist,1312,-111.9998,296.016,M4A4,100,100,0,0,0,False,False,True,112.5,18.63281
LDLC kiokiNg * CMSTORM,CounterTerrorist,1312,-111.9998,296.016,M4A4,100,100,0,0,0,False,False,True,93.16406,18.63281
LDLC kiokiNg * CMSTORM,CounterTerrorist,1312,-111.9998,296.016,M4A4,100,100,0,0,0,False,False,True,89.64844,18.63281
LDLC kiokiNg * CMSTORM,CounterTerrorist,1312,-111.9998,296.016,M4A4,100,100,0,0,0,False,False,True,89.29688,17.92969
LDLC kiokiNg * CMSTORM,CounterTerrorist,1312,-111.9998,296.016,M4A4,100,100,0,0,0,False,False,True,90,17.57813
LDLC kiokiNg * CMSTORM,CounterTerrorist,1312,-111.9998,296.016,M4A4,100,100,0,0,0,False,False,True,90,17.22656
LDLC kiokiNg * CMSTORM,CounterTerrorist,1312,-111.9998,296.016,M4A4,100,100,0,0,0,False,False,True,90,17.22656
LDLC kiokiNg * CMSTORM,CounterTerrorist,1312,-111.9998,296.016,M4A4,100,100,0,0,0,False,False,True,90,17.22656
LDLC kiokiNg * CMSTORM,CounterTerrorist,1312,-111.9998,296.016,M4A4,100,100,0,0,0,False,False,True,90.35156,17.22656
LDLC kiokiNg * CMSTORM,CounterTerrorist,1312,-111.9998,296.016,M4A4,100,100,0,0,0,False,False,True,105.8203,16.52344
LDLC kiokiNg * CMSTORM,CounterTerrorist,1312,-111.9998,296.016,M4A4,100,100,0,0,0,False,False,True,154.6875,14.41406
LDLC kiokiNg * CMSTORM,CounterTerrorist,1312,-111.9998,296.016,M4A4,100,100,0,0,0,False,False,True,213.0469,12.30469
LDLC kiokiNg * CMSTORM,CounterTerrorist,1312,-111.9998,296.016,M4A4,100,100,0,0,0,False,False,True,252.4219,10.19531
LDLC kiokiNg * CMSTORM,CounterTerrorist,1312,-111.9998,296.016,M4A4,100,100,0,0,0,False,False,True,268.9453,9.84375
LDLC kiokiNg * CMSTORM,CounterTerrorist,1312,-111.9998,296.016,M4A4,100,100,0,0,0,False,False,True,271.0547,10.19531
LDLC kiokiNg * CMSTORM,CounterTerrorist,1312,-111.9998,296.016,M4A4,100,100,0,0,0,False,False,True,266.8359,10.54688
LDLC kiokiNg * CMSTORM,CounterTerrorist,1312,-111.9998,296.016,M4A4,100,100,0,0,0,False,False,True,265.0781,9.84375
LDLC kiokiNg * CMSTORM,CounterTerrorist,1312,-111.9998,296.016,M4A4,100,100,0,0,0,False,False,True,268.2422,9.84375
LDLC kiokiNg * CMSTORM,CounterTerrorist,1312,-111.9998,296.016,M4A4,100,100,0,0,0,False,False,True,270.7031,9.84375
LDLC kiokiNg * CMSTORM,CounterTerrorist,1312,-111.9998,296.016,M4A4,100,100,0,0,0,False,False,True,270.3516,9.84375
LDLC kiokiNg * CMSTORM,CounterTerrorist,1312,-111.9998,296.016,M4A4,100,100,0,0,0,False,False,True,270,9.84375
LDLC kiokiNg * CMSTORM,CounterTerrorist,1312,-111.9998,296.016,M4A4,100,100,0,0,0,False,False,True,270,9.84375
LDLC kiokiNg * CMSTORM,CounterTerrorist,1312,-111.9998,296.016,M4A4,100,100,0,0,0,False,False,True,270,9.84375
LDLC kiokiNg * CMSTORM,CounterTerrorist,1312,-111.9998,296.016,M4A4,100,100,0,0,0,False,False,True,270,9.84375
LDLC kiokiNg * CMSTORM,CounterTerrorist,1312,-111.9998,296.016,M4A4,100,100,0,0,0,False,False,True,270,9.84375
LDLC kiokiNg * CMSTORM,CounterTerrorist,1312,-111.9998,296.016,M4A4,100,100,0,0,0,False,False,True,270,9.84375
LDLC kiokiNg * CMSTORM,CounterTerrorist,1312,-111.9998,296.016,M4A4,100,100,0,0,0,False,False,True,270,9.84375
LDLC kiokiNg * CMSTORM,CounterTerrorist,1312,-111.9998,296.016,M4A4,100,100,0,0,0,False,False,True,270,9.84375
LDLC kiokiNg * CMSTORM,CounterTerrorist,1312,-111.9998,296.016,M4A4,100,100,0,0,0,False,False,True,270,9.84375
LDLC kiokiNg * CMSTORM,CounterTerrorist,1312,-111.9998,296.016,M4A4,100,100,0,0,0,False,False,True,270,9.84375
LDLC kiokiNg * CMSTORM,CounterTerrorist,1312,-111.9998,296.016,M4A4,100,100,0,0,0,False,False,True,270,9.84375
LDLC kiokiNg * CMSTORM,CounterTerrorist,1312,-111.9998,296.016,M4A4,100,100,0,0,0,False,False,True,270,9.84375
LDLC kiokiNg * CMSTORM,CounterTerrorist,1312,-111.9998,296.016,M4A4,100,100,0,0,0,False,False,True,270,9.84375
LDLC kiokiNg * CMSTORM,CounterTerrorist,1312,-111.9998,296.016,M4A4,100,100,0,0,0,False,False,True,269.6484,9.84375
LDLC kiokiNg * CMSTORM,CounterTerrorist,1312,-111.9998,296.016,M4A4,100,100,0,0,0,False,False,True,255.9375,9.84375
LDLC kiokiNg * CMSTORM,CounterTerrorist,1312,-111.9998,296.016,M4A4,100,100,0,0,0,False,False,True,195.8203,13.00781
LDLC kiokiNg * CMSTORM,CounterTerrorist,1312,-111.9998,296.016,M4A4,100,100,0,0,0,False,False,True,140.9766,16.17188
LDLC kiokiNg * CMSTORM,CounterTerrorist,1312,-111.9998,296.016,M4A4,100,100,0,0,0,False,False,True,94.92187,16.52344
LDLC kiokiNg * CMSTORM,CounterTerrorist,1312,-111.9998,296.016,M4A4,100,100,0,0,0,False,False,True,85.07813,16.17188
LDLC kiokiNg * CMSTORM,CounterTerrorist,1312,-111.9998,296.016,M4A4,100,100,0,0,0,False,False,True,85.42969,16.52344
LDLC kiokiNg * CMSTORM,CounterTerrorist,1312,-111.9998,296.016,M4A4,100,100,0,0,0,False,False,True,85.07813,16.17188
LDLC kiokiNg * CMSTORM,CounterTerrorist,1312,-111.9998,296.016,M4A4,100,100,0,0,0,False,False,True,86.13281,15.82031
LDLC kiokiNg * CMSTORM,CounterTerrorist,1312,-111.9998,296.016,M4A4,100,100,0,0,0,False,False,True,87.89063,15.82031
LDLC kiokiNg * CMSTORM,CounterTerrorist,1312,-111.9998,296.016,M4A4,100,100,0,0,0,False,False,True,88.59375,16.17188
LDLC kiokiNg * CMSTORM,CounterTerrorist,1312,-111.9998,296.016,M4A4,100,100,0,0,0,False,False,True,88.59375,16.17188
LDLC kiokiNg * CMSTORM,CounterTerrorist,1312,-111.9998,296.016,M4A4,100,100,0,0,0,False,False,True,88.94531,16.875
LDLC kiokiNg * CMSTORM,CounterTerrorist,1312,-111.9998,296.016,M4A4,100,100,0,0,0,False,False,True,88.94531,16.875
LDLC kiokiNg * CMSTORM,CounterTerrorist,1312,-111.9998,296.016,M4A4,100,100,0,0,0,False,False,True,88.94531,16.875
LDLC kiokiNg * CMSTORM,CounterTerrorist,1312,-111.9998,296.016,M4A4,100,100,0,0,0,False,False,True,88.94531,16.875
LDLC kiokiNg * CMSTORM,CounterTerrorist,1312,-111.9998,296.016,M4A4,100,100,0,0,0,False,False,True,89.29688,16.875
LDLC kiokiNg * CMSTORM,CounterTerrorist,1312,-111.9998,296.016,M4A4,100,100,0,0,0,False,False,True,89.29688,17.22656
LDLC kiokiNg * CMSTORM,CounterTerrorist,1312,-111.9998,296.016,M4A4,100,100,0,0,0,False,False,True,89.29688,17.22656
LDLC kiokiNg * CMSTORM,CounterTerrorist,1312,-111.9998,296.016,M4A4,100,100,0,0,0,False,False,True,89.29688,17.22656
LDLC kiokiNg * CMSTORM,CounterTerrorist,1312,-111.9998,296.016,M4A4,100,100,0,0,0,False,False,True,89.29688,17.22656
LDLC kiokiNg * CMSTORM,CounterTerrorist,1312,-111.9998,296.016,M4A4,100,100,0,0,0,False,False,True,89.29688,17.57813
LDLC kiokiNg * CMSTORM,CounterTerrorist,1312,-111.9998,296.016,M4A4,100,100,0,0,0,False,False,True,89.29688,17.57813
LDLC kiokiNg * CMSTORM,CounterTerrorist,1312,-111.9998,296.016,M4A4,100,100,0,0,0,False,False,True,89.29688,17.57813
LDLC kiokiNg * CMSTORM,CounterTerrorist,1312,-111.9998,296.016,M4A4,100,100,0,0,0,False,False,True,89.29688,17.57813
LDLC kiokiNg * CMSTORM,CounterTerrorist,1312,-111.9998,296.016,M4A4,100,100,0,0,0,False,False,True,89.29688,17.57813
LDLC kiokiNg * CMSTORM,CounterTerrorist,1312,-111.9998,296.016,M4A4,100,100,0,0,0,False,False,True,89.29688,17.57813
LDLC kiokiNg * CMSTORM,CounterTerrorist,1312,-111.9998,296.016,M4A4,100,100,0,0,0,False,False,True,89.29688,17.57813
LDLC kiokiNg * CMSTORM,CounterTerrorist,1312,-111.9998,296.016,M4A4,100,100,0,0,0,False,False,True,89.64844,17.57813
LDLC kiokiNg * CMSTORM,CounterTerrorist,1312,-111.9998,296.016,M4A4,100,100,0,0,0,False,False,True,89.64844,17.57813
LDLC kiokiNg * CMSTORM,CounterTerrorist,1312,-111.9998,296.016,M4A4,100,100,0,0,0,False,False,True,89.64844,17.57813
LDLC kiokiNg * CMSTORM,CounterTerrorist,1312,-111.9998,296.016,M4A4,100,100,0,0,0,False,False,True,90,17.57813
LDLC kiokiNg * CMSTORM,CounterTerrorist,1312,-111.9998,296.016,M4A4,100,100,0,0,0,False,False,True,90,17.57813
LDLC kiokiNg * CMSTORM,CounterTerrorist,1312,-111.9995,296.016,M4A4,100,100,0,0.01711439,0,False,False,True,90,17.57813
LDLC kiokiNg * CMSTORM,CounterTerrorist,1312,-111.9969,296.016,M4A4,100,100,0,0.06275277,0,False,False,True,90,17.57813
LDLC kiokiNg * CMSTORM,CounterTerrorist,1312,-111.9922,296.016,M4A4,100,100,0,0.1026864,0,False,False,True,90,17.57813
LDLC kiokiNg * CMSTORM,CounterTerrorist,1312,-111.9902,296.016,M4A4,100,100,0,0.05134317,0,False,False,True,90,17.57813
LDLC kiokiNg * CMSTORM,CounterTerrorist,1312,-111.9892,296.016,M4A4,100,100,0,0,0,False,False,True,90,17.57813
LDLC kiokiNg * CMSTORM,CounterTerrorist,1312,-111.9892,296.016,M4A4,100,100,0,0,0,False,False,True,90,17.57813
LDLC kiokiNg * CMSTORM,CounterTerrorist,1312,-111.9892,296.016,M4A4,100,100,0,0.005704796,0,False,False,True,90,17.57813
LDLC kiokiNg * CMSTORM,CounterTerrorist,1312,-111.986,296.016,M4A4,100,100,0,0.08159146,0,False,False,True,90,17.57813
LDLC kiokiNg * CMSTORM,CounterTerrorist,1312,-111.9838,296.016,M4A4,100,100,0,0,0,False,False,True,90,17.57813
LDLC kiokiNg * CMSTORM,CounterTerrorist,1312,-111.9838,296.016,M4A4,100,100,0,0,0,False,False,True,90,17.57813
LDLC kiokiNg * CMSTORM,CounterTerrorist,1312,-111.9838,296.016,M4A4,100,100,0,0,0,False,False,True,90,17.57813
LDLC kiokiNg * CMSTORM,CounterTerrorist,1312,-111.9838,296.016,M4A4,100,100,0,0,0,False,False,True,90,17.57813
LDLC kiokiNg * CMSTORM,CounterTerrorist,1312,-111.9838,296.016,M4A4,100,100,0,0,0,False,False,True,90,17.57813
LDLC kiokiNg * CMSTORM,CounterTerrorist,1312,-111.9838,296.016,M4A4,100,100,0,0,0,False,False,True,90,17.57813
LDLC kiokiNg * CMSTORM,CounterTerrorist,1312,-111.9838,296.016,M4A4,100,100,0,0,0,False,False,True,90,17.57813
LDLC kiokiNg * CMSTORM,CounterTerrorist,1312,-111.9838,296.016,M4A4,100,100,0,0,0,False,False,True,89.64844,17.57813
LDLC kiokiNg * CMSTORM,CounterTerrorist,1312,-111.9838,296.016,M4A4,100,100,0,0,0,False,False,True,89.64844,17.92969
LDLC kiokiNg * CMSTORM,CounterTerrorist,1312,-111.9838,296.016,M4A4,100,100,0,0,0,False,False,True,90,17.92969
LDLC kiokiNg * CMSTORM,CounterTerrorist,1312,-111.9838,296.016,M4A4,100,100,0,0,0,False,False,True,90,18.63281
LDLC kiokiNg * CMSTORM,CounterTerrorist,1312,-111.9838,296.016,M4A4,100,100,0,0,0,False,False,True,90,19.33594
LDLC kiokiNg * CMSTORM,CounterTerrorist,1312,-111.9838,296.016,M4A4,100,100,0,0,0,False,False,True,90,19.6875
LDLC kiokiNg * CMSTORM,CounterTerrorist,1312,-111.9838,296.016,M4A4,100,100,0,0,0,False,False,True,90,19.6875
LDLC kiokiNg * CMSTORM,CounterTerrorist,1312,-111.9838,296.016,M4A4,100,100,0,0,0,False,False,True,90,19.6875
LDLC kiokiNg * CMSTORM,CounterTerrorist,1312,-111.9838,296.016,M4A4,100,100,0,0,0,False,False,True,90,19.6875
LDLC kiokiNg * CMSTORM,CounterTerrorist,1312,-111.9838,296.016,M4A4,100,100,0,0,0,False,False,True,90,19.6875
LDLC kiokiNg * CMSTORM,CounterTerrorist,1312,-111.9838,296.016,M4A4,100,100,0,0,0,False,False,True,90,19.33594
LDLC kiokiNg * CMSTORM,CounterTerrorist,1312,-111.9838,296.016,M4A4,100,100,0,0,0,False,False,True,89.64844,18.28125
LDLC kiokiNg * CMSTORM,CounterTerrorist,1312,-111.9838,296.016,M4A4,100,100,0,0,0,False,False,True,89.64844,17.57813
LDLC kiokiNg * CMSTORM,CounterTerrorist,1312,-111.9838,296.016,M4A4,100,100,0,0,0,False,False,True,89.64844,17.22656
LDLC kiokiNg * CMSTORM,CounterTerrorist,1312,-111.9838,296.016,M4A4,100,100,0,0,0,False,False,True,89.64844,17.22656
LDLC kiokiNg * CMSTORM,CounterTerrorist,1312,-111.9838,296.016,M4A4,100,100,0,0,0,False,False,True,89.64844,17.22656
LDLC kiokiNg * CMSTORM,CounterTerrorist,1312,-111.9838,296.016,M4A4,100,100,0,0,0,False,False,True,89.64844,17.22656
LDLC kiokiNg * CMSTORM,CounterTerrorist,1312,-111.9838,296.016,M4A4,100,100,0,0,0,False,False,True,89.64844,17.22656
LDLC kiokiNg * CMSTORM,CounterTerrorist,1312,-111.9838,296.016,M4A4,100,100,0,0,0,False,False,True,89.64844,18.98438
LDLC kiokiNg * CMSTORM,CounterTerrorist,1312,-111.9838,296.016,M4A4,100,100,0,0,0,False,False,True,89.64844,19.6875
LDLC kiokiNg * CMSTORM,CounterTerrorist,1312,-111.9838,296.016,M4A4,100,100,0,0,0,False,False,True,89.64844,19.6875
LDLC kiokiNg * CMSTORM,CounterTerrorist,1312,-111.9838,296.016,M4A4,100,100,0,0,0,False,False,True,89.64844,19.6875
LDLC kiokiNg * CMSTORM,CounterTerrorist,1312,-111.9838,296.016,M4A4,100,100,0,0,0,False,False,True,89.64844,19.6875
LDLC kiokiNg * CMSTORM,CounterTerrorist,1312,-111.9838,296.016,M4A4,100,100,0,0,0,False,False,True,89.64844,19.6875
LDLC kiokiNg * CMSTORM,CounterTerrorist,1312,-111.9838,296.016,M4A4,100,100,0,0,0,False,False,True,89.64844,19.6875
LDLC kiokiNg * CMSTORM,CounterTerrorist,1312,-111.9838,296.016,M4A4,100,100,0,0,0,False,False,True,89.64844,19.6875
LDLC kiokiNg * CMSTORM,CounterTerrorist,1312,-111.9838,296.016,M4A4,100,100,0,0,0,False,False,True,89.64844,19.6875
LDLC kiokiNg * CMSTORM,CounterTerrorist,1312,-111.9838,296.016,M4A4,100,100,0,0,0,False,False,True,89.64844,19.6875
LDLC kiokiNg * CMSTORM,CounterTerrorist,1312,-111.9838,296.016,M4A4,100,100,0,0,0,False,False,True,89.64844,19.33594
LDLC kiokiNg * CMSTORM,CounterTerrorist,1312,-111.9838,296.016,M4A4,100,100,0,0,0,False,False,True,89.64844,17.92969
LDLC kiokiNg * CMSTORM,CounterTerrorist,1312,-111.9838,296.016,M4A4,100,100,0,0,0,False,False,True,89.64844,16.875
LDLC kiokiNg * CMSTORM,CounterTerrorist,1312,-111.9838,296.016,M4A4,100,100,0,0,0,False,False,True,89.64844,16.875
LDLC kiokiNg * CMSTORM,CounterTerrorist,1312,-111.9838,296.016,M4A4,100,100,0,0,0,False,False,True,89.64844,18.28125
LDLC kiokiNg * CMSTORM,CounterTerrorist,1312,-111.9838,296.016,M4A4,100,100,0,0,0,False,False,True,90,20.03906
LDLC kiokiNg * CMSTORM,CounterTerrorist,1312,-111.9838,296.016,M4A4,100,100,0,0,0,False,False,True,90,21.09375
LDLC kiokiNg * CMSTORM,CounterTerrorist,1312,-111.9838,296.016,M4A4,100,100,0,0,0,False,False,True,90,21.44531
LDLC kiokiNg * CMSTORM,CounterTerrorist,1312,-111.9838,296.016,M4A4,100,100,0,0,0,False,False,True,90,21.44531
LDLC kiokiNg * CMSTORM,CounterTerrorist,1312,-111.9838,296.016,M4A4,100,100,0,0,0,False,False,True,90,21.44531
LDLC kiokiNg * CMSTORM,CounterTerrorist,1312,-111.9838,296.016,M4A4,100,100,0,0,0,False,False,True,90,21.44531
LDLC kiokiNg * CMSTORM,CounterTerrorist,1312,-111.9838,296.016,M4A4,100,100,0,0,0,False,False,True,100.8984,19.33594
LDLC kiokiNg * CMSTORM,CounterTerrorist,1312,-111.9838,296.016,M4A4,100,100,0,0,0,False,False,True,130.4297,18.63281
LDLC kiokiNg * CMSTORM,CounterTerrorist,1312,-111.9838,296.016,M4A4,100,100,0,0,0,False,False,True,163.4766,17.22656
LDLC kiokiNg * CMSTORM,CounterTerrorist,1312,-111.9838,296.016,M4A4,100,100,0,0,0,False,False,True,158.2031,17.57813
LDLC kiokiNg * CMSTORM,CounterTerrorist,1312,-111.9838,296.016,M4A4,100,100,0,0,0,False,False,True,116.7187,18.28125
LDLC kiokiNg * CMSTORM,CounterTerrorist,1312,-111.9838,296.016,M4A4,100,100,0,0,0,False,False,True,87.89063,17.22656
LDLC kiokiNg * CMSTORM,CounterTerrorist,1312,-111.9838,296.016,M4A4,100,100,0,0,0,False,False,True,81.91406,16.875
LDLC kiokiNg * CMSTORM,CounterTerrorist,1312,-111.9838,296.016,M4A4,100,100,0,0,0,False,False,True,83.67188,17.57813
LDLC kiokiNg * CMSTORM,CounterTerrorist,1312,-111.9838,296.016,M4A4,100,100,0,0,0,False,False,True,85.42969,17.92969
LDLC kiokiNg * CMSTORM,CounterTerrorist,1312,-111.9838,296.016,M4A4,100,100,0,0,0,False,False,True,87.1875,18.28125
LDLC kiokiNg * CMSTORM,CounterTerrorist,1312,-111.9838,296.016,M4A4,100,100,0,0,0,False,False,True,87.53906,18.28125
LDLC kiokiNg * CMSTORM,CounterTerrorist,1312,-111.9838,296.016,M4A4,100,100,0,0,0,False,False,True,88.24219,18.28125
LDLC kiokiNg * CMSTORM,CounterTerrorist,1312,-111.9838,296.016,M4A4,100,100,0,0,0,False,False,True,89.29688,18.63281
LDLC kiokiNg * CMSTORM,CounterTerrorist,1312,-111.9838,296.016,M4A4,100,100,0,0,0,False,False,True,89.29688,18.63281
LDLC kiokiNg * CMSTORM,CounterTerrorist,1312,-111.9838,296.016,M4A4,100,100,0,0,0,False,False,True,89.29688,18.63281
LDLC kiokiNg * CMSTORM,CounterTerrorist,1312,-111.9838,296.016,M4A4,100,100,0,0,0,False,False,True,89.29688,18.63281
LDLC kiokiNg * CMSTORM,CounterTerrorist,1312,-111.9838,296.016,M4A4,100,100,0,0,0,False,False,True,89.29688,18.63281
LDLC kiokiNg * CMSTORM,CounterTerrorist,1312,-111.9838,296.016,M4A4,100,100,0,0,0,False,False,True,89.29688,18.63281
LDLC kiokiNg * CMSTORM,CounterTerrorist,1312,-111.9838,296.016,M4A4,100,100,0,0,0,False,False,True,89.29688,18.98438
LDLC kiokiNg * CMSTORM,CounterTerrorist,1312,-111.9838,296.016,M4A4,100,100,0,0,0,False,False,True,89.29688,18.98438
LDLC kiokiNg * CMSTORM,CounterTerrorist,1312,-111.9838,296.016,M4A4,100,100,0,0,0,False,False,True,89.29688,18.98438
LDLC kiokiNg * CMSTORM,CounterTerrorist,1312,-111.9838,296.016,M4A4,100,100,0,0,0,False,False,True,89.64844,18.98438
LDLC kiokiNg * CMSTORM,CounterTerrorist,1312,-111.9838,296.016,M4A4,100,100,0,0,0,False,False,True,89.64844,18.98438
LDLC kiokiNg * CMSTORM,CounterTerrorist,1312,-111.9838,296.016,M4A4,100,100,0,0,0,False,False,True,89.64844,18.98438
LDLC kiokiNg * CMSTORM,CounterTerrorist,1312,-111.9838,296.016,M4A4,100,100,0,0,0,False,False,True,89.64844,19.33594
LDLC kiokiNg * CMSTORM,CounterTerrorist,1312,-111.9838,296.016,M4A4,100,100,0,0,0,False,False,True,89.64844,19.33594
LDLC kiokiNg * CMSTORM,CounterTerrorist,1312,-111.9838,296.016,M4A4,100,100,0,0,0,False,False,True,89.64844,19.33594
LDLC kiokiNg * CMSTORM,CounterTerrorist,1312,-111.9838,296.016,M4A4,100,100,0,0,0,False,False,True,89.64844,19.33594
LDLC kiokiNg * CMSTORM,CounterTerrorist,1312,-111.9838,296.016,M4A4,100,100,0,0,0,False,False,True,89.64844,19.33594
LDLC kiokiNg * CMSTORM,CounterTerrorist,1312,-111.9838,296.016,M4A4,100,100,0,0,0,False,False,True,89.64844,19.33594
LDLC kiokiNg * CMSTORM,CounterTerrorist,1312,-111.9838,296.016,M4A4,100,100,0,0,0,False,False,True,89.64844,18.98438
LDLC kiokiNg * CMSTORM,CounterTerrorist,1312,-111.9838,296.016,M4A4,100,100,0,0,0,False,False,True,89.64844,18.98438
LDLC kiokiNg * CMSTORM,CounterTerrorist,1312,-111.9838,296.016,M4A4,100,100,0,0,0,False,False,True,89.64844,18.98438
LDLC kiokiNg * CMSTORM,CounterTerrorist,1312,-111.9838,296.016,M4A4,100,100,0,0,0,False,False,True,89.64844,18.98438
LDLC kiokiNg * CMSTORM,CounterTerrorist,1312,-111.9838,296.016,M4A4,100,100,0,0,0,False,False,True,89.64844,18.98438
LDLC kiokiNg * CMSTORM,CounterTerrorist,1312,-111.9838,296.016,M4A4,100,100,0,0,0,False,False,True,89.64844,18.98438
LDLC kiokiNg * CMSTORM,CounterTerrorist,1312,-111.9838,296.016,M4A4,100,100,0,0,0,False,False,True,89.64844,18.98438
LDLC kiokiNg * CMSTORM,CounterTerrorist,1312,-111.9838,296.016,M4A4,100,100,0,0,0,False,False,True,89.64844,18.98438
LDLC kiokiNg * CMSTORM,CounterTerrorist,1312,-111.9838,296.016,M4A4,100,100,0,0,0,False,False,True,89.64844,18.98438
LDLC kiokiNg * CMSTORM,CounterTerrorist,1312,-111.9838,296.016,M4A4,100,100,0,0,0,False,False,True,89.64844,19.33594
LDLC kiokiNg * CMSTORM,CounterTerrorist,1312,-111.9838,296.016,M4A4,100,100,0,0,0,False,False,True,89.64844,19.33594
LDLC kiokiNg * CMSTORM,CounterTerrorist,1312,-111.9838,296.016,M4A4,100,100,0,0,0,False,False,True,89.64844,19.33594
LDLC kiokiNg * CMSTORM,CounterTerrorist,1312,-111.9838,296.016,M4A4,100,100,0,0,0,False,False,True,89.64844,19.33594
LDLC kiokiNg * CMSTORM,CounterTerrorist,1312,-111.9838,296.016,M4A4,100,100,0,0,0,False,False,True,89.64844,19.33594
LDLC kiokiNg * CMSTORM,CounterTerrorist,1312,-111.9838,296.016,M4A4,100,100,0,0,0,False,False,True,90,19.33594
LDLC kiokiNg * CMSTORM,CounterTerrorist,1312,-111.9838,296.016,M4A4,100,100,0,0,0,False,False,True,90,19.33594
LDLC kiokiNg * CMSTORM,CounterTerrorist,1312,-111.9838,296.016,M4A4,100,100,0,0,0,False,False,True,90,19.33594
LDLC kiokiNg * CMSTORM,CounterTerrorist,1312,-111.9964,296.016,M4A4,100,100,0,0,0,False,False,True,90,19.33594
LDLC kiokiNg * CMSTORM,CounterTerrorist,1312,-111.9964,296.016,M4A4,100,100,0,0,0,False,False,True,90,19.33594
LDLC kiokiNg * CMSTORM,CounterTerrorist,1312,-111.9964,296.016,M4A4,100,100,0,0,0,False,False,True,90,19.33594
LDLC kiokiNg * CMSTORM,CounterTerrorist,1312,-111.9964,296.016,M4A4,100,100,0,0,0,False,False,True,90,19.33594
LDLC kiokiNg * CMSTORM,CounterTerrorist,1312,-111.9965,296.016,M4A4,100,100,0,-0.009637312,0,False,False,True,90,19.33594
LDLC kiokiNg * CMSTORM,CounterTerrorist,1312,-111.9975,296.016,M4A4,100,100,0,0,0,False,False,True,90,19.33594
LDLC kiokiNg * CMSTORM,CounterTerrorist,1312,-111.9975,296.016,M4A4,100,100,0,0,0,False,False,True,90,18.98438
LDLC kiokiNg * CMSTORM,CounterTerrorist,1312,-111.9975,296.016,M4A4,100,100,0,0,0,False,False,True,90,18.98438
LDLC kiokiNg * CMSTORM,CounterTerrorist,1312,-111.9975,296.016,M4A4,100,100,0,0,0,False,False,True,90,18.98438
LDLC kiokiNg * CMSTORM,CounterTerrorist,1312,-111.9975,296.016,M4A4,100,100,0,0,0,False,False,True,90,18.98438
LDLC kiokiNg * CMSTORM,CounterTerrorist,1312,-111.9975,296.016,M4A4,100,100,0,0,0,False,False,True,90,18.98438
LDLC kiokiNg * CMSTORM,CounterTerrorist,1312,-111.9975,296.016,M4A4,100,100,0,0,0,False,False,True,90,18.98438
LDLC kiokiNg * CMSTORM,CounterTerrorist,1312,-111.9975,296.016,M4A4,100,100,0,0,0,False,False,True,90,18.98438
LDLC kiokiNg * CMSTORM,CounterTerrorist,1312,-111.9975,296.016,M4A4,100,100,0,0,0,False,False,True,90,18.98438
LDLC kiokiNg * CMSTORM,CounterTerrorist,1312,-111.9975,296.016,M4A4,100,100,0,0,0,False,False,True,90,18.98438
LDLC kiokiNg * CMSTORM,CounterTerrorist,1312,-111.9975,296.016,M4A4,100,100,0,0,0,False,False,True,99.84375,17.92969
LDLC kiokiNg * CMSTORM,CounterTerrorist,1312,-111.9975,296.016,M4A4,100,100,0,0,0,False,False,True,152.2266,16.52344
LDLC kiokiNg * CMSTORM,CounterTerrorist,1312,-111.9975,296.016,M4A4,100,100,0,0,0,False,False,True,213.0469,14.76563
LDLC kiokiNg * CMSTORM,CounterTerrorist,1312,-111.9975,296.016,M4A4,100,100,0,0,0,False,False,True,240.8203,13.71094
LDLC kiokiNg * CMSTORM,CounterTerrorist,1312,-111.9975,296.016,M4A4,100,100,0,0,0,False,False,True,247.8516,13.35938
LDLC kiokiNg * CMSTORM,CounterTerrorist,1312,-111.9975,296.016,M4A4,100,100,0,0,0,False,False,True,247.5,13.35938
LDLC kiokiNg * CMSTORM,CounterTerrorist,1312,-111.9975,296.016,M4A4,100,100,0,0,0,False,False,True,247.8516,13.35938
LDLC kiokiNg * CMSTORM,CounterTerrorist,1312,-111.9975,296.016,M4A4,100,100,0,0,0,False,False,True,247.8516,13.35938
LDLC kiokiNg * CMSTORM,CounterTerrorist,1312,-111.9975,296.016,M4A4,100,100,0,0,0,False,False,True,247.8516,13.35938
LDLC kiokiNg * CMSTORM,CounterTerrorist,1312,-111.9975,296.016,M4A4,100,100,0,0,0,False,False,True,247.8516,13.35938
LDLC kiokiNg * CMSTORM,CounterTerrorist,1312,-111.9975,296.016,M4A4,100,100,0,0,0,False,False,True,247.8516,13.35938
LDLC kiokiNg * CMSTORM,CounterTerrorist,1312,-111.9975,296.016,M4A4,100,100,0,0,0,False,False,True,247.8516,13.35938
LDLC kiokiNg * CMSTORM,CounterTerrorist,1312,-111.9975,296.016,M4A4,100,100,0,0,0,False,False,True,247.8516,13.35938
LDLC kiokiNg * CMSTORM,CounterTerrorist,1312,-111.9975,296.016,M4A4,100,100,0,0,0,False,False,True,240.8203,13.00781
LDLC kiokiNg * CMSTORM,CounterTerrorist,1312,-111.9975,296.016,M4A4,100,100,0,0,0,False,False,True,220.0781,14.0625
LDLC kiokiNg * CMSTORM,CounterTerrorist,1312,-111.9975,296.016,M4A4,100,100,0,0,0,False,False,True,161.3672,18.28125
LDLC kiokiNg * CMSTORM,CounterTerrorist,1312,-111.9975,296.016,M4A4,100,100,0,0,0,False,False,True,104.4141,19.33594
LDLC kiokiNg * CMSTORM,CounterTerrorist,1312,-111.9975,296.016,M4A4,100,100,0,0,0,False,False,True,78.04688,17.22656
LDLC kiokiNg * CMSTORM,CounterTerrorist,1312,-111.9975,296.016,M4A4,100,100,0,0,0,False,False,True,79.10156,16.875
LDLC kiokiNg * CMSTORM,CounterTerrorist,1312,-111.9975,296.016,M4A4,100,100,0,0,0,False,False,True,83.67188,16.17188
LDLC kiokiNg * CMSTORM,CounterTerrorist,1312,-111.9975,296.016,M4A4,100,100,0,0,0,False,False,True,84.72656,16.17188
LDLC kiokiNg * CMSTORM,CounterTerrorist,1312,-111.9975,296.016,M4A4,100,100,0,0,0,False,False,True,88.94531,17.22656
LDLC kiokiNg * CMSTORM,CounterTerrorist,1312,-111.9975,296.016,M4A4,100,100,0,0,0,False,False,True,89.64844,17.57813
LDLC kiokiNg * CMSTORM,CounterTerrorist,1312,-111.9975,296.016,M4A4,100,100,0,0,0,False,False,True,90,17.57813
LDLC kiokiNg * CMSTORM,CounterTerrorist,1312,-111.9975,296.016,M4A4,100,100,0,0,0,False,False,True,89.64844,17.57813
LDLC kiokiNg * CMSTORM,CounterTerrorist,1312,-111.9975,296.016,M4A4,100,100,0,0,0,False,False,True,89.64844,17.57813
LDLC kiokiNg * CMSTORM,CounterTerrorist,1312,-111.9975,296.016,M4A4,100,100,0,0,0,False,False,True,89.64844,17.57813
LDLC kiokiNg * CMSTORM,CounterTerrorist,1312,-111.9975,296.016,M4A4,100,100,0,0,0,False,False,True,89.64844,17.57813
LDLC kiokiNg * CMSTORM,CounterTerrorist,1312,-111.9975,296.016,M4A4,100,100,0,0,0,False,False,True,89.64844,17.57813
LDLC kiokiNg * CMSTORM,CounterTerrorist,1312,-111.9975,296.016,M4A4,100,100,0,0,0,False,False,True,89.64844,17.57813
LDLC kiokiNg * CMSTORM,CounterTerrorist,1312,-111.9975,296.016,M4A4,100,100,0,0,0,False,False,True,89.29688,17.92969
LDLC kiokiNg * CMSTORM,CounterTerrorist,1312,-111.9975,296.016,M4A4,100,100,0,0,0,False,False,True,89.29688,17.92969
LDLC kiokiNg * CMSTORM,CounterTerrorist,1312,-111.9975,296.016,M4A4,100,100,0,0,0,False,False,True,89.29688,17.92969
LDLC kiokiNg * CMSTORM,CounterTerrorist,1312,-111.9975,296.016,M4A4,100,100,0,0,0,False,False,True,89.29688,17.92969
LDLC kiokiNg * CMSTORM,CounterTerrorist,1312,-111.9975,296.016,M4A4,100,100,0,0,0,False,False,True,89.29688,17.92969
LDLC kiokiNg * CMSTORM,CounterTerrorist,1312,-111.9975,296.016,M4A4,100,100,0,0,0,False,False,True,89.29688,17.92969
LDLC kiokiNg * CMSTORM,CounterTerrorist,1312,-111.9975,296.016,M4A4,100,100,0,0,0,False,False,True,89.29688,17.92969
LDLC kiokiNg * CMSTORM,CounterTerrorist,1312.029,-111.998,296.016,M4A4,100,100,3.651821,-0.06178486,0,True,False,True,88.94531,17.92969
LDLC kiokiNg * CMSTORM,CounterTerrorist,1312.316,-111.9998,296.0313,M4A4,100,100,6.441995,0,0,True,False,True,86.48438,16.52344
LDLC kiokiNg * CMSTORM,CounterTerrorist,1312.83,-111.9998,296.0313,M4A4,100,100,9.602119,0,0,True,False,True,86.13281,16.52344
LDLC kiokiNg * CMSTORM,CounterTerrorist,1313.539,-111.9998,296.0313,M4A4,100,100,12.68452,0,0,True,False,True,82.96875,18.28125
LDLC kiokiNg * CMSTORM,CounterTerrorist,1314.563,-111.9998,296.0313,M4A4,100,100,16.04603,0,0,True,False,True,82.26563,18.98438
LDLC kiokiNg * CMSTORM,CounterTerrorist,1315.668,-111.9998,296.0313,M4A4,100,100,18.96218,0,0,False,False,True,81.5625,19.6875
LDLC kiokiNg * CMSTORM,CounterTerrorist,1316.954,-111.9998,296.0313,M4A4,100,100,21.82502,0,0,False,False,True,80.85938,19.6875
LDLC kiokiNg * CMSTORM,CounterTerrorist,1318.417,-111.9998,296.0313,M4A4,66,95,24.57906,0,0,False,False,True,78.75,20.74219
LDLC kiokiNg * CMSTORM,CounterTerrorist,1319.83,-111.9998,296.0313,M4A4,66,95,26.82886,0,0,False,False,True,78.04688,21.79688
LDLC kiokiNg * CMSTORM,CounterTerrorist,1321.427,-111.9998,296.0313,M4A4,39,91,22.11985,0,0,False,False,True,77.69531,22.14844
LDLC kiokiNg * CMSTORM,CounterTerrorist,1322.898,-111.9998,296.0313,M4A4,39,91,24.64078,0,0,False,False,True,77.69531,23.20313
